t,iq,iq_ref,id,vq,vd,ia,ib,va,vb,theta_e,omega,r,"T_ass:0.50,S_pct:0.00,kp:0.1776,ki:0.1157"
0,0.0115626715702436,0,-0.0101273900644112,0.154958527719174,0.719283447201759,0,0,0,0,0,0,0,0
0.01,-0.621697918190212,0.0964101180434227,-0.247709936455026,1.17871948597337,2.72704404928886,0.548319151980839,0.369003887044344,-2.1480237972624,1.15162239135616,2.23050932445931,-5.69935178444323,0,0
0.02,0.0183994055983096,0.109495118260384,0.07266990129033,1.88123766145132,0.257186906372489,0.0420107019060494,0.0285115289213664,-1.38665467191629,-0.91886150493203,2.18802684071181,-5.8497353262077,0,0
0.03,-2.07830835563919,0.436111062765121,-0.126931306473161,-1.76183917952581,0.905438910329003,1.87005259514076,1.00819203591481,1.36436039504548,1.71777093826585,2.07320781051052,-25.1338736925723,0,0
0.04,1.04352273899307,0.300605982542038,-0.0175395575088999,2.77692856720244,0.00469730762756634,-1.03702294780378,-0.388369852247041,-2.50255131162429,-0.764007248832519,1.92632629867799,-14.8874519462959,0,0
0.05,-0.165287890531924,0.337216585874557,-0.118221287231452,-2.05612821222039,1.33795670409667,0.302356799364357,0.0484792306824915,2.28099215428386,1.73846280463133,1.80553032791828,-18.0399782755351,0,0
0.06,0.524173171329147,0.282993078231812,0.0141912618585234,0.154145957436237,-1.36290374277636,-0.395937347352823,-0.0156220238383992,-0.216509886833729,-1.55380424065107,1.68686619890677,-14.3740161409727,0,0
0.07,2.05669424205593,-0.0510742291808128,0.171081728203534,1.73555881970876,0.486654981889156,-2.09021613386645,-0.182441994252082,-1.4643425079073,0.246026966587935,1.65436481687858,5.09789786544943,0,0
0.08,2.22973792801389,-0.437497019767761,0.142953445313938,2.09990493797718,-1.45234198119294,-2.18131801169056,-0.405615188368625,-2.01747032914907,-2.15050188161442,1.77005445372121,25.9117106444613,0,0
0.09,-1.66041229948258,-0.218162477016449,-0.112995863014527,-0.908328786194277,1.77223956545945,1.62570256522321,0.521082450071473,0.42216940946332,2.21108846628824,1.90383314377878,10.5940330721181,0,0
0.1,1.1819198343548,-0.35283175110817,0.239578503071674,0.335828490702603,-1.7776947391049,-0.987520057387661,-0.418507700118353,0.777410446615716,-2.28963987573242,2.0164083262396,20.1004137748529,0,0
0.11,-0.852888343566693,-0.234813898801804,0.0388451669633522,0.24664175741872,-0.531869887082422,0.768726666549823,0.509078488764433,-0.0465915410120032,-1.23559370360181,2.13362891599425,11.9740949214488,0,0
0.12,-0.627311982209215,-0.12383759021759,-0.167101997334577,0.147625570582943,2.34603668069773,0.543850735929568,0.343317122206718,-1.36102893172359,1.62270429197572,2.19959206935195,6.17849063211357,0,0
0.13,0.0952620070638146,-0.117584995925426,0.0409122792568265,-3.96413622086395,-0.835417533649428,-0.0838131437143985,-0.0555154449093652,3.15941895862159,1.95030310073472,2.2454495877927,6.36229802467075,0,0
0.14,-1.13271935639796,0.0476242899894714,0.115752666189696,2.01980744541495,0.105143579905099,0.00509462376850462,-1.13772941958461,-0.0726158547647437,2.3680314815045,0.00334015254284057,-3.47498496007649,0,0
0.15,2.07531343713939,-0.238583117723465,-0.157724601090059,-0.0579378783035411,1.21148660069488,-0.0943098021791869,2.03592780459626,0.192413430119172,-0.175673177458264,0.0444939939747355,14.509748306923,0,0
0.16,-1.39765758068937,-0.0700382515788078,-0.126627903061125,-1.21776483593356,-1.92288190106162,0.179544498091404,-1.33533506520172,-1.65869703541465,-1.44352614336493,0.106913775706144,2.5192696897667,0,0
0.17,0.238409757749002,-0.0814728960394859,0.107304106507669,-1.67059654623601,-0.0909873726304589,-0.0245362416643268,0.260500010038772,-0.249249653015588,-1.94632289397892,0.13240287393279,4.45210817150759,0,0
0.18,-1.41979514306375,0.114752754569054,0.139643239360938,-1.02421200796654,2.27910730297795,0.112165314230944,-1.29430672252508,2.35679155449488,-0.915499177031866,0.120735614010093,-7.38756951517268,0,0
0.19,-2.2451634546074,0.493621647357941,0.228996358414363,-3.67474294242145,-1.44229184438232,1.76334279173677,1.43766257479455,4.18825989804227,1.03166652455112,2.2390936927647,-28.5233101931011,0,0
0.2,0.491672389662291,0.438621699810028,-0.081198302706044,1.54401133017794,0.183047920027121,-0.551191482775489,-0.299627414015416,-1.25784698625477,-0.00375181078166542,2.05031106986982,-22.8719297745603,0,0
0.21,2.28463942275022,0.0700436234474182,-0.067216646938145,3.55476084433607,-1.86911416071066,-2.14515202873977,-0.866176092481766,-2.81803862691581,-2.17437608562793,1.96261890050088,-1.50673565183756,0,0
0.22,-2.37962396895692,0.39085254073143,0.0279886001211521,-0.802297313795561,-1.82398180677172,2.26408641760911,0.744141207299927,1.67442696048432,-1.30665044555548,1.87368061516215,-22.7315180789723,0,0
0.23,1.36342470389707,0.214436441659927,0.0407428130826009,3.30015070422807,0.886414775140688,-1.36461914108729,-0.276969706767606,-3.42054585245634,0.567880586215569,1.75407057464506,-9.85540390039599,0,0
0.24,0.0583124513689605,0.177950099110603,0.001016097419263,0.060900362047328,-0.542305394706085,-0.0949874644561206,-0.00268234728948657,0.281269409644395,-0.379879536119098,1.68516904745894,-8.98849176337809,0,0
0.25,1.47912735497891,-0.0522976517677307,0.108061951638909,-0.785332975621557,2.06035117593946,-1.48558870270415,-0.172265560613613,0.36101944652668,1.2375137187402,1.67026161547497,4.62058586037371,0,0
0.26,1.65892809160126,-0.332499593496323,0.0281989036232556,2.26162400640062,-1.91897533501749,-1.58020679083447,-0.268081057220358,-1.88000672064394,-2.16881664125605,1.76097583134627,19.7325987984208,0,0
0.27,1.54477992687136,-0.611832439899445,-0.00947091197115679,2.01754520463231,1.31785579712186,-1.46868619475556,-0.632681909504108,-2.02820790066246,0.561431658554152,1.96143852331483,34.5575900846321,0,0
0.28,0.00903072639845168,-0.643779039382935,-0.191828735971978,-1.76909401389569,1.92430097970583,-0.022322314206221,-0.0478252767498254,0.42642315488932,1.87382174546878,2.21536663887494,34.683045765539,0,0
0.29,-1.9146329028307,-0.356474369764328,0.0582251603983187,1.15422701688672,0.206149263624993,0.288780661212107,-1.9317460423696,0.318421078875084,1.09798627736343,0.153347610417877,17.4381394935111,0,0
0.3,-0.864855682610601,-0.214111685752869,-0.135662367435898,0.480755409484341,3.43640704647358,0.127779880116829,-0.743277217752948,2.99141001976673,1.26429984326068,0.255518095336569,10.6622228276199,0,0
0.31,-0.495383719610834,-0.135142803192139,0.00974381834924802,0.317613163493455,-1.61650968970808,0.176651283032851,-0.416175240049405,-1.79004256502051,-0.567541884205848,0.318352373120521,6.61862364737892,0,0
0.32,1.63556271814303,-0.37224343419075,0.0295373770176911,1.76898730669533,2.60584969908147,-0.680065229104975,1.40551974908471,1.33116512027906,2.790726417524,0.420531379836634,20.9979195933829,0,0
0.33,1.53423680048576,-0.659758687019348,0.0252906693168602,3.90539335672821,-1.48200953702489,-0.925351739469905,1.3242013265637,-3.67062576164694,1.97135901524706,0.632178250273524,36.380978006665,0,0
0.34,-0.776692688488119,-0.557129204273224,0.0973652970655676,-0.119960897689589,-2.7372472262228,0.674161510001481,-0.517369557182699,-1.00049861491531,-1.74478096098522,0.869714205690932,28.4439242414106,0,0
0.35,-2.82896481454412,-0.0787493661046028,0.0756780438425918,-6.04321715809008,0.933886967496755,2.29469174195633,-1.60400886942994,5.82692616587827,-1.58918729448001,0.974700753087139,0.766878256212504,0,0
0.36,0.243695441707825,-0.0640081241726875,-0.0248786066657734,-2.85536796851519,-1.92879641477926,-0.225898614234651,0.191989321954261,1.40635038974384,-3.06882050865359,0.986969582623091,2.77410134140608,0,0
0.37,-0.594207480440429,0.043840155005455,0.15406107764394,-2.23488810857717,-1.13430499875989,0.548823323564537,-0.354369466230919,1.26356753001528,-1.43327839914783,0.982446941604516,-3.84210342686273,0,0
0.38,-0.58014921049923,0.150290831923485,0.112783080620989,-1.37403069227793,-0.129421502262126,0.44205351178684,-0.317217871185055,1.0269659278824,-1.27337715951319,0.933236492234533,-9.42886116509653,0,0
0.39,1.10811722933522,-0.0166942644864321,0.225386101061131,1.57241798974478,-1.0831033211888,-0.828219321924172,0.682391196488836,-2.19306787906085,0.242257303561683,0.903365987905693,1.08094194214951,0,0
0.4,-1.43258333840355,0.196741029620171,-0.178371225844469,-3.28842330635233,1.65754679700082,1.03863186666241,-0.924486865086238,3.37864487256957,-1.36010691834496,0.860324259494856,-12.6310009282382,0,0
0.41,2.16024498702966,-0.125040709972382,0.089116952097917,1.50426929000997,0.0732235797069813,-1.62796554563404,1.4404291604502,-1.26976293608821,1.52582364499316,0.843726102630833,7.91628084689551,0,0
0.42,1.59463880412135,-0.429426103830338,0.0762600824151247,2.05164529877668,-1.95477789852857,-1.3058639193029,0.953738268041231,-2.61799131939151,-0.264538918754671,0.961216077223203,23.7350869873328,0,0
0.43,-0.948329658594129,-0.300665736198425,0.0854501196456859,-3.11089562117693,-0.006558010109385,0.825146564312955,-0.423383973764254,2.85291046592851,-1.2533129278381,1.10051948404161,14.3004754141481,0,0
0.44,-2.9216653197333,0.174639105796814,-0.0562836390848348,0.615011693544562,0.567776094848355,2.49090233324368,-1.27839139614259,0.224838952543703,0.932177611739623,1.10328149723845,-12.9109091646472,0,0
0.45,1.43957801887949,0.00393199548125267,-0.0441245155965275,1.83194028592275,-0.113283386917842,-1.18320503109157,0.664665131751095,-1.02206791525875,0.817550700254511,1.0559037990239,0.101110634330908,0,0
0.46,0.386719204259773,-0.0896900147199631,-0.159512015869449,-0.0624676895593611,1.58834808531051,-0.387188971731993,0.176098140331628,0.900017072072494,1.24183436631512,1.07242495787461,4.24282740928254,0,0
0.47,2.36537836390041,-0.506842970848083,0.0513382480581946,1.62653332914019,-2.03337808274708,-2.27115047046924,0.933907789723602,-2.31814941403861,-0.866414543457898,1.19419007204692,28.4874690012876,0,0
0.48,-1.67141079148581,-0.256612539291382,0.0141595725098354,-4.39807150114518,3.73813230174508,1.64716730952535,-0.439320185775175,4.9186997630052,1.34710466867341,1.33878899577074,10.9315303720791,0,0
0.49,1.74352578371623,-0.516124904155731,0.11315085398476,1.03661123094469,1.21730000583498,-1.68052150681332,0.125943871890126,-1.38144745874265,1.30572363442741,1.48205215747259,28.0904326389661,0,0
0.5,-0.434782315383724,-0.472807675600052,0.0332274023219271,-0.0808963708697008,-0.551182576815598,0.444969132450599,0.0589863912821699,0.127294776711074,-0.695504612750666,1.67125586673273,23.5206831702016,0,0
0.51,5.40534647184386,4.59999990463257,-0.0805994214288812,5.86089312861908,0.68036400353984,-4.89927340916835,-2.26151088827644,-6.0129439077947,-1.523597359509,1.9991944320342,70.63517370369,352.80787100274,0
0.52,4.04966611086599,4.59377145767212,0.0456209803126484,6.72423733469213,0.110921134838519,-1.87345918108593,-3.57047663833968,-3.61948235756616,-5.81905946877529,2.65605451525176,107.981951277216,352.80787100274,0
0.53,2.17639454177906,4.20556974411011,-0.0915319644312506,5.69756102117784,-2.05542626487995,0.793421824750862,-2.0614334222735,3.77021191108439,-4.30649363419968,-2.75706090021345,128.717530311605,352.80787100274,0
0.54,2.11242872099287,3.85185217857361,-0.000343413919154809,0.799752972813674,-1.64665506953671,2.19140079675383,-0.39409952220873,0.820837180443986,1.10083178963646,-1.73760488751686,149.21433990474,352.80787100274,0
0.55,4.8165670160352,2.98240995407104,-0.0158720358203155,8.67809328537142,-3.615847782499,2.20572476789636,4.35629362617381,0.52355750529304,9.65799276604605,-0.453161196431682,199.622151561047,352.80787100274,0
0.56,3.49980592643969,2.37300705909729,0.0948747775688066,6.72825469789282,-1.66341518837395,-3.10747799227945,1.49969098113435,-6.79350634998972,1.16839680512471,1.13198079302409,231.897242562033,352.80787100274,0
0.57,2.7775472527002,1.86138010025024,0.00351607650280238,4.62538495314982,1.93176743888791,-0.515943029037758,-2.69781983501791,-3.2524868136389,-4.03192914676664,2.9356543499045,259.529584048038,352.80787100274,0
0.58,0.103262845443942,1.79765594005585,-0.0896353462810234,2.39472074398376,-0.0896207061167298,0.186604621586568,0.0237869734891852,2.06168017546299,0.323957733973695,-1.43808432246132,261.253771096376,352.80787100274,0
0.59,2.84256828929373,1.33311176300049,0.0207800474372266,8.8330170338458,1.31403511384203,-1.54384007041746,2.27610351056091,-3.09318797062129,8.03806804922127,0.582860014556771,289.012702805362,352.80787100274,0
0.6,1.36245592124345,1.07435619831085,0.0688873843544218,5.45804755078587,-4.36699535716176,-0.584464699154151,-1.19590152774711,1.7608285523005,-6.68512200744796,2.74992605612517,302.194392831974,352.80787100274,0
0.61,1.181426561814,0.868228137493133,0.0983841794470338,6.44581459001477,-0.139837926936463,1.08696377854625,0.319377624091674,5.95648070566498,2.34297932142512,-1.27565437640745,313.298252696467,352.80787100274,0
0.62,-0.570970783307267,0.953427672386169,-0.0494844934433421,3.20764994427287,0.99051103805018,0.482183744039836,-0.346102135917327,-1.73514477337693,2.88959765401631,0.998835546236864,307.472899263388,352.80787100274,0
0.63,-0.555792742238654,1.07188105583191,-0.0192735023725352,1.52660842904915,1.33112059629091,-0.0339596638938492,0.604830029937937,-0.816613750792572,-1.75962335881258,-3.05295010205134,301.290461027125,352.80787100274,0
0.64,-1.27462067809671,1.28610992431641,-0.0206883162135652,2.4330589918296,1.28316426039845,-0.980652962079113,-0.759353783561236,2.74246932190368,0.376946458910942,-0.888568078442171,289.672118215931,352.80787100274,0
0.65,-1.41572171762611,1.55405342578888,-0.0498104873239011,1.7139022107532,-0.338187268392999,1.29516642310719,-0.516058120234078,-1.64773858948196,-0.136535652829545,1.18116941697178,275.569213723643,352.80787100274,0
0.66,1.87678314822206,1.29016971588135,0.113149799544855,4.73371809639872,1.21004144232186,0.240882508486143,-1.87378073510266,0.141113151648868,-4.73295983588187,-3.01815173582822,293.300800390557,352.80787100274,0
0.67,3.55103017166525,0.689682304859161,0.297697001138805,8.33363321775689,-3.53480575531812,2.40402889758385,2.5285808015871,2.58951927197715,8.4497628630049,-0.738234049688911,327.070979992451,352.80787100274,0
0.68,-1.83425655706118,0.943822264671326,-0.0380996177026435,2.22910581653502,1.87586030647112,1.88700760903448,0.00810986765377876,-2.03066260201269,1.63444311961566,1.59322189210859,308.930104961001,352.80787100274,0
0.69,2.82843374074782,0.524717688560486,0.00192024437870582,6.40723899090598,0.0756056718571372,2.07846359282895,-1.97098922161573,4.77206035353616,-4.24470393623073,-2.3280751175462,336.138156920271,352.80787100274,0
0.7,1.218334234263,0.275660216808319,-0.085498428379956,2.88487424793404,0.510799295710112,-0.243076981941464,1.25004877634601,0.291509873994466,2.52631273816865,0.180850882762789,347.891394163381,352.80787100274,0
0.71,-0.184261662867367,0.288843601942062,0.00244635932901985,5.21080982537448,-1.41335454525027,0.085297973430992,0.213347547932475,-1.54787729913328,-4.55579570477216,2.72372716965067,345.940197789187,352.80787100274,0
0.72,-0.931443559843693,0.428575426340103,-0.0143836169966051,5.36801679300042,-0.160346129220854,-0.737255854105038,-0.426890958619482,4.56686864461161,2.98199650534739,-1.05324784245013,337.967369477272,352.80787100274,0
0.73,2.40062890279186,0.0565158277750015,0.127414057903236,7.30006942486736,1.61386947251798,-2.39198263844622,0.111119703665737,-7.19188233536002,2.50804979287924,1.50751833366918,361.063713292315,352.80787100274,0
0.74,0.943759068709264,-0.157442510128021,0.0567311352357218,6.23118772129457,-1.02722256578691,0.87798958676211,-0.529020423375025,5.81526446142313,-2.04037691306345,-2.09078835452153,371.126096474667,352.80787100274,0
0.75,-2.36298249842624,0.201229393482208,0.0822349777381764,0.251199435113096,1.42502048110044,1.17668866298589,-1.99293508884914,0.882836791112893,0.939320259647805,0.544357275340977,348.765301405085,352.80787100274,0
0.76,-0.718098274637154,0.354996800422668,-0.0088448460873721,1.04446080092587,-0.601435239710373,0.0296603529774876,0.631761682875689,0.54684511715829,-1.37926829437593,3.07497378647839,342.013280148576,352.80787100274,0
0.77,0.347231776213865,0.305523574352264,-0.00833726630566379,6.15604826170417,-2.04334849534322,0.232072735848468,0.252841547451177,2.86524320491308,4.97900344213705,-0.687740209918648,345.649681920871,352.80787100274,0
0.78,1.32128474216192,0.0897664576768875,0.0508042027925304,6.02239152154975,-1.45347355282816,-1.24813089213253,-0.401309634144033,-5.11531766997107,-2.4075637499897,1.892433305029,358.18835928661,352.80787100274,0
0.79,-0.152368218840348,0.0910927951335907,-0.060270506168233,5.43744168828155,0.995870435293436,-0.181412766059307,0.0658087916420848,4.24835170308357,-2.31697463395357,-1.77077544063296,356.649449851084,352.80787100274,0
0.8,-0.419511389801154,0.164966449141502,-0.0635095149297492,3.64685932703258,1.73384406923026,0.293172107014551,-0.318432751303291,-1.31792523088168,3.65165634200211,0.827526592156487,352.471992383652,352.80787100274,0
0.81,-1.64547340521815,0.459012627601624,-0.0429228205746094,1.16072586404281,-1.20965118157684,-0.360465920168136,1.66591499114345,0.833533344473039,-1.30567233886738,-2.9345082457854,335.530889749747,352.80787100274,0
0.82,2.35830449277786,0.120606377720833,0.234211856685911,6.6275749197487,-2.55675591098915,0.944025806412859,2.12915855613566,0.206504398263862,7.04774267928598,-0.395443243612559,357.626388878314,352.80787100274,0
0.83,-0.913090912845618,0.235285460948944,-0.0533582343319745,2.33610864966526,0.4367829330539,0.818749724253269,0.570603480092285,-1.59370612037578,-0.414417910512245,2.19145240151341,348.205505468904,352.80787100274,0
0.84,1.31238555115632,0.0252630561590195,-0.0702552592510111,6.4003516091319,-0.791544977005829,1.36265017621672,0.101767386163004,6.20707889372005,1.05138798666666,-1.48808061870091,361.618305333892,352.80787100274,0
0.85,-2.20409565039105,0.378737568855286,-0.00317148555682029,-0.721059110779693,-1.71779988332991,1.99410769372001,-1.00971313673175,-0.746665472139221,-2.356494928391,1.08072435784476,339.448061998496,352.80787100274,0
0.86,1.45196975570613,0.192841768264771,0.168067317850011,6.00785467505697,-1.99311395941556,0.604968088351586,-1.25739849165413,4.4536932498896,-4.60199565421918,-2.66643239365453,352.841618902674,352.80787100274,0
0.87,-1.00299012856276,0.315243482589722,-0.0140999005254711,3.96408627865869,0.625840361912469,-0.119822750421063,-0.968185742534126,0.96841950485195,4.03607856756396,-0.112523875754625,344.036050015726,352.80787100274,0
0.88,2.15034638204373,-0.0356406569480896,-0.045525961062392,8.16159506734025,-2.02599396875184,-1.37553299775795,-1.74008754351111,-3.3119135606069,-7.86438009075032,2.492122730101,365.75425025415,352.80787100274,0
0.89,-1.0470396363094,0.103207990527153,-0.0785005292300555,4.84772653234849,2.78172727171001,-1.04639941510509,-0.404688526354919,5.56056238126183,-0.760730856176977,-1.14839195149879,355.325026381952,352.80787100274,0
0.9,1.09103435674782,-0.071056142449379,0.002080068344314,5.62988205365862,-2.00285302416498,-1.14348086851611,0.127331346504159,-6.23522744917637,-1.69248931361859,1.49732303693805,366.638873393519,352.80787100274,0
0.91,-0.941623424057768,0.0487383231520653,0.00313146559717669,5.04953937323533,0.896436128600833,-0.765783600969592,0.506273231531266,3.41431241098185,-3.51262203195103,-2.12887955961064,358.189062114843,352.80787100274,0
0.92,1.86581019284397,-0.223317295312881,0.0711894541641335,5.63098468847775,0.402626232413841,-0.978786547858469,1.52489838818736,-2.24854869017356,5.34768422958628,0.560698701876287,375.270457061545,352.80787100274,0
0.93,1.95052060171965,-0.600796818733215,0.161153264762437,8.53161525143729,-1.82747968264428,0.45799705967632,-1.96106165752281,3.9803077495757,-8.19676745943979,-2.89344569863051,395.508910969455,352.80787100274,0
0.94,-1.13755552084119,-0.438558161258698,0.184104040980914,0.527970162587756,-0.65687653466868,-0.0398028509970252,-1.17366065309795,-0.294128525201596,-0.062894171942628,-0.0384928906535295,383.720945980593,352.80787100274,0
0.95,-2.76286141837012,0.0371369868516922,-0.0605702320780541,-1.97007786087621,2.16187293771066,1.24354057262279,2.37146853066295,-0.630160294822691,2.98938793172,2.67328206096303,356.639634155865,352.80787100274,0
0.96,-0.168580354644431,0.112296164035797,-0.264925196567472,5.62188852426955,2.96367639198806,-0.198451721739257,-0.0708048452452459,5.91440048796829,0.99756590418896,-1.00281638899253,354.785250577963,352.80787100274,0
0.97,0.82220189241904,0.00727471709251404,0.0372534963935747,4.19716684193132,-2.04678537960536,-0.680139642366594,0.00796179205544276,-4.49667855363172,-2.35177180592247,1.62190426280575,361.245059771214,352.80787100274,0
0.98,-0.291227251625928,0.0364888608455658,-0.0283328317496908,2.62944978748256,1.9105417404525,-0.199734079601734,0.139271257466709,1.542920778548,-2.86618475164056,-2.02280797022362,358.741477643918,352.80787100274,0
0.99,1.42461904907378,-0.202145472168922,-0.0139715767244869,6.47253716334347,-0.639414188492521,-0.863945542008673,1.13247034226535,-4.44148682545624,4.67552461336275,0.660931506342362,372.985784957707,352.80787100274,0
1,0.600371425814659,-0.336084485054016,0.106446822412546,5.611494883004,0.000481488893939119,0.163128559139901,-0.596535710810596,1.86031318582906,-5.36320433992437,-2.86422602334534,379.333864002388,352.80787100274,0
1.01,0.980318829076981,-0.503054141998291,0.16101551962678,2.74836180585372,-2.16729196954058,0.0934008712413333,0.97110673092978,-2.07979419558923,3.07010588871995,-0.0500755666539053,388.452630773102,352.80787100274,0
1.02,1.35769326888785,-0.759975671768188,0.0290569679709982,7.88633962849181,-1.82917917636693,-0.453890662792366,-1.34121109547891,0.00762369787015782,-8.34606119066681,2.84948946092366,402.528539968063,352.80787100274,0
1.03,-3.2052992888469,-0.291714012622833,0.234962770943837,0.896272917748304,-0.169320260503255,-1.77645747755644,-2.64408908114348,0.278639638112249,1.1150240827883,-0.5937552464825,372.71257958378,352.80787100274,0
1.04,-0.31818433627863,-0.176214516162872,0.0472233171804728,3.17204851677079,0.195816918425765,0.285504484558009,0.171664956893067,-2.42999434323724,-1.28006011982657,2.12337526597832,369.06275232688,352.80787100274,0
1.05,-2.19499122841319,0.192050948739052,0.0692499402532257,0.131658880355673,-2.1638509032522,-2.14590621962011,-0.108504878047704,-0.0432574813537755,1.72865628142816,-1.53601197802743,347.654081153847,352.80787100274,0
1.06,1.65204090439611,-0.0485854148864746,0.0481422148951431,4.91208451347633,0.447368985196552,-1.49727862229871,0.808805362321336,-4.2799260580868,2.76107775887077,1.07134722098539,363.987399461412,352.80787100274,0
1.07,-1.98337652687839,0.24079105257988,0.100833624304223,1.08513543143471,1.35933481501838,-1.00181498554275,1.75178400932954,-0.293233159477691,-1.3670498634972,-2.61234217330886,344.848643518592,352.80787100274,0
1.08,-1.44500937810024,0.50766909122467,0.0955929226121986,3.87508408581964,-0.695849795230658,-0.18456636091397,-1.44665637530363,-0.149476395235248,4.05415427092983,-0.136241630137328,331.317547432568,352.80787100274,0
1.09,-1.74626249413168,0.830749273300171,0.0505679900420661,0.0569168608830578,0.94281772748173,1.38406082876285,1.04483717805948,-0.997203672902628,0.084114701665872,2.22550982489897,313.912426035065,352.80787100274,0
1.1,-1.36667672235177,1.0829164981842,-0.0796489147635762,2.56680889888153,0.414106530087013,1.03674217333679,0.807637904741468,-1.66158373299673,-1.77953387901042,2.2270075599742,300.915685692337,352.80787100274,0
1.11,-0.302882306015743,1.16613078117371,-0.126985387538386,4.6463366254851,1.12336150649167,-0.340602908151444,0.121593585354748,4.05721538475113,-2.18399088630817,-1.86261772014887,297.697388328254,352.80787100274,0
1.12,1.66871822433111,0.900866329669952,-0.0154113779202541,6.67938882674881,-2.87491771278383,-0.553809941364811,1.53156825583017,-5.11200854361961,5.12527675114766,0.3819924655811,314.01486951965,352.80787100274,0
1.13,0.797277588238923,0.736492872238159,-0.0495997396581219,5.17582074448245,0.204150911953006,-0.329309937727273,-0.755174018745085,-3.05424551547305,-5.18824762182247,2.71505445648449,322.455719579734,352.80787100274,0
1.14,-1.9121513246326,1.0260237455368,-0.0561765863081087,3.02181185229634,0.348303135542644,-1.87401345381389,-0.565664437613595,3.37370498584969,0.346644581017797,-1.270624515814,304.551901435168,352.80787100274,0
1.15,-1.46749517558971,1.31659126281738,0.0186483493406915,0.574828468805845,2.69427743798344,1.11045127786831,-0.952480386327924,1.62716311770676,2.65656416179011,0.904374903017429,289.796868826423,352.80787100274,0
1.16,0.999469749877132,1.17463278770447,0.0616546257161202,3.5123606774212,0.989623821548673,-0.0593376115089684,-1.07946633289967,-1.38105167366927,-3.14470515973316,3.06573142208787,300.052278911836,352.80787100274,0
1.17,-1.46993771572659,1.38217711448669,0.0790602401897929,1.03380886051644,0.683020376994706,-1.23031100262261,-0.669186748919751,1.24369854441452,0.200400334491425,-1.06637509878235,287.028740970828,352.80787100274,0
1.18,0.71020022748756,1.29622268676758,0.102354699998683,4.33322047319579,2.38909239067737,-0.634225042543664,0.312057987682658,-2.95714924346334,3.66672317501373,1.06369096605357,293.948122368348,352.80787100274,0
1.19,-0.170576838889473,1.3209547996521,0.0400596462491436,3.19080507087457,-2.9351988565522,-0.0726816839053143,0.178600297396384,3.23935185401914,-3.14440379700147,-3.07096035512483,292.2031949554,352.80787100274,0
1.2,-0.995831089921961,1.5097895860672,0.0561908342095874,3.96448069803692,-2.88923349976206,-0.919639025191835,-0.70247417940524,1.6602747772316,4.70331139693766,-0.969029975186689,281.686448037983,352.80787100274,0
1.21,2.05136273577927,1.19517505168915,-0.0354758347477694,4.80751673422176,-1.22423746067434,-1.88119798034997,0.825038587306829,-4.58932230651352,0.480819266178851,1.17078445026192,301.764653046477,352.80787100274,0
1.22,1.21375017922939,0.975008130073547,0.0946886074301801,4.40755515244477,1.93571391758961,0.357950187703965,-1.1385143410088,0.0780889779417704,-4.76472850335039,-2.85791086034415,313.295089177503,352.80787100274,0
1.23,1.88635983979632,0.661423444747925,-0.0349074641732613,6.2386741205423,2.04268066139254,0.843754710963943,1.62510984421243,4.0858158371772,4.53899382171637,-0.494282725247249,330.828450561896,352.80787100274,0
1.24,2.02865760534165,0.303840219974518,0.058729479327808,7.13994842595402,0.288587922594473,-1.752342288259,-0.803873345982184,-6.33549092560345,-3.34360101393019,2.00500536347599,350.186719491876,352.80787100274,0
1.25,2.12245693394505,-0.0748676806688309,0.140957538275463,4.70375583686367,-1.9278624104719,2.09969009437812,-0.141594970268605,4.70139676529723,-0.0247119623569885,-1.63524208573274,370.717444552966,352.80787100274,0
1.26,-1.13314156065167,0.0594589412212372,-0.0237839424672621,6.43595504216127,-0.0831570868554425,0.996370581644008,-0.570206944872853,-5.29966676329535,2.68461397468451,1.04572922606377,360.45219504034,352.80787100274,0
1.27,-1.41658906743534,0.313005685806274,0.168138246802219,3.39537229386952,3.98722636408742,-0.630166089230808,1.34795484536811,-2.29380056962809,-4.57433474259748,-2.64778887279035,346.526837771867,352.80787100274,0
1.28,-1.57639036775887,0.602235794067383,0.0215515004298814,0.947709934618037,-2.94101729487228,-0.204631465612832,-1.54644578648516,-2.63107712176487,1.42656288069071,-0.167556528059513,331.085826459709,352.80787100274,0
1.29,-1.81231753227195,0.928912341594696,0.0206485847411496,2.07557675381425,1.68569984869013,1.44879228100381,1.00441248637756,-2.33171763510697,0.0934439932004589,2.19364639069344,313.460790838877,352.80787100274,0
1.3,-0.550674099442026,1.05634021759033,0.124539957697526,2.55365270898543,-0.173614846925284,-0.562610227191161,0.140627813380765,2.57425711989724,-0.72899380661285,-1.81229487034197,307.859349900918,352.80787100274,0
1.31,1.21446942379322,0.892027080059052,0.143622435400994,3.83182142512349,-3.46718179938909,-0.467395828079776,1.02602218616089,-4.69162498404713,1.97364601563585,0.485077927472173,318.520128350335,352.80787100274,0
1.32,0.433287224933583,0.795876979827881,0.257197998612831,2.95334650651464,-3.14989879353155,-0.199073384753089,-0.459954901712524,1.59298942490105,-3.73171901290542,2.83840868323406,323.363980469935,352.80787100274,0
1.33,0.918274677129747,0.630409777164459,0.0694152186982531,5.81146667077845,-1.7415181106594,0.843487492995067,0.45833234222517,4.23591054995288,4.3633082916813,-1.03935003326946,332.942936115739,352.80787100274,0
1.34,-1.46087741056802,0.852964758872986,0.0522387888892729,2.19842748081155,-1.7701601182704,1.48747557315296,-0.303554742564225,-2.55438389748876,-1.08615105513871,1.34834125411572,318.847868820974,352.80787100274,0
1.35,1.20216227464998,0.695891976356506,0.0774804522636678,5.45569943585464,-2.39462214116588,0.57423444988177,-0.964566018376091,5.2392819477976,-3.00251854860828,-2.55612407511944,329.815495545328,352.80787100274,0
1.36,-1.06825601847495,0.858340620994568,0.0520380727073904,0.765884741203907,-1.68367283624594,-0.152343176803941,-1.01702504675841,-1.35701730566536,0.730676216434046,-0.176671115250314,319.317306836285,352.80787100274,0
1.37,2.88157396310446,0.410186290740967,0.0965253123771323,8.12017048122923,-0.987979598727713,-2.2971276205385,-1.89887744060151,-5.71799136874723,-5.64924101639778,2.26642630252303,347.427274592428,352.80787100274,0
1.38,-0.906504002050667,0.48520240187645,-0.0596457688733827,4.442534208226,-1.20984050573465,-0.863539623793252,-0.0763207899508675,4.25700632413962,0.984337546875389,-1.49791964847741,339.825606293245,352.80787100274,0
1.39,0.523435243659191,0.401695191860199,0.0681142768961819,4.1493829565577,-2.35786512117954,-0.478109615584788,0.356053042414628,-5.06112736559425,0.195386571225159,1.01494557655084,345.629230563427,352.80787100274,0
1.4,-2.12421370332981,0.744675099849701,-0.0831558253782536,0.810910879034132,4.7312279128773,-0.598727636562805,2.02820968476265,-4.09812512080458,-2.34582125611795,-2.81031612378346,324.786892008336,352.80787100274,0
1.41,1.11091606383985,0.607602715492249,0.151418444271433,4.76866447382401,-2.1704207146061,0.484517551681184,1.04273499157237,-0.550215605224021,5.21806395743169,-0.391137868595011,335.373525004805,352.80787100274,0
1.42,-0.223369963243643,0.623602449893951,-0.0283461871373906,3.94962684245295,2.92639592215385,0.222370200142023,0.067770984979753,-4.71827066706539,0.0174890877379061,2.05963124782383,333.360205292311,352.80787100274,0
1.43,1.14053655553921,0.449563980102539,0.0342167372033435,4.73217697232371,2.07295880673757,1.06050836170177,-0.148340542456636,4.4874343195386,-2.42533192110385,-1.74006690682266,343.9324744726,352.80787100274,0
1.44,1.73528063648271,0.145018368959427,-0.0220832076787647,5.23236907924959,-0.994811394277033,-1.29083854407944,1.16120774708931,-4.75868190137501,3.61791137502719,0.843711593978246,361.0401517525,352.80787100274,0
1.45,-2.26165509689963,0.455845236778259,-0.111065104230772,1.2121984710548,-1.85588801964127,-0.634812143292654,2.10399298832013,2.54022008405227,-1.13306222385157,-2.86775722156746,340.581687651065,352.80787100274,0
1.46,2.82769889955457,0.0393625199794769,-0.0451628198703012,5.76948123674268,-2.09355212077117,0.806669863254228,2.76696460008939,-0.313734700947826,6.30956423359043,-0.269555908256614,367.592792682826,352.80787100274,0
1.47,-0.733187278391448,0.108087405562401,0.00682688994107369,4.68001587942505,-1.99502607792945,0.497989057080981,0.598078668565675,-2.13292012676397,-5.09522579121095,2.39957477194349,360.673682434056,352.80787100274,0
1.48,-0.802166351456307,0.25267094373703,0.00634272202170598,3.14830064527055,-1.85087522702652,-0.749591612555798,-0.273980477920674,2.43998355521865,2.81198052568292,-1.26890568489125,352.779193676889,352.80787100274,0
1.49,-1.92589807135879,0.573044419288635,0.000620198155381127,1.85006363817834,1.0955292172697,1.80209274915559,-0.628551452668878,-1.74082615503297,2.03833510254078,1.25012161464907,334.449825171047,352.80787100274,0
1.5,2.35518084033067,0.246948048472404,0.0336405592624682,4.92861057971781,-2.63297357301817,1.37504437410318,-1.92203455193565,4.29279161610001,-2.01782522481937,-2.50130269494665,356.013651036048,352.80787100274,0
1.51,1.94211034903838,-0.108515679836273,-0.0127629240048086,5.74414745546708,-0.00327445397186754,-0.350025765789765,1.86612495018166,-0.446130156493411,5.47806935069849,0.180069858196441,374.573796531527,352.80787100274,0
1.52,-0.441100989404796,-0.0671550035476685,-0.0427289596761083,2.88837752379794,-0.803307098977266,0.0926620056561216,0.415081780246063,-0.285905402467908,-2.38158220750808,2.90991259712207,370.215360383267,352.80787100274,0
1.53,-0.174913342083488,-0.0491908490657806,-0.150894612962588,4.80598539529868,-1.1595528918011,-0.0231220983654011,-0.0813882106866144,1.37262406728654,4.36881884181445,-0.662359511945702,369.455163238012,352.80787100274,0
1.54,1.73021558136998,-0.32501220703125,-0.106917174314187,4.4400881772032,-0.167169816738891,-1.50019888188154,-0.879933926808488,-3.86275454987413,-2.73885449184578,2.10591500995171,385.894891705171,352.80787100274,0
1.55,2.10596341384987,-0.699149429798126,0.0553201717143971,5.1760962393972,-0.0737254963015488,2.02552306754153,0.609035194167717,5.05452640354594,2.17543393909457,-1.27265481327785,406.041895621576,352.80787100274,0
1.56,0.170593295905104,-0.765145778656006,-0.0467719440099355,5.4681781539199,2.05364035316322,-0.100206030288926,-0.0452461390338118,-5.71262973620064,0.779778157157707,1.70919157834585,407.365757953638,352.80787100274,0
1.57,-0.198285376124181,-0.740466237068176,-0.145482924867075,4.90409414310612,0.27426866352648,-0.218371627166283,0.00974824555888556,4.83007359698663,-0.339150360006409,-1.59538085752954,405.413834299396,352.80787100274,0
1.58,0.920400989469313,-0.897349774837494,-0.0599487633746041,7.17258565394338,-0.579315017183183,-0.876959787498921,0.143235411448268,-7.009030894621,1.05542497031882,1.41097135373109,414.448918600475,352.80787100274,0
1.59,-2.12742771339527,-0.562879562377929,0.131550428925204,3.29155217153753,1.67465020187747,-2.04106673318966,0.764411641671695,2.24021105600038,-2.65701740789825,-1.91269541119949,393.454818628724,352.80787100274,0
1.6,-2.67801755339465,-0.0637677311897278,0.0195530853117139,-1.6157175957976,-0.082392778612643,2.11204658621346,-1.76622225788868,0.496208163110466,-1.49511387785967,0.86876781542903,365.824741163475,352.80787100274,0
1.61,-2.63386289235331,0.402713477611542,-0.100978583640851,3.20057928620775,0.315723558372484,-0.801411058302013,2.48009668450917,0.266189657950176,-2.42529853747673,-2.82479941928026,340.659179045969,352.80787100274,0
1.62,2.53075843457733,0.0576706826686859,0.0338134694500792,7.47441417345181,-0.14050620177524,0.613223448263011,2.44556622611553,1.51260292472712,7.82200797171518,-0.242071814020215,364.121895876568,352.80787100274,0
1.63,-2.03213902307724,0.329180121421814,0.015597087292218,4.25794680176538,-2.77049647123946,1.4019212091379,1.46386125719465,-1.61536286642489,-4.70049049220005,2.35660318069333,345.437931226637,352.80787100274,0
1.64,0.926222316324784,0.187194138765335,-0.0707478443084933,6.36587578738211,-2.42369416190175,1.00722967519138,0.172695074541164,6.21285981352895,3.66980767486844,-1.35647366717498,355.710987411376,352.80787100274,0
1.65,-2.21735412590478,0.525097846984863,-0.00550418510369688,1.37672208522148,2.24247794508749,1.97745889847778,-0.89197007121645,-0.0199643398207487,3.23612297012844,1.17488938534538,334.586052953633,352.80787100274,0
1.66,-0.738815844873365,0.681845784187317,0.0319049774914215,4.20378986434808,-0.772593067359255,0.733215833754339,-0.149278601971077,-4.25154374956562,0.171029109171474,1.34962493553692,327.662902311428,352.80787100274,0
1.67,0.0105574903048367,0.697563767433167,0.223568233701497,3.3057417078994,-4.54916826673553,-0.0502550202015181,-0.0662184597874965,4.78600307410544,0.0598791225091806,-2.53173019770184,327.682277226907,352.80787100274,0
1.68,0.434567058957827,0.62476634979248,-0.112252340044154,4.8107306978795,0.329341152493355,0.0311385001480051,0.451509664081288,1.47619076836827,4.13081159107151,-0.113055770288021,332.147516925697,352.80787100274,0
1.69,0.178092102508542,0.590094327926636,-0.0238191541611837,2.31027449671318,-1.23395294133077,-0.163003800475647,-0.111495009824134,-1.21255535679838,-3.29218927275019,2.32830734981705,333.924427307088,352.80787100274,0
1.7,0.944977753331878,0.427890181541443,0.0861453461412442,5.14334152482891,-2.35357462621513,1.00408536652211,0.055209257345448,4.60930361062483,2.70956952256627,-1.4709701032145,343.471312217007,352.80787100274,0
1.71,0.904804739136571,0.277903258800507,0.237241760656336,1.78889135043193,-1.69397348202529,-0.733408064462541,0.440811987254193,-2.41162383454068,-0.997030352177266,1.07714494223594,351.353935850207,352.80787100274,0
1.72,1.20595887965254,0.071567714214325,0.0544380982074279,3.50376075613676,-1.06928307155375,0.607056924149594,-1.01459420911035,2.56814475413356,-2.54011766208441,-2.58785421203853,362.740144770857,352.80787100274,0
1.73,1.20237530763486,-0.159040957689285,-0.0965417535610726,6.50419381251329,0.870392582816306,-0.161375266867201,1.23510286609935,-0.00300315327400735,7.01502819136688,0.116986829330119,375.234903548721,352.80787100274,0
1.74,-0.62441162629805,-0.0865486711263657,-0.0798960447655552,4.74191550139425,1.3863548629842,0.208958166165434,0.601217551686669,-2.44118761028481,-3.77057958064228,2.84630032505532,369.40295314923,352.80787100274,0
1.75,-1.24833558410895,0.133108079433441,0.0129213894500943,2.45870189578012,-1.52649089829599,-0.887396121279029,-0.956821922639075,0.481123039882229,3.20421283001862,-0.7766715896783,356.950632966852,352.80787100274,0
1.76,-1.61001422537863,0.447175204753876,0.158095499973489,1.07412085656963,2.76797975298034,1.69782160617672,0.300236159520438,-1.58543660091431,2.10306915631017,1.77372175205472,339.774341705174,352.80787100274,0
1.77,2.51118124027946,0.0398697257041931,-0.0985321192694874,7.91840278003685,-0.0569137130090992,2.46551937150671,-0.9119055074227,7.36211814442916,-2.7318829558641,-1.92486272823688,365.55117209759,352.80787100274,0
1.78,1.14600334911427,-0.199938103556633,-0.0465216831037053,8.17693195836539,-0.454464707715366,-0.788710028682955,0.798438862586932,-6.67641694441927,5.10731601770347,0.797371911758696,377.084495814206,352.80787100274,0
1.79,-1.46332992897169,0.00952672958374023,-0.0579982625550537,1.31364504708256,0.5986014282795,-0.518362977277375,1.35320423004859,0.269316095270699,-1.21349799899829,-2.77296208990529,363.160336389749,352.80787100274,0
1.8,-1.26451477972885,0.249163135886192,-0.00165331274153203,4.83743552585717,1.22464622868837,-0.228160974238756,-1.33630478118992,1.38894136413454,4.77615528152154,-0.159849904004021,350.500056237914,352.80787100274,0
1.81,-0.606662525174441,0.37375682592392,-0.0110923026636736,2.15198253771338,-1.66529426075102,0.383601559543024,0.448828494986568,-0.685690541774313,-2.82158181276468,2.38621759330501,344.486150994253,352.80787100274,0
1.82,-0.615814259756988,0.491249263286591,-0.0596008482976187,1.83379784654863,1.05737025312221,-0.605900519898309,-0.0935251106685396,1.99738387407259,-0.331781246962338,-1.39497682176474,338.182341623246,352.80787100274,0
1.83,-0.770844209695783,0.629549205303192,0.000910960287017232,4.29869916677023,-0.477796001586856,0.713520398221916,-0.387755920369144,-4.01848306507187,1.47948534078324,1.05622415306873,330.641691004541,352.80787100274,0
1.84,1.04814014706458,0.475227028131485,0.197500691576716,4.66693720304483,-1.32935521276153,0.360490101050654,-1.00335539951485,3.3990419914401,-4.0136332761834,-2.76472937964864,340.768566469409,352.80787100274,0
1.85,-1.56956810988791,0.723869562149048,0.130500823731723,1.35961964388231,-1.18905605289404,-0.488295129477924,-1.50535835015332,-0.21051608850268,2.35992187771224,-0.325349899116786,325.215643390159,352.80787100274,0
1.86,-1.08687991171426,0.909649908542633,-0.0938542103161209,5.00636631326652,3.21662701212767,0.925004738967502,0.377829419157084,-6.04878957927258,0.685666634006669,2.02445436116925,315.885227953857,352.80787100274,0
1.87,2.33717345151487,0.569668531417847,-0.0667369846983149,5.99067007834858,-0.0793931375498066,2.21567380531693,-0.667946674632082,5.33752193132783,-1.62346358078407,-1.86336434563922,337.389372774093,352.80787100274,0
1.88,-0.797160120559825,0.658851265907288,0.0577298842533352,2.84898168289842,-2.08995472957358,0.464465505785411,-0.637420953787022,-3.36731444474163,1.65865259513342,0.581802759975786,329.925426436281,352.80787100274,0
1.89,0.96169338531162,0.518146336078644,-0.0831717219433261,4.00854127388615,-2.45723163991283,-0.123530967690891,-0.924956128310019,0.672056164540069,-4.76867141813649,3.03420877388906,339.106704540387,352.80787100274,0
1.9,-1.03016771402571,0.682003200054169,0.0683659807021719,2.4735071740046,1.41666518642249,-0.819917293634177,-0.753645274037432,2.86520098734279,0.807664635711154,-0.801655841966446,328.481827021866,352.80787100274,0
1.91,-1.16855327555909,0.884722828865051,-0.034373457168275,2.54343822359304,-1.74945977328263,1.1192249416542,0.03685366054717,-3.05429878517208,-2.12691519268132,1.56568540512475,317.898909836795,352.80787100274,0
1.92,-1.52846209754881,1.15591847896576,0.0167938176506045,3.72479520066028,-2.24121684938736,-1.00455320269901,1.12276036625032,4.46000324044032,-1.59974721677293,-2.44302421668073,303.301952109761,352.80787100274,0
1.93,0.569004867083203,1.08114588260651,-0.0019974211619653,3.62035920951897,0.0567968183073241,0.132603044800597,0.659778307683094,0.594547064810379,3.1098467122391,-0.197548804000121,309.512469854857,352.80787100274,0
1.94,-0.032745595576647,1.0774073600769,0.0235288760918216,0.411370560543502,-0.251300675001453,-0.0319297810854834,-0.00395143704591915,-0.185782414568354,-0.770580285934422,2.07075143838819,309.337910420552,352.80787100274,0
1.95,3.09736243405371,0.557377338409424,0.0343166870090915,6.10980706552428,-0.88492983365188,3.04880785966408,-0.810653632693211,5.72627058248509,-0.997202260538441,-1.82728924134509,340.227614685319,352.80787100274,0
1.96,2.03678918816068,0.164084270596504,-0.0343566660464134,6.08976349347111,-0.439183128010177,-1.38481992480208,1.52152477112566,-4.20788999956203,4.07435813615332,0.742010850977083,360.56411933528,352.80787100274,0
1.97,-0.79443214316116,0.259948670864105,-0.0822654969978008,2.04372390027654,-1.19981569469604,-0.193415802602443,0.798300309328139,1.39975218219055,-2.01536418109541,-2.92607451986845,352.686686263215,352.80787100274,0
1.98,0.0623576239390343,0.268584460020065,0.0276877345994798,3.77597840803464,1.48844151493858,0.00520821387080943,0.0575277876657926,1.85789292013758,3.1002392237416,-0.339391962265659,353.10413310136,352.80787100274,0
1.99,1.61607767378934,0.0221066176891327,0.0212509255630694,5.79108150398562,1.20249819041008,-1.06332922825904,-0.997447764747591,-5.75340052025198,-3.22954696262163,2.30464865812159,367.546125268728,352.80787100274,0
2,-2.12138812661961,0.365128099918365,-0.135595535539653,1.70579794317667,2.09370971156393,-2.19099285619499,-0.409603104697277,2.32825594289743,-1.89213799064604,-1.36473350101423,345.84404771816,352.80787100274,0
2.01,-0.0259540637963528,0.404771357774734,0.130966471395481,3.09977312646496,1.24061129094555,-0.0199112811055297,-0.0120946535474491,-2.41664178358688,2.04150534302881,1.16951536451605,345.69531232134,352.80787100274,0
2.02,-1.92397358266655,0.710796713829041,0.0659630311243806,3.12254667371581,1.21796168062579,-0.908506981151829,1.73084071214776,0.557626767165908,-3.26351959923707,-2.64717827643225,327.541060073514,352.80787100274,0
2.03,1.92937787994444,0.442842125892639,-0.0118653397106488,6.00877289811644,-1.48803610842839,0.357984987721433,1.83623800290901,-0.253570860305261,6.01672312866772,-0.178151620212637,345.490080202668,352.80787100274,0
2.04,1.65422436423402,0.132996186614037,0.110494419576014,5.04619061835312,-1.81804803195731,-1.1284663244331,-1.23333639648631,-2.25499292918274,-4.53816577923774,2.41662089262192,361.985261841461,352.80787100274,0
2.05,2.26722125300367,-0.250440865755081,-0.00649851404946097,6.98559900369931,0.15480774169517,1.92895367339577,0.900198540180065,6.62614122692859,2.85537591406807,-1.13582195555599,383.01023583074,352.80787100274,0
2.06,-2.01133953281696,0.0114967823028564,0.104160620071085,2.78133132298691,4.15137328439685,1.94243698769788,-0.0155673118940483,-2.87376086781876,4.12078078724858,1.60665540061491,364.894160029835,352.80787100274,0
2.07,1.2883819219637,-0.166844964027405,-0.19884909746217,6.49931246259326,-0.944199696941382,1.22762916053389,-0.520959597343526,6.40558467921589,-1.38249296258413,-1.95491486549933,377.515849049536,352.80787100274,0
2.08,-2.56101110590365,0.220133095979691,0.0109809685361491,2.52899966868185,2.93315844587282,1.64455871901838,-1.95945888951182,0.592606951518656,3.44889491762368,0.719788842036086,353.197616395245,352.80787100274,0
2.09,-1.95867838762239,0.597380816936493,0.162229683713833,0.182512722223625,0.812911473695963,-0.170256909615551,1.95390149580687,-0.474887316010242,-0.196774014783509,-3.04931020493281,333.406228509094,352.80787100274,0
2.1,0.0125946436081438,0.622513651847839,0.0814151588627809,6.67497765765906,0.198319699001068,0.00419560829944397,0.00626079070898194,3.7239056564238,5.41131993600651,-0.603637928893446,333.971712927121,352.80787100274,0
2.11,-1.85249674332418,0.917949557304382,0.0355008469015007,1.09132740859651,-2.4774496268984,1.79967766461854,0.441822657775258,-0.472420741332966,-3.20418294740627,1.77901017883595,316.492117488755,352.80787100274,0
2.12,-0.77245514772991,1.08863914012909,-0.0251463731616556,5.20441813223128,-3.02493570312518,-0.695180084290592,0.445822995217888,5.42546818190073,-0.240398214685271,-2.21496483042609,308.604297455279,352.80787100274,0
2.13,2.02690341490682,0.759629845619202,0.0564880959125704,5.02006164233669,0.378144614448847,-0.259304179302528,2.0888525063852,-0.42643500423004,5.04481366758167,0.121906271976151,329.121755143117,352.80787100274,0
2.14,2.67117967859275,0.302368134260178,0.16309354679484,6.29146475321238,-0.747648460549347,-1.32740956394232,-2.31125023296542,-2.10308990987719,-5.79420817790157,2.62820514022928,354.463639889503,352.80787100274,0
2.15,-2.16173515167849,0.605228781700134,-0.135328594234355,-2.03037561930987,0.496972457786795,-1.95886167461108,-0.891410317973446,-1.59013925437452,-1.82451929314828,-1.13436093247026,333.696588523322,352.80787100274,0
2.16,-1.29090080506075,0.872897863388062,0.0296633381025521,0.630418269926636,1.33770388211496,1.24320726839898,-0.433278991401868,-0.34362434002251,1.79551084562286,1.26015438275569,320.26704013838,352.80787100274,0
2.17,-0.169567044320925,0.928227782249451,-0.109169046464023,3.04932894521574,0.417794779080489,-0.0851532519240394,0.147974392654282,1.75761941195346,-2.31619940138699,-2.68208665910279,318.475089478052,352.80787100274,0
2.18,-1.14187795215991,1.14158630371094,0.00354780909621257,2.3871579891945,-1.00140452743778,-0.497436197418089,-1.20821604101268,0.682795523012162,2.18991450486701,-0.393562242051151,306.248694272943,352.80787100274,0
2.19,0.038458611842865,1.16551399230957,0.0103395824223131,4.03915572843306,-2.04302174159638,-0.0316943097341319,0.0246952333428302,-3.45953414947505,-2.69464326569717,1.85186650599537,306.471701073272,352.80787100274,0
2.2,2.6798992484261,0.722893714904785,0.0469635603942596,5.9892834233782,0.642963643044507,2.35219056158865,-1.33154110486742,5.07693489748187,-3.26141613462411,-2.08807353732921,332.986479422779,352.80787100274,0
2.21,2.78038663348811,0.231572702527046,0.017539508331641,5.26382859880771,-1.42434779520735,-1.21268381801709,2.55261136960133,-3.44796408169152,4.50723702805298,0.451892281169126,359.666003080822,352.80787100274,0
2.22,1.90615945062842,-0.124203830957413,0.0849161482739581,6.97312653539875,-1.43043012607398,-1.44005581756368,1.15045121483486,-5.8205773773424,3.539076587942,0.905878319877607,377.645851881764,352.80787100274,0
2.23,-1.59797318761075,0.121567919850349,-0.0242147130891854,-0.352954383330258,-0.141359081989691,-0.76733601392768,1.48737210598266,0.552543769642136,0.0692459133377484,-2.67123135968419,361.198028831335,352.80787100274,0
2.24,-0.304918149231312,0.199089169502258,-0.0358941022221416,2.80490041035377,2.49948827314231,-0.0697094672034038,-0.279535456532974,3.08133964977886,2.66878569387198,-0.034916445911687,358.177411180369,352.80787100274,0
2.25,2.46708343491956,-0.207994192838669,0.0825030131228778,8.1041858107734,1.31892692977625,-1.10087783778784,-2.24861462052985,-4.18913197745333,-6.3515314765292,2.6792544776077,382.603951874045,352.80787100274,0
2.26,-0.858423532761622,-0.147419095039368,-0.0157785898548235,6.50261275693115,0.274118925990669,-0.574568385452996,-0.511464217566526,5.31491774925495,3.85021466578771,-0.822278838992989,376.102490499323,352.80787100274,0
2.27,2.24370911767988,-0.503237366676331,-0.110661084969573,7.58675580411336,2.44211676491108,-2.01385341137631,-1.00640318372072,-8.40085917514043,-1.72366552663942,2.01633626247699,397.838494218937,352.80787100274,0
2.28,-0.783011324809539,-0.400304734706879,-0.0144804573713007,0.719989594958166,-0.454266203205256,-0.867580098713842,-0.175984897372755,0.903198297140462,0.752967660347168,-1.3833167211301,389.12015229997,352.80787100274,0
2.29,1.16246138817408,-0.592887043952942,-0.079600202853033,3.71403029957118,0.974550487403489,-1.25917682464541,0.0637883658471341,-4.27327894875034,0.63589615193635,1.5143189561122,401.078925849992,352.80787100274,0
2.3,-1.38799104019651,-0.374075621366501,0.0134883072231438,2.17516759299992,0.818088759224426,-1.39346917091768,0.458192146407341,1.89187762476724,-1.05376335419626,-1.88229021237917,386.719764451389,352.80787100274,0
2.31,1.74166068641784,-0.63733172416687,0.0778837905381115,4.91447104517987,-0.48686500528623,-1.4859622477716,0.928676910052407,-4.24588981263779,2.55702851029409,1.01334797297151,403.411917643351,352.80787100274,0
2.32,1.32642594631549,-0.89974045753479,-0.022032336202943,7.12608049210594,0.722943225776526,1.05150148148443,-0.838664405663196,4.5754510284787,-5.46957883008512,-2.26304217795694,416.863689299958,352.80787100274,0
2.33,-2.18544514479883,-0.569600999355316,0.104135725274787,0.828666946881288,-1.1245440896429,1.46731273891191,-1.6784018699964,-0.61924024322829,0.0259130382961659,0.714834658279745,395.27747868627,352.80787100274,0
2.34,-2.21207790505699,-0.197645366191864,0.106323141549997,4.34415788318094,-0.742768170262515,-0.84162704017167,1.96963726046288,2.46669021039388,-3.6281994610316,-2.74566837292849,375.249929447873,352.80787100274,0
2.35,0.883159042549381,-0.299318134784698,0.0207994205394389,7.60797605256977,1.89174370830623,-0.054948772479315,0.816400657445421,1.07909151383095,7.37480720719077,0.0350533202043682,383.336990007737,352.80787100274,0
2.36,-0.630449854019207,-0.205835372209549,-0.0148334314485125,2.06099906684347,-0.772052165035184,0.187899941466084,0.608900610633069,0.148401529398584,-1.84369890379059,2.81988054564141,376.782280941784,352.80787100274,0
2.37,-2.45314055381199,0.210426166653633,-0.0707393323621449,0.524965093116885,2.55441318556822,-1.75217950000121,-1.66996576337932,1.96222999335353,-1.03528608308015,-0.791583374201194,352.783275939112,352.80787100274,0
2.38,1.48076290733593,0.0261202603578568,-0.118429268906208,4.57134827881136,0.720555951619128,-1.35143750416084,-0.404706437301996,-4.79023537356113,0.151160630034794,1.84171229292177,366.06099991326,352.80787100274,0
2.39,1.96642632134635,-0.32068932056427,-0.152690770388817,7.65142491877441,1.59115042226476,1.96704311561895,-0.205730949634824,6.88459110218102,-2.05860260741582,-1.68730669562211,385.224720762132,352.80787100274,0
2.4,0.232582321156311,-0.401847779750824,-0.135197448950126,5.52915309026199,0.227378346002238,-0.206694426639378,0.086339650226891,-4.55857074850842,2.43235947854773,1.14599571447471,387.639510950284,352.80787100274,0
2.41,-1.25625010770834,-0.200267553329468,-0.0709887829785419,1.4464209547692,-1.0394414299379,-0.910648902378458,0.857942138935866,1.95036191560058,-0.404027163090359,-2.34324394688454,375.28390317037,352.80787100274,0
2.42,2.17477077144963,-0.522493302822113,0.119638946949277,6.84489413505738,-1.94116985988491,-0.911394366365645,1.83288238813858,-5.19667795404137,5.2307382587583,0.483007077944025,395.282747308071,352.80787100274,0
2.43,-1.15127848008832,-0.3663649559021,-0.162106609774459,3.49940467741206,-0.102442607171157,-0.247065170752508,1.18364754734397,1.3079154042875,-3.69878145064874,-2.94458902133448,383.830729535587,352.80787100274,0
2.44,-2.74857443498082,0.115613169968128,-0.0195060761012805,1.06752223166557,-1.16532986340568,-0.625433842880435,-2.73554592618126,-0.972017990568984,0.619734643460621,-0.232115478544474,356.237400719892,352.80787100274,0
2.45,-1.94747283028906,0.486772239208221,-0.0515326313566809,1.86849055843761,-0.590769165457039,1.49587772815129,1.36906479630763,-1.33491438143858,-1.83875863195505,2.30766585133546,336.927959841456,352.80787100274,0
2.46,0.555020918905946,0.438704073429108,-0.0615603773767329,6.92470200125653,0.351202242119141,0.498060925871232,0.0470658973119365,7.11722521549863,0.329002276930726,-1.48683901246192,342.041370615918,352.80787100274,0
2.47,-0.159143681186705,0.472309589385986,0.014249559492583,2.05451857026195,-0.0275519810378364,0.190272500371134,-0.110390205854944,-2.11288401486116,0.876393515760398,1.01134486658177,339.628662534935,352.80787100274,0
2.48,1.94768862952958,0.151804566383362,0.00703613465907319,9.61379113628084,0.582369137420644,0.816991784269524,-1.73238164785418,2.79614245100539,-8.6481961905504,-2.71178333814673,358.907404213321,352.80787100274,0
2.49,-2.23463317326006,0.47491180896759,0.0240253016353671,2.32724700983985,-0.845358411874096,-0.354591767708929,-2.27153255361228,-0.0602836032393134,2.18307734304736,-0.158033662729337,337.494754735808,352.80787100274,0
2.5,1.50536982144813,0.285789906978607,-0.15906867210268,3.17033497569886,-0.512538848595012,-1.07849595004336,-1.07249317811874,-1.36136187407761,-2.86185064540503,2.36729481556896,351.281764669514,352.80787100274,0
2.51,-2.24012966079133,0.635365426540375,0.0936648806031254,0.91272986822189,-0.751725603649716,-2.20792537012564,-0.345567036204806,0.262825205358322,0.990907767190364,-1.42363845762141,329.327535891207,352.80787100274,0
2.52,0.867514545181869,0.54569935798645,-0.0502334100204332,3.11049549793788,3.58090249325157,-0.736106702094805,0.370751192000641,-1.12718491416131,4.89466606155483,1.01756981410001,336.939100242283,352.80787100274,0
2.53,1.07834167494927,0.362566530704498,-0.0291020354761492,6.81183391095204,-2.15638070006471,0.354218935296724,-0.983867185834209,4.10564282543697,-4.90381503731116,-2.75795989539636,347.16654783604,352.80787100274,0
2.54,-0.808447196663077,0.486925482749939,0.161243526293054,0.411730649945659,-2.2178455728479,-0.15081459437349,-0.837498217278737,-2.55262999376766,1.62012281938284,-0.245392289826392,338.737819246592,352.80787100274,0
2.55,-2.03956287341771,0.863768041133881,0.0217353760597206,2.04253315362441,2.99803940616522,1.82541185161217,1.14269040710871,-3.2684034499372,1.25036673458458,2.15687769627655,317.545506940897,352.80787100274,0
2.56,3.22656573338476,0.386288166046143,0.205238547577283,8.22963058138272,-2.4033957515377,3.14289638470604,-0.429611545774408,8.55592697065559,1.77191225133277,-1.68896154951785,348.213926894486,352.80787100274,0
2.57,-2.11693925581524,0.655541718006134,-0.101559332443876,1.52405965854493,-1.14499961109695,1.53826795286747,-1.47449867303257,-2.44238830371873,0.460325353403145,0.793827296074642,328.800574908941,352.80787100274,0
2.58,2.00780620056543,0.380756378173828,-0.0628346210405665,4.36689615909699,0.143896954900913,0.266699863991901,-1.98327804299448,0.425930781799777,-4.16740957179382,-3.00886693742966,347.414566646818,352.80787100274,0
2.59,-0.146829603836063,0.367518037557602,0.0425350698272897,1.485206649443,-0.0981326181920866,-0.030869576942327,-0.0581172425173275,0.541874085873448,0.927230855075405,-0.465708678174979,346.354187028183,352.80787100274,0
2.6,-1.17682488593315,0.565114378929138,0.0938804737034376,3.45289950474598,2.38592861083394,1.08449068657493,0.503955491959794,-3.42241797513976,-0.0459518212844681,2.03100282439564,334.773738415586,352.80787100274,0
2.61,2.77180360260385,0.159802079200745,0.0500777838566717,8.06080369702367,-3.89901578214407,2.68634438669164,-0.432272504758401,7.99630883331671,2.44839303617533,-1.70432588937093,360.337278549539,352.80787100274,0
2.62,-2.17244350084121,0.457407772541046,-0.0496153622972368,0.602124278145438,2.27414851230019,1.60047045715364,-1.43906850316734,1.20901364231337,1.9700784430474,0.859912443189327,339.838465249097,352.80787100274,0
2.63,-0.02962388378572,0.502843797206879,-0.0919661176048662,2.42201567834648,2.45636496418039,0.0550802970339728,0.0091903073035988,-2.35060761037217,-2.36864836962652,-2.93439764264407,339.37436815892,352.80787100274,0
2.64,0.623658727808655,0.38085150718689,-0.0988057256684257,7.30727469268683,1.37005366475345,0.2663571945595,0.654218971278077,3.90216874405101,5.87341939706763,-0.419740717071634,346.727550901658,352.80787100274,0
2.65,0.424229966759814,0.296383678913116,0.191134732358727,6.01023238440077,-2.00750235173505,-0.365433010534366,-0.185831637482303,-4.19449489849928,-5.00631958267302,2.13796061627676,351.011991336054,352.80787100274,0
2.66,-1.69836278598067,0.55670428276062,0.150851417232434,4.00287220088167,-0.682171936426981,-1.69204818260906,0.0843949505836755,4.05567888253999,0.810817529929442,-1.63288035099535,335.187975356283,352.80787100274,0
2.67,1.44190337689202,0.350216269493103,0.0949395731998175,3.77012352441708,-2.14862505117875,-1.09114822810092,0.947618517103327,-4.020314316321,1.46797230050323,0.875943190900521,349.051326481961,352.80787100274,0
2.68,2.15648249982965,-0.0304764807224274,0.0503098078495524,6.10099462434297,-2.84519708444936,0.73458822003453,-2.02519646322674,4.45206237612198,-4.65537617590218,-2.77056020497173,370.225159111052,352.80787100274,0
2.69,0.519991489062049,-0.167777746915817,-0.0383696318080987,7.11169197566009,-0.18653343410339,0.0365804172082393,0.552950847328088,-0.634476706489231,6.80706494273567,-0.0347552183794767,376.089653564708,352.80787100274,0
2.7,-1.14304952066347,-0.00118359923362732,0.0204475741472889,5.16115851952407,-1.30986881510568,0.494565640596856,1.0561472061315,-0.951079988530356,-4.83180369421538,2.68172604569389,365.391153857201,352.80787100274,0
2.71,-0.876789709481542,0.147907197475433,-0.027332323462288,3.75313775569119,1.18657784725575,-0.663141081474305,-0.457806622025578,3.77467547777711,2.02155390762547,-0.952953590535556,357.689804534039,352.80787100274,0
2.72,-0.932747229850211,0.317725658416748,0.0137762688221511,1.0626142785276,0.733804839030308,0.89287296527321,0.0496760124788241,-1.13124143020251,0.243813536753811,1.63383006241928,348.434537006242,352.80787100274,0
2.73,2.10080598669313,-0.0191130936145782,0.100083355918998,6.64770349994472,-1.07085670681264,1.9313704913636,-0.944479816376975,6.05310070460299,-2.21933815853281,-2.01956569525413,369.299939903755,352.80787100274,0
2.74,1.75885902712572,-0.343678116798401,0.0249936238258669,7.97926650520817,-0.211948993729024,-1.17757327010468,1.26320228430141,-5.32912676481486,5.7461653793469,0.750309733330351,386.339522434605,352.80787100274,0
2.75,-1.60148885835928,-0.111577823758125,0.0792438419302545,1.6315115543776,1.4141835421109,1.60908531629071,-0.533400052563168,-1.04997986325148,2.128956349066,1.2712895716738,370.37507426943,352.80787100274,0
2.76,-2.55056481485888,0.323568016290665,0.196457970993005,3.73324778668015,-2.46549739370099,-1.75488290383906,1.80397246786713,4.3776228603362,-0.98484081374539,-2.38973928847702,346.353474880875,352.80787100274,0
2.77,2.58574581660844,-0.0863244235515594,-0.0488598319257278,6.57806849801393,0.507527228351787,-0.680468556531547,2.65957875475937,-1.24913628667981,6.84465576794951,0.247406488385625,372.887441386341,352.80787100274,0
2.78,0.359085124753296,-0.20574526488781,-0.127397004242153,5.94669538464292,-1.27905318666345,-0.0757600185182421,-0.374293656514314,0.117729019068174,-6.55391653680999,2.9971661806092,377.169007861597,352.80787100274,0
2.79,1.66194082943893,-0.485263824462891,0.0655189812496921,5.87537896234499,1.83398129688668,0.713624757983543,1.49557343737983,3.85904751383324,4.51897494199459,-0.462345667699104,393.220645752261,352.80787100274,0
2.8,-1.05190132571843,-0.352918982505798,-0.0703775930898528,4.82510161901793,1.35966425113532,0.778276726325412,0.777955562250618,-4.41198016346379,-2.47003606586627,2.38361771111005,383.243282108595,352.80787100274,0
2.81,0.834989489701123,-0.491863965988159,0.0253476830034092,4.72007827944445,-2.39412374744812,0.867018413130064,0.432679255257348,2.93973289134786,4.54503454365397,-1.0556931746194,392.389365527237,352.80787100274,0
2.82,-1.44554068183662,-0.273004353046417,0.0286501534772777,3.01997366994033,-0.580303339275918,1.43930389072008,0.301341437282644,-2.88097344705817,-1.38480332411303,1.76664674169199,378.273912225389,352.80787100274,0
2.83,-1.33308050269714,-0.0277392268180847,-0.0727262118964654,0.798409994594025,0.931328446435915,-1.26415592210331,0.303871271458718,0.788854520179054,-1.00015060659358,-1.7940008071442,365.067978668941,352.80787100274,0
2.84,1.82975328042776,-0.314667671918869,-0.0138163925689383,6.18906292583928,-0.0401255485835691,-1.5170092036123,1.08714606128471,-5.07843618792433,3.77310679076681,0.948130043907728,383.194516349733,352.80787100274,0
2.85,-0.681872842245923,-0.244117021560669,-0.0138476055736008,3.21165021727601,-1.06824664496335,-0.384278719468235,0.541796764702897,2.58986838744199,-2.38254289066232,-2.54849613627067,376.891531848248,352.80787100274,0
2.86,2.27842315916696,-0.594298958778381,0.0563611212148201,6.44425413451385,-0.434449086348525,-0.663365908825058,2.15930571361431,-1.34457227815549,6.45576574577487,0.293314031836277,398.360770126779,352.80787100274,0
2.87,-0.231168111967314,-0.625851154327393,0.0331635887755972,6.11609166206255,-1.29363147155472,-0.0418607168951465,0.154531020917356,1.97211903832556,-6.01675875185956,-3.07257891511009,397.443449538244,352.80787100274,0
2.88,-2.42545285066264,-0.241568252444267,-0.0561315363996401,2.39027626822022,-0.34312442848107,-0.567632036079438,-2.29257451000086,0.010517926375316,2.25525107613873,-0.246982159882624,374.610217610393,352.80787100274,0
2.89,-2.16223942036652,0.173251584172249,-0.00875211513943443,0.657235077599691,2.48810334654877,1.51599600454054,1.63327616587674,-1.94289796832869,1.20970504313177,2.41399277605972,352.373040100085,352.80787100274,0
2.9,1.63448843283097,-0.0535155534744263,0.154764898970546,7.5073812312183,1.18122083930056,1.48472711067881,0.540359283234784,7.02075514291842,1.76541669084026,-1.23016279665927,367.872170626143,352.80787100274,0
2.91,-1.84604104175734,0.213245272636414,0.0328392948718784,2.65265628447597,-0.325276878173997,1.85355398678423,-0.312138144311774,-2.85876598659473,0.33927582915836,1.40288238205667,350.192226920045,352.80787100274,0
2.92,1.42237886609869,0.0294208526611328,-0.0995313731934259,6.01776026281134,-1.64518838520073,1.02610624884478,-0.920506921221123,6.39309031795627,-2.05047804628988,-2.2651138046803,363.18001210611,352.80787100274,0
2.93,-2.57557966272622,0.421090096235275,-0.0944863673496502,-1.29269720588937,2.97441215083331,0.687580012179462,-2.40068121487536,3.34762770825811,-0.5142817499732,0.303577182155119,338.648191879613,352.80787100274,0
2.94,-0.735426879806256,0.587153077125549,-0.100083573270668,0.525879691970713,1.14266748290967,0.266480661839203,0.603373452512971,-1.02427470140215,0.30273615150757,2.75844299065907,331.411173994527,352.80787100274,0
2.95,0.433743642703036,0.535527944564819,0.087487064262977,5.35194728778367,-0.992300688192731,0.360972872139872,0.159870852734493,3.75300442709272,3.63585404746993,-1.08103721283075,335.337491582512,352.80787100274,0
2.96,0.939110487450836,0.382557153701782,-0.030457916710618,6.34085729411195,2.78705416134687,-0.882527229730003,0.0916869481750589,-5.83012820809556,3.53357530752667,1.41014328350473,344.072151909175,352.80787100274,0
2.97,2.32695274925882,-0.0285000056028366,-0.00318879227318473,6.47453979798663,-1.68344827031788,1.81395311065581,-1.52975451417263,5.70476425322585,-3.17782152658434,-2.26110132957065,367.401828668036,352.80787100274,0
2.98,-2.55785369727748,0.3418288230896,-0.128429922285327,2.6093932660112,1.48057180309651,0.810746953105088,-2.37392852109791,0.841070812580619,2.73451832271298,0.343105218301685,343.228381069976,352.80787100274,0
2.99,0.847409431918091,0.268505573272705,-0.00843226089938473,5.02965445143787,2.70193469812868,-0.158314809874419,-0.711923630279136,-2.59987181904025,-4.1994593207542,2.88328905235684,350.077357277593,352.80787100274,0
3,-0.995105436519786,0.421404838562012,-0.0669416404262166,2.07952025292275,0.977262384739676,-0.809642191554176,-0.649510114489497,2.29278005763961,0.290278657302594,-0.870326782280177,340.220316887815,352.80787100274,0
3.01,6.51193230553993,4.59999990463257,-0.0153058776152158,10.9482494219173,-4.56535129612206,-6.23214150304618,-1.41757057003523,-9.51487209878905,-6.82147338262348,1.80854618520807,393.303874027933,1658.85743724296,0
3.02,5.28043919414392,4.59999990463257,0.0288989055006453,12.296129515239,0.255653165775815,5.17313302445015,0.834264278976417,12.5213869319743,1.75843305139359,-1.41144948482818,441.501984321251,1658.85743724296,0
3.03,1.9722927721199,4.59999990463257,0.024679982707116,6.67593590301573,-0.106367480683584,-1.7987334261791,-0.593010588319071,-6.42413913612183,-2.21045281749836,1.89052524972317,458.929729116719,1658.85743724296,0
3.04,5.25444453936273,4.59999990463257,0.109962080338656,11.4987733151862,-2.38674149986711,4.0227110484713,3.46711689060994,7.42489392957617,8.85351802363733,-0.852277052510737,506.764788706062,1658.85743724296,0
3.05,2.41586387979828,4.59999990463257,0.0151404058579488,9.0598829268685,1.00900720816532,-0.459849643162515,-2.42373538780794,-2.70314511192553,-9.09851721000769,2.94738570224587,529.429756311302,1658.85743724296,0
3.06,5.41692601796219,4.59999990463257,0.163069548800726,14.1227268609529,-6.20804948503076,-3.39809724581302,4.06304968041639,-14.4196949756621,5.61805625101734,0.723733278456108,578.044131506958,1658.85743724296,0
3.07,5.45729502343164,4.59999990463257,-0.0274703370178588,12.1520235689881,-2.99413066424565,5.02542501253512,2.25516733708255,10.3230193214561,7.82719352157607,-1.13837404377863,628.344872620483,1658.85743724296,0
3.08,3.78976067429182,4.59999990463257,0.0206829776303845,11.3988838252889,-0.737205767956536,1.61215694787832,-3.39547042700029,6.03186485897606,-9.65509786333169,-2.69113916900908,662.172125182235,1658.85743724296,0
3.09,5.38160342833418,4.59999990463257,0.247360390895403,17.942636378497,-5.10116485702181,-3.87789696435887,-3.66005885073352,-9.7011358395722,-16.2925662252417,2.34603851813623,712.167408257405,1658.85743724296,0
3.1,3.18564360558654,4.59999990463257,0.0841328344109579,14.3282266843575,-2.56658503287352,-3.11649621064277,0.611199573072449,-15.0542532959092,0.64817385864461,1.39083069251293,741.418746666953,1658.85743724296,0
3.11,2.4981260268366,4.59999990463257,-0.0397758833060058,10.1254085279934,-2.21881052127246,-1.49548833967396,2.14118194414705,-8.14468078288419,6.62018439885602,0.630773865966702,765.277619941167,1658.85743724296,0
3.12,5.17871590134999,4.59999990463257,0.0914775635878998,15.7226145577165,-6.53485395297293,-0.550363983395906,5.18244088499977,-8.19709627158841,14.7185364369451,0.130275668425774,813.01167403807,1658.85743724296,0
3.13,2.37441098248439,4.59999990463257,0.0740401583414257,13.4183202028939,-3.46168756268033,0.328688161817791,2.4096029644771,-1.45873379189522,13.7488293634521,-0.110636938717647,835.583828200824,1658.85743724296,0
3.14,3.51674475908036,4.59999990463257,0.162113375894785,15.7548672485149,-4.97440372493268,0.622152620171019,3.4275784714862,-2.3511634768172,16.1936633900012,-0.151351135471794,867.551504147205,1658.85743724296,0
3.15,6.61929115797848,4.59999990463257,0.257792605243423,20.2210555374676,-6.98937916120359,-0.889284659481211,6.70645813792013,-9.84377303345885,19.6133031011353,0.152651701415459,929.462816440126,1658.85743724296,0
3.16,4.83225201645566,4.59999990463257,0.0231369250650787,18.6006907298386,-9.03093112301698,4.81027455462086,0.624611409340967,17.0197172296544,12.1978980505561,-1.40289562475298,974.444153526928,1658.85743724296,0
3.17,5.21496260475199,4.59999990463257,0.0278776805071379,19.9393012047942,-2.99170866049094,1.92615181647578,4.84993863854346,4.34365955625851,19.8822374056398,-0.365573427213948,1022.97912945306,1658.85743724296,0
3.18,5.1529445323205,4.59999990463257,0.00780459140448761,18.3510401628735,-4.81754256804729,-4.23611011974045,2.73165632062662,-18.5558478138777,5.53905155138107,1.01882783585097,1069.2026724544,1658.85743724296,0
3.19,5.80227169673884,4.59999990463257,0.114001923345513,23.7569613661336,-6.09487693902028,-2.2357556761065,-5.32275314857776,-2.00388372111788,-24.5624833675593,2.76946200848156,1122.60463347538,1658.85743724296,0
3.2,3.59014846780615,4.59999990463257,0.254717008559136,18.289418864839,-1.53993285042783,3.44027268512416,0.377172586220761,17.7085507107697,4.30167763917053,-1.44854577219827,1154.98601041746,1658.85743724296,0
3.21,5.42929737632121,4.59999990463257,0.212433869928688,22.5929252818725,-8.17537990173298,-4.18012942533918,3.4236642025968,-23.0393931245463,7.27614323899995,0.916242547400223,1204.69057047943,1658.85743724296,0
3.22,1.61663279895189,4.59999990463257,-0.0919982073292759,12.8999536720751,-2.2520626011665,0.476491128732208,-1.35423583608985,6.82653767261443,-10.9107679625692,-2.76902350318385,1217.96880105442,1658.85743724296,0
3.23,6.4946403598346,4.59999990463257,0.120842475598353,21.8754489561338,-9.19064236367662,-0.350826265177667,6.42819569630667,-12.1743900355107,20.540774852448,0.087634427464057,1276.53889753356,1658.85743724296,0
3.24,1.57129497897928,4.59999990463257,-0.0246366493588672,18.9561361394819,-1.4809826856424,0.0972782540593742,-1.59015398573019,2.93588199115948,-18.6746405467614,-3.06189132947032,1292.34099608812,1658.85743724296,0
3.25,4.9079348543715,4.59999990463257,0.37459542114026,23.5040892880671,-7.5967380760078,-1.21581055904884,4.64325996539885,-14.0629814360807,20.3716704544323,0.289154250245415,1336.69548091707,1658.85743724296,0
3.26,4.90513661273295,4.59999990463257,0.20992127784393,21.9383603449033,-10.4785499374044,3.45629805526376,-3.44383267851199,23.2380442404783,-7.95053544631135,-2.31283520263029,1381.90845501789,1658.85743724296,0
3.27,2.66712901225944,4.59999990463257,0.00170718409943529,23.3994701708754,-5.17235705773029,-2.77223502292809,-0.0731936860625787,-22.6971206630719,-6.04884764952272,1.63164915440306,1408.48510429785,1658.85743724296,0
3.28,1.76784229772985,4.58638000488281,-0.0676290930853705,19.2879994300595,-2.21396106635408,0.943301350925018,1.44382641550407,7.95920120071001,17.8468625086837,-0.5488675436422,1425.1309738265,1658.85743724296,0
3.29,2.1994270989503,4.21088457107544,-0.0585251625052698,19.5146795346869,-2.32235735653022,1.11408274225806,-1.89194136293866,12.2363116318135,-15.0628265312134,-2.58618629427466,1447.17624948473,1658.85743724296,0
3.3,4.07111444622959,3.49402689933777,0.227800494318676,22.1613711187276,-6.11358700499066,-4.00170494882563,-1.20068686200375,-19.2060801615524,-13.0875834840367,1.8937650274126,1488.62882937371,1658.85743724296,0
3.31,1.49510842686085,3.1867196559906,0.136293728094537,20.2873507772683,-1.60700855348674,1.33685093077517,-0.574947594770027,19.3488375115385,-6.17821582724195,-1.95459148177507,1503.83143908321,1658.85743724296,0
3.32,1.17558025078987,2.97668719291687,0.0839195520989945,18.817984855203,-0.193413488345775,-0.363318400609091,-1.09792099927966,-5.31878902477884,-18.2775646934185,2.83125478925488,1515.89788885517,1658.85743724296,0
3.33,0.0330614185216929,2.95684671401978,-0.128749901800279,17.4127591663277,-0.0715418383783876,-0.0265973606956089,-0.00305982389761637,-17.1477667363049,3.67663138509319,1.38061390843812,1516.79898334144,1658.85743724296,0
3.34,2.71881402523396,2.51585102081299,0.215148792193015,22.1321355155823,-5.98344788209955,0.0306461016715632,2.6938168642495,-6.55167484877704,21.642622553648,0.0333488191237708,1543.72944878502,1658.85743724296,0
3.35,-0.402572582805028,2.51976418495178,0.0472596536747886,20.1143137901556,2.36912064059532,-0.344428687036283,-0.0616138273880466,19.64970747306,4.04745207325215,-1.22447314958447,1541.5877755309,1658.85743724296,0
3.36,0.708783233190768,2.4056224822998,-0.0339374410055871,20.0615426921282,-3.62924026453327,0.385878358520476,-0.611063274237904,15.6636937584447,-12.6928743738166,-2.46124941287404,1549.43098206071,1658.85743724296,0
3.37,0.748169608990981,2.26803183555603,0.204243483335153,19.8194000301659,-4.31702015851794,-0.437001476977513,-0.623842977927516,-5.49035386847214,-19.0295978843249,2.6441551939802,1557.5876586714,1658.85743724296,0
3.38,-0.871650792922736,2.39359998703003,0.0567066253937685,16.9234021816294,-0.943466481289887,0.830332364805774,-0.0786318118518954,-16.7736564934394,1.25145753790506,1.46714543502211,1550.00901660362,1658.85743724296,0
3.39,3.93924915071359,1.76668131351471,0.19700482434603,21.9824795282374,-7.76792332260276,-1.41248399205372,3.72035233859143,-16.1699895313012,17.138595032802,0.405086678329894,1588.61020169139,1658.85743724296,0
3.4,-0.371238334342718,1.74938821792603,-0.0404661965126945,17.9886729456461,-1.27527653816255,-0.160524304782801,-0.31263489278034,8.08259243002052,15.8970926990698,-0.524159312990693,1586.17563789097,1658.85743724296,0
3.41,2.78667894806587,1.28165435791016,0.166718166935172,23.9421143850925,-6.298102091538,2.79178107222815,0.48181722674774,21.7002321060937,10.5843151402513,-1.35772987764181,1614.58513790572,1658.85743724296,0
3.42,1.25642501442938,1.03653502464294,-0.0669327046357209,17.8781286247976,0.811443412695186,1.04049436994682,-0.527392228937523,15.9231255448883,-8.38744012399929,-2.04316610818169,1626.55423302173,1658.85743724296,0
3.43,-0.152371077985161,1.02317726612091,-0.0846976650450854,21.2437160027492,-1.88010612398858,0.163329466412944,0.0010893582455497,-21.1334313387623,2.93160807718154,1.34450043385091,1626.32802144125,1658.85743724296,0
3.44,-0.179257955622663,1.07242584228516,-0.0756995741951655,15.5731347113248,-1.01720203447695,0.185416381018838,-0.201097672806348,-10.2172640947589,11.1170925152981,0.689679762769058,1623.69564943081,1658.85743724296,0
3.45,2.11915466466578,0.70421028137207,-0.0457702446836461,23.5715016968089,-2.97037938306004,-0.176162813598642,2.17239380887223,-5.51166752165886,23.3196258619143,0.10881517375459,1646.09474849171,1658.85743724296,0
3.46,-2.12852191339357,0.969773173332214,-0.0629778184504533,16.9969736823006,1.04827178345253,-0.890155887112045,-1.74771281046467,8.61463249938062,14.7663986087235,-0.457182814902933,1628.12561388192,1658.85743724296,0
3.47,1.63381528786387,0.718629896640778,0.00927705314883752,22.4393469132283,-3.43141142971517,1.44564392956633,0.786113280573278,17.5613338559325,15.0191980836213,-1.02643776713014,1645.09935703179,1658.85743724296,0
3.48,1.12666184029196,0.477257668972015,0.164595503506169,21.9676175030833,-1.5399845664115,1.15498688658361,0.0618321116234938,21.9996347272257,3.55196718368458,-1.48643514378342,1657.57468886121,1658.85743724296,0
3.49,0.341438456406181,0.382428765296936,0.0510213175154429,20.6039673430587,-0.820383547273167,0.311185640897033,-0.122457319633072,20.088597709495,-5.473709708772,-1.88550658671639,1661.93737087984,1658.85743724296,0
3.5,-1.39635896884787,0.60194593667984,-0.0572136521058756,18.734923262919,1.65893765878294,-1.04175291855264,1.03785957473218,11.825879916638,-14.2252537350256,-2.31967529136697,1648.43322414063,1658.85743724296,0
3.51,0.848629559277422,0.479540348052979,0.134250554318196,19.7575810030619,-4.56336855478473,0.217230810722987,-0.820256919699846,11.6084675604742,-16.8773507702167,-2.77029729675474,1657.19424845542,1658.85743724296,0
3.52,0.167405989242352,0.421320885419846,-0.00215976283182083,21.3703530538211,-0.456071322018449,-0.0094669805997021,-0.128913879712349,-0.536371718663748,-21.5261438598516,3.10405251484293,1659.75003663248,1658.85743724296,0
3.53,1.77237453882656,0.100971668958664,0.126716412355536,22.8278845237527,-4.76403831929351,-0.737738589253681,-1.64953899482889,-3.94709657573225,-23.3436355300263,2.77406997514534,1678.49799115728,1658.85743724296,0
3.54,-1.60736967913576,0.310429453849792,-0.0974351196645484,15.8249120196062,1.95790334727743,1.00375794471858,1.18249480903842,-11.2314057681903,-11.4734979414312,2.45814817688239,1664.03458947349,1658.85743724296,0
3.55,1.47295735001599,0.0812914371490479,0.12162759184786,22.1400096433702,-5.57874621501891,0.243508090281542,1.43202535994641,-2.06454581934451,22.2532702692805,-0.106744604790292,1679.02720705317,1658.85743724296,0
3.56,-2.76421535210408,0.48448121547699,-0.0769670430817225,20.0543294017167,4.76256806016789,-1.34587938874179,-2.49844171154492,13.1925698966086,16.2539426497962,-0.459984072759701,1653.33716821646,1658.85743724296,0
3.57,1.86380285597934,0.267459601163864,-0.00771851441529424,19.5478455564483,-3.43424979893136,1.26964778541366,1.02836394718361,12.2932873841473,14.9207831282249,-0.850553596488506,1668.97136157934,1658.85743724296,0
3.58,-1.59635303923464,0.479241698980331,-0.0169480214849214,18.7133484128364,2.80934083349506,-1.48830068215623,-0.457343372231905,17.980022999784,3.40393179661066,-1.23574096703461,1654.67310866049,1658.85743724296,0
3.59,-2.17482320093298,0.84831029176712,-0.0165284850516922,17.9596935220417,0.970497050465257,-2.13397441733838,0.398376704847469,17.3664761464052,-3.70992453089497,-1.74866384495591,1634.47565834429,1658.85743724296,0
3.6,-1.85608855605779,1.18059587478638,0.0200068510784712,17.3946741140621,1.64027737610478,-1.21686560782514,1.36960782676551,10.4666278805456,-13.2910747696159,-2.399476213453,1617.0804373135,1658.85743724296,0
3.61,1.10131995126143,1.01578676700592,0.16915428979043,23.8198694050615,-5.63201875781065,-0.0356488421414859,-1.08888874767034,7.42610978025503,-23.4401985704594,-3.06867603903253,1628.90939243396,1658.85743724296,0
3.62,-0.304479823764122,1.01932775974274,0.116272161100878,19.289259707625,-1.21940983473409,0.101879906577131,0.192660524902978,-9.51992681781356,-16.7945348075829,2.58417829064207,1627.67360566063,1658.85743724296,0
3.63,2.03237265225918,0.651947259902954,0.143466049535274,23.9167070329258,-2.72581474819315,-1.94268320670628,-0.899729467240492,-20.4169750485495,-13.288327806329,2.03171434834018,1649.84466156023,1658.85743724296,0
3.64,-2.31592886500387,0.960680961608887,-0.121311098770984,18.6926732109136,3.06697659808778,2.24835667724109,-0.279509981665909,-17.9830514744233,5.57096007643597,1.48368208417932,1629.31010777269,1658.85743724296,0
3.65,-1.09286721192248,1.14661526679993,0.034959176199145,18.6162713052902,0.298862100472549,0.704191267949097,-0.673234272361728,-13.3842392736837,13.432193353937,0.827557990824296,1620.57349266016,1658.85743724296,0
3.66,-0.256567156823313,1.19306540489197,-0.0274183023630998,17.9712833470588,-2.34539365685264,0.0726629563367309,-0.229367405147497,-4.55308700079105,18.222938605372,0.134647227819913,1619.03445673661,1658.85743724296,0
3.67,2.62106989087087,0.744802474975586,-0.103091509703893,23.5708397699754,-1.56955154744006,1.0466346948585,-2.42640202655349,12.0171449127758,-20.6877494107641,-2.71510450894526,1645.94447801658,1658.85743724296,0
3.68,-1.74954423835231,0.956006288528442,-0.117526459677907,20.2864370034754,4.80695091911689,0.311596314875112,1.70544403467616,-6.78200469074214,-19.5781663558206,3.01127182214969,1630.69816085786,1658.85743724296,0
3.69,0.655183957229689,0.870708703994751,0.159840546188788,21.7285986855163,-4.85791162486904,-0.468193566401819,-0.399150289760426,-11.0237038823145,-19.4183227791632,2.42369131210492,1637.61036248919,1658.85743724296,0
3.7,-0.671033428030982,0.966599822044373,-0.0611626661012981,18.7139822453195,3.47182634298936,0.712924346667489,0.137893026974302,-18.5978947473205,-2.34414292472091,1.83831104610655,1631.32941066097,1658.85743724296,0
3.71,0.241826013564059,0.944912433624268,0.148922172757487,17.0040793064075,-0.186752274616726,-0.187661649049554,0.0684749867328298,-15.8210273388311,5.30803263074786,1.23824846001959,1633.5163843253,1658.85743724296,0
3.72,0.606190133142166,0.830402135848999,0.104482255152589,18.6927347041646,-2.66313702243355,-0.355487084090904,0.513096205425954,-13.2431569051607,13.3716593046818,0.671472076392699,1640.23007538425,1658.85743724296,0
3.73,1.15372300420397,0.613640010356903,0.106513093869737,23.1919123707905,-2.13066179550166,-0.145297135287819,1.10306538765763,-6.37202872659694,22.5758422632016,0.174691093992274,1652.50394433934,1658.85743724296,0
3.74,0.395413205851781,0.521268725395203,-0.0657162153328332,18.7169697798799,-0.360134940011559,0.101525762728141,0.337865627013516,4.43647328221728,18.5012423858668,-0.262156541014856,1656.73904973993,1658.85743724296,0
3.75,0.247237837623377,0.470574826002121,0.0637820269681449,19.8363784558037,0.181505527540892,0.101434777485378,0.155718726203499,12.7256214292137,14.5621553341754,-0.67429108282822,1659.3221012108,1658.85743724296,0
3.76,0.0723130194429174,0.431383550167084,0.124612970016818,21.632030897485,-1.99478838219327,0.0846450045691175,0.00593985289764591,18.3685975280678,12.0681445576706,-1.06944819983293,1661.37022744114,1658.85743724296,0
3.77,-1.95457827477138,0.750441789627075,-0.186599115853718,17.9900594100486,4.04614030180403,-2.02753589983148,0.0145018002424663,17.6106924643565,-4.05717990061786,-1.52893242863267,1642.32973424367,1658.85743724296,0
3.78,-1.36858223677569,0.988144099712372,-0.0886733566728255,20.7256486374664,3.83723998231966,1.31210950552624,0.407562162732906,-20.980325149244,-3.83001837605078,1.92940948294491,1630.22917804742,1658.85743724296,0
3.79,0.62856343357448,0.897944927215576,0.129799921974643,20.5998014288036,-0.747673086032262,-0.598997619644709,0.165892329173221,-20.2992100804253,3.64788661948116,1.33829145544014,1637.07741518899,1658.85743724296,0
3.8,1.83041303874966,0.558793902397156,-0.154754877208828,23.309748178199,-1.82425251516246,-1.37152151801193,1.25781081131013,-18.9737747216372,14.791066342633,0.845716465134804,1656.65167270797,1658.85743724296,0
3.81,1.97150978050285,0.19415071606636,0.186637952097675,21.3385414348125,-2.67362763701123,-0.851507469293045,1.71740818487425,-12.9009297258686,16.8748362356437,0.496439138334097,1676.14222696467,1658.85743724296,0
3.82,-2.04146350009163,0.473213672637939,-0.0212735585456122,16.2166493787046,1.16612565009506,0.245948129474818,-1.98427884775771,-0.183408827081726,16.8712674086912,0.148055140901239,1657.58295990189,1658.85743724296,0
3.83,-2.11976857288063,0.845725893974304,-0.129069185011488,19.1783085521196,3.75633136937429,-0.808510421479606,-2.02987315180414,9.80519087036609,16.6490854555729,-0.343824666289772,1637.28231570494,1658.85743724296,0
3.84,1.45345461240619,0.641604542732239,0.0605861175954266,21.6923563753053,-2.62141813779897,1.10361007996504,0.905164906004586,15.3496360188111,15.8131899463428,-0.855890930593788,1651.73547002128,1658.85743724296,0
3.85,-0.380570496402041,0.672184407711029,0.0986267176233627,18.8428656513013,1.9642546841441,-0.424575031312523,-0.0552081308390772,19.1037137856388,2.30606248119017,-1.32644479615367,1648.46706198074,1658.85743724296,0
3.86,2.11807708708859,0.31653967499733,0.0823261170190563,25.5662682809247,-4.07342602429403,2.01982256349184,-0.414002220716672,25.9401732906672,0.369415964398768,-1.72893720831033,1670.00403672592,1658.85743724296,0
3.87,0.906881670598993,0.118516743183136,0.0886653819495749,20.8746906859713,-2.39765698088854,0.741522149564971,-0.413907536135076,19.8287638052722,-6.68870657083366,-2.01826318616538,1679.30406910189,1658.85743724296,0
3.88,-2.29550051119337,0.460308194160461,-0.116658102212476,14.8886798414386,3.33838642846533,-1.53594268306359,1.6243041509034,8.32411414304599,-12.7114475837327,-2.35418691882259,1657.9546620522,1658.85743724296,0
3.89,-1.93341449320245,0.80442225933075,0.103380717461025,19.7226783332036,3.41537778303274,-0.530711654313164,1.89988256345783,2.79402962266056,-19.4376422588791,-2.83520975400784,1639.85602425212,1658.85743724296,0
3.9,-0.984311599070957,0.997041702270508,-0.0969851418761785,17.9311142512317,-0.0124354047362368,0.575105288550073,-0.840246725757611,-9.66128442661225,14.8340891716121,0.615209788694036,1630.53242003056,1658.85743724296,0
3.91,0.164252639024403,0.962569773197174,0.0193456592998876,20.7115837092646,1.40946787761115,-0.0269139894108667,0.22645559873857,0.881378647189986,20.6383979544089,0.0129336788485751,1633.68966478356,1658.85743724296,0
3.92,2.00791644610341,0.613052070140839,0.121927905091254,19.8985944842684,-4.27509604161394,1.05183596636928,1.75567968273237,6.50334687998467,19.6813344966719,-0.501472829034428,1654.14377643255,1658.85743724296,0
3.93,1.51433133596071,0.303879261016846,-0.136568707118008,22.459809493693,-0.790184713354215,1.18977297914002,0.971001972227682,16.9843880954373,14.4575739377865,-0.880931794442057,1670.42571264183,1658.85743724296,0
3.94,-0.339496204547882,0.316222965717316,-0.0283135237580356,20.0400059305525,0.0151788208275222,-0.340304626468755,-0.117756098218563,18.7193631867271,6.63019167064614,-1.21159125893105,1667.90864240241,1658.85743724296,0
3.95,1.03144233500965,0.147567182779312,0.023514583604084,19.6076049200559,-5.79794822304518,0.982888461352073,-0.0644816013087683,19.5738250194894,7.0860788289564,-1.5135963890356,1678.08393019467,1658.85743724296,0
3.96,-0.85332371346479,0.2435412555933,-0.101284148716155,16.4386787520344,1.36318644343826,-0.71698357975803,0.190128911786525,15.8119241578699,-4.62995336164533,-1.80448278610345,1671.23895687092,1658.85743724296,0
3.97,-0.407812629345134,0.290462702512741,-0.169535462289508,22.1608207688231,1.39152732302603,-0.296458833557791,0.21102602739095,18.1208939990106,-12.4953429634466,-2.12823694120948,1669.07477020425,1658.85743724296,0
3.98,-0.421068455086579,0.354095995426178,0.0503723913249556,16.9633599434379,0.331898664230902,-0.247342311726265,0.325887242538979,10.3208459511585,-13.6565454912436,-2.47305391678441,1665.5056779976,1658.85743724296,0
3.99,-2.54574135338213,0.756298959255219,-0.239418773156702,18.7213133268906,7.33233189757122,-0.418528629623746,2.48869852979017,-2.46659870274017,-19.8431801448206,-2.91932744389169,1641.92141389817,1658.85743724296,0
4,2.78657717226188,0.330402731895447,0.245981097580558,26.3234952272277,-8.79796656151016,-0.742729100962404,-2.69674880235519,2.74025952957734,-27.9002427105029,2.93460843382207,1669.82994534569,1658.85743724296,0
4.01,2.23530728144519,-0.127329766750336,0.165035664285312,24.7357880923958,-8.31275597260364,-0.858920114487536,2.1368578322364,-17.1802118170283,18.8676424490023,0.447308138872732,1693.75431930567,1658.85743724296,0
4.02,-1.51626349077272,0.0673535764217377,-0.191828699684033,17.2440252380175,2.03240333751226,0.336469553496318,-1.50417833937391,-2.48251966641024,17.0365871178948,0.244588209959935,1679.55749931722,1658.85743724296,0
4.03,0.890607759900379,-0.0626498460769653,-0.0223323159907594,22.8742913750553,-0.220210807066196,-0.0102192728109803,0.832980922474796,-0.982140667106489,22.5228418369785,0.023484719620921,1688.68334613519,1658.85743724296,0
4.04,-0.820321183154898,0.0445051491260529,-0.140967323721086,19.2842829566867,0.744708540438672,-0.202428397758659,-0.840667879763301,5.46804666791973,18.4376323970386,-0.192167693031528,1681.18965831711,1658.85743724296,0
4.05,1.02749686491432,-0.121029675006866,-0.0295179155049701,20.0677610642682,-1.43668406232485,0.398260289451141,0.902869629789891,6.94365835338328,18.9861675808929,-0.39614835759287,1691.55138292419,1658.85743724296,0
4.06,1.2035267439121,-0.383559852838516,0.020723417733177,23.4189398341447,-1.94129793448813,0.689467344525961,1.14802034471368,9.27545344426589,20.9102347980438,-0.509137298388702,1705.82823369954,1658.85743724296,0
4.07,-0.305007948196139,-0.392757594585419,-0.0774492664713818,20.0279008061329,-3.95643080924506,-0.0555018060533944,-0.255230315195031,7.0926515859199,19.4320387390967,-0.575661335909815,1704.52078999182,1658.85743724296,0
4.08,1.09145693002702,-0.57042920589447,0.0104510980406123,21.2338024204115,-5.85321400176884,0.631174891090032,0.734076388864959,8.00984272977597,19.964280708087,-0.608673866493413,1714.79983524618,1658.85743724296,0
4.09,-2.17104890021933,-0.226685792207718,-0.196149001426611,14.1198142746355,2.70687948022974,-1.4711963732079,-1.71963001598102,10.7640380808657,9.64647070198074,-0.686093104310517,1692.98786333649,1658.85743724296,0
4.1,-1.39015780346325,0.0145440101623535,0.0607807168707927,20.3941649898934,0.636636069066454,-1.07273311501843,-0.845554023478426,16.0211119068472,11.9307303163339,-0.888335762316339,1680.71540431857,1658.85743724296,0
4.11,-2.55856815350188,0.41886642575264,-0.124944281561999,17.2331086428251,6.14577003184024,-2.29256559179584,-0.727134792587698,17.7072526967441,1.01959537606865,-1.21948230695824,1658.09644002291,1658.85743724296,0
4.12,1.82959586826299,0.144228518009186,0.101650953212472,22.376709871403,-3.79861080683605,1.82586261126849,-0.058270808304074,22.2138078442514,3.65588340273341,-1.563503926296,1676.60721075684,1658.85743724296,0
4.13,-0.844823801711431,0.221197783946991,-0.0616497635435352,21.4861306363339,2.17507964510459,0.711221655646361,0.442170447421471,-18.5824479023788,-10.728268159751,2.16699229535092,1669.91970809601,1658.85743724296,0
4.14,-0.172179120412911,0.260199725627899,0.171997467540972,17.4404040132721,-3.70827002225351,0.186523748456882,0.12988967003244,-15.9455558766168,-8.30909872871161,1.83547454238369,1668.29610357783,1658.85743724296,0
4.15,0.972761654729099,0.0910727381706238,0.0413005319071656,21.7977661280025,-3.83830387465517,-0.92167108618092,0.103983398542427,-21.7352767927885,-2.82642697178879,1.53604532045579,1678.3750663558,1658.85743724296,0
4.16,0.0034229532347553,0.0268365740776062,0.113316157104202,21.8405168088531,-0.645255769176941,-0.120074326060262,0.0478481140142357,-21.4820878413308,5.69701422660073,1.28276340523266,1680.99137029251,1658.85743724296,0
4.17,-0.292514686897686,0.0517763495445252,0.0189562746701727,19.8942023082289,-0.4524788654992,0.259826373771535,-0.159845877883624,-17.2931377119814,10.5433101723242,1.03162979656163,1679.08512007836,1658.85743724296,0
4.18,-0.495898025635344,0.110288053750992,0.0300580045644749,20.4071157704563,0.324344638089066,0.315553345629614,-0.350072112580803,-13.8587900087946,15.3674208798104,0.760552423171687,1675.65382754213,1658.85743724296,0
4.19,0.477480745655381,0.0261077582836151,-0.056737945820695,22.5251001694257,-1.11757829226174,-0.186189970753947,0.361673420149659,-11.0235490041874,19.3207126917757,0.496972414459783,1680.89147145844,1658.85743724296,0
4.2,1.87306506949163,-0.311233997344971,0.120483321747997,23.9024323875115,-6.62964261684737,-0.457149440982009,1.7777682630818,-13.8396752818948,20.8480473775365,0.323981298895688,1700.06830750845,1658.85743724296,0
4.21,-1.32190492044414,-0.135143220424652,-0.0283079922412945,16.1652375734395,4.47772932150926,0.151026829386745,-1.34478916723613,1.13050432502942,16.7979844593475,0.173027450634041,1687.46017041843,1658.85743724296,0
4.22,1.48032893047228,-0.365783631801605,-0.00620447753823061,21.7932997655504,0.125821444922644,-0.0431605303364904,1.44348186545282,-0.698177826822292,21.470498407935,0.0309406579824391,1702.29128950733,1658.85743724296,0
4.23,1.3886850511577,-0.657421112060547,0.0428569171824538,20.9228968038659,-4.15758064789087,0.0909405771716111,1.47824958822454,-4.48064344542742,20.7969386107876,0.000606739719001835,1717.59833133084,1658.85743724296,0
4.24,-1.44259558538624,-0.470489174127579,0.0946947716925403,18.8318878622927,2.76762900672416,-1.06064737825561,0.9702007589555,12.6905461127371,-14.0727384197322,-2.27535575793104,1704.61408130753,1658.85743724296,0
4.25,-0.769206741074902,-0.341318398714066,-0.156183779860357,17.4919478533382,1.06774368457762,-0.499915718377554,0.533702956477587,11.784977121357,-12.9183438398931,-2.37165140161813,1697.92624281505,1658.85743724296,0
4.26,1.1287279951872,-0.549380123615265,-0.00733772396797002,22.5560437438653,-0.350274750001438,0.754216979034105,-0.920646652083938,15.0480928313919,-16.9631671741726,-2.44415960444306,1710.67468566145,1658.85743724296,0
4.27,0.360213172933608,-0.667832851409912,0.0403091060370706,25.07501621897,-1.98218743823961,0.206521820418529,-0.297413636731488,16.887739018204,-18.0993066213577,-2.45060787844898,1715.949888956,1658.85743724296,0
4.28,0.721638079014052,-0.829572319984436,-0.0313351116208949,21.5029480813222,-2.99978035419033,0.465238460009577,-0.625180537942951,16.936629655928,-13.2390729431943,-2.40595721815314,1724.54678943401,1658.85743724296,0
4.29,0.347792167802129,-0.929127097129822,0.0541664658179728,21.1590997686538,-0.439317889856692,0.250637706049241,-0.249212173589017,16.1573901713357,-13.8719612108533,-2.31359771284587,1729.09317959719,1658.85743724296,0
4.3,0.0828159816723251,-0.968467950820923,0.094243010579456,19.6296146025365,-0.56518406088067,0.0276757055860527,-0.0413930610286991,16.789029935905,-11.0744134042755,-2.19982761607141,1730.45011954773,1658.85743724296,0
4.31,-0.621318283461421,-0.877147257328033,0.116941276055694,21.4532634219401,4.92600107233187,-0.613898867935996,0.474529070675816,16.6333366265075,-15.2795094390053,-2.10388415120134,1724.37993196854,1658.85743724296,0
4.32,-3.19969624586436,-0.370323657989502,-0.0243605716960556,17.9752705694892,2.39360436692217,-2.63224170082471,1.76264124947565,13.5620728055391,-12.1117921495078,-2.14126378162341,1694.71329056219,1658.85743724296,0
4.33,-1.93042483314734,-0.0212322175502777,-0.21872195066172,18.9427697337495,5.16872067323515,-1.28556769358828,1.43411882494443,9.54318541765972,-17.1190478755851,-2.35259403891359,1676.79290085037,1658.85743724296,0
4.34,1.91066358218736,-0.319786936044693,-0.0751501859569435,25.7024220579162,-1.98980500175767,0.999435489879253,-1.57780837008193,15.5424457460681,-20.0601010307241,-2.55615740619752,1696.23604312456,1658.85743724296,0
4.35,-0.138102139382772,-0.36896088719368,0.0235068506624001,22.5380524345332,-2.42555892990618,0.110671637137756,0.0190514409905528,-22.3623430479133,2.91434159244189,1.34514354196531,1696.73121987937,1658.85743724296,0
4.36,0.906838289020298,-0.538431763648987,-0.0816668069360573,22.4744654566429,-3.55057678794892,-0.816495972027884,0.348941349569598,-21.7043471330628,3.19067388597823,1.25287841553444,1706.41613801522,1658.85743724296,0
4.37,-2.18778666021927,-0.193048000335693,0.0391448407586669,16.5320905048758,3.25777506614731,2.03825789516191,-1.07231828424387,-13.4544794194004,9.87607292236985,1.11390251164503,1684.60424047529,1658.85743724296,0
4.38,0.254334895121195,-0.223299145698547,-0.111155604612541,23.7646893534276,0.629086625627051,-0.217634320481706,0.15253039186361,-18.4156827318619,15.0679375429311,0.910397777098032,1688.56192506075,1658.85743724296,0
4.39,1.87469218134061,-0.539573729038239,-0.0096235752468894,20.6358072481947,-2.90973157569933,-1.22469120692076,1.29200958513333,-16.5654669300751,12.806930414007,0.789247567045942,1706.57123320856,1658.85743724296,0
4.4,-0.989586879231045,-0.436014533042908,0.0102391769337681,17.5110944781889,2.26698293839757,0.557131185395666,-0.738061865601129,-9.6121294691688,15.1763091863541,0.702029010851458,1698.30923951215,1658.85743724296,0
4.41,-3.10101734693761,0.0767316967248917,-0.385353943878555,16.2656781030502,7.84379562635019,1.27820233907283,-2.87344457565314,0.0379899551217342,18.0283098846967,0.472936227346476,1668.34504959148,1658.85743724296,0
4.42,1.50820659752592,-0.125424981117249,0.136927763097769,24.3537722135495,-6.25455518839308,-0.158537712119205,1.48892955375403,-10.648065861232,22.55528317587,0.190441286131457,1683.54350331356,1658.85743724296,0
4.43,-0.211256606242217,-0.139013767242432,0.0953403287043324,19.217764112024,0.689488376490383,-0.0155644626085681,-0.19379669862813,1.12320837073312,19.671543799711,-0.0382024169996439,1682.56854239561,1658.85743724296,0
4.44,0.908498761949912,-0.317726582288742,-0.0963866443842053,24.3543043395035,-1.22148999386545,0.243162499477712,0.879583989661361,3.93908242828846,24.3554621542212,-0.231317747006333,1693.12761083072,1658.85743724296,0
4.45,1.38033027993261,-0.579135060310364,0.139248328019331,23.6268096055943,-1.73877736145314,0.46776110738475,1.20935130497542,5.74374937466449,23.2991351121005,-0.333580225613896,1707.20879444522,1658.85743724296,0
4.46,-3.12370444051102,-0.11286723613739,-0.154458370814379,13.240552198839,7.08714916754738,-1.58527650193112,-2.62839674646364,12.6787727163842,8.32828212997318,-0.494217084349732,1677.96254105002,1658.85743724296,0
4.47,-2.03021468323874,0.270724147558212,-0.316926940154562,16.4130590914999,6.03709431564722,0.0154850905694635,2.10192958279421,-5.29266194227019,-17.1478520390662,-3.08789765611239,1657.95569494051,1658.85743724296,0
4.48,-1.45971362958321,0.544501066207886,-0.0926934515262562,18.2667842755324,1.73349826890723,0.644524707021854,1.39010979918626,-8.76644613146815,-16.1088185015575,2.72938491259996,1643.89086383499,1658.85743724296,0
4.49,-1.66197451277133,0.844383120536804,0.0406611633679318,19.084866544202,2.69979159029398,1.49934604397874,0.906043158415358,-17.5510559638052,-7.71300335400566,2.15262844777831,1627.77402817523,1658.85743724296,0
4.5,2.06361837105143,0.522536396980286,0.164280752234186,25.4532243804141,-6.54992864697954,-2.03551169811384,0.0805044794445142,-24.8225986318084,-7.06311563130903,1.59539412888103,1648.76612640584,1658.85743724296,0
4.51,-0.753833934582902,0.576097965240479,0.0818805726803901,19.4235160070365,-1.53937262131182,0.606417557574481,-0.280585606128901,-18.1756199204934,7.72359030768527,1.09526967426036,1643.3916468198,1658.85743724296,0
4.52,-0.0502579143207353,0.583352863788605,-0.132187542768629,18.083766866397,3.12646281557603,-0.0480380645636462,-0.0610348722065773,-6.59457730162741,16.8011878759617,0.576218257452324,1643.59990833829,1658.85743724296,0
4.53,-2.34187182513615,0.938804864883423,-0.0543920478884549,18.2167171926343,-0.357416224081837,-0.036320049995165,-2.25077294293679,-0.254431155720972,17.967424758862,-0.02025550129752,1622.68547245926,1658.85743724296,0
4.54,-1.73979049282649,1.26083707809448,0.0487632951354639,17.1254001124913,4.14059339851966,-1.26309744617531,-1.224739048068,14.5173448720163,9.73305384448279,-0.75451623848408,1606.06490915033,1658.85743724296,0
4.55,3.136838695816,0.777065396308899,0.0505982912995569,25.6729653796618,-4.67249703811377,3.06557110468719,0.308281007849157,24.6697216085955,8.70346511717274,-1.43501319674503,1636.87343207561,1658.85743724296,0
4.56,-1.02033176580409,0.858776211738586,0.0989000217932618,19.5269516323103,-0.0570384127911735,-0.853572333149542,0.431502070280808,17.5109403547399,-8.99454003819764,-2.03130550665735,1628.90076933036,1658.85743724296,0
4.57,0.781954827214655,0.718802571296692,-0.0752213718472931,22.8871175657772,0.0492369364513593,0.410691954620862,-0.714334821712667,11.4749487697306,-20.3003652095365,-2.62256511643359,1638.25403531432,1658.85743724296,0
4.58,0.144935624870439,0.657682001590729,-0.131748988055522,21.693009970136,-0.17041295569764,-0.118433872807638,0.102033562837252,-16.2028109385238,13.900253209472,0.861852893925863,1640.99800221014,1658.85743724296,0
4.59,-2.06893519176162,0.984112441539764,-0.0637582892064855,15.3360495175689,4.73613658243393,0.421315191066913,-1.99807859948735,0.24655579880385,16.1616555553849,0.251533659366799,1621.49327765645,1658.85743724296,0
4.6,0.202105724797759,0.967752397060394,0.236167878712725,22.4704790669702,-2.59565870151591,0.127688332300821,0.178276216570225,7.11525671484126,21.4980082384319,-0.416936429891456,1624.80451626182,1658.85743724296,0
4.61,-0.873586428719078,1.07855308055878,-0.156765821523225,19.0189104340551,1.32477847936844,-0.72741342474949,-0.321600323608364,18.4933288891823,7.03745723111572,-1.09783046511501,1618.13920552081,1658.85743724296,0
4.62,-1.81018312822839,1.36707401275635,-0.0136129696707922,22.1792664102751,-0.33735624637849,-1.74669510173541,0.527153759340517,21.0536854845785,-6.27919423469226,-1.86299768372231,1602.03096065675,1658.85743724296,0
4.63,1.37818802844602,1.16485917568207,-0.0221312615518611,19.4242294387847,-3.25206132850038,0.632853694063925,-1.25952483640285,12.0506010630569,-15.8053996919727,-2.63439828721,1616.07329071704,1658.85743724296,0
4.64,-1.88762422536202,1.43220055103302,-0.117971448361,19.424825490035,2.68425297535305,0.576726071367016,1.80415461729469,-8.24758033060241,-18.1474905511413,2.86571545265531,1599.02888684351,1658.85743724296,0
4.65,1.58015182980681,1.19848728179932,0.169644574732888,22.391195043581,-4.55724805143468,-1.41024623974303,-0.69210638664221,-17.6196394752105,-14.4687872654148,2.07977189212289,1615.11987071943,1658.85743724296,0
4.66,1.39722438602166,0.935723662376404,0.192167857938348,20.5639308679337,-1.455856544121,-1.34175362724622,0.24785306895343,-20.646193847558,2.19626137724531,1.40636608058415,1629.37985354901,1658.85743724296,0
4.67,0.175252262698061,0.865007758140564,0.0930563722749535,20.9444481233792,-2.68975672581615,-0.0872949249054513,0.160713710483412,-16.798295168319,12.7388231499395,0.794962468860145,1632.24093365331,1658.85743724296,0
4.68,2.71172762315143,0.407208770513535,0.125408477230132,22.8256339639274,-5.2282456024935,-0.655735083674802,2.5953391169816,-12.5597252814847,20.1958406336481,0.294509123730897,1659.34784747381,1658.85743724296,0
4.69,-0.252288963060546,0.364072859287262,0.105394003633205,23.3106331954796,-1.32586595302563,0.00993450016208194,-0.218421091492083,0.870649809924812,23.4616338030476,-0.109004719632853,1658.97472658934,1658.85743724296,0
4.7,-1.71902751260633,0.641395688056946,0.00198972749830188,18.9707172330658,5.84279172028033,-0.442499531712789,1.71731885814294,0.764225333606216,-19.6075551107461,-2.82755892004017,1642.67715304126,1658.85743724296,0
4.71,1.59801126990199,0.3975889980793,0.108490347240846,22.8857097561613,-4.44682340471681,-0.321501523617594,-1.52801060949339,0.804233997898608,-23.586420834391,2.99046499823399,1658.94759505305,1658.85743724296,0
4.72,0.125924182390933,0.337437570095062,0.130047700133429,17.1395119132636,-2.56943267666239,-0.119510011769263,-0.0923613511505817,-6.49978331335466,-15.6991660614157,2.59170001088259,1660.7141858059,1658.85743724296,0
4.73,-1.13242164690714,0.521100103855133,-0.0992522564509308,15.7138295180061,3.56189726853166,1.0048023486931,0.580697954183175,-15.0104045918806,-5.76194392437697,2.15758783870418,1649.67615852829,1658.85743724296,0
4.74,0.352013602108354,0.455451309680939,-0.0785604522935818,24.3971912432348,0.662085032982161,-0.351274550125887,-0.0647021681209297,-24.1637207947204,-2.33765230135632,1.7027005502141,1654.7617660875,1658.85743724296,0
4.75,0.599861463921585,0.332721441984177,0.0555571462908105,19.5445465120512,0.42405538347342,-0.597709386443742,0.166784524886022,-18.6131021785262,5.60895747189058,1.29165357490539,1661.49216025064,1658.85743724296,0
4.76,0.924475094004904,0.146925166249275,0.130690872369966,21.0844160212486,-1.74197056592057,-0.742103394786044,0.585090351300171,-18.2030074283616,10.8662255752551,0.943422531846403,1671.8005252776,1658.85743724296,0
4.77,1.36657369477137,-0.104745358228683,0.0234161564900699,20.9457649590037,-1.36054511402663,-0.801129562043776,1.0293867761028,-14.6162342458952,15.7514410031398,0.683582514808816,1685.54936844665,1658.85743724296,0
4.78,-2.55615661025329,0.263703674077988,-0.0754164661622756,15.8222582524857,4.1080980836375,0.851803895745767,-2.34098457078666,-1.90666573143804,16.4890359058368,0.386167038507224,1662.22366943296,1658.85743724296,0
4.79,2.35630085751929,-0.082238107919693,0.0549330322913876,21.835705530091,-3.82961779897664,-0.128834310782139,2.32177039245793,-5.49810875382202,21.2214611128104,0.0876123526386472,1685.08225586657,1658.85743724296,0
4.8,0.817471119172619,-0.278932720422745,-0.0474102586976867,22.1402008062468,-2.96404886706862,0.122537979819217,0.767821214424679,-0.454793994745807,22.943509612949,-0.0924261379302695,1694.07337363405,1658.85743724296,0
4.81,0.536905570881952,-0.42048168182373,0.154838638437886,19.9857093103794,-3.27818939594488,0.21076549483073,0.619065706352137,0.657488921102624,20.4126632249858,-0.213557653181519,1701.21540981194,1658.85743724296,0
4.82,-1.01210811241424,-0.25768569111824,0.00201871658103855,16.7459309751484,5.63705269962291,-0.485339924989512,1.02025915747453,3.81152727650209,-16.7137116688962,-2.60095000584947,1690.61476021689,1658.85743724296,0
4.83,1.92963366422862,-0.575702846050262,0.254086702981377,22.0207192184471,-4.30287863870873,0.745079658671911,-1.79803128303888,13.5282548804596,-18.1242616158753,-2.70151052104739,1710.36325083517,1658.85743724296,0
4.84,0.175468906094022,-0.679475545883179,-0.0664791429779937,23.3727565990681,0.973229097207588,0.0925768156172058,-0.190673434028333,9.26393847943217,-21.2034494998383,-2.7162880623172,1713.9827699638,1658.85743724296,0
4.85,1.24854534791392,-0.926512181758881,-0.0188458769372375,22.7039795250156,-2.22401833798279,0.561829577045435,-1.16608190717699,11.7963553995034,-19.4993407780304,-2.66665140432642,1727.77531714649,1658.85743724296,0
4.86,-3.50826459398028,-0.411772161722183,0.0201907726538346,17.3344776065874,3.84462365151929,-1.42646674014736,3.12806042462436,3.77005519806046,-17.2553950772095,-2.68771476908776,1695.51504308005,1658.85743724296,0
4.87,-3.12871829688693,0.141990423202515,-0.286533017150095,15.9017057804573,7.50007652251585,-0.481282788713355,3.0737816981553,-3.94874147700773,-16.8385852201615,-2.93752932359644,1665.62531864548,1658.85743724296,0
4.88,0.784374698802455,0.043352872133255,-0.0152852063860332,22.585472180956,-0.0848139027543387,-0.103041291624711,-0.850978098552781,-2.72888877003183,-21.954729567007,3.02121686764396,1674.65680770699,1658.85743724296,0
4.89,-2.33934926647554,0.420118182897568,-0.0400221318765227,13.0588904861649,4.49309535991921,1.22258908850584,2.05516270785264,-10.0668816676759,-9.26779665814724,2.64366382817769,1651.37280310989,1658.85743724296,0
4.9,1.45286992339532,0.193904712796211,0.0629741465911669,26.2711885774689,-0.193083120856153,-1.16153280968066,-0.904870304799566,-20.4514250064191,-16.8582752096645,2.24031659586095,1667.23131277014,1658.85743724296,0
4.91,2.013666282897,-0.191538453102112,0.077404551454089,22.7457057086723,-6.45426304041588,-1.92866575983411,-0.678435437643881,-18.3615177497225,-14.9053863811455,1.97424848396466,1688.17638340929,1658.85743724296,0
4.92,-2.27015991210724,0.128042817115784,-0.162795528032253,14.9840154485917,4.14770964096608,2.2214905652599,0.222114756392546,-15.1873219904055,1.56929473368171,1.70432231941328,1667.00728341065,1658.85743724296,0
4.93,1.36978439162491,-0.0634089112281799,0.0786864799674743,20.9828490023868,-2.25681388085344,1.02243910278158,0.851684875898546,14.3462131415832,15.4829479481466,-0.844920287846245,1680.53404776978,1658.85743724296,0
4.94,1.50725884299776,-0.370355367660522,0.0713875613775516,24.2394209678243,-2.01373710949787,1.33614166551337,0.755596685215324,19.9252226013844,14.1015477036346,-1.03043444047032,1696.98468537518,1658.85743724296,0
4.95,1.5902027663351,-0.683708429336548,0.0115046214460448,20.5207627873645,-2.21908355043127,1.44464160722346,0.696045956516013,17.6333777339421,11.4084887501639,-1.0948020736386,1713.54134593932,1658.85743724296,0
4.96,1.4224441443733,-0.979235887527466,-0.133426403424859,21.131443952606,-4.25573514719912,1.32394794512564,0.674842742025081,16.3957307717344,14.4552206861054,-1.04197566216551,1729.01730090695,1658.85743724296,0
4.97,-1.34377635419499,-0.822007179260254,-0.116944106486246,23.9204505432608,1.5440487233559,-1.16025718246066,-0.736779025271549,20.5361974660425,11.7332521602322,-0.976537091551043,1717.50578096038,1658.85743724296,0
4.98,-0.642289043269268,-0.713542938232422,0.0303859856648276,21.1728063944277,-0.446855114848307,-0.562736869371435,-0.396635453849013,16.8808966803758,12.2301578871758,-0.973763156483434,1711.96440717525,1658.85743724296,0
4.99,-3.2698023464904,-0.188937216997147,-0.270270337484031,15.3711419439509,6.40087047111642,-2.93261465814292,-1.31963507093348,16.789549576258,1.21115092958112,-1.10630939077206,1681.23476424875,1658.85743724296,0
5,-1.27616431062127,0.0548183917999268,-0.273596535890961,17.5933001849328,4.03038813764389,-1.22718425888436,-0.123430323500859,17.9701363147345,-1.48443436675807,-1.39265130850113,1669.63748390671,1658.85743724296,0
5.01,-0.937451417357822,0.195472523570061,-0.0485582543131698,20.2554154401759,2.56943284398516,-0.829157742974909,0.199913459752687,19.7835928737103,-6.08860147837992,-1.74690029721973,1662.49933994347,1658.85743724296,0
5.02,-0.957902450277628,0.372751533985138,-0.0530131412719608,17.9003682299329,1.85189335685526,-0.858554451523304,0.6418583486467,13.9017168170314,-12.4337152565363,-2.16327218428263,1652.76796445257,1658.85743724296,0
5.03,0.787137386345672,0.243028372526169,0.0890862952931366,21.7404575952583,-0.0432201358115918,0.407949112273825,-0.674113063675698,11.9424152168096,-17.9098145072357,-2.58205584287462,1661.47391897422,1658.85743724296,0
5.04,-0.768616341016599,0.332846105098724,-0.230842033111541,20.0855400337792,-0.671997399776903,0.671914656878181,-0.378836467402848,-17.9801381112837,9.69790255740656,1.03892955250052,1655.21612885719,1658.85743724296,0
5.05,0.81474287017059,0.175868943333626,0.0704969386588049,21.8739564391142,-1.06135949137455,-0.51988170931177,0.747831168957431,-14.3029827016064,16.4577047752289,0.642883306002561,1665.14557635694,1658.85743724296,0
5.06,-2.52473456564978,0.537985861301422,-0.112269429712351,19.674163248736,6.05734328589082,0.37287997938877,-2.4426269948209,1.61012557497523,20.3425282131135,0.198827194592542,1642.54880370669,1658.85743724296,0
5.07,0.728997580074239,0.438314706087112,-0.0112533627853311,18.6430354572634,-2.94240374991499,0.299749756473948,0.793222445767933,2.96900320087036,18.8823003426438,-0.296617916097976,1651.00479033831,1658.85743724296,0
5.08,-0.96137377393803,0.555829882621765,-0.0617762043630916,20.6878733712514,0.307385001486634,-0.654812403563423,-0.6400120593649,14.5148540540299,14.1138544113469,-0.789753257074351,1643.18987058051,1658.85743724296,0
5.09,-1.05099491672295,0.723491251468658,-0.243926850854077,22.4454592751249,1.26649332052069,-1.05567995487365,-0.199642536637619,21.9256121045329,2.94542609438245,-1.34454631283997,1634.25958961905,1658.85743724296,0
5.1,1.56920302476618,0.461184024810791,-0.0517526169438312,19.0306975245015,-2.34242125659282,1.57721027079511,-0.531104539821762,18.7665322448694,-3.63065776784966,-1.8697653841166,1650.84009657643,1658.85743724296,0
5.11,-1.13180984561914,0.606617212295532,-0.119433491962351,16.6673483256528,4.00656379093458,-0.726518601422638,0.852526157210917,9.12316793461101,-14.2780870056058,-2.3729655927652,1640.53491337299,1658.85743724296,0
5.12,-0.577053490522182,0.711576282978058,0.070376440660999,17.7077736325785,-0.440019378390385,-0.124003147789142,0.556817999787869,4.06347111000316,-17.5729621631394,-2.93224103839426,1635.62136578924,1658.85743724296,0
5.13,1.33087493149237,0.489162683486938,-0.0266110927559513,19.8618442134887,1.38183229845177,-0.388190218614558,-1.30034755060802,-7.90383862536047,-18.4731010060048,2.82591088412295,1649.46940224105,1658.85743724296,0
5.14,-2.34141238794995,0.829831600189209,-0.0510873885174069,18.7510006567147,2.34378348041708,1.84917604022571,1.4605087050176,-16.4771217051519,-9.21851522648358,2.2709181286444,1627.91907288441,1658.85743724296,0
5.15,-0.00364839349466032,0.872226417064667,-0.0957566567897479,16.5105115700943,1.1464767194318,0.0273411880139644,-0.0323056098952237,-17.0832535540286,0.537522678468263,1.6368272978615,1627.85288423154,1658.85743724296,0
5.16,-1.77439398950499,1.16363704204559,0.0786408800082139,15.499988711088,2.67210751288106,-1.76373321214183,-0.388447765750753,16.1952293868554,0.549653534994445,-1.31247368716932,1610.81371465679,1658.85743724296,0
5.17,-0.0283969434065087,1.18715763092041,0.117731605515928,19.6550676463016,0.0383365930487103,0.0183056785769549,-0.00350436412972936,16.7153876345014,-9.38309159397393,-2.06873471486059,1611.5691858802,1658.85743724296,0
5.18,-0.588811422693396,1.25569653511047,-0.0761754149822009,19.6842825011815,2.87857351380163,-0.0999749903102989,0.489081435167024,3.52591076206188,-19.4499545956313,-2.83608863005257,1607.71447422477,1658.85743724296,0
5.19,-1.28324842623849,1.46289658546448,-0.0925261644632884,15.8359018318406,-0.454272207876332,0.604497304683692,1.0587663607511,-7.85597771197032,-13.9459396700284,2.62314292773643,1596.29675199284,1658.85743724296,0
5.2,1.75077234667241,1.20493364334106,0.0146000927459278,22.752474063648,-3.77997952744321,-1.59520302604224,-0.35080298191527,-21.4083477047073,-8.24179510447175,1.82080632969914,1613.2316148893,1658.85743724296,0
5.21,0.182182620640269,1.12870955467224,-0.004867547055442,17.3954751348712,0.444269886547472,-0.224263205844123,0.113060000074574,-15.35245072466,8.16295283259352,1.09152006905564,1616.22486361886,1658.85743724296,0
5.22,-0.328722682289764,1.16134095191956,0.0953639794976086,20.8424152949152,0.675786203500698,0.0925516063101358,-0.307433774942425,-6.4378493480934,19.8481938352942,0.365404883381554,1614.26371524743,1658.85743724296,0
5.23,1.09588938991815,0.951069951057434,0.126234270165313,21.1295423222298,-2.33152322705859,0.435930747296139,1.15812083789147,4.4392093969183,21.0673917526204,-0.31962969802941,1627.21857706015,1658.85743724296,0
5.24,-0.287861841896993,0.959451377391815,0.126125158156292,19.7317235919195,-0.291944040668949,-0.215644967729258,-0.164361784135231,16.0647788779876,11.9876100421383,-0.963657364850705,1625.63486612521,1658.85743724296,0
5.25,1.92524551404206,0.638742625713348,-0.0428578225342374,24.296062205125,-3.4109738083626,1.86402378829651,-0.00851804006158335,23.659361529848,3.71140315227999,-1.54139862343803,1644.99130438945,1658.85743724296,0
5.26,0.665910911260798,0.496605157852173,0.0144776465794026,16.4759102763984,-0.0648315423523104,0.578869360734212,-0.277380680202408,14.8700811782833,-7.51308778467454,-2.02452597671673,1651.51554803877,1658.85743724296,0
5.27,2.30717933608448,0.0764820575714111,0.11762196751862,24.3271668719295,-5.04486816996514,1.52421221835086,-1.8097502683488,20.3844786206081,-13.8001670856738,-2.39374002346861,1675.88394311603,1658.85743724296,0
5.28,0.523962945820039,-0.0590263605117798,-0.096062966154016,20.6997612763254,1.73363909945469,-0.411500679599182,0.0445122637265716,-20.6013851028324,5.93410233535448,1.37620488378033,1681.12593368616,1658.85743724296,0
5.29,1.0487217046212,-0.263884991407394,0.036703695383251,21.7818933586767,-2.87469542060296,-0.952729704769592,0.454809004577897,-21.1078786438121,5.93985163665047,1.17618183807893,1692.53502823088,1658.85743724296,0
5.3,1.23924013916797,-0.519285917282104,0.0649545401258139,22.3429493271844,-3.92490272998238,-1.10499928434789,0.682395675226284,-20.7871248190885,7.68265657056172,1.06845349197433,1706.30830882714,1658.85743724296,0
5.31,1.3568983385373,-0.778645277023315,0.205625045922115,22.7595453205282,-4.52773569148456,-1.05960246672769,0.694285556591299,-21.7280565428638,7.18490042991064,1.0608098679367,1719.84595161675,1658.85743724296,0
5.32,-0.484134266082603,-0.755709171295166,-0.102447782309978,18.6429014397386,-0.205441992830175,0.369361500812677,-0.172128074722845,-17.1557518523154,7.88972641111962,1.08990045138318,1716.68762363616,1658.85743724296,0
5.33,-2.85686710200781,-0.282241970300674,-0.0894043689850245,13.1444298185337,5.4724233322011,2.36350311626395,-1.64143105653125,-7.99840016814666,11.353883566555,1.00210376523798,1688.61383371453,1658.85743724296,0
5.34,-0.958759671362306,-0.104691833257675,-0.211196383164484,21.3763471829865,3.72520024683224,0.608693629660744,-0.709162118665055,-12.8248600675033,17.5872750505504,0.783653183894842,1680.66863153052,1658.85743724296,0
5.35,-2.45893664038084,0.29863715171814,-0.0616922476551902,17.9864494259419,0.367140092874761,1.06058872461524,-2.23831906529396,-7.11540573652811,16.6309969201278,0.450690519412512,1657.62050132147,1658.85743724296,0
5.36,1.9078841770539,0.00927183032035828,0.153896731068307,22.9937986853685,-2.53128797907617,-0.147093646555148,1.9320423756429,-5.19401686842226,22.4531916159147,0.105942888443294,1677.07664016178,1658.85743724296,0
5.37,-1.22356366139943,0.157030165195465,-0.0612879528875423,19.3221065752222,5.93351985520073,-0.371868850830707,-1.19044913234985,9.60780747868429,17.5791960867757,-0.207290003370127,1666.07283592242,1658.85743724296,0
5.38,-2.61003578640648,0.57754248380661,-0.130739810657248,17.3099465021039,2.17513929297178,-1.56988983534971,-1.96806947460563,12.6769191314307,11.9994228476772,-0.649326741277364,1642.49236333031,1658.85743724296,0
5.39,-0.249917295591597,0.67269104719162,-0.0410223700770697,16.7790928886153,0.161772351656929,0.112677593028903,0.332488625381899,-5.38144366342218,-16.0675817800142,2.84310768137281,1639.3043200645,1658.85743724296,0
5.4,2.307291099693,0.272912353277206,0.238279517796728,22.8548290626373,-6.09083999503131,-1.72766401632264,-1.63707491721066,-11.6971073914979,-21.3946878192138,2.38309281694693,1663.44806126552,1658.85743724296,0
5.41,-1.03067495188017,0.379268884658813,-0.0390052859144714,20.7039315474327,-1.84895142353943,0.958761575155685,0.441139819255687,-18.3145501838894,-9.38014681564303,1.97801510272713,1654.62058575073,1658.85743724296,0
5.42,-0.725602082941212,0.492477089166641,-0.221622268805415,20.0612172188168,1.68270649518575,0.691427340038531,-0.067975582792683,-19.8888511948792,2.51550229076092,1.51867110798835,1648.77424344418,1658.85743724296,0
5.43,-0.473918859252499,0.569757878780365,-0.0861267230514579,18.632196183085,2.75583637514149,0.374018958878695,-0.270358956405244,-14.4473410692853,10.9054163861372,1.02397252896755,1644.95107011985,1658.85743724296,0
5.44,-0.960291437842274,0.726676344871521,-0.059812804703588,18.9369511482221,1.94148679887428,0.424487661742159,-0.888427371731365,-7.21733102141453,17.4480213715202,0.482628437468265,1636.1644634555,1658.85743724296,0
5.45,2.02320265673633,0.396950334310532,-0.13973842877169,26.8718324726608,-2.43756459376814,0.0816799919390478,1.94727522483519,-2.31317100401512,26.6471881236667,-0.0136278306196715,1656.79085129702,1658.85743724296,0
5.46,-1.25838601858384,0.552740693092346,-0.0724345981820376,17.3307100832121,2.00935767825509,-0.609207545586536,-1.09744586030048,9.60887169163464,14.7304612585432,-0.476954187479913,1645.44552240212,1658.85743724296,0
5.47,2.21377145463334,0.195539101958275,0.0409512431413956,25.2147146143131,-4.03991477075865,1.75392249640929,1.29777963782451,17.1908312211858,18.4397270872139,-0.89867779121291,1667.92361485449,1658.85743724296,0
5.48,-2.72374403000088,0.555073916912079,0.0338278542258021,20.0277156864065,2.42146642367631,-2.58091072768855,-0.59010767170714,20.1777395006494,2.52004568257585,-1.32618501661679,1644.13441996555,1658.85743724296,0
5.49,-0.039415267766521,0.574314832687378,0.114035795750644,19.6001314310742,-2.13555138742108,0.0742864791126938,-0.0556809493562361,19.6476000811264,-3.53962807003565,-1.83595169756313,1645.59725610186,1658.85743724296,0
5.5,1.66639530342856,0.259393066167831,0.149222653270042,25.3852475924987,-4.13186879301434,1.27608224317905,-1.1724839467503,22.0421091454591,-13.6352678075331,-2.26995723248806,1664.20970826738,1658.85743724296,0
5.51,-4.49060134824533,-4.59999990463257,-0.156936248672358,12.2514678539385,8.49308534459301,4.27282191437515,-1.4619865779971,-9.77741413274593,11.5296745301972,1.2789959617307,1628.58505836414,0,0
5.52,-5.11131296919554,-4.59999990463257,-0.250884227674024,13.9695522079543,8.76158282240816,2.24179222725202,-4.7255107007176,1.53567502017254,16.5045963564318,0.478896549248387,1581.70346041497,0,0
5.53,-7.47520455015347,-4.59999990463257,-0.194215447595834,11.4453193720038,11.8457171781855,-5.2672958559638,-5.40840647060963,16.1634822179502,-0.167055736537078,-0.738868430982256,1514.52712256623,0,0
5.54,-4.87706894890219,-4.59999990463257,-0.0334660599588752,13.1202789313962,6.61458620093342,-3.30779627965008,3.55201174324649,4.58228865604011,-13.6448313737974,-2.36454985888161,1470.91493951918,0,0
5.55,-4.80297219790808,-4.59999990463257,-0.117465575342731,11.5920251254431,8.08406348275421,4.46490052230241,1.7355579118568,-14.1107553454517,2.77523231981842,1.97697889834657,1427.85933458974,0,0
5.56,-7.08522431165696,-4.59999990463257,-0.172755007270697,10.1769946452053,13.7697017740383,-2.6967371160998,-6.53333338972277,16.0553097022615,5.26331436561732,-0.352595807974585,1364.64855826757,0,0
5.57,-4.39162669490393,-4.59999990463257,-0.0856938850442814,11.6034349668942,6.88517209960151,-0.211853743863456,4.41040352522801,-5.93891533367246,-12.0763149997339,-3.0609484559862,1324.95729621105,0,0
5.58,-6.58016372376343,-4.59999990463257,-0.0508487415082504,9.4034035780258,5.95545645091267,0.889203179873254,-6.4476006677673,4.41151536642631,10.2354941109375,0.156461713378417,1266.97178291833,0,0
5.59,-6.32965636857074,-4.59999990463257,-0.201242571299092,5.22701028389162,8.24759451885673,1.37912258177476,6.18830837161798,-8.96599713758654,-3.29192863315825,2.94916239059256,1209.61381606404,0,0
5.6,-3.53179559500919,-4.59999990463257,-0.0612765375500132,8.43142152708183,4.70899693301195,-2.78874382364668,-2.22532126597169,9.54088241477265,2.22821372065463,-0.871151249459481,1176.92221712601,0,0
5.61,-3.26382337790273,-4.59999990463257,-0.172117934792193,10.2772790471679,5.27528234063467,3.16705918653512,-0.749161147650357,-9.43692733325768,6.53477735108751,1.36704722773785,1148.03909015097,0,0
5.62,-3.64280414614213,-4.59999990463257,-0.0278330617647663,10.792445812871,2.73741668269705,-0.794600274928706,3.54859669508243,-0.414994884050477,-11.1148938947868,-2.90349103044058,1115.3763779461,0,0
5.63,-3.67511463399665,-4.59999990463257,-0.103678438713516,10.5833497566393,2.41442889139695,-3.30298917109873,-1.50333154889146,10.3211910481367,2.01368226066175,-1.12843000069245,1083.26455514426,0,0
5.64,-4.57439375476699,-4.59999990463257,-0.0588498919962373,8.80447399594626,4.79625626441769,1.59735156405164,-4.30387254221869,1.1980347181571,10.0941624450278,0.377546034770957,1041.94880682301,0,0
5.65,-3.03104982316241,-4.59999990463257,0.132711982580492,8.07206592276518,2.4993605006439,2.97690301533251,0.1241740238631,-8.22194090384891,2.41661521195841,1.63321912298936,1014.90227347578,0,0
5.66,-5.00359632897224,-4.59999990463257,-0.17464892489597,4.81979925868271,4.80617196200087,1.72535289683241,-4.60106028875854,2.09794794660152,5.69084962398302,0.376129279376055,970.568769861942,0,0
5.67,-6.65455355717968,-4.59999990463257,0.0256865727015894,1.64100343192832,5.76984085095812,5.52740176625636,-3.80255712109178,1.55179114414413,5.35969053292864,0.984906826792234,909.871964331042,0,0
5.68,-3.84966167184411,-4.59999990463257,-0.0471413553810135,5.00191218687516,2.6982717370206,3.56183491698975,-1.26727910993769,-3.92614435890004,4.0607630853128,1.24345961697231,875.292109886074,0,0
5.69,-3.07680722791948,-4.59999990463257,0.110615419326052,8.36858218050351,0.30717588718207,2.8395539304534,-0.859631896017218,-8.40746720941749,2.79724627246005,1.27950035297863,848.810284433544,0,0
5.7,-4.27216492544427,-4.59999990463257,-0.207498218608233,4.63583562203118,4.94143007510081,3.62463161551743,-2.02960084415502,-1.4276946827892,5.57281404599381,1.08165032013293,811.060037632731,0,0
5.71,-2.03059520599422,-4.59999990463257,0.113787365154907,9.33774213166212,1.68747863744557,1.32784681468268,-1.71659290523586,-4.67565275541613,8.44417128196903,0.673944688830956,792.010369546416,0,0
5.72,-3.73726065302803,-4.59999990463257,-0.0867291434625115,7.47969552959957,0.914392315871224,0.256292831066031,-3.72210353958689,0.31657463593907,6.70374716838436,0.0737440785311583,758.795220443859,0,0
5.73,-5.38054569066107,-4.59999990463257,-0.0200352728574736,2.57069052198676,5.33446764391976,-3.9730062167751,-3.52415230544689,5.13597807226276,-2.31159172783183,-0.824973178633572,710.21648280572,0,0
5.74,-4.18282546507193,-4.59999990463257,-0.187222689188431,4.79346172954503,4.83394576073229,-3.73319234978095,2.01099043152175,1.5386785715107,-6.52463210603028,-2.04020364042605,672.610636908317,0,0
5.75,-6.55690497539032,-4.59999990463257,0.030978968524436,-2.36107136630993,4.74893010156552,3.00617834327107,5.70045044931306,-3.72408331206553,4.06847726014519,2.67291660634502,613.214173841005,0,0
5.76,-5.07713227997343,-4.59999990463257,-0.0248621162190573,2.16210781749122,2.77693878435855,3.28771790053741,-3.84282791697424,0.853919078032207,3.36403596223113,0.719533942633924,567.965035556786,0,0
5.77,-6.53422391933241,-4.59999990463257,-0.0988751372450845,0.628168087736612,3.76216971208171,-6.42849516459697,0.345309662286191,0.669284433335173,-3.96633159310146,-1.61179700244891,510.672571944141,0,0
5.78,-4.58423733431002,-4.59999990463257,-0.059260358239694,1.17460585422175,1.33602505465716,4.2035128224709,1.77987880188171,-1.5033005032603,0.823098673459035,1.97763941607812,469.515007115406,0,0
5.79,-4.09158901273339,-4.59999990463257,-0.0191380421640625,0.919245997678485,-0.71777112887519,-3.40069576513176,-2.17588040318822,0.943661384853263,0.436694210093237,-1.00054023514325,433.072161801437,0,0
5.8,-2.10032549353111,-4.59999990463257,0.0308472940358896,2.88019254224851,2.01951182772757,1.91002853392773,1.08773047765365,-3.03934170204657,-0.476025565191502,2.0989931330205,413.161606924051,0,0
5.81,-6.97259847949236,-4.59999990463257,-0.116852534657859,-5.02768035420061,4.26622818655116,-6.78641710476292,-1.1886988438925,-4.4584059508103,-4.54190765205325,-1.38649440931369,350.546345809861,0,0
5.82,-2.3302361424067,-4.59999990463257,-0.0839485957308825,5.23305343935187,0.400798316048068,2.10866922918316,-1.07780884038538,-4.38298257446572,2.91167346756052,1.10394278067373,329.02965655527,0,0
5.83,-6.62478239478781,-4.59999990463257,-0.116181342122871,-4.30149341949194,3.04360231428726,-1.03929204841961,6.50195880799601,-3.52053491423934,3.43195864604161,-2.97406524708875,271.449685279016,0,0
5.84,-4.47860892117615,-3.99570465087891,-0.00651364843701481,-2.20914583710621,1.59507232197617,-4.08632418245208,-1.77004413407559,-1.32251284161872,-2.23597265460828,-1.1550384166013,227.30920547394,0,0
5.85,-5.27658494623474,-3.11077189445496,-0.0768984834018882,-3.45611210634649,1.2928088767601,1.66113055208864,-5.00761051044772,2.56988265217739,-2.5932603953101,0.32651110130378,177.21940871973,0,0
5.86,-3.17243912680441,-2.48158311843872,0.256972790706464,-2.41328681256562,-1.58717583268111,3.14952839505109,-0.194011174995067,2.43342950372245,-1.66554721008806,1.49999286492213,144.422052593414,0,0
5.87,-2.93082388345529,-2.00491762161255,-0.222063576603152,-0.903068385292275,3.19373847472692,1.8222492210824,2.1471634092986,-1.8445671083655,2.66273892359898,2.46003556690313,118.408306144249,0,0
5.88,-4.17113623912414,-1.31575036048889,-0.0446071814903019,-2.26528884701205,3.74480072434463,-0.0956732732644472,4.20963734731981,-3.93243993936276,2.26261171635525,-3.10060214030591,79.3187099404421,0,0
5.89,-1.07301631039007,-1.07151520252228,-0.108812847045865,0.698318441274072,0.928393126348021,-0.575816672660132,0.91448064929781,-0.57959957504665,-0.993287938707692,-2.560589587853,68.4391567908304,0,0
5.9,0.292405573708036,-1.12861728668213,0.0522549338119633,1.93966033901403,-3.3622377729279,0.296582970528928,-0.222895750190229,3.44899332622325,1.78839773945097,-2.04404582992909,72.4632477229931,0,0
5.91,1.05069982631846,-1.32256901264191,0.0577385728431488,1.19720371107547,0.0360075121027225,1.03996246563281,0.110909446953813,1.83051229806845,-0.271389223144863,-1.47306686634875,82.951447253318,0,0
5.92,-2.57607681116261,-0.94887638092041,-0.192504180835835,-2.90833005077161,1.54246106709842,-2.09482341277334,-1.43878100759971,-1.54150394325615,-3.49171760772625,-0.953540723735201,59.2052704847242,0,0
5.93,-2.78368738327558,-0.507230341434479,-0.0587961896067082,-1.6285419914989,-0.271320706473042,-1.50534798982208,-2.1649097181505,-1.17965587133276,-1.07450392773331,-0.610226626174626,35.124741998375,0,0
5.94,-2.23006095094188,-0.1266208589077,0.139185419806595,-1.17669866014518,-1.9978247207599,-0.887272500735147,-2.03813869741616,-2.47833070718029,-0.452176534671041,-0.429154135021641,14.8191179964396,0,0
5.95,-1.91542814972467,0.207166090607643,-0.0375896633498881,-3.42137768905894,-1.52024243456391,-0.682715173877737,-1.77675944421245,-3.05696393888966,-2.34786209020965,-0.387273417838221,-2.93761912296762,0,0
5.96,-0.839822409284659,0.391210198402405,0.157680997974769,-3.21059269052514,-2.79093764659426,-0.343139579460259,-0.870947703768646,-4.20085174293891,-1.47044670657047,-0.442952605227121,-11.9652293933632,0,0
5.97,-1.98043928402528,0.707148909568787,-0.256065603622347,-1.72304208107878,-0.881074297928523,-1.08539868562304,-1.61168140338288,-1.26133208266769,-1.11028782211997,-0.597034178062749,-29.6474261883676,0,0
5.98,1.3831498378883,0.537481427192688,0.127701304193734,1.7845222134723,0.17094101315538,0.927466336770367,0.978415457179447,1.50847963458302,0.463513171399775,-0.769942633261264,-17.559889209082,0,0
5.99,1.40621724813702,0.29613396525383,-0.0840767333666906,1.99400008561956,-0.265819969011326,1.06416318496274,0.925102839634805,1.24485466261632,1.63832786181881,-0.849398314198525,-4.42664597217656,0,0
6,-0.44942253230092,0.345633029937744,-0.125770987267402,2.10801366119363,-0.3362597345237,-0.412408595985548,-0.318191284263916,1.81252689384595,0.909570095160861,-0.897625658522932,-8.69014077411683,0,0
6.01,0.626042698725689,0.261139333248138,0.0612257709427344,1.27517435838798,0.879463331213986,0.463458805083762,0.360728685873214,1.64950322680182,0.0594128523666277,-0.940807807339807,-3.14370407782482,0,0
6.02,1.72783617491478,-0.0276966542005539,0.12041961372936,3.95186662667472,1.48471137355464,1.36409641773624,1.11879773813358,3.758805083949,0.937461684924308,-0.9019231748378,13.3600782071697,0,0
6.03,1.26238017993801,-0.253110021352768,0.0885747566621759,-0.948723602173565,-0.768993246169858,0.906989011333701,0.913524335006957,-1.22921247917254,0.693967992432078,-0.760525135354024,24.9016709993359,0,0
6.04,1.27688261413512,-0.470795929431915,-0.0308892789572387,3.96506778669281,0.324386627774394,0.601755617138039,1.04635852125353,2.6648977785514,2.9826383484558,-0.53465671448722,36.4130164912574,0,0
6.05,-2.89858616667094,-0.0578812956809998,-0.0582484757291172,-2.82018698096883,1.29008206422957,-1.05295085663771,-2.67971359299786,0.509708175315538,-3.0650087859092,-0.363527416475474,10.4797553742147,0,0
6.06,-0.877910681350173,0.119612187147141,0.0385863156078949,0.441102552703573,2.20989740179865,-0.314179483717097,-0.810308816295902,2.43723377872318,-0.026141191577315,-0.3164369436322,2.6500196983108,0,0
6.07,-0.314387290670893,0.192445173859596,-0.090342060359259,-2.22937382338143,1.82855800570704,-0.128798817554221,-0.31859256197102,0.480542629101584,-2.65552492631639,-0.310406321878105,-0.881351518113185,0,0
6.08,-0.994856320715665,0.344170987606049,0.0691399245447585,-1.20568225379406,-0.94054945969265,-0.298626544162465,-0.887901211964359,-1.40971333755403,-0.505145406731338,-0.349044865757787,-9.47792042258939,0,0
6.09,-1.50189612170471,0.590637385845184,0.0432794739065437,-1.20871560140269,-0.796965154659474,-0.644711574985713,-1.33542331473638,-1.93707655275077,-0.562067338650555,-0.469656217211968,-23.1037708056475,0,0
6.1,1.34522431778926,0.40374743938446,0.1249928128797,1.79877971666617,-1.41112107966615,0.814837640706971,1.14319740584939,-0.745541227930842,2.28424420834253,-0.592284606937635,-10.4639884066226,0,0
6.11,-1.68500579775124,0.630560457706451,-0.142529576344309,-1.80606191598161,1.23044780749948,-1.09187192104456,-1.2055580263577,-0.778681069543072,-2.43880732713685,-0.723330567051181,-25.1594141498392,0,0
6.12,-1.00072622259744,0.821484804153442,0.022431457342825,-1.8830869402277,0.624828515501319,-0.831436172143594,-0.581996314501591,-1.07769557582788,-1.8005138467179,-0.943874388408138,-34.7242849172023,0,0
6.13,0.317661557852555,0.790885508060455,-0.0854893294329724,1.53618600696024,3.01656541137352,0.277047643063158,0.180230244211811,2.65898527700522,-2.35377890422718,-1.18728933282047,-31.6726909787457,0,0
6.14,0.756572093197027,0.64865905046463,-0.050307629804675,4.26296326479603,-2.16467776986238,0.802150102042792,0.112541894980801,3.69558231340143,2.45110656131013,-1.38844760905079,-23.3665963884691,0,0
6.15,1.61923807895,0.370545446872711,-0.0867928728293035,1.47106376082182,1.62678446277788,1.62861083610284,0.150542272844499,1.55123006695936,-1.69882985899924,-1.50064846178305,-7.61482609363366,0,0
6.16,-1.32854018693929,0.563351571559906,-0.093253726931663,-3.13197279885456,-1.16778201984829,-1.31524693548721,0.0120520406825867,-3.32324123232868,1.70135273672861,-1.60415120430925,-20.5904508490191,0,0
6.17,-1.78171811404476,0.887086689472198,0.0157458618958869,-0.245120119921905,-0.212583741596202,-1.75440329821958,0.43649022286203,-0.18573165091922,0.668059644327504,-1.82134349796144,-38.2613863743003,0,0
6.18,1.95089180368513,0.593519985675812,0.144488391250994,2.56223645609212,-4.10754194275127,1.67726863440238,-0.914680361299153,3.97218874720806,2.30869154191129,-2.02998730107049,-18.717668991267,0,0
6.19,-1.63178159169312,0.85990583896637,-0.155362959064544,-2.285148327252,0.582606630204779,-1.33902410550948,1.04931255236721,-1.81615350511849,1.06674341548556,-2.2323121386698,-36.4422073327359,0,0
6.2,-0.943994694524077,1.06045567989349,-0.0539243815743684,-2.71439466981668,-0.00625942869306093,-0.509472021565321,0.730468927840389,-1.10766731329045,1.89820427404549,-2.53640516971469,-46.151217267877,0,0
6.21,1.38233737927385,0.841043412685394,0.0472873078067408,0.984263169333817,-4.12084731709677,0.371373126134136,-1.37256195024549,4.00936619383589,0.566136682138283,-2.82136531425565,-31.9186910175748,0,0
6.22,-1.69304993677533,1.08687233924866,-0.132947803845959,-2.43268466769367,0.659695938121007,-0.0507614941937041,1.6239900628072,0.212070326800938,2.41822712553275,-3.11382276799267,-47.6524316637618,0,0
6.23,1.30366276444059,0.927251875400543,-0.0246217292263174,0.944616300696184,-1.44833953208488,-0.362685395948063,-1.18113502471121,0.938428826768148,-0.894763720694627,2.86222197302925,-36.2461315474437,0,0
6.24,2.89936756494936,0.4605573117733,0.0755662420294344,0.429584186688704,-1.45451952531099,-1.27705848980117,-2.61850778449851,0.565098178177975,-1.79164809247266,2.6966155659396,-9.57350417650276,0,0
6.25,-1.23997029430307,0.602703154087067,-0.00314823230242555,-2.82625125248155,0.184739125826946,0.649401789061477,1.03196891687724,1.27830070662501,2.79045461428834,2.58619429319358,-20.7013899017075,0,0
6.26,-1.29832099491246,0.830834925174713,-0.0184468213488081,-1.68102006070872,1.92589567879668,0.927682982680353,0.942313151620604,-0.203478333966236,2.18638748815526,2.38880376537615,-32.8386525565774,0,0
6.27,1.53653726740928,0.624901056289673,-0.0288269529804483,-1.63034041781168,0.482589992630863,-1.27859010264919,-0.927590377564362,1.32848234133556,0.945249026753536,2.1986109240447,-19.1511187528278,0,0
6.28,2.6371243230004,0.184760227799416,-0.0240786933485388,2.72597521260693,2.49434997894198,-2.2250205143049,-1.51436352309924,-3.74476923450906,0.348247981295098,2.15099771058271,5.56327095394886,0,0
6.29,1.94441647037036,-0.154433935880661,-0.0870497748709889,-0.64343466775859,-0.56848889469772,-1.51521459282507,-1.22796768744146,0.574370359376446,-0.258747964061638,2.25767518524891,23.0537063591636,0,0
6.3,-1.54411778890589,0.0563265234231949,-0.0504086217032421,-1.72183740265607,1.41335838986979,1.13526244236572,1.13363956246837,0.396479208711734,2.49919300964791,2.37354622193522,8.59180302405284,0,0
6.31,-0.750268613786772,0.186001121997833,0.026920443397228,0.0755358587613295,3.44702727375591,0.5017907009869,0.482804050032083,-2.35798650267187,1.33739079232854,2.41298963392673,2.38756186489075,0,0
6.32,1.65134754858475,-0.0591227859258652,0.127538009718482,3.02006308622315,-0.945710109307226,-1.01673817180636,-1.28099093398894,-1.03462579553338,-3.47692427952857,2.48658183242205,17.5039245555576,0,0
6.33,-0.708808308723774,0.0288407355546951,-0.0385696068248725,1.35404389795385,2.96398331051123,0.47598056359481,0.660980737666885,-3.24270918403588,0.331610824721952,2.58953334075488,10.5929054272084,0,0
6.34,1.92133133281339,-0.252448081970215,-0.0426847418359994,0.338008058904583,-0.35056931698563,-0.782096298610097,-1.77513143891457,0.309233271255519,-0.45648697752546,2.73143265575176,27.9160422526939,0,0
6.35,0.629499008218335,-0.396613866090775,-0.117377468690677,3.70987399960662,-0.325817530935498,-0.12301866063551,-0.623487248383113,-0.198060971602316,-3.52466539634956,2.96068714135953,34.4089141386389,0,0
6.36,1.02130452783975,-0.568831562995911,-0.0204158968741988,-0.0909318573159152,1.85912115485658,0.139879022503689,-0.988564778265952,-1.71028139511122,-0.255894939337368,-3.03553074657739,43.7214729857525,0,0
6.37,0.810326829268105,-0.716444373130798,-0.0389083255343348,3.10259335637568,-0.39454030800815,0.306386844333835,-0.634717866884626,1.63847120644086,-2.97717332308353,-2.68707526253224,51.1636376323229,0,0
6.38,-0.746607390071105,-0.615651369094849,0.111870863589444,2.32727398553391,-0.494197546891667,-0.534696495488259,0.501743276380307,1.74692354373182,-0.971533923555871,-2.33842039411792,44.0655927299806,0,0
6.39,0.900343569147495,-0.757935464382172,-0.0492859812756796,0.805715852254539,1.28473814361968,0.793403606838231,-0.313140532887626,0.0222444850365503,-1.66877895541776,-1.98229602772445,52.8803813518377,0,0
6.4,-2.2652307108079,-0.397655367851257,0.00533736658234276,-1.47308913709525,1.32440675302282,-2.23967735217134,0.255360713341063,-1.92232403705305,-0.382677232884337,-1.67908356069573,30.331532320028,0,0
6.41,1.19447919096382,-0.562212824821472,-0.0645925574190834,2.65166333190838,-0.531187444461238,1.21076816776908,0.174325109385494,2.36771960031288,1.27598654844733,-1.41324370428331,42.1260837737041,0,0
6.42,-0.471865184153948,-0.511901378631592,0.0473987543251264,-0.23311429832255,-2.11630476923916,-0.418459011344675,-0.249007123235505,-1.22314356099812,1.76319248807514,-1.12108927217516,37.6575372536001,0,0
6.43,-1.67579462465605,-0.237193763256073,0.10798560464958,-2.71563020451434,-1.91626315008736,-1.31471300698289,-1.08490936327385,-3.34038979206388,0.0402386695314207,-0.905411416823032,21.6016860345285,0,0
6.44,-2.03166291429334,0.095793828368187,0.0628785010466907,-3.3543499813578,0.0725394067237842,-1.41898687978208,-1.33395128898421,-2.37347894801034,-2.33490544104323,-0.815535547876004,3.39590840405449,0,0
6.45,2.41803788414391,-0.226201981306076,-0.156998940566437,-0.325186255035459,0.103379221829406,1.55736445406806,1.79858814961066,-0.179654703571759,-0.191775481707882,-0.713525305546968,24.3396680806448,0,0
6.46,-2.28745574270872,0.0633234083652496,-0.11348991554329,-1.3444574530051,3.24087220600947,-1.31080379250862,-1.78031870165976,1.83484196441155,-2.77295959248935,-0.606747485034671,4.76167794829016,0,0
6.47,0.131106191592277,0.0758673697710037,-0.113267375462942,2.49762175367655,-0.22701198869227,0.0585714820895804,0.103833293586621,1.69341729490058,2.05747826668216,-0.567433347577344,6.08804981955962,0,0
6.48,-0.471154366425198,0.155008524656296,-0.0616178384684926,-2.22883309044574,1.13281662098643,-0.257152531077299,-0.424200943257415,-1.122462163714,-2.05926701021444,-0.541052227930375,1.21155691522682,0,0
6.49,2.51942182343289,-0.223056390881538,0.199876648650048,3.24555748984245,-2.33369591102906,1.13519591661155,2.25714943884835,-0.938263570772201,3.49616073887142,-0.447308365979151,24.0851236919826,0,0
6.5,-2.59556372442523,0.113835632801056,0.0518712624908262,-2.04497355755378,-1.97314391338868,-0.836428817119931,-2.37673142913799,-2.69591825229313,-1.92412900557682,-0.353177936232619,1.53372673875294,0,0
