t,iq,iq_ref,id,vq,vd,ia,ib,va,vb,theta_e,omega,r,"T_ass:1.27,S_pct:-4.33,kp:0.0424,ki:0.0002"
0,0,0,0,0,0,0,0,0,0,0,0,0,0
0.01,0.00100483018321823,8.83708344190381e-06,0.000571171583991227,-0.0497976922264455,-0.02861464139304,-0.000190833119510564,0.00113995762902105,0.00921814511113015,-0.0566889200271289,0.682745396929845,-0.00191996989312481,0,0
0.02,0.00112148599603221,7.90155991126085e-06,0.000638573267674062,-0.0556770766018488,-0.0319913369308563,-0.000212123309632874,0.00127299267829579,0.0103069261613396,-0.0633809890318572,0.682731440441517,-0.00201896686856415,0,0
0.03,0.00115007102173085,7.72007297200616e-06,0.000655087638023014,-0.0571153944205309,-0.032818671082747,-0.000217327215206586,0.00130559260492933,0.0105715917655194,-0.0650190348974325,0.682717583708202,-0.00193999682841115,0,0
0.04,0.00113349717745322,6.93132597007207e-06,0.000646380561848536,-0.0563262169640861,-0.0323824602468862,-0.000213610276806258,0.00128724291867262,0.0104113426409456,-0.0641316645155831,0.68270521770133,-0.00178401159655255,0,0
0.05,0.00114842102642885,6.62615866531269e-06,0.000655132765252424,-0.0570876807662759,-0.0328209255126111,-0.000216219385779725,0.0013043461853604,0.0105507718812857,-0.064999212760507,0.68269318167795,-0.00169529098468316,0,0
0.06,0.00114772965248508,6.12388157605892e-06,0.000655188215053503,-0.0570782672070506,-0.0328237101147235,-0.000215725548045039,0.00130384716905747,0.0105419428227911,-0.0649937841226057,0.682681954762335,-0.00158284438004634,0,0
0.07,0.0011783778105433,6.12676331002149e-06,0.000672914898959758,-0.0586105059336108,-0.0337117791296017,-0.000221293040976944,0.00133881220327499,0.0108188667675677,-0.0667429964845937,0.682671604002328,-0.00154274284657538,0,0
0.08,0.00114651295002869,5.22336222275044e-06,0.00065530167823032,-0.0570625313506186,-0.0328294030705773,-0.000214843688257327,0.00130297905727258,0.0105262898196223,-0.0649853784534958,0.682661818575773,-0.00138121106574169,0,0
0.09,0.00114564163011662,4.81584538647439e-06,0.000655180556118279,-0.0570393749400118,-0.0328233365731196,-0.000214376260709265,0.00130222852242455,0.0105158034374743,-0.0649636790476335,0.682652815250494,-0.00129039162302406,0,0
0.1,0.00114504004750956,4.44035640612128e-06,0.000655177216223068,-0.0570281011929938,-0.0328231631641496,-0.000213988453563794,0.0013017614362086,0.0105082826139006,-0.0649549102245944,0.682644451159398,-0.00120644238492055,0,0
0.11,0.00114448250611739,4.09152244174038e-06,0.000655174846724542,-0.0570176945601427,-0.0328230549463326,-0.000213628456318848,0.00130132900115232,0.0105012968964289,-0.0649468489801988,0.682636680330283,-0.00112845068612901,0,0
0.12,0.00114396454593053,3.76743173546856e-06,0.000655172649762707,-0.0570080277876908,-0.0328229467674482,-0.000213294018186058,0.001300927263589,0.0104948137976505,-0.0649393559414744,0.682629460678984,-0.00105599088829405,0,0
0.13,0.00119663257330814,4.23659002990462e-06,0.000685264607899776,-0.0596178913143211,-0.034330470979351,-0.000223160235606139,0.00136077794205606,0.0109710064826272,-0.0679154711327869,0.682622266387853,-0.00109185150383308,0,0
0.14,0.001293468329193,3.11399298880133e-06,0.0007414726688639,-0.0645156393299037,-0.0371464083801623,-0.000240624466660108,0.00147137415477574,0.011875225693432,-0.0734921927038652,0.682615721285763,-0.0012238805343004,0,0
0.15,0.00114362548241042,2.89043464363203e-06,0.000655746771075053,-0.0570349959181127,-0.0328516852333403,-0.000212608767342716,0.00130103058528339,0.0104882346831558,-0.0649786189086891,0.68260956313306,-0.000858500615798762,0,0
0.16,0.00114216503695182,2.63645756604092e-06,0.000655168879142886,-0.0569746942597194,-0.0328227337789762,-0.0002121290057037,0.0012995339613768,0.0104723154711956,-0.0649136214317597,0.682604263808132,-0.000803118999303458,0,0
0.17,0.00114180396045088,2.4154642233043e-06,0.000655163506536033,-0.0569677083213811,-0.0328224851733608,-0.00021189900885823,0.00129925144388714,0.010467782157978,-0.0649080954969298,0.682599343411209,-0.000753719714793637,0,0
0.18,0.00114147614267757,2.21025379687489e-06,0.000655162088020946,-0.0569615948682684,-0.0328224043039344,-0.000211687379922933,0.00129899715129149,0.0104636917699284,-0.0649033486714792,0.682594772035682,-0.000707839129281407,0,0
0.19,0.00114117129493559,2.01959960577369e-06,0.000655160793980281,-0.0569559009065763,-0.0328223506364334,-0.000211490567457362,0.00129876069013133,0.0104598659787494,-0.0648989410783205,0.682590524903883,-0.000665212918709284,0,0
0.2,0.00114088852988528,1.84246857770631e-06,0.000655159591747256,-0.0569506338079568,-0.0328222668372712,-0.000211308006750674,0.0012985413565094,0.0104563524209914,-0.0648948425185935,0.682586579017299,-0.000625610146666436,0,0
0.21,0.0011406254752412,1.67790108207555e-06,0.000655158474669178,-0.0569457230187721,-0.0328222131358793,-0.000211138178385659,0.00129833731030424,0.0104530584627564,-0.0648910364691611,0.682582913008976,-0.000588816362697656,0,0
0.22,0.0011403811634629,1.52500626882102e-06,0.000655157436721577,-0.0569411647777693,-0.0328221594146407,-0.000210980450605301,0.0012981478014213,0.0104500038066044,-0.0648875012258225,0.682579507027357,-0.000554632327882161,0,0
0.23,0.00114015388453788,1.38295615670359e-06,0.000655156472305099,-0.0569369150514727,-0.0328221328576362,-0.000210833724852386,0.00129797150357585,0.0104471383807404,-0.0648842199656943,0.682576342629007,-0.000522872935131161,0,0
0.24,0.00113994310037071,1.25098165426607e-06,0.00065515557621712,-0.0569329854530629,-0.0328220790936467,-0.000210697643245557,0.00129780799976805,0.0104445105835468,-0.0648811675858138,0.682573402678578,-0.00049336620682928,0,0
0.25,0.00113974733377901,1.12836789867288e-06,0.00065515474362131,-0.0569293379254052,-0.0328220253119243,-0.000210571256864202,0.00129765614425722,0.0104420742744253,-0.0648783318762818,0.682570671256296,-0.000465952363570448,0,0
0.26,0.00114894402592903,1.15498914965428e-06,0.000660398086237003,-0.0573878320779414,-0.0330847166151981,-0.000212300551296453,0.00130810033366815,0.0105272867301397,-0.0653998316375156,0.682568152977209,-0.000459732203425568,0,0
0.27,0.00110567325449265,4.01865804633417e-07,0.000635934815736755,-0.0552620448743842,-0.0318591619446508,-0.000203985156251529,0.0012590935197973,0.0101371854492776,-0.0629772758594789,0.68256567340929,-0.000347284413133441,0,0
0.28,0.00108484314325974,2.05450282919628e-06,0.000623682284718496,-0.0541379570587944,-0.0312453157720242,-0.000200350472556296,0.0012352019777736,0.00990430600790074,-0.0617178489150037,0.682563424399229,-0.000282713988947727,0,0
0.29,0.00113869998567972,7.13252404693776e-07,0.000654940405438859,-0.0568977608508696,-0.0328112904294506,-0.000210065094879731,0.00129671016344308,0.010429894344477,-0.0648471531638171,0.682561554355302,-0.000373651698854978,0,0
0.3,0.00113678501816204,6.28857605988742e-07,0.000653958432115122,-0.0568062409598728,-0.0327621149656532,-0.000209617487172904,0.00129460508168455,0.0104102407873407,-0.0647451316761607,0.682560279267967,-0.000357149674131767,0,0
0.31,0.00113885677165422,5.81082929329568e-07,0.000655143007289386,-0.0569122196268652,-0.0328214605986412,-0.000210002801032033,0.00129696026535185,0.0104309239547389,-0.0648648197726253,0.682558484939417,-0.00034361207081598,0,0
0.32,0.00113875266056119,5.06206561112776e-07,0.000655150464016577,-0.0569107640623598,-0.0328218325133168,-0.000209929173622342,0.0012968845339885,0.0104296086866348,-0.0648639423588906,0.682556811665242,-0.00032685062522669,0,0
0.33,0.00113864121487817,4.36420691585226e-07,0.000655150043475448,-0.056908686836499,-0.0328218057461801,-0.000209857186293995,0.00129679811730503,0.0104282183490736,-0.0648623298375779,0.682555257030009,-0.000311247799180446,0,0
0.34,0.00113853768543676,3.7158304166951e-07,0.000655149603345129,-0.056906757604463,-0.0328217789628443,-0.000209790350803151,0.00129671780763313,0.0104269285322888,-0.0648608309900625,0.682553812663433,-0.000296751448459106,0,0
0.35,0.00113844160657568,3.11344308556727e-07,0.000655149194084636,-0.05690497057698,-0.0328217521639086,-0.00020972832407333,0.00129664327714825,0.0104257350758227,-0.0648594414068203,0.682552470744489,-0.000283283308970906,0,0
0.36,0.00113835196677801,2.55378296287745e-07,0.000655148813836569,-0.0569032915149269,-0.0328217524912125,-0.000209670460038845,0.0012965737413375,0.0104245948492024,-0.0648581517163198,0.682551224006811,-0.000270770452210888,0,0
0.37,0.00113826892643271,2.03381915753198e-07,0.000655148460547277,-0.0569017436170739,-0.0328217256627897,-0.000209616852670729,0.00129650932480879,0.0104235641679929,-0.0648569457512638,0.682550065699134,-0.00025914512086564,0,0
0.38,0.00113819182326855,1.55073578866904e-07,0.000655148132306358,-0.0569003078725368,-0.0328216988215807,-0.000209567077542138,0.00129644951379926,0.0104226095712059,-0.0648558259468664,0.682548989549324,-0.000248344363575908,0,0
0.39,0.0011381199950151,1.10191734847831e-07,0.000655147827338302,-0.0568989642667912,-0.0328216991031896,-0.000209520710704665,0.00129639379453354,0.0104216969993789,-0.0648547939500777,0.682547989729932,-0.000238309694063099,0,0
0.4,0.00113805348564496,6.84933496586382e-08,0.00065514754399363,-0.0568977271699921,-0.0328216722374574,-0.000209477774131323,0.00129634220124723,0.0104208772771097,-0.0648538267363566,0.682547060826858,-0.000228986774426088,0,0
0.41,0.0011379913198632,2.97526057124742e-08,0.000655147280739806,-0.0568965591271596,-0.0328216724934319,-0.000209437647280971,0.00129629397724674,0.0104200843411896,-0.0648529295259586,0.682546197810212,-0.000220325120901251,0,0
0.42,0.00113793400730322,-6.24027451934239e-09,0.00065514703615259,-0.0568954961260079,-0.032821645606155,-0.000209400646644199,0.00129624951808735,0.0104193826961207,-0.064852096064448,0.682545396006623,-0.000212277830491052,0,0
0.43,0.00113788045625527,-3.96801951296766e-08,0.000655146808908958,-0.0568944933422696,-0.0328216458390444,-0.000209366078985184,0.00129620797672351,0.0104187016794466,-0.0648513258428224,0.682544651074324,-0.000204801326986342,0,0
0.44,0.00113783105993691,-7.07482286088634e-08,0.000655146597779097,-0.0568935795053685,-0.0328216189329394,-0.000209334188045605,0.00129616965836034,0.010418101254445,-0.0648506069714456,0.682543958979527,-0.000197855124997045,0,0
0.45,0.00113778472663889,-9.96126203745007e-08,0.000655146401620703,-0.056892708456028,-0.0328216191463103,-0.000209304281225542,0.0012961337159375,0.0104175099590299,-0.0648499378958959,0.682543315974457,-0.000191401610724546,0,0
0.46,0.00113774176938521,-1.26429668512174e-07,0.000655146219372836,-0.0568919036732052,-0.0328216193499665,-0.000209276552271106,0.00129610039242021,0.0104169634284649,-0.0648493197593112,0.682542718577288,-0.000185405838283049,0,0
0.47,0.00113770215195023,-1.51344593746217e-07,0.000655146050048782,-0.0568911706185039,-0.0328215895095915,-0.000209250974896006,0.00129606965976053,0.0104164882035733,-0.0648487378889108,0.682542163553058,-0.000179835340465007,0,0
0.48,0.00113766513187796,-1.74492313931296e-07,0.000655145892732401,-0.0568904789260709,-0.0328215896970218,-0.000209227077590689,0.00129604094189107,0.0104160183214666,-0.0648482066444727,0.682541647896277,-0.000174659952932737,0,0
0.49,0.00113763067294275,-1.95998154595145e-07,0.000655145746572263,-0.0568898330613469,-0.0328215898770333,-0.000209204834540564,0.00129601421075417,0.0104155797240859,-0.0648477105749717,0.68254116881467,-0.00016985165087718,0,0
0.5,0.0011375986587293,-2.1597858790301e-07,0.000655145610777352,-0.0568892330368108,-0.0328215900499575,-0.000209184169560643,0.00129598937606323,0.0104151722507108,-0.0648472497174095,0.682540723714003,-0.000165384397262998,0,0
0.51,4.36331236624375,4.59999990463257,0.0174785321993909,11.8360083889644,-0.868616567517104,-0.551163786766904,4.32839679149916,-2.40331886859183,11.6219468137172,0.130660857972175,40.1108486812637,2032.35992418138,0
0.52,4.36530099790279,4.59999990463257,-0.0213374916557033,11.7384813183563,1.08548256918129,-2.4466185588742,3.61529607614834,-5.62944927584908,10.357582580894,0.590056713644808,85.3562715025432,2032.35992418138,0
0.53,4.40784568376063,4.59999990463257,0.0571888735705104,9.61332145593009,-2.83733214878628,-4.32207981076845,0.867179478801962,-9.97123698784754,-1.02021373729383,1.38575964829608,132.29537225733,2032.35992418138,0
0.54,4.3238449766559,4.59999990463257,0.049086351098576,13.815579038753,-2.43524512013143,-2.48585085947496,-3.53816200257482,-5.80508540444541,-12.7711247123443,2.54048752999107,182.769707666074,2032.35992418138,0
0.55,4.38031411271538,4.59999990463257,0.0105508254725131,10.9942904816836,-0.488236291441169,3.45172689934034,-2.69682117655991,8.97951665290281,-6.36247424766189,-2.23161933337371,228.781278921029,2032.35992418138,0
0.56,4.24805548064376,4.59999990463257,0.0322837166069008,17.6096073775855,-1.57418264891664,1.62757234078822,3.92403183989205,5.1642189213159,16.9087896059294,-0.385574797814438,276.113095848907,2032.35992418138,0
0.57,4.22219683290712,4.59999990463257,0.00322759461136823,18.905018002976,-0.105349144294887,-4.09812292352867,-1.01604380654908,-18.3205550602863,-4.66562604781691,1.81458936665049,322.868944787252,2032.35992418138,0
0.58,4.28119128315004,4.59999990463257,0.00570335082369056,15.9579335698793,-0.237138907559643,4.00677407637086,-1.50810902525413,15.0257586007453,-5.37944766256611,-1.92945273661388,370.764916996303,2032.35992418138,0
0.59,4.21137780854303,4.59999990463257,0.0626470454251391,19.4513204228056,-3.05739364894615,-3.39948220027921,2.48659374819733,-17.6368326369258,8.75463629469202,0.954139727935015,416.628991986682,2032.35992418138,0
0.6,4.25990204518554,4.59999990463257,0.0870866030979112,17.0278517545771,-4.27103335021143,3.63121376750704,-2.22904376037851,16.8503822515227,-4.92484306674258,-2.1009016075749,463.046391519934,2032.35992418138,0
0.61,4.20358407343176,4.59999990463257,-0.0161077075275822,19.8466716158381,0.903115443369304,-4.1833401647813,0.412363415422022,-19.6513058567294,2.92098782199412,1.46870909528836,509.748628225038,2032.35992418138,0
0.62,4.14370858037528,4.59999990463257,0.030802590099917,22.8435360891026,-1.43966850164613,3.27635321945839,2.5370808382819,17.067114002163,15.2516689606724,-0.904452027455507,556.184575285084,2032.35992418138,0
0.63,4.26386303986598,4.59999990463257,0.0771342500178587,16.8388992748332,-3.74503995720628,0.78778089442262,-4.19116677998426,7.07689601510701,-15.7318592626686,-2.93770999227714,602.571091829461,2032.35992418138,0
0.64,4.18749117394804,4.59999990463257,0.113020822042958,20.6606602349966,-5.53995786119151,-4.1828504325047,-0.227196605175533,-20.1429005089945,-7.19844243809006,1.65204277409569,649.211198277056,2032.35992418138,0
0.65,4.17713385359279,4.59999990463257,0.106026683162482,21.1817357794611,-5.2247899604894,-1.12775737692908,4.02341300230978,-11.22605971247,18.7066818034143,0.298662843387232,695.980431624649,2032.35992418138,0
0.66,4.18568919381099,4.59999990463257,0.0777392007182958,20.7572227623341,-3.76826122232741,2.80518409174029,3.10756812024478,10.7766723682818,18.1363012246591,-0.715731202202695,741.684012101373,2032.35992418138,0
0.67,4.04640249337619,4.59999990463257,0.0546958431250224,27.7249714492957,-2.62816950540796,3.99218682335346,0.662426706209209,26.8219459508562,7.49429998217109,-1.39284739436414,787.898126868721,2032.35992418138,0
0.68,4.08577131508471,4.59999990463257,0.094913143804896,25.7600398161298,-4.62210462481355,4.01781305546873,-0.748140358048513,26.167789643666,0.436219733801622,-1.73166781351437,833.759329969298,2032.35992418138,0
0.69,4.09602443537664,4.59999990463257,0.082265689303832,25.2510267860992,-4.01888998141805,4.02742592985982,-0.75101544480251,25.5683142729545,-0.164729094200795,-1.73507261407423,879.882106697384,2032.35992418138,0
0.7,4.08744350542622,4.59999990463257,0.0915950450631842,25.683734084861,-4.41204682991272,4.04494192099956,0.595003292487931,24.580451752348,8.655734828522,-1.4023404854688,925.129769204746,2032.35992418138,0
0.71,4.06315814453803,4.59999990463257,0.124008779356787,26.9016678477983,-6.04821889781165,2.81351278462477,2.93407193088995,13.527091914738,24.0270362125532,-0.733914797580533,971.019615430458,2032.35992418138,0
0.72,4.02542334265036,4.53147983551025,0.0553190643954658,25.3662068394226,-2.62078699577612,-1.01726689932309,3.89515870562183,-9.27274450638613,23.7556137200639,0.269197599913792,1016.66401258719,2032.35992418138,0
0.73,3.73812503993718,4.3365740776062,0.0352501243764061,29.9896581025195,-1.62903293310115,-3.73757389159336,-0.0732310750542896,-29.9297622385433,-2.49853431983767,1.59981664634909,1060.42589180424,2032.35992418138,0
0.74,3.59026350273778,4.15121603012085,0.0152075132113612,28.1187290797921,-0.621440586226504,0.348271598989204,-3.57336398662192,3.46438398482246,-27.9114162498191,-3.04020053960678,1101.96071648543,2032.35992418138,0
0.75,3.44100890413325,3.97480535507202,0.157663891290172,26.7648064302204,-7.74248701328824,3.13734979184687,1.42212392727901,20.3300626590756,19.0522838703438,-1.09942415753981,1141.48745604084,2032.35992418138,0
0.76,3.20259337306031,3.80702781677246,0.0515273111510501,30.3005749694907,-2.40549322487019,-2.86746535365878,1.42720069455238,-28.3770792904516,10.8927779780937,1.12506060629466,1179.16608697648,2032.35992418138,0
0.77,3.04873175472106,3.64724254608154,0.068136908971607,30.0083179597376,-3.26923098364155,1.3417853116775,-2.73843388234502,16.7054333163938,-25.1419075590662,-2.66364538273338,1215.28382402286,2032.35992418138,0
0.78,2.88571617730757,3.49315929412842,0.0525454581826412,30.4588206225261,-2.53487331893493,-0.20305918807014,2.87904252266106,-5.22066419409439,30.1149464856036,0.0886203061763706,1249.73762313076,2032.35992418138,0
0.79,2.76440734709757,3.34747958183289,0.0863086700276053,29.2441460183093,-4.16369868795713,-0.23867694047348,-2.75543653261969,2.54409266099855,-29.429306067873,3.08639921274471,1282.20060288776,2032.35992418138,0
0.8,2.62035515522663,3.21001553535461,0.103593235485963,29.5776198825111,-5.11634330762504,0.0139068872015594,2.62236521034915,-6.12501247615662,29.385315872434,0.0342103316025807,1313.3928237501,2032.35992418138,0
0.81,2.46999871907991,3.07706761360168,0.097499522094977,30.4520002431446,-4.74501059475382,0.745891747511604,-2.35670221497312,14.7905782926764,-27.0384585011981,-2.7956165269514,1342.85221359866,2032.35992418138,0
0.82,2.28573845841607,2.95207977294922,0.0354994478915447,33.4196305956696,-1.71932642861138,-0.389081150222396,2.2526598433018,-7.88825019249722,32.5208133572902,0.186562910040323,1371.21076171608,2032.35992418138,0
0.83,2.20876519015768,2.83189249038696,0.0674103827645857,31.2629130509439,-3.22353533279406,1.70501040788361,-1.40574796246172,26.6907874399934,-16.5940585242352,-2.22977720885808,1397.88084043899,2032.35992418138,0
0.84,2.08125973599644,2.71758699417114,0.0302373703043338,31.9269876161473,-1.43214361990109,-2.01992763325588,-0.502442776495195,-30.5017910818336,-9.54066634936086,1.82911891923234,1423.55928091278,2032.35992418138,0
0.85,1.93410356372571,2.60984444618225,-0.0160809044172642,33.9017366617213,0.847013838609221,0.392151493932192,1.89399904870887,7.97728638814021,32.9607051351315,-0.212478818782291,1447.9057473283,2032.35992418138,0
0.86,1.87254163940676,2.50624012947083,0.0379241199903431,31.8036736906601,-1.75117875771039,1.61658521250519,-0.945781518585959,28.6239034043725,-13.971844586904,-2.07989989941731,1470.95418922904,2032.35992418138,0
0.87,1.77751320851292,2.40744137763977,0.0515539126923735,31.6192566293041,-2.46731567438781,-1.10273727287197,-1.39505609900487,-16.90122300605,-26.8367974491487,2.50169063687529,1493.05687478822,2032.35992418138,0
0.88,1.71774081474539,2.31369566917419,0.0593989508434698,29.9246949994623,-2.90192920992063,-1.37092501655909,1.03669008916644,-26.1473623352472,14.8399463226633,0.957906514476052,1514.15472032742,2032.35992418138,0
0.89,1.58826448718217,2.22471952438354,-0.00671347519042786,31.9538700461973,0.375237716855698,0.663923346991083,1.4428565213885,13.8199722033799,28.8131737677616,-0.435485386667384,1534.16324340139,2032.35992418138,0
0.9,1.51162849024645,2.13994336128235,0.0494700995696802,31.5509840350712,-2.45744126513291,1.49595990250064,-0.222647599103346,31.6245268797725,-1.18021641381613,-1.68582968113154,1553.24672578195,2032.35992418138,0
0.91,1.41430480219238,2.05904412269592,0.00828436846943503,32.3763557890264,-0.403468760462495,0.466513066657686,-1.33517499336341,11.2382122376678,-30.3659972159556,-2.79959301541236,1571.38614525002,2032.35992418138,0
0.92,1.2457120709374,1.98201560974121,0.0120579465726469,36.9587554741287,-0.602847141818646,-0.755568058765698,-0.990485167141705,-21.6474323255587,-29.9616705906596,2.49961243126307,1588.62794671038,2032.35992418138,0
0.93,1.24021404218365,1.9084358215332,0.0712789079423363,33.5587950246798,-3.5702676894647,-1.24218437464211,-0.0137670818238649,-33.2357649538415,-5.85862294536074,1.63928874863495,1605.13735816884,2032.35992418138,0
0.94,1.10659988351452,1.83829915523529,0.00613504473809329,36.736806429225,-0.315549223976436,-0.860945782246471,0.695250531103939,-28.9055670599553,22.6751121468788,0.897017027506356,1620.87771523164,2032.35992418138,0
0.95,1.17964297245581,1.77152264118195,0.0709177966941118,29.7499854452006,-3.55470386318598,-0.243118569137726,1.15649480659999,-11.2848601598556,27.7551704141247,0.267248832190953,1635.85343801698,2032.35992418138,0
0.96,0.994385941454438,1.70792496204376,-0.0145392609543044,35.8371582436175,0.723743205879509,0.237142539010354,0.965804435102184,9.75375372935334,34.4918831523195,-0.255395878765327,1650.06582872942,2032.35992418138,0
0.97,1.00123168754575,1.64758825302124,-0.0347280399391785,32.4822470976942,1.75611757309005,0.971594771469671,0.244283705876028,32.1263475156936,5.10667413754495,-1.35914788161293,1663.58332262899,2032.35992418138,0
0.98,0.937769717639544,1.58992862701416,0.0734987476245566,32.7765593205917,-3.63770841556941,0.923602766666732,-0.178247127970373,32.9777477145385,-0.0626026295132043,-1.68322735989411,1676.47171271487,2032.35992418138,0
0.99,0.890425228497238,1.53510046005249,0.0434816842485857,32.406578526444,-2.09924537909649,0.82351350779779,-0.341428245586143,31.213860077826,-8.96036282714836,-1.91503100387105,1688.75066642735,2032.35992418138,0
1,0.841866409736405,1.48280477523804,0.0106745036636751,32.2239141603947,-0.433603806943952,0.738641025724066,-0.404057461245588,28.6675611045177,-14.7220785352011,-2.05867616267352,1700.50166160313,2032.35992418138,0
1.01,0.69907554156536,1.43298721313477,0.0687875592065675,36.8767866809196,-3.47954220601475,0.561117557503387,-0.422593691124149,33.2990709137533,-16.222715128927,-2.11821459057016,1711.7210181628,2032.35992418138,0
1.02,0.718268840496501,1.38552248477936,0.042030244196482,33.5481086213437,-2.12889263026163,0.599693473259795,-0.39754799305871,30.0676970872736,-15.0313461728689,-2.09775028271505,1722.37296045797,2032.35992418138,0
1.03,0.657665612273629,1.34034323692322,0.0192546875156632,34.3235325779379,-0.936901699828232,0.589624267391013,-0.291955516923698,31.5828134870425,-13.4725114832607,-2.0012916221039,1732.46529592662,2032.35992418138,0
1.04,0.676573238098951,1.29725229740143,-0.000958479360828435,31.2277910803378,0.133313690682488,0.653817621589671,-0.173996502531546,30.1315821144868,-8.20246716392609,-1.83230859461611,1742.11814365721,2032.35992418138,0
1.05,0.516422301305992,1.25631356239319,0.0479209216446089,37.1926285916361,-2.44832059273599,0.515158354754798,-0.0600023128202226,37.2397666196098,1.57660311974767,-1.59421832252318,1751.34918455875,2032.35992418138,0
1.06,0.559101155597238,1.21687042713165,0.0738112948280999,33.0906841270152,-3.71844814235079,0.557652317928107,0.0840601079215196,30.7632704845948,12.7452509458584,-1.28992470863475,1760.20509909858,2032.35992418138,0
1.07,0.477268152127484,1.17981660366058,0.0616520490544196,35.3339178104729,-3.03709796076223,0.417761703865646,0.2388744920896,26.3409435387523,23.7458292200711,-0.922907676742232,1768.46293187047,2032.35992418138,0
1.08,0.460055054885825,1.144739985466,-0.00547746849362898,34.4450416909977,0.315202145035377,0.214355439045247,0.407102446490828,16.6868383544335,30.1348581416905,-0.496558495823855,1776.3537137207,2032.35992418138,0
1.09,0.457417421187762,1.11094999313354,-0.0650562399115239,32.89165704309,3.22668086980755,-0.0588762620676615,0.458253856854941,3.67034636661013,32.8451081597389,-0.0134980405317902,1783.95849590063,2032.35992418138,0
1.1,0.472474123360111,1.07869267463684,-0.0109615157219746,30.5301726200728,0.605860511593853,0.0639118049922811,0.468259792481115,5.42745464302259,30.0499790893253,-0.158845810970738,1791.16211984467,2032.35992418138,0
1.11,0.349789001865434,1.04818689823151,-0.00456572938664143,35.1434211070887,0.168049578402119,-0.149964138034908,0.316044220029881,-14.4972336971811,32.0143483909993,0.429991218019516,1798.02408988674,2032.35992418138,0
1.12,0.367459979183466,1.01873743534088,0.0265046596915166,32.7915943315535,-1.34267716710481,-0.309264730121266,0.200211538103819,-29.3842174306903,14.6170861243325,1.06827041752519,1804.63478594821,2032.35992418138,0
1.13,0.381544500126644,0.990935385227203,-0.011035151748191,30.7015067844421,0.625021454009805,-0.373184706997508,-0.0801944799483137,-30.303798272736,-4.9651768244887,1.75355518185198,1810.8538205403,2032.35992418138,0
1.14,0.299131216768644,0.96425199508667,-0.0969923176550992,33.4922277906254,4.79728770503811,-0.106139069621579,-0.296009277607075,-24.2735346532541,-23.5698707493555,2.48375607143326,1816.85492207033,2032.35992418138,0
1.15,0.334542141434507,0.939093112945557,0.0245477088595638,30.4679729806114,-1.19121874591818,0.0139344866120636,-0.335152002065776,4.67337662429622,-30.1309795820742,-3.02679420566404,1822.5040778706,2032.35992418138,0
1.16,0.243458612456299,0.91513454914093,0.0233406456861539,33.8284912461024,-1.24074144140145,0.180871610938357,-0.164627889729403,27.8200213094986,-19.2860746045192,-2.21363491905864,1827.89183062751,2032.35992418138,0
1.17,0.289989088293925,0.892360806465149,0.0768635531065359,30.367566703413,-3.85190267654924,0.299621429544428,-0.0151220396592713,28.9108459356413,10.0592867044069,-1.36212530907545,1832.98833489594,2032.35992418138,0
1.18,0.156767192559464,0.870361566543579,0.0509845520205751,35.9329246924408,-2.49782434344694,0.116885982180212,0.116245620895938,14.1694998108808,33.1155473835597,-0.473709881939041,1837.91604420061,2032.35992418138,0
1.19,0.233270282818927,0.849736928939819,0.0585610610378109,31.0808126174799,-2.96653299690377,-0.0486526013283823,0.235536296778815,-16.1811296133976,26.701840300231,0.449656965940036,1842.56693163119,2032.35992418138,0
1.2,0.190395752492247,0.829985201358795,-0.00936357873472186,32.2412125604923,0.530817157611772,-0.189358829144148,0.0219420372565439,-31.7190362753058,5.80347240809263,1.40629540942222,1846.9909831461,2032.35992418138,0
1.21,0.145585469760194,0.810787975788116,-0.0733591970220894,33.5260828261287,3.61985152001833,-0.0450152076412619,-0.156685455208951,-25.4242928336963,-22.1519048525827,2.39507515694805,1851.28525906621,2032.35992418138,0
1.22,0.0494519471286148,0.793051600456238,0.0463293309485379,37.4502112077491,-2.27273085109027,-0.0622089824872276,-0.0268690245236828,-12.8533150234198,-35.2487718642117,2.73131803963378,1855.27393554715,2032.35992418138,0
1.23,0.171500340767759,0.77595978975296,0.0508949548453357,30.4974926868739,-2.61140921565207,0.0611279050626667,-0.168125080029173,20.2436065435001,-22.9589397052538,-2.50438181291123,1859.1112173539,2032.35992418138,0
1.24,0.0849661688115985,0.760044038295746,0.119273995106814,34.0327157811864,-5.92693918383896,0.100916921397892,-0.106119323060568,32.8588291279522,10.6607551267244,-1.42949485127648,1862.68009521394,2032.35992418138,0
1.25,0.129456267299458,0.744602143764496,-0.0405045335231001,31.0404142610375,1.96267917173408,0.00348475675022557,0.135600143250014,11.8843433794099,28.7423347950067,-0.328925942355316,1866.13933337018,2032.35992418138,0
1.26,0.0854881469541878,0.729914247989655,0.0711284532970922,32.5086938850854,-3.51426543805195,-0.01137078467852,0.110626332280756,-25.6959464603314,20.2208697931383,0.796392699276768,1869.44971672405,2032.35992418138,0
1.27,0.071280125331279,0.715597927570343,-0.0947810362364857,32.5075158798387,4.68076891810311,-0.0316162313296302,-0.114300984308168,-31.9632732649628,-7.549658835468,1.94575064707664,1872.67071064589,2032.35992418138,0
1.28,-0.00197571310424509,0.70211797952652,-0.0110612829078262,35.5005680428482,0.60011447362034,0.0111050717129279,0.0017125431638302,-1.44278716651068,-35.4763137027862,3.11784877862046,1875.69263373698,2032.35992418138,0
1.29,0.0341976269763807,0.689401268959045,0.00589660952583457,33.0603769132911,-0.357360641342165,0.0291849208353436,-0.0187746661901236,30.5784524077404,-12.5727672619995,-1.97169878972398,1878.53074741329,2032.35992418138,0
1.3,-0.0791975533059305,0.677442014217377,0.0400748781404756,38.1364584990173,-1.96505993826753,-0.0253267209723809,-0.0850694158461596,24.7850423320516,29.05086236253,-0.757807459691892,1881.23056192311,2032.35992418138,0
1.31,0.0201770931580305,0.66595858335495,0.0190369359129549,32.597852200123,-1.00171873328743,0.00768827654438874,0.0266535254898634,-15.8133847301928,28.5229779626285,0.475501716733169,1883.8128031106,2032.35992418138,0
1.32,-0.0469834436325207,0.654743909835815,0.00197347147391086,35.3993849446009,-0.0565142458938521,0.046098736466292,0.00928682192356196,-34.956196035855,-5.58426423254726,1.72761167811851,1886.3315884247,2032.35992418138,0
1.33,0.0301844287343203,0.644132792949677,0.0678482840818018,31.0147087229507,-3.42438267700978,-0.0714779917863494,-0.0201342017734178,-1.06236689727346,-31.185091477558,2.99757316556312,1888.70341047049,2032.35992418138,0
1.34,-0.0655185765299222,0.633840978145599,-0.00462034659978937,35.289480934883,0.153442782690745,-0.0249696600795654,0.0607498769440763,15.5411411795555,-31.6834963376543,-2.68121597139006,1891.01673947742,2032.35992418138,0
1.35,0.0518099125265541,0.624250292778015,0.0171694522466574,28.9477687462786,-0.856458635537183,0.0541422269053641,-0.00690480935200241,28.2450249945161,6.39729629152569,-1.37763913605765,1893.19030959632,2032.35992418138,0
1.36,-0.0318589739539695,0.615204274654388,0.0106701397175844,32.6832026243721,-0.632012078777614,0.00878166891248095,-0.0324303622259148,1.28753152911969,32.6639470305566,-0.0587322263202814,1895.21919878638,2032.35992418138,0
1.37,0.0100525778977636,0.60660457611084,0.0304421328030805,30.1619178050055,-1.49680189974105,-0.000731941564981541,0.0320506167419045,-29.2859892597541,7.3697038394054,1.27468415366103,1897.15892273357,2032.35992418138,0
1.38,-0.0220457247504713,0.598383724689484,-0.0520588670162666,31.360100898263,2.52373526024215,0.056133024625968,-0.00672481681024385,-17.7675018051124,-25.9642263050212,2.62177966574815,1898.96588469417,2032.35992418138,0
1.39,-0.0326056635782103,0.590954899787903,0.0759829609372781,31.5209525291189,-3.76257734888192,-0.0749877062578115,-0.0348336555699161,25.9872614379529,-18.2315572457422,-2.3013721644252,1900.6910493317,2032.35992418138,0
1.4,-0.0636753703968309,0.583135366439819,-0.0307348258946502,32.6877077370175,1.48185345595963,-0.0693983360392655,-0.0135297181393128,27.0625312577446,18.3929749820199,-0.92855827708164,1902.42665218748,2032.35992418138,0
1.41,-0.158974917267484,0.575911045074463,0.0608035946670768,37.0957322145623,-3.02327481789118,0.124652594842214,-0.11589578095748,-19.0651808366199,31.9648622525733,0.45647955364839,1904.04581305963,2032.35992418138,0
1.42,-0.0806979290460839,0.568831384181976,-0.00612840985071007,32.8321255001813,0.28882228151056,0.0792083529705362,0.0166057212827396,-31.6116631625346,-8.87325392786706,1.85324663304707,1905.63098134906,2032.35992418138,0
1.43,-0.166230544929596,0.562502264976501,-0.0687575029399347,36.7965985119567,3.3362804566027,0.0484436515479844,0.173243761511989,1.07556832962508,-36.9318775870325,-3.02205690744488,1907.04645468249,2032.35992418138,0
1.44,-0.0641985443399074,0.556429922580719,0.052210043035369,31.3956631735236,-2.59263734460189,-0.0658919283915602,-0.0500559233453907,31.4642887522496,1.5517628108157,-1.60391055567126,1908.43822408933,2032.35992418138,0
1.45,-0.13026527777453,0.550527513027191,-0.0485600098313719,34.4081772030354,2.34357931660385,-0.0706104825671333,-0.119755070456891,8.32979710801008,33.466841837677,-0.175934210580657,1909.73402792441,2032.35992418138,0
1.46,-0.160988854949101,0.544811904430389,0.0143036149845955,35.662786581041,-0.679896431544072,0.100052143319438,-0.126931372940801,-20.0807063971692,29.4798547566502,0.578911997206263,1911.06058461587,2032.35992418138,0
1.47,-0.166564254348238,0.539388060569763,-0.0392837086067918,35.67466462821,1.91873170816952,0.166884359662554,0.0379008059084141,-32.8892810659991,-13.9520041092635,2.02573111815812,1912.24013714188,2032.35992418138,0
1.48,-0.266397492690169,0.534156143665314,-0.0170616732395896,40.4089649943872,0.742531149334734,-0.0726448013817382,0.256868561014288,12.7593688843489,-38.3488501796137,-2.80202228370174,1913.4263320084,2032.35992418138,0
1.49,-0.123915619655346,0.529382348060608,0.061060736631961,33.0504402426394,-3.05498983612449,-0.106507164195664,-0.0879756689522967,31.4566310928908,10.5898500186205,-1.33823670885375,1914.53684208172,2032.35992418138,0
1.5,-0.0996710592007754,0.524500131607056,-0.0301146163326362,31.5983508735838,1.4128172183481,-0.0165736038285962,-0.102793607851846,-2.80759408963916,31.5050669869213,0.133562826911405,1915.61401919366,2032.35992418138,0
1.51,-0.138625083324707,0.519993841648102,-0.0235443767140675,33.3249748114319,1.2158131170657,0.139497889267589,-0.0176519203352868,-33.3465657484042,-0.196724440667219,1.61316301743843,1916.63809759866,2032.35992418138,0
1.52,-0.110132619879719,0.515747010707855,0.0508805128548302,31.6922935294579,-2.60304984881402,-0.0462356768121187,0.112161859558704,1.27693692714618,-31.7733657291264,3.09980879774707,1917.57148952305,2032.35992418138,0
1.53,-0.149315994940263,0.51174783706665,0.0408639851000396,33.455765756658,-2.12096351694107,-0.153113413846218,-0.0228344941615463,33.4707927142134,-1.86889905739284,-1.689886447247,1918.49232589272,2032.35992418138,0
1.54,-0.0776409899146489,0.508037209510803,0.0489672577578025,29.6907436077521,-2.44853208390918,0.0334392081916624,-0.0854852911485967,3.19722901845224,29.6194748763507,-0.189808801721927,1919.36185182473,2032.35992418138,0
1.55,-0.207344640064545,0.504070699214935,0.0320815112507176,35.9818728881317,-1.71201583243157,0.208747761168333,-0.0211043913637449,-35.2556232550069,7.39372731774577,1.31653045151002,1920.19751387749,2032.35992418138,0
1.56,-0.169205712067865,0.500718355178833,0.0373423539669854,33.9115624406174,-1.83659371789487,0.0165439463991283,0.172485716028116,-8.68899882101087,-32.8309068278196,2.82875998924472,1920.99052975984,2032.35992418138,0
1.57,-0.12075468323402,0.497431218624115,-0.00808026141910791,31.3289410022735,0.3539015952074,-0.0532446849684737,0.10868296862967,15.3240531354152,-27.3276633865026,-2.61923589497504,1921.72177174247,2032.35992418138,0
1.58,-0.274788589025466,0.494164019823074,-0.017734875976226,38.8715570944872,0.774424436179302,-0.252504897986227,-0.109838840932812,34.9264977167087,17.0803232229975,-1.09603811521882,1922.40928403225,2032.35992418138,0
1.59,-0.151451391532925,0.491589963436127,0.0917460592819994,32.580298962595,-4.59009202151492,0.146718056353622,-0.0991396758661782,-17.8065384128372,27.6671649254165,0.431897360484481,1923.05402693129,2032.35992418138,0
1.6,-0.209309977012473,0.488566517829895,0.0204339253447219,35.3263465651966,-1.12315182551101,0.185453199027672,0.0991731957353313,-32.1921380049215,-14.5903557989385,1.96454793825954,1923.68639048987,2032.35992418138,0
1.61,-0.229109579919107,0.485696375370026,0.0818048610601741,36.1770343638739,-4.06707084822268,-0.157363336468798,0.185526319532275,16.5668486241205,-32.4169462984231,-2.78109134752173,1924.36242665653,2032.35992418138,0
1.62,-0.186854396963919,0.48321059346199,-0.0134561578556584,33.9443000981047,0.631942402215503,-0.181055372292086,-0.0481101445971676,32.3007440926069,10.4535540087488,-1.23918735547715,1924.90911084594,2032.35992418138,0
1.63,-0.268669772176107,0.48063799738884,-0.0139455288975588,37.9107096313482,0.580925855118129,0.0678750665497549,-0.260328445618722,-10.89958237568,36.3147144231827,0.306909681271878,1925.47915663497,2032.35992418138,0
1.64,-0.250332706602216,0.478430986404419,0.0514258837798425,36.8877756291819,-2.56444764120758,0.225633918796784,0.120001750844458,-34.6635432143999,-12.8733505505284,1.85698104366853,1926.01552437589,2032.35992418138,0
1.65,-0.171995579549971,0.476184397935867,0.00273603509045681,32.8628747046957,-0.220488931131714,-0.0483676969251184,0.165077349042521,8.95012569142798,-31.6213914831862,-2.87247624546344,1926.49629161433,2032.35992418138,0
1.66,-0.29406366371338,0.4742231965065,0.0894256205977627,38.8725139413415,-4.45708072611452,-0.261919705467928,-0.1608367116781,36.4843987389352,14.1360021709562,-1.31531299877624,1926.94560695277,2032.35992418138,0
1.67,-0.229349132844853,0.472388118505478,-0.0246253349432007,35.5493335241807,1.20976502873227,0.0317529224750849,-0.228471406902575,-7.4510254932994,34.7807542261001,0.245056008047224,1927.36920988253,2032.35992418138,0
1.68,-0.270062830954524,0.470545202493668,-0.0574219443063114,37.497188477894,2.76117358496819,0.275990543869336,0.00777380510415772,-37.0932368219833,-6.14451018237371,1.80846021118224,1927.75800757025,2032.35992418138,0
1.69,-0.202391006711434,0.468717098236084,0.12327486036665,34.0264476649811,-6.14759233272692,-0.0231184644024311,0.235848144787612,-9.24369103801983,-33.3188566457604,2.69222476081862,1928.21076774247,2032.35992418138,0
1.7,-0.137409266884963,0.467149078845978,-0.0136506801396151,30.7032861763745,0.625386005846682,-0.117737991870522,0.0721485479024628,27.3641922413251,-13.9385749868652,-2.02154814003777,1928.55404666488,2032.35992418138,0
1.71,-0.28107628154239,0.465142786502838,-0.0498376994149813,37.7905430940088,2.38977247861117,-0.166936899436266,-0.23155937453552,18.5612515096951,33.004789080276,-0.449145495671548,1928.99896582722,2032.35992418138,0
1.72,-0.147617500494611,0.463755249977112,-0.0515480404634794,31.0524893815059,2.58984895544301,0.111077669607022,-0.110044891942217,-26.9171678601487,15.6981046240979,1.12603074423018,1929.36270437109,2032.35992418138,0
1.73,-0.179186765729054,0.461894452571869,-0.0316386636444269,32.5421733414278,1.49022289572311,0.104590819423701,0.148894803609538,-15.1400982336566,-28.8442582767818,2.70399254129415,1929.72989928918,2032.35992418138,0
1.74,-0.182241047768248,0.460240691900253,-0.00361870352484529,32.6163980325498,0.215810560381029,-0.164331909559146,0.0788664567957391,29.5902101100796,-13.7220793051575,-1.99839862043823,1930.14701497189,2032.35992418138,0
1.75,-0.25023265519182,0.458670407533646,-0.0229701561018538,35.9417125630595,1.11418800171247,-0.121849361187111,-0.219765199642674,15.5017515941567,32.4460138442584,-0.414716537152786,1930.49310858049,2032.35992418138,0
1.76,-0.260274017433594,0.457236617803574,-0.122603880055335,36.3763762488625,6.02527279201392,0.192080262557908,-0.214194883905594,-31.1673607659709,19.7012762048759,1.17124543981338,1930.77861740322,2032.35992418138,0
1.77,-0.206824868470081,0.456189185380936,0.0427631003202845,33.6557879579776,-2.11754246883247,0.0374848864169528,0.207846318843941,-10.5913751498612,-32.0159151300499,2.75927465334089,1931.09049454982,2032.35992418138,0
1.78,-0.222613962508463,0.454744279384613,-0.0508800940275745,34.3772651757866,2.47814393543119,-0.190060705504687,0.126580758786771,31.2594204066567,-14.5184776809059,-1.9336405032871,1931.358090122,2032.35992418138,0
1.79,-0.306155916708009,0.453529119491577,-0.00691688379441471,38.4978477543884,0.264664275017657,-0.109034423461187,-0.286165656774591,13.1404572663695,36.1867753706966,-0.341447897164409,1931.64753219737,2032.35992418138,0
1.8,-0.135634188297295,0.452332645654678,0.0190523806354599,29.9161570695877,-0.949192200826091,0.0892478802461753,-0.103896304623931,-16.9464304309871,24.6717635221738,0.57014540033433,1931.95438298821,2032.35992418138,0
1.81,-0.165554465576713,0.451379507780075,-0.0327967288227672,31.3688214330791,1.54763098776605,0.155451671722229,0.0657166969090004,-26.8368459593003,-16.3150794889723,2.16632718047829,1932.14162681559,2032.35992418138,0
1.82,-0.248581891686781,0.450589507818222,0.0536344484559154,35.4849876954183,-2.6577417064902,-0.188489338785477,0.170708465226428,22.845426836497,-27.2824928366282,-2.51923732310985,1932.34710943204,2032.35992418138,0
1.83,-0.155982616370784,0.449719130992889,0.00800303739150175,30.8157893525814,-0.430300447991552,-0.119261680069502,-0.100852748521619,24.258303207782,19.0087547560991,-0.920099735114296,1932.54187716273,2032.35992418138,0
1.84,-0.272931361775755,0.448736786842346,-0.0220248031251439,36.6184004402857,0.985106458512992,0.154612448000955,-0.225990289872422,-22.2749734614589,29.080977336242,0.680535313173994,1932.72114222278,2032.35992418138,0
1.85,-0.280726555397258,0.44780421257019,0.00693659009414159,36.9657670120054,-0.327358605116119,0.208003820550435,0.188652924238577,-27.7725845675062,-24.3979228805021,2.28274375283879,1932.97552722216,2032.35992418138,0
1.86,-0.262459307546117,0.44700038433075,-0.0381307865207688,36.0164984021973,1.83934452714008,-0.149863474756403,0.218814496622634,23.0601279072997,-27.7272762157407,-2.39680772498131,1933.13993639704,2032.35992418138,0
1.87,-0.228373608729291,0.446353226900101,0.00697626363499504,34.2841366342197,-0.451122418876989,-0.157651192472466,-0.165376161916866,24.0858298321964,24.4024248279784,-0.792026526447089,1933.29293040222,2032.35992418138,0
1.88,-0.176578247363328,0.445695668458939,0.00604616405752914,31.6657557781501,-0.29642620874809,0.1325339651648,-0.116838271210296,-23.2263945377119,21.5253932432656,0.814028734710934,1933.47125741949,2032.35992418138,0
1.89,-0.16722592870568,0.444918304681778,-0.0382195581290614,31.1635412547113,1.8231997663328,0.139047043585729,0.100454793440264,-21.9298793840114,-22.2164522623384,2.42112347367051,1933.60971362902,2032.35992418138,0
1.9,-0.246716175967384,0.444450974464417,0.0273409808089371,35.1189779430999,-1.34131524102468,-0.208618132782837,0.134517193658529,28.0860129026989,-21.1262305576071,-2.25387729891686,1933.73868099041,2032.35992418138,0
1.91,-0.223947519137473,0.443951308727264,0.0379704470771482,33.9598585919274,-1.92925701417375,-0.104251868061451,-0.201806328406136,18.8689352173933,28.3011892324732,-0.644787629582159,1933.85090827352,2032.35992418138,0
1.92,-0.265072650577241,0.443001002073288,0.0100544286310321,35.9728279620093,-0.619513587336759,0.0836057961024497,-0.251743266994802,-10.6306972596326,34.3717387462906,0.282734122314957,1934.04819155414,2032.35992418138,0
1.93,-0.273923691814175,0.442241638898849,0.0225860349823932,36.3816087575892,-1.10711987576048,0.252516796378211,0.108533798699843,-34.1403788327701,-12.6206855346505,1.894464884634,1934.26113622768,2032.35992418138,0
1.94,-0.143426503478287,0.441480338573456,-0.0593482851156447,29.8229316067967,2.92087616345646,0.00409760924896344,0.15516633154334,7.94382715103789,-28.8935006079284,-2.77565787188791,1934.41798349341,2032.35992418138,0
1.95,-0.244975299949793,0.440680772066116,0.00274644490437084,34.8646012407991,-0.253046649173024,-0.223635932092282,-0.100037045249846,31.8824709304055,14.1107228609463,-1.1613831442927,1934.58638845182,2032.35992418138,0
1.96,-0.185351851431153,0.43999058008194,0.106728412895069,31.8531105559129,-5.3327668661215,0.177219893759227,-0.119747117727422,-18.7653509742327,26.2853696445281,0.454120628713317,1934.79464247776,2032.35992418138,0
1.97,-0.148252481117744,0.439272493124008,-0.00486916719674549,29.9664713704693,0.1627600200092,0.13242312007699,0.0668328079301775,-26.3728742181827,-14.2298068396301,2.0710219433106,1934.92030482784,2032.35992418138,0
1.98,-0.331280296765962,0.438817232847214,-0.0331627036840613,39.099366892195,1.66802518424623,-0.144031483873512,0.300168838479571,18.9174221573511,-34.2589249438203,-2.59443459124472,1935.02120459315,2032.35992418138,0
1.99,-0.25972494317135,0.438400119543076,-0.0101180440440752,35.5050011937674,0.490177765327843,-0.22079125679225,-0.137151893332675,29.6823090526534,19.4886098353325,-0.976009067076998,1935.13775836269,2032.35992418138,0
2,-0.275885731270498,0.437825679779053,-0.0178327002963101,36.2885724622457,0.782367659677191,0.151222808287416,-0.231435961276944,-21.1418351461276,29.504158980668,0.643317590275423,1935.2403302496,2032.35992418138,0
2.01,-0.283426449152346,0.437487483024597,0.0643092231816106,36.6529471911202,-3.19506733523261,0.177039007627388,0.230485179661598,-26.1654085977853,-25.8653897318919,2.26347735436535,1935.35071395843,2032.35992418138,0
2.02,-0.137057691742934,0.437159031629562,0.0141269881929231,29.3223418445648,-0.744694750677054,-0.103081632223984,0.0914251593345251,20.3753852283572,-21.0997151240779,-2.39904830509048,1935.44102027588,2032.35992418138,0
2.03,-0.230204539146352,0.436506181955338,0.0178530233929812,33.9512489103145,-1.01037271034629,-0.148749138901384,-0.176597151630346,23.094476979228,24.9068923922647,-0.777409248273543,1935.56634816799,2032.35992418138,0
2.04,-0.279758661676065,0.436154335737228,-0.0199234870073264,36.415601954462,1.01559119745221,0.0255355208625806,-0.279302329549166,-4.88098577922303,36.1012945614029,0.162269287723062,1935.6781250344,2032.35992418138,0
2.05,-0.225542633669667,0.435507297515869,-0.0128671964360543,33.6766524020859,0.57220346304877,0.223099954122276,0.0355169652055496,-33.0242937691393,-6.62120494046444,1.78565724641659,1935.82070486475,2032.35992418138,0
2.06,-0.288203564597436,0.435193628072739,-0.00868148821909885,36.7982720011349,0.346733860792626,-0.0679996113781342,0.28020120580895,9.41679543543269,-35.5746680991818,-2.87340023020633,1935.87981814894,2032.35992418138,0
2.07,-0.249769363882681,0.434716761112213,0.0368846435504923,34.8569344273597,-1.84832488056366,-0.225234073333389,-0.114082532728966,32.4776456476821,12.791587693518,-1.24857219090489,1936.00433805833,2032.35992418138,0
2.08,-0.233987061168147,0.434071600437164,-0.107735085504261,34.0397564217846,5.3005937970432,-0.0140054418168666,-0.257217108766565,-7.60612437731266,33.5998241634168,0.377098907703336,1936.12906927939,2032.35992418138,0
2.09,-0.358321940340963,0.434001266956329,0.0492101241181183,40.2572693662498,-2.44553952165035,0.304682982928054,0.19489620098785,-35.5235284641352,-19.097312005529,2.00339336212587,1936.15560782009,2032.35992418138,0
2.1,-0.236181407541022,0.433818250894547,-0.025913243704213,34.1453223112077,1.2726924625256,-0.0879294815298851,0.220729607767553,14.8966546977214,-30.7508123576807,-2.65322185788561,1936.22087953176,2032.35992418138,0
2.11,-0.322341804960652,0.433377593755722,-0.0468795656852664,38.43554731495,2.22960676016812,-0.299984700196612,-0.126929557440648,34.0285749230111,18.008845948971,-1.02609725990296,1936.27443209287,2032.35992418138,0
2.12,-0.195906447991111,0.433116853237152,-0.0234624893743672,32.1049335993946,1.20713925251763,0.0915140229274614,-0.174799909553089,-17.1721153017585,27.1533129223603,0.601494552062325,1936.4070619493,2032.35992418138,0
2.13,-0.155459239545948,0.432927370071411,0.0103405826669461,30.0773503488872,-0.565846014535466,0.116583397474743,0.103357700454986,-23.4343464170205,-18.8626242535059,2.22971538823982,1936.44032058954,2032.35992418138,0
2.14,-0.279696916890423,0.432527452707291,-0.0125604604667248,36.2734740018259,0.509787032670654,-0.174285355468236,0.219118108230367,23.4465521048619,-27.6818350795935,-2.42478896479297,1936.50066565035,2032.35992418138,0
2.15,-0.243902969768852,0.432442754507065,0.0468539133362822,34.4837753915125,-2.33210031657973,-0.238539406413683,-0.0691585095617112,34.1214960020794,5.50390477015674,-1.47839679493815,1936.54865860829,2032.35992418138,0
2.16,-0.254477592824893,0.432085543870926,-0.0055937297749694,34.9988706713896,0.198470923976781,0.0327708280313071,-0.252420696245157,-5.07138962658717,34.6300641962394,0.151081808678014,1936.61324843899,2032.35992418138,0
2.17,-0.332850853588112,0.431743174791336,-0.0193932650534731,38.9046359003993,0.922359585304518,0.329562107306239,0.0505431191324758,-38.2394908959126,-7.22238033951847,1.78117341110255,1936.69038180831,2032.35992418138,0
2.18,-0.246468574928334,0.431613832712173,0.0867751233648353,34.583273599677,-4.35363328334882,-0.149407396080412,0.214369098656166,13.4256241594544,-32.1669014915188,-2.87142873744357,1936.75930129766,2032.35992418138,0
2.19,-0.196998338665399,0.431519389152527,0.0402129088252802,32.1093011226014,-2.11338542947015,-0.173330791180817,-0.101891414269062,29.6910459789522,12.4062647574173,-1.24072501081679,1936.75559743793,2032.35992418138,0
2.2,-0.312023683310915,0.431085079908371,-0.0474489128776646,37.8430287175896,2.40167157493235,0.0748983162854162,-0.306594880090637,-12.1844778094432,35.9082351193335,0.390510270436886,1936.86950746146,2032.35992418138,0
2.21,-0.196154225163723,0.430951148271561,0.0151586918816517,32.0470758764223,-0.787912301898075,0.169889828835745,0.0992154829011298,-28.4927879316782,-14.690027702665,2.02224109804463,1936.92792118374,2032.35992418138,0
2.22,-0.289263262831042,0.430343300104141,-0.0544346447387981,36.6763425859569,2.60873417582796,-0.0945484962858485,0.27874172206827,15.7284849739585,-33.23513742873,-2.62856526950796,1937.00998572282,2032.35992418138,0
2.23,-0.277363342133154,0.430393815040588,0.0365909874688393,36.0880949522183,-1.80934207687208,-0.212848688000535,-0.181562000263461,29.2993493757216,21.1464522365069,-0.995724493319843,1937.05490462412,2032.35992418138,0
2.24,-0.199229824578956,0.430247515439987,-0.041680589124923,32.1783661989763,2.03220028993716,0.0850295809767598,-0.184931784370559,-17.51098042862,27.0729136533608,0.637198574292322,1937.07363733191,2032.35992418138,0
2.25,-0.300190912833881,0.430110305547714,0.00908282983220328,37.2238237140241,-0.575698911489087,0.223837935252869,0.2002340148115,-28.1105168710242,-24.4078537027182,2.2703440678836,1937.08641249166,2032.35992418138,0
2.26,-0.269701738699943,0.429962068796158,-0.0353340473671309,35.6961639427928,1.78064508281194,-0.160678751481197,0.219476334905517,23.3611841871422,-27.0488796536215,-2.37937630711978,1937.15140632289,2032.35992418138,0
2.27,-0.189744823553342,0.429583370685577,-0.022999499439869,31.6835744005551,1.0718220867491,-0.191088083251626,-0.00417366493539027,31.514778520311,3.43750261045677,-1.42833389515997,1937.24127472355,2032.35992418138,0
2.28,-0.275118227832938,0.429279118776321,0.0238597879347966,35.9412375699085,-1.22090442397914,0.0796984550732235,-0.264400236431762,-8.55581648535921,34.9293740272847,0.20626009018884,1937.30561735822,2032.35992418138,0
2.29,-0.273484533771098,0.429251879453659,0.00391929615115866,35.862432088513,-0.207742616916065,0.262509415752989,0.0767981623174651,-34.5050050111862,-9.77557269299887,1.84107796660851,1937.32660331047,2032.35992418138,0
2.3,-0.26822179793198,0.429290682077408,0.0392327168861445,35.605536075483,-2.07176527440114,-0.125084576551216,0.240491138442012,13.6420082600092,-32.9536344157754,-2.80721757488346,1937.29075198199,2032.35992418138,0
2.31,-0.257270438047819,0.429016143083572,0.0528619544172908,35.0484111546304,-2.61980697368166,-0.216577271857378,-0.148582468121067,31.2831928484064,16.0192496157838,-1.17214725035495,1937.3856929411,2032.35992418138,0
2.32,-0.25055123380858,0.428891181945801,-0.0417766181923093,34.7104104700909,2.05794953888083,0.0745968247457035,-0.242809638046859,-13.6708328120941,31.9711757921186,0.46328948932472,1937.42852168106,2032.35992418138,0
2.33,-0.342003713933646,0.428487807512283,-0.0636766498190298,39.2670707690899,3.0670384210882,0.327461534227923,0.117431680894371,-35.4577813441636,-17.1480411012636,2.0992019865686,1937.47187718067,2032.35992418138,0
2.34,-0.237415605388582,0.428493559360504,0.0763101130486269,34.042174332674,-3.79705730643385,-0.196079991883329,0.154084521670915,22.1933442325524,-26.0910473009411,-2.54782436552868,1937.50979563566,2032.35992418138,0
2.35,-0.242439433678089,0.428204119205475,-0.0180553915741651,34.2830773375118,0.843641322234143,-0.202669426963247,-0.134268311754628,27.6118379808886,20.3378348338153,-0.911347924387322,1937.57775532482,2032.35992418138,0
2.36,-0.310773883810135,0.42815226316452,-0.123971078598904,37.7014620223378,6.08960363849829,0.113444632718537,-0.314769043101076,-20.4586572302922,32.2478969148254,0.725482014391678,1937.55583968707,2032.35992418138,0
2.37,-0.208208164055646,0.428075104951859,0.03861102475293,32.5735003876928,-1.92021614273671,0.118861359741401,0.175252469233159,-21.5266470073778,-24.5219009491842,2.3622664456669,1937.63217533212,2032.35992418138,0
2.38,-0.184486768009551,0.428058832883835,0.0292646922914767,31.3908562554956,-1.54706288585973,-0.0609402552858149,0.176573143686191,6.98916513340044,-30.641978244951,-2.96658195807188,1937.6116847179,2032.35992418138,0
2.39,-0.30293162812125,0.42776483297348,0.0141017349933579,37.302567106249,-0.7314092928669,-0.29075709395618,-0.0861785504645513,36.0439060104108,9.63604232984559,-1.32916870638299,1937.7067297249,2032.35992418138,0
2.4,-0.130294180285438,0.427784144878387,0.0278358674234573,28.6758937451007,-1.39545796008958,0.0660893051524868,-0.115687564914869,-10.0379156165344,26.8978518672777,0.308555074909425,1937.71362338122,2032.35992418138,0
2.41,-0.215274660656654,0.427446752786636,-0.0473571263966102,32.9122215541713,2.27021539490633,0.217633737639321,0.0349490083195678,-31.4489991787338,-9.96637628359103,1.94655894214881,1937.77430885957,2032.35992418138,0
2.42,-0.28001667838708,0.427518457174301,0.0784220665397087,36.157143533431,-3.90223777236836,-0.190915440747899,0.219341412367403,19.0291570526655,-30.9912515073887,-2.6984384710054,1937.77239427095,2032.35992418138,0
2.43,-0.229148238474059,0.427383691072464,-0.0692033365852711,33.6112086276664,3.43386298360953,-0.23373892806313,-0.0516152157623874,31.0018862157186,13.430852968831,-1.06016707225129,1937.8003357625,2032.35992418138,0
2.44,-0.289405124017436,0.42717382311821,-0.0205678998110374,36.6177974752006,0.911218459423743,0.140984786174934,-0.253577708754915,-19.2546205825152,31.160118697447,0.578375032420707,1937.79964043508,2032.35992418138,0
2.45,-0.232678916698997,0.426934808492661,-0.0232740528119013,33.7736712060199,1.19259728708202,0.199758611482212,0.121563386548781,-27.6788185287212,-19.3898468244494,2.21717479014213,1937.92107580975,2032.35992418138,0
2.46,-0.203883071642959,0.426722317934036,-0.0289690122683286,32.3274563574393,1.39420390985523,-0.111791036102907,0.172945872519147,20.1411108861796,-25.3247683376377,-2.42661550060347,1937.95626159753,2032.35992418138,0
2.47,-0.277296154292172,0.426431477069855,0.0133566283065154,35.987770484942,-0.788329162998987,-0.186924919931513,-0.205257474927331,24.9266445631869,25.9692795080388,-0.786817371804683,1938.01352714376,2032.35992418138,0
2.48,-0.272331768347944,0.426324486732483,0.0188207347064173,35.7383967579816,-0.932598248934415,0.217556905951684,-0.164887248685693,-27.5394266123799,22.7965507080822,0.853255950750158,1938.07606838942,2032.35992418138,0
2.49,-0.196000089552537,0.425924241542816,0.0518043646320394,31.9059888622253,-2.67575304461045,0.0769330313953177,0.187566084300597,-17.1150616099657,-27.0596830306503,2.4939553306725,1938.13032487926,2032.35992418138,0
2.5,-0.296206202935003,0.425627559423447,0.00512766610108809,36.9056277617545,-0.292757398129241,-0.0954470870211647,0.280453670320056,11.5626245869538,-35.0487771547669,-2.83086685470069,1938.20638695088,2032.35992418138,0
2.51,-0.234337172309641,0.425724416971207,0.0540605115849189,33.8212116045692,-2.71525654569758,-0.197386175213971,-0.137386851893845,30.3813789495127,15.1069118497496,-1.1894680092366,1938.23510966932,2032.35992418138,0
2.52,-0.179068064727611,0.42526975274086,-0.0336299286548868,31.0391653364307,1.5866695463771,0.0480039176081879,-0.175761110035443,-12.1369670050016,28.6119090057128,0.452260629094962,1938.31304370999,2032.35992418138,0
2.53,-0.287341434601022,0.42510575056076,0.00476575708987636,36.4488221614921,-0.213002389516994,0.246419322485224,0.147869300347084,-31.4537761582996,-18.4179795949936,2.09468448776758,1938.35263836788,2032.35992418138,0
2.54,-0.228469762908312,0.424979895353317,0.0188482805422369,33.5031194203036,-0.974446724643269,-0.14377493973111,0.178556593124126,19.6019882618464,-27.1876923164274,-2.54599655849915,1938.40632846836,2032.35992418138,0
2.55,-0.24371078237342,0.424850165843964,-0.0340350059030556,34.2629185090075,1.59025370594253,-0.21245715631269,-0.124158301387425,27.891137173861,19.9639915536203,-0.903176366469023,1938.3789309708,2032.35992418138,0
2.56,-0.216554289831701,0.424982607364655,0.0487685053458763,32.9158911678408,-2.41435285892839,0.181990345509221,-0.12709697753927,-23.9699274249776,22.6876082992867,0.739656853325489,1938.42846894808,2032.35992418138,0
2.57,-0.188620289850738,0.424938350915909,0.0138809335309449,31.5212192421065,-0.74754445284423,0.119738219221029,0.146400317338603,-21.1506468682897,-23.3836742679766,2.38258310027186,1938.4010224567,2032.35992418138,0
2.58,-0.328080357423087,0.424841642379761,-0.0683707229538201,38.4935931679758,3.30150002837856,-0.210317423076341,0.260917339850413,27.6699545462914,-26.9634981563073,-2.25770623202634,1938.40889612986,2032.35992418138,0
2.59,-0.218036005990803,0.425143003463745,0.104753175623161,33.0106717748052,-5.23088905969006,-0.0402252486889724,-0.238526428471707,14.771719366445,29.9810433163641,-0.614946040094572,1938.39833071955,2032.35992418138,0
2.6,-0.220515760187491,0.425233364105225,-0.0948436673587243,33.1434489989716,4.67350902381718,0.139745943267814,-0.195175800419285,-25.9564699333466,21.1327131893283,1.02756577272187,1938.34113042697,2032.35992418138,0
2.61,-0.23952739074383,0.425108224153519,-0.0336042315563451,34.0919500944582,1.62518664209012,0.232643657217164,0.0661781236638116,-31.834627143494,-12.3068601803781,1.98732138697584,1938.39226253377,2032.35992418138,0
2.62,-0.246272797451347,0.425238043069839,0.0616498822738755,34.4399204494763,-3.09209121599387,-0.170006252378795,0.188544087419925,18.8917380217427,-28.961550082344,-2.65314148254583,1938.38193374999,2032.35992418138,0
2.63,-0.243139845217013,0.425250083208084,0.0337348224120133,34.2881158672256,-1.78987411444024,-0.188048482155013,-0.157774493928894,28.0958318231617,19.7358246150102,-1.01058382991652,1938.35080115874,2032.35992418138,0
2.64,-0.309873374706177,0.424999952316284,0.0722056763352276,37.6164205189271,-3.59431224612753,0.241374489130446,-0.20730056450439,-25.1297891183913,28.220699354279,0.632264458888094,1938.43807704638,2032.35992418138,0
2.65,-0.253959337464236,0.42500227689743,-0.0351724834478542,34.8250394616216,1.73495009717099,0.216295473814569,0.137654337688628,-27.6604354884999,-21.2295486040027,2.27518530928911,1938.43550502479,2032.35992418138,0
2.66,-0.205768616281129,0.424822062253952,0.0271591774351001,32.4106800723037,-1.47108600064985,-0.163602113676104,0.127721152382496,23.7671823302068,-22.0847757709523,-2.36487659758086,1938.45650866482,2032.35992418138,0
2.67,-0.240295743563862,0.424890398979187,-0.00947773421288863,34.1446561006434,0.50317545313264,-0.165844729902711,-0.174147631003744,22.9322694148576,25.3026035271517,-0.721560647810639,1938.46900566053,2032.35992418138,0
2.68,-0.279189876548194,0.424710810184479,-0.0245316587103702,36.084565885332,1.17498484350106,0.207600227795444,-0.188284186445272,-28.0379558242407,22.7453185889591,0.921793826750338,1938.50746385474,2032.35992418138,0
2.69,-0.294976657723203,0.424387514591217,-0.12277944133649,36.8619123646078,6.0295345067163,0.263613982083499,0.18053722127731,-25.131190113038,-27.6329360192877,2.56570780596841,1938.5614490407,2032.35992418138,0
2.7,-0.277434790870205,0.424320548772812,-0.0384098032355859,35.9856335408403,1.94005921587426,-0.224670333433998,0.167238205696088,30.6062412560842,-19.0259729651631,-2.07311376457494,1938.61348278803,2032.35992418138,0
2.71,-0.198369347863144,0.424160331487656,-0.0218939311378341,32.0285241018313,1.02507142196555,-0.102363658275945,-0.171322572525288,14.2447104779094,28.7047966542572,-0.428647824848584,1938.64715108184,2032.35992418138,0
2.72,-0.340948195039241,0.42416325211525,-0.0222977733016428,39.1618150311694,1.01928632879605,0.311964424513895,-0.139359464093553,-36.3683649142096,14.5612064961145,1.21598312637383,1938.63441651051,2032.35992418138,0
2.73,-0.208064198894403,0.424166172742844,0.0968543364363419,32.5219223578234,-4.84845073383279,0.115631642460648,0.198244285188619,-23.9446374312195,-22.5352445439169,2.17788858119972,1938.67326542353,2032.35992418138,0
2.74,-0.220292289510814,0.424222826957703,-0.00585718068303222,33.1403905731188,0.199321018035637,-0.134120424030643,0.174856258799365,20.7066274602743,-25.8758728438,-2.4606976364362,1938.63134072441,2032.35992418138,0
2.75,-0.355091252672638,0.424221873283386,0.0393118144840872,39.8844910847983,-1.95155685129731,-0.231746475474396,-0.271898487652745,27.7181944030114,28.7451370195737,-0.816103614234296,1938.6463837093,2032.35992418138,0
2.76,-0.222100392975146,0.424341320991516,0.0231292305274265,33.2451418323522,-1.17780466513956,0.179299593064765,-0.133098466525031,-25.2942853914043,21.6061520364138,0.828461110239186,1938.63525269282,2032.35992418138,0
2.77,-0.266838087046277,0.424302160739899,-0.0512949586551989,35.4843044230438,2.45732183085037,0.205667131632927,0.177580315485246,-23.9255311081148,-26.3200161884877,2.47295469657178,1938.59325828789,2032.35992418138,0
2.78,-0.250488073453693,0.424305737018585,0.00275440860392054,34.6711434886873,-0.109474765082049,-0.208979412931747,0.138128442690136,28.7734076545949,-19.3440220088748,-2.16583816752608,1938.64742980569,2032.35992418138,0
2.79,-0.263362885382339,0.424299597740173,0.040913693495862,35.3187579096472,-2.09641182635077,-0.0956598808375882,-0.248763194445084,15.768817872235,31.6726062353292,-0.521228918996275,1938.66286842492,2032.35992418138,0
2.8,-0.294370846337197,0.424024164676666,-0.0617341958147186,36.8595780166427,2.9712701488983,0.238733051875573,-0.182953097946831,-31.9506390777822,18.6175616121984,1.12363292249143,1938.68951248767,2032.35992418138,0
2.81,-0.279690033624486,0.42408275604248,-0.0179423641935857,36.1326269371601,0.917810861171672,0.11858764653388,0.253939783081101,-14.0161735162569,-33.3160019528011,2.76876212691025,1938.73044774348,2032.35992418138,0
2.82,-0.202286763706707,0.424168527126312,0.0233004466346175,32.2709695287623,-1.23336756743492,-0.200187163811618,0.0372551342685251,31.2051552615835,-8.31714824823801,-1.8694727765344,1938.68758215222,2032.35992418138,0
2.83,-0.38375315623257,0.423864632844925,-0.0167947413463377,41.333268226393,0.71634539026515,-0.101714523877795,-0.37040883343633,9.89024065060325,40.1389505700667,-0.224258414947928,1938.73671215854,2032.35992418138,0
2.84,-0.249026278945419,0.423861026763916,-0.0107734353701776,34.6008962587081,0.545695909779944,0.159663744729153,-0.191409621320719,-22.8878750197768,25.9550569833878,0.738453512447213,1938.79662370539,2032.35992418138,0
2.85,-0.219789183873491,0.423713117837906,0.0382073175424787,33.1358598325987,-2.00320346437249,0.123277812859688,0.185929194367369,-21.3150270306929,-25.4493153865901,2.38399133425093,1938.77967115218,2032.35992418138,0
2.86,-0.295960587980296,0.423568397760391,0.067260030214875,36.9413426087238,-3.36238829515174,-0.272074601380974,0.134506477857136,30.7851077014997,-20.6940955972845,-2.25339721331892,1938.84651827318,2032.35992418138,0
2.87,-0.263507605952778,0.423579066991806,0.00102034956386754,35.3234185224307,-0.0669220651208144,-0.149525804266263,-0.216977725508228,20.101428234791,29.046186627424,-0.607265336711439,1938.85962228505,2032.35992418138,0
2.88,-0.311218153055643,0.423269927501678,-0.014524732142752,37.6976590973369,0.615162898141368,0.260892084279541,-0.170302750992053,-32.1817913030267,19.6424091022134,1.03911242977092,1938.89604032658,2032.35992418138,0
2.89,-0.26168199229998,0.423149794340134,0.0214191269278153,35.2190057947255,-1.04514237549794,0.0959603076582055,0.244392846553615,-14.5649894666743,-32.0832008002575,2.68577074562119,1938.95165359334,2032.35992418138,0
2.9,-0.177316686310653,0.423034846782684,0.0261046018705016,30.9991558983617,-1.34054901739065,-0.174363501209124,0.0414732073645611,29.2882757123502,-10.2441028829427,-1.95048225521684,1938.98796550273,2032.35992418138,0
2.91,-0.21722115575023,0.422877818346024,-0.0406477807263658,32.9906823558841,1.92175001188815,-0.103673727252598,-0.195164112636003,11.6879655299254,30.9106730303031,-0.303318277579292,1939.02122285285,2032.35992418138,0
2.92,-0.266031162750391,0.422711044549942,-0.018042781907511,35.4269565121302,0.927077992974996,0.255181772740384,-0.0773329450775153,-34.3135944052821,8.86035892654568,1.34426168837006,1939.09351037424,2032.35992418138,0
2.93,-0.216328353387486,0.422750145196915,0.0101049904886291,32.9480027555214,-0.565837071834885,0.0222395863965485,0.215419284440894,-4.34955762364797,-32.6645435548743,2.99204107507753,1939.05448644794,2032.35992418138,0
2.94,-0.312138074778144,0.422507643699646,-0.0687608260496467,37.7305072347975,3.32284963270314,-0.306337692268029,0.0911890740227921,37.3907204204823,-6.04702673336218,-1.64329205072158,1939.10863664484,2032.35992418138,0
2.95,-0.258946565909891,0.422568708658218,0.0536102184712429,35.0781628547571,-2.67479296522882,0.0548538832497247,-0.258685969881409,-2.84331881503851,35.064905030354,0.00480519403044436,1939.13704126189,2032.35992418138,0
2.96,-0.277192940158506,0.42235341668129,0.0245157290309877,35.9838794293877,-1.31449446819816,0.242546490623737,-0.13641168179356,-30.4306472952304,19.249498167197,0.970258454558,1939.16077718935,2032.35992418138,0
2.97,-0.333727976665374,0.422217071056366,-0.0369078937612038,38.8079740558819,1.80378247446619,0.198652377687164,0.270691314730061,-20.9449804518053,-32.7203342802405,2.6186397268849,1939.18647706013,2032.35992418138,0
2.98,-0.241665479992272,0.422434777021408,0.0456928211824231,34.2199390038409,-2.29538507458078,-0.237779482011864,0.0628566310079837,31.8714796694987,-12.6681412110828,-2.01610184326288,1939.17059691307,2032.35992418138,0
2.99,-0.16431310005963,0.422185152769089,-0.0322392680293557,30.3440121331251,1.51931036338224,-0.0891311248899797,-0.141752629006031,12.3218348962753,27.7712038108624,-0.367567290027955,1939.19445960383,2032.35992418138,0
3,-0.269331527372311,0.422042310237885,0.000198946603462792,35.59195007937,0.0165730430270759,0.258182532868491,-0.0766895751589695,-34.1063838333344,10.1755475003258,1.28132210065114,1939.23788026336,2032.35992418138,0
3.01,-4.95722276358391,-4.59999990463257,-0.256466289753205,18.8874311170111,12.4609361308188,2.00991462190173,4.53873062631391,-18.3844295626059,-13.1917676265831,2.77640181563173,1892.0990086057,110.184479547834,0
3.02,-5.07820952824532,-4.59999990463257,-0.20222544819795,24.9396439939807,9.7163253848849,-3.29201592200579,3.87191662021805,9.75177083870313,-24.9258056447706,-2.39716447466876,1839.19266734994,110.184479547834,0
3.03,-4.93632057758872,-4.59999990463257,-0.208377182841172,17.8480578267646,10.0505050117832,-4.88753022432054,0.723000830848675,16.7002563847653,-11.8603227554109,-1.67547089653832,1786.27751355129,110.184479547834,0
3.04,-4.95089287430981,-4.59999990463257,-0.0693865925193557,18.5793064430258,3.17016690757922,-4.83571945893592,-1.06394175901766,18.8121026049854,1.15990590362964,-1.34021550808411,1733.9070426592,110.184479547834,0
3.05,-4.98707287804958,-4.59999990463257,-0.170734994746719,20.3909592540225,8.2681515302898,-4.93699905808113,-0.725318295588213,21.5421791801114,-4.4819711287574,-1.39070288741276,1681.22195044087,110.184479547834,0
3.06,-4.96025229345087,-4.59999990463257,-0.168125821581297,19.0525011471079,8.04413195375079,-4.75612513272097,1.41832395046653,16.3955682536114,-12.6052052934917,-1.82672844727903,1628.53074776466,110.184479547834,0
3.07,-4.94875061664109,-4.59999990463257,-0.194123756387921,18.4798189540834,9.35037546089323,-2.17786449100745,4.44800213099191,0.540564993737277,-20.7036474883756,-2.64707064426936,1576.1609769464,110.184479547834,0
3.08,-4.92536914243061,-4.59999990463257,-0.14740541300259,17.3130303432626,7.12994516965534,4.87305381211257,0.730982960981469,-18.3051296583159,3.93692341572256,1.74961012907662,1524.07267160645,110.184479547834,0
3.09,-4.82747380693142,-4.59999990463257,-0.113642904845826,12.4203498993879,5.44854114418937,0.674591105422861,-4.78145844977399,3.35160666759697,13.1422382024094,0.163696245502381,1472.16935935028,110.184479547834,0
3.1,-4.80369959614763,-4.59999990463257,-0.100666536173622,11.2337498690593,4.75665713831101,-4.65077748031776,1.20662023441648,9.83265039342913,-7.22093549982496,-1.80369133430497,1419.89556797452,110.184479547834,0
3.11,-4.92753495789643,-4.59999990463257,-0.096093389886841,17.4274620962872,4.48583149666321,4.22386032229261,2.53945637462697,-17.1438780615904,-5.47051773996805,2.13160899399691,1367.9200300455,110.184479547834,0
3.12,-4.77084250582978,-4.59999990463257,-0.0863286948761943,9.59470080916311,4.08816401120094,-2.75082226604781,-3.89889314031647,8.77109448300646,5.6426297211502,-0.596340848463645,1316.4105747199,110.184479547834,0
3.13,-4.84519958602587,-4.59999990463257,-0.128981110165065,13.314291740357,6.17879548835835,2.68892513344167,4.03265133404196,-12.3191506806528,-7.98037622807777,2.58011988349193,1264.58962513586,110.184479547834,0
3.14,-4.7054223603968,-4.59999990463257,-0.0594209123021074,6.32695227857502,2.71855632102436,-3.73602801863282,-2.86122789699309,6.65418276242431,1.77277335556532,-0.904602189470489,1213.06556484423,110.184479547834,0
3.15,-4.78992713125394,-4.59999990463257,-0.130926934137769,10.5536582818395,6.34699572505659,4.77606713393187,-0.386945108485885,-10.1990596775381,6.90240824334101,1.51728237585239,1161.99819056739,110.184479547834,0
3.16,-4.64232528948077,-4.4617805480957,-0.152522088868158,10.0857407111145,7.46345609385164,-1.76807335785026,4.2951558391059,-2.6612169874149,-12.2614545100725,-2.71824631296928,1111.60804090881,110.184479547834,0
3.17,-4.39092351052144,-4.24639701843262,0.00977589103693188,8.28609677308043,-0.645131537436888,-3.76684490831736,-2.25636528070681,6.78756465236008,4.79630696718649,-1.03333390784008,1063.27921228315,110.184479547834,0
3.18,-4.20935511153089,-4.04073190689087,-0.0767930944589267,9.4922059550334,3.70172264796789,1.19201659986412,-4.03777959526968,0.67734857244863,10.165919700974,0.305303333086329,1017.18200596479,110.184479547834,0
3.19,-3.98118999575871,-3.84449625015259,-0.0370154934144367,7.89690527394872,1.70772855709023,3.8420051031997,-1.0441459266163,-7.20689499314037,3.65213831724222,1.31473180345865,973.249351662084,110.184479547834,0
3.2,-3.80849274968232,-3.65818524360657,-0.0957144250988675,8.5787213489099,4.63279918146069,3.4859094891401,1.53694935150051,-9.73511332811293,0.533719708071005,2.01118637003131,931.283892048397,110.184479547834,0
3.21,-3.67239490190287,-3.48322153091431,-0.089960379662392,10.5230644462841,4.34098793571582,2.52130736808306,2.67162616042762,-10.2620202067209,-4.92645946654695,2.40962468770725,891.653135009618,110.184479547834,0
3.22,-3.43583908781371,-3.31398701667786,-0.0690519277305031,7.15805392445434,3.36484678189219,2.04664960179683,2.76061294163755,-6.88937154265358,-3.88542013150205,2.52372923216771,854.223168067193,110.184479547834,0
3.23,-3.26694252165993,-3.15207886695862,-0.102434476247405,6.80970912768163,4.99983788283626,2.35750353288707,2.26397512225263,-8.33587802501035,-1.37246304519454,2.36730406065504,817.715221065438,110.184479547834,0
3.24,-3.09317363026764,-3.00135660171509,-0.0960469974135645,5.65824963961878,4.74095818165351,2.90486397660498,1.06710515419895,-7.02021913280499,2.2823226747838,1.95388566634773,784.063871474051,110.184479547834,0
3.25,-3.00831614735751,-2.85495328903198,-0.052667203138518,8.73641240718856,2.52171551826723,2.88112420541352,-0.867100449612796,-7.72419017126492,4.79800344952798,1.29596530297697,751.043436868397,110.184479547834,0
3.26,-2.85262142742013,-2.7167375087738,-0.0208687602661588,7.86339335859625,0.973560959308367,1.10490395424098,-2.63003265478476,-2.20380623995105,7.61078275279605,0.405037308441456,720.349806880266,110.184479547834,0
3.27,-2.66867620630433,-2.58665037155151,-0.0323027435908356,5.17129930195074,1.56982665143361,-1.75866552903569,-2.00747894592197,4.55355278952438,2.91064411753174,-0.707324396944266,690.882613117507,110.184479547834,0
3.28,-2.63735591702542,-2.45953488349915,-0.0219130507775993,9.96190817851852,1.00400836267376,-2.35289031288206,1.19165162292054,8.47802415725843,-5.32642034939935,-2.03129234045768,662.367567171183,110.184479547834,0
3.29,-2.3698560724019,-2.34008693695068,0.0252108400780271,2.56001517077234,-1.33147776170648,0.931395706547252,2.17930159183692,0.187653096418555,-2.87946123778529,2.72706787570401,635.843897382701,110.184479547834,0
3.3,-2.25408579825697,-2.22724318504333,-0.0575588630720689,2.41444347157127,2.83620085592043,0.672891595381617,-2.15207637166684,1.90536013038304,3.20049610936861,0.328570329563879,610.587075277739,110.184479547834,0
3.31,-2.19199236038071,-2.1199061870575,0.0673243137935934,4.67734799682577,-3.40795788462587,-2.19186586779854,-0.0713238303441576,4.6711218649882,3.41648675531207,-1.56897167132808,586.457049306306,110.184479547834,0
3.32,-2.07105410601707,-2.01766896247864,0.0273007576395556,3.74291857969637,-1.39477831997987,0.965635609956806,1.83236413144364,-0.563245991669558,-3.95444054310977,2.64340645339113,563.495431525724,110.184479547834,0
3.33,-2.03641874852121,-1.920294880867,-0.0324759310784416,6.88043388179889,1.60306141894986,0.778612682679766,-1.88197191684635,-1.26007026887795,6.95143145202638,0.408225424500185,541.625046548418,110.184479547834,0
3.34,-1.93592624432558,-1.82708609104156,-0.01403995544089,6.51689669484402,0.682479240225231,-1.76759327144404,0.789697138505068,5.69534243488114,-3.2401844074141,-1.98370379044935,520.715622623273,110.184479547834,0
3.35,-1.7854617223989,-1.73822331428528,0.0478714593418229,3.43743276615001,-2.41669523343015,1.74533688516116,0.379426404019402,-2.92743490541332,-3.01437966216159,1.75805454560118,500.825393846716,110.184479547834,0
3.36,-1.72292428913695,-1.65340745449066,0.00419635510192901,4.55197781408652,-0.230025543591112,-1.37437832570062,-1.03902354801928,3.49951033960985,2.92007553902362,-0.925904853528819,481.833306394064,110.184479547834,0
3.37,-1.66886981646082,-1.57231557369232,0.0108794931731221,5.904444234014,-0.569794712900099,0.938681651809143,1.37989912103115,-2.88370660979834,-5.18375963139067,2.53772346418383,463.69529970832,110.184479547834,0
3.38,-1.5100322344527,-1.49528908729553,0.0206073731736435,1.81441721133803,-1.06294210626363,-0.583794996918812,-1.39276897383877,-0.25043133531392,2.08787927916361,-0.410561056371046,446.411584630025,110.184479547834,0
3.39,-1.41436642147983,-1.42245614528656,-0.0204868291203011,0.673261391799893,0.989318424663322,0.489586505009709,1.32708595746073,-1.1568861818905,-0.306016681273195,2.80264817439351,429.992210228641,110.184479547834,0
3.4,-1.44078464765443,-1.35478591918945,-0.0556456869355708,5.37810163844431,2.74957347189461,-0.590746801439534,-1.31528516298946,4.56230398958506,3.95847367269256,-0.383535673778805,414.658931602073,110.184479547834,0
3.41,-1.31574271055732,-1.28946924209595,-0.0188546422098926,2.3922967516127,0.93894201950814,0.692423790879126,1.1189654470725,-2.03499786320655,-1.56954756554858,2.60178809832657,400.200414732939,110.184479547834,0
3.42,-1.187107906827,-1.22554779052734,-0.00471217558221482,-0.842850400589099,0.221829618444141,-0.856492952505059,-0.821989786651312,-0.451552062574488,-0.74545684796439,-0.801981994734804,385.933220533486,110.184479547834,0
3.43,-1.21791785063833,-1.1650242805481,-0.0205830814029798,3.72427773169967,1.00261811590512,1.1267852661794,0.462712133042289,-3.81719190223957,-0.551845712724003,1.97734680436669,372.283865982792,110.184479547834,0
3.44,-1.11723911134749,-1.11043989658356,-0.00211273735206619,1.41985988935143,0.103554494286804,-1.11569627912221,0.0587325151555822,1.41278701879916,-0.175380951612811,-1.62149877700643,359.943824187827,110.184479547834,0
3.45,-1.09864951546131,-1.05614137649536,0.0228408780546021,3.20564466470176,-1.15276381458394,0.919879970861689,-0.60114332961547,-3.29695811444916,0.857373500939239,0.971176271422423,347.937695095831,110.184479547834,0
3.46,-1.04373206553075,-1.00328862667084,0.0555458493740313,3.10287296350317,-2.80645902940018,-0.397096447712197,0.96683834078615,3.67366956575039,-2.00204516258254,-2.80505053583756,336.019301542213,110.184479547834,0
3.47,-0.989305665609141,-0.956205785274506,-0.0638852594463527,2.73602660870869,3.20114299794843,-0.426744780686775,-0.894816136721656,3.98833639169583,1.35141811574027,-0.380517447657024,325.431912719745,110.184479547834,0
3.48,-0.992427664498507,-0.908208906650543,0.0667450495765734,5.29238927199371,-3.35628228844481,0.890916924540402,0.442306007728147,-3.60021081850856,-5.12957084640971,1.96445598467335,314.753955743467,110.184479547834,0
3.49,-0.922806189409624,-0.863738417625427,0.0597066808545863,4.03527251087733,-3.01275435150484,-0.847285099416825,0.370464723364592,4.96788049879186,0.824788681588902,-2.04759747999987,304.649308872073,110.184479547834,0
3.5,-0.893297993323645,-0.82157164812088,-0.0693086984716273,4.66860910832006,3.46821246548873,0.0652992294594558,-0.893600028643622,2.72966411881759,5.13549827285534,0.150376989088949,295.326845560436,110.184479547834,0
3.51,-0.839651724848702,-0.780407786369324,0.0128857264919455,4.04483350118519,-0.664699661519664,0.627973635663981,0.557521455999307,-2.63199302423665,-3.14246979503447,2.28149050853954,286.032785329796,110.184479547834,0
3.52,-0.825348460005848,-0.743407189846039,0.0187284374439581,5.18000304124594,-0.938865630534301,-0.777644833002023,0.277163035970481,5.17382863803571,-0.972315485713016,-1.93586083352204,277.809339891246,110.184479547834,0
3.53,-0.707471607008546,-0.705801129341125,-0.0640880108216938,1.16681013047054,3.19484949692571,-0.0147731858230835,-0.710214827242414,3.10604927459235,1.38598957152624,0.0695428093258769,269.291642626251,110.184479547834,0
3.54,-0.663669501045513,-0.672487676143646,-0.0551276327561422,0.642656873088999,2.76351786051214,0.622692938609859,0.236113885057008,-1.77032679042567,2.21720136140119,2.01610289299496,261.880200250462,110.184479547834,0
3.55,-0.676106222898604,-0.637828826904297,-0.0637874808315079,2.99779390130773,3.18089377118434,-0.422591023219986,0.531606334092185,-0.21545740255842,-4.36559635857003,-2.37588253097163,254.105973426589,110.184479547834,0
3.56,-0.594506148571981,-0.608083248138428,0.0410305073303962,0.405283907615847,-2.05459667526194,-0.26935087417977,-0.531574237336868,-1.55681449732353,1.40069667119369,-0.537903388720567,247.435680282823,110.184479547834,0
3.57,-0.607408153305145,-0.57710325717926,0.0242573234699814,2.59970026476191,-1.22917236475731,0.584177027899871,-0.168137689164468,-2.8544397955049,-0.348539269988615,1.25063660820616,240.440507713509,110.184479547834,0
3.58,-0.588049680064,-0.54950076341629,0.0384979525368568,3.01211644462327,-1.9307151077212,0.0505428552406704,0.587137069479541,1.45483940009019,-3.2686310013671,2.99034689295501,234.317429272491,110.184479547834,0
3.59,-0.591747476382795,-0.522311985492706,-0.0363617383990639,4.55678750187813,1.81681350666699,-0.590564854945619,0.0521574915795241,4.50662432211722,-1.937901151912,-1.59751483942954,228.106774058317,110.184479547834,0
3.6,-0.504899857733066,-0.495622545480728,-0.0835173809450004,1.54916178919345,4.17847589120242,-0.0571083501225285,-0.508564308229613,4.0921232460641,1.76467854338368,0.0521045669827069,222.258523183826,110.184479547834,0
3.61,-0.481294652030015,-0.473056256771088,-0.0218336762723218,1.49726814694633,1.09883549268756,0.481264321074388,0.02249232653742,-1.59192027730957,0.956577845520481,1.66283164310104,217.155110909977,110.184479547834,0
3.62,-0.500690677348975,-0.448465079069138,0.0216926106217211,3.69690015029938,-1.09677025897508,-0.0678313963053025,0.496548714040258,1.43343944881532,-3.57983617905008,-3.04912557518559,211.614928402067,110.184479547834,0
3.63,-0.442253331142809,-0.427303403615952,0.03354668621929,1.83329994452642,-1.67912736354395,-0.439711140254865,-0.0580301835166207,1.73732254916917,1.7782485061855,-1.51529021112808,206.917126000198,110.184479547834,0
3.64,-0.417054244169501,-0.406330049037933,-0.0050332375453486,1.62215142944831,0.247000892785606,-0.0114725600805649,-0.416926799840427,0.272019815413522,1.61814397416314,-0.0154420645944019,202.158614796195,110.184479547834,0
3.65,-0.403796175276154,-0.385977357625961,-0.0589299539365366,1.97706494628749,2.94737235449021,0.393695016442567,-0.107370036168846,-1.60579602441987,3.16499742903676,1.44946422346049,197.637245567277,110.184479547834,0
3.66,-0.403891968512885,-0.367774546146393,0.0521489194692391,2.89218315637146,-2.6081527232925,0.0527421978120619,0.403814923697696,1.78292571633996,-3.4624211078421,2.88331239574599,193.559587826646,110.184479547834,0
3.67,-0.362864790260794,-0.348603487014771,0.00257261225826153,1.79962559903842,-0.137553992372693,-0.331478327360912,0.147646851760724,1.69554844757719,-0.618618508816725,-1.99692404269464,189.204996705441,110.184479547834,0
3.68,-0.349928979558608,-0.331359952688217,-0.0258819378904674,2.01519767300039,1.29451898217489,-0.225550287830832,-0.2687884541853,2.22830105326607,0.878336764851981,-0.62432455287983,185.41456311151,110.184479547834,0
3.69,-0.327782904645835,-0.316022157669067,-0.0304940365787264,1.67490715369796,1.53326996745219,0.193792598318558,-0.266112659754975,0.0433418673276598,2.27031985612953,0.722189683653554,181.917326438087,110.184479547834,0
3.7,-0.261984699147782,-0.299475461244583,0.0464491419445634,-0.787531388352573,-2.33436112531073,0.212317490589731,0.160358313051178,1.76174315928679,-1.72212328005537,2.04219186797231,178.238566286274,110.184479547834,0
3.71,-0.283881551662246,-0.285421311855316,0.0739725589780405,1.01009439675751,-3.70708110895998,-0.127712624062521,0.264102556805097,3.83268490112828,-0.270679676799362,-2.94608051875729,175.090178974207,110.184479547834,0
3.72,-0.326400274286649,-0.271565318107605,0.0601624432358479,3.82905361209049,-3.00881761631992,-0.330859327947695,-0.0262443087260085,4.11843092130047,2.598684620922,-1.67391562123623,171.957119943061,110.184479547834,0
3.73,-0.332394372121831,-0.257024377584457,0.0382064448235199,4.85600073937974,-1.92149175241614,-0.102333788207215,-0.318549127820937,0.253121342778712,5.21620583578617,-0.42527696828483,168.706036420296,110.184479547834,0
3.74,-0.232179161920766,-0.244625329971313,0.0226675758051285,0.46526994966932,-1.13723068829981,0.182513230329749,-0.145292473919713,-1.12552032816062,-0.49292368108396,0.801137870906729,165.968402413872,110.184479547834,0
3.75,-0.280464395688288,-0.233350455760956,-0.0699673834070725,3.4433453902898,3.51023806103611,0.283680508729299,0.0555074855917205,-4.6065904197353,1.71980331049207,2.00850357487052,163.432911463532,110.184479547834,0
3.76,-0.272222676731537,-0.221055999398232,-0.0204614826031674,3.64616859328124,1.01894708720547,0.00551429345453656,0.272934883378618,-0.817624347303246,-3.69652390819428,-3.08677017142768,160.642494083678,110.184479547834,0
3.77,-0.237260977925515,-0.209844842553139,0.00672794527335006,2.45876358214163,-0.340448770881205,-0.225343604910003,0.074553984601344,2.42754924673143,-0.518100736492556,-1.91865556258287,158.167744925248,110.184479547834,0
3.78,-0.205488894760081,-0.200336337089539,-0.0345486956047473,1.34561325854532,1.73434898063122,-0.167482410535923,-0.123971530597899,2.18254555281351,-0.23481128184875,-0.767021324272748,156.041048584442,110.184479547834,0
3.79,-0.186366732976758,-0.19046325981617,0.0121620566293024,0.883278783642136,-0.603478722996431,0.0785120194481048,-0.169458955455488,-0.881259868086933,0.606423139104318,0.368700856546177,153.77954699922,110.184479547834,0
3.8,-0.175016979835525,-0.179713919758797,0.0206863684596054,0.853506154716873,-1.04117461419054,0.176135124931984,0.00594027238346222,-0.937792360321033,-0.96595177017173,1.48685869961544,151.387357508865,110.184479547834,0
3.81,-0.152010076887434,-0.171163871884346,0.037670407815656,0.130740339345547,-1.88655921123998,0.047633327580376,0.149188435221843,1.53783245463076,-1.10057713738336,2.58961893791233,149.491657774665,110.184479547834,0
3.82,-0.196691973415287,-0.163013890385628,-0.0311295659571561,2.77244445593532,1.56503969530233,-0.0738925862226429,0.184923411130149,0.0738738964040384,-3.1828195293715,-2.60448058696567,147.640255778614,110.184479547834,0
3.83,-0.190733963136604,-0.154107689857483,-0.00931739717774224,2.92001384391722,0.461715836857454,-0.190956043285703,0.00143112425463509,2.93659312904957,-0.340709784262284,-1.52947928484037,145.640929906759,110.184479547834,0
3.84,-0.179290712803192,-0.146031886339188,0.0144875186551357,2.75178591428509,-0.728781188533516,-0.0680680119563347,-0.166498629551632,0.592914242265186,2.78422348961739,-0.468716284300323,143.846578113141,110.184479547834,0
3.85,-0.168196873846752,-0.13913282752037,0.057381715440715,2.542121374969,-2.87220445028484,0.140166983022602,-0.109252306653366,-3.79560177511812,0.552581807545708,0.579939663073949,142.313290684871,110.184479547834,0
3.86,-0.185710651667474,-0.132527083158493,0.051468666041939,3.74816972111241,-2.5729304594106,0.183089911075868,0.0601294785369478,-3.62326048038342,-2.74603912909457,1.61775515382566,140.784861233997,110.184479547834,0
3.87,-0.0769173073753427,-0.12485608458519,0.04295422152745,-1.30775723853401,-2.15632479713668,-0.000975285557332554,0.0880930538634225,2.51912029627074,0.118315504484637,2.64335817147849,139.079638547356,110.184479547834,0
3.88,-0.105168278615422,-0.118383385241032,0.062412904763946,0.428561934992509,-3.12819148924513,-0.10617371398981,0.0606867363236351,2.93242338698037,1.1705299675791,-2.6256512958273,137.638690060284,110.184479547834,0
3.89,-0.138385370578947,-0.11291416734457,-0.0335823434125663,2.3629111089181,1.68610490747679,-0.136522084260051,0.0404969762901327,2.2751570326003,-1.80276430646806,-1.62109089045683,136.422150443234,110.184479547834,0
3.9,-0.133402953882707,-0.107031419873238,0.0155952961605658,2.40808033505981,-0.775416258089691,-0.0655064079261142,-0.117253877921308,0.782177135603855,2.40589280766001,-0.625851909330023,135.069883944366,110.184479547834,0
3.91,-0.114512137224492,-0.100779496133327,-0.0214625364393829,1.77629410769004,1.07121368303378,0.0201624187362693,-0.114748189148396,0.378412237069336,2.03949103713876,0.359210939969711,133.688714657983,110.184479547834,0
3.92,-0.101180853649147,-0.0959767922759056,-0.0389418145760127,1.3498885683884,1.95020110988126,0.0893022222652765,-0.0614747359988292,-0.857605820826923,2.2113334827953,1.33530358043942,132.624341674163,110.184479547834,0
3.93,-0.129022729759028,-0.0912572592496872,-0.0153177346373361,2.97807661564809,0.771233925237781,0.106150968918238,0.0749230911442531,-2.72955507458485,-1.4188978789595,2.30358333480055,131.546727659798,110.184479547834,0
3.94,-0.0720347080643168,-0.0863258317112923,-0.00525126689032653,0.375363667041125,0.269217667292906,-0.00357136610512239,0.0721375097574623,-0.221439402299588,-0.405389474488911,-3.01935489250612,130.461887185506,110.184479547834,0
3.95,-0.113322896574009,-0.0813430771231651,-0.0623507542558528,2.6890459006956,3.11990963651451,-0.0699575801143107,0.108791692829678,0.878876341274793,-4.02397569237332,-2.06712458060742,129.335673839378,110.184479547834,0
3.96,-0.112285620361188,-0.0771474987268448,-0.0677837950946519,2.84705131809719,3.39488675239108,-0.130568409334746,0.0124335795780999,4.03695331892465,-1.82591488582097,-1.12262074950739,128.395901210627,110.184479547834,0
3.97,-0.126811644911645,-0.0734589546918869,0.0704021552286151,3.75782764313922,-3.52384127250982,0.0459315793935674,-0.137578874688099,-2.77428030505862,4.3407481726482,-0.184583457806267,127.578993122685,110.184479547834,0
3.98,-0.0485810955792884,-0.0699132680892944,0.0542026792211196,0.023627551017896,-2.70936607572365,0.0727771652509467,0.00123995986545227,-2.00254692870087,-1.82511056974639,0.747795414834481,126.76704681082,110.184479547834,0
3.99,-0.0824263243819357,-0.0654472336173058,-0.00258878346083119,1.93937431318137,0.126169010731036,0.0822578567199169,0.00586905092572703,-1.94209596588733,-0.0731751677872838,1.67342196881556,125.769366802188,110.184479547834,0
4,-0.0633119071177115,-0.0621424354612827,-0.0214676267772951,1.14894094939426,1.07393792118781,0.0513484937472088,0.0428087464453683,-1.5156494811265,-0.419779244509708,2.59265642831579,125.032339544711,110.184479547834,0
4.01,-0.0302851973488017,-0.0591359063982964,-0.0260790362974572,-0.352023731057966,1.30930825749471,0.0135489672008052,0.0375996648981272,-1.34870394173208,-0.138587510000601,-2.77654476854305,124.367046242898,110.184479547834,0
4.02,-0.0856142565440341,-0.0557917393743992,0.0781263444611323,2.58179436766552,-3.90859764553095,-0.104722672239736,-0.0496657683059066,3.61219107109829,2.98242743037233,-1.8676516549512,123.597825214673,110.184479547834,0
4.03,-0.0418125423116906,-0.0524487122893333,0.00234204743803894,0.558958065943898,-0.11979109085905,-0.0330192945805426,-0.0257584950292576,0.390971185929226,0.417043830677351,-0.964259730362027,122.861789338969,110.184479547834,0
4.04,-0.103200389211779,-0.0496218241751194,-0.0256153838660617,3.76974422894595,1.28043126395397,-0.0323672081112528,-0.101285892715378,1.52631367262054,3.67706980436239,-0.0660129582169018,122.241563999331,110.184479547834,0
4.05,-0.0377125360180911,-0.0472968965768814,0.0629755923621792,0.6116256971765,-3.15405701431692,0.0703700089014641,0.0208859391335664,-2.58358899820629,-1.90977211503253,0.828088846338305,121.714006514261,110.184479547834,0
4.06,-0.059943965845939,-0.0449013449251652,-0.0740773761419022,1.84301925303894,3.71591351972961,0.0701751724143147,-0.0644684564266057,-2.36886897285272,3.40487783079469,1.71822290375881,121.194892994677,110.184479547834,0
4.07,-0.0523789281823256,-0.042813379317522,0.00829914402718885,1.5691660972324,-0.410367961717504,0.0196471437954684,0.0492586809587248,-0.449583386261115,-1.55838341992776,2.60493441007765,120.705426637386,110.184479547834,0
4.08,-0.0481599610078753,-0.0402509719133377,0.033755388263917,1.48644647153826,-1.69454031929278,-0.0480830470247096,0.0338648589240737,2.09811092753796,-0.823966347737096,-2.79573267155423,120.104764615858,110.184479547834,0
4.09,-0.083430168703332,-0.0382214486598969,-0.0294547577235999,3.35146099022943,1.47474755211125,-0.0684940142908511,0.0560066586108036,2.65258318353284,-2.52407875588828,-1.91684273454314,119.664488740815,110.184479547834,0
4.1,-0.0225890156754164,-0.035789031535387,-0.0681533212570001,0.431184506624149,3.41768815063108,-0.0539064103034622,0.0474261294619206,2.09763334723564,-2.73247995679416,-1.0415837632418,119.123387415598,110.184479547834,0
4.11,-0.0103610639984548,-0.0338560380041599,-0.0590653845352835,-0.0835009056483202,2.96476530808379,-0.0599668554824917,-0.00021803903993084,2.90789239547452,-0.583924267009621,-0.170014129500565,118.688222888024,110.184479547834,0
4.12,-0.0403497931582152,-0.0316010750830173,0.0301518392704487,1.52879730967023,-1.51403268572655,0.0490341383577519,-0.011527900711516,-2.1425107376087,0.197898779012684,0.698144047846734,118.178136799859,110.184479547834,0
4.13,-0.0608851823466859,-0.029805613681674,-0.0289843347927044,2.64538923356301,1.44967846208779,0.0606546829869801,-0.0294636475086453,-2.63387303053568,1.47049811271866,1.56290903434463,117.785409997475,110.184479547834,0
4.14,-0.0504875698230239,-0.0282788388431072,0.0126705542249615,2.20186983411416,-0.633677038653372,0.0236063366562556,0.0463926558915732,-0.968377819330822,-2.07654081460648,2.42501423489901,117.464366817828,110.184479547834,0
4.15,-0.0239742183227019,-0.0270013008266687,-0.0363658097612163,0.940117249796832,1.8265975175377,0.0325693476632589,0.028921840476763,-1.6736186657465,-1.19133517370443,-2.99829413823119,117.141947838167,110.184479547834,0
4.16,-0.00394628321050274,-0.0252225436270237,0.00757290096389109,0.0277378038956662,-0.373987051745141,-0.00740981084032323,-0.00424460640071924,0.225227999995509,0.299846708596243,-2.14099680385962,116.766181852703,110.184479547834,0
4.17,-0.0416061082223214,-0.0233395658433437,0.0447913446614647,2.00502293796978,-2.24733159460201,-0.0273836753480007,-0.054657727014805,1.29474271682419,2.71923841821789,-1.28669826595295,116.318511847153,110.184479547834,0
4.18,-0.0158932398677992,-0.0218956749886274,-0.0316276505352725,0.791638329584202,1.58377348130289,-0.0353799399713128,-0.00107851727062056,1.76989040564588,0.0501760595084099,-0.435179902840518,116.013053306973,110.184479547834,0
4.19,0.0271751991464918,-0.0207215007394552,-0.0116928046154162,-1.30302740422619,0.588859515874645,-0.0216426730372783,0.0201694777380887,1.06356155216029,-0.9557576943802,0.414287267164413,115.747367528904,110.184479547834,0
4.2,-0.0561101804220056,-0.0195738933980465,0.0357901132174218,2.91867785043239,-1.78797145926673,0.0643368210969642,0.0170310892852781,-3.32418316756456,-0.815676775590373,1.26178875618052,115.474511328898,110.184479547834,0
4.21,-0.00986631084490106,-0.0184841249138117,-0.0570187472313315,0.660955558779269,2.85389914410416,0.0376225289934769,-0.0439662022200425,-2.026730481384,2.11517520107169,2.10725912547479,115.280455605385,110.184479547834,0
4.22,-0.0483024117022512,-0.0172813944518566,-0.0665889744372007,2.64298202334756,3.33335224368167,0.0745286061680507,0.0348238618694069,-3.7733971692763,-1.9641957537612,2.95114457925442,114.985706734636,110.184479547834,0
4.23,0.015546836179012,-0.0163856483995914,0.0299221098406813,-0.504658954736675,-1.49847966841285,-0.0143607147930603,-0.0305091239324765,0.885310532046369,1.31009436266644,-2.48991845567315,114.777184858061,110.184479547834,0
4.24,-0.0447556157217108,-0.0153925996273756,0.0494037886708096,2.56017334130548,-2.47131474304958,-0.0484943630264685,-0.0457394384346436,2.74620488465285,2.26279535713116,-1.64934789106218,114.555126366255,110.184479547834,0
4.25,-0.00157492953618134,-0.0142164723947644,0.0658696545797999,0.460020794537966,-3.29470784240041,0.0442534159438969,-0.0488152330200578,-1.93723964088928,2.70440778580992,-0.810469346922971,114.309753684208,110.184479547834,0
4.26,-0.0265490866964551,-0.0132594984024763,0.0381431181865048,1.75663513477814,-1.91446494282587,0.0388388343522122,-0.0255205097042944,-1.96071489969459,1.70485779353057,0.0267209587794743,114.080387336329,110.184479547834,0
4.27,0.0323864595170267,-0.012415150180459,0.056083278222096,-1.14787807444068,-2.81142838022063,0.0119065569023057,0.0636588623752984,-0.958014150100712,-2.88165967787635,0.862206554725058,113.892536490021,110.184479547834,0
4.28,-0.0621425116754738,-0.0119744269177318,-0.0153872436258972,3.60057080206332,0.772288965058489,0.0635841256358267,-0.00745103958293892,-3.6691028926031,0.313407577626256,1.69687444048462,113.803598856172,110.184479547834,0
4.29,-0.088644667901514,-0.0113124139606953,-0.0364544230905706,4.95884286257566,1.83064318921812,0.080713770561194,0.051692256209523,-4.34429109596157,-3.01139700064559,2.53058113075107,113.615650930192,110.184479547834,0
4.3,-0.0364997799443624,-0.0100358398631215,0.0848594492685366,2.41555605477818,-4.24762743829005,-0.0907961959923467,0.0170120798101106,4.67379646695241,-1.42578977896224,-2.92061106048319,113.351184815477,110.184479547834,0
4.31,-0.00306791614847005,-0.00894458964467049,-0.0137327996311035,0.798627987669325,0.684916627322355,0.00415863972554635,0.0134427530973081,0.352928968226032,-0.991140046844185,-2.09060892129279,113.120108868598,110.184479547834,0
4.32,-0.0230426099672739,-0.00819811969995499,-0.0696507869997529,1.83476669093329,3.48869261059088,-0.0431166819963054,0.0593560926731059,2.80806437480626,-2.76624644749769,-1.26206288128684,112.944702579122,110.184479547834,0
4.33,0.0521147405423224,-0.00759601034224033,-0.00789466164007407,-1.89296869335097,0.39852850353437,0.0147835968204448,0.0505936471234815,-0.435607803317652,-1.88478149498158,-0.434631064753241,112.837226243842,110.184479547834,0
4.34,0.00383390438422787,-0.00721781421452761,0.0565067554885088,0.540023369212467,-2.82579426204876,0.0507554896683727,0.0251315042762909,-2.81774979698778,-0.58053814026176,0.392014100530255,112.71814713905,110.184479547834,0
4.35,2.8856469392088e-06,-0.00718312663957477,0.0554686336586851,0.733212080785346,-2.78068113786418,0.0191594767391939,0.0520546230355062,-1.64868443926391,-2.3561891192373,1.21806758897521,112.750165944568,110.184479547834,0
4.36,-0.0643982118700702,-0.0067435447126627,0.00249185193383769,3.97528741942335,-0.127781962826136,0.0561740658923911,0.031588183538151,-3.47948873891234,-1.92675800577848,2.04437908528482,112.625513807451,110.184479547834,0
4.37,0.0364020603669637,-0.0060971500352025,0.0228228025329251,-1.03232969858828,-1.14305598859112,-0.0317684718173252,-0.0289267093325317,1.37849537783772,0.687045917622265,2.86941922565169,112.480281442544,110.184479547834,0
4.38,0.00454445413611498,-0.00556829897686839,0.0633053590747045,0.587050367789785,-3.16797603298943,-0.0515228935209409,-0.0370622718435109,3.00539443722933,1.16116517196674,-2.5896703600297,112.361437911347,110.184479547834,0
4.39,0.0353281854702715,-0.00465450203046203,0.00971352611845859,-0.906302096995604,-0.48119418197162,0.0327611194087907,-0.0164055580020566,-0.795278972840705,0.648430942459873,-1.76673336917804,112.149942893406,110.184479547834,0
4.4,0.0173100341039427,-0.00397438928484917,0.0416399436226625,0.0287081862958232,-2.08930426145474,0.0384153277352506,-0.0236174677002311,-1.20018661469458,1.71042934574957,-0.945199134437858,111.984375467329,110.184479547834,0
4.41,0.00434658695274426,-0.00330019416287541,0.0160271212797463,0.710690537059864,-0.805067186031241,0.0164433831844231,0.00231874623529487,-0.710388793021797,0.805333456550597,-0.124741549812758,111.835053517355,110.184479547834,0
4.42,-0.0271603696826996,-0.00296229962259531,0.0141689343402669,2.30295582042652,-0.708927006351766,0.0144972113682754,-0.0269865752585104,-0.736798156531496,2.29419081327231,0.0121252641809728,111.779777519028,110.184479547834,0
4.43,0.0466352245275606,-0.00275223795324564,9.20257718720306e-05,-1.37631156347598,-0.000204075411856654,-0.0343912837798844,0.031497495701248,1.01665784015449,-0.927707064464248,0.83126255006144,111.741838992145,110.184479547834,0
4.44,0.0337781718671857,-0.00262773782014847,-0.0351061103503546,-0.727221848177749,1.76417697155143,-0.0308886747702408,-0.0376735138998037,0.585070617790611,1.8162776152388,1.65015865853685,111.701085339618,110.184479547834,0
4.45,0.0513540206444793,-0.00200716918334365,-0.0405519952927927,-1.57486319658006,2.02874363813708,-0.000309799247047063,-0.0654339650564354,-0.604380234894265,2.49614089524073,2.46845661610819,111.532716766694,110.184479547834,0
4.46,-0.0366825300856173,-0.00136884488165379,0.0135101357420153,2.85897156543556,-0.6784223027051,-0.0186300111055494,0.0343664730145094,1.08132601464818,-2.73216201621021,-2.99771897590729,111.415559492342,110.184479547834,0
4.47,-0.0281177493966627,-0.000948121305555105,0.0072681375539347,2.4518630683911,-0.362289677165817,-0.0272037323123423,0.0101681169797986,2.21648810210192,-1.10908377030853,-2.1814464468202,111.306565309469,110.184479547834,0
4.48,-0.0369395107855608,-0.000549305696040392,0.0109017415271715,2.91294758345112,-0.541557100159873,-0.0339485075448699,-0.0181899494468162,2.74181567529039,1.12294012280228,-1.36589034344744,111.242525200905,110.184479547834,0
4.49,-0.0304808434847633,-0.000133647117763758,0.0116811468388303,2.61091384881857,-0.581199016224741,-0.00599987042514001,-0.0320863298913179,0.871284776173329,2.52893777329965,-0.550822309968963,111.103373179607,110.184479547834,0
4.5,-0.0145594629676373,0.000549632823094726,-0.0433947742341685,1.84913258518506,2.17099518798756,-0.0381158027800043,-0.025343045814903,1.61545474148297,2.35006753138681,0.263065796342357,110.965315436141,110.184479547834,0
4.51,-0.0561059811561701,0.000475316308438778,0.0443122051840206,3.92269335155957,-2.22100690296982,0.0704130758023448,0.0123875504366481,-4.50683515028061,-0.0939772398209373,1.07645402579814,111.019021380984,110.184479547834,0
4.52,0.0164933117411842,0.000431128079071641,0.0389024590545706,0.290528505096276,-1.94628953132651,-0.0278755789795325,0.0317550428946375,0.335366274527345,-1.93906658316168,1.89023346036343,111.013855020886,110.184479547834,0
4.53,-0.00615997167040046,0.000497393775731325,0.0123051041390505,1.42652187321854,-0.611403226352447,-0.0085340354952169,0.0107949560915917,-0.0508911746777425,-1.55118943018093,2.70388305055104,111.00272034966,110.184479547834,0
4.54,-0.0277038008495921,0.000960400095209479,0.0800545149284343,2.52697238513381,-4.01059071813969,-0.0846367272992831,-0.00358473625355718,4.65787857078734,-0.880110540476134,-2.76610156629015,110.887453068717,110.184479547834,0
4.55,0.0449687903493653,0.00142925092950463,0.0169663480875948,-1.08313119273165,-0.852418574132411,0.0353771711070202,-0.0325346713119899,-0.686355641894285,1.19528512875971,-1.95358492318349,110.801970999221,110.184479547834,0
4.56,0.0273210890799639,0.00134570081718266,-0.0196800417463635,-0.204901877900133,0.986014641774673,0.0166459665983305,0.0292687161942781,0.224253083913719,-0.981794381587216,-1.14134519504119,110.795980896621,110.184479547834,0
4.57,-0.0556432201357929,0.00164695293642581,-0.0666125824236136,3.95845847612161,3.34033929521827,-0.0810322855005355,-0.0310994017753193,4.44137029841303,2.66486209525613,-0.329458268111404,110.727088218267,110.184479547834,0
4.58,-0.0514035318572456,0.00183719815686345,-0.0393231871704156,3.75604276600213,1.97517718168232,-0.0110090619091384,-0.0637764587643369,0.00863671967491664,4.24371388834694,0.482090882152144,110.685532963039,110.184479547834,0
4.59,0.0547963281996039,0.00218232534825802,0.0396593583631679,-1.53659809189009,-1.9895028992253,-0.0418345810576118,0.053154210723808,0.932755583003779,-2.33435697878483,1.29328399864204,110.598145071001,110.184479547834,0
4.6,0.034355905355064,0.00251266499981284,-0.0248862551471995,-0.497986430297009,1.24465758164657,-0.0169431263213706,-0.0388919580180236,-0.203592617511744,1.32503321709494,2.10384680405647,110.542291001054,110.184479547834,0
4.61,0.0394657322750049,0.00267851632088423,-0.0653981978620753,-0.74512744713798,3.27724267835256,0.0548013043362894,-0.0532098238171384,-3.0244491933671,1.46568808483762,2.91389357710482,110.50832386927,110.184479547834,0
4.62,0.0286251582623454,0.00265781441703439,0.023086130640893,-0.204103062733032,-1.15262704772581,-0.0035331471713675,-0.0366044530703322,0.850294577579581,0.804491331653042,-2.55912634831832,110.502567720922,110.184479547834,0
4.63,0.0271090749954202,0.00284130731597543,0.0489411154082794,-0.119083905909787,-2.44632199920122,0.0179971020973011,-0.0529739468098532,0.316774973111203,2.42864693128354,-1.74913717291355,110.493020632432,110.184479547834,0
4.64,-0.040136129502817,0.00298891891725361,0.0103917803673599,3.25063580400083,-0.523618938665627,-0.0262627471364583,-0.0320806188144306,2.31475240176387,2.34152327379206,-0.939358891990012,110.433375168018,110.184479547834,0
4.65,-0.0293626120316915,0.00330476788803935,0.00210378039962242,2.72783762074227,-0.107234131188031,-0.00172243260839491,-0.0293874480553009,0.247482563401003,2.71870366624261,-0.130070235610486,110.371813163371,110.184479547834,0
4.66,-0.0196361761628465,0.00333818723447621,-0.0381471466200942,2.24324303338846,1.91242754447522,-0.017352444126139,-0.0392387167527498,0.0793205696562462,2.94673152271169,0.679048226982381,110.349076996509,110.184479547834,0
4.67,-0.0159126193657526,0.00337545992806554,-0.0130989769858449,2.05896882939431,0.660654795042038,0.0147718714280301,-0.0143731161432991,-1.99710930397472,0.829078902521983,1.48779624583982,110.345016013504,110.184479547834,0
4.68,0.0230451332486327,0.00381849054247141,-0.0153721605780607,0.133360274784424,0.775715983945755,-0.00704296208501812,-0.0267913824270775,-0.61445411226668,0.491900797476558,2.29626226341018,110.242977834412,110.184479547834,0
4.69,-0.00631019077557357,0.00430127093568444,0.0406666069425765,1.62540495495624,-2.04026782092365,-0.0404004578043148,0.00783546023204287,1.97768177048517,-1.70100231139863,3.10396727471998,110.12815051536,110.184479547834,0
4.7,0.0258274839488991,0.00463749561458826,0.0649384913832605,0.0354407013591509,-3.25462066875854,-0.0286852230798357,-0.0637277378158405,2.36276573206044,2.23855976829389,-2.37229253607293,110.059614133608,110.184479547834,0
4.71,0.0183563601726231,0.00465337699279189,-0.0160471173118396,0.409836506843533,0.805965503045367,0.0182695384761888,0.0161458941119427,0.41417774846783,-0.803743209685158,-1.56540251726288,110.059882593177,110.184479547834,0
4.72,0.0273313149275364,0.00475491071119905,0.0377155765587441,-0.0337642570614161,-1.88463125784592,0.0461750141768231,-0.00611011919661559,-1.39102520668641,1.2720156750087,-0.758652201874057,110.035290109001,110.184479547834,0
4.73,0.0433448564115489,0.00464865239337087,-0.00527178793343105,-0.839726315318481,0.269686681531118,-0.00735200605815433,0.043040868163569,0.309792845319816,-0.825772113734941,0.0481518488503253,110.055578842257,110.184479547834,0
4.74,-0.0422484760293929,0.00483632739633322,0.0125047628929219,3.44941348076698,-0.629406601023705,0.0400792070534952,-0.0183019120251804,-3.01525675387143,1.78964598145608,0.854665427150837,110.006633177353,110.184479547834,0
4.75,0.0669862626130368,0.00489575695246458,-0.0189645509324215,-2.00931233663861,0.949601853987896,-0.0650054420688149,-0.0249219997666538,1.91559602330708,1.12675268926037,1.66100515226509,110.017405534009,110.184479547834,0
4.76,-0.0516439996015064,0.00470523070544004,-0.00609329450579371,3.91268526702476,0.307535410359008,0.0369909260404389,0.0365499975847539,-2.68211517619113,-2.86529967177302,2.46764240743023,110.053661627583,110.184479547834,0
4.77,-0.0229865621997052,0.00504616042599082,0.0560388860625894,2.49699117396523,-2.80255422630945,-0.058584964162253,0.0153798818917547,3.10793603977432,-2.1047585816281,-3.0090627607502,109.965745516101,110.184479547834,0
4.78,-0.011005667192214,0.00500546116381884,0.0241141205709348,1.89596156371815,-1.20483879684586,-0.0231267015398381,-0.0129526521277538,2.24150895580108,-0.148136351194186,-2.20288559156814,109.965517208457,110.184479547834,0
4.79,0.0245799666249687,0.00540414312854409,0.00603568548686136,0.13672559032191,-0.304928496916966,0.0252532851503586,-0.00169583244914158,0.0819561398442088,0.323972940880487,-1.39705967276822,109.900079917771,110.184479547834,0
4.8,0.0597034207785867,0.00565375061705709,-0.0226698896174922,-1.60685491265221,1.13563262636706,0.0144872519630489,0.0621976034786984,0.0462392163201811,-1.96710602339019,-0.591734913027371,109.840240039678,110.184479547834,0
4.81,-0.0385448870447405,0.00565280998125672,0.0121476064191206,3.30556171360239,-0.605847717855455,0.0200366961308222,-0.035097057813537,-1.29229818187992,3.10221777262243,0.213441308838215,109.847617282389,110.184479547834,0
4.82,-0.0357410613442144,0.00552001176401973,-0.0116436793212989,3.15875812761591,0.588467060039925,0.0243274389438917,-0.0286561415507979,-2.38106759951353,2.1574437364804,1.01881638339076,109.876379974436,110.184479547834,0
4.83,-0.00747743423468646,0.00539820874109864,-0.0302324498691992,1.73953343197044,1.51500882559451,0.0148259328733707,-0.0273880404969397,-2.06409537159636,1.02992164727546,1.82449228794855,109.883302931279,110.184479547834,0
4.84,0.0204006869148762,0.00559424795210361,-0.00857978102762991,0.355514300982126,0.42756735565296,-0.00250767360504182,-0.0219889118005293,-0.546878746310109,-0.100637461499972,2.62993382808904,109.847639747534,110.184479547834,0
4.85,0.0220186712955436,0.00551424687728286,-0.00741255217437056,0.270648413208174,0.371656174414872,0.0134699826415008,-0.0189295373159681,-0.277379777349256,-0.366659698726867,-2.84786470030654,109.870387891687,110.184479547834,0
4.86,-0.0538945314864858,0.00554797239601612,-0.0720916878321859,4.06806941766,3.61507023674337,-0.0152499703156176,0.0887089081435114,1.98109951124521,-5.06884270125167,-2.04250269917837,109.849754096196,110.184479547834,0
4.87,0.0531211920828065,0.0056172264739871,0.0421926302143327,-1.27919458138431,-2.10806178383697,0.0640047035036561,-0.0224828161516953,-1.89868852158793,1.57329118713197,-1.23736252226526,109.849901852264,110.184479547834,0
4.88,-0.00479580809296868,0.00588173419237137,-0.00170604266914651,1.62999561677422,0.0830444528959035,-0.00355878425389743,-0.00363942460943268,0.758481535140361,1.44516014777293,-0.432419921152369,109.782455824025,110.184479547834,0
4.89,0.0248722518055761,0.00603353511542082,0.000831100824627265,0.15426331928662,-0.043620314748397,-0.00827234736718337,0.023471001416585,-0.0967412824725624,0.12783202963905,0.372257861539847,109.759428489112,110.184479547834,0
4.9,0.00904545772418494,0.00572577677667141,0.0465083023497606,0.930217186778958,-2.32929232984834,0.00949436618435262,0.0464187408667467,-1.75285193547598,-1.79399466687261,1.17694864844888,109.81625651274,110.184479547834,0
4.91,0.019389401018085,0.00576400151476264,-0.0302753727802512,0.41497348844255,1.52090382469368,-0.00567080873800604,-0.0355019576513781,-0.988335475837154,1.22822816580626,1.9820236664735,109.831792836198,110.184479547834,0
4.92,-0.0123747580256644,0.00539954239502549,0.0383136059416087,1.98494109461906,-1.9137964444352,-0.0316430919200609,0.0248954166500823,1.10652813671221,-2.52551053502149,2.78738840168582,109.913574264867,110.184479547834,0
4.93,-0.0557806946539341,0.00543633475899696,-0.0207642386966813,4.15716454686361,1.03763110991852,-0.00565364550949303,0.059250956086642,0.88012443977359,-4.19333713890068,-2.69010646285655,109.874525764573,110.184479547834,0
4.94,-0.0154419243646472,0.00560551835224032,0.0217414378052454,2.14877505745555,-1.09085369766874,-0.0214044511053905,-0.0159057416928538,2.3806949666044,0.373480271560778,-1.88494519019513,109.83434297996,110.184479547834,0
4.95,-0.0183353311045613,0.00550302490592003,0.0577773278170032,2.28835024515951,-2.89329092390289,0.0110811498901052,-0.0595954032917,0.653317227999752,3.63054483713659,-1.07966366085681,109.861748129328,110.184479547834,0
4.96,-0.0143584162511645,0.00539453467354178,-0.0285560554108865,2.08411091048345,1.43516092131691,-0.0313764248983871,-0.00609363425774784,1.94567241642362,1.6178887493396,-0.274074482438438,109.884586393291,110.184479547834,0
4.97,0.00114095840307262,0.00568213127553463,0.00218457093842084,1.3236149938213,-0.103653537090161,0.00130533068413573,0.00209051382860499,-0.759992627086513,1.08862845562386,0.531311245499278,109.839947994741,110.184479547834,0
4.98,-0.035449909943704,0.00593555439263582,0.0111560448975753,3.16594319597118,-0.561583936973205,0.0370720959711745,0.00261020173118147,-3.20976332892159,0.189716131872644,1.33620231216163,109.773943409471,110.184479547834,0
4.99,-0.0134638211979101,0.00612822454422712,-0.0625354647061565,2.07637132754163,3.1317368551454,0.0450726364097739,-0.0453918084497254,-3.43779364883191,1.51679545350188,2.14060445178221,109.731606022426,110.184479547834,0
5,-0.00225256673465577,0.00600872095674276,0.0298094354097769,1.50986620163879,-1.49152708999478,-0.0287959963077728,0.00802914023955704,1.1680414907142,-1.77201243872881,2.94509297036164,109.758751767,110.184479547834,0
5.01,0.00670200112381889,0.00578701589256525,-0.0279925010415228,1.05108877968573,1.4073591099566,0.0268026232569702,0.0104936323629257,-0.554458562622959,-1.66674022855788,-2.5334244260231,109.781798959534,110.184479547834,0
5.02,-0.00707220110043258,0.00583398574963212,0.0420460025597475,1.74220927416955,-2.10080440855103,-0.0135908198666394,-0.0404125225024597,2.05065709621832,1.80096579415582,-1.72857480383421,109.774695305359,110.184479547834,0
5.03,0.0149429885306275,0.00610606977716088,0.000359444512105958,0.65513378595437,-0.0204719872023182,0.0121414613733538,0.00871820063448329,0.510474945484719,0.411138309807407,-0.924007633218994,109.746675406547,110.184479547834,0
5.04,0.0313985789514231,0.00610457826405764,-0.0531040451405202,-0.167648703116885,2.65977075941188,-0.0489846493485349,0.0375021932512784,2.62084848185125,-0.483363026572362,-0.119432565418907,109.73673450116,110.184479547834,0
5.05,0.0636415627758757,0.00618101703003049,0.0266006810529781,-1.77590310996738,-1.33012070385009,-0.0196547401976014,0.0661175917044986,0.0931771381154805,-2.21683805536964,0.684856541800527,109.726024927028,110.184479547834,0
5.06,-0.0197010340939099,0.00627982849255204,0.0377365070233259,2.39626489306178,-1.88561839136689,0.0227138327272396,0.0360035624560947,-2.54210275266494,-1.68385146330511,1.48912773290957,109.686908901805,110.184479547834,0
5.07,0.0263851615804197,0.00649602385237813,0.0266814286542881,0.102881505209985,-1.33116231986448,-0.0374351682076161,0.00258525974057009,0.802569674054951,-1.06698624369229,2.29282718325849,109.631943560757,110.184479547834,0
5.08,-0.0179885351606552,0.0069761760532856,0.0759513722646876,2.34572998785016,-3.80776144552191,-0.0750558028574167,0.0214201961602567,3.69727146158581,-2.51628300102469,3.0961501712793,109.528456338509,110.184479547834,0
5.09,0.0632894692547125,0.00697655370458961,-0.0244710110644589,-1.71812287303343,1.22577482632199,0.0612635517688275,-0.0291747240900109,-2.07109168650431,0.406262670913858,-2.3841838225742,109.571281562531,110.184479547834,0
5.1,-0.0329720632245913,0.00685696303844452,0.0118242532573064,3.08902042168343,-0.589782573672065,-0.0330904052349957,-0.0114889076836373,3.09484877322083,0.558392085078248,-1.58094861753341,109.592360686213,110.184479547834,0
5.11,-0.042487075191185,0.00642911437898874,0.0115678817417995,3.54338563976177,-0.574368394750715,-0.0215537758916061,-0.0383979451417401,2.07582920321037,2.9285515129595,-0.777322165617415,109.654510214046,110.184479547834,0
5.12,-0.00350075036945017,0.0065827639773488,-0.00447402166780335,1.60184378674736,0.227168800047802,-0.0043803911932665,-0.00361722214235353,0.184955884793095,1.60726491330356,0.0263066693902456,109.625740160282,110.184479547834,0
5.13,0.00885472957159884,0.00649953540414572,0.0197468029426109,0.979941965769194,-0.991625483303598,0.00679454633015067,0.0205469365699096,-1.39236107650693,-0.070270819271908,0.829898262999462,109.660592914516,110.184479547834,0
5.14,-0.0653871980942319,0.00664383824914694,-0.0330827830182647,4.69937196026413,1.65713313751091,0.0673336651974652,-0.0289159772085187,-4.79406688232323,1.35908417111125,1.63356622588131,109.603513615108,110.184479547834,0
5.15,-0.0609477521984966,0.00653755199164152,0.0511534920029211,4.47211896422467,-2.55984154450905,0.000501040381794743,0.079567940784452,-0.946183074583378,-5.06531088409629,2.43704603351853,109.637720660795,110.184479547834,0
5.16,0.0438135431330205,0.00626024045050144,9.07346159039531e-05,-0.779802612738975,0.00114485735060115,0.00425463133600452,-0.0436065695375624,-0.0784709864004245,0.775845171297876,-3.04226099329898,109.695920640109,110.184479547834,0
5.17,-0.00366234210677792,0.00670323800295591,-0.0282737638986722,1.61629139880464,1.41673859237363,0.0146299935617233,0.0244700176356469,0.392036008423328,-2.11325670306997,-2.23846554303533,109.594460205116,110.184479547834,0
5.18,-0.0363946465825403,0.00688983127474785,0.0794942655377197,3.26234560182676,-3.98508117000972,-0.0253172058231209,-0.0836836163329432,2.69383688817783,4.3894206425469,-1.43523296655432,109.546517388227,110.184479547834,0
5.19,-0.0259099954527137,0.00708784302696586,-0.0461663000240515,2.74810502704838,2.31313105731851,-0.0525535995353637,0.00638547556153841,3.49010022320631,0.849621656971699,-0.632336921761829,109.524178766719,110.184479547834,0
5.2,-0.00838518937256779,0.00694026192650199,-0.0196921462373554,1.86453125645569,0.990170629989257,-0.0179820706981001,-0.0116076335941373,0.659140638426621,2.00560422356159,0.170653575672398,109.548570620819,110.184479547834,0
5.21,-0.00323104822870921,0.00670848228037357,0.00690242136484698,1.59526845692384,-0.3401548969115,0.00655205088826269,0.00389277825103833,-1.51061454561419,0.615329584960665,0.973899541713823,109.586404062859,110.184479547834,0
5.22,-0.049248159141575,0.00710088945925236,-0.0190598583343257,3.91586384024676,0.952430414505425,0.052106763874913,-0.00857581115944906,-4.02790536217222,0.130735240893142,1.77694109663,109.528050196924,110.184479547834,0
5.23,0.0142326864844133,0.00729716569185257,-0.014809048712594,0.751768443418468,0.74009958361868,0.00494925272541638,-0.0199344472157003,-1.02684011730965,-0.241873023869709,2.5797068883295,109.460338125819,110.184479547834,0
5.24,0.0230761692513141,0.00702332332730293,0.0820316563954179,0.295911135267353,-4.10891863902345,-0.0741591245110151,-0.0419776903849052,4.06089330426087,0.692763562479122,-2.90073267597581,109.528381402403,110.184479547834,0
5.25,-0.055041241421285,0.0071540605276823,0.0097967260255035,4.20841551786161,-0.487094297020235,-0.0524960615918526,0.0192270022457836,3.8820122470685,-1.69646778300628,-2.09802335573519,109.50070001271,110.184479547834,0
5.26,0.0676533772613195,0.00696622533723712,0.019728302619546,-1.93566481909023,-0.982413792026004,0.0704689008737459,-0.000565144899108683,-2.13000620147991,0.418340450212091,-1.29507539275213,109.530917652923,110.184479547834,0
5.27,-0.0407947266951956,0.00703234318643808,0.0329607350019816,3.49011215927447,-1.65406631321598,0.00977490749923147,-0.0515273806959759,0.191215585476034,3.85749333799846,-0.492103721593231,109.532153646612,110.184479547834,0
5.28,-0.0420262873430735,0.00677989050745964,0.0447651510644936,3.53909028458862,-2.24466982426817,0.0554808758996959,-0.0263058926302084,-3.22026363819782,2.68208962619645,0.31110257239694,109.583180806185,110.184479547834,0
5.29,0.0486589654984365,0.00664354534819722,-0.00273887691905466,-1.00198545812775,0.138629735007033,-0.0448885823520293,0.0189792398314803,0.960574631706359,-0.317000691875879,1.11455614322709,109.649108902545,110.184479547834,0
5.3,-0.0488389466177527,0.00637234188616276,-0.0229265436618646,3.85938311933894,1.15278949289207,0.053727900697438,-0.00491749912631682,-4.02124831129041,-0.230919240655228,1.91841984164624,109.681560425397,110.184479547834,0
5.31,0.0580603738051615,0.00620021298527718,0.0181164131170059,-1.49417489159011,-0.901617187562543,-0.0401726341673457,-0.0456658613701495,1.43156102019606,0.998050702630747,2.72255628972971,109.738592960388,110.184479547834,0
5.32,-0.00502011469956315,0.00608018320053816,0.0305560665305326,1.65391524862054,-1.53339832385638,-0.0302018272832191,-0.00683552354759358,2.04269154319765,-0.956115750614907,-2.75617720108365,109.731622287971,110.184479547834,0
5.33,0.0270482218149318,0.00626302370801568,0.0762028125345286,0.0597348484489686,-3.8189279270151,-0.0032305618272892,-0.080796277214995,1.47566001886878,3.52281226757363,-1.95183726771428,109.695470277672,110.184479547834,0
5.34,-0.0398327874451101,0.00564434751868248,-0.00668687602816255,3.37277463882938,0.336673764918959,-0.0390604129921131,-0.010278589570019,3.21302211277894,1.0795586557056,-1.14716095679191,109.8357708797,110.184479547834,0
5.35,-0.0561226006772011,0.00553991459310055,-0.00301982143120533,4.18205273317687,0.155808911462852,-0.0216654651908292,-0.0518601315686136,1.5492227144951,3.88764073196788,-0.341972795814354,109.882914595837,110.184479547834,0
5.36,-0.046779538844547,0.00565127842128277,0.0348158066797341,3.72056686597125,-1.73882957610249,0.0520536218376272,-0.0262847123411006,-3.21846237581308,2.55100882679138,0.463380154765061,109.832643582523,110.184479547834,0
5.37,0.00136552202771249,0.00612928904592991,-0.0238987810663136,1.33734976768374,1.19469649403315,-0.00842861685111022,-0.0224047942378621,-0.920342257321976,1.5390822730986,1.26805229550986,109.742716783958,110.184479547834,0
5.38,0.0337651549860527,0.00640268111601472,-0.062587500233484,-0.268858055295205,3.13479950344291,0.000468184831480974,-0.0711130204651166,-1.27075742854836,2.87826825338991,2.07211605216099,109.694743276853,110.184479547834,0
5.39,0.0419171401236624,0.006247378885746,0.0234605013825937,-0.684196999738,-1.17294669799622,-0.0336278236292442,-0.0343017672901832,1.31127966603472,0.352810328979464,2.87636580463397,109.732213764597,110.184479547834,0
5.4,0.0319629994006031,0.00586259225383401,0.0260615011838566,-0.205725979921041,-1.30039563381061,-0.00594882562581273,-0.0408098841987182,1.01018924760303,0.844316094407411,-2.60230269498074,109.794136618712,110.184479547834,0
5.41,-0.0427146993125981,0.00603660801425576,-0.00572630181887881,3.53696097419046,0.292280732315377,-0.0403307071747024,0.0151911200599223,3.38048323984092,-1.08067294987141,-1.7977601994949,109.747308513806,110.184479547834,0
5.42,0.00781508915863002,0.00614189077168703,0.0287534145541401,1.01582997890635,-1.44298376475458,0.0222428518601912,-0.0198264976283045,0.0635231726758562,1.7635411812383,-0.993409687071792,109.710208174352,110.184479547834,0
5.43,-0.0167491479898574,0.00606883922591805,-0.0247775438236278,2.24039170633445,1.24076213302302,-0.0274849930345507,-0.0117913440374132,1.63990135677488,1.96712206245671,-0.189160808437342,109.772461072806,110.184479547834,0
5.44,-0.00775503734068009,0.00589503115043044,0.0532895824737742,1.78204415614182,-2.66709868688718,0.0479833319123025,0.024444223509417,-3.20652390183301,-0.0854473347046769,0.615676229513654,109.782524349714,110.184479547834,0
5.45,0.00459867372650517,0.00583458878099918,0.0115015694316595,1.16139628329682,-0.570893223469533,-0.00282350833455667,0.0120607503961744,-1.23382228109448,-0.39043946795106,1.4204021219533,109.780268376678,110.184479547834,0
5.46,0.0403815819322624,0.00599775603041053,-0.00039582427606023,-0.619505861215283,0.0232457449577696,-0.0318001856328563,-0.0248913043034192,0.477404018528166,0.395491188058456,2.22512265579767,109.750496436001,110.184479547834,0
5.47,-0.0410335923196968,0.00614782609045506,-0.0270610316733866,3.45885625722072,1.35314520561083,0.0314826769409394,0.0377477971081698,-1.73168786679114,-3.28571844314007,3.02945928755043,109.707962082571,110.184479547834,0
5.48,-0.00418600206886954,0.00637813284993172,-0.0605685728251381,1.62808046869537,3.03430260070422,0.04396955010965,0.0418658965095651,-1.29782444849792,-3.18955952853505,-2.44969962868365,109.68168688464,110.184479547834,0
5.49,0.00736316460986826,0.00627846829593182,0.0792370536188062,1.04569229645782,-3.9665683955322,0.00140626244887905,-0.0795660058390922,1.3399174408529,3.87708117879988,-1.64578367985243,109.692083316759,110.184479547834,0
5.5,-0.0108150513757158,0.006092743948102,0.0692202027304844,1.94533573946558,-3.46247628183435,0.0380532895936865,-0.0588247307975801,-0.856210360332911,3.87814091548594,-0.841620388652023,109.73821521608,110.184479547834,0
5.51,-0.485591819557263,-0.464831948280334,-0.00943020778166948,2.13777959205786,0.471304709355617,-0.0350017976818947,-0.484420497294215,0.583284653057305,2.10997837116585,-0.0527120494557267,105.028408231367,0,0
5.52,-0.420681128732603,-0.442403584718704,0.0151680516362652,0.0135279800679227,-0.763630989661333,0.282158584423029,-0.312392725745286,-0.59347005807118,-0.480737542520714,0.698549575267167,100.038964147332,0,0
5.53,-0.440296826618704,-0.422916561365128,0.0202061948537958,1.96846909087251,-1.01413585053897,0.438127904515318,-0.048099117725659,-2.10157591289567,-0.697653758970428,1.41559090183078,95.6928104144114,0,0
5.54,-0.354022467865662,-0.404668927192688,4.76625830744259e-05,-1.43301115408061,-0.00127931372700086,0.305232227129015,0.179346584989169,1.23626381626224,0.724689161616049,2.10189448167629,91.6203391581596,0,0
5.55,-0.357237774110863,-0.387121915817261,0.0844721861938895,-0.395004780250989,-4.22912353632373,0.0550799775600654,0.362933290790528,4.07056141621978,-1.21327837642121,2.75878417377934,87.6355501492708,0,0
5.56,-0.370566543566428,-0.369545429944992,-0.0129251205793736,1.15009642007059,0.651033481669626,-0.0774028272416878,0.362622978157416,-0.352422506771108,-1.27372082751097,-2.89643075200666,83.6827419941416,0,0
5.57,-0.305603961498704,-0.351418614387512,-0.0153146799266118,-1.19180445094538,0.765083939523062,-0.218129660003292,0.214587446351841,-1.39894990347814,0.220659129355352,-2.29793774733053,79.6209325114335,0,0
5.58,-0.257692556251085,-0.335030555725098,0.0192400831914348,-2.76817019391784,-0.965759493177308,-0.257529228041177,0.0213150428793241,-2.58297768767368,1.3869693169415,-1.72790023451052,75.9632501717802,0,0
5.59,-0.38692550791169,-0.320168554782867,-0.00311076422590884,4.4364323547717,0.154610158724787,-0.359429155702593,-0.143288895444515,4.1660961574089,1.53280107870164,-1.18340884781314,72.6361999748059,0,0
5.6,-0.217083000760087,-0.306407332420349,-0.0156824154203978,-3.36776427851208,0.786368455986464,-0.145886734926103,-0.1615178873841,-1.45138747890445,-3.13905813426128,-0.662476849183729,69.5560547327432,0,0
5.61,-0.227206883932174,-0.293499350547791,-0.043904922338675,-2.21632783334638,2.20164945719816,-0.0802650725103956,-0.217044070286738,1.8119681830615,-2.54482626142133,-0.163327890484825,66.6611509507618,0,0
5.62,-0.20694112608527,-0.280851781368256,-0.034844584130275,-2.59736584759375,1.74874541298079,0.0309476802495658,-0.207559668037463,2.46707326638265,-1.92820366247132,0.314826627032875,63.8214186211555,0,0
5.63,-0.294911932135029,-0.268459767103195,-0.0594511495723844,2.4206303251115,2.98183682273432,0.163227585138941,-0.252713755760947,0.446412936489032,3.81464513400643,0.772410386809834,61.0291579394019,0,0
5.64,-0.176427840899471,-0.255781978368759,-0.00769904113711807,-2.86978396942246,0.389235904748828,0.162305171434944,-0.0695923099512705,2.82199722988248,-0.65076589894938,1.2093438401292,58.1831797264631,0,0
5.65,-0.215080938377478,-0.243710100650787,-0.0112431875017742,-0.333724776270464,0.562633939383688,0.215373774559902,0.000597118377761129,0.30229137180478,0.580128522463396,1.62579547407825,55.4762973844537,0,0
5.66,-0.239869676772141,-0.232165649533272,-0.00179815847422413,1.48280940776883,0.0894715056577493,0.216580159321714,0.103119977680615,-1.37305349778245,-0.566968237487595,2.02266123957818,52.9038221312921,0,0
5.67,-0.205419735912241,-0.222089856863022,-0.0737596817472936,0.263929819896203,3.69511002994402,0.192930788014378,0.102056207992792,-2.90782304669408,2.29522596106311,2.40208734375391,50.624815423695,0,0
5.68,-0.1933965121359,-0.212466403841972,-0.025329840487956,0.143790523544429,1.26933857527034,0.0946293255955573,0.170555276854182,-1.23336016810342,0.332744389984925,2.76528044009337,48.4999512305889,0,0
5.69,-0.240947144700073,-0.203576877713203,0.0650148671839479,2.96567142827935,-3.25644307785952,-0.0582029944879352,0.242682654771003,3.17162553725124,-3.05621006989171,3.11342473547869,46.4915280684924,0,0
5.7,-0.175943775179802,-0.195133537054062,0.0581557958254281,0.137522973902249,-2.91211942095248,-0.108397603791461,0.15029393901578,2.81856217159883,0.745023070160675,-2.83598623966911,44.612514236663,0,0
5.71,-0.189812319484173,-0.18706750869751,0.0695321241714074,1.23412622277121,-3.48162761121522,-0.167546337475321,0.113100210956282,3.54464140879101,1.03938233580903,-2.51571189768881,42.7904704936456,0,0
5.72,-0.188469925654013,-0.179284498095512,0.0677015740220517,1.55602391996543,-3.38949067461148,-0.191735911842908,0.057807924291236,3.26813038729669,1.79699227722625,-2.20848864676117,41.0388943995496,0,0
5.73,-0.183542401732419,-0.171849608421326,-0.000182910008911241,1.68121544001204,0.0117990269811718,-0.172787784032138,0.061904994782643,1.57930009518933,-0.576572443069868,-1.91382461165205,39.3779987695915,0,0
5.74,-0.175569853077764,-0.164570420980453,0.019253874688005,1.64639020100315,-0.961810258914014,-0.176412403093852,-0.00861098338758435,1.70149384268518,0.860580252745706,-1.63125192860833,37.7332957578988,0,0
5.75,-0.120219162467447,-0.15724004805088,-0.00991421257503587,-0.754749030061239,0.499642089901922,-0.119643368066449,-0.0153754061108516,-0.633953483829943,-0.646058276566301,-1.36070490616057,36.0823131293129,0,0
5.76,-0.108748856668429,-0.150266647338867,0.000786457062484766,-0.979776773176812,-0.0365512718496512,-0.096659853933328,-0.0498377866582102,-0.890576994138144,-0.41008674477781,-1.10197876311136,34.5242663112655,0,0
5.77,-0.0988486100764714,-0.14356330037117,-0.00223486017349591,-1.13981286808077,0.113035696169254,-0.0760214314851771,-0.0632201255059644,-0.78545290224831,-0.833675105302227,-0.854471338976306,33.0239349757839,0,0
5.78,-0.166427669644444,-0.137248054146767,-0.00775640993788611,2.55473332772666,0.389011650924237,-0.102712155639324,-0.131181340907646,1.79673800649394,1.85734352675328,-0.617703803771435,31.5823661683976,0,0
5.79,-0.0520865676718851,-0.131316602230072,0.0130991576210342,-2.86591612397446,-0.655671702736745,-0.00773962203786695,-0.0531478759023306,-1.69839334953705,-2.39975845486058,-0.390986647653179,30.253168915256,0,0
5.8,-0.125522012797677,-0.12554831802845,0.00774383052446554,1.09412657650347,-0.387410545615665,-0.0140846920985722,-0.12496945249324,-0.192317705225672,1.14464570785993,-0.173846392077906,28.999326620279,0,0
5.81,-0.0652528374395872,-0.120417982339859,-0.0745248132373056,-1.6629449170521,3.73437247887349,-0.0722421538267793,-0.0677713198369372,3.78922849665358,-1.53384191110611,0.034316103914295,27.8200325841226,0,0
5.82,-0.0674660076502876,-0.115541242063046,0.03856505078,-1.30858904127392,-1.93124412183885,0.0531740612380611,-0.056669608622114,-1.57468222043878,-1.72118710247122,0.234294090528654,26.7195852230839,0,0
5.83,-0.0760259689579127,-0.110857523977757,0.0226727474168065,-0.646550902753715,-1.13491343024722,0.0520861705114904,-0.0598417268539583,-0.765891970419511,-1.05804822841592,0.426391705564588,25.6947124189342,0,0
5.84,-0.0702224791127583,-0.106535971164703,0.0286249809700323,-0.720806892062882,-1.4330028749751,0.0637389838021326,-0.0410844015673585,-0.759968980992851,-1.41262414083185,0.611177028151287,24.7407546721745,0,0
5.85,-0.144903827026419,-0.102471642196178,0.0227751617278344,3.21635295568109,-1.13986337740101,0.118890638354485,-0.0859118338198783,-3.08580609687171,1.45671396889297,0.789156081331465,23.7983984729165,0,0
5.86,-0.107724113984326,-0.0985026657581329,-0.00493402878812251,1.55567501283702,0.248569570395578,0.0854407922094198,-0.0657928597981331,-1.13223365187439,1.09542618850167,0.960362726783011,22.9197510265936,0,0
5.87,-0.125678662664288,-0.0944623202085495,-0.0678664174435125,2.65535482833377,3.40162388597244,0.0841307736234177,-0.115425256314319,-0.929045148144601,4.21412261789838,1.12497742687432,22.004248271805,0,0
5.88,-0.0543506679779091,-0.090618409216404,0.0707999344302434,-0.718955153222853,-3.54541514840429,0.0722046670480748,0.0524701046449151,-0.316498357772038,-3.60370557571064,1.2831237881078,21.1697869607304,0,0
5.89,-0.0768518841500802,-0.0870625823736191,0.0121006522168433,0.583785418847411,-0.604557679695456,0.07778207443732,0.00160834626793101,-0.660100152650527,-0.520156891532115,1.43529894569854,20.3730873387307,0,0
5.9,-0.0962846509467126,-0.0838197469711304,0.010716123154317,1.71744439718681,-0.535111167298079,0.0961607586999901,0.0117761534310251,-1.71144535086373,-0.553998221840455,1.58181264106568,19.618228153675,0,0
5.91,-0.101002485854603,-0.0805408209562302,0.0115567752226825,2.11718056911371,-0.577181845249479,0.0980870570310927,0.0267205996440206,-2.00534174818401,-0.891177265031227,1.72283447875164,18.8712022990797,0,0
5.92,-0.0873009542346039,-0.077370211482048,-0.064366860604109,1.59050821282326,3.22670546331296,0.101981251567925,-0.0369374292952391,-2.44102937208805,2.6424837041381,1.85861853399836,18.1785669666454,0,0
5.93,-0.0838906999432404,-0.0743101760745049,-0.00897657493848596,1.57289431171682,0.451713256015274,0.0802995308764762,0.0258884873179352,-1.62073036167641,-0.226438680952018,1.98927151908857,17.4865780635326,0,0
5.94,-0.0557333538231579,-0.0713081657886505,-0.0134885163065637,0.315005397054148,0.677925642818124,0.0546656876568988,0.0173150048665349,-0.620484933155922,0.416905295109211,2.11499543772391,16.8440431756031,0,0
5.95,-0.0182172005049852,-0.0685013234615326,-0.0170629580371354,-1.42057306262067,0.857134594328462,0.024864895993176,-0.00217896270376913,0.588528663363365,1.55123871516856,2.23608088553874,16.2130646676061,0,0
5.96,0.0192429117775454,-0.0660424157977104,-0.0192153219595192,-3.17075384859041,0.965061379701767,-0.00011193027581145,-0.0271938545134692,1.56959013667107,2.9191454636259,2.35279589659307,15.610078352351,0,0
5.97,-0.0765038526040241,-0.0635040476918221,-0.00135482453229935,1.74335649209357,0.0702333959560339,0.0489438966283725,0.0588147090072097,-1.14602044854599,-1.31562217978673,2.46524810438895,15.0545788655415,0,0
5.98,-0.0295812528313451,-0.0607673339545727,-0.00467705424909948,-0.466051764124446,0.236715162038064,0.0198600431411087,0.0224166019270156,0.051263704055658,0.520202217823713,2.5734037244272,14.4844969623022,0,0
5.99,-0.0876567321222727,-0.0584522448480129,0.00229362520478555,2.55339545865649,-0.112567731552717,0.0371877281256142,0.0794105552164906,-1.04234408072026,-2.33367064511296,2.67746749732162,13.8949874118189,0,0
6,-0.0400749170601459,-0.0558664239943027,0.000674831326080583,0.303471314789463,-0.0314750055887277,0.0136437008983537,0.0376869181612466,-0.0786826798792694,-0.294778816681036,2.77740569456987,13.377235984249,0,0
6.01,-0.0816086821426426,-0.0536020696163177,0.00226800931239515,2.49331491076393,-0.11152875893823,0.0194407200744767,0.0792917351953268,-0.553228264688475,-2.43372068969671,2.87337178522,12.8075775142222,0,0
6.02,-0.0182438859428672,-0.0511730536818504,4.60927127268109e-05,-0.553594127709927,-0.000443887524988992,0.00315020631643371,0.0179699109346267,0.0974041895031,0.544957869140628,2.96552507799276,12.3337692141016,0,0
6.03,-0.0528912712655705,-0.0491481833159924,-0.00134097390975984,1.27993349946038,0.0688057357200015,0.00596200449819091,0.0525712781799945,-0.180492265413364,-1.26901006080914,3.0540150880589,11.8441667406392,0,0
6.04,-0.067780039933694,-0.0470792017877102,-0.00301212486623152,2.12775714065645,0.152341135141539,0.0031900334419069,0.0677718997539721,-0.157925858154468,-2.12734992288455,3.13896770445324,11.3546020882016,0,0
6.05,-0.0705394108979547,-0.0450401939451694,-0.00322615501833907,2.36761402658296,0.163084222961893,-0.0023461873020692,0.0705741593727934,0.0241188216282385,-2.37310154125244,-3.06265696167651,10.890024026932,0,0
6.06,-0.0644873487893028,-0.0431065037846565,-0.00248107811936962,2.16162600275351,0.125773123383019,-0.00764607347905477,0.0640805076670004,0.214216033522774,-2.15465944996592,-2.98437941660472,10.4626500335402,0,0
6.07,-0.0526846345788999,-0.0413077436387539,-0.00111091872875739,1.66134795641251,0.0571396939352343,-0.0110524314727434,0.0515242527328096,0.327011538208903,-1.62984828458887,-2.90920248339203,10.0741710235485,0,0
6.08,-0.0192845077425967,-0.0393896326422691,0.00397301656310005,0.0871897121093979,-0.197548813035731,-0.00957379323849859,0.0172052196298512,0.214604280483578,-0.0239286904713115,-2.83699156317366,9.68413767741507,0,0
6.09,-0.0669032676781447,-0.0377130694687366,-0.00243679559607619,2.55196512082864,0.123576020790717,-0.0221770944961495,0.0631677265579457,0.81741635821006,-2.42066674868124,-2.7675470617693,9.24091237854664,0,0
6.1,-0.047790301356302,-0.0363689661026001,0.00051210645658459,1.6634013204392,-0.024177292097073,-0.0208571156518399,0.0430018125598772,0.731703343825695,-1.49402098744506,-2.700708901342,8.96605578864116,0,0
6.11,-0.0634659849397343,-0.0345495119690895,-0.00231829289883944,2.53819801112605,0.11762855256304,-0.0286815552462821,0.0566628106873447,1.12526064769682,-2.27817341192615,-2.63650176194977,8.53168137647082,0,0
6.12,-0.0223265625609928,-0.0331853479146957,0.00604617276619101,0.549328832300743,-0.301447733862614,-0.0170876507591819,0.015589861848034,0.549243804773128,-0.301602627916506,-2.57485423883695,8.28026414856065,0,0
6.13,-0.0498062509042002,-0.0318438299000263,-0.000265025321109325,1.99037737266693,0.0147210594522976,-0.0289694596922479,0.0405154695479664,1.15434243776769,-1.62151544290656,-2.51553459682728,7.94129235350735,0,0
6.14,-0.0541420278192401,-0.030292384326458,-0.00182971957491023,2.28475958326068,0.0931027598929787,-0.0327474608429122,0.0431544998632137,1.36959606725926,-1.83112017348649,-2.45867448251924,7.58481328861049,0,0
6.15,-0.0523969659184677,-0.0287876408547163,-0.00188148297601021,2.27276419264725,0.0956842014571999,-0.0338319234145152,0.0400547497024318,1.45707072200452,-1.74687076020673,-2.40432460620382,7.24757889519933,0,0
6.16,-0.0524714744195397,-0.0263271331787109,-0.00172894697473499,2.39975792724736,0.0880935281129561,-0.0359932805683812,0.0382194798411444,1.63977562981451,-1.75434730397044,-2.35324471458697,6.69152178285259,0,0
6.17,-0.0484039747367333,-0.0240104738622904,-0.00149893544957368,2.31244893893053,0.0766172561208251,-0.0348916165678659,0.0335822374340562,1.66355130072083,-1.60806945402444,-2.306117193309,6.17437745737756,0,0
6.18,-0.044980503593388,-0.0218926165252924,-0.0024494671517902,2.24738371158509,0.124279258007492,-0.0330762689196987,0.0305811384221428,1.65139731842019,-1.52940046350964,-2.26261585007951,5.70169042704861,0,0
6.19,-0.0416198164269435,-0.0199492648243904,-0.002386439721656,2.17671766945868,0.121158801280144,-0.031644214488245,0.0271394160471355,1.65720832476569,-1.41648855836838,-2.22243411629117,5.26772349667309,0,0
6.2,-0.0385312121581238,-0.0181649904698133,-0.00223073822768458,2.11168821705404,0.113391794828298,-0.0301961308655813,0.0240379737948832,1.65999727461921,-1.31015032474752,-2.18530129214513,4.86926849301067,0,0
6.21,-0.0357118827508587,-0.0165251865983009,-0.00209288929019214,2.05288657612243,0.106514933321323,-0.028721015595104,0.0213265566460663,1.65858025799767,-1.21441354291876,-2.15096923259804,4.50303264469147,0,0
6.22,-0.0331337780421828,-0.0150165054947138,-0.0019715138371052,1.9995788006115,0.100460732155193,-0.0272469237639411,0.018956245924774,1.65396892194665,-1.1281819639556,-2.11921286808597,4.16604659730308,0,0
6.23,-0.0307724026125545,-0.0136271212249994,-0.00186468169621687,1.95113245472968,0.0951316945044988,-0.0257947249168093,0.0168834228414588,1.6469794487205,-1.05044114099319,-2.08982762967204,3.8556776263279,0,0
6.24,-0.0286064048535538,-0.012346500530839,-0.00177065796554113,1.9070075417344,0.0904421377565952,-0.0243795038773442,0.0150698845042329,1.63825900389871,-0.980288213057094,-2.06262716291954,3.56958138821423,0,0
6.25,-0.0266170750239714,-0.0111652314662933,-0.00168789706986266,1.86673999173633,0.0863147240520223,-0.0230118764477781,0.0134822558091132,1.62832080867322,-0.91691862909296,-2.03744136576625,3.30566180424727,0,0
6.26,-0.024787917856748,-0.0100748762488365,-0.00161502868851036,1.82992766341205,0.0826805311373569,-0.0216990012068246,0.012091424066826,1.61756958461358,-0.859616171603867,-2.01411469437904,3.06203781920944,0,0
6.27,-0.0231043404282433,-0.0090678334236145,-0.00155084233266341,1.79622164086403,0.0794797017530168,-0.0204454019850024,0.0108720373544519,1.60632385612547,-0.807745551112003,-1.99250469152208,2.83701567365631,0,0
6.28,-0.0215533667831657,-0.00813724100589752,-0.0014942717269793,1.76531681739407,0.0766587036524279,-0.0192535856339927,0.00980203590680159,1.59483304659968,-0.760741464686653,-1.97248070143334,2.62906562436293,0,0
6.29,-0.0201234107202188,-0.00727688800543547,-0.00144437968001188,1.73694496674424,0.0741710740594689,-0.0181245314878338,0.00886223730336593,1.58329045170374,-0.718102020098161,-1.95392274163267,2.43680227576922,0,0
6.3,-0.0188040902199882,-0.00648113386705518,-0.00140034383990585,1.71086949934759,0.0719755168428335,-0.0170580763318442,0.00803596937079745,1.57184504232213,-0.679380660418011,-1.93672050775006,2.25896786064728,0,0
6.31,-0.0175860748694146,-0.00574485212564468,-0.00136144354280142,1.68688065668372,0.0700362659964416,-0.0160532170619013,0.00730874680067486,1.56060973122053,-0.644180638694006,-1.92077249169322,2.09441794382724,0,0
6.32,-0.0164609517214725,-0.00506336614489555,-0.00132704783733043,1.66479202234566,0.0683215604067684,-0.0151083409816772,0.00666798472708101,1.54966913757306,-0.612148574559907,-1.90598519706317,1.94210912831766,0,0
6.33,-0.0154211119220754,-0.00443240534514189,-0.00129660469231034,1.64443704631575,0.066804089976886,-0.0142214043031003,0.00610274825706068,1.53908470230302,-0.582970209247559,-1.89227243844923,1.80108842567888,0,0
6.34,-0.0144596544521262,-0.00384806608781219,-0.00126963134531522,1.62566619159739,0.0654596946958779,-0.0133900700793632,0.00560353405429499,1.52889941118645,-0.55636510369197,-1.87955471332875,1.67048401742813,0,0
6.35,-0.0135703118987027,-0.00330676953308284,-0.00124570572358274,1.6083453331408,0.0642673746752117,-0.0126118218809707,0.00516208258559549,1.51914198636052,-0.532083293629929,-1.86775863726923,1.54949718557673,0,0
6.36,-0.0127473773669527,-0.00280523533001542,-0.00122445885330274,1.59235342176283,0.0632085173467069,-0.011884042534294,0.00477121182321857,1.50982960209347,-0.509901273882757,-1.85681643462554,1.4373952311701,0,0
6.37,-0.011985644023175,-0.00234044948592782,-0.00120556816828792,1.57758107033905,0.0622671412290071,-0.0112040759961631,0.00442467381067381,1.50097033550972,-0.489619528091745,-1.84666547799425,1.33350523225866,0,0
6.38,-0.0112803534203705,-0.00190964201465249,-0.00118875162819739,1.56392908986013,0.0614292938673905,-0.0105692745110761,0.00411703048707734,1.49256514430043,-0.471059493350071,-1.8372478705711,1.23720851883205,0,0
6.39,-0.0106271510352368,-0.001510264351964,-0.00117376256151177,1.55130739744682,0.0606825072086963,-0.00997703414185445,0.00384354620224746,1.4846096097789,-0.454060915083534,-1.828510067,1.14793576328326,0,0
6.4,-0.0100220460579488,-0.00113996956497431,-0.00116038515126209,1.53963399709854,0.0600161664110632,-0.00942481948003167,0.00360009425650668,1.47709505511601,-0.438480311307292,-1.82040252781145,1.06516260199035,0,0
6.41,-0.00946137840231429,-0.000796593260020018,-0.00114843048983803,1.52883428634416,0.0594206484792963,-0.00891018331781112,0.00338307657388498,1.47000992765562,-0.42418852077947,-1.81287940461661,0.988405717424956,0,0
6.42,-0.00894178186340855,-0.000478141009807587,-0.00113773313546078,1.51883984414722,0.0588878720816455,-0.00843077288676837,0.00318935230290397,1.46334001180159,-0.411069657732097,-1.80589825228007,0.917219321468305,0,0
6.43,-0.00846016419098376,-0.000182770891115069,-0.00112814810908978,1.50958830892073,0.058410465437677,-0.00798434467548167,0.00301617910568228,1.45706978803374,-0.399019144530813,-1.79941976562221,0.851191989829765,0,0
6.44,-0.00801367859955647,9.12174582481384e-05,-0.00111954827730829,1.50102250229421,0.0579823050365346,-0.00756876462565398,0.00286115974452011,1.45118252211681,-0.387943021065722,-1.7934075381565,0.789943805011787,0,0
6.45,-0.00759970459431802,0.000345394480973482,-0.0011118220726669,1.49309005348971,0.0575975169776024,-0.00718201225360124,0.00272219731674422,1.44566102162868,-0.377755995763674,-1.78782784085368,0.733123771473104,0,0
6.46,-0.00721582355327931,0.000581212574616075,-0.0011048715100272,1.48574277304931,0.0572514981863384,-0.00682217549947511,0.00259745491974195,1.44048755065555,-0.368381511641434,-1.78264941872818,0.680407471756409,0,0
6.47,-0.00685980521276307,0.000800012843683362,-0.0010986104588082,1.47893631553941,0.0569398128111884,-0.00648745283068671,0.00248532256797165,1.43564437757316,-0.359749897632817,-1.77784330403433,0.631494936584608,0,0
6.48,-0.00652959315193966,0.00100303837098181,-0.00109296314022397,1.47263011809041,0.0566586660815681,-0.006176151638214,0.00238438799223869,1.4311141465686,-0.351798193060097,-1.77338264428672,0.586108705460426,0,0
6.49,-0.00622328890513636,0.00119143654592335,-0.00108786281940078,1.46678672310307,0.0564048045372409,-0.00588668304909117,0.00229341077658812,1.42687969220273,-0.344469355713655,-1.76924254376666,0.543992057288008,0,0
6.5,-0.00593913568454996,0.00136627117171884,-0.00108325066670764,1.46137157036472,0.0561752282761387,-0.0056175545151575,0.00221129960784395,1.42292427784213,-0.337711448531998,-1.76539991758713,0.504907393073498,0,0
