timestamp,iq,id,iq_ref,id_ref,vq,vd,omega,omega_ref,r
0.0,0.0,0.0,0.0,0.0,0.0,0.0,0.0,449.1035225165034,0.0
0.001,0.0,0.0,10.0,0.0,0.0,1.0999999999999999,8.203398404344954,449.1035225165034,0.0
0.002,0.4669031072530921,-0.2754138186958021,10.0,0.0,0.1402955200565382,1.9386406582021594,22.133361078156796,449.1035225165034,0.0
0.003,1.1551769953101467,-0.6803174584998413,10.0,0.0,0.3922108161191249,2.6364057059760113,40.51534443318021,449.1035225165034,0.0
0.004,1.928885299740476,-1.1354748318195902,10.0,0.0,0.7347293620199702,3.2113606039719724,62.2178425701135,449.1035225165034,0.0
0.005,2.693714903455648,-1.5858934506459823,10.0,0.0,1.1454860174680324,3.6866776933940555,86.16258188294186,449.1035225165034,0.0
0.006,3.390808644595941,-1.9967859031284283,10.0,0.0,1.6033926998983021,4.086506723930455,111.31762357330648,449.1035225165034,0.0
0.007,3.9894545185035604,-2.3491315887943163,10.0,0.0,2.090140718037608,4.433263410937809,136.72552556864196,449.1035225165034,0.0
0.008,4.479821626620597,-2.6353209364216097,10.0,0.0,2.5908469744460616,4.746065307904556,161.55234262430878,449.1035225165034,0.0
0.009000000000000001,4.866449924839947,-2.855246773599405,10.0,0.0,3.0940927435236287,5.04003219909252,185.18247147876485,449.1035225165034,0.0
0.01,5.16283951082645,-3.0130792563773126,10.0,0.0,3.591572939546028,5.3261904065931205,207.14347879054523,449.1035225165034,0.0
0.011,5.387315105603673,-3.1146754149060163,10.0,0.0,4.077518189326627,5.611752393380271,227.03901284906053,449.1035225165034,0.0
0.012,5.559991433846429,-3.1658221159989006,10.0,0.0,4.54803528834281,5.900603066307836,244.6624672059709,449.1035225165034,0.0
0.013000000000000001,5.700608391204016,-3.171375099613842,10.0,0.0,5.0004851059368445,6.193879279817357,260.00758540715685,449.1035225165034,0.0
0.014,5.827197793776577,-3.1348811627286963,10.0,0.0,5.432947700228914,6.490554189025921,273.3144157408296,449.1035225165034,0.0
0.015,5.955264696763227,-3.0587359663869558,10.0,0.0,5.843820493783895,6.787986401440033,285.13846916821024,449.1035225165034,0.0
0.016,6.0972815082599725,-2.9447631144008204,10.0,0.0,6.2315736674697275,7.082421491733454,296.3837936190251,449.1035225165034,0.0
0.017,6.262331650668526,-2.795111885214886,10.0,0.0,6.5946731261257305,7.369453042816142,308.3537143778549,449.1035225165034,0.0
0.018000000000000002,6.455437415109847,-2.6139664560961227,10.0,0.0,6.931736309113195,7.644500251991703,321.15028839119014,449.1035225165034,0.0
0.019,6.679676473064239,-2.4048056128637105,10.0,0.0,7.241401656255094,7.903013819817886,336.4341908209329,449.1035225165034,0.0
0.02,6.929465573564385,-2.1820596493896027,10.0,0.0,7.52354137791559,8.14140815510017,349.7356345430344,449.1035225165034,0.0
0.021,7.202281493298744,-1.953345573690858,10.0,0.0,7.778375472246147,8.356665168854493,355.25535774376624,449.1035225165034,0.0
0.022,7.497114145304938,-1.7215504727503705,10.0,0.0,8.006041538172614,8.546176458143101,374.5576982489242,449.1035225165034,0.0
0.023,7.799591850968945,-1.5092354922575368,10.0,0.0,8.20885542959049,8.70917900399252,392.8567785933991,449.1035225165034,0.0
0.024,7.970237739891231,-1.530692085198647,10.0,0.0,8.412171561479965,8.860416413673967,409.9017588771497,449.1035225165034,0.0
0.025,8.099418788535246,-1.627517992078329,10.0,0.0,8.620716104975994,9.004358239114602,429.4046918933013,449.1035225165034,0.0
0.026000000000000002,8.180238018076528,-1.7952014456119914,10.0,0.0,8.840277297486391,9.147162031597679,453.32316497497897,449.1035225165034,0.0
0.027,8.20791783519421,-2.0289101948201975,1.1033301025226971,0.0,9.076193877871622,8.316771287773445,471.23993709919193,449.1035225165034,0.0
0.028,7.760932226350782,-2.109122467897177,-8.076420105410673,0.0,9.211965988382294,6.72165066761622,471.6883164715272,449.1035225165034,0.0
0.029,6.650720084982872,-1.8856861251568855,-8.526457731128529,0.0,9.14926870539397,5.459566163238187,458.1179225469372,449.1035225165034,0.0
0.03,5.229536767817036,-1.4875237489176774,-1.831404769137892,0.0,8.925069202307766,5.203604626549838,444.7442724561465,449.1035225165034,0.0
0.031,4.036014897102454,-1.190600318463477,4.899012776861029,0.0,8.669013542273776,5.741290266268623,438.5053837365608,449.1035225165034,0.0
0.032,3.365769248358243,-1.1508393253292513,8.124438524453305,0.0,8.490927537274846,6.548886235442009,440.4947787498807,449.1035225165034,0.0
0.033,3.1983775947177744,-1.355205093995603,7.215828455459587,0.0,8.434287574177784,7.137423267545942,445.85991790404125,449.1035225165034,0.0
0.034,3.304086385962311,-1.6657400347292548,4.565694924503935,0.0,8.47428049639486,7.3657121288412855,450.09118393068104,449.1035225165034,0.0
0.035,3.4558850112423243,-1.937423531242043,2.4401852970422655,0.0,8.559882847728838,7.352225911649221,450.5595503076555,449.1035225165034,0.0
0.036000000000000004,3.5425646148442325,-2.090313338960612,2.191441830643508,0.0,8.649677386094119,7.334525096137101,446.0246401680478,449.1035225165034,0.0
0.037,3.5835689968527764,-2.1339205151954457,4.489685723931909,0.0,8.731990280380312,7.579224392953515,442.3228802367396,449.1035225165034,0.0
0.038,3.7135486650029104,-2.133520240871305,6.408372112383663,0.0,8.830061712981523,7.981870393637288,438.54610175904196,449.1035225165034,0.0
0.039,3.9831815413606617,-2.1227184840532516,8.402335558807094,0.0,8.957406411884243,8.525848233017015,435.5270082781616,449.1035225165034,0.0
0.04,4.4262781712341965,-2.1168355254503712,10.0,0.0,9.125875316956535,9.13792191189351,434.40765113008916,449.1035225165034,0.0
0.041,5.037994193006386,-2.10831122670783,10.0,0.0,9.337825856133584,9.626800672881451,435.1757031312828,449.1035225165034,0.0
0.042,5.7348467184920855,-2.050747928163532,10.0,0.0,9.57122249763928,10.017449994102597,440.0848877762362,449.1035225165034,0.0
0.043000000000000003,6.462094116347724,-1.9296663900540996,8.119241016499032,0.0,9.807601070909925,10.112461870657834,445.535003441377,449.1035225165034,0.0
0.044,7.09167781121665,-1.709557620738061,5.429868374679896,0.0,10.006841825265369,9.882605283662484,441.4585357382027,449.1035225165034,0.0
0.045,7.514882006709648,-1.3751830803542926,7.544552094050039,0.0,10.128592733736667,9.914910741795584,471.95613034304364,449.1035225165034,0.0
0.046,7.851524146346317,-1.13401309055524,-7.93277128663582,0.0,10.218214143700092,8.19970974248825,458.5627928214124,449.1035225165034,0.0
0.047,7.243080559176582,-0.8248512620460058,-1.3306952288692973,0.0,10.095757211498418,7.616287800254209,448.1562200006897,449.1035225165034,0.0
0.048,6.530901958844846,-0.5733736581212203,3.882064206650197,0.0,9.902632860146872,7.658600346517682,452.03750907656575,449.1035225165034,0.0
0.049,6.009040093735328,-0.5226592877422961,1.912079803111547,0.0,9.729988393854391,7.458826343433929,460.26229693234103,449.1035225165034,0.0
0.05,5.5140490695507385,-0.5829562334042784,-2.3119018689344673,0.0,9.561770781609393,6.866057548148842,464.72935471237406,449.1035225165034,0.0
0.051000000000000004,4.874051383119783,-0.6242112896405001,-4.70168908090969,0.0,9.35503313778975,6.160556929836508,462.4444894839087,449.1035225165034,0.0
0.052000000000000005,4.089588881126971,-0.6038065632945695,-3.692666136351053,0.0,9.095762126060423,5.719713903349545,455.6417736559133,449.1035225165034,0.0
0.053,3.3259857235232744,-0.5754473711423175,-0.35669073374746674,0.0,8.815418448982046,5.730046865495632,448.42002236455266,449.1035225165034,0.0
0.054,2.7791392147802174,-0.629633469457531,3.261019913452364,0.0,8.570386498562307,6.128417665270915,444.14443581037415,449.1035225165034,0.0
0.055,2.5571164377682,-0.8229244256974392,5.448404057602915,0.0,8.410414967365313,6.685837379795153,444.410245052472,449.1035225165034,0.0
0.056,2.6343499731898614,-1.140071513099485,5.362432211194292,0.0,8.355135830792264,7.129471308534308,446.85282611033864,449.1035225165034,0.0
0.057,2.8745921569615094,-1.4962012273982495,4.163648646322631,0.0,8.385750798449282,7.366553152209782,448.52776415956185,449.1035225165034,0.0
0.058,3.1416829452518575,-1.8002398153133727,3.331937205280439,0.0,8.46689540123582,7.476510320543264,448.05180390264036,449.1035225165034,0.0
0.059000000000000004,3.3734032689629507,-2.005046700206628,3.5804345198798178,0.0,8.570409632036162,7.59641972361309,445.0712956025941,449.1035225165034,0.0
0.06,3.5865579837145094,-2.1121569009014767,5.111010939042044,0.0,8.685297433290948,7.859438227032257,441.47210226789974,449.1035225165034,0.0
0.061,3.851930340704371,-2.159517092930093,6.986921808875255,0.0,8.819136823878376,8.271628679603648,438.0908247181083,449.1035225165034,0.0
0.062,4.227249939998445,-2.1766220752397247,8.787687561754923,0.0,8.982219266797967,8.796677717742622,435.60458536773297,449.1035225165034,0.0
0.063,4.741920681108654,-2.1758806469917675,10.0,0.0,9.181245762309134,9.34801622150864,434.92174826635255,449.1035225165034,0.0
0.064,5.382783735384037,-2.1468995490550915,10.0,0.0,9.412322952155227,9.786652171507534,437.1034225691948,449.1035225165034,0.0
0.065,6.080853935751238,-2.057830482771517,9.661966478116314,0.0,9.654648231704774,10.096969466586303,442.61816775850264,449.1035225165034,0.0
0.066,6.776035627523444,-1.8957427862220873,6.969447431042392,0.0,9.886833756849638,10.038201516061582,445.1476659914079,449.1035225165034,0.0
0.067,7.315555265537539,-1.62164329790973,5.744256879840712,0.0,10.061393867678682,9.848287799678547,435.3429199060745,449.1035225165034,0.0
0.068,7.696409929425023,-1.2580188621977557,10.0,0.0,10.162248902741329,10.138706298098777,452.82825139537823,449.1035225165034,0.0
0.069,8.03084372116092,-1.1919352705647652,1.9886381961988562,0.0,10.278427333417218,9.453382050111456,468.5248616309929,449.1035225165034,0.0
0.07,7.919057376431498,-1.1277758126490092,-6.053880312753381,0.0,10.308058791772384,8.059285487881315,476.11988178420614,449.1035225165034,0.0
0.07100000000000001,7.1720624472660015,-0.9286258580014259,-10.0,0.0,10.174052547636945,6.534965325963011,470.2113816037709,449.1035225165034,0.0
0.07200000000000001,5.925152330115155,-0.5875147877492208,-7.375951403051344,0.0,9.865484193541953,5.60747326195475,459.03711296622,449.1035225165034,0.0
0.073,4.59507431537676,-0.2603127767609619,-1.8881529887730406,0.0,9.462442357949445,5.453130388988657,449.862518678947,449.1035225165034,0.0
0.074,3.5619292534393803,-0.10157446273999926,2.6915541932389995,0.0,9.070081224187158,5.823152602304191,446.45199276975256,449.1035225165034,0.0
0.075,2.9823945492257025,-0.17803344922604813,4.423332445303739,0.0,8.763956296786326,6.315052383663078,447.5252731210033,449.1035225165034,0.0
0.076,2.7871329104615463,-0.44271667203482606,3.9024747636333745,0.0,8.565984404905572,6.668220999863521,450.2062514666866,449.1035225165034,0.0
0.077,2.8056945175538126,-0.795564923014485,2.5509583012899,0.0,8.45929303921261,6.818822938046977,451.7231319974192,449.1035225165034,0.0
0.078,2.885007483031402,-1.1414080182874384,1.7663219411144242,0.0,8.412845261877518,6.862361900715314,451.0657216883346,449.1035225165034,0.0
0.079,2.9561123845747095,-1.4298631699204005,2.075405103938432,0.0,8.40366779426967,6.9317192913807135,448.9175876488825,449.1035225165034,0.0
0.08,3.028210054935985,-1.655831779467238,3.1513314723406856,0.0,8.424315808022964,7.101264570390488,446.18383477518364,449.1035225165034,0.0
0.081,3.1422427980859307,-1.8349305787514585,4.547404786603307,0.0,8.477294730127712,7.3869062987166,443.85607179148724,449.1035225165034,0.0
0.082,3.337637747450827,-1.982434618072559,5.76376078570167,0.0,8.56797438918706,7.74876705618013,441.6814614873468,449.1035225165034,0.0
0.083,3.6286444650853977,-2.1000834321754973,6.925286548063465,0.0,8.697238487244949,8.169057188225903,439.7436361729868,449.1035225165034,0.0
0.084,4.020805946724853,-2.184303127775543,7.9877980686786305,0.0,8.863692867076598,8.625278030712941,437.71233907295607,449.1035225165034,0.0
0.085,4.51131555518049,-2.2274014587983486,9.11735845312946,0.0,9.063022512630294,9.116114311904154,436.42994686440727,449.1035225165034,0.0
0.08600000000000001,5.099522224525403,-2.2255888298932556,9.885290313924822,0.0,9.290872449257954,9.591179192831214,437.108861725001,449.1035225165034,0.0
0.08700000000000001,5.765136062533542,-2.168844429234257,9.66577949154297,0.0,9.537220122532116,9.94236161477093,440.41859100802594,449.1035225165034,0.0
0.088,6.447257923061135,-2.035126877899594,8.097764165115283,0.0,9.779909784032608,10.044396717882911,444.99177082447176,449.1035225165034,0.0
0.089,7.042873601596636,-1.801165344701368,5.852291773812693,0.0,9.984135396555796,9.87047896102111,442.49612960050587,449.1035225165034,0.0
0.09,7.4618360238481385,-1.4624476330649334,7.166186314955613,0.0,10.11562733919245,9.861228954874234,452.7097198981182,449.1035225165034,0.0
0.091,7.825540267777664,-1.1200168233947876,2.0233291923333088,0.0,10.19876487500341,9.251382072096106,467.62176748505533,449.1035225165034,0.0
0.092,7.696642759497327,-0.9911374409021398,-5.617877050820785,0.0,10.201851544977966,7.939545284006286,464.75624323763697,449.1035225165034,0.0
0.093,6.993754955365285,-0.7459349447827761,-4.341642134322939,0.0,10.047762388397881,7.052027428340928,458.5660683222325,449.1035225165034,0.0
0.094,6.0700949181449575,-0.49967869265228604,-1.3411801346780097,0.0,9.795694199136111,6.6497146394329825,455.28225422723193,449.1035225165034,0.0
0.095,5.2031521959812235,-0.36298315513044255,0.238939595715002,0.0,9.51602760330362,6.492361959902236,454.98846842137203,449.1035225165034,0.0
0.096,4.493155592646785,-0.3546883403794374,0.3269830395962643,0.0,9.249046924853918,6.386091669409482,455.67516698792423,449.1035225165034,0.0
0.097,3.925495736863954,-0.4410100279114286,-0.08208268839404154,0.0,9.007715618975938,6.273215293706052,455.3117598009519,449.1035225165034,0.0
0.098,3.4630589575061577,-0.5772946019484415,0.03753853224763537,0.0,8.793357892384163,6.209933863707183,453.1842490859764,449.1035225165034,0.0
0.099,3.100613586944395,-0.7416532611784352,1.0604866240406703,0.0,8.610824402226608,6.278117504908056,449.99601307162857,449.1035225165034,0.0
0.1,2.8665885034729306,-0.937996148553158,2.645679725663322,0.0,8.473316756223815,6.50748949870989,447.392346375758,449.1035225165034,0.0
0.101,2.791414129394303,-1.177149648291009,3.964624835006062,0.0,8.3968405302989,6.835334489856674,446.7939422207321,449.1035225165034,0.0
0.10200000000000001,2.8692587300066865,-1.4497787455053595,4.28692271547672,0.0,8.388394091777357,7.1356960252464825,446.7416985162044,449.1035225165034,0.0
0.10300000000000001,3.0437797837599727,-1.7142845953435253,4.336662807743566,0.0,8.437197803157007,7.389006324683065,446.43202677344556,449.1035225165034,0.0
0.10400000000000001,3.2681130097025144,-1.9329450098286696,4.518213636553563,0.0,8.527859760437327,7.618407711244236,445.03980966458846,449.1035225165034,0.0
0.105,3.5209101395076443,-2.0842311987522515,5.2549593195012605,0.0,8.64685053728248,7.8875973196943345,442.53927202822814,449.1035225165034,0.0
0.106,3.816392678317972,-2.1700412505465305,6.570870642564173,0.0,8.78878744109626,8.249174725720295,439.6452203955007,449.1035225165034,0.0
0.107,4.189757717476066,-2.2065741308640474,8.11247948013792,0.0,8.955848911448244,8.707090611508233,436.89046809544806,449.1035225165034,0.0
0.108,4.671257981824416,-2.207328242294188,9.611986174374795,0.0,9.151713446797967,9.236219325056155,435.6125065757615,449.1035225165034,0.0
0.109,5.274543642078924,-2.177396976681516,10.0,0.0,9.377604419635807,9.698161654676154,436.94022313366634,449.1035225165034,0.0
0.11,5.951700484467028,-2.094238707734623,9.835934266628936,0.0,9.618252431223834,10.046117083630719,441.67537369815454,449.1035225165034,0.0
0.111,6.645759581597656,-1.9425814572526732,7.542640472568319,0.0,9.85378046968497,10.063145178575184,445.7450706032778,449.1035225165034,0.0
0.112,7.216768731096631,-1.6855137862021405,5.541376539138957,0.0,10.040697642483703,9.848946757661112,439.6212166555664,449.1035225165034,0.0
0.113,7.605207429618894,-1.329130325148162,8.698126571604018,0.0,10.15087175190572,10.00509687368131,465.22622633971463,449.1035225165034,0.0
0.114,7.922097389019129,-1.1802051754826202,-4.265605308702208,0.0,10.252825530134885,8.668097873334556,458.7801291811437,449.1035225165034,0.0
0.115,7.4995341116137615,-0.952477582207522,-1.1393227960631505,0.0,10.187323246742853,7.998173406147339,457.97202876780705,449.1035225165034,0.0
0.116,6.86774538990837,-0.7567328809683579,-0.8239576519078566,0.0,10.042124103767744,7.457389624683878,462.08866682532766,449.1035225165034,0.0
0.117,6.13655692384844,-0.6315241199472494,-3.012128123756408,0.0,9.84555098024387,6.786424747773894,463.79366135583916,449.1035225165034,0.0
0.11800000000000001,5.282776005204591,-0.5307907144209016,-4.011526777405515,0.0,9.591710094383702,6.161450915409825,461.2445992156533,449.1035225165034,0.0
0.11900000000000001,4.374925063052285,-0.44026043748653576,-2.85840647430408,0.0,9.291804917465623,5.801753392024116,456.2583568430004,449.1035225165034,0.0
0.12,3.5561064067833152,-0.39848531197298864,-0.43683363124260177,0.0,8.982230544863638,5.783868455758977,450.7305803521409,449.1035225165034,0.0
0.121,2.959723412964667,-0.45276755234711297,2.3107840358307636,0.0,8.70821391359162,6.072250733564975,447.4423483422431,449.1035225165034,0.0
0.122,2.6584228083836288,-0.6358039249256657,3.9715117825222648,0.0,8.51002835180731,6.486776232494228,446.62212286178396,449.1035225165034,0.0
0.123,2.62245666807537,-0.9262459268769686,4.406438519299038,0.0,8.403232152583211,6.872208558318756,448.00831662030487,449.1035225165034,0.0
0.124,2.760135788858478,-1.2672544158773578,3.7242936990005715,0.0,8.380265319634503,7.113528469348592,448.9271654939181,449.1035225165034,0.0
0.125,2.9570836837340853,-1.5833324934734343,3.26663283241981,0.0,8.415085664729219,7.264610981631194,448.5855697312134,449.1035225165034,0.0
0.126,3.1559132217713075,-1.8296488787284808,3.4426102416250526,0.0,8.485466248144816,7.40809963063805,446.2574538477227,449.1035225165034,0.0
0.127,3.3539508051156552,-1.9936637086150244,4.63512887005823,0.0,8.578736105554508,7.653898909333874,443.5432802489418,449.1035225165034,0.0
0.128,3.595957998341145,-2.099752311429878,6.047818092124276,0.0,8.69728850310358,8.003275458622653,440.6015712766255,449.1035225165034,0.0
0.129,3.9209763724958515,-2.1630189140617713,7.6036920906812,0.0,8.844821756087983,8.453256891133302,437.9382642257675,449.1035225165034,0.0
0.13,4.358206896380835,-2.1951914501428282,9.046998199017564,0.0,9.025506139967606,8.971353263736958,436.14402856461913,449.1035225165034,0.0
0.131,4.917526215382027,-2.197687686587936,10.0,0.0,9.239884583367788,9.488952754641632,436.0286533043471,449.1035225165034,0.0
0.132,5.579156714875375,-2.157601022931155,10.0,0.0,9.48015063615172,9.899513961031776,439.1562937512033,449.1035225165034,0.0
0.133,6.28218096357045,-2.051165046341719,8.791111674771148,0.0,9.726139113508003,10.089351573924601,444.5681284152626,449.1035225165034,0.0
0.134,6.9304654056418595,-1.8522366037848368,6.1305482837539,0.0,9.945694735502578,9.939950137363262,444.6153250112671,449.1035225165034,0.0
0.135,7.39676205450334,-1.5395892276879621,6.151831960804022,0.0,10.09595272469647,9.811581458089144,432.8273833403652,449.1035225165034,0.0
0.136,7.756140617660084,-1.1620938439013448,10.0,0.0,10.17995002858801,10.099292417744262,459.6665209103432,449.1035225165034,0.0
0.137,8.04521525105351,-1.1347031596034318,-1.360805864671374,0.0,10.285080676621,9.0502572622755,479.009524543187,449.1035225165034,0.0
0.138,7.73504744987944,-1.0421867646293221,-10.0,0.0,10.264891847699639,7.316944595380557,476.9462780675515,449.1035225165034,0.0
0.139,6.704409837472889,-0.7479057747515756,-10.0,0.0,10.041944890044109,5.951604712989243,463.881230859088,449.1035225165034,0.0
0.14,5.33457726397416,-0.36257856846625525,-4.155767250919235,0.0,9.665315457122393,5.483744932431184,451.52074810666886,449.1035225165034,0.0
0.14100000000000001,4.127852362214264,-0.09931243278514312,2.0003018693886903,0.0,9.254456986574978,5.762774875838426,446.00228453040063,449.1035225165034,0.0
0.14200000000000002,3.3790328637521174,-0.08533787652120006,4.790546037383834,0.0,8.913682817590802,6.2884850409398245,447.1057746794286,449.1035225165034,0.0
0.14300000000000002,3.073922178234248,-0.30292377853310726,4.258778441240609,0.0,8.683631276799135,6.667223875799308,451.067598657363,449.1035225165034,0.0
0.14400000000000002,3.0238251090516357,-0.6419626877996549,2.2582256908647906,0.0,8.549577194571786,6.772800117268671,453.6765388695662,449.1035225165034,0.0
0.145,3.034697238642416,-0.9837443766616338,0.9080254212325869,0.0,8.473691741396255,6.72419991926577,452.9707373379775,449.1035225165034,0.0
0.146,3.0175846342885353,-1.2649438658721497,1.2222540388121916,0.0,8.428048940662526,6.72292945415052,449.92092687897537,449.1035225165034,0.0
0.147,2.9956951892673818,-1.48791502436257,2.7389852246885305,0.0,8.408558206032488,6.88315661265281,447.0198075334294,449.1035225165034,0.0
0.148,3.036188620266696,-1.68363222392989,4.210382047292253,0.0,8.426338441083182,7.167425148609373,444.83536063597876,449.1035225165034,0.0
0.149,3.1745620250422895,-1.8649405394423102,5.3452871148228205,0.0,8.488754248935157,7.520354303462358,443.3829937890679,449.1035225165034,0.0
0.15,3.4157283193371546,-2.0260315106624174,6.128675825552614,0.0,8.596128315166318,7.893911272795535,442.0767723317573,449.1035225165034,0.0
0.151,3.7454105715078523,-2.1503764649576382,6.852054056055367,0.0,8.742187706967957,8.278734285270685,440.28856211686906,449.1035225165034,0.0
0.152,4.151688431813423,-2.224543925452445,7.8343087674958305,0.0,8.919038431948422,8.69910142952,438.0653768552806,449.1035225165034,0.0
0.153,4.638607117005082,-2.2462741365992236,9.056282854902292,0.0,9.12188944747697,9.170213257574712,436.560494334343,449.1035225165034,0.0
0.154,5.217784222480891,-2.220022117161301,9.934154397192696,0.0,9.348461520008495,9.640004838404264,437.3817996337205,449.1035225165034,0.0
0.155,5.876970640474554,-2.1419084449162336,9.640718976331769,0.0,9.591025559617243,9.97769912176186,441.1901560660609,449.1035225165034,0.0
0.156,6.550828616245294,-1.9903118884335407,7.815674424665985,0.0,9.827208139110231,10.040527321115103,445.42155120289857,449.1035225165034,0.0
0.157,7.125154501506721,-1.7390659765399108,5.736796569383209,0.0,10.019934195845774,9.853827572296824,440.933143907094,449.1035225165034,0.0
0.158,7.5255878274894155,-1.3892927113147442,8.062704003379585,0.0,10.138755071970103,9.943404593320873,472.7162162667331,449.1035225165034,0.0
0.159,7.873535531147426,-1.1417036218487655,-8.064959113942265,0.0,10.230914495395394,8.204334068467027,459.9557213362504,449.1035225165034,0.0
0.16,7.258272255382189,-0.8298060575003263,-1.7932336368983828,0.0,10.108118082809103,7.5707114094598955,448.6946433958034,449.1035225165034,0.0
0.161,6.519357207408676,-0.5659094123980974,3.8413941245321297,0.0,9.908329390262972,7.6203911966012035,451.7477627282624,449.1035225165034,0.0
0.162,5.98234021147079,-0.5068315179094296,2.2883920561850375,0.0,9.729627943742853,7.4696303497147145,459.94243405757203,449.1035225165034,0.0
0.163,5.498513038264848,-0.5715374688813513,-1.9173327238804703,0.0,9.561428990737891,6.9168265568344,464.9341453533831,449.1035225165034,0.0
0.164,4.884144004491968,-0.6255717541234427,-4.5714946001547965,0.0,9.360066265612307,6.215325011335059,463.1292789575259,449.1035225165034,0.0
0.165,4.119711419544175,-0.6160635031259842,-3.8093189666364333,0.0,9.107103407987204,5.752162180329382,456.56222345956445,449.1035225165034,0.0
0.166,3.3603168963690155,-0.5909514198937817,-0.6003782270863129,0.0,8.83045330637848,5.731270143376886,449.2158298840752,449.1035225165034,0.0
0.167,2.802549897173901,-0.6400043906099598,3.071695486982584,0.0,8.585025958846478,6.110401425790554,444.6442248282799,449.1035225165034,0.0
0.168,2.5640161815447033,-0.8247224181648116,5.402090991762478,0.0,8.421882927632915,6.667360652322014,444.6251584626851,449.1035225165034,0.0
0.169,2.628981963995868,-1.1354594367364128,5.456407815098073,0.0,8.36308401396118,7.125448975372169,447.0175673654416,449.1035225165034,0.0
0.17,2.8664892513449454,-1.4906638900267504,4.281062915230427,0.0,8.39193894363786,7.376541323747453,448.7805010754208,449.1035225165034,0.0
0.171,3.137616018356689,-1.7977250896833525,3.4028262746516704,0.0,8.47324230261372,7.493108477290084,448.46091812278524,449.1035225165034,0.0
0.17200000000000001,3.3751362758740067,-2.0064610795976443,3.569043794906616,0.0,8.577962387940262,7.609799584353084,445.56056414493736,449.1035225165034,0.0
0.17300000000000001,3.5912730844388756,-2.1154511389865815,5.054650367546219,0.0,8.693781122074094,7.865648290663286,441.92850987517284,449.1035225165034,0.0
0.17400000000000002,3.855886858703069,-2.1621733393488154,6.942427628841787,0.0,8.827652394871516,8.273347285688551,438.47048457180495,449.1035225165034,0.0
0.17500000000000002,4.228836883772186,-2.177524272135339,8.777770659972717,0.0,8.99012782049462,8.79829510428752,435.9106469395478,449.1035225165034,0.0
0.176,4.741856893217362,-2.1753177964338537,10.0,0.0,9.18845426376028,9.350384779892316,435.1727566698864,449.1035225165034,0.0
0.177,5.382017382784995,-2.145331869673403,10.0,0.0,9.41888064307322,9.789588385104935,437.31355254440086,449.1035225165034,0.0
0.178,6.080047279195651,-2.0555920549724784,9.727698849783486,0.0,9.660613224626625,10.107579457494273,442.8580114210428,449.1035225165034,0.0
0.179,6.778759018524258,-1.8945126129242118,7.017924522417115,0.0,9.89315031478533,10.052714523929845,445.46507306801095,449.1035225165034,0.0
0.18,7.322803202096181,-1.6217625378397804,5.750778193417972,0.0,10.068555488732915,9.861443697021864,435.69909121862366,449.1035225165034,0.0
0.181,7.7065458280262416,-1.2587172320680409,10.0,0.0,10.170085579710895,10.150155085196861,453.166348280066,449.1035225165034,0.0
0.182,8.041416584667356,-1.1941322510626071,1.9782003741118022,0.0,10.286859905555698,9.462259809767419,469.2566914267497,449.1035225165034,0.0
0.183,7.928369400612238,-1.1311447768060914,-6.268502888332494,0.0,10.316884498914911,8.043696029667878,476.72109426370673,449.1035225165034,0.0
0.184,7.169629732571197,-0.9280090337292664,-10.0,0.0,10.180335197932367,6.524324328899199,470.6252712603795,449.1035225165034,0.0
0.185,5.91654248474441,-0.5848116704794815,-7.438648409572545,0.0,9.869783304444503,5.592550714753364,459.2636202561222,449.1035225165034,0.0
0.186,4.580351016722397,-0.2551683897384047,-1.8594238848400635,0.0,9.464280451641818,5.445450643493776,449.9856299688443,449.1035225165034,0.0
0.187,3.5462613226022937,-0.09620879344669175,2.7707501842754643,0.0,9.070428754208766,5.826425148108253,446.5901116752899,449.1035225165034,0.0
0.188,2.971046663060717,-0.17508562122146842,4.493643439464801,0.0,8.764325723998612,6.3260662655060225,447.74483631262717,449.1035225165034,0.0
0.189,2.7824009816845243,-0.4434110090277278,3.9298679828349297,0.0,8.567524132930185,6.680887613717788,450.5062771452232,449.1035225165034,0.0
0.19,2.806485807586448,-0.7992841609321021,2.5351200202497277,0.0,8.462347628621202,6.8282263590204835,452.0493675071241,449.1035225165034,0.0
0.191,2.8883593495646434,-1.1463609173955953,1.7341163893930664,0.0,8.417042360965322,6.867385418235049,451.35738534276015,449.1035225165034,0.0
0.192,2.959400991103954,-1.434331876260822,2.057568843312467,0.0,8.40838956390703,6.934692005852728,449.15045786930455,449.1035225165034,0.0
0.193,3.0305499346108653,-1.6590816674977913,3.1605632265122594,0.0,8.429175472763747,7.105381545245225,446.38044412205124,449.1035225165034,0.0
0.194,3.1443849633994985,-1.8372094184701897,4.572800884083431,0.0,8.48229829936864,7.393586556353297,444.0379753813968,449.1035225165034,0.0
0.195,3.3407693794447297,-1.9842780212848221,5.794690725761725,0.0,8.573325613223732,7.75810491954286,441.86419808451427,449.1035225165034,0.0
0.196,3.633734593220945,-2.1018406055311503,6.953972618522876,0.0,8.703163230251226,8.18031395823099,439.9300787960737,449.1035225165034,0.0
0.197,4.02828940227058,-2.1860061564970423,8.01276669994746,0.0,8.870320574208565,8.637689007924452,437.90762288447087,449.1035225165034,0.0
0.198,4.521225215427299,-2.2288578318245933,9.135953652069201,0.0,9.07037171751589,9.128727519606702,436.63544820711184,449.1035225165034,0.0
0.199,5.111527480354103,-2.22642168058214,9.896721733842632,0.0,9.298825104270762,9.603116022914941,437.3437612531606,449.1035225165034,0.0
0.2,5.778644124424236,-2.1686558869046326,9.660162823451675,0.0,9.545542126888865,9.951802045408655,440.70484161951117,449.1035225165034,0.0
0.201,6.461016904220537,-2.033473087488355,8.063609449246314,0.0,9.78816359949552,10.048646046519238,445.24163686508524,449.1035225165034,0.0
0.202,7.0547435089253,-1.79750248061187,5.833830682973462,0.0,9.991602386190312,9.872271465511904,442.5496806468893,449.1035225165034,0.0
0.203,7.4715097345325345,-1.4570516593604173,7.245347210767558,0.0,10.121969951845998,9.871535808225117,455.4270483650281,449.1035225165034,0.0
0.20400000000000001,7.834626644123379,-1.1202418980857067,0.7434280932129256,0.0,10.205582629679732,9.118809007224707,467.46834365262333,449.1035225165034,0.0
0.20500000000000002,7.64186843464522,-0.9691547286776188,-5.46086776194589,0.0,10.19230986860791,7.857097373354291,462.803102758691,449.1035225165034,0.0
0.20600000000000002,6.917662304834783,-0.7146705896505832,-3.2652431174016057,0.0,10.02771083665734,7.101526388399561,457.2660049444347,449.1035225165034,0.0
0.20700000000000002,6.037659274438202,-0.488838280187859,-0.5783190345527691,0.0,9.78171789675572,6.768216273458695,455.46319229529627,449.1035225165034,0.0
0.20800000000000002,5.232212325621567,-0.3830777887947161,0.25949059222852444,0.0,9.517617908391557,6.588726828205074,456.2958187323336,449.1035225165034,0.0
0.209,4.555919477044169,-0.3932528272039594,-0.22874558844844373,0.0,9.264155833477396,6.405029996353463,457.07340198968296,449.1035225165034,0.0
0.21,3.9776436074095103,-0.4752410068752491,-0.6972360118549212,0.0,9.026587232249243,6.224552472601696,456.03529848955543,449.1035225165034,0.0
0.211,3.4773398322155606,-0.5915862964712864,-0.2475020215216741,0.0,8.806705838827575,6.1417721408479995,453.103879362603,449.1035225165034,0.0
0.212,3.0788085697028493,-0.7356725475547523,1.178203973493554,0.0,8.615220586295926,6.236447423600306,449.47166795423715,449.1035225165034,0.0
0.213,2.8302608388819763,-0.9230478737568124,2.990628223299134,0.0,8.471521810664067,6.510971198117849,446.9794795868671,449.1035225165034,0.0
0.214,2.764246994579742,-1.1666809056453809,4.257962836280514,0.0,8.39457117029287,6.869731328115384,446.8187053388163,449.1035225165034,0.0
0.215,2.8622413204737573,-1.450188688153189,4.361198132082791,0.0,8.389941132715519,7.1721634031931165,447.0949468377759,449.1035225165034,0.0
0.216,3.052554275504096,-1.7226824001199257,4.243163139390256,0.0,8.443156536894936,7.409918583056744,446.8561187962341,449.1035225165034,0.0
0.217,3.281940324253835,-1.9425550031393306,4.385051197363852,0.0,8.536286967855244,7.622678485843801,444.94151766289644,449.1035225165034,0.0
0.218,3.531566741556757,-2.089709147162977,5.383971812568756,0.0,8.655368575810634,7.9067727831251675,442.59571162811244,449.1035225165034,0.0
0.219,3.8309009933330187,-2.175429522938153,6.621952938844668,0.0,8.798909152593653,8.270124025689874,439.7833409361639,449.1035225165034,0.0
0.22,4.208043085840334,-2.2113744172875482,8.121340100622344,0.0,8.967527530575525,8.725554690551158,437.0739388654099,449.1035225165034,0.0
0.221,4.691548543650734,-2.210223183369264,9.596336972510269,0.0,9.16434105257083,9.250145731580323,435.8067437641381,449.1035225165034,0.0
0.222,5.294776994744287,-2.177099448946392,10.0,0.0,9.390300228022188,9.710091909968908,437.19279631143314,449.1035225165034,0.0
0.223,5.971459753617375,-2.0907381539081515,9.781725252859607,0.0,9.630489598657295,10.050189716638322,441.97324010831545,449.1035225165034,0.0
0.224,6.662146561474969,-1.9352296301263054,7.462806178500332,0.0,9.864427488230207,10.058189607720589,445.527783636147,449.1035225165034,0.0
0.225,7.226338211975648,-1.6754384116523013,5.721291803388134,0.0,10.048749629159738,9.86525169465667,439.01249877919935,449.1035225165034,0.0
0.226,7.621166940215709,-1.3193319529051086,9.07984446923499,0.0,10.158771966412468,10.059106480384973,463.38627875929416,449.1035225165034,0.0
0.227,7.952080912499866,-1.1903529680981646,-3.2498730832403226,0.0,10.266550924771467,8.822271314166109,460.45252689896057,449.1035225165034,0.0
0.228,7.587289352024763,-0.98968538172995,-1.896487196898101,0.0,10.219084826020243,8.03550339480253,461.3426560716944,449.1035225165034,0.0
0.229,6.941556467234019,-0.7945405819331421,-2.4639431188169363,0.0,10.07822929309382,7.314094348947927,464.01946332225936,449.1035225165034,0.0
0.23,6.120053810080391,-0.6315657894595477,-3.951506152156963,0.0,9.86334262970045,6.576691243376921,463.4158481991378,449.1035225165034,0.0
0.231,5.173158800519886,-0.48680444032385894,-3.7928218474225432,0.0,9.581910321609126,6.019814110357979,459.5480575945412,449.1035225165034,0.0
0.232,4.229871992148852,-0.37821593675193865,-1.9633718959046105,0.0,9.262436409123481,5.784426710276635,454.62707477989966,449.1035225165034,0.0
0.233,3.4419923932041976,-0.35164428017305394,0.4418839887822008,0.0,8.949534150690317,5.864148194555436,450.4488572074506,449.1035225165034,0.0
0.234,2.9115727000584632,-0.44141299934075673,2.5175394280972574,0.0,8.68603454220258,6.159344214297413,447.9644267984307,449.1035225165034,0.0
0.23500000000000001,2.6623266749991643,-0.6515512375798169,3.771145589787946,0.0,8.500622015552437,6.537923660434305,447.46043099142264,449.1035225165034,0.0
0.23600000000000002,2.648603746084761,-0.9525783630901778,4.039574408542773,0.0,8.402620287604744,6.876112079668611,448.5516052357261,449.1035225165034,0.0
0.23700000000000002,2.7818629235874575,-1.28855637615181,3.4995064591988303,0.0,8.382184884556928,7.093793982754894,449.02600917920176,449.1035225165034,0.0
0.23800000000000002,2.9651839947065652,-1.5938162793530908,3.2630796208340005,0.0,8.415780021344045,7.248225156453002,448.3562744425129,449.1035225165034,0.0
0.23900000000000002,3.1553111244646903,-1.8320955803020165,3.605419469918324,0.0,8.48461688589463,7.4115136046807315,446.39107232003295,449.1035225165034,0.0
0.24,3.3547069182467824,-1.9954879568408528,4.615145033123019,0.0,8.578489277222715,7.652971041983971,443.38260672558573,449.1035225165034,0.0
0.241,3.5970095694985074,-2.098205024142459,6.176586988255803,0.0,8.696785126786105,8.016672000422389,440.44697527920056,449.1035225165034,0.0
0.242,3.928489656374135,-2.1619862475171803,7.730968183821418,0.0,8.845610251135199,8.477160176890386,437.83479139817075,449.1035225165034,0.0
0.243,4.375198295248927,-2.196339191238405,9.149747435519648,0.0,9.028742692271768,9.001180804470174,436.1592267455434,449.1035225165034,0.0
0.244,4.944267116132865,-2.2009593026315564,10.0,0.0,9.246128634868695,9.512322119073009,436.1269871232966,449.1035225165034,0.0
0.245,5.610635448528468,-2.160081815833415,10.0,0.0,9.488347390004487,9.917975542475778,439.3880542244634,449.1035225165034,0.0
0.246,6.3152396504152035,-2.0514764659965605,8.721929193940374,0.0,9.735371798352903,10.095854931501705,444.8251756327343,449.1035225165034,0.0
0.247,6.959542008411495,-1.8486603414398521,6.046151958642638,0.0,9.954257984566201,9.935266817276995,444.55059479093705,449.1035225165034,0.0
0.248,7.418201381387884,-1.5314154876671005,6.22897165679691,0.0,10.102327968066263,9.815484564798597,434.74164210789723,449.1035225165034,0.0
0.249,7.775928022310128,-1.15303275303408,10.0,0.0,10.185163075696577,10.100709119917163,463.40755578250383,449.1035225165034,0.0
0.25,8.05632422265891,-1.1346788505742351,-3.2244717036084802,0.0,10.290002026151456,8.846026243828787,479.6010921690156,449.1035225165034,0.0
0.251,7.649765898752155,-1.008875253045423,-10.0,0.0,10.245233937248441,7.161757532460992,474.9095832223883,449.1035225165034,0.0
0.252,6.574880277516787,-0.6959208944551708,-9.505997415266883,0.0,10.003348842629315,5.877706285721056,461.0421627502712,449.1035225165034,0.0
0.253,5.211297698184561,-0.31349830979276705,-2.691673581546016,0.0,9.61831019207114,5.581752477569355,449.9384922227965,449.1035225165034,0.0
0.254,4.085765507713007,-0.09022889231474629,2.851811985128384,0.0,9.221444615677655,5.92870307433253,446.2496432761318,449.1035225165034,0.0
0.255,3.4251432833595907,-0.12174272971793987,4.724775250864467,0.0,8.904659872888969,6.413276280118424,448.5500269970736,449.1035225165034,0.0
0.256,3.1644088616218564,-0.3633197913459625,3.580118345587868,0.0,8.694269263362791,6.695146362956692,452.5428727552364,449.1035225165034,0.0
0.257,3.1025818197937047,-0.6959479317361614,1.5493019641191443,0.0,8.567278047899698,6.720040774033439,454.2946735343368,449.1035225165034,0.0
0.258,3.0687430519066914,-1.011743389010694,0.6214900643905859,0.0,8.48688661398689,6.651099471350042,452.6341150081685,449.1035225165034,0.0
0.259,3.009701191911497,-1.2673471074307376,1.4164634025580858,0.0,8.432598647650478,6.683894558660013,449.1737824291377,449.1035225165034,0.0
0.26,2.971624514895634,-1.4792161377284887,3.145927092947152,0.0,8.407768542827258,6.893870629038259,446.5350601294256,449.1035225165034,0.0
0.261,3.0215271371420176,-1.678824555992327,4.490972866673994,0.0,8.426257291230227,7.205156424885161,444.7835125765816,449.1035225165034,0.0
0.262,3.178405677668904,-1.8691894241997837,5.409946742495206,0.0,8.492969795697777,7.558041571355242,443.9502122284166,449.1035225165034,0.0
0.263,3.4330901646054555,-2.036279088757857,5.878130019458566,0.0,8.604775778784884,7.898173367175073,442.4152195299591,449.1035225165034,0.0
0.264,3.7592172715984473,-2.155403540343215,6.712509398552774,0.0,8.75084713617408,8.269245343752502,440.33813383230114,449.1035225165034,0.0
0.265,4.157425929227558,-2.2217995974566027,7.838706134223764,0.0,8.925530877248717,8.692813424274695,437.90968643556863,449.1035225165034,0.0
0.266,4.64025222255672,-2.2383128982278295,9.164868193399366,0.0,9.12625555478181,9.176980124314829,436.3837963648193,449.1035225165034,0.0
0.267,5.222540905647134,-2.21112942670569,10.0,0.0,9.35216911969046,9.652182008031918,437.2835876039901,449.1035225165034,0.0
0.268,5.886958645998787,-2.133477523329266,9.72221401002479,0.0,9.594741641823768,9.996284218297099,441.28245846052323,449.1035225165034,0.0
0.269,6.567903535791124,-1.983675240333265,7.800989222318025,0.0,9.831765400674465,10.053416832527464,445.58474268958656,449.1035225165034,0.0
0.27,7.145241027494601,-1.7329548693516452,5.685034906055527,0.0,10.02471882708511,9.858298159118597,440.7980866763493,449.1035225165034,0.0
0.271,7.5444879749509255,-1.3823006194683591,8.161417271075685,0.0,10.142800279736468,9.957404509703366,471.8925708598568,449.1035225165034,0.0
0.272,7.886559424197404,-1.1517724340785196,-7.6137153041115795,0.0,10.237132664287106,8.264744573631438,459.5221761946505,449.1035225165034,0.0
0.273,7.2949416392357165,-0.8483947783374797,-1.5327045082899118,0.0,10.121699556497878,7.645945053752276,450.08514440596736,449.1035225165034,0.0
0.274,6.576545796607796,-0.596609028010838,3.1759951671570272,0.0,9.931267151521137,7.60773639626251,453.43445825303013,449.1035225165034,0.0
0.275,6.013329914428838,-0.529954149446652,1.4580288862603732,0.0,9.751242942154299,7.373011864984347,460.79516461763393,449.1035225165034,0.0
0.276,5.4733769143262645,-0.5702651042281894,-2.3392407170528324,0.0,9.570849454407938,6.797000043531327,464.5804522306664,449.1035225165034,0.0
0.277,4.80905099563156,-0.6000544095290617,-4.38665382071071,0.0,9.353767847326187,6.140983631135128,462.17245346632967,449.1035225165034,0.0
0.278,4.029647194265747,-0.5823459276431159,-3.313343748040596,0.0,9.090546933652535,5.74649009726396,455.7196366073939,449.1035225165034,0.0
0.279,3.290663053202186,-0.5670393106599524,-0.15309645948161998,0.0,8.812692114909844,5.775512143930661,448.9435715186145,449.1035225165034,0.0
0.28,2.7702332795013067,-0.6353235404820083,3.2365355948869854,0.0,8.573189314158345,6.164960990847841,444.90049921699756,449.1035225165034,0.0
0.281,2.563663703175978,-0.8364439613855283,5.300101978690503,0.0,8.418022082174886,6.702129010331634,445.1343097021608,449.1035225165034,0.0
0.28200000000000003,2.6433555403032183,-1.1536330853473606,5.222888864252305,0.0,8.364967974764912,7.130102600395212,447.36034627484327,449.1035225165034,0.0
0.28300000000000003,2.878652182983846,-1.5049604357394786,4.127302340327676,0.0,8.395490754405811,7.365145321900511,448.8432133925311,449.1035225165034,0.0
0.28400000000000003,3.141384352537751,-1.8039561182107782,3.388471872723491,0.0,8.475841779801073,7.482872990798035,448.2801855505177,449.1035225165034,0.0
0.28500000000000003,3.373425297396284,-2.0061543550537424,3.6782191633900543,0.0,8.579182318774572,7.613226319755796,445.2748438022601,449.1035225165034,0.0
0.28600000000000003,3.5916130097219052,-2.1130187266930873,5.219176824661283,0.0,8.694957235258396,7.885806000641066,441.72323323882455,449.1035225165034,0.0
0.28700000000000003,3.8651118775461892,-2.161589316778929,7.068784999155838,0.0,8.830686749375415,8.302849529330466,438.3840381214967,449.1035225165034,0.0
0.28800000000000003,4.248902119837307,-2.179652952807754,8.845577401769829,0.0,8.996048959011986,8.829230801131441,435.9541673595209,449.1035225165034,0.0
0.289,4.7708560759698715,-2.1787553519626757,10.0,0.0,9.197233702411747,9.375151695743487,435.3103935108775,449.1035225165034,0.0
0.29,5.415360558518315,-2.14732292137871,10.0,0.0,9.429443469576954,9.809378795732997,437.6019468827238,449.1035225165034,0.0
0.291,6.1147595026715535,-2.0548356404870245,9.60426380399324,0.0,9.671995693432338,10.10938434184796,443.1446822454904,449.1035225165034,0.0
0.292,6.807859385882157,-1.8866375997517246,6.892484525320059,0.0,9.90271633784172,10.040059199331347,445.80361780539306,449.1035225165034,0.0
0.293,7.340454061038231,-1.6085239566352594,5.596015792479832,0.0,10.074521883223047,9.833590452246584,434.96367656786373,449.1035225165034,0.0
0.294,7.709445784926963,-1.2400108718540483,10.0,0.0,10.170744696462993,10.127088941687848,451.4051010979792,449.1035225165034,0.0
0.295,8.032581964555224,-1.1785018593363081,2.8905091224437918,0.0,10.28361421679393,9.542920962382375,470.65405668389553,449.1035225165034,0.0
0.296,7.956157039226511,-1.1392822198704513,-6.949474012188304,0.0,10.32308091694516,8.028791600589015,479.33214256576366,449.1035225165034,0.0
0.297,7.179928137334281,-0.9374096701847101,-10.0,0.0,10.185374226831161,6.5174847476320075,472.9224355383331,449.1035225165034,0.0
0.298,5.917631260621167,-0.5957366403219244,-8.592322707045689,0.0,9.874742212644808,5.459978040481909,459.825236294823,449.1035225165034,0.0
0.299,4.521108289926844,-0.2379598946095931,-2.15094022307384,0.0,9.453484017432356,5.312628660944792,449.07509208275184,449.1035225165034,0.0
0.3,3.4447073453110306,-0.05693373463827878,3.224416187299264,0.0,9.043281593647713,5.769202654342262,445.16421801519533,449.1035225165034,0.0
0.301,2.8734703106758643,-0.13651468801539335,5.219246266090598,0.0,8.73032097805248,6.3568488149485445,446.71748886129865,449.1035225165034,0.0
0.302,2.7271903047401924,-0.4261579233474435,4.466471179590987,0.0,8.53848598643015,6.762059167938379,450.3620897782911,449.1035225165034,0.0
0.303,2.8041342215732312,-0.8099743735625141,2.6315850484768943,0.0,8.445678906439374,6.903328631998452,452.62888248335224,449.1035225165034,0.0
0.304,2.921419282424156,-1.1756679778766568,1.4629350962778243,0.0,8.412667612826091,6.898855890697412,452.03039216037183,449.1035225165034,0.0
0.305,2.998974894440131,-1.4652449468074966,1.7329115613293453,0.0,8.41070670498328,6.925554938129556,449.41035402397245,449.1035225165034,0.0
0.306,3.056983600836481,-1.679569778882254,3.0398623144543486,0.0,8.43229175450688,7.084847406644002,446.23646316164644,449.1035225165034,0.0
0.307,3.1559134548065617,-1.8460130612441268,4.655478339165921,0.0,8.483813058668623,7.384715191573641,443.7457140928397,449.1035225165034,0.0
0.308,3.346064451141219,-1.9866352164800647,5.954430957805926,0.0,8.573973015159492,7.766549645172662,441.5808356802545,449.1035225165034,0.0
0.309,3.6418664225031523,-2.1029164895162387,7.112097032461019,0.0,8.704685139842798,8.202933684200065,439.7590012274982,449.1035225165034,0.0
0.31,4.044646808664737,-2.188776967533281,8.116459471729232,0.0,8.874246295812018,8.666305916601855,437.8858526511892,449.1035225165034,0.0
0.311,4.546366949398334,-2.2333613636388465,9.165210458536848,0.0,9.077234238215942,9.15445461389746,436.7134756806744,449.1035225165034,0.0
0.312,5.142174331778624,-2.230506450742107,9.875299412152561,0.0,9.307978371729341,9.62118790007906,437.509541991189,449.1035225165034,0.0
0.313,5.810349948803653,-2.16992937154874,9.593206062148397,0.0,9.55568649092725,9.958649868908266,440.9601460311622,449.1035225165034,0.0
0.314,6.488849784447872,-2.030138568273582,7.949337807015208,0.0,9.797598777519957,10.041178652459125,445.34596516720825,449.1035225165034,0.0
0.315,7.07365317186731,-1.7884349896881464,5.794003812485134,0.0,9.998383228196834,9.861454355207494,442.18534251993384,449.1035225165034,0.0
0.316,7.48277913942377,-1.4438777693609475,7.443496936088034,0.0,10.125632545630722,9.88362269373332,460.0194388365926,449.1035225165034,0.0
0.317,7.845391158773475,-1.1182456024431455,-1.5827103854422369,0.0,10.20999979901612,8.871125331092692,466.37610152753194,449.1035225165034,0.0
0.318,7.537771023033327,-0.9259329067293263,-4.933767521022195,0.0,10.166782515939571,7.727424553481083,459.2534038771473,449.1035225165034,0.0
0.319,6.786698457991074,-0.6606058040930758,-1.4739175094363226,0.0,9.986254029076663,7.187407978750474,454.96222060446456,449.1035225165034,0.0
0.32,5.98366363021478,-0.471741250358504,0.6130871460254452,0.0,9.751654903542551,6.959135330196539,455.68684458979874,449.1035225165034,0.0
0.321,5.27926234237054,-0.4176986527221801,0.18494193262540382,0.0,9.513632385503803,6.731717807301072,458.1558323432774,449.1035225165034,0.0
0.322,4.653710342135556,-0.45551153288319357,-1.1400750423816572,0.0,9.281370209773462,6.423536076921901,458.9428918672507,449.1035225165034,0.0
0.323,4.055970255786974,-0.5286727005824459,-1.6319984978757862,0.0,9.049185678223543,6.141580781149325,456.7971597393876,449.1035225165034,0.0
0.324,3.4962287257792255,-0.6130823670386467,-0.6360688061730859,0.0,8.820577521884546,6.034668229878621,452.64380972448225,449.1035225165034,0.0
0.325,3.0438186189817915,-0.7263328104563574,1.405203329199804,0.0,8.615752378163766,6.17433445252272,448.39488750878576,449.1035225165034,0.0
0.326,2.775853265268337,-0.9011793665581742,3.5367507871252286,0.0,8.463476987816497,6.518561125388899,446.1421518145144,449.1035225165034,0.0
0.327,2.7260601494743524,-1.1526625357567597,4.692732341280786,0.0,8.386766486841402,6.9217776775118,446.51600315566577,449.1035225165034,0.0
0.328,2.855063567401892,-1.4529801441187584,4.531681864313487,0.0,8.388568796403934,7.233037849186969,447.42915944496707,449.1035225165034,0.0
0.329,3.0719148758122126,-1.7390374420268433,4.091847350378202,0.0,8.449780018864004,7.44401733314181,447.3827152697,449.1035225165034,0.0
0.33,3.309312066884437,-1.9609536343691396,4.132277510479778,0.0,8.547518275652122,7.624920475763857,445.86570582291716,449.1035225165034,0.0
0.331,3.5515099056896444,-2.1002146821338656,4.923160400807051,0.0,8.66667257435433,7.859832155779646,442.6796654461073,449.1035225165034,0.0
0.332,3.825296770173524,-2.167373006425532,6.580419159915933,0.0,8.803397416382332,8.229863155557604,439.35714138509337,449.1035225165034,0.0
0.333,4.187167196227332,-2.191560796117488,8.339145001737009,0.0,8.965441947808529,8.716382916348719,436.5090823285906,449.1035225165034,0.0
0.334,4.673489837539168,-2.189607976892937,9.889118931867532,0.0,9.159477314159595,9.273488241815723,435.44110205584917,449.1035225165034,0.0
0.335,5.293491535549837,-2.163577692689549,10.0,0.0,9.38697587335213,9.727646789196346,437.0110111564322,449.1035225165034,0.0
0.336,5.9808299527002635,-2.0812103229157675,9.884509170697093,0.0,9.628340323530388,10.075919326947073,442.07276560341006,449.1035225165034,0.0
0.337,6.68327253772275,-1.9304999238318814,7.423939516339084,0.0,9.864641112264406,10.073598002073233,445.65777192688586,449.1035225165034,0.0
0.338,7.25174880372786,-1.6724129999809962,5.665893860497362,0.0,10.05019723200488,9.870851599550832,438.67466171069896,449.1035225165034,0.0
0.339,7.645636326667443,-1.315715697074638,9.261737576648857,0.0,10.160267265437877,10.082415849726498,461.23101087533905,449.1035225165034,0.0
0.34,7.9771432595854,-1.2003239391223803,-2.1377118892595477,0.0,10.271360600199452,8.961405912424876,461.4544510500554,449.1035225165034,0.0
0.341,7.667090885089849,-1.0250779937347159,-2.3729412619532475,0.0,10.24112047134159,8.089146396516044,464.13810611249875,449.1035225165034,0.0
0.342,7.0184814363272245,-0.8363084467903672,-3.865114629134869,0.0,10.107666213068628,7.207548558268197,465.77075946646505,449.1035225165034,0.0
0.343,6.124025660578297,-0.642845638782912,-4.848113675617638,0.0,9.880004383386801,6.399460957421307,463.25940590737446,449.1035225165034,0.0
0.34400000000000003,5.093923001211906,-0.45866262489934373,-3.733995729981051,0.0,9.575974473141352,5.886165632948592,458.15192561946685,449.1035225165034,0.0
0.34500000000000003,4.111062760307764,-0.3296844806025414,-1.2707396170568823,0.0,9.238672255739361,5.751427442769687,453.1131970200784,449.1035225165034,0.0
0.34600000000000003,3.3403135576976406,-0.310960685552498,1.208527937601585,0.0,8.92085660504714,5.919473529629734,449.6682041075915,449.1035225165034,0.0
0.34700000000000003,2.861997512941606,-0.4276799381726206,2.9253775779341513,0.0,8.664653483848868,6.247901500521616,448.14253435599926,449.1035225165034,0.0
0.34800000000000003,2.665352938629731,-0.6658685154190027,3.6978223353353235,0.0,8.491947022830503,6.602514531842028,448.2076984497028,449.1035225165034,0.0
0.34900000000000003,2.6793037906213106,-0.9811613056849284,3.674198529151572,0.0,8.404272832202809,6.8905715082121475,449.19912086810825,449.1035225165034,0.0
0.35000000000000003,2.8108078665431533,-1.3140286787953184,3.177531336432785,0.0,8.387634241414379,7.072332274913773,449.226061207314,449.1035225165034,0.0
0.35100000000000003,2.9772527887921036,-1.6066450661806804,3.1628357799218105,0.0,8.419694715256238,7.220609365889203,448.10749667237883,449.1035225165034,0.0
0.352,3.152360251031645,-1.833087693854973,3.7320783058306364,0.0,8.485359375981774,7.402431056942502,446.02079877577023,449.1035225165034,0.0
0.353,3.348634332122798,-1.9919159755657234,4.806254491542267,0.0,8.57784642445153,7.665264925834579,443.0718739058115,449.1035225165034,0.0
0.354,3.598082118843247,-2.0958036387720425,6.341033412628544,0.0,8.6972075150991,8.043671516418463,440.28598965643425,449.1035225165034,0.0
0.355,3.9413368044080066,-2.1632909747849824,7.822150865917866,0.0,8.848857886069666,8.508485150114758,437.7954773837152,449.1035225165034,0.0
0.356,4.398843566283097,-2.200428281851657,9.180487453605277,0.0,9.035234813730005,9.029695110700589,436.2338291970655,449.1035225165034,0.0
0.357,4.9749469107161675,-2.205402733523721,10.0,0.0,9.255270861296154,9.535188481951533,436.3011317601984,449.1035225165034,0.0
0.358,5.64439483426729,-2.1625558074090083,10.0,0.0,9.499089734841448,9.936062757223752,439.72623635114473,449.1035225165034,0.0
0.359,6.349413311236846,-2.051009700362205,8.560149883968661,0.0,9.746772546045428,10.091990426328696,445.0915184303215,449.1035225165034,0.0
0.36,6.984560858094017,-1.8419390773984357,5.91762888524209,0.0,9.963397535583962,9.917998755559337,444.2999919512164,449.1035225165034,0.0
0.361,7.430930783358283,-1.518228857561494,6.361427430447526,0.0,10.107443441139282,9.815562584470138,438.14429871126225,449.1035225165034,0.0
0.362,7.786144830203844,-1.1420011739694749,9.548866288477004,0.0,10.188693196033393,10.049345064076206,467.16734085324333,449.1035225165034,0.0
0.363,8.035639481624193,-1.126285783658322,-5.143292965880935,0.0,10.287229807300394,8.595970093463631,478.4370534921552,449.1035225165034,0.0
0.364,7.522600088639415,-0.9600463511019779,-10.0,0.0,10.212446076701355,6.969399379572023,470.7453426999701,449.1035225165034,0.0
0.365,6.4013932431296,-0.623803607394871,-7.4206177089336265,0.0,9.947159340290838,5.948508845444392,457.91950623051173,449.1035225165034,0.0
0.366,5.12081020701744,-0.28202855283906914,-1.095859311344534,0.0,9.57207939554454,5.802760357429853,449.4429185433741,449.1035225165034,0.0
0.367,4.1219779896561315,-0.12191619675195131,3.1390405719555705,0.0,9.205737987847394,6.13373584047788,447.9282387042648,449.1035225165034,0.0
0.368,3.544274938620954,-0.19712837553905205,3.908133329632609,0.0,8.919002732452219,6.490789852403118,450.80827547100245,449.1035225165034,0.0
0.369,3.2854283787723433,-0.4406514273590163,2.451067416718795,0.0,8.722681817701407,6.63819285067202,453.8582000525454,449.1035225165034,0.0
0.37,3.1645841078030292,-0.7408727543443476,0.8785583505869061,0.0,8.591322409702762,6.603522523701723,454.1291713839202,449.1035225165034,0.0
0.371,3.061219693841715,-1.0163742371765223,0.6928161962253259,0.0,8.496934859648631,6.564638385136184,451.53765550628486,449.1035225165034,0.0
0.372,2.964409415003945,-1.2486113586349936,1.9642328051451838,0.0,8.43088871927547,6.671532640479128,448.17409704618666,449.1035225165034,0.0
0.373,2.930742490557141,-1.4615095009472472,3.655306289897454,0.0,8.403233042913685,6.937172032384785,446.1200370499865,449.1035225165034,0.0
0.374,3.0079354144699573,-1.6756171511599924,4.712171142662713,0.0,8.42632973347892,7.263998425545475,445.00906465225205,449.1035225165034,0.0
0.375,3.1917161147519546,-1.8796493505847596,5.308601920172441,0.0,8.500101859738297,7.596046637653143,444.235555672211,449.1035225165034,0.0
0.376,3.457591117017202,-2.0502120161066566,5.744036078635901,0.0,8.616423165795666,7.916792247585513,442.6968164327655,449.1035225165034,0.0
0.377,3.7837265738517845,-2.1659894570117704,6.577472759196018,0.0,8.764216794084874,8.271202970178205,440.4456176492043,449.1035225165034,0.0
0.378,4.175193422879552,-2.2247824288777904,7.7896511996496205,0.0,8.93798158430065,8.690157246160137,437.8381254460728,449.1035225165034,0.0
0.379,4.651578892452186,-2.2339310820197555,9.206051271919662,0.0,9.136683745219992,9.179787063947913,436.2495750491166,449.1035225165034,0.0
0.38,5.232088055484723,-2.202259880271143,10.0,0.0,9.360903353102414,9.654402322177127,437.1665960763638,449.1035225165034,0.0
0.381,5.895694594203634,-2.1212207146070767,9.787147376947988,0.0,9.601564929813952,10.005433111926383,441.30963568840656,449.1035225165034,0.0
0.382,6.579659690354495,-1.9708698244264093,7.793566439207587,0.0,9.83753522156603,10.059661508261536,445.6201443072401,449.1035225165034,0.0
0.383,7.158446491107405,-1.7199770584830651,5.673145911883458,0.0,10.029236628424455,9.861926748388816,440.4844018656385,449.1035225165034,0.0
0.384,7.558192773319952,-1.3693818243906004,8.32720833919289,0.0,10.145937870519026,9.978102454430644,471.0198187525763,449.1035225165034,0.0
0.385,7.897210954072236,-1.1615007157870265,-7.159663066636745,0.0,10.243225589402853,8.330939698102767,458.98896638437816,449.1035225165034,0.0
0.386,7.33232262839778,-0.8683525255602007,-1.2430913212164083,0.0,10.135900770926597,7.729441492982306,451.5003988378937,449.1035225165034,0.0
0.387,6.6376251880488875,-0.6304933928165629,2.4772236888119044,0.0,9.95592559108639,7.598197395356809,455.4503817801396,449.1035225165034,0.0
0.388,6.048273019703249,-0.55617573488225,0.4387636250526086,0.0,9.775027168422312,7.258528196510564,461.8028147298124,449.1035225165034,0.0
0.389,5.44271405518157,-0.5679781167909448,-2.864445771916875,0.0,9.580293106729322,6.652485606667419,464.11417906612115,449.1035225165034,0.0
0.39,4.7188138274985825,-0.5687284721753902,-4.1702345055674375,0.0,9.344392707494512,6.050542638307331,460.96923839777173,449.1035225165034,0.0
0.391,3.9215193554489547,-0.5411223983088116,-2.716421330205411,0.0,9.068843879668009,5.738644653134729,454.6331910436193,449.1035225165034,0.0
0.392,3.2071944974940623,-0.537591943122635,0.3963056615996363,0.0,8.789547846775083,5.828846210696213,448.5051781575918,449.1035225165034,0.0
0.393,2.7322532952931278,-0.6292703622292966,3.4662955482025195,0.0,8.55732150358119,6.233769910483078,445.15246768840245,449.1035225165034,0.0
0.394,2.565769226921352,-0.8511625855548962,5.182161331078195,0.0,8.412301525060126,6.746587778721048,445.7362182835077,449.1035225165034,0.0
0.395,2.664076054700957,-1.1767589426710323,4.92395907585553,0.0,8.366662008264482,7.13558236464039,447.7653998159708,449.1035225165034,0.0
0.396,2.8961464348007677,-1.5232119026275326,3.922749536629307,0.0,8.399339763764393,7.349017839992394,448.8963866287543,449.1035225165034,0.0
0.397,3.147322813310839,-1.8118266260103557,3.359327489115031,0.0,8.478376381222056,7.467104515689768,448.0242859105492,449.1035225165034,0.0
0.398,3.3712400769915822,-2.005439533461914,3.8061702142771248,0.0,8.579729277089534,7.613953970586366,444.8862769933251,449.1035225165034,0.0
0.399,3.590765898438409,-2.109327212119612,5.417347128120964,0.0,8.695123344437757,7.907106135128909,441.42374263334966,449.1035225165034,0.0
0.4,3.874288063957868,-2.1600383365560814,7.225412106940227,0.0,8.832832568406845,8.336265688491027,438.232420217729,449.1035225165034,0.0
0.401,4.270973264175172,-2.1816249645172068,8.929784337738308,0.0,9.001554243146593,8.864880354144729,435.97019345231524,449.1035225165034,0.0
0.402,4.803744204810148,-2.1827123486751976,10.0,0.0,9.206168962955507,9.403547769780166,435.4498766213591,449.1035225165034,0.0
0.403,5.453539538617472,-2.1499639274061355,10.0,0.0,9.440575752165893,9.83195798189788,437.92713062286606,449.1035225165034,0.0
0.404,6.154634224214714,-2.0545765566731546,9.446516558171833,0.0,9.68421775709908,10.109462211046141,443.5016786713345,449.1035225165034,0.0
0.405,6.839290313948354,-1.8799905099118004,6.7152609723892995,0.0,9.912995393017354,10.020375714740368,445.61918354308386,449.1035225165034,0.0
0.406,7.357385567362182,-1.594063156283485,5.691351926248815,0.0,10.080280467281721,9.827614275461187,433.9447218043059,449.1035225165034,0.0
0.40700000000000003,7.722721029611376,-1.2228332397644133,10.0,0.0,10.173584872910919,10.120041917797124,450.73048018532336,449.1035225165034,0.0
0.40800000000000003,8.036524969752488,-1.169703574834279,3.237418619507647,0.0,10.284669638233664,9.57472172507768,472.4607067593812,449.1035225165034,0.0
0.40900000000000003,7.97120188878418,-1.1433765350506766,-7.86126650995005,0.0,10.327749230025297,7.9521360560349645,480.6331821493464,449.1035225165034,0.0
0.41000000000000003,7.154821696847065,-0.9299005796519104,-10.0,0.0,10.181043211037467,6.460991670768164,473.7444387202872,449.1035225165034,0.0
0.41100000000000003,5.872223819979726,-0.5840844014028514,-9.019582232744087,0.0,9.86398833536833,5.366446375963944,459.67894070385,449.1035225165034,0.0
0.41200000000000003,4.446346879899795,-0.2139773436062049,-2.092587406398965,0.0,9.431930803210546,5.245835860938758,448.2493598324258,449.1035225165034,0.0
0.41300000000000003,3.3620072234002785,-0.028845217411759827,3.6307446561539147,0.0,9.0143545094626,5.759395815631823,443.9914255462286,449.1035225165034,0.0
0.41400000000000003,2.811601767316099,-0.11727407259693029,5.810832768955269,0.0,8.701470335891063,6.412119720867674,446.17506828225766,449.1035225165034,0.0
0.41500000000000004,2.708574595472613,-0.4295660112622754,4.748295943283191,0.0,8.518614794901609,6.835431820612781,450.5520932785925,449.1035225165034,0.0
0.41600000000000004,2.8244332500737297,-0.834079925257718,2.5452977374948733,0.0,8.43774962913845,6.952647998179887,453.2240403161352,449.1035225165034,0.0
0.417,2.958920196097771,-1.208196471372095,1.1681190407272157,0.0,8.413800278640947,6.906961389310769,452.455652465597,449.1035225165034,0.0
0.418,3.030750851721841,-1.4921514943852432,1.5187916665053822,0.0,8.415171089376585,6.90923777942368,449.4112027400706,449.1035225165034,0.0
0.419,3.073656889571008,-1.6947565974700054,3.0379397270328914,0.0,8.436079469159143,7.071021814391943,445.9349902989554,449.1035225165034,0.0
0.42,3.1622715077135997,-1.8520799672784818,4.807731269765968,0.0,8.486354934108359,7.388885325319807,443.4324966157635,449.1035225165034,0.0
0.421,3.352380911323105,-1.98957632086207,6.115688370369325,0.0,8.576940568851542,7.786141509073222,441.3834075314744,449.1035225165034,0.0
0.422,3.654836988059693,-2.10634189452742,7.217434062364168,0.0,8.709662508063108,8.229474018634088,439.67185287190983,449.1035225165034,0.0
0.423,4.065703978249712,-2.1931516060087377,8.16752808859239,0.0,8.881826916835893,8.693067548971637,437.8935131469435,449.1035225165034,0.0
0.424,4.573774878368413,-2.237374695819584,9.168798044771146,0.0,9.087130680529533,9.176377792958936,436.76873784327125,449.1035225165034,0.0
0.425,5.17261136146012,-2.2320866750728428,9.854533543339599,0.0,9.31921117907229,9.636514290058713,437.632917251253,449.1035225165034,0.0
0.426,5.8406392475138285,-2.1675603718591425,9.537149892001235,0.0,9.567052264324708,9.964580928034886,441.17718094405876,449.1035225165034,0.0
0.427,6.515340484247678,-2.022889672031698,7.8442814613227965,0.0,9.807647390900621,10.034046462697258,445.4168623767012,449.1035225165034,0.0
0.428,7.091946160402676,-1.7757642451384847,5.761307346399597,0.0,10.0053924683252,9.851746876206505,441.7514102822888,449.1035225165034,0.0
0.429,7.494450471057685,-1.427659072769646,7.667554515947937,0.0,10.129312764666608,9.899459268496333,463.7113955336805,449.1035225165034,0.0
0.43,7.853693079426783,-1.122328317917979,-3.458516839919677,0.0,10.215506939292862,8.67637048653635,464.82189533531147,449.1035225165034,0.0
0.431,7.455940057914974,-0.8964250965132945,-4.17095046892324,0.0,10.148976771454493,7.66444827305326,456.23145354377675,449.1035225165034,0.0
0.432,6.700720739983394,-0.6291688281369039,0.052991116571384556,0.0,9.960768241744294,7.297919769586441,453.7915489615364,449.1035225165034,0.0
0.433,5.970938863713432,-0.4760992881374828,1.2260631432412197,0.0,9.740562627942264,7.108745583784403,456.69628263054346,449.1035225165034,0.0
0.434,5.335270624740099,-0.45857671557299184,-0.30223129240270286,0.0,9.523063369358132,6.799250834519203,460.05681117905254,449.1035225165034,0.0
0.435,4.721843608134234,-0.5054501351547076,-2.0920284532827345,0.0,9.301695863585525,6.3784811804186585,460.2540706987948,449.1035225165034,0.0
0.436,4.082686819697166,-0.5583645572889813,-2.3021636949767785,0.0,9.06573999521908,6.0366078127353795,456.9453270728765,449.1035225165034,0.0
0.437,3.4665982701379807,-0.6121990452625732,-0.7262099275813689,0.0,8.8245850263767,5.942160634381361,451.7962680811042,449.1035225165034,0.0
0.438,2.979324780964914,-0.7044622374861391,1.821392112658791,0.0,8.607711442848018,6.1449585620444145,447.3074709961922,449.1035225165034,0.0
0.439,2.714016990296035,-0.8787133372526038,4.0837511703179,0.0,8.451049999490584,6.553483936610242,445.5589357357533,449.1035225165034,0.0
0.44,2.694345681510853,-1.1454405974820492,4.993464668344837,0.0,8.378504725553048,6.982446289649795,446.5206303398706,449.1035225165034,0.0
0.441,2.856561873679043,-1.4629310731250156,4.53844628805253,0.0,8.388366894031652,7.284068228952864,447.8320330199551,449.1035225165034,0.0
0.442,3.093717354908622,-1.7578729009938077,3.8954598429757707,0.0,8.456673735901841,7.4658709250043955,447.7899090913264,449.1035225165034,0.0
0.443,3.3336128433106937,-1.9775390161912836,3.929657941541868,0.0,8.5575440175832,7.622498742018898,445.9052002768144,449.1035225165034,0.0
0.444,3.5675819757569487,-2.1076445752805126,4.903995571194763,0.0,8.676105003145711,7.857048314091177,442.5280546478394,449.1035225165034,0.0
0.445,3.8354456725190933,-2.166955047212711,6.6583230643689175,0.0,8.811487943680854,8.236106360145731,439.107901075636,449.1035225165034,0.0
0.446,4.19730808777418,-2.1867442300372315,8.468356064879286,0.0,8.97282210015931,8.735231022062308,436.3013559070418,449.1035225165034,0.0
0.447,4.689637543649547,-2.1838163190509547,9.999650315271001,0.0,9.167415345144839,9.300381054979319,435.36990781497775,449.1035225165034,0.0
0.448,5.318246770806842,-2.1581719945380726,10.0,0.0,9.396272672336966,9.748977211490903,437.1206618420859,449.1035225165034,0.0
0.449,6.010240690656405,-2.0744275189221755,9.835107891342018,0.0,9.638148433388416,10.087624617358996,442.34600730835905,449.1035225165034,0.0
0.45,6.712394357145884,-1.9209805921811272,7.290010310286885,0.0,9.873659641736179,10.06796608180059,445.6454110518843,449.1035225165034,0.0
0.451,7.273409207857715,-1.6584059528337076,5.674889553170445,0.0,10.056305134632517,9.86692211624714,437.80712161162893,449.1035225165034,0.0
0.452,7.663399367950988,-1.2992885130933838,9.70699828234688,0.0,10.163704509705916,10.126641495216097,457.5371991532347,449.1035225165034,0.0
0.453,8.003157089595618,-1.2090359738640555,-0.24237725482333028,0.0,10.279999280251044,9.202903029635038,462.90222925798815,449.1035225165034,0.0
0.454,7.791961581986583,-1.0789779622929743,-3.0628793746148926,0.0,10.278886871303033,8.199035492914662,469.0402203395611,449.1035225165034,0.0
0.455,7.1502526658879315,-0.9033726757090419,-6.33124189363193,0.0,10.159482948169257,7.032604638772331,469.0780317740379,449.1035225165034,0.0
0.456,6.13358618738064,-0.6596967222504091,-6.5498927034457,0.0,9.910328029920022,6.084924737316324,463.182523565788,449.1035225165034,0.0
0.457,4.955155484577009,-0.40545605737324664,-3.7429286098135925,0.0,9.565790899748203,5.637510605101992,455.7122419229198,449.1035225165034,0.0
0.458,3.8968797794636987,-0.23769447506916774,-0.07387498244365576,0.0,9.195054701967456,5.680536451700709,450.0410737688742,449.1035225165034,0.0
0.459,3.1531326461831313,-0.23013622849838866,2.752333582055452,0.0,8.866540917324913,6.027607927292413,448.06684994525483,449.1035225165034,0.0
0.46,2.7740434336806477,-0.39903958618301794,3.749812219577615,0.0,8.624240610516809,6.4228437833856065,448.4659517712382,449.1035225165034,0.0
0.461,2.6790258676169008,-0.6923710194292457,3.5566370140385697,0.0,8.476271344079079,6.729763004346141,449.6846230093209,449.1035225165034,0.0
0.462,2.7457797860082067,-1.0358199585151093,2.9414903900690628,0.0,8.408636995348154,6.9171658933019105,450.48136152878305,449.1035225165034,0.0
0.463,2.871751935081866,-1.3623935510184704,2.5293427402151827,0.0,8.398994976170409,7.026690886030594,449.66921348122804,449.1035225165034,0.0
0.464,3.0027937687673774,-1.629898608955972,2.9297598543454426,0.0,8.4274294786314,7.159311656406826,447.6355233256828,449.1035225165034,0.0
0.465,3.1452005201971405,-1.8323858608491788,3.9612849240262635,0.0,8.485881155012795,7.376623062194705,445.2299422148774,449.1035225165034,0.0
0.466,3.3327098697047863,-1.9816786157078903,5.202811282445238,0.0,8.574616134850361,7.685099182839675,442.4472311069899,449.1035225165034,0.0
0.467,3.5955156283909337,-2.0890669753720394,6.660729750484127,0.0,8.695645020783136,8.092523417343589,440.0053145040038,449.1035225165034,0.0
0.468,3.9613446568276647,-2.16512538090468,7.9726701321021505,0.0,8.852605982584976,8.563429238746803,437.76362797640905,449.1035225165034,0.0
0.46900000000000003,4.438486938863822,-2.2084626605746824,9.206912341300477,0.0,9.044967947055328,9.076760452645908,436.40952825361126,449.1035225165034,0.0
0.47000000000000003,5.026064591333801,-2.214461331335853,10.0,0.0,9.269653317455584,9.573029843015766,436.6598221353895,449.1035225165034,0.0
0.47100000000000003,5.700399542703153,-2.168706434396158,10.0,0.0,9.51640406448182,9.965908886675741,440.36468678588176,449.1035225165034,0.0
0.47200000000000003,6.405759257391882,-2.05252997003702,8.244730714096962,0.0,9.765445779061324,10.080249260120937,445.53423699636306,449.1035225165034,0.0
0.47300000000000003,7.023131530706442,-1.8321481609048313,5.6956484640577125,0.0,9.977937125166447,9.884356060116565,443.78393176951346,449.1035225165034,0.0
0.47400000000000003,7.447268261887338,-1.4971005027277098,6.623996984952415,0.0,10.114938592352459,9.8164291568252,442.6330688485341,449.1035225165034,0.0
0.47500000000000003,7.800875769785512,-1.1226816703111147,7.26413298212179,0.0,10.193611627506678,9.795471106504266,470.46038940265663,449.1035225165034,0.0
0.47600000000000003,7.926137871243303,-1.0784048629898657,-6.863095963801011,0.0,10.261195293632213,8.21383686462627,473.8768784744934,449.1035225165034,0.0
0.47700000000000004,7.275330121076492,-0.8571439589033034,-8.819074059299307,0.0,10.139961237581081,6.796080586035966,463.9158315984779,449.1035225165034,0.0
0.47800000000000004,6.153067032603846,-0.5191625132960296,-3.9866737121112874,0.0,9.854109609300101,6.1760412110755745,454.1527086905099,449.1035225165034,0.0
0.47900000000000004,5.04958613063154,-0.2636570264080331,0.8443958801326534,0.0,9.51011341724957,6.182674530790301,450.13441865007155,449.1035225165034,0.0
0.48,4.2450975545329666,-0.20225581194052655,2.843231939016137,0.0,9.196981097653023,6.4032651042343645,451.3293208622796,449.1035225165034,0.0
0.481,3.75629051089939,-0.32573526964687016,2.2235228494543575,0.0,8.951417819852907,6.528050916972446,454.1029282169379,449.1035225165034,0.0
0.482,3.456662884498956,-0.5489369497214264,0.7867251151208432,0.0,8.766206841337747,6.492022129243349,455.07337182351233,449.1035225165034,0.0
0.483,3.223959325181113,-0.7873190194741002,0.24180481876355087,0.0,8.619904092773247,6.41810298244064,453.13027485754503,449.1035225165034,0.0
0.484,3.021345966234096,-1.0050899473487063,1.1730857783367847,0.0,8.5024106857536,6.46479601786937,449.5976408906811,449.1035225165034,0.0
0.485,2.8891143124361958,-1.2148408443876275,2.934461578026985,0.0,8.422230812374329,6.6920282857517535,446.9076702972905,449.1035225165034,0.0
0.486,2.881432626253319,-1.4411276126967556,4.301405396914399,0.0,8.395586188664836,7.02079207053082,445.84331571182713,449.1035225165034,0.0
0.487,3.004913750576918,-1.680508201973431,4.866184757692849,0.0,8.428551402941547,7.348811565420364,445.5525876709885,449.1035225165034,0.0
0.488,3.22330440581375,-1.9020097449024227,5.047058126567322,0.0,8.512993409108962,7.638785748384217,444.9906467500112,449.1035225165034,0.0
0.489,3.496882898662804,-2.073000337279977,5.36915734472089,0.0,8.634582582688259,7.913919166315543,443.0800510793652,449.1035225165034,0.0
0.49,3.8097027008270477,-2.1760866499920692,6.384689894415267,0.0,8.781155769177317,8.250511354786939,440.39107401071675,449.1035225165034,0.0
0.491,4.1843499250767735,-2.2202180285505184,7.816302913797361,0.0,8.950554444378916,8.677340753049357,437.50055621956074,449.1035225165034,0.0
0.492,4.652500807591961,-2.2200605633461983,9.377591472344795,0.0,9.145237556928535,9.188102565417923,435.90912988108835,449.1035225165034,0.0
0.493,5.236933655623469,-2.1863038649740614,10.0,0.0,9.367816877291158,9.660502455802872,436.89479446077985,449.1035225165034,0.0
0.494,5.903599739889232,-2.1034259967116373,9.928398587287921,0.0,9.606599256130867,10.026331107721788,441.3109762223609,449.1035225165034,0.0
0.495,6.597040915209134,-1.955418919528753,7.798233169438811,0.0,9.842634262471009,10.076241082053976,445.71965126411015,449.1035225165034,0.0
0.496,7.1814970947341426,-1.7062508026206684,5.627734361088127,0.0,10.03412834352229,9.869954576852322,440.14575939021563,449.1035225165034,0.0
0.497,7.582280512439657,-1.3559638677271422,8.504257929298266,0.0,10.149804484279072,10.003327096710224,470.00355604932446,449.1035225165034,0.0
0.498,7.91491731753013,-1.1771764925804153,-6.6336407355843585,0.0,10.25108652102876,8.40841367545593,458.12156315083297,449.1035225165034,0.0
0.499,7.380265917738259,-0.8949207193747166,-0.7828246926819098,0.0,10.153488750676896,7.840226573398139,453.24716026651885,449.1035225165034,0.0
0.5,6.717957081619716,-0.675212826510057,1.612940371974997,0.0,9.987486736671375,7.591631859169295,457.9672813427181,449.1035225165034,0.0
0.501,6.096879946771999,-0.5923819480414769,-0.8357577543867665,0.0,9.80631113494063,7.119677366888487,463.1223786776282,449.1035225165034,0.0
0.502,5.409649995202258,-0.5685177570266058,-3.5534949834530765,0.0,9.594260891927929,6.471721173053204,463.6240265164912,449.1035225165034,0.0
0.503,4.609405612525328,-0.5320087727991809,-3.949523942884451,0.0,9.3348427074781,5.932124343632155,459.500594791391,449.1035225165034,0.0
0.504,3.7860636699168566,-0.4900348316949592,-1.9917788030832253,0.0,9.043154614851959,5.7224228035408355,452.91377544800065,449.1035225165034,0.0
0.505,3.0997888174323345,-0.4988470048509672,1.2635283392969754,0.0,8.761054255937502,5.91028575680706,447.81785874895223,449.1035225165034,0.0
0.506,2.6881575937562356,-0.623956690797308,3.8243433264966953,0.0,8.539624171963654,6.338705642102908,445.5820586539075,449.1035225165034,0.0
0.507,2.57805231596669,-0.8759126344022313,4.977458012645023,0.0,8.409643141853849,6.811370264396196,446.7231240357686,449.1035225165034,0.0
0.508,2.6999115748969698,-1.2123971378695853,4.4307293065218225,0.0,8.374420412929714,7.137593445653911,448.41704788409976,449.1035225165034,0.0
0.509,2.922168281438096,-1.549212606437965,3.590632128680275,0.0,8.409027131531616,7.317498988261883,448.96510218432746,449.1035225165034,0.0
0.51,3.151981329653081,-1.8204237233303122,3.317989181888182,0.0,8.484628800706597,7.438228027862296,447.5409404320741,449.1035225165034,0.0
0.511,3.362004423488691,-2.000153737279849,4.045695878859167,0.0,8.581801397289647,7.616414086715128,444.33453803161416,449.1035225165034,0.0
0.512,3.5849546090512296,-2.1009794993934596,5.696586923938021,0.0,8.696368873792677,7.938395457856421,441.0089611054902,449.1035225165034,0.0
0.513,3.883826200766926,-2.155590609968088,7.440321001110139,0.0,8.836676704301606,8.384290904338933,438.0389526683404,449.1035225165034,0.0
0.514,4.299568303961538,-2.182762709898621,9.035970918166655,0.0,9.009986116294506,8.914968823894329,436.0207126499942,449.1035225165034,0.0
0.515,4.847873151386117,-2.186902487546008,10.0,0.0,9.21921603358556,9.443840480339823,435.6919705599207,449.1035225165034,0.0
0.516,5.505578224354461,-2.1526490671232015,10.0,0.0,9.456600850769082,9.86424316249927,438.45359659764546,449.1035225165034,0.0
0.517,6.209495428564407,-2.0535654453786574,9.187155706211788,0.0,9.701730790262516,10.106077344111007,444.01481045779974,449.1035225165034,0.0
0.518,6.880864200489505,-1.869567078107241,6.457435896721684,0.0,9.92728216978538,9.98928897253522,445.28876067673303,449.1035225165034,0.0
0.519,7.377615575132835,-1.5724326526301673,5.85860840565274,0.0,10.08775477106861,9.820231786655105,432.42652388036583,449.1035225165034,0.0
0.52,7.739244319578041,-1.1979044230033886,10.0,0.0,10.177047632631329,10.110857281637673,453.91957993366,449.1035225165034,0.0
0.521,8.043529656120356,-1.1523376942499002,1.612678253575126,0.0,10.28520669966942,9.38747510565284,476.8383064473708,449.1035225165034,0.0
0.522,7.888669280820173,-1.1055750274820462,-10.0,0.0,10.305523416348288,7.573803158189732,479.1712863772014,449.1035225165034,0.0
0.523,6.9284463284249025,-0.8348256008076314,-10.0,0.0,10.113126456346448,6.163732780687051,468.5750939003831,449.1035225165034,0.0
0.524,5.583927999083097,-0.4601648435282797,-6.45356486890391,0.0,9.760456965560545,5.403832396058669,455.10902366468537,449.1035225165034,0.0
0.525,4.2641950075387065,-0.1414542976106823,0.21941523746312797,0.0,9.33575283291225,5.514944006980412,446.6420116534537,449.1035225165034,0.0
0.526,3.359851045709736,-0.0472730176457975,4.477536351709448,0.0,8.957457439283996,6.060418070934318,445.576954708976,449.1035225165034,0.0
0.527,2.9519030522858776,-0.21137960988193727,5.045330502023573,0.0,8.690532529359585,6.56922217418044,448.91812814018147,449.1035225165034,0.0
0.528,2.8868105092592264,-0.5434946760429074,3.376597730184068,0.0,8.536072112107568,6.814295529502708,452.4760917490508,449.1035225165034,0.0
0.529,2.949802957552782,-0.916898255732892,1.5638902334239293,0.0,8.459318315217272,6.829124915899769,453.2739100196414,449.1035225165034,0.0
0.53,2.99962212467522,-1.2399446294466894,1.1232772230972516,0.0,8.423523901967327,6.799605443899232,451.16519959149,449.1035225165034,0.0
0.531,3.015340448487266,-1.488650453564154,2.15701566642307,0.0,8.412484159758108,6.886345012694759,448.11698612642795,449.1035225165034,0.0
0.532,3.0524679879996315,-1.6859808095275666,3.6909877628548626,0.0,8.430441629564164,7.117779350455814,445.358874608703,449.1035225165034,0.0
0.533,3.1660949537053855,-1.8563610125293368,5.1074900007953445,0.0,8.486515304936281,7.456213835797991,443.3902574593984,449.1035225165034,0.0
0.534,3.383094383974716,-2.0073653531402615,6.148931226018684,0.0,8.585731736742586,7.844072084865758,441.8122775481572,449.1035225165034,0.0
0.535,3.700936530012372,-2.1301437306622812,7.010833631322738,0.0,8.725807928396351,8.254668362777142,440.10420146290306,449.1035225165034,0.0
0.536,4.109182720484242,-2.2115103122573947,7.954864884485824,0.0,8.90065866887612,8.69170838636613,438.08939178838165,449.1035225165034,0.0
0.537,4.604173482572633,-2.2440454472910356,9.072411029027748,0.0,9.104493536704565,9.16565272308718,436.72876767641907,449.1035225165034,0.0
0.538,5.189777419059874,-2.227334440780073,9.876470633409882,0.0,9.333175789355721,9.630390682562869,437.5113317508529,449.1035225165034,0.0
0.539,5.850635689719789,-2.15542815491542,9.601110503849476,0.0,9.57772103130933,9.966354490652918,441.12953756082277,449.1035225165034,0.0
0.54,6.524142645957729,-2.0075546162649873,7.871747448421343,0.0,9.815861103483686,10.03822292484826,445.39899206304625,449.1035225165034,0.0
0.541,7.101507115814194,-1.7595635176272397,5.7740655018441736,0.0,10.01157372639649,9.856492117150463,441.5127206169025,449.1035225165034,0.0
0.542,7.5055111460739194,-1.4118336195687098,7.793109243912044,0.0,10.133771628448171,9.91691048497696,467.68215926157325,449.1035225165034,0.0
0.543,7.860713306222031,-1.1287762397698544,-5.477396445874015,0.0,10.222132564280047,8.468528545615133,462.8348984479345,449.1035225165034,0.0
0.544,7.367409088464872,-0.8653867718042849,-3.191079798368955,0.0,10.13067694491433,7.615836267450866,452.86769437356753,449.1035225165034,0.0
0.545,6.616539353897718,-0.5982892405483602,1.7548805202438915,0.0,9.936350825910262,7.438122752363628,452.7031761833482,449.1035225165034,0.0
0.546,5.972363787531807,-0.4864929255726669,1.8011430786851066,0.0,9.734059347963104,7.277727870081691,458.02576701487743,449.1035225165034,0.0
0.547,5.409450339988558,-0.5075647502830907,-0.9493747820632468,0.0,9.539393393450379,6.865602461532603,462.2560295712695,449.1035225165034,0.0
0.548,4.801760312213848,-0.5605365421744227,-3.196031130806939,0.0,9.328597672394954,6.316812747212612,461.6652044132999,449.1035225165034,0.0
0.549,4.109783743014873,-0.5873394739973501,-3.026235370790095,0.0,9.086421156594687,5.9130070516425075,456.9417155612457,449.1035225165034,0.0
0.55,3.4283958368007443,-0.6055700362654036,-0.7428728752104305,0.0,8.82981905534869,5.842869094954547,450.7549827680257,449.1035225165034,0.0
0.551,2.90494401171668,-0.6762169124237065,2.333978918884355,0.0,8.599452219313227,6.120470617902517,446.125559958594,449.1035225165034,0.0
0.552,2.646496387129762,-0.8524752913785791,4.678469949179286,0.0,8.438564172099564,6.597595520797357,445.0631025556994,449.1035225165034,0.0
0.553,2.6619423899200116,-1.1375905189682813,5.250102850234629,0.0,8.371077511142069,7.04607030094169,446.6761768167205,449.1035225165034,0.0
0.554,2.8585731706586035,-1.4728854021051316,4.4678391767219106,0.0,8.389218279163913,7.329708678025544,448.2724390787758,449.1035225165034,0.0
0.555,3.113436914780703,-1.7752096980764296,3.6780188800715408,0.0,8.46381153181743,7.481670994260742,448.1054840994248,449.1035225165034,0.0
0.556,3.353811392729275,-1.9913245101092718,3.7714767539178147,0.0,8.566891077193016,7.620182418094238,445.8568231963499,449.1035225165034,0.0
0.557,3.580651137520621,-2.113060708084354,4.928274198656796,0.0,8.684743644071325,7.85891516711721,442.3492990681048,449.1035225165034,0.0
0.558,3.8453446027901172,-2.1662597323434447,6.749578497263336,0.0,8.819318759852848,8.247487512593313,438.87960008934084,449.1035225165034,0.0
0.559,4.209429542388771,-2.1830025198726144,8.586667210916948,0.0,8.980603314989448,8.757124441912632,436.1414879908131,449.1035225165034,0.0
0.56,4.708497675586622,-2.179514152823521,10.0,0.0,9.176171959293626,9.317765208220505,435.26792947891033,449.1035225165034,0.0
0.561,5.340937723323922,-2.151744654967554,10.0,0.0,9.405228054704512,9.763187710518052,437.15916644960583,449.1035225165034,0.0
0.562,6.0350686638499464,-2.0655201460068273,9.81942155658438,0.0,9.64671378979694,10.097079940370728,442.53189202273643,449.1035225165034,0.0
0.5630000000000001,6.73721232286246,-1.9097195908029319,7.198775074956753,0.0,9.881164358382573,10.064971699116372,445.5817490660566,449.1035225165034,0.0
0.5640000000000001,7.293164287760528,-1.6439391856829917,5.709064287801134,0.0,10.061281206973055,9.86772433752652,437.0114948279769,449.1035225165034,0.0
0.5650000000000001,7.681965557472874,-1.283681274176724,10.0,0.0,10.166691068331009,10.157904813148749,455.67117595025616,449.1035225165034,0.0
0.5660000000000001,8.027688670660364,-1.2098513485243227,0.7172923545745693,0.0,10.286059278408691,9.331459499472267,465.2908720840249,449.1035225165034,0.0
0.5670000000000001,7.864232308611543,-1.1088694483800094,-4.254429207985016,0.0,10.300476426351604,8.166970673701144,472.43474654162156,449.1035225165034,0.0
0.5680000000000001,7.183312757580479,-0.9254149908798635,-8.059678677034531,0.0,10.177832805599545,6.824778806324506,470.0768401076279,449.1035225165034,0.0
0.5690000000000001,6.061765559018136,-0.6373042773975013,-7.090458635948945,0.0,9.903376726276967,5.865769459151782,461.7371681137939,449.1035225165034,0.0
0.5700000000000001,4.804892433660599,-0.345308164112208,-3.046959095004863,0.0,9.531226854842817,5.537348759660771,453.4611870528945,449.1035225165034,0.0
0.5710000000000001,3.74436431850288,-0.17572780660292953,1.0474547900809394,0.0,9.14771602240981,5.718595036339214,448.42508540620133,449.1035225165034,0.0
0.5720000000000001,3.061437319261192,-0.19876486519267034,3.5722899845305447,0.0,8.824910780907917,6.144670023410125,447.73347552946507,449.1035225165034,0.0
0.5730000000000001,2.7616777837651036,-0.4091692588486675,3.931795392769061,0.0,8.599907674979562,6.536298509497643,449.2201366326798,449.1035225165034,0.0
0.5740000000000001,2.7222777049747444,-0.7319770078250124,3.18729869999994,0.0,8.469972536703635,6.782110559408568,450.72228864494923,449.1035225165034,0.0
0.5750000000000001,2.802183624372624,-1.080921616616017,2.4200350325807576,0.0,8.41276794672364,6.904210202090717,450.9813346877561,449.1035225165034,0.0
0.5760000000000001,2.9088557479342296,-1.3934976356943127,2.2717338894648016,0.0,8.404387696020564,6.988804058040293,449.61613058526666,449.1035225165034,0.0
0.577,3.0145746418312775,-1.6427399524960455,2.9492098600218832,0.0,8.429595750640159,7.12954351442398,447.1515410228385,449.1035225165034,0.0
0.578,3.14166027375125,-1.8327549489228798,4.201024456172612,0.0,8.484766171875098,7.376732445930044,444.6765706865592,449.1035225165034,0.0
0.579,3.330802483537998,-1.979247129197567,5.482779142611696,0.0,8.573352434003093,7.713659609198441,442.11710015011136,449.1035225165034,0.0
0.58,3.6067586685625845,-2.091128464450851,6.832378634499547,0.0,8.697614811320246,8.132927321341235,439.9254398491007,449.1035225165034,0.0
0.581,3.9874761695020338,-2.17219363291123,8.019989611678895,0.0,8.85917607729807,8.600716349319221,437.8127907193175,449.1035225165034,0.0
0.582,4.4744858714781195,-2.217061079712161,9.189221494542366,0.0,9.055484886939416,9.104858106232404,436.5443768779259,449.1035225165034,0.0
0.583,5.065678073887453,-2.220716901300965,9.949019871623928,0.0,9.282530457214694,9.589941025823475,436.85482074020933,449.1035225165034,0.0
0.584,5.738246320880054,-2.1697210901899213,9.916284958245159,0.0,9.529733664983457,9.969950801095393,440.66205591555166,449.1035225165034,0.0
0.585,6.43698977775844,-2.0468788753174474,8.097082036583513,0.0,9.777214843977667,10.066758849581309,445.63420560834305,449.1035225165034,0.0
0.586,7.042097333864433,-1.8188874388099663,5.645700359269421,0.0,9.985778074053956,9.867599859227244,443.28866016083185,449.1035225165034,0.0
0.587,7.4563331761098635,-1.4786957079086682,6.876621706581735,0.0,10.118427906053139,9.829613388807768,448.02714904550083,449.1035225165034,0.0
0.588,7.809259670314021,-1.119324219697779,4.518140998957271,0.0,10.197885161416268,9.502268901378343,468.2555363401253,449.1035225165034,0.0
0.589,7.798121069749498,-1.0300055248850821,-5.787572786591168,0.0,10.23043090095286,8.110315389898231,468.9823048230525,449.1035225165034,0.0
0.59,7.139589075090852,-0.8043034857397513,-6.349744851120279,0.0,10.096592678029918,6.974357147683875,461.6989166808106,449.1035225165034,0.0
0.591,6.1366452837740155,-0.5217401547419533,-2.8340047216423994,0.0,9.833717507159529,6.434702539384787,455.5324612915384,449.1035225165034,0.0
0.592,5.152622630351495,-0.32720198401889433,0.18493358524334358,0.0,9.524590827076715,6.31786474125453,453.167364033859,449.1035225165034,0.0
0.593,4.377703497422503,-0.2842487618008813,1.3268437989095139,0.0,9.231913562452405,6.3526196734514,453.6497541274942,449.1035225165034,0.0
0.594,3.8268825585340833,-0.3778269857698999,1.0401864359819974,0.0,8.982702654368985,6.364521085855902,454.4851982153338,449.1035225165034,0.0
0.595,3.432430738136553,-0.5504002324680796,0.5686476350738836,0.0,8.777650253231467,6.339190062595836,453.8069981009141,449.1035225165034,0.0
0.596,3.1361512214764824,-0.7522683237111686,0.8607129364396386,0.0,8.611049747451448,6.361375701335974,451.42376083241254,449.1035225165034,0.0
0.597,2.9299271652854406,-0.9659415996346812,2.02912918753132,0.0,8.484813235562605,6.510009711244936,448.62086618774396,449.1035225165034,0.0
0.598,2.8397478035949435,-1.1979502400667057,3.435403073153206,0.0,8.40944799354183,6.782020123105655,447.14443295040934,449.1035225165034,0.0
0.599,2.882344937513123,-1.4514667986377696,4.193210587481456,0.0,8.394387051947701,7.083001578950205,446.54906996775804,449.1035225165034,0.0
0.6,3.031063172231487,-1.7026621581977586,4.516436604294557,0.0,8.436026674063328,7.364422547277208,446.12956401259305,449.1035225165034,0.0
0.601,3.2483198522658805,-1.9195377345683564,4.755929166916157,0.0,8.522988790605257,7.622566250246723,445.2702849286199,449.1035225165034,0.0
0.602,3.507818030579995,-2.0778800327809965,5.223901084781567,0.0,8.642317962829628,7.886301547098245,442.8040887804574,449.1035225165034,0.0
0.603,3.806090124581738,-2.167998418637932,6.519993496223282,0.0,8.784417346978852,8.243271729009937,439.91096966630306,449.1035225165034,0.0
0.604,4.179316485407839,-2.2072316046405716,8.05847858180245,0.0,8.951418277506049,8.696955087693826,437.10810201159126,449.1035225165034,0.0
0.605,4.658576076169391,-2.2095042722908347,9.579866614207475,0.0,9.146945112430409,9.22495174489529,435.7599875882331,449.1035225165034,0.0
0.606,5.259303113058627,-2.180877601245755,10.0,0.0,9.372547269091024,9.689414833831968,436.97951613493115,449.1035225165034,0.0
0.607,5.935249873869137,-2.099421836062256,9.89108778213257,0.0,9.613361651519508,10.04546327839744,441.62532164109075,449.1035225165034,0.0
0.608,6.631637535404398,-1.9503838441399493,7.642967037806894,0.0,9.850119818702076,10.073940981891287,445.8601606701135,449.1035225165034,0.0
0.609,7.209110918487434,-1.6967677734527737,5.557981141759425,0.0,10.0396425516594,9.859821295108258,440.3431266341628,449.1035225165034,0.0
0.61,7.601927952833787,-1.3421467859346574,8.404102118558182,0.0,10.15232889472257,9.982553876760337,467.2489444870774,449.1035225165034,0.0
0.611,7.912738000988778,-1.1781393784829004,-5.230261027604855,0.0,10.25152525670012,8.545779743754018,457.94611028725564,449.1035225165034,0.0
0.612,7.4403639068181375,-0.9229028285602299,-0.6672698054015047,0.0,10.170688622762306,7.955944576990403,456.0270182796478,449.1035225165034,0.0
0.613,6.808915467612438,-0.7234545798506236,0.2230412407709732,0.0,10.01956519368308,7.534049153737229,460.80043088085296,449.1035225165034,0.0
0.614,6.131586525402403,-0.6202954691395688,-2.280634143475105,0.0,9.832011545495341,6.9231152264237,463.91451546949605,449.1035225165034,0.0
0.615,5.342694188378614,-0.5501549302899127,-3.9857863673265794,0.0,9.595436001228672,6.271994203892069,462.3704240124509,449.1035225165034,0.0
0.616,4.4692472766182165,-0.47712487838661466,-3.3464096537634695,0.0,9.31007400881464,5.8379009268407955,457.5274164927184,449.1035225165034,0.0
0.617,3.6413853163548366,-0.43149002066385556,-1.0091448336593642,0.0,9.005549354106417,5.751716487840437,451.4878491624105,449.1035225165034,0.0
0.618,3.007582448501541,-0.46672136967407224,1.9867955650355023,0.0,8.727190517937325,6.011318518785912,447.5210284807505,449.1035225165034,0.0
0.619,2.6661080490192135,-0.6287685822388247,3.9860308462230365,0.0,8.520100648371717,6.438305095228134,446.25020553462156,449.1035225165034,0.0
0.62,2.6063291218516986,-0.907196093944597,4.64997548910632,0.0,8.405424977568876,6.858086522968461,447.6447564783678,449.1035225165034,0.0
0.621,2.7416188667862453,-1.2487577080837853,3.9672876776145496,0.0,8.378982519058605,7.127207473947071,448.8797731637088,449.1035225165034,0.0
0.622,2.948836621151756,-1.5732556443536483,3.352016828471991,0.0,8.414375558345514,7.284478113155165,448.85400951349027,449.1035225165034,0.0
0.623,3.157818292157447,-1.8281652301015743,3.3673937836113974,0.0,8.486751432694117,7.416489359660934,446.47100207182643,449.1035225165034,0.0
0.624,3.35845521124333,-1.9959529913385605,4.585222708890085,0.0,8.580998402137022,7.656364236790855,443.8977281014502,449.1035225165034,0.0
0.625,3.5992911966149004,-2.1041228163025503,5.923917638228741,0.0,8.7000289654823,7.992268886926526,440.91515329370446,449.1035225165034,0.0
0.626,3.9174858744872108,-2.1659616980525134,7.497088734329591,0.0,8.846467516249476,8.433554944948629,438.1653137076001,449.1035225165034,0.0
0.627,4.345722322753488,-2.195518127233264,8.981390615470811,0.0,9.025023636134524,8.948973685679196,436.25031359541515,449.1035225165034,0.0
0.628,4.897034830395119,-2.1960963706876955,10.0,0.0,9.237034060592306,9.47154816645409,436.0387655318209,449.1035225165034,0.0
0.629,5.5546403057623355,-2.156368229467155,10.0,0.0,9.475725012712992,9.886056670538002,439.0271516844353,449.1035225165034,0.0
0.63,6.256271207648492,-2.051375610139506,8.903016621072062,0.0,9.720845813316169,10.09171190328972,444.4549954848471,449.1035225165034,0.0
0.631,6.910411500121703,-1.856450997231783,6.2355799911827345,0.0,9.941628275907624,9.953926374174843,444.8658361979907,449.1035225165034,0.0
0.632,7.385950531027959,-1.5484831836610473,6.072536497796055,0.0,10.094626725964744,9.814969335782003,432.02671763508715,449.1035225165034,0.0
0.633,7.746940467702917,-1.1721160615446204,10.0,0.0,10.180108921879766,10.10390576368527,457.47320009790224,449.1035225165034,0.0
0.634,8.042367849777705,-1.1381882746239067,-0.19733145572078392,0.0,10.2859681556535,9.18262856057692,478.61838595001575,449.1035225165034,0.0
0.635,7.793017694113253,-1.0650278291963016,-10.0,0.0,10.281405374611197,7.4181275667871045,478.21887919865935,449.1035225165034,0.0
0.636,6.790098028474722,-0.7812896627999528,-10.0,0.0,10.07036917844482,6.035474741378427,466.06411487256696,449.1035225165034,0.0
0.637,5.430370933044341,-0.4012963553744049,-5.204692072509536,0.0,9.703209437201368,5.437008234758887,453.0046249217632,449.1035225165034,0.0
0.638,4.172861655739112,-0.11305531491597787,1.2860418788397485,0.0,9.28501243804413,5.652428809599744,446.24367346901045,449.1035225165034,0.0
0.639,3.359323568677679,-0.06602557116447372,4.695116095691053,0.0,8.927886334878623,6.191492548184647,446.38312600480214,449.1035225165034,0.0
0.64,3.014096622162205,-0.26231568605369393,4.65259379291222,0.0,8.68244142596349,6.632008690366412,450.13516557862454,449.1035225165034,0.0
0.641,2.963074749949495,-0.601001210931168,2.766257575379808,0.0,8.540885128745675,6.799017103015957,453.22509857760866,449.1035225165034,0.0
0.642,3.0009140613371974,-0.9585970402775402,1.1800753152766936,0.0,8.466133988493919,6.774879815267971,453.1954048234438,449.1035225165034,0.0
0.643,3.01457002094303,-1.2585800891374355,1.154003369289709,0.0,8.425866410573665,6.757551288369303,450.5286764933815,449.1035225165034,0.0
0.644,3.0085101125935596,-1.4920172382058756,2.473115994552084,0.0,8.410570993664505,6.884095114121714,447.52341076053415,449.1035225165034,0.0
0.645,3.0463101030142936,-1.6872706376411373,3.9915499785354585,0.0,8.42860300346869,7.146073029563732,445.06782911245864,449.1035225165034,0.0
0.646,3.1732393335442697,-1.8629526001326302,5.25969773661366,0.0,8.488402085716375,7.494384052536651,443.5292137333401,449.1035225165034,0.0
0.647,3.403957895455873,-2.019445397273959,6.084748514004563,0.0,8.592509750097207,7.867808239864283,441.99446079547744,449.1035225165034,0.0
0.648,3.7260740630331193,-2.141054601391658,6.923215600146154,0.0,8.73536115125426,8.265156053784523,440.17775768416413,449.1035225165034,0.0
0.649,4.132047845444968,-2.217146158728531,7.920824804126198,0.0,8.910816172953506,8.696970613615301,438.03084220627846,449.1035225165034,0.0
0.65,4.623482559151474,-2.2436764012250103,9.105009346171283,0.0,9.11406455956715,9.173435346534488,436.6152044315667,449.1035225165034,0.0
0.651,5.208030084447632,-2.2225395119590505,9.937711414376519,0.0,9.342044220567129,9.642947946259735,437.46356212733343,449.1035225165034,0.0
0.652,5.870734118964301,-2.148130256646848,9.629932170384865,0.0,9.586203526247953,9.979072546047448,441.23892558470146,449.1035225165034,0.0
0.653,6.546177293848515,-1.9985863412008154,7.820896411018869,0.0,9.823853623193523,10.042412766442032,445.4964186173614,449.1035225165034,0.0
0.654,7.121602469867121,-1.7483445244621723,5.728220933680307,0.0,10.018041571797205,9.854537691964925,441.18501943795485,449.1035225165034,0.0
0.655,7.521957365969439,-1.3985391123804634,7.963105554169081,0.0,10.13804704093121,9.933348196011986,470.14779092912016,449.1035225165034,0.0
0.656,7.870888111048939,-1.138307391365605,-6.728722875539743,0.0,10.228805578365696,8.343449390097158,461.1227671263634,449.1035225165034,0.0
0.657,7.318723137697441,-0.8511225110517717,-2.3364034202599537,0.0,10.122510361840881,7.615917197414582,451.00075649819667,449.1035225165034,0.0
0.658,6.5815354006517,-0.589683540259288,2.705629554006473,0.0,9.928205009716255,7.536778136305812,452.6856370355421,449.1035225165034,0.0
0.659,5.9890807552413134,-0.5047791242469681,1.827368140143383,0.0,9.738691190639788,7.356891494452538,459.3625484896999,449.1035225165034,0.0
0.66,5.453481480172811,-0.5427123881274969,-1.613677846667505,0.0,9.555161792472614,6.859301064269806,463.66108763008276,449.1035225165034,0.0
0.661,4.827060972243215,-0.5889550346826855,-3.90852306799472,0.0,9.344933649586155,6.238644485932316,462.21178335797356,449.1035225165034,0.0
0.662,4.0899966203264,-0.5930063339189318,-3.3149535403548205,0.0,9.093645879605026,5.822084725025142,456.50166469688384,449.1035225165034,0.0
0.663,3.3709556803971075,-0.589995896832145,-0.5338756316137632,0.0,8.825459249459385,5.79375889776875,449.8393048179278,449.1035225165034,0.0
0.664,2.839102673192933,-0.6542474450501141,2.789946484849998,0.0,8.588356474277514,6.1305700653402,445.3950721611937,449.1035225165034,0.0
0.665,2.6008025760410365,-0.8399705043749639,5.04914731677016,0.0,8.428432114414527,6.646158189597564,444.98122142173446,449.1035225165034,0.0
0.666,2.6478352393044338,-1.141218289350033,5.297295697447467,0.0,8.367339028717584,7.091342785067704,446.97813861804536,449.1035225165034,0.0
0.667,2.866427606878225,-1.4865631744915866,4.320090938276596,0.0,8.391849170653169,7.35235077130508,448.5919797682883,449.1035225165034,0.0
0.668,3.1278607958587505,-1.789324066440353,3.5182857906372806,0.0,8.469859346281883,7.484710727351544,448.23224184706453,449.1035225165034,0.0
0.669,3.364959004275753,-1.9994449312392484,3.7068675579435535,0.0,8.573390186160765,7.61693128020025,445.6339414634238,449.1035225165034,0.0
0.67,3.587063416768033,-2.114069658049581,5.040713560294709,0.0,8.690297508637775,7.869059601047559,442.0869232704395,449.1035225165034,0.0
0.671,3.854304132954937,-2.164417509446519,6.884388649247496,0.0,8.825118947337375,8.269956187163494,438.65442938044504,449.1035225165034,0.0
0.672,4.226008075251346,-2.181095701415093,8.705126525605317,0.0,8.987879023381183,8.787874647556894,436.04735436398215,449.1035225165034,0.0
0.673,4.734786399097712,-2.1785044531540887,10.0,0.0,9.185703118631553,9.342257396735036,435.27100939838533,449.1035225165034,0.0
0.674,5.372402949324666,-2.1490192925907756,10.0,0.0,9.415965624095344,9.78298550848995,437.3356938399465,449.1035225165034,0.0
0.675,6.068896834855127,-2.060038638456072,9.73501610471863,0.0,9.657781669839064,10.103280669228718,442.80900727378463,449.1035225165034,0.0
0.676,6.7672704161209225,-1.8997510801112982,7.061304540226747,0.0,9.89070380220571,10.054413330242758,445.51728319236645,449.1035225165034,0.0
0.677,7.313506550767041,-1.6283411560154182,5.743028974177205,0.0,10.06719477137,9.862349502773114,436.08395176086333,449.1035225165034,0.0
0.678,7.698201352339845,-1.265800626811321,10.0,0.0,10.169664901899404,10.15173665664132,453.92228381297826,449.1035225165034,0.0
0.679,8.036202916428968,-1.1980231647948871,1.6107389505132472,0.0,10.286996619232916,9.423710458439796,468.1275643101623,449.1035225165034,0.0
0.68,7.908527640893746,-1.1237683750178769,-5.682141716015366,0.0,10.312302292757625,8.079320084918265,475.45393748184455,449.1035225165034,0.0
0.681,7.172680237054268,-0.9261621357626331,-9.608832451509894,0.0,10.1796442231574,6.592558603529232,470.26283775142394,449.1035225165034,0.0
0.682,5.949833326898136,-0.5950202735217047,-7.224875738648798,0.0,9.877126269924343,5.669864295167529,459.7811059285432,449.1035225165034,0.0
0.683,4.638431817852959,-0.27718835968600075,-2.090785661328816,0.0,9.480940589278905,5.482123660588686,450.86141527038825,449.1035225165034,0.0
0.684,3.6034088756630926,-0.11833941113456725,2.351480740209803,0.0,9.091304348037822,5.811585433349662,447.25457760756984,449.1035225165034,0.0
0.685,3.0043035043965713,-0.1854147925221838,4.173389020708342,0.0,8.782544689635102,6.280676012967307,447.9137450599861,449.1035225165034,0.0
0.686,2.7848326405125747,-0.437751134857842,3.8557030690653726,0.0,8.578656298877464,6.636967772611776,450.25052404811606,449.1035225165034,0.0
0.687,2.7874308513370143,-0.7823608983281563,2.675843559684278,0.0,8.466169633718414,6.808153318871016,451.6867036670567,449.1035225165034,0.0
0.6880000000000001,2.864399094189054,-1.127544686760738,1.931921938708431,0.0,8.416574308794075,6.872498336169416,451.20171603816516,449.1035225165034,0.0
0.6890000000000001,2.943071640568138,-1.4211494815363641,2.153433817937579,0.0,8.407217707632997,6.949370544497323,449.2666737522047,449.1035225165034,0.0
0.6900000000000001,3.0242080812459284,-1.6530784862083898,3.1193234485607837,0.0,8.429060129986993,7.113514329441832,446.60116891861327,449.1035225165034,0.0
0.6910000000000001,3.142771045846659,-1.8353186366251222,4.477099401335413,0.0,8.482859815099156,7.390893874926963,444.2420647758764,449.1035225165034,0.0
0.6920000000000001,3.3381385201698763,-1.9830304983595926,5.705266050110131,0.0,8.57344338953524,7.747131213682721,441.9761720340173,449.1035225165034,0.0
0.6930000000000001,3.626833726481376,-2.099462551136864,6.909485925864538,0.0,8.701922747591448,8.167182897900716,439.97099636222174,449.1035225165034,0.0
0.6940000000000001,4.017285844875464,-2.18277371961498,8.003399023305125,0.0,8.867559246268652,8.626302810503223,437.90625652302725,449.1035225165034,0.0
0.6950000000000001,4.507874692439349,-2.2259230673758985,9.14774160283713,0.0,9.066457402907307,9.120952682439224,436.62696838560555,449.1035225165034,0.0
0.6960000000000001,5.097866312485195,-2.2250063578120494,9.91215121285696,0.0,9.294398399546067,9.59867582442295,437.3232929968884,449.1035225165034,0.0
0.6970000000000001,5.766035170617383,-2.1693899978853444,9.681791202411672,0.0,9.541208978223022,9.950838396428914,440.65432725725555,449.1035225165034,0.0
0.6980000000000001,6.450557258628561,-2.0365022929580543,8.100766024820592,0.0,9.784493272290142,10.052240858571505,445.24602701269407,449.1035225165034,0.0
0.6990000000000001,7.047738019079086,-1.802804469514407,5.843491102139422,0.0,9.989211499635285,9.876496851418088,442.7391081855614,449.1035225165034,0.0
0.7000000000000001,7.467112039092656,-1.4637475756079903,7.160594659015175,0.0,10.120924223435301,9.866093873600681,453.26831054078235,449.1035225165034,0.0
0.7010000000000001,7.830278329011297,-1.121383425127982,1.8543456011619117,0.0,10.204155889459834,9.237289482321485,467.8059253117433,449.1035225165034,0.0
0.7020000000000001,7.692486903663559,-0.989157170181048,-5.601485812270958,0.0,10.205062703214637,7.931398451561016,464.712048109218,449.1035225165034,0.0
0.7030000000000001,6.986095066739016,-0.742394851204883,-4.210632466935466,0.0,10.04946813998,7.060064575181529,458.61167379494896,449.1035225165034,0.0
0.704,6.067120021907616,-0.4984326142914126,-1.255526822585391,0.0,9.79793142256016,6.665481054103892,455.5147304333001,449.1035225165034,0.0
0.705,5.206878156751161,-0.3653608054559001,0.2288327790710767,0.0,9.519891748171768,6.504367567849637,455.3433258855898,449.1035225165034,0.0
0.706,4.499961261616196,-0.3590484598538022,0.25213701923534604,0.0,9.254181052668912,6.3884397729967555,456.0233458233274,449.1035225165034,0.0
0.707,3.930193717452387,-0.4446496987024169,-0.15707118270169307,0.0,9.012927906960424,6.2678930043708325,455.56366372395354,449.1035225165034,0.0
0.708,3.4628390899999753,-0.5785286376183698,0.008168454910745027,0.0,8.797616069852463,6.203255373771518,453.33096855302546,449.1035225165034,0.0
0.709,3.096258113241712,-0.7406931196473903,1.082241580009566,0.0,8.613870957029397,6.275696331074967,450.0881340107778,449.1035225165034,0.0
0.71,2.8611268892991273,-0.936391908569476,2.6938127361906394,0.0,8.475649673180122,6.511249402160798,447.5017968214361,449.1035225165034,0.0
0.711,2.7878593084914507,-1.1765565353960123,4.002998587812186,0.0,8.399266945886056,6.843027891519098,446.96533361200795,449.1035225165034,0.0
0.712,2.868821563245253,-1.4508171895226805,4.292612081571201,0.0,8.391467365942892,7.143117361178437,446.9423054405499,449.1035225165034,0.0
0.713,3.0455478716291284,-1.7162847643461132,4.32573833805977,0.0,8.440915517649296,7.394535407778996,446.62832204925166,449.1035225165034,0.0
0.714,3.2707370521430783,-1.934946703943832,4.507482038381398,0.0,8.531958796452626,7.622413462587932,445.1389187667364,449.1035225165034,0.0
0.715,3.5235925334762155,-2.0855771678445665,5.291829717136689,0.0,8.651068284489622,7.895506636314673,442.6702590243571,449.1035225165034,0.0
0.716,3.820783852027445,-2.1716185556142342,6.590492223247809,0.0,8.793534389111246,8.258048350129801,439.79354010391006,449.1035225165034,0.0
0.717,4.195904252218768,-2.2082205856354773,8.121951507597267,0.0,8.96117386407686,8.715765068407379,437.04978934052616,449.1035225165034,0.0
0.718,4.678727832738966,-2.208634523873866,9.614364221048989,0.0,9.157500576279684,9.243965478134646,435.77649439192453,449.1035225165034,0.0
0.719,5.282746097929408,-2.177912600937615,10.0,0.0,9.383631107329576,9.704860553293809,437.1221013061473,449.1035225165034,0.0
0.72,5.960159974059611,-2.093712200635996,9.823607092055871,0.0,9.62428326798659,10.050544252656273,441.8749816348362,449.1035225165034,0.0
0.721,6.6535756082976985,-1.94077127930562,7.5194523365280705,0.0,9.859457085170812,10.064530123114682,445.88788646518697,449.1035225165034,0.0
0.722,7.222938394430595,-1.6822823553733963,5.54515628186586,0.0,10.045607735263216,9.850808019655874,439.56198681991305,449.1035225165034,0.0
0.723,7.610599877999386,-1.3251058747525444,8.803521461468724,0.0,10.15506658637153,10.018287186523878,464.48733880956416,449.1035225165034,0.0
0.724,7.92937101574123,-1.182324320523637,-3.8129926962874423,0.0,10.258193262896839,8.728375902350798,459.3208489288314,449.1035225165034,0.0
0.725,7.5304713950029525,-0.9653806360859143,-1.3319210200443528,0.0,10.199580153606446,8.023918109870484,459.3084006228466,449.1035225165034,0.0
0.726,6.898945133320536,-0.7723373279770759,-1.4277456481153679,0.0,10.057317248949468,7.414172252436604,463.0227175221334,449.1035225165034,0.0
0.727,6.137160896308859,-0.6347255638087257,-3.424096047815075,0.0,9.85509918803737,6.710015396048619,463.87065545237095,449.1035225165034,0.0
0.728,5.247118874616343,-0.5169604958546947,-3.995736342292525,0.0,9.591109207744426,6.103422270828755,460.75559287053795,449.1035225165034,0.0
0.729,4.3217738626845525,-0.41770896781234557,-2.5547257549163698,0.0,9.283118895553667,5.788204558753311,455.4459657969185,449.1035225165034,0.0
0.73,3.5110072101497605,-0.3788843866816207,0.03666334908922009,0.0,8.97112765473049,5.824283163892696,450.4840439963076,449.1035225165034,0.0
0.731,2.943798604217032,-0.4492120985510437,2.5038190345966114,0.0,8.702067692620506,6.125313298928834,447.7498783711008,449.1035225165034,0.0
0.732,2.669242364612961,-0.647171265713195,3.884438288654037,0.0,8.511088971494281,6.521060085638725,447.20768110644417,449.1035225165034,0.0
0.733,2.6443745859032775,-0.9437193342761521,4.1744953350829475,0.0,8.409423497021972,6.876224297393634,448.48082597786856,449.1035225165034,0.0
0.734,2.776884495251559,-1.2810715628582128,3.5441498647570993,0.0,8.387584255630776,7.09864220051028,449.11210409855636,449.1035225165034,0.0
0.735,2.96186021825506,-1.5890186204746162,3.2284249885926717,0.0,8.420671382742354,7.249185877064411,448.5255858151582,449.1035225165034,0.0
0.736,3.151733705351237,-1.8287088494954171,3.5274634973052055,0.0,8.488790619414312,7.404999057043769,446.4885039005767,449.1035225165034,0.0
0.737,3.3481685348966757,-1.9912941460944944,4.572154640755226,0.0,8.581166730752695,7.644259387005718,443.48670876628194,449.1035225165034,0.0
0.738,3.58725694417274,-2.093666878257582,6.129220345404818,0.0,8.697866411525386,8.005326234457362,440.5036584420241,449.1035225165034,0.0
0.739,3.915378994418025,-2.1570483734589434,7.706744148278519,0.0,8.844951046116492,8.466210785076496,437.87556675890556,449.1035225165034,0.0
0.74,4.359851453148748,-2.1917430253515695,9.133069547413776,0.0,9.026598269066579,8.991225150011045,436.1791431704962,449.1035225165034,0.0
0.741,4.927723164326389,-2.1973599873609393,10.0,0.0,9.242853125517211,9.504980732898046,436.1283458469266,449.1035225165034,0.0
0.742,5.594283829910088,-2.1582404122506267,10.0,0.0,9.484498731729252,9.912673982513116,439.3402813591519,449.1035225165034,0.0
0.743,6.299864539836536,-2.0515734380308084,8.749860415101239,0.0,9.731406930868527,10.095298842012948,444.7698053343599,449.1035225165034,0.0
0.744,6.946945286518613,-1.8510100894059387,6.078435599318682,0.0,9.950891497437311,9.938873626553864,444.6362871795808,449.1035225165034,0.0
0.745,7.409390146422828,-1.5359487298674162,6.1898670300774565,0.0,10.100133969740323,9.814612967716219,433.6188651561527,449.1035225165034,0.0
0.746,7.768048972733017,-1.1575209140318448,10.0,0.0,10.183549682782742,10.100874912081451,461.59043366966745,449.1035225165034,0.0
0.747,8.052521653768537,-1.134593483702894,-2.2942972452019057,0.0,10.288512279779612,8.94867279999216,479.4809669957513,449.1035225165034,0.0
0.748,7.69357906703188,-1.0257060515657161,-10.0,0.0,10.256010062636067,7.239831239587105,476.10360180753173,449.1035225165034,0.0
0.749,6.640337727924204,-0.722348921639641,-10.0,0.0,10.023593501195874,5.887947762490658,462.34010090074247,449.1035225165034,0.0
0.75,5.26144004536113,-0.3330412266115066,-3.342529319528322,0.0,9.63943997303622,5.521479083502581,450.4719782854327,449.1035225165034,0.0
0.751,4.093659687154256,-0.08866442589546653,2.5778474304372576,0.0,9.234066558665244,5.8525755178659695,445.95393046689236,449.1035225165034,0.0
0.752,3.395803998921753,-0.10077333410541756,4.868367260203552,0.0,8.906115877077958,6.367864703254067,447.84605085679664,449.1035225165034,0.0
0.753,3.1222727840645037,-0.33530504769058317,3.93488178184848,0.0,8.688166581600475,6.6963511777798725,451.9778862668663,449.1035225165034,0.0
0.754,3.0721989213715095,-0.6744216469081961,1.840220439310031,0.0,8.559818371901413,6.751888995157331,454.18787930435735,449.1035225165034,0.0
0.755,3.060639976535048,-1.0032124374429825,0.6843803526859542,0.0,8.482634585876653,6.683613159028953,452.922821567275,449.1035225165034,0.0
0.756,3.0183021816706805,-1.2691318614796598,1.278716230719425,0.0,8.432304823580214,6.695923443347578,449.5522756191805,449.1035225165034,0.0
0.757,2.983677327893864,-1.483749254623301,2.9595016737399056,0.0,8.409187784950715,6.884298118923417,446.73198464223,449.1035225165034,0.0
0.758,3.026840617046749,-1.6801562178583864,4.393362540957892,0.0,8.426678509766177,7.187346253697912,444.77995294908425,449.1035225165034,0.0
0.759,3.17520497983398,-1.866400461918258,5.4126140832049465,0.0,8.491247772791773,7.543729261436432,443.77468037210576,449.1035225165034,0.0
0.76,3.4250884362249776,-2.0317198101937635,5.968538793138165,0.0,8.601321096158369,7.895886560798709,442.3191668336884,449.1035225165034,0.0
0.761,3.752595195356379,-2.1530217553045197,6.764139119174983,0.0,8.747292837603966,8.272265342385587,440.3480058246072,449.1035225165034,0.0
0.762,4.153917065758094,-2.2225988499723095,7.837274790634567,0.0,8.922745744026034,8.694822002405651,437.99437618953044,449.1035225165034,0.0
0.763,4.638401835556035,-2.241360268207295,9.125181071442668,0.0,9.124277010867075,9.174326515266456,436.47408129792433,449.1035225165034,0.0
0.764,5.219684141080229,-2.214824403135367,10.0,0.0,9.350499042969828,9.650288516948825,437.35772290842505,449.1035225165034,0.0
0.765,5.883409275703468,-2.137801224987528,9.687027661673309,0.0,9.593487881085004,9.990904433418411,441.2863463408868,449.1035225165034,0.0
0.766,6.562135409650033,-1.9875867614259524,7.8008877071986085,0.0,9.830486067825326,10.049389347055717,445.566405809125,449.1035225165034,0.0
0.767,7.138290207707316,-1.7365996641578962,5.696229140153282,0.0,10.023526491191472,9.856484778726244,440.90051133217133,449.1035225165034,0.0
0.768,7.53748387193561,-1.3859763019425664,8.111206490473435,0.0,10.141913716517053,9.950719048687471,472.2557375183733,449.1035225165034,0.0
0.769,7.881399086587807,-1.147544343492239,-7.797928752646236,0.0,10.235164364498813,8.239375226969305,459.73230935600156,449.1035225165034,0.0
0.77,7.2796038391064535,-0.8404535033486416,-1.6425025398553599,0.0,10.116559892679291,7.614315717428793,449.52355323813464,449.1035225165034,0.0
0.771,6.552425102421763,-0.5834603922720238,3.4576752118617913,0.0,9.922111583270677,7.613338710781868,452.8195489422547,449.1035225165034,0.0
0.772,6.000333428749601,-0.5198263948155373,1.7725170955442486,0.0,9.742580595528787,7.410103700283758,460.4749793219953,449.1035225165034,0.0
0.773,5.48231545168883,-0.5696679635818178,-2.1689126623809747,0.0,9.566798118050128,6.843994460592637,464.7133332132789,449.1035225165034,0.0
0.774,4.837940229636665,-0.6091180880138656,-4.4441877149905125,0.0,9.355824062350088,6.171753033570095,462.54712828174485,449.1035225165034,0.0
0.775,4.065393969158095,-0.5951377014609693,-3.495521306875914,0.0,9.096790925752654,5.751280735530624,456.07089131202264,449.1035225165034,0.0
0.776,3.3195215303722287,-0.5766335479760079,-0.32707650997000215,0.0,8.819718219993202,5.760315122875522,449.0883807194588,449.1035225165034,0.0
0.777,2.7850533592894626,-0.6377865265330623,3.1643302042823502,0.0,8.57816809272031,6.144441865939931,444.84113879071896,449.1035225165034,0.0
0.778,2.5658034981940907,-0.8324843813575756,5.330575005910129,0.0,8.419990886726277,6.688146586016804,444.9645543181008,449.1035225165034,0.0
0.779,2.6390556983610147,-1.1468646141109413,5.310256924203236,0.0,8.364636720393955,7.127515435853237,447.24555477067423,449.1035225165034,0.0
0.78,2.874524809961099,-1.499432152061901,4.18833637537481,0.0,8.394393482525583,7.369034824244394,448.83461713558154,449.1035225165034,0.0
0.781,3.1400982757252236,-1.8014562398792193,3.3964942467303754,0.0,8.475023481563559,7.486636131228942,448.36588571384544,449.1035225165034,0.0
0.782,3.3740777498521024,-2.0062352966607526,3.6382363256250025,0.0,8.578856066763986,7.611968349887372,445.40756038063756,449.1035225165034,0.0
0.783,3.5914306270269845,-2.1140574039321,5.154358613587601,0.0,8.694651256542251,7.877937614338971,441.82685597806966,449.1035225165034,0.0
0.784,3.861384430515651,-2.162003126294573,7.01747748025589,0.0,8.829659662175004,8.29114993416512,438.4421100737118,449.1035225165034,0.0
0.785,4.240789733297409,-2.1790517602327037,8.816464556862748,0.0,8.99388435173667,8.816764207060894,435.95902309854444,449.1035225165034,0.0
0.786,4.7590362004366735,-2.1776406939782076,10.0,0.0,9.193922296004365,9.365225491244786,435.27530842230817,449.1035225165034,0.0
0.787,5.401719685686465,-2.146809650213883,10.0,0.0,9.425425270112148,9.801496368299594,437.50180986716435,449.1035225165034,0.0
0.788,6.100522509420811,-2.0554367476396402,9.6552537918406,0.0,9.66766232566912,10.108926896403894,443.02321169159285,449.1035225165034,0.0
0.789,6.79636010790179,-1.8894320820371182,6.955355987875459,0.0,9.89907194429028,10.04674267330332,445.86996007518684,449.1035225165034,0.0
0.79,7.333948434644733,-1.6140418032317037,5.564317420491628,0.0,10.072489294726703,9.835726230045442,435.33852498832215,449.1035225165034,0.0
0.791,7.7042640570176095,-1.2464752317337553,10.0,0.0,10.169784845716972,10.129629800383158,451.9467482802757,449.1035225165034,0.0
0.792,8.030267137899049,-1.182692990376383,2.6157873368071725,0.0,10.283400817807657,9.515095167366614,469.77577461867645,449.1035225165034,0.0
0.793,7.943097335446607,-1.13500629300853,-6.505448353414934,0.0,10.319594015090722,8.056730504646865,478.30593401128215,449.1035225165034,0.0
0.794,7.184195829267211,-0.9372557693574493,-10.0,0.0,10.185055735745573,6.537240771360475,472.25235573241594,449.1035225165034,0.0
0.795,5.930615669062581,-0.5975579582089814,-8.246000314098278,0.0,9.876633057016479,5.514436467943961,459.84082305486595,449.1035225165034,0.0
0.796,4.55486461740157,-0.24946898861316458,-2.14760698070691,0.0,9.461879407274582,5.355150410890887,449.55629763369654,449.1035225165034,0.0
0.797,3.4875334498301065,-0.07337794313462354,2.990127978705861,0.0,9.05678339149489,5.778133424686674,445.7094391109886,449.1035225165034,0.0
0.798,2.90756494322025,-0.1489626173228611,4.947498074114968,0.0,8.744570503288237,6.335365120477154,447.01894436656596,449.1035225165034,0.0
0.799,2.741364279330041,-0.4284568342658386,4.313591227825675,0.0,8.549290590603144,6.7288312917838375,450.3211912049918,449.1035225165034,0.0
0.8,2.798776830675058,-0.8020033473979636,2.6502911217278693,0.0,8.45118046059233,6.878821524196619,452.37131108060174,449.1035225165034,0.0
0.801,2.9058714583448673,-1.1625538165694007,1.5925532982819175,0.0,8.413805453301414,6.89307727731874,451.82226501190667,449.1035225165034,0.0
0.802,2.984281684578834,-1.4535802776581581,1.8398889076754235,0.0,8.41000092807985,6.932400071058263,449.39010370493406,449.1035225165034,0.0
0.803,3.0485475850107884,-1.6726878261909832,3.053103749277418,0.0,8.431700700482116,7.092105262598782,446.3602539147776,449.1035225165034,0.0
0.804,3.152421136525702,-1.8431673795429944,4.5954613303729,0.0,8.483762690181601,7.384753666067642,443.8798816320251,449.1035225165034,0.0
0.805,3.3432623143769162,-1.985236231351134,5.887883880593939,0.0,8.5738060994234,7.760132538824437,441.6763579701099,449.1035225165034,0.0
0.806,3.6368090800180166,-2.101377545736977,7.063917357015473,0.0,8.703737911081063,8.193035589691888,439.8054931259005,449.1035225165034,0.0
0.807,4.0364189588848784,-2.186672607612712,8.092330073026197,0.0,8.872187890322174,8.655984961616374,437.8876455788583,449.1035225165034,0.0
0.808,4.535567018887805,-2.231148503094815,9.163412615923741,0.0,9.074127206715895,9.146109159019494,436.69348285323224,449.1035225165034,0.0
0.809,5.130220901575245,-2.229072549782145,9.884594375369495,0.0,9.304211897391342,9.615613589936142,437.4665935169712,449.1035225165034,0.0
0.81,5.798616559916833,-2.1699674064868253,9.61440833349533,0.0,9.551757755861553,9.956666781037352,440.88586442597034,449.1035225165034,0.0
0.811,6.47873773286971,-2.032044583403496,7.986949459901099,0.0,9.79407388848865,10.043921250757442,445.3238267768983,449.1035225165034,0.0
0.812,7.066712362919151,-1.7924235979458145,5.805765241833184,0.0,9.995904774655537,9.865150213940794,442.33384999953694,449.1035225165034,0.0
0.8130000000000001,7.47842380123343,-1.449266507514217,7.368450355683516,0.0,10.124324398431167,9.878738062212635,458.22094855714107,449.1035225165034,0.0
0.8140000000000001,7.841201761739626,-1.1190027479199451,-0.6662731835249276,0.0,10.208363402005366,8.968574186310885,466.65647966013574,449.1035225165034,0.0
0.8150000000000001,7.578932996604895,-0.942540716249415,-5.059568306458588,0.0,10.17687393174415,7.787392713995997,460.7386473586265,449.1035225165034,0.0
0.8160000000000001,6.84227515002833,-0.6833125801142352,-2.217003404125201,0.0,10.003664786619408,7.15620520784456,456.0791367625946,449.1035225165034,0.0
0.8170000000000001,6.008935943841,-0.4798653559671213,0.04299575142984047,0.0,9.764870892097163,6.875290530098351,455.7149316403606,449.1035225165034,0.0
0.8180000000000001,5.259577598234571,-0.4033887662544524,0.15898422130827505,0.0,9.515486966625604,6.6628426967604515,457.36974819648293,449.1035225165034,0.0
0.8190000000000001,4.60885046506016,-0.42762677766942314,-0.7510863135526913,0.0,9.27322759752018,6.409520011868815,458.0784864610602,449.1035225165034,0.0
0.8200000000000001,4.017701137425569,-0.5035804897656004,-1.195205085286898,0.0,9.037974425052564,6.17607045372171,456.39969177721866,449.1035225165034,0.0
0.8210000000000001,3.4844089349100003,-0.6021171039529447,-0.4287694359732783,0.0,8.812981104456647,6.083940292284758,452.81001271020324,449.1035225165034,0.0
0.8220000000000001,3.0577530179576167,-0.7299946049791335,1.3290051955974356,0.0,8.614355258747633,6.205813896751159,448.8767305352376,449.1035225165034,0.0
0.8230000000000001,2.800675694002478,-0.9116274109666251,3.2979142028929207,0.0,8.466480191704523,6.518651747152356,446.5494862406173,449.1035225165034,0.0
0.8240000000000001,2.7451063377446188,-1.1603951667794499,4.487076712961932,0.0,8.390224541485379,6.900078947792574,446.68187357427115,449.1035225165034,0.0
0.8250000000000001,2.8604532100218933,-1.453268592529961,4.445099535557321,0.0,8.3894655756266,7.205984899218574,447.30853546576054,449.1035225165034,0.0
0.8260000000000001,3.0649534694950344,-1.732888942773372,4.149718460320054,0.0,8.447202605765568,7.427810652594777,447.15723853576105,449.1035225165034,0.0
0.8270000000000001,3.2979154307556713,-1.9532748904215582,4.244829765127223,0.0,8.542794758967126,7.6230627747844775,445.61122915929883,449.1035225165034,0.0
0.8280000000000001,3.5428757845198975,-2.0955462668303255,5.05275738693038,0.0,8.661798900995983,7.871653806124179,442.6401290579308,449.1035225165034,0.0
0.8290000000000001,3.824262262703935,-2.168662321904919,6.6029413722001316,0.0,8.80038178425004,8.241224201631834,439.47469669408196,449.1035225165034,0.0
0.8300000000000001,4.191276977412972,-2.1971729924399477,8.281945812348757,0.0,8.964468431937565,8.71932674064163,436.6876719283588,449.1035225165034,0.0
0.8310000000000001,4.677491177006841,-2.19634142223173,9.799616701091791,0.0,9.159580089329062,9.266368029071208,435.56958478148516,449.1035225165034,0.0
0.8320000000000001,5.292786914699313,-2.1687987276409855,10.0,0.0,9.386863329121468,9.72226141923922,437.08314007710027,449.1035225165034,0.0
0.833,5.977074948253793,-2.0856700813134257,9.847545835427686,0.0,9.628138859801307,10.067401276963567,442.04597771242754,449.1035225165034,0.0
0.834,6.675725432569335,-1.933626889478243,7.436702465804808,0.0,9.863907358547008,10.068477800031504,445.62800145921534,449.1035225165034,0.0
0.835,7.24279037532717,-1.675053299436708,5.68044580298379,0.0,10.049283996738712,9.868553082592928,438.83453383172673,449.1035225165034,0.0
0.836,7.636728390576252,-1.3184549194323654,9.179869503575862,0.0,10.159490413467328,10.071995142160894,462.1153423720213,449.1035225165034,0.0
0.837,7.967381316372302,-1.1970941776244248,-2.590652965126604,0.0,10.269236696681046,8.903929487196667,460.94702093566247,449.1035225165034,0.0
0.838,7.634744851547513,-1.010952823883851,-2.1249272311387752,0.0,10.23193984458359,8.072476621864599,462.8965324066914,449.1035225165034,0.0
0.839,6.989398316517178,-0.8208708355716978,-3.237613065555119,0.0,10.096179785985738,7.26104841293541,465.0556229690612,449.1035225165034,0.0
0.84,6.128534551334669,-0.6413169667435494,-4.476679351265589,0.0,9.875002806666778,6.480258134775138,463.4309813788896,449.1035225165034,0.0
0.841,5.1342336141504115,-0.4741125210181316,-3.8076331448036695,0.0,9.58126754712217,5.9421793975053525,458.84121883916544,449.1035225165034,0.0
0.842,4.165659034420166,-0.3525152212624225,-1.610128838168201,0.0,9.251394281289176,5.760170214071855,453.53971851747787,449.1035225165034,0.0
0.843,3.384183831306294,-0.3276778238583946,0.9962593626658394,0.0,8.934791282979242,5.904378807969019,449.9552731716591,449.1035225165034,0.0
0.844,2.8864708630168017,-0.435035570951567,2.7799645290236716,0.0,8.67632717004431,6.219583603417203,448.1455452303118,449.1035225165034,0.0
0.845,2.669760349281833,-0.6630635591026955,3.6944082725592184,0.0,8.499239449173377,6.579034294980357,448.01292516221025,449.1035225165034,0.0
0.846,2.6712362170509936,-0.9722179546730325,3.771624280152937,0.0,8.407532273177077,6.881851018108097,449.00833834000616,449.1035225165034,0.0
0.847,2.800151803536791,-1.3046051357663153,3.2748695330199538,0.0,8.388748533057745,7.075634213227124,449.1570711275414,449.1035225165034,0.0
0.848,2.970012644318813,-1.6003505795899111,3.1999676531419405,0.0,8.420429613471912,7.2274935188858995,448.1791231023063,449.1035225165034,0.0
0.849,3.1492789678085926,-1.8303714072495119,3.6981856599014873,0.0,8.486473353014857,7.404867314386487,446.1411539205757,449.1035225165034,0.0
0.85,3.3468238081484825,-1.9909538518884484,4.746793936726066,0.0,8.579013958787256,7.661535565471933,443.1964599733396,449.1035225165034,0.0
0.851,3.5945876722188714,-2.094903427362192,6.278211535775749,0.0,8.697795957946678,8.034482328508943,440.35918679728417,449.1035225165034,0.0
0.852,3.9343023871734926,-2.161398587154045,7.78429148099565,0.0,8.848269405316229,8.497476253137584,437.8228543905632,449.1035225165034,0.0
0.853,4.3884162501754895,-2.197751146152683,9.165264365615547,0.0,9.033328730303621,9.019508970115638,436.21563201052805,449.1035225165034,0.0
0.854,4.962346232318306,-2.202742346558909,10.0,0.0,9.252270900944772,9.52726437942502,436.2454314408681,449.1035225165034,0.0
0.855,5.631108275915843,-2.1607881351336933,10.0,0.0,9.495429520191912,9.929966583549431,439.6117715119143,449.1035225165034,0.0
0.856,6.3363851054403595,-2.0504805930490737,8.617038430246822,0.0,9.74282821041173,10.093695825701552,445.00268882297735,449.1035225165034,0.0
0.857,6.975120586564367,-1.8437985319927663,5.9625881116505575,0.0,9.960228004529421,9.924423958683986,444.39487586203427,449.1035225165034,0.0
0.858,7.426118601944552,-1.5225084552113939,6.313581058666788,0.0,10.105685544698202,9.815750558257115,436.8094022098452,449.1035225165034,0.0
0.859,7.782623657953572,-1.1452462353581967,10.0,0.0,10.187444047391383,10.099780829959109,466.26327514662785,449.1035225165034,0.0
0.86,8.057335746983822,-1.1346408065728644,-4.673860088621222,0.0,10.29203575201759,8.685941846365315,479.4169756686883,449.1035225165034,0.0
0.861,7.578117365436642,-0.9818115327941404,-10.0,0.0,10.228079221993987,7.040270285088562,472.7244779827594,449.1035225165034,0.0
0.862,6.47095105614372,-0.6531901738119735,-8.412728695247953,0.0,9.97133113209482,5.897627579780388,459.18441491676367,449.1035225165034,0.0
0.863,5.146671666362986,-0.2905330101917787,-1.74350608625268,0.0,9.58938750624635,5.695915179738025,449.43614468636156,449.1035225165034,0.0
0.864,4.091762063459555,-0.1022936217457786,3.1273028072497953,0.0,9.208387241885639,6.048073671731942,447.026752952861,449.1035225165034,0.0
0.865,3.4837126083525143,-0.16126168991224998,4.3527663696365035,0.0,8.909071734543158,6.469345535050645,449.79795364298815,449.1035225165034,0.0
0.866,3.2320582154151754,-0.4080901350028985,2.960221713308077,0.0,8.708376412545103,6.674725602155278,453.38025633082765,449.1035225165034,0.0
0.867,3.1424166876726813,-0.725362685897534,1.126303031245084,0.0,8.580720325604824,6.659036546008296,454.3227071189613,449.1035225165034,0.0
0.868,3.070224003549227,-1.018789761564077,0.6028857911536698,0.0,8.493365194558242,6.599958857168712,452.0800424141139,449.1035225165034,0.0
0.869,2.9873753860088126,-1.2595681665961025,1.694452944601272,0.0,8.432389161529219,6.671751404476792,448.5897537493693,449.1035225165034,0.0
0.87,2.9487146587991555,-1.4699664001461616,3.444734964644904,0.0,8.405426008174095,6.915306638239143,446.2760411496395,449.1035225165034,0.0
0.871,3.0126904588622123,-1.676673058150008,4.629866078178441,0.0,8.42614844357564,7.237247690298966,444.8688738853105,449.1035225165034,0.0
0.872,3.1845889961748624,-1.8744054042538552,5.37579619665488,0.0,8.496676232134392,7.58099880148627,444.0050440030362,449.1035225165034,0.0
0.873,3.4466777532532458,-2.043692332585432,5.858695922926717,0.0,8.611170591611442,7.915976471210366,442.55026055463395,449.1035225165034,0.0
0.874,3.7759422890104104,-2.162564294991698,6.651620266746525,0.0,8.759096328694568,8.27770027910471,440.42909395317673,449.1035225165034,0.0
0.875,4.172666645685429,-2.225691463082602,7.7989478531084,0.0,8.934157141724748,8.69597403710286,437.9222475060399,449.1035225165034,0.0
0.876,4.652414357669178,-2.2379498955363357,9.16418382678144,0.0,9.134256405140734,9.17982417709317,436.35299875767475,449.1035225165034,0.0
0.877,5.232667426883903,-2.2072079536436657,10.0,0.0,9.359226558281417,9.654556288249577,437.2659259857274,449.1035225165034,0.0
0.878,5.8958174399839,-2.12676761631767,9.736699521062704,0.0,9.600631889536738,9.999847018440269,441.336779609823,449.1035225165034,0.0
0.879,6.576721896745645,-1.9754597326483383,7.7789401380817065,0.0,9.836586296855236,10.053760691286094,445.5983199481137,449.1035225165034,0.0
0.88,7.1529470919339735,-1.7235751435238984,5.683221994620238,0.0,10.028142404759462,9.858351308725135,440.53819904843107,449.1035225165034,0.0
0.881,7.5516683305981145,-1.3725377080560524,8.298935679142291,0.0,10.144906691606955,9.972227077641564,471.27673184136376,449.1035225165034,0.0
0.882,7.892579784368529,-1.1575544827977517,-7.292062810572656,0.0,10.24124434623761,8.311711680109132,459.1910163829513,449.1035225165034,0.0
0.883,7.320279963592874,-0.8616479390059659,-1.3500800200309166,0.0,10.131496808087444,7.702771774472774,451.0936471773638,449.1035225165034,0.0
0.884,6.617969201245897,-0.6194170052866081,2.67870333615425,0.0,9.948143695917445,7.599028632510398,454.8339279137748,449.1035225165034,0.0
0.885,6.036030601236653,-0.5470776939246564,0.7512589139760246,0.0,9.767216565855584,7.292007911903351,461.46527008797597,449.1035225165034,0.0
0.886,5.450386276237874,-0.5675067845241653,-2.688029648839284,0.0,9.57665066981877,6.697150742412689,464.2241885775083,449.1035225165034,0.0
0.887,4.745525185951569,-0.5775157592996528,-4.2186955542155,0.0,9.346552342755885,6.080420612985691,461.3226500942347,449.1035225165034,0.0
0.888,3.9550752789621475,-0.5536373947767592,-2.8901175883560066,0.0,9.075064125611311,5.743704777959387,454.97767539779056,449.1035225165034,0.0
0.889,3.23437720064635,-0.5471588081109571,0.2236282310531843,0.0,8.796579285790557,5.81411025474251,448.66912434108764,449.1035225165034,0.0
0.89,2.745872079371014,-0.6319187239668216,3.382247741158804,0.0,8.562371854240993,6.2124659703399026,445.0971566535456,449.1035225165034,0.0
0.891,2.5665682953517477,-0.8471781760190306,5.208295243559403,0.0,8.414251677973311,6.731682766414975,445.5541602738806,449.1035225165034,0.0
0.892,2.658302495424516,-1.1697441298866127,5.015287055818131,0.0,8.366194859344814,7.132790689732029,447.6335545681204,449.1035225165034,0.0
0.893,2.890779811971466,-1.5174214325008268,3.9902895881820513,0.0,8.398073358659758,7.3535073364725365,448.87319669201037,449.1035225165034,0.0
0.894,3.145341816456343,-1.8092078773664306,3.3727717844820067,0.0,8.477455408626335,7.471986137411977,448.1016385667629,449.1035225165034,0.0
0.895,3.371831228217954,-2.005604724042901,3.7685696866031373,0.0,8.579432922375954,7.613899995275525,445.0113989062328,449.1035225165034,0.0
0.896,3.5910469252760038,-2.110564380173098,5.354610752970909,0.0,8.694985664244522,7.900477924448155,441.52405569977424,449.1035225165034,0.0
0.897,3.871442129205424,-2.1606864234557612,7.174077024367474,0.0,8.832104753043287,8.325582898618668,438.2869409098153,449.1035225165034,0.0
0.898,4.263973378910693,-2.1811766303146305,8.900800235413817,0.0,8.999775132700877,8.853259689324855,435.9697593042061,449.1035225165034,0.0
0.899,4.793156141484388,-2.181601946236401,10.0,0.0,9.203288036146134,9.39429578953414,435.4082456353641,449.1035225165034,0.0
0.9,5.441173655834105,-2.1492670292622544,10.0,0.0,9.436992165241417,9.824597473468431,437.82310542522265,449.1035225165034,0.0
0.901,6.1416689316483435,-2.054803535278566,9.497905502147155,0.0,9.680288414652136,10.109434701958937,443.3878255911888,449.1035225165034,0.0
0.902,6.829039567958705,-1.882272638931111,6.772702388417226,0.0,9.909704998312455,10.026760617773709,445.6840747163293,449.1035225165034,0.0
0.903,7.35181769237362,-1.598859707702272,5.658772303848721,0.0,10.07846240171652,9.829383434885257,434.28320821990457,449.1035225165034,0.0
0.904,7.718237497255173,-1.2284730977119902,10.0,0.0,10.172697948704691,10.122215660755566,449.82331946497646,449.1035225165034,0.0
0.905,8.032521230122502,-1.1767391205075821,3.700006929105852,0.0,10.284806292188492,9.627869691411195,470.89273507326817,449.1035225165034,0.0
0.906,7.993788996758099,-1.1547627240096716,-7.052593000607649,0.0,10.334369140546748,8.08178647478886,481.40745069653906,449.1035225165034,0.0
0.907,7.227544141307259,-0.962857578294364,-10.0,0.0,10.203477580343245,6.5624787057945095,475.6521477768429,449.1035225165034,0.0
0.908,5.967040460053154,-0.6275504409344776,-9.968165084917908,0.0,9.898779665608219,5.345981424715637,461.22896021419814,449.1035225165034,0.0
0.909,4.50246317748913,-0.23835913956988586,-2.8778256805724634,0.0,9.463443842462304,5.148781529867831,448.79880806750793,449.1035225165034,0.0
0.91,3.3558979596638845,-0.021768972034650336,3.3402975372625936,0.0,9.031988606730968,5.652334603243753,443.4548444757588,449.1035225165034,0.0
0.911,2.756750127929783,-0.08423158250275686,6.068766113544598,0.0,8.703070990737203,6.354777766234117,445.19779499504006,449.1035225165034,0.0
0.912,2.641162535634406,-0.3895353587487116,5.236348129118612,0.0,8.510248241924225,6.841957344111541,449.84177262308884,449.1035225165034,0.0
0.913,2.7767494155135384,-0.8051372723283702,2.906976814028364,0.0,8.428088898511591,6.9971595917946,453.2005431060527,449.1035225165034,0.0
0.914,2.9426827188140336,-1.1977364707378233,1.1866213666509466,0.0,8.408695606897773,6.945783499743211,452.89609221244353,449.1035225165034,0.0
0.915,3.035508607139356,-1.4943034869026153,1.3009211164961245,0.0,8.414800415034222,6.918830700009542,449.84892799954366,449.1035225165034,0.0
0.916,3.081559972147112,-1.698921320669336,2.817049168115658,0.0,8.437141753936354,7.05667735797498,446.1114560218629,449.1035225165034,0.0
0.917,3.162407659955739,-1.851780316164684,4.715705821902433,0.0,8.485801935911638,7.368231703425568,443.3908650132405,449.1035225165034,0.0
0.918,3.344193388339926,-1.9846774915420968,6.133127901246272,0.0,8.573841633571012,7.771238541474407,441.21813870986045,449.1035225165034,0.0
0.919,3.643030882236724,-2.0999065301718813,7.298344891002724,0.0,8.70472426776484,8.225694046519264,439.527407582733,449.1035225165034,0.0
0.92,4.055952634834107,-2.18874315827644,8.239471603904146,0.0,8.87658392774897,8.697231015153868,437.8396590020972,449.1035225165034,0.0
0.921,4.568861110302325,-2.2366178255115083,9.195984529366108,0.0,9.082789165712962,9.182314692819691,436.7943342374366,449.1035225165034,0.0
0.922,5.171901846263316,-2.2344831333918025,9.841738794487085,0.0,9.316168684841616,9.639772970222994,437.68887327082905,449.1035225165034,0.0
0.923,5.841707573790536,-2.171583222405153,9.508615770247605,0.0,9.565058436510403,9.964074073812894,441.21524400637486,449.1035225165034,0.0
0.924,6.515897974941091,-2.0271330113036146,7.824313187575984,0.0,9.806228799259998,10.031429101507918,445.4239752249635,449.1035225165034,0.0
0.925,7.091041862537125,-1.7795181447085546,5.756743051197064,0.0,10.004224495289698,9.84905204990937,441.7690407904069,449.1035225165034,0.0
0.926,7.492273831606642,-1.4308604370088787,7.657555085736326,0.0,10.128306717375555,9.89609322051507,462.92167878102504,449.1035225165034,0.0
0.927,7.852407107309742,-1.1211196951035556,-3.0569454722179565,0.0,10.214099929780806,8.717632973911774,465.22827600963416,449.1035225165034,0.0
0.928,7.473613690432273,-0.9026713059345046,-4.371491621453824,0.0,10.152535880895664,7.6734116109864825,456.9082640925654,449.1035225165034,0.0
0.929,6.71724230044757,-0.6352164329704384,-0.28953307868005984,0.0,9.965470548472148,7.2690297993922215,454.0116656197145,449.1035225165034,0.0
0.93,5.970054082380429,-0.4738339453302367,1.1096847267132706,0.0,9.741596043220776,7.074100998968102,456.4128967751634,449.1035225165034,0.0
0.931,5.319666988634156,-0.44850122381273283,-0.16402459359777843,0.0,9.519443333961606,6.786248122904528,459.5998986560338,449.1035225165034,0.0
0.932,4.705471404451293,-0.49432207199844624,-1.8624892954282881,0.0,9.2960142285376,6.391928882845804,459.965887719836,449.1035225165034,0.0
0.933,4.077525282553108,-0.5527665720070478,-2.154107479362716,0.0,9.061466796169213,6.062537420603037,456.9367831190849,449.1035225165034,0.0
0.934,3.4750119790712843,-0.6139378464185377,-0.7178877850129752,0.0,8.823579355998564,5.963527711729546,452.00995878416427,449.1035225165034,0.0
0.935,2.9954252999941984,-0.710789972546074,1.7164600197707354,0.0,8.609621710087545,6.15077569297271,447.55944028885307,449.1035225165034,0.0
0.936,2.7287841194199425,-0.884691734390361,3.9571600897028394,0.0,8.453945299433542,6.544571304217545,445.68111330007997,449.1035225165034,0.0
0.937,2.701657206847143,-1.1475209298798275,4.930547676253623,0.0,8.380388284854817,6.96840289567103,446.5010939651754,449.1035225165034,0.0
0.9380000000000001,2.856166717209085,-1.4609368587681688,4.5465816292191805,0.0,8.38841759110214,7.2732581702164545,447.7330798670978,449.1035225165034,0.0
0.9390000000000001,3.089028169443287,-1.7539465329882589,3.9442931047520506,0.0,8.455226399054599,7.461949106068886,447.698535681796,449.1035225165034,0.0
0.9400000000000001,3.3286938412784792,-1.9742101377105816,3.9756150657500235,0.0,8.555522319574312,7.623885520706239,445.9012180070398,449.1035225165034,0.0
0.9410000000000001,3.5646944415085633,-2.106358053959444,4.906296948222753,0.0,8.674315924245933,7.858156264086892,442.5657923432289,449.1035225165034,0.0
0.9420000000000001,3.833878075968361,-2.1672866874345997,6.639387081860946,0.0,8.81003791330824,8.234962195683838,439.16337440710197,449.1035225165034,0.0
0.9430000000000001,4.195651629082297,-2.187866979612966,8.439997531018427,0.0,8.97152284242888,8.731292726600326,436.3444595001961,449.1035225165034,0.0
0.9440000000000001,4.686598121239529,-2.1849953572865477,9.977045614634445,0.0,9.165970650351415,9.294821503437262,435.3826127247199,449.1035225165034,0.0
0.9450000000000001,5.31335052223475,-2.159167001870278,10.0,0.0,9.394514152292867,9.744563385748908,437.0952278670596,449.1035225165034,0.0
0.9460000000000001,6.004335113289915,-2.0756292895786537,9.847049913609164,0.0,9.636246627473417,10.085390595660764,442.2893796488469,449.1035225165034,0.0
0.9470000000000001,6.706607109598066,-1.9227368183233753,7.31811545139208,0.0,9.87190578141194,10.06931496843618,445.64926948791657,449.1035225165034,0.0
0.9480000000000001,7.26921513512999,-1.6610943609975473,5.672713062143101,0.0,10.05513971164086,9.86784373828726,437.9808599876146,449.1035225165034,0.0
0.9490000000000001,7.660022371557294,-1.3024806046403676,9.618144437582963,0.0,10.163072037205962,10.117931783615308,458.27771011845095,449.1035225165034,0.0
0.9500000000000001,7.998262760278048,-1.2070385799581094,-0.6220225038546796,0.0,10.278307449595886,9.15463320925952,462.69685420723687,449.1035225165034,0.0
0.9510000000000001,7.767154347149418,-1.0681285805702503,-2.967527865154971,0.0,10.271363783625393,8.172388442581,468.0875190368136,449.1035225165034,0.0
0.9520000000000001,7.1219404049580195,-0.8890539504212804,-5.8527002451464405,0.0,10.148580898261596,7.062422327296995,468.369596280579,449.1035225165034,0.0
0.9530000000000001,6.128037681534393,-0.6546511446414345,-6.186399604669896,0.0,9.903086127571479,6.146196489412027,463.093747679597,449.1035225165034,0.0
0.9540000000000001,4.979763609003964,-0.41446349270178273,-3.688377555809838,0.0,9.566441636506315,5.691534297960496,456.1549623496867,449.1035225165034,0.0
0.9550000000000001,3.939456050427589,-0.25598428201552703,-0.2894992891865056,0.0,9.202964538746421,5.700521356105666,450.62339586497194,449.1035225165034,0.0
0.9560000000000001,3.193125969576793,-0.24753073600961845,2.461085219686181,0.0,8.877388758623253,6.012530745277915,448.43141364202415,449.1035225165034,0.0
0.9570000000000001,2.7963652329745523,-0.4073310145488909,3.563797419904867,0.0,8.633234061529002,6.390754494673692,448.4680169750074,449.1035225165034,0.0
0.9580000000000001,2.680931032886256,-0.6897033257978886,3.551850808828203,0.0,8.48078016053575,6.703129304843532,449.4316997097782,449.1035225165034,0.0
0.9590000000000001,2.7352269849994872,-1.0265132048961312,3.06672766951007,0.0,8.409034494247123,6.908650267949498,450.2241550957434,449.1035225165034,0.0
0.96,2.8600232419661817,-1.3530504370493621,2.6592936507350498,0.0,8.397566487643827,7.03329342869873,449.55353664388144,449.1035225165034,0.0
0.961,2.9967550849086106,-1.6247729396130626,2.990102735392254,0.0,8.426333700736263,7.170996272058752,447.7029315583558,449.1035225165034,0.0
0.962,3.1455251705844995,-1.8319458788296488,3.9294111877365663,0.0,8.486066275143644,7.382824000308393,445.3801932409729,449.1035225165034,0.0
0.963,3.3353488511307714,-1.9834890473860571,5.128013639183299,0.0,8.575606384084287,7.682502494306178,442.5846997910205,449.1035225165034,0.0
0.964,3.5960739144981795,-2.0904664510703914,6.59094859141433,0.0,8.696412414250359,8.083322449864239,440.0761765959299,449.1035225165034,0.0
0.965,3.9575096515817676,-2.164799975330715,7.935483648165373,0.0,8.852326750587423,8.552259839157886,437.7779911098995,449.1035225165034,0.0
0.966,4.430518269147645,-2.2066962351025445,9.197831705246601,0.0,9.043408645552443,9.066891268305888,436.3736850435485,449.1035225165034,0.0
0.967,5.0155555808797985,-2.212277695283195,10.0,0.0,9.26704049195791,9.565158757772778,436.5818677738143,449.1035225165034,0.0
0.968,5.688823472047952,-2.1669938077588977,10.0,0.0,9.513098860440042,9.959731905074811,440.2277003279339,449.1035225165034,0.0
0.969,6.3941190906503795,-2.0516972696007416,8.312747325344851,0.0,9.761778926482013,10.08300594114821,445.44243191112827,449.1035225165034,0.0
0.97,7.015338506170032,-1.8336920946023167,5.741992439801427,0.0,9.975090785658878,9.891628890034095,443.8885968648835,449.1035225165034,0.0
0.971,7.444215116161412,-1.5010371780311167,6.571059219440018,0.0,10.1135217647338,9.816661391620903,441.39988830569024,449.1035225165034,0.0
0.972,7.799880951605371,-1.1237361394570735,7.892449841144771,0.0,10.192436330982478,9.865261565748746,471.3132401831027,449.1035225165034,0.0
0.973,7.957988996314317,-1.089146140291449,-7.286323274227462,0.0,10.268287568496593,8.220179003617126,475.1945423207784,449.1035225165034,0.0
0.974,7.300462670364938,-0.8659236149386027,-9.48788454110805,0.0,10.14783684824898,6.730714789548463,464.2532572415033,449.1035225165034,0.0
0.975,6.142003994163079,-0.5112421469461643,-4.168739348720511,0.0,9.853702042393621,6.10612869981605,453.4884940900225,449.1035225165034,0.0
0.976,5.011238798592521,-0.24159143527011695,1.1697925112846943,0.0,9.500407344546113,6.161434375898783,449.1759891175695,449.1035225165034,0.0
0.977,4.20922131836351,-0.18034245742186172,3.325320331500554,0.0,9.183931803645082,6.436517027081667,450.7541883541436,449.1035225165034,0.0
0.978,3.7465538887384806,-0.31669488356678,2.5197140548370984,0.0,8.942223338606873,6.585145132877488,454.16210505380917,449.1035225165034,0.0
0.979,3.476226407322341,-0.5555503544350893,0.765169879631252,0.0,8.764459108186125,6.53490513374342,455.5622118092871,449.1035225165034,0.0
0.98,3.2582167385852108,-0.8024605571508634,0.0005296089644621915,0.0,8.624218868484094,6.42662551220632,453.6377971143534,449.1035225165034,0.0
0.981,3.0509692579382697,-1.0181898047676248,0.9173942104527919,0.0,8.508435805809249,6.444268463906902,449.81100128697506,449.1035225165034,0.0
0.982,2.902542734719602,-1.2191606345931933,2.823717336437256,0.0,8.42594484337659,6.663350154760935,446.7580156277649,449.1035225165034,0.0
0.983,2.8793979319660066,-1.4370330781656897,4.373665234929717,0.0,8.395567406767318,7.004767280931331,445.59753209667673,449.1035225165034,0.0
0.984,2.9968566223739583,-1.6737764205711867,4.988966904672072,0.0,8.426232469664889,7.348036751538082,445.38919387363836,449.1035225165034,0.0
0.985,3.217246878169499,-1.8976270632627634,5.130279302619906,0.0,8.510414110605405,7.646368787217329,445.2193528408112,449.1035225165034,0.0
0.986,3.4955979914397095,-2.073018929264638,5.254041515790403,0.0,8.633065389853076,7.907071782990209,443.23263027806286,449.1035225165034,0.0
0.987,3.8060185554347568,-2.175794829129143,6.306111719548986,0.0,8.77907327107835,8.237096956485551,440.4455375138733,449.1035225165034,0.0
0.988,4.176025491381051,-2.2185105394216653,7.786237951670056,0.0,8.947153850664161,8.66341702693548,437.46538691395557,449.1035225165034,0.0
0.989,4.640432362783339,-2.2176546793081937,9.392694607654409,0.0,9.14053707762098,9.178437431641276,435.8329757096089,449.1035225165034,0.0
0.99,5.2237736190154545,-2.184817800116551,10.0,0.0,9.362480524242745,9.652509675698836,436.7622672446509,449.1035225165034,0.0
0.991,5.890225577960829,-2.1032906927973998,9.99354034953628,0.0,9.600997237594903,10.027109121616679,441.16397899347413,449.1035225165034,0.0
0.992,6.587194454796817,-1.958090332376495,7.872079910354957,0.0,9.837965455630522,10.084802185610146,445.7133557353791,449.1035225165034,0.0
0.993,7.177523410653325,-1.7121734680590854,5.631293207213725,0.0,10.031407306791218,9.877184335678244,440.4501367079412,449.1035225165034,0.0
0.994,7.581770659079632,-1.3636059322634495,8.349436579018274,0.0,10.148859927548306,9.992512186017187,470.3948989932675,449.1035225165034,0.0
0.995,7.913410642368189,-1.1745546657908896,-6.83585832841249,0.0,10.248790107309562,8.37805071418504,458.3430688695761,449.1035225165034,0.0
0.996,7.365724795504119,-0.8871594412736432,-0.9023387300975227,0.0,10.147558159879297,7.803130355389117,452.61268661435054,449.1035225165034,0.0
0.997,6.6923125201087945,-0.6611225772759366,1.927760756536781,0.0,9.976967268517898,7.59615307710123,457.12482274345854,449.1035225165034,0.0
0.998,6.082538323514708,-0.581558518857548,-0.4085203102867707,0.0,9.796246060677802,7.167863564160456,462.7200991675354,449.1035225165034,0.0
0.999,5.4227958046404625,-0.5698060094482946,-3.3423242888355267,0.0,9.590270886876805,6.531449189867846,463.8243340070775,449.1035225165034,0.0
1.0,4.647075597361817,-0.545318065157669,-4.041649823512304,0.0,9.338675644248772,5.96922276420735,460.00862716725624,449.1035225165034,0.0
1.0010000000000001,3.8309112485948793,-0.5073848657762154,-2.2428474501092093,0.0,9.052089510828436,5.724941849562783,453.37341579437606,449.1035225165034,0.0
1.002,3.1341090685642783,-0.5111325657989484,1.0320593035521535,0.0,8.770525478281987,5.8871687285250545,448.0016104737173,449.1035225165034,0.0
1.0030000000000001,2.7032994753277713,-0.6263090066765022,3.728981084309405,0.0,8.545972468382724,6.30934987813885,445.46619658508166,449.1035225165034,0.0
1.004,2.5764359947860083,-0.8695136702286258,5.033061287941431,0.0,8.411693623016717,6.792984103320519,446.46269565177255,449.1035225165034,0.0
1.0050000000000001,2.6908460402826275,-1.2026439881157769,4.561220023243295,0.0,8.373418373037548,7.136029940484256,448.2483431735691,449.1035225165034,0.0
1.006,2.914904420542734,-1.5417576130546387,3.6769480557743712,0.0,8.407246427337073,7.324889843785458,448.9546357516623,449.1035225165034,0.0
1.0070000000000001,3.149844130056179,-1.8174555242142585,3.3252906343761763,0.0,8.483513300514934,7.444804181263503,447.3035052848368,449.1035225165034,0.0
1.008,3.36365230545358,-1.9999181651517617,4.168856040105602,0.0,8.581458831514343,7.63549303895717,444.5412033747355,449.1035225165034,0.0
1.0090000000000001,3.5937048128757962,-2.106927815390187,5.595630186573911,0.0,8.698625130300028,7.942249371973158,441.2702309343778,449.1035225165034,0.0
1.01,3.89116274613714,-2.1622663746139414,7.3094493225740145,0.0,8.839767577520973,8.373879217476922,438.2448052718948,449.1035225165034,0.0
1.0110000000000001,4.299562864916251,-2.1866107337643497,8.930749326261616,0.0,9.012083258484507,8.895715698464947,436.0977011136101,449.1035225165034,0.0
1.012,4.8385087843333245,-2.186868011941966,10.0,0.0,9.219135876458523,9.428804623576786,435.6891915373555,449.1035225165034,0.0
1.0130000000000001,5.490934484423055,-2.1511363108947634,10.0,0.0,9.454859065249357,9.852220043421758,438.3630844126548,449.1035225165034,0.0
1.014,6.192187698093043,-2.051958025756651,9.231127057852584,0.0,9.698799182790877,10.101676620022294,443.8884835660639,449.1035225165034,0.0
1.0150000000000001,6.86494823649935,-1.8694877836466162,6.520577870652445,0.0,9.924211002457582,9.993118742458396,445.3213838111795,449.1035225165034,0.0
1.016,7.366318431965202,-1.574956108949018,5.841949135147882,0.0,10.085652070605589,9.821991049466881,432.76007085511065,449.1035225165034,0.0
1.0170000000000001,7.73019406511005,-1.2019336434321675,10.0,0.0,10.175749108179765,10.113279497386818,452.9175677748844,449.1035225165034,0.0
1.018,8.03788573515646,-1.1553554401615354,2.123430414729623,0.0,10.28457190908392,9.446238313870264,475.90290228461066,449.1035225165034,0.0
1.0190000000000001,7.911517644895255,-1.116595009277027,-9.637230637814586,0.0,10.312010446181413,7.658853915497813,479.4565127509681,449.1035225165034,0.0
1.02,6.982473565985068,-0.8576332411631207,-10.0,0.0,10.129868499548223,6.231584959134914,469.7003902012054,449.1035225165034,0.0
1.0210000000000001,5.651388805034331,-0.4888888319271594,-7.0111218598368525,0.0,9.785241584607249,5.398361875700266,456.1991519692376,449.1035225165034,0.0
1.022,4.308049060594976,-0.15888997431896335,-0.3314590383803142,0.0,9.359142622572367,5.4533290623523945,447.0334931296385,449.1035225165034,0.0
1.0230000000000001,3.361751528054626,-0.04336042531638318,4.2720706752879005,0.0,8.971742013591982,5.9904406055598045,445.2839549553481,449.1035225165034,0.0
1.024,2.9200618611222575,-0.189741562861303,5.185035438044636,0.0,8.694049840450344,6.52861464835215,448.30179513629514,449.1035225165034,0.0
1.025,2.844084929301289,-0.515996933529938,3.684132621373209,0.0,8.532368568300203,6.814913677920656,452.0073667910447,449.1035225165034,0.0
1.026,2.9178268933974936,-0.8956971136079767,1.8023083512530076,0.0,8.453989792423828,6.855551650401999,453.2116822121074,449.1035225165034,0.0
1.027,2.987148547677147,-1.2304588978579885,1.1590690437656237,0.0,8.420539485849943,6.8254619045953575,451.4403533495147,449.1035225165034,0.0
1.028,3.0171642642986494,-1.4881476788558932,2.021365166731873,0.0,8.412423383420057,6.8937125570275875,448.42765197697156,449.1035225165034,0.0
1.029,3.0570608713632863,-1.6876389310173656,3.534474558398751,0.0,8.431311106404157,7.108057136216402,445.5208353605479,449.1035225165034,0.0
1.03,3.1655420397255685,-1.8554878668408223,5.02370973817014,0.0,8.486212985427699,7.440006843193723,443.4447286084762,449.1035225165034,0.0
1.031,3.376049069473238,-2.0033404422788443,6.118351053286245,0.0,8.583404941186565,7.827698998652107,441.7214812406731,449.1035225165034,0.0
1.032,3.6891509223798202,-2.124176612718152,7.053795149946119,0.0,8.721460369909327,8.245957438099717,439.99168817381855,449.1035225165034,0.0
1.033,4.097160730635185,-2.2065068245846984,8.009810026800238,0.0,8.895384061305503,8.690252711583168,438.02451917371565,449.1035225165034,0.0
1.034,4.595016812286475,-2.2418797798757097,9.104184560279565,0.0,9.099412633873749,9.167647805872992,436.7234508648819,449.1035225165034,0.0
1.035,5.184088962034102,-2.2282733180619667,9.878519431212656,0.0,9.328927418261733,9.632119962802777,437.53061959636455,449.1035225165034,0.0
1.036,5.847220411244364,-2.1586141684809474,9.59066409467272,0.0,9.574411498068123,9.966635208834006,441.1353594375562,449.1035225165034,0.0
1.037,6.521590043633848,-2.011927815333503,7.867975804866369,0.0,9.813359787146586,10.038080834658713,445.4099975177824,449.1035225165034,0.0
1.038,7.099235991201212,-1.7644216503238508,5.767592014740466,0.0,10.009798995280086,9.85566403488449,441.5974467915025,449.1035225165034,0.0
1.039,7.502937408769437,-1.4166423851175431,7.748928135130445,0.0,10.13257194510022,9.91145295058837,466.5340212241149,449.1035225165034,0.0
1.04,7.858920748599006,-1.1270878251322727,-4.893664068251879,0.0,10.220273282562411,8.52832061292235,463.38304405884645,449.1035225165034,0.0
1.041,7.393069225739467,-0.8744156366468365,-3.460970701041087,0.0,10.135992857378234,7.631097336109002,453.8267135423835,449.1035225165034,0.0
1.042,6.641444321307719,-0.6075193073695297,1.2699626469315795,0.0,9.943586272695491,7.399264303322356,453.0356954042968,449.1035225165034,0.0
1.043,5.973084306727355,-0.48403982719186356,1.6261499870970022,0.0,9.736323263675585,7.22924854184409,457.6707456056238,449.1035225165034,0.0
1.044,5.388939597618688,-0.4938826043322919,-0.77704734445769,0.0,9.535102479697073,6.845166793595145,461.63697076349985,449.1035225165034,0.0
1.045,4.778723345517497,-0.5446757054884226,-2.885494405865688,0.0,9.321084412647279,6.332756278973949,461.25495774775214,449.1035225165034,0.0
1.046,4.101115403447596,-0.5785733291519357,-2.816002250304324,0.0,9.080447908431777,5.947348327942402,456.9387073019233,449.1035225165034,0.0
1.047,3.4381732388666006,-0.6068956473010567,-0.7362288752440875,0.0,8.828110738294432,5.870645229976681,451.0519726346824,449.1035225165034,0.0
1.048,2.9251081732633044,-0.6837399707507288,2.1876539571945663,0.0,8.601506627772231,6.127015838182005,446.4559645885612,449.1035225165034,0.0
1.049,2.66483837784845,-0.8594645470183643,4.512133559534588,0.0,8.44176124927772,6.585041929287188,445.1899582698561,449.1035225165034,0.0
1.05,2.670587973391107,-1.139485509326181,5.184272361353601,0.0,8.372838077834363,7.028746192145256,446.62325057628874,449.1035225165034,0.0
1.051,2.857964317426769,-1.4700425059842792,4.4924289275394305,0.0,8.388738709830463,7.3178096439469345,448.1525624488574,449.1035225165034,0.0
1.052,3.1083104155472254,-1.7705748199764426,3.7372825919315633,0.0,8.461708608379672,7.477744843836437,448.06755644946037,449.1035225165034,0.0
1.053,3.3486626880830292,-1.9878505878800987,3.7901452523005066,0.0,8.564270048392396,7.618414580590839,445.8757422486314,449.1035225165034,0.0
1.054,3.5764130585190665,-2.111265330941193,4.918330155393706,0.0,8.682045182136974,7.856196182385032,442.3847247446478,449.1035225165034,0.0
1.055,3.8412858389292426,-2.1657910427873075,6.731026885104054,0.0,8.816584643558965,8.243233426470708,438.92435276664645,449.1035225165034,0.0
1.056,4.204708881873124,-2.183427615090992,8.563004571603312,0.0,8.977768649082279,8.751083663588105,436.17237206808574,449.1035225165034,0.0
1.057,4.702351985853154,-2.1804364626246566,10.0,0.0,9.173113885270661,9.312910486796373,435.28490588460124,449.1035225165034,0.0
1.058,5.33402534317183,-2.153514435896666,10.0,0.0,9.402175768745627,9.759211558753433,437.1366575737045,449.1035225165034,0.0
1.059,6.027769963467248,-2.068171004656539,9.829675168699683,0.0,9.643843013899655,10.095057805759936,442.4735127632062,449.1035225165034,0.0
1.06,6.7303295161698475,-1.913276013045473,7.227547671481803,0.0,9.878743144474122,10.0666112716059,445.6059054980394,449.1035225165034,0.0
1.061,7.288061181907097,-1.6485753560305743,5.696327474249834,0.0,10.059740486220203,9.867761569497302,437.25472967609477,449.1035225165034,0.0
1.062,7.677195756473952,-1.2886386736750302,9.990403313626246,0.0,10.165807095091864,10.15732962953292,456.2225207340628,449.1035225165034,0.0
1.063,8.024384265182157,-1.2122690954111202,0.43531780246663043,0.0,10.28542256229444,9.300247989618585,464.5736647093156,449.1035225165034,0.0
1.064,7.848786456695427,-1.1030697135198695,-3.89495560708789,0.0,10.29612008255993,8.182844484497158,471.5238615006905,449.1035225165034,0.0
1.065,7.1804217689834084,-0.9222929286780923,-7.5942573926172,0.0,10.17521404777304,6.886394757165202,469.90470536242697,449.1035225165034,0.0
1.066,6.0876513791577915,-0.6463420592428673,-6.992691151944676,0.0,9.908206815942192,5.92418579942072,462.22515072900956,449.1035225165034,0.0
1.067,4.849423277731137,-0.36331655438693455,-3.2841301173610327,0.0,9.543306114680181,5.558700452923754,454.1162068929565,449.1035225165034,0.0
1.068,3.78544508086471,-0.19222565097137212,0.7202149569009726,0.0,9.16235720456752,5.701321239414307,448.8441991305551,449.1035225165034,0.0
1.069,3.0826250025091353,-0.205204976223189,3.3588120719611343,0.0,8.836903898927037,6.108457714808985,447.7697692121425,449.1035225165034,0.0
1.07,2.7600585851031676,-0.4036621465518213,3.9093645642110673,0.0,8.6064100668737,6.50496412022814,448.9679527019715,449.1035225165034,0.0
1.071,2.7064253328633,-0.7189547798457802,3.3116285174418687,0.0,8.471313876526658,6.7701880054052594,450.4291123245979,449.1035225165034,0.0
1.072,2.784683553713567,-1.0675156591908066,2.5677928080477326,0.0,8.411438464127052,6.910390578648374,450.8690075201787,449.1035225165034,0.0
1.073,2.8982076070423908,-1.3848367591092017,2.330190360220585,0.0,8.402990562489288,7.000182377502501,449.6568035223792,449.1035225165034,0.0
1.074,3.0113474564433287,-1.6393417347920296,2.9307595490615586,0.0,8.429188967226642,7.137278698657404,447.2985941177463,449.1035225165034,0.0
1.075,3.1424079332188235,-1.83259374733866,4.127913535365595,0.0,8.485189835229049,7.375681220824288,444.81886272062025,449.1035225165034,0.0
1.076,3.33079325292681,-1.9794201318204157,5.410625831887449,0.0,8.573649250815434,7.705558609928969,442.1998877527642,449.1035225165034,0.0
1.077,3.603157864585942,-2.0900911582476485,6.789149663452865,0.0,8.696956012815821,8.122028446103368,439.93915339205836,449.1035225165034,0.0
1.078,3.9800115602303965,-2.1699185651491315,8.011160535050236,0.0,8.857253386728503,8.591087672016126,437.79731475551694,449.1035225165034,0.0
1.079,4.464665644865827,-2.2145640747516424,9.195141930930811,0.0,9.052539677828458,9.097745145206318,436.5109457640083,449.1035225165034,0.0
1.08,5.055132661970104,-2.2189964548652803,9.96425219421009,0.0,9.279004193853906,9.585922984154278,436.81157634649446,449.1035225165034,0.0
1.081,5.7283970389335375,-2.1695282242435683,9.93685636466709,0.0,9.526154213002082,9.969070435632533,440.5962368336886,449.1035225165034,0.0
1.082,6.42893899679181,-2.048493568673373,8.12959897789818,0.0,9.774084845576764,10.06976681803385,445.6140419567563,449.1035225165034,0.0
1.083,7.036994250001954,-1.8224003549007985,5.655591221961792,0.0,9.983632146174832,9.871237687892663,443.41059523249453,449.1035225165034,0.0
1.084,7.453530104568986,-1.4834441336314637,6.814243856932764,0.0,10.117347551497065,9.825969676761295,446.5635264950929,449.1035225165034,0.0
1.085,7.806667562244199,-1.1201636121062966,5.263178185847684,0.0,10.196593320018865,9.581716495307615,468.5968183700148,449.1035225165034,0.0
1.086,7.832514696565638,-1.0432645799556206,-5.948400710148366,0.0,10.238663105221796,8.152738376804168,470.31273709274086,449.1035225165034,0.0
1.087,7.182558371508432,-0.8214595412336587,-7.018452217273785,0.0,10.109998536116178,6.937028838947024,462.49024643524325,449.1035225165034,0.0
1.088,6.150214365995403,-0.525375067553673,-3.2410741277123782,0.0,9.84227822841783,6.3632941802439085,455.3513431657142,449.1035225165034,0.0
1.089,5.130362993425651,-0.3128368330049127,0.2658993005600472,0.0,9.523538124555442,6.270014463783161,452.4176666155072,449.1035225165034,0.0
1.09,4.3405503748721666,-0.2615226043674804,1.699596134673508,0.0,9.223824876628589,6.3535065003671924,452.96351027854115,449.1035225165034,0.0
1.091,3.800905867212716,-0.360299118602217,1.388074425536149,0.0,8.973810716005017,6.401536421810894,454.26228406065866,449.1035225165034,0.0
1.092,3.4306232926439217,-0.5457313758720306,0.6870999190358429,0.0,8.773010746745507,6.381104594550185,454.05467804036556,449.1035225165034,0.0
1.093,3.1539833546245437,-0.758767721514694,0.7413913739437712,0.0,8.61182726713387,6.3823453256309115,451.8643316026412,449.1035225165034,0.0
1.094,2.9527755574089887,-0.97579161072745,1.808956501944579,0.0,8.488628472948447,6.503599343486931,448.9273376105058,449.1035225165034,0.0
1.095,2.8542760582399618,-1.2035017010264173,3.279215347072255,0.0,8.412752831007927,6.7602837687592805,447.1388377081447,449.1035225165034,0.0
1.096,2.884123233589311,-1.4500948862843468,4.193112146336382,0.0,8.394981345264073,7.065270062497999,446.39066779378237,449.1035225165034,0.0
1.097,3.0251342144792903,-1.6974883711636681,4.594325650744761,0.0,8.434232988952628,7.357762359636335,445.9726231948148,449.1035225165034,0.0
1.098,3.2414009742781698,-1.914749654085915,4.834656943445439,0.0,8.520233504258814,7.624975664813712,445.2589562813285,449.1035225165034,0.0
1.099,3.503933096347108,-2.0760340722393456,5.229936062540335,0.0,8.639923971719771,7.888429215347801,442.863591040529,449.1035225165034,0.0
1.1,3.8042626021487917,-2.168470734099125,6.490017997699825,0.0,8.782545936111084,8.24175175483368,439.9919422390268,449.1035225165034,0.0
1.101,4.1773226495041405,-2.2087206880616166,8.016958201225693,0.0,8.949741086329134,8.691333529695282,437.1669346082467,449.1035225165034,0.0
1.102,4.654549748428345,-2.2109540016845193,9.548827895698299,0.0,9.145018063970426,9.217148526041143,435.77553093522937,449.1035225165034,0.0
1.103,5.252659809822922,-2.1820031860783535,10.0,0.0,9.370141920629273,9.683200119280853,436.9451114781149,449.1035225165034,0.0
1.104,5.92718202926739,-2.1008063528977314,9.90704729400045,0.0,9.610716407452394,10.042206076634562,441.5444637349784,449.1035225165034,0.0
1.105,6.62368721304821,-1.9525397249989744,7.682961753383928,0.0,9.84763668059152,10.075778656505943,445.836945805691,449.1035225165034,0.0
1.106,7.203381481697063,-1.7002905222573785,5.569386485135755,0.0,10.037957438381284,9.862632263889399,440.57387368130503,449.1035225165034,0.0
1.107,7.5981124927379025,-1.3466017841854496,8.28621903568073,0.0,10.151548211969924,9.972196451027912,468.4507138478475,449.1035225165034,0.0
1.108,7.905932753503716,-1.1780929909183824,-5.845672960903949,0.0,10.249737247034888,8.470573933107843,457.0318833532023,449.1035225165034,0.0
1.109,7.402536378609934,-0.9078839530571217,-0.21554132194834175,0.0,10.159907220569284,7.948017774583212,454.44782560641573,449.1035225165034,0.0
1.11,6.780060538502856,-0.7090065592669452,1.0230445205458265,0.0,10.007630157959467,7.612115734212127,460.11411468373797,449.1035225165034,0.0
1.111,6.147070548514522,-0.6247098258033992,-1.9202059397876354,0.0,9.829706730830441,7.021836923053195,464.36934920690896,449.1035225165034,0.0
1.112,5.3984508524458406,-0.5739140235503517,-4.200481468277189,0.0,9.60580319438522,6.3274141134344095,463.3589648441908,449.1035225165034,0.0
1.113,4.534122143361641,-0.5058879936150094,-3.837843710194971,0.0,9.327872825352289,5.830326100845495,458.31870319201477,449.1035225165034,0.0
1.114,3.68443149473815,-0.44938797010753984,-1.409864690862078,0.0,9.022491949677287,5.703427851415714,451.69728573666333,449.1035225165034,0.0
1.115,3.0166323030084907,-0.4667158213408411,1.87490640461204,0.0,8.737430400497548,5.960687374274263,447.22920648236254,449.1035225165034,0.0
1.116,2.649476186427685,-0.6149604614045547,4.127689192103843,0.0,8.522734590416308,6.412382366504934,445.7788088572666,449.1035225165034,0.0
1.117,2.582024103489371,-0.8895732837400032,4.886135141244184,0.0,8.403402824622527,6.862087672992336,447.37131994154646,449.1035225165034,0.0
1.118,2.724939012601052,-1.236293256509989,4.107201624853822,0.0,8.376367834838206,7.145226965125612,448.89133754684013,449.1035225165034,0.0
1.119,2.943974953512673,-1.5686169996825161,3.349314671903617,0.0,8.413438685266925,7.299105794997346,449.04657519164374,449.1035225165034,0.0
1.12,3.160274142204473,-1.8287653245888444,3.272265322750411,0.0,8.487483411947915,7.418804716700451,447.13668355333294,449.1035225165034,0.0
1.121,3.3606208609337416,-1.9982690654632307,4.246879531537513,0.0,8.582137486378238,7.622041128186153,443.9821752020438,449.1035225165034,0.0
1.122,3.5866670732035453,-2.098020206055483,5.875347180326694,0.0,8.696927382570497,7.960942989082868,440.75358823585117,449.1035225165034,0.0
1.123,3.8952598572018413,-2.15530406983708,7.5731400062295195,0.0,8.839432188843254,8.416221443753445,437.93959350395494,449.1035225165034,0.0
1.124,4.322445600022487,-2.185757032858511,9.091776662303118,0.0,9.015991347250342,8.94639013362302,436.0826176567437,449.1035225165034,0.0
1.125,4.87927542016426,-2.191123633222188,10.0,0.0,9.228197255213463,9.468936648144876,435.89094011370616,449.1035225165034,0.0
1.1260000000000001,5.540898347978823,-2.1553276873396596,10.0,0.0,9.467446003781745,9.884156644775706,438.8551737245224,449.1035225165034,0.0
1.127,6.245673407498113,-2.0534809848218796,8.988286864727389,0.0,9.713446699338153,10.09958204445132,444.3543928471586,449.1035225165034,0.0
1.1280000000000001,6.9062404657981755,-1.862513189330068,6.286168600102742,0.0,9.936401874827554,9.965334470141213,445.0111045511687,449.1035225165034,0.0
1.129,7.387770314854672,-1.5576312598566235,5.998736927751014,0.0,10.09200944104985,9.815848256685399,431.6017579689873,449.1035225165034,0.0
1.1300000000000001,7.747995460606872,-1.1812201122385535,10.0,0.0,10.178751222361083,10.105075208326127,456.27957311876565,449.1035225165034,0.0
1.131,8.045444413390078,-1.1428308368338327,0.41019122611875103,0.0,10.285282811886919,9.250044913735842,478.44007943263466,449.1035225165034,0.0
1.1320000000000001,7.8264873860797115,-1.0788858362164435,-10.0,0.0,10.289008155687286,7.469007622954897,478.8647557509482,449.1035225165034,0.0
1.133,6.8367941129558,-0.7999263048003417,-10.0,0.0,10.084211137579917,6.077225197663794,467.120296870955,449.1035225165034,0.0
1.1340000000000001,5.481364292043827,-0.42204273812084125,-5.732965556197068,0.0,9.721937981733596,5.4127154494784655,453.6995774630093,449.1035225165034,0.0
1.135,4.197532374171297,-0.1206934178650706,0.931433598310714,0.0,9.300071577092032,5.596510135841725,446.1441752339236,449.1035225165034,0.0
1.1360000000000001,3.351412726354449,-0.05591067966189378,4.738728185679363,0.0,8.934658673551159,6.1521319682511,445.97071371788,449.1035225165034,0.0
1.137,2.989592567335234,-0.243878566064195,4.856787031687383,0.0,8.682673538491594,6.621902875266596,449.71470371614976,449.1035225165034,0.0
1.1380000000000001,2.9398176073698363,-0.5837101761831962,2.9786802205560496,0.0,8.538365805888606,6.813582884396057,453.05563059312004,449.1035225165034,0.0
1.139,2.9896783405984966,-0.9486851586045317,1.2686957013047402,0.0,8.464405779424016,6.796364460091136,453.31536394457885,449.1035225165034,0.0
1.1400000000000001,3.0153186264075176,-1.2563065018529143,1.0967106112945828,0.0,8.426308511108502,6.769331536754939,450.78110307103117,449.1035225165034,0.0
1.141,3.0139753647836898,-1.4932405435208467,2.3470652425231453,0.0,8.41230420844191,6.880855200892766,447.69958133128097,449.1035225165034,0.0
1.1420000000000001,3.048897309352967,-1.6874650038725978,3.9018655242504696,0.0,8.429848052677771,7.134495706509008,445.12376097007075,449.1035225165034,0.0
1.143,3.170220000153057,-1.860503690805167,5.229573320319906,0.0,8.488093574010739,7.482030124195265,443.47845850691346,449.1035225165034,0.0
1.1440000000000001,3.3965479973865387,-2.015165493455638,6.108475191994452,0.0,8.590550396401259,7.860354927382016,441.9247258999706,449.1035225165034,0.0
1.145,3.717503131260943,-2.13707039432918,6.957129461631203,0.0,8.732456937940988,8.262614098678588,440.14354309031756,449.1035225165034,0.0
1.1460000000000001,4.124679802792594,-2.21493099490422,7.937320660719584,0.0,8.907744359510923,8.696592613673095,438.04362905409357,449.1035225165034,0.0
1.147,4.617847658816709,-2.2435297086639863,9.097876613455679,0.0,9.111268142931134,9.172384564687894,436.65078108472795,449.1035225165034,0.0
1.1480000000000001,5.203263471235379,-2.2239110705932648,9.918828012456242,0.0,9.339574705785427,9.640184732500124,437.4843664523713,449.1035225165034,0.0
1.149,5.86571910948549,-2.150304119313859,9.61822688927588,0.0,9.583930050875495,9.97574394019339,441.2163564957519,449.1035225165034,0.0
1.1500000000000001,6.540594239474153,-2.0011794963861336,7.831103527793114,0.0,9.82173814321662,10.04099349517878,445.4720596405213,449.1035225165034,0.0
1.151,7.116333238807377,-1.751437419831598,5.739566584168221,0.0,10.01630999963045,9.854718535089066,441.2713601373168,449.1035225165034,0.0
1.1520000000000001,7.51749104422287,-1.4021026591578432,7.9182379595623535,0.0,10.136867771485356,9.928727508776939,468.90375162181897,449.1035225165034,0.0
1.153,7.867967427286763,-1.1358068662705283,-6.0959600737418995,0.0,10.226971473912693,8.409502040781234,461.7022766826709,449.1035225165034,0.0
1.154,7.346292476808556,-0.8606584590476727,-2.6212101458295463,0.0,10.12853889243209,7.634462970614475,452.0692260690375,449.1035225165034,0.0
1.155,6.609107388976336,-0.5999822565044102,2.165658125461828,0.0,9.936522763875336,7.494766170036022,453.10940833636704,449.1035225165034,0.0
1.156,5.990193517671813,-0.5024188496496154,1.605508133598414,0.0,9.741613355387814,7.301060929807022,459.01667610797716,449.1035225165034,0.0
1.157,5.429907207920221,-0.527490444541096,-1.447257288121385,0.0,9.550557873232762,6.832474931641261,462.98001544602494,449.1035225165034,0.0
1.158,4.798974395124296,-0.5705300729733849,-3.567691886440487,0.0,9.336232982655273,6.252721579788702,461.72759531272044,449.1035225165034,0.0
1.159,4.07689883237976,-0.5819798187110621,-3.067722547750409,0.0,9.086194321697096,5.8588310310766865,456.46064173652684,449.1035225165034,0.0
1.16,3.3786716210362178,-0.5903336123904415,-0.5078169518538429,0.0,8.822574891810897,5.825499830922125,450.14434503277334,449.1035225165034,0.0
1.161,2.8596317910748894,-0.6621151985111939,2.6399231748602046,0.0,8.589796721434347,6.139904274956285,445.75766297606725,449.1035225165034,0.0
1.162,2.620764871083463,-0.8479923062766298,4.866722798617612,0.0,8.431465478491857,6.634145977794995,445.1344010270224,449.1035225165034,0.0
1.163,2.658023661315388,-1.1440834436133396,5.218044988034838,0.0,8.369102784156873,7.073020694528479,446.9291107488681,449.1035225165034,0.0
1.164,2.866611783181139,-1.4842539043963239,4.342434244788359,0.0,8.391321670241496,7.339369161000919,448.4682325253362,449.1035225165034,0.0
1.165,3.1229310462546436,-1.7848459311090206,3.5792262564659776,0.0,8.467616932695465,7.479998660432152,448.1795729394068,449.1035225165034,0.0
1.166,3.3596822365000065,-1.995923118490478,3.7327955452016415,0.0,8.570558189191996,7.615239999513546,445.6417375440289,449.1035225165034,0.0
1.167,3.5828062259131577,-2.112299635310076,5.036331092615335,0.0,8.687420098923358,7.866928420731615,442.1189378885652,449.1035225165034,0.0
1.168,3.850509687198609,-2.1641514340074166,6.867576766626567,0.0,8.822304592491895,8.266319718620842,438.7014280808904,449.1035225165034,0.0
1.169,4.221760771141574,-2.181847811645104,8.680352614820084,0.0,8.985067850045676,8.782192638018303,436.0830132044845,449.1035225165034,0.0
1.17,4.729145365754992,-2.179767191787673,10.0,0.0,9.182736241823132,9.337688250551205,435.2930539720541,449.1035225165034,0.0
1.171,5.365975658906472,-2.1511012327530072,10.0,0.0,9.413054906380893,9.779227180856237,437.31729189301427,449.1035225165034,0.0
1.172,6.062033088545336,-2.0629423365030064,9.743188407737268,0.0,9.655084778516228,10.101196795108882,442.7554814341907,449.1035225165034,0.0
1.173,6.760660899122992,-1.9034412776037697,7.087574047972181,0.0,9.888445097346878,10.055734486631106,445.5362746411147,449.1035225165034,0.0
1.174,7.308429157364282,-1.6329923133792121,5.732849923264074,0.0,10.065768777970977,9.862422700463169,436.3133196012017,449.1035225165034,0.0
1.175,7.69347109681733,-1.2706949719031333,10.0,0.0,10.16888069399575,10.152231279905045,453.99647186462863,449.1035225165034,0.0
1.176,8.032627350085367,-1.2018706195799513,1.5722792577313953,0.0,10.286714571021445,9.420192642123354,467.11158545657895,449.1035225165034,0.0
1.177,7.905394032892904,-1.1237492132211768,-5.16535816764452,0.0,10.311656085390165,8.133665573877586,474.9386265659932,449.1035225165034,0.0
1.178,7.19512460316841,-0.9349039329102227,-9.337229762846551,0.0,10.185458974726817,6.663613166772572,470.6711115592847,449.1035225165034,0.0
1.179,5.997111601796551,-0.614584504736368,-7.419148149920119,0.0,9.891529650123292,5.70533271853931,460.55731639187184,449.1035225165034,0.0
1.18,4.687170037735903,-0.297307009226889,-2.4767885049673586,0.0,9.499467882932487,5.470079569517518,451.4913962748197,449.1035225165034,0.0
1.181,3.631583384683151,-0.1284184808464337,2.0322928159755507,0.0,9.107682014391829,5.76873602372821,447.4401730911501,449.1035225165034,0.0
1.182,3.0039100785513675,-0.1808815094342322,4.074537902063887,0.0,8.792400196554766,6.236392589068024,447.67465002769944,449.1035225165034,0.0
1.183,2.7633906577520126,-0.4220977284732108,3.971588158677249,0.0,8.581421370843806,6.614188796683353,449.8521666063584,449.1035225165034,0.0
1.184,2.760551456345148,-0.7639944469625247,2.8753434284492077,0.0,8.464516525308904,6.811457196021589,451.43216623848303,449.1035225165034,0.0
1.185,2.845308618523549,-1.1141117811257273,2.062057175167106,0.0,8.414122943834379,6.889457550460072,451.23401606259523,449.1035225165034,0.0
1.186,2.9358642200832517,-1.4152760404170794,2.1398273276500897,0.0,8.406195651131569,6.96219254606342,449.46635405191006,449.1035225165034,0.0
1.187,3.0241757783463696,-1.6520319066160112,3.0200300176386086,0.0,8.429366089948344,7.114097191816714,446.7837506856741,449.1035225165034,0.0
1.188,3.1429334249817353,-1.834945358437024,4.384529419064892,0.0,8.483162870497093,7.3822410985861,444.3331651987257,449.1035225165034,0.0
1.189,3.334644169353868,-1.9809840879744294,5.6575257357168685,0.0,8.572629489398814,7.735434288136299,441.95727493252815,449.1035225165034,0.0
1.19,3.6193726068185814,-2.0958062580392394,6.916933344655385,0.0,8.699638816777128,8.158656673760966,439.912451988961,449.1035225165034,0.0
1.191,4.0082517515256,-2.179101396174005,8.031255521714394,0.0,8.864283693474263,8.622309695404983,437.8592562617783,449.1035225165034,0.0
1.192,4.499586888423142,-2.223660533801404,9.170296047852993,0.0,9.06289793842375,9.120055065047307,436.61307487164345,449.1035225165034,0.0
1.193,5.091376825597204,-2.224740181611653,9.918291219369012,0.0,9.291098465725373,9.59859284410555,437.3262064133612,449.1035225165034,0.0
1.194,5.7611116711565185,-2.17087484832153,9.679498609541556,0.0,9.538396735062637,9.950596825552166,440.64678293079095,449.1035225165034,0.0
1.195,6.446600985518766,-2.039179980238414,8.103777746683809,0.0,9.782217793454604,10.05248239084752,445.24645180689737,449.1035225165034,0.0
1.196,7.044595106036449,-1.8062508840804203,5.842514015726659,0.0,9.987540050640359,9.876655243562503,442.805686135619,449.1035225165034,0.0
1.197,7.4643869306166355,-1.467522575319066,7.125875215174688,0.0,10.119816544376864,9.862528246474772,452.0131320280395,449.1035225165034,0.0
1.198,7.827600340938639,-1.1219624584543704,2.493056173849087,0.0,10.202828359263446,9.304842335039547,468.0050916833241,449.1035225165034,0.0
1.199,7.7213260845576475,-1.0005947698015207,-5.691939345461436,0.0,10.211875556934679,7.972527181830733,465.7933088784969,449.1035225165034,0.0
1.2,7.0246595759617065,-0.7580836741969164,-4.752945806667752,0.0,10.06132397588793,7.035058081552077,459.3356137640492,449.1035225165034,0.0
1.201,6.08307978346445,-0.5036821762093652,-1.6264191619193658,0.0,9.806521589095404,6.607415840819737,455.47980152181077,449.1035225165034,0.0
1.202,5.192206883909834,-0.35523064243589464,0.23772416914676775,0.0,9.520649563173695,6.459428306477207,454.7838324361037,449.1035225165034,0.0
1.203,4.46937818965947,-0.3402956381730444,0.5289056128043033,0.0,9.248407651278724,6.381643275840418,455.4403868833512,449.1035225165034,0.0
1.204,3.9053277642092055,-0.428419421683329,0.13725974551206743,0.0,9.005454393738326,6.293236957096116,455.31575912569093,449.1035225165034,0.0
1.205,3.456465193406962,-0.5721443584039121,0.13745125825033133,0.0,8.7928843352817,6.2370478480800795,453.4663430276919,449.1035225165034,0.0
1.206,3.107037945379461,-0.7440261659280727,1.0185311021379664,0.0,8.61342212122959,6.296085883395239,450.42474477878284,449.1035225165034,0.0
1.207,2.8784591046778654,-0.943843241489401,2.526118003969699,0.0,8.478070992350709,6.509947054533193,447.7728945488639,449.1035225165034,0.0
1.208,2.8004882814994723,-1.181695476704077,3.8653493986055545,0.0,8.401806668591513,6.827417582203696,446.9996124033816,449.1035225165034,0.0
1.209,2.8717826603095817,-1.4507377345645798,4.273029572477928,0.0,8.392131955987793,7.128345040009936,446.8392453722417,449.1035225165034,0.0
1.21,3.0417177327277436,-1.7127704486128028,4.3758558594905015,0.0,8.43965063639177,7.38746645642994,446.5054158928138,449.1035225165034,0.0
1.211,3.265166173212176,-1.9311349488866112,4.568751665441344,0.0,8.529729358286987,7.622737897303702,445.2176419845896,449.1035225165034,0.0
1.212,3.5197915948515135,-2.083749635298243,5.251497424872586,0.0,8.648931322582596,7.890888829782057,442.7117223300948,449.1035225165034,0.0
1.213,3.816261965231006,-2.1702267210509647,6.568375253984067,0.0,8.791014516265166,8.252108482524735,439.8088180658896,449.1035225165034,0.0
1.214,4.19022369698844,-2.2071265930353583,8.112774430592793,0.0,8.958205570914505,8.70995853370773,437.042688669078,449.1035225165034,0.0
1.215,4.672151938968284,-2.2080657171790006,9.61644746747285,0.0,9.154196830153165,9.239430238227866,435.7561981256247,449.1035225165034,0.0
1.216,5.275916843138953,-2.178254888486852,10.0,0.0,9.3802475515224,9.701113089390065,437.07278055445556,449.1035225165034,0.0
1.217,5.953346294488276,-2.0950185537073978,9.847318868651177,0.0,9.621003597332109,10.050122687192605,441.8066380200463,449.1035225165034,0.0
1.218,6.648101366604717,-1.943402420593547,7.553358980820375,0.0,9.856739587046377,10.06784939002865,445.88664192413114,449.1035225165034,0.0
1.219,7.21997031630388,-1.6863840473782008,5.545525834701682,0.0,10.043918788350268,9.853496940612024,439.7735351051633,449.1035225165034,0.0
1.22,7.6090156593357845,-1.3299032428639594,8.695379118298993,0.0,10.1543021198177,10.008783550687824,465.29113655162655,449.1035225165034,0.0
1.221,7.92555021492501,-1.181400579105159,-4.2252977452838545,0.0,10.25640529417764,8.675878497388204,458.9750817183423,449.1035225165034,0.0
1.222,7.50470887550676,-0.9544226557610749,-1.16598592066013,0.0,10.191525100841362,8.00166322909088,458.24985384388316,449.1035225165034,0.0
1.223,6.872053234712853,-0.7586236727475337,-0.8948352967043451,0.0,10.046443291110934,7.452998625771706,462.3190313509266,449.1035225165034,0.0
1.224,6.136696275819206,-0.6318051034402183,-3.061579138570294,0.0,9.849011149227957,6.778201682036955,463.92395574780704,449.1035225165034,0.0
1.225,5.2782649049888555,-0.5290374823136796,-4.012245669323555,0.0,9.593806274528962,6.155309219725584,461.3061327463854,449.1035225165034,0.0
1.226,4.368050532859492,-0.437487337705186,-2.825360270911555,0.0,9.292789801373058,5.8007888425342315,456.3084816043726,449.1035225165034,0.0
1.227,3.549901933939094,-0.39616775860749553,-0.3985842907838544,0.0,8.982793285558946,5.787589561736299,450.8112946233082,449.1035225165034,0.0
1.228,2.9561362889221003,-0.45192150883725685,2.332931478680313,0.0,8.709022601562705,6.078042267239196,447.5644294259634,449.1035225165034,0.0
1.229,2.6576758239125136,-0.6365512973390672,3.971755008258108,0.0,8.51142599574928,6.49192105905198,446.7710403535051,449.1035225165034,0.0
1.23,2.623494945725649,-0.9279730141054031,4.3917743661172395,0.0,8.405187020657754,6.875241497121331,448.1546536088411,449.1035225165034,0.0
1.231,2.761554360686493,-1.26908636872092,3.7094564275258612,0.0,8.382512238722356,7.114822482623384,449.04893895823255,449.1035225165034,0.0
1.232,2.958034315157527,-1.5846757993223661,3.262859588412844,0.0,8.417366737350708,7.265643217622974,448.6813014489925,449.1035225165034,0.0
1.233,3.156423914696505,-1.830427940174889,3.4509005537079878,0.0,8.487694700803953,7.410159747154457,446.3815233005427,449.1035225165034,0.0
1.234,3.3545585580066573,-1.9942258976192409,4.628009620092482,0.0,8.58100177477537,7.655048092958732,443.622725703014,449.1035225165034,0.0
1.235,3.596393283896706,-2.0996957529389983,6.062216386991732,0.0,8.699430680440802,8.006149491859988,440.66938649729,449.1035225165034,0.0
1.236,3.9220809234046,-2.162812654856589,7.623227350045855,0.0,8.847014996087555,8.457945486617659,438.0058845981756,449.1035225165034,0.0
1.237,4.3606586826306675,-2.1951636637030876,9.065954678786337,0.0,9.02794792159934,8.97742353287536,436.22526205751143,449.1035225165034,0.0
1.238,4.921648604824344,-2.1979406951476332,10.0,0.0,9.24271732255615,9.494041665255518,436.1191724999595,449.1035225165034,0.0
1.239,5.584198734420745,-2.157662471097003,10.0,0.0,9.48321322169528,9.903863856247547,439.26679745224266,449.1035225165034,0.0
1.24,6.287671022798901,-2.0508201689351377,8.785465918845102,0.0,9.729291879022403,10.092398218701609,444.68329055429,449.1035225165034,0.0
1.241,6.9357816881660295,-1.8513357058459121,6.12142168744356,0.0,9.948741238944022,9.941530035693754,444.67554069493775,449.1035225165034,0.0
1.242,7.401398159742888,-1.5380397203400973,6.169576435335346,0.0,10.098691130797945,9.814894366341175,433.2012309243603,449.1035225165034,0.0
1.243,7.7611867764532665,-1.1604067522768227,10.0,0.0,10.182575799899318,10.10186171462107,460.505601054767,449.1035225165034,0.0
1.244,8.048877289021046,-1.1349397528919214,-1.741766698771393,0.0,10.287743696666833,9.010574152256256,479.23182461721547,449.1035225165034,0.0
1.245,7.719125262036245,-1.035750148332475,-10.0,0.0,10.262609861013432,7.287093767751255,476.65167170090206,449.1035225165034,0.0
1.246,6.679378145258347,-0.7378289605742765,-10.0,0.0,10.035861935867056,5.927105033719412,463.3207580124871,449.1035225165034,0.0
1.247,5.305915715922162,-0.3508100440269475,-3.832889949328928,0.0,9.656197060889514,5.499505882209144,451.1639644710369,449.1035225165034,0.0
1.248,4.114570326780164,-0.09508958402004275,2.2249024018508434,0.0,9.247479696823412,5.798699584987466,446.0407587035744,449.1035225165034,0.0
1.249,3.3857075766518223,-0.09141133082603337,4.817132923711374,0.0,8.91170603619048,6.319931063596901,447.4501887196006,449.1035225165034,0.0
1.25,3.0927946892847444,-0.31561506184345434,4.128951253667306,0.0,8.686332082425643,6.678771529467746,451.47261714216756,449.1035225165034,0.0
1.2510000000000001,3.0424945075133936,-0.6546267151388272,2.094046096127177,0.0,8.554428815176692,6.764836693867227,453.9197572219588,449.1035225165034,0.0
1.252,3.0444723353253007,-0.9913009382705563,0.8223137091770174,0.0,8.477966439104115,6.708842941235721,452.9923773925981,449.1035225165034,0.0
1.2530000000000001,3.017543992757038,-1.266574109390883,1.2471150750964148,0.0,8.43046423196757,6.713229696341377,449.81818630687076,449.1035225165034,0.0
1.254,2.9908660792665662,-1.4863886356977185,2.827063980056406,0.0,8.409577787237788,6.884639208167484,446.9505943600176,449.1035225165034,0.0
1.2550000000000001,3.0326266415720267,-1.6824780974167355,4.282389235047848,0.0,8.427292633689621,7.176244972348956,444.85712233603925,449.1035225165034,0.0
1.256,3.1750774715545056,-1.8657575847587737,5.371589248841658,0.0,8.490596420904856,7.5304684080498525,443.6123421151567,449.1035225165034,0.0
1.2570000000000001,3.419748841580325,-2.0285074483556067,6.048891163296398,0.0,8.599061863090881,7.893721746951247,442.2145933948323,449.1035225165034,0.0
1.258,3.7478978551526696,-2.1511225017425795,6.816654814675302,0.0,8.744866252185044,8.27552760089554,440.33389445504315,449.1035225165034,0.0
1.2590000000000001,4.151888837034703,-2.2231652295059163,7.84470056518449,0.0,8.920969337284319,8.697983186525743,438.05289232717683,449.1035225165034,0.0
1.26,4.638158729578112,-2.2437819642966854,9.095707931010914,0.0,9.12325508598604,9.173684096477707,436.54827478453916,449.1035225165034,0.0
1.2610000000000001,5.218974788537017,-2.217735256981503,9.973569179649393,0.0,9.3498110456602,9.647071086436572,437.40984966088126,449.1035225165034,0.0
1.262,5.881074177177697,-2.140491165802827,9.659718470034562,0.0,9.592813725406334,9.985450010662067,441.28036437066146,449.1035225165034,0.0
1.2630000000000001,6.557498237123271,-1.9896042967730794,7.802692696602884,0.0,9.82952891491892,10.045371329750683,445.5309088497196,449.1035225165034,0.0
1.264,7.132507663840678,-1.738308912116222,5.713146593741655,0.0,10.022431093767153,9.855205425961817,440.9420123515151,449.1035225165034,0.0
1.2650000000000001,7.531987361212102,-1.387883462274754,8.089209944493799,0.0,10.14099261871568,9.947416087604328,472.5038790503699,449.1035225165034,0.0
1.266,7.877836389422399,-1.1447091432372825,-7.925726970272281,0.0,10.233674136737895,8.222809545316233,459.87797948985883,449.1035225165034,0.0
1.2670000000000001,7.269456343207872,-0.8353073882225984,-1.7205217597502998,0.0,10.113024398867845,7.593034046729945,449.1429810299055,449.1035225165034,0.0
1.268,6.53634110512874,-0.5748213223877027,3.646582885092338,0.0,9.915902635234472,7.6170594587693135,452.3498564804857,449.1035225165034,0.0
1.2690000000000001,5.99161268206,-0.5133335386104589,2.010681820162423,0.0,9.736736793611232,7.437938963807459,460.2450841422566,449.1035225165034,0.0
1.27,5.489603936560326,-0.5701399005500432,-2.0483476269805534,0.0,9.564439064305256,6.878453383417315,464.8307974318528,449.1035225165034,0.0
1.2710000000000001,4.859472371009767,-0.6165181778271973,-4.49847702093214,0.0,9.35795609677195,6.193057034027909,462.83628093022867,449.1035225165034,0.0
1.272,4.091110836997465,-0.6048454675548014,-3.63854635425734,0.0,9.101834010150306,5.752864143183702,456.3258359376255,449.1035225165034,0.0
1.2730000000000001,3.3392946589360673,-0.5834916696621016,-0.45554699216699124,0.0,8.825072652440927,5.747625120171574,449.17809507096166,449.1035225165034,0.0
1.274,2.7940747972415325,-0.6391091605222553,3.1175777156203597,0.0,8.581794990174817,6.1289036109312125,444.77840753814985,449.1035225165034,0.0
1.2750000000000001,2.56567797279607,-0.8291118154058355,5.3606726318098,0.0,8.421317060339875,6.678407132163292,444.8297519930954,449.1035225165034,0.0
1.276,2.6347782596559925,-1.1416728838376122,5.377738109571112,0.0,8.364318966590297,7.126473761881478,447.1587850438684,449.1035225165034,0.0
1.2770000000000001,2.8709644299790864,-1.4953809248289172,4.232668958910945,0.0,8.39360961901222,7.3726161820357135,448.8278522891305,449.1035225165034,0.0
1.278,3.139019681530854,-1.7997319427264071,3.400892038553646,0.0,8.474526979766186,7.48990443971655,448.4299458906666,449.1035225165034,0.0
1.2790000000000001,3.3746374089938955,-2.006389092229471,3.6065810040439508,0.0,8.578770206479199,7.6112617656067965,445.49914215769167,449.1035225165034,0.0
1.28,3.5914370949059453,-2.1147897949290497,5.108026674119536,0.0,8.69458234891186,7.872518027457028,441.8945119734801,449.1035225165034,0.0
1.281,3.8589126227997417,-2.1621870266563628,6.982431871655542,0.0,8.829068591749289,8.283145681184513,438.4751016076288,449.1035225165034,0.0
1.282,4.235310307913328,-2.178449710750776,8.798421263669947,0.0,8.992483898608832,8.808444984885663,435.9551393134437,449.1035225165034,0.0
1.283,4.751120612674871,-2.1766614649562555,10.0,0.0,9.191728271274192,9.358594499306173,435.24466043927526,449.1035225165034,0.0
1.284,5.392629451518683,-2.146208024867689,10.0,0.0,9.422731162163275,9.79622984296267,437.42941339155425,449.1035225165034,0.0
1.285,6.091076973078254,-2.05557176551502,9.690682859387858,0.0,9.664731844201189,10.108762916891974,442.98015317323296,449.1035225165034,0.0
1.286,6.787799458519108,-1.8927304215931118,6.976546661981205,0.0,9.89677958019036,10.049125943140632,445.47167601373013,449.1035225165034,0.0
1.287,7.328377986386798,-1.6179723386268399,5.767103706760353,0.0,10.071063869518412,9.860263664052077,435.47629540150194,449.1035225165034,0.0
1.288,7.71086688987962,-1.2540754039402775,10.0,0.0,10.171752420018938,10.148761069508215,452.7903735791313,449.1035225165034,0.0
1.289,8.043515662312062,-1.1909979164681452,2.189137358903009,0.0,10.287922301739957,9.484187260083086,469.73810813774713,449.1035225165034,0.0
1.29,7.938268724760905,-1.1351099754416927,-6.491075776617338,0.0,10.320500915708179,8.035876652131261,477.4155985546673,449.1035225165034,0.0
1.291,7.172088241315679,-0.9310657886226841,-10.0,0.0,10.18310462634456,6.519702816958009,471.2262723621582,449.1035225165034,0.0
1.292,5.914975935062483,-0.5875346537885979,-7.727247312751891,0.0,9.872082599436427,5.55711932305024,459.43593369245724,449.1035225165034,0.0
1.293,4.562695751141851,-0.2505204758265507,-1.9354020896609367,0.0,9.46226817760084,5.4102471206786955,449.77986583916186,449.1035225165034,0.0
1.294,3.517478360519445,-0.08582474910811855,2.88586840376017,0.0,9.064001589552255,5.810953109535417,446.2496565172158,449.1035225165034,0.0
1.295,2.943266844983604,-0.16489524405431671,4.679511724726083,0.0,8.755976970905465,6.333560993876366,447.50232592868804,449.1035225165034,0.0
1.296,2.765686482526738,-0.4387658852294873,4.069188984868109,0.0,8.560350668137255,6.7018254180394,450.4862511954839,449.1035225165034,0.0
1.297,2.8037382037932197,-0.8019483737255626,2.563399064680387,0.0,8.458324805384986,6.848205612723362,452.209821071666,449.1035225165034,0.0
1.298,2.895290561653615,-1.1539883125547834,1.670551141037698,0.0,8.416232116762599,6.876899587112906,451.550657325581,449.1035225165034,0.0
1.299,2.9687655871411134,-1.4426361056367552,1.9756616659894077,0.0,8.40944895229212,6.93383880295734,449.2427250300076,449.1035225165034,0.0
1.3,3.037150047548807,-1.6648331886956238,3.128235788641084,0.0,8.430593227058795,7.101350288622489,446.37496752701065,449.1035225165034,0.0
1.301,3.147533431718861,-1.8398842811295397,4.589400090034481,0.0,8.483407872252458,7.391969057469913,443.98044136180755,449.1035225165034,0.0
1.302,3.342388321538483,-1.9850022752848395,5.83789398418299,0.0,8.574215398244236,7.761199895255908,441.7970824958944,449.1035225165034,0.0
1.303,3.636287683887429,-2.1020048811787775,7.002637817345648,0.0,8.70428436212222,8.187844903608696,439.88853446230075,449.1035225165034,0.0
1.304,4.033491103950393,-2.186548115260474,8.049061714684505,0.0,8.872140660137733,8.647538115306222,437.9088531822627,449.1035225165034,0.0
1.305,4.529460462183038,-2.2299009705640036,9.150849048045938,0.0,9.07310403126402,9.138195408126952,436.67035976705375,449.1035225165034,0.0
1.306,5.121961124055584,-2.2273888215346176,9.894427383144908,0.0,9.302326929613479,9.610443673081853,437.4137586830099,449.1035225165034,0.0
1.307,5.789910965003216,-2.168804502435159,9.639625563501761,0.0,9.549433211012833,9.95537594197896,440.8137136913071,449.1035225165034,0.0
1.308,6.471370416050018,-2.032155707542242,8.022546147605134,0.0,9.791876566914743,10.046913853368425,445.30118168098676,449.1035225165034,0.0
1.309,7.062186423348817,-1.7942238258936967,5.81683556112047,0.0,9.994423359332998,9.86890977256239,442.4359811703947,449.1035225165034,0.0
1.31,7.476249719888502,-1.4522800562003586,7.316111229877581,0.0,10.123680568579037,9.87629940596053,457.21639137792226,449.1035225165034,0.0
1.311,7.839070813964494,-1.1196335147264445,-0.1552225625003838,0.0,10.207579338375092,9.023266635711355,466.81320680301894,449.1035225165034,0.0
1.312,7.602181359270496,-0.9519979855108187,-5.130727117913879,0.0,10.18267151136764,7.821020907252098,461.57004528951495,449.1035225165034,0.0
1.313,6.873543315255278,-0.6961284289785241,-2.633811588891998,0.0,10.01356059828862,7.138706012979295,456.68467834411604,449.1035225165034,0.0
1.314,6.0231001720438275,-0.48456589250166715,-0.2669396744686674,0.0,9.772416103643083,6.829360637435324,455.72359074336356,449.1035225165034,0.0
1.315,5.248970553435029,-0.39569575396651313,0.14740344363896973,0.0,9.516791431033607,6.625394200443656,456.94112573195304,449.1035225165034,0.0
1.316,4.584451071286598,-0.4124978312482339,-0.5397400828102654,0.0,9.269069511872253,6.401888567649957,457.61030315123514,449.1035225165034,0.0
1.317,3.9968043983594006,-0.48993042558781963,-0.9593965987986364,0.0,9.0321187859522,6.194666463925773,456.18559186048765,449.1035225165034,0.0
1.318,3.4777767603329535,-0.5960846616421007,-0.3178616468647313,0.0,8.809043562274312,6.1104534813082525,452.9007916719001,449.1035225165034,0.0
1.319,3.064995732433798,-0.7318397416161111,1.2865657558750785,0.0,8.613726079139056,6.222641576055374,449.13721626513063,449.1035225165034,0.0
1.32,2.813750137412592,-0.9171075582153683,3.1680165217735374,0.0,8.468181062818216,6.518503628409033,446.7683710338052,449.1035225165034,0.0
1.321,2.755027157073624,-1.1643833164640425,4.3757906522632455,0.0,8.39212440860619,6.888212692477202,446.77403145784285,449.1035225165034,0.0
1.322,2.86301084542262,-1.4532245395579089,4.396255350831016,0.0,8.389944103180015,7.191053124733128,447.2378287460258,449.1035225165034,0.0
1.323,3.0607865246366983,-1.7293264574316363,4.183013644444319,0.0,8.44574867025723,7.41905476070257,447.03054790290946,449.1035225165034,0.0
1.324,3.2914562738770354,-1.9489413087004517,4.307383812138427,0.0,8.540169558684502,7.622253909668713,445.3739469107812,449.1035225165034,0.0
1.325,3.5380663540035733,-2.092945429434079,5.1729800642597645,0.0,8.659112577933662,7.883726707315859,442.6116949993773,449.1035225165034,0.0
1.326,3.825927068545832,-2.170666678095144,6.619024295133002,0.0,8.799417871168009,8.252156852199665,439.58127493950064,449.1035225165034,0.0
1.327,4.197055828318553,-2.202191993060196,8.229456800841346,0.0,8.965226221726844,8.722516088808137,436.8327250538034,449.1035225165034,0.0
1.328,4.682806035135906,-2.2015940550117232,9.72643971831696,0.0,9.16110863455566,9.261262797524694,435.6675421761054,449.1035225165034,0.0
1.329,5.294026921869146,-2.1722347917177185,10.0,0.0,9.388053937391396,9.718468082990373,437.139312153687,449.1035225165034,0.0
1.33,5.975690842649697,-2.0880272460524183,9.818280256195912,0.0,9.62905600109988,10.061051773139251,442.0331412918725,449.1035225165034,0.0
1.331,6.671217529800022,-1.934621816854303,7.442069499349482,0.0,9.864183705697268,10.064220018450293,445.59621418083907,449.1035225165034,0.0
1.332,7.236869343056355,-1.6754308720053503,5.695606138222831,0.0,10.049138514724612,9.86696891494781,438.8957209688247,449.1035225165034,0.0
1.333,7.630912834409508,-1.3188972303276694,9.147930759706792,0.0,10.159245941362926,10.067470478756526,462.5815768302941,449.1035225165034,0.0
1.334,7.961799850747431,-1.1946853874843464,-2.829777714165817,0.0,10.268294815422285,8.874404313623737,460.763297472317,449.1035225165034,0.0
1.335,7.61755284399615,-1.003237208747683,-2.037235784735387,0.0,10.227315004329835,8.059682390292254,462.28550554929024,449.1035225165034,0.0
1.336,6.972067321178794,-0.8118449037812239,-2.9301596535498766,0.0,10.089822310254533,7.283748570763175,464.64277901098495,449.1035225165034,0.0
1.337,6.127018095432373,-0.6387774432477975,-4.264188949342051,0.0,9.87136200602484,6.52034543953441,463.4491093071107,449.1035225165034,0.0
1.338,5.151645633484995,-0.48047946749477033,-3.810809965310992,0.0,9.58272531636775,5.973489050763636,459.1577205602945,449.1035225165034,0.0
1.339,4.192550417594955,-0.363751198450156,-1.7656575723407975,0.0,9.257009526961905,5.768634354419075,454.1577582344642,449.1035225165034,0.0
1.34,3.407112051778695,-0.33809181915554876,0.6837812333947282,0.0,8.941724597830229,5.877487561550481,450.1829078911929,449.1035225165034,0.0
1.341,2.8915775431181547,-0.43549357489950224,2.660412551283497,0.0,8.679824269249645,6.185716424260483,447.9959187224726,449.1035225165034,0.0
1.342,2.6589828479047326,-0.6544508734716353,3.764983173583949,0.0,8.498048145083613,6.559098894502458,447.68769774991773,449.1035225165034,0.0
1.343,2.6551306553115364,-0.9605371716858738,3.9332519075272376,0.0,8.403267800176227,6.882527154047509,448.771833380334,449.1035225165034,0.0
1.344,2.7891873601531296,-1.2961937108165915,3.394500983680804,0.0,8.384169672036325,7.088404504726268,449.1102607601899,449.1035225165034,0.0
1.345,2.968030512583687,-1.5977936217517519,3.225219911315996,0.0,8.417388516589844,7.2402187190825495,448.2957467575393,449.1035225165034,0.0
1.346,3.1538034452780073,-1.8323555326923022,3.640554670230929,0.0,8.48525270921775,7.408906439590777,446.28916927431777,449.1035225165034,0.0
1.347,3.352332618307398,-1.994191072899555,4.671986944263545,0.0,8.578655544947082,7.656835530159125,443.2808341562869,449.1035225165034,0.0
1.348,3.5969344827518315,-2.0970429105861728,6.234381386881139,0.0,8.69720635290377,8.025940147832582,440.3890999855759,449.1035225165034,0.0
1.349,3.9325285087194013,-2.1619712942279246,7.767392697545915,0.0,8.846926145655859,8.488527360069321,437.8163284607562,449.1035225165034,0.0
1.35,4.383293483742208,-2.197319029377282,9.166650400513237,0.0,9.031171647386428,9.012187857584525,436.183536174374,449.1035225165034,0.0
1.351,4.955325907165105,-2.202207623462641,10.0,0.0,9.249542916693356,9.521166817608844,436.1884324479273,449.1035225165034,0.0
1.352,5.623095449500273,-2.1606860518944284,10.0,0.0,9.492358696258663,9.925017187143915,439.5117339575062,449.1035225165034,0.0
1.353,6.328051559803787,-2.0510480511791904,8.666237288834921,0.0,9.739632970457956,10.095182722743816,444.92881413867207,449.1035225165034,0.0
1.354,6.9693022370375495,-1.8460458008295668,5.999444282030292,0.0,9.957742503266001,9.929561515174122,444.46782459998377,449.1035225165034,0.0
1.355,7.423639639137155,-1.5264846728038224,6.276296030539636,0.0,10.104377260456943,9.815870396587657,435.9049991286276,449.1035225165034,0.0
1.356,7.780677568630856,-1.1485381075516314,10.0,0.0,10.186600919172655,10.100319986511163,465.12608985288637,449.1035225165034,0.0
1.357,8.057643122024402,-1.134646891929092,-4.094870915398662,0.0,10.291298602943188,8.749978311347085,479.53657051918645,449.1035225165034,0.0
1.358,7.607268981114439,-0.9926640193935174,-10.0,0.0,10.235013146997577,7.088835892958338,473.64715650620263,449.1035225165034,0.0
1.359,6.5126934745252045,-0.670589670673382,-8.873082227409109,0.0,9.984233645173788,5.8870909809606315,459.9438120457841,449.1035225165034,0.0
1.36,5.171665333754228,-0.2991615144069466,-2.129812892492656,0.0,9.6007212486305,5.647500399514135,449.6159390562444,449.1035225165034,0.0
1.361,4.087577697996376,-0.09644675008983983,3.028999436879805,0.0,9.213016691084679,5.999393657965416,446.681276501941,449.1035225165034,0.0
1.362,3.458667481950463,-0.1444918382829603,4.520553174177116,0.0,8.906584022482978,6.448149170033439,449.2771828741442,449.1035225165034,0.0
1.363,3.2044691005243697,-0.3897805037749564,3.220863384499099,0.0,8.70217147427044,6.685177169593348,453.0485413188789,449.1035225165034,0.0
1.364,3.127195649081507,-0.7138822604294828,1.2957339741079998,0.0,8.575101287412224,6.685251872974224,454.3320203108823,449.1035225165034,0.0
1.365,3.0710247647729445,-1.0166600898869016,0.6017095001625203,0.0,8.490810133251689,6.620926752060615,452.32314373035547,449.1035225165034,0.0
1.366,2.99761081304791,-1.2633392614198715,1.5739515782874083,0.0,8.432622512989896,6.676005727002167,448.8325725271458,449.1035225165034,0.0
1.367,2.9586221971291695,-1.474016303775978,3.321946679785804,0.0,8.406469235192283,6.905869691040775,446.39771373426487,449.1035225165034,0.0
1.368,3.0164446966179073,-1.6775659898106778,4.566434164048669,0.0,8.426201376618549,7.222795242046743,444.83080300763777,449.1035225165034,0.0
1.369,3.181626074340286,-1.8719610940578566,5.392616722450875,0.0,8.495000823609626,7.570844932121782,444.0354005849004,449.1035225165034,0.0
1.37,3.4404858196560957,-2.0403087739601378,5.84099915313559,0.0,8.608299588655878,7.905207081472202,442.49685496405533,449.1035225165034,0.0
1.371,3.7672478053627394,-2.158578403541788,6.676338639082605,0.0,8.755030874587504,8.271511190564961,440.3682057824814,449.1035225165034,0.0
1.372,4.164022168063118,-2.222798184132163,7.828016397209778,0.0,8.929600922404369,8.693811615836148,437.88951226161373,449.1035225165034,0.0
1.373,4.645424007696348,-2.2371394090654544,9.179503260192522,0.0,9.129879344903426,9.179499321976081,436.3497667333861,449.1035225165034,0.0
1.374,5.227530087300837,-2.2085445896484,10.0,0.0,9.35540985338136,9.654168222140765,437.26305189863905,449.1035225165034,0.0
1.375,5.891836644697115,-2.129704161173559,9.737137434046929,0.0,9.597467702089906,9.999550772966312,441.3125324069853,449.1035225165034,0.0
1.3760000000000001,6.573457950410145,-1.9794443237854331,7.790307080968971,0.0,9.83411784318221,10.054742862346638,445.60233514108324,449.1035225165034,0.0
1.377,7.150610678951644,-1.7282913082361029,5.680417587674214,0.0,10.02649794576677,9.858790629084094,440.6655653545989,449.1035225165034,0.0
1.3780000000000001,7.549565379162356,-1.377420220483431,8.233182052535419,0.0,10.143960525269318,9.965461125736173,471.5433471494456,449.1035225165034,0.0
1.379,7.890665570248259,-1.1554134033441854,-7.430107091217338,0.0,10.239431857479032,8.291189906194539,459.33524076340444,449.1035225165034,0.0
1.3800000000000001,7.309795085891546,-0.856122280047396,-1.428371080665773,0.0,10.127226979122351,7.67802354961634,450.660318913911,449.1035225165034,0.0
1.381,6.600363489894615,-0.6096661775238714,2.8935218801068734,0.0,9.940808692898901,7.602572977155861,454.24361186378655,449.1035225165034,0.0
1.3820000000000001,6.026404574936011,-0.539649073987174,1.0504745116962635,0.0,9.760249857687949,7.326112657871672,461.1777065596287,449.1035225165034,0.0
1.383,5.460094999375448,-0.5684838739273093,-2.537314676656056,0.0,9.57397287309845,6.739570614122229,464.3680753551457,449.1035225165034,0.0
1.3840000000000001,4.772545275978269,-0.5869297611308668,-4.285144602800995,0.0,9.349410082185955,6.106639050114449,461.67901919573944,449.1035225165034,0.0
1.385,3.987066222601462,-0.5658144156894982,-3.066371489890216,0.0,9.081503267093337,5.745614903735309,455.29506907899514,449.1035225165034,0.0
1.3860000000000001,3.258896011684636,-0.5557541442532385,0.06368810285701754,0.0,8.803389242468496,5.79826524722499,448.79912412310694,449.1035225165034,0.0
1.387,2.7569524620894463,-0.6336099475653899,3.3147045647350852,0.0,8.567016395733805,6.192082457128637,445.02206114114693,449.1035225165034,0.0
1.3880000000000001,2.565828784597614,-0.8427427280918338,5.24405066946865,0.0,8.415888602487737,6.718602737298511,445.37597737158086,449.1035225165034,0.0
1.389,2.6521286139302895,-1.1628631487324492,5.104368005700913,0.0,8.365647535048465,7.131295438063491,447.51473642204485,449.1035225165034,0.0
1.3900000000000001,2.885635529023203,-1.5120294663772564,4.050876341413504,0.0,8.396906935164143,7.358384743207218,448.8592177593697,449.1035225165034,0.0
1.391,3.1436612903925867,-1.8069176143858565,3.381078720322416,0.0,8.476695358887124,7.476700471571288,448.1791500298161,449.1035225165034,0.0
1.3920000000000001,3.3725607706984806,-2.005862441649523,3.7303563099660737,0.0,8.579271562593128,7.613683295323006,445.1275949375705,449.1035225165034,0.0
1.393,3.591360995000751,-2.111696707143708,5.295893131878214,0.0,8.69494074923543,7.894162701713867,441.61370060438924,449.1035225165034,0.0
1.3940000000000001,3.8687686962128223,-2.1611780283937674,7.127738517589989,0.0,8.831475560535146,8.315681865448735,438.33276790883923,449.1035225165034,0.0
1.395,4.25746604982062,-2.180620123455417,8.875912411441636,0.0,8.998152624322666,8.842700636521917,435.96590875223404,449.1035225165034,0.0
1.3960000000000001,4.783434143418806,-2.1804543769141134,10.0,0.0,9.200651205768587,9.38588361590971,435.36773228883635,449.1035225165034,0.0
1.397,5.429874748910018,-2.1485059674404843,10.0,0.0,9.433705559432012,9.81790849394969,437.7274001375377,449.1035225165034,0.0
1.3980000000000001,6.129859848298624,-2.0548982236772972,9.54481020027739,0.0,9.676679597813878,10.109431486704684,443.2827652675731,449.1035225165034,0.0
1.399,6.819734452677938,-1.8842597990121095,6.825335207748994,0.0,9.906674382357515,10.032622877353631,445.7398689137368,449.1035225165034,0.0
1.4000000000000001,7.34681442744575,-1.603162436823819,5.630419920694801,0.0,10.076774501917631,9.831168624560705,434.5866975239787,449.1035225165034,0.0
1.401,7.714313896670966,-1.2335780155449445,10.0,0.0,10.171875871523639,10.124318628730098,449.5798560764552,449.1035225165034,0.0
1.4020000000000001,8.03269111623577,-1.1772331849908784,3.823787776351354,0.0,10.284280017437831,9.64323812458888,470.8675361688234,449.1035225165034,0.0
1.403,8.001333275555076,-1.156432645808303,-7.037692406355941,0.0,10.335611087341942,8.095138522262406,481.5281640373726,449.1035225165034,0.0
1.4040000000000001,7.239344270901465,-0.9652436337899261,-10.0,0.0,10.206176304092796,6.573248165790311,475.80985549232963,449.1035225165034,0.0
1.405,5.980592562938961,-0.6301332933134263,-10.0,0.0,9.902545716189124,5.351069240406286,461.3364773789775,449.1035225165034,0.0
1.4060000000000001,4.514819391135998,-0.2396797985628033,-2.9310309147487317,0.0,9.467461513519613,5.146979279966641,448.86344661016483,449.1035225165034,0.0
1.407,3.3640999207428215,-0.02105572760418717,3.3078852287209997,0.0,9.035332622215147,5.647302390258383,443.4530669897265,449.1035225165034,0.0
1.408,2.760548557064925,-0.0813681647630935,6.069579594207935,0.0,8.705269539867372,6.350660974460007,445.1639261604821,449.1035225165034,0.0
1.409,2.64222186523827,-0.3854841400655914,5.253545972390343,0.0,8.51139825708622,6.840277172416041,449.8141933861975,449.1035225165034,0.0
1.41,2.7769538330616075,-0.801051335178728,2.921305650835719,0.0,8.428546954088203,6.997154739766692,453.20085879740685,449.1035225165034,0.0
1.411,2.943045446775214,-1.1943519166083738,1.1869995824219948,0.0,8.408775930131188,6.945685397942249,452.9223875256118,449.1035225165034,0.0
1.412,3.0359690751751267,-1.4917535409274918,1.288046568228446,0.0,8.414616247248235,6.917283434040538,449.88259160465066,449.1035225165034,0.0
1.413,3.0814677707106224,-1.6969535502574915,2.8001538378275366,0.0,8.436630321046515,7.053551407813635,446.14716049389864,449.1035225165034,0.0
1.414,3.161207908943717,-1.8501633363285745,4.697433013429593,0.0,8.484870861216791,7.363657199959198,443.4156476627366,449.1035225165034,0.0
1.415,3.3415318960410696,-1.9832459826366629,6.120068177548278,0.0,8.572404919817778,7.766055306005894,441.241997513852,449.1035225165034,0.0
1.416,3.6389305976963326,-2.098826241918408,7.2855085020170804,0.0,8.70280838522125,8.220028474047291,439.5531436390083,449.1035225165034,0.0
1.417,4.050477425727729,-2.188132633309295,8.225439228213904,0.0,8.874236721348693,8.691086484394962,437.8614670188095,449.1035225165034,0.0
1.418,4.562035664390642,-2.236541907397318,9.183698093290237,0.0,9.080059981133932,9.176034757244427,436.8051348888604,449.1035225165034,0.0
1.419,5.1638589566143125,-2.235041916038422,9.834848034541224,0.0,9.313146650435232,9.63402945391634,437.66893798562916,449.1035225165034,0.0
1.42,5.83282467579098,-2.1729147031882468,9.517292331465578,0.0,9.561905128973667,9.960522724913167,441.15089144299316,449.1035225165034,0.0
1.421,6.507204299717752,-2.029496767774722,7.855841913518681,0.0,9.803282385990956,10.032166426280575,445.3900928150567,449.1035225165034,0.0
1.422,7.084261890033352,-1.78326987886329,5.773375524501389,0.0,10.00203550901713,9.851594145905086,441.8954130748741,449.1035225165034,0.0
1.423,7.487534362955754,-1.4357024718274034,7.592796489008963,0.0,10.12708594581831,9.891325979737466,461.67473568963374,449.1035225165034,0.0
1.424,7.849446482262771,-1.1190093545890973,-2.422576950102151,0.0,10.212243953496749,8.783926777524876,465.8547588123914,449.1035225165034,0.0
1.425,7.50124606866855,-0.9123266806656019,-4.680100874439876,0.0,10.158578077226887,7.6895305657037865,457.965505663427,449.1035225165034,0.0
1.426,6.7439241959609015,-0.6447199423707719,-0.8240941314268979,0.0,9.973469252928707,7.225766770274523,454.3433789335671,449.1035225165034,0.0
1.427,5.970075381465696,-0.4703925508364597,0.934570669332401,0.0,9.743994985831593,7.022311683479156,455.9857887214739,449.1035225165034,0.0
1.428,5.297239429074494,-0.4330585486352414,0.044543113329303274,0.0,9.51475917043786,6.767038466103761,458.9123327971581,449.1035225165034,0.0
1.429,4.6816773734109,-0.4771521451861569,-1.5168170273193469,0.0,9.288143250488574,6.412503115614295,459.53472038678836,449.1035225165034,0.0
1.43,4.070449247924901,-0.5438500945050515,-1.9323228008373214,0.0,9.055631225944843,6.101747147745181,456.9294272267686,449.1035225165034,0.0
1.431,3.4882015388466727,-0.6160207414063131,-0.7079352679300963,0.0,8.82256659873452,5.995588227307325,452.33893268709096,449.1035225165034,0.0
1.432,3.019950534910479,-0.7197343952418156,1.5549579002028535,0.0,8.612879337654336,6.159098242699973,447.9448941846692,449.1035225165034,0.0
1.433,2.751005778356715,-0.8930434608082323,3.763563434732085,0.0,8.458538664895386,6.530507620743776,445.86801274432264,449.1035225165034,0.0
1.434,2.7123692108616293,-1.149949467703185,4.834359252627163,0.0,8.383299567319494,6.946604053189391,446.47715254370735,449.1035225165034,0.0
1.435,2.8550865149307834,-1.4572324079018744,4.5560530526627705,0.0,8.388426086098658,7.256160023335266,447.5819825355236,449.1035225165034,0.0
1.436,3.081282730705946,-1.747363969802325,4.018853456564446,0.0,8.452837192421557,7.4555097440787215,447.55938540435073,449.1035225165034,0.0
1.437,3.3205829963370475,-1.9686836500224254,4.0455933932724015,0.0,8.552186009391715,7.6256179253173055,445.8155079862825,449.1035225165034,0.0
1.438,3.559698637592803,-2.1041276521109227,4.950412247608722,0.0,8.671296406216253,7.864003126857144,442.61200513623425,449.1035225165034,0.0
1.439,3.8327487336343573,-2.168792896795376,6.617078846435547,0.0,8.808093020406725,8.237101631101028,439.2797836654503,449.1035225165034,0.0
1.44,4.1955844991467,-2.1913786509458095,8.38142697033806,0.0,8.970357604112241,8.726800140734634,436.4590416584231,449.1035225165034,0.0
1.441,4.684241326840675,-2.1885399263716776,9.918242782432467,0.0,9.164827463165905,9.285037622475578,435.43784181827033,449.1035225165034,0.0
1.442,5.3067814247084435,-2.161695641788617,10.0,0.0,9.392749600429907,9.736930635270765,437.08242832827415,449.1035225165034,0.0
1.443,5.995342185327099,-2.078002627261919,9.852107206181731,0.0,9.634131036494914,10.079824498327767,442.2078276158577,449.1035225165034,0.0
1.444,6.696587954784991,-1.9253511931212457,7.358364511396414,0.0,9.869708987648918,10.069482923163195,445.64368417836295,449.1035225165034,0.0
1.445,7.260862518452004,-1.6647652009093008,5.6750346135251934,0.0,10.053557041369155,9.868446694503701,438.24412030645874,449.1035225165034,0.0
1.446,7.652854975985925,-1.3068835953882019,9.483410571577743,0.0,10.162155550166222,10.104177123754615,459.644534464542,449.1035225165034,0.0
1.447,7.989476877817016,-1.2026271242147706,-1.3222066269442752,0.0,10.2755778552348,9.067384224916115,462.470263407708,449.1035225165034,0.0
1.448,7.722087096428485,-1.0481866541823583,-2.8687385074393132,0.0,10.258032752920844,8.11632960657014,466.42442421131,449.1035225165034,0.0
1.449,7.066914886249355,-0.8616004841894833,-5.019027926188383,0.0,10.128156625004797,7.106954467875738,467.0127045325154,449.1035225165034,0.0
1.45,6.111090963012273,-0.6425691590038469,-5.4922599069511975,0.0,9.888103011940416,6.253565516017035,462.8880103969926,449.1035225165034,0.0
1.451,5.017701421388956,-0.42830323824675176,-3.5677577179947106,0.0,9.565336926965184,5.788652268976808,456.87769851870024,449.1035225165034,0.0
1.452,4.011723547520395,-0.28728146623824746,-0.6403435388704866,0.0,9.214986390070083,5.7404479466664835,451.8935386830689,449.1035225165034,0.0
1.453,3.2635678430209123,-0.27953512570112227,1.8238362172795166,0.0,8.895408594894466,5.9760519830391985,449.1312860270894,449.1035225165034,0.0
1.454,2.8319764041449944,-0.420602588582941,3.2046849101634183,0.0,8.646943867196049,6.323382896144166,448.39503378351554,449.1035225165034,0.0
1.455,2.677580814990212,-0.6814502704042051,3.5798959192802258,0.0,8.485341273949496,6.651266569661073,448.8599856745344,449.1035225165034,0.0
1.456,2.71038485378212,-1.0064316442222818,3.3498553421904806,0.0,8.405826781681062,6.895992642771933,449.6836387217727,449.1035225165034,0.0
1.457,2.8365977520857153,-1.3347357456393805,2.9322276565186476,0.0,8.391599983368256,7.051100641266384,449.3361715721426,449.1035225165034,0.0
1.458,2.9874970417630533,-1.6162980240045395,3.1036347407773155,0.0,8.421995474342177,7.196969423323813,447.86287779755196,449.1035225165034,0.0
1.459,3.1500823820469765,-1.8333369268715995,3.852688075262138,0.0,8.48499695095617,7.395597277689171,445.69114745568066,449.1035225165034,0.0
1.46,3.344288544841283,-1.989106181761307,4.972676996806014,0.0,8.5765252943545,7.676633917799842,442.83706347851296,449.1035225165034,0.0
1.461,3.6000941789337255,-2.094793901276911,6.4623835757697705,0.0,8.69707242402188,8.065191004587623,440.19594379860274,449.1035225165034,0.0
1.462,3.9524762278736243,-2.165527790645703,7.872019202903886,0.0,8.851144400036715,8.530905979816017,437.7940085362847,449.1035225165034,0.0
1.463,4.417237446397339,-2.204547222740544,9.18608197386509,0.0,9.039965474609645,9.048307290109236,436.30144211169755,449.1035225165034,0.0
1.464,4.997207095968203,-2.2092742629055913,10.0,0.0,9.261774352851809,9.5500918827281,436.43309929701604,449.1035225165034,0.0
1.465,5.66808572589484,-2.1647461573515026,10.0,0.0,9.506635440519052,9.947742770851722,439.96770079479467,449.1035225165034,0.0
1.466,6.37287501294514,-2.0509634894932343,8.44171030006723,0.0,9.75470469582306,10.08788477666083,445.2653303748552,449.1035225165034,0.0
1.467,7.001035533497427,-1.8373016445239307,5.831277431453455,0.0,9.969616249909533,9.905205024480995,444.08997439891414,449.1035225165034,0.0
1.468,7.438661935601261,-1.5090663472456451,6.46909090059987,0.0,10.110799409118465,9.816690914194135,440.2492798261123,449.1035225165034,0.0
1.469,7.793595688956131,-1.133346096467466,8.477980613904707,0.0,10.190965966764995,9.93107981578093,468.9992031899146,449.1035225165034,0.0
1.47,7.984877944837715,-1.104516964317217,-6.095937874730574,0.0,10.275140756776807,8.401334841477334,475.97581649418447,449.1035225165034,0.0
1.471,7.400546807839349,-0.9088497318038575,-9.852967466642308,0.0,10.176688466102116,6.831637021009984,466.65956782208224,449.1035225165034,0.0
1.472,6.256450147818922,-0.560431052713426,-5.37040358364698,0.0,9.894742240073338,6.059723397802764,455.4075468163767,449.1035225165034,0.0
1.473,5.069618292473756,-0.26399447930125675,0.19256667620706613,0.0,9.534675438042285,6.023018141555145,449.532221634098,449.1035225165034,0.0
1.474,4.1863427831617726,-0.16217973913201367,3.1259422761704636,0.0,9.198709534905078,6.306310331597482,449.78407830881173,449.1035225165034,0.0
1.475,3.6694920974264984,-0.27010697308205345,2.9932083808905126,0.0,8.937559584222026,6.5317630481791955,452.82129873094476,449.1035225165034,0.0
1.476,3.395010631820923,-0.5063338070929024,1.437420407679583,0.0,8.749975579667144,6.563770614293292,454.7678488486774,449.1035225165034,0.0
1.477,3.2110601821677642,-0.7720296287378053,0.407502085491537,0.0,8.611215004219986,6.4935756224377075,453.70880155780173,449.1035225165034,0.0
1.478,3.0458054133651733,-1.0119933339390887,0.8909729405163738,0.0,8.503050036487682,6.496343569569327,450.4469712419224,449.1035225165034,0.0
1.479,2.9218428098069453,-1.2277463461435825,2.5084536112018374,0.0,8.427311554532249,6.67308972914309,447.3621269920499,449.1035225165034,0.0
1.48,2.8984742210228776,-1.4460312689261214,4.068289691382624,0.0,8.398675348113768,6.981325505407627,445.8626143320089,449.1035225165034,0.0
1.481,3.001589156786766,-1.674805751547443,4.850455103248086,0.0,8.426708683824113,7.314737589085391,445.28888975274407,449.1035225165034,0.0
1.482,3.2072881061046217,-1.8906725645232458,5.175463720518089,0.0,8.506737498932326,7.623945356680131,444.70113534424377,449.1035225165034,0.0
1.483,3.479582050422627,-2.063380372801552,5.513364796490837,0.0,8.626523400070043,7.916258916828717,442.9861822771584,449.1035225165034,0.0
1.484,3.7985798113420204,-2.1727443111518916,6.432014732426982,0.0,8.773865022244605,8.256625379011515,440.47620843036543,449.1035225165034,0.0
1.485,4.1790828689477975,-2.222927083691966,7.773274796684834,0.0,8.94493559401589,8.677376106175045,437.6718614962869,449.1035225165034,0.0
1.486,4.648550204859424,-2.226071381150467,9.289764873926261,0.0,9.140818226321437,9.178723749279115,436.0465384962127,449.1035225165034,0.0
1.487,5.229446023655141,-2.1927854050677587,10.0,0.0,9.363554459363153,9.65328198769061,436.96741614074824,449.1035225165034,0.0
1.488,5.893896096312564,-2.1107894120578816,9.889258531372727,0.0,9.602786193471587,10.016093562951035,441.2463023786617,449.1035225165034,0.0
1.489,6.584021015813556,-1.9625643673782427,7.82838761379441,0.0,9.838891116710563,10.071689527430385,445.6643997682979,449.1035225165034,0.0
1.49,7.16824740462519,-1.7138897482075341,5.653730146458356,0.0,10.031073186411591,9.869369121980242,440.41793520441234,449.1035225165034,0.0
1.491,7.570256754917839,-1.3642965064779298,8.363818301522059,0.0,10.147836498198952,9.987976471131507,470.60755522023527,449.1035225165034,0.0
1.492,7.905617984892109,-1.1686376752057295,-6.946032033426723,0.0,10.24675767470006,8.362345356357139,458.6019845613097,449.1035225165034,0.0
1.493,7.352703264227728,-0.8796753900641714,-1.0382313244119894,0.0,10.143394359020768,7.776300283624249,452.23263992384267,449.1035225165034,0.0
1.494,6.671685382429434,-0.6494725135181265,2.115149820248122,0.0,9.969330174067467,7.595700125210353,456.52770580793793,449.1035225165034,0.0
1.495,6.068994892914765,-0.5716290630134768,-0.10662495471385602,0.0,9.788351640978057,7.199310302478731,462.37599595196883,449.1035225165034,0.0
1.496,5.428584760144679,-0.568280561661648,-3.1634947610839594,0.0,9.586242078280772,6.574841887469802,463.9076915975685,449.1035225165034,0.0
1.497,4.671880818443168,-0.5530497235911895,-4.077384274694437,0.0,9.340254723178088,5.999483541518046,460.34718666351995,449.1035225165034,0.0
1.498,3.8632938768958636,-0.5192562903683824,-2.409568449140334,0.0,9.057765299716692,5.7310384547514435,453.71970070247966,449.1035225165034,0.0
1.499,3.160972301730652,-0.5205043723440901,0.8580127495200496,0.0,8.777155533274335,5.8731142117651665,448.1714930245172,449.1035225165034,0.0
1.5,2.717087652544379,-0.6290002990348987,3.6414368834211452,0.0,8.550736390293816,6.288226354834633,445.4148119089083,449.1035225165034,0.0
1.5010000000000001,2.5775447444296415,-0.8656321357475004,5.056664547301546,0.0,8.413414918689774,6.777937044387693,446.27982144905076,449.1035225165034,0.0
1.502,2.6853348270526785,-1.195709580093695,4.65239678790484,0.0,8.372738863712401,7.1330704494829185,448.1144051364664,449.1035225165034,0.0
1.5030000000000001,2.9097378077132934,-1.5360388777782832,3.7449961179973794,0.0,8.405779203044125,7.329245085428594,448.9320586119936,449.1035225165034,0.0
1.504,3.1480211694841755,-1.814914205475094,3.337884019278873,0.0,8.48240596510705,7.449430827564723,447.796552926034,449.1035225165034,0.0
1.5050000000000001,3.3636769416354495,-2.0012183567907424,3.9187065581633815,0.0,8.581093328545046,7.611882970639079,444.59756333618367,449.1035225165034,0.0
1.506,3.5840634431390894,-2.103286331978718,5.563260944891743,0.0,8.6955216057042,7.920965435457191,441.20732981670176,449.1035225165034,0.0
1.5070000000000001,3.8753195137760716,-2.1562336687710633,7.337339631630714,0.0,8.83421882892453,8.359451290428375,438.1355010322986,449.1035225165034,0.0
1.508,4.282011594891554,-2.1811672344213835,8.982934238674353,0.0,9.005108134173556,8.889409333915548,436.0011267212628,449.1035225165034,0.0
1.5090000000000001,4.8230415391785035,-2.184349713379489,10.0,0.0,9.212005050275282,9.423435418193886,435.5766005473517,449.1035225165034,0.0
1.51,5.477251352934946,-2.1513769235497238,10.0,0.0,9.447956051523821,9.84802514797097,438.18712712163114,449.1035225165034,0.0
1.5110000000000001,6.180160576765296,-2.054564003922626,9.31845432352285,0.0,9.692451232364526,10.108003063998936,443.7557033399469,449.1035225165034,0.0
1.512,6.858594283880501,-1.8755829346742643,6.587644406130545,0.0,9.91977489830291,10.005260456815419,445.4760297202163,449.1035225165034,0.0
1.5130000000000001,7.366383650875339,-1.5842550292185713,5.763756143958718,0.0,10.08383567802146,9.823132373980842,433.24269709301456,449.1035225165034,0.0
1.514,7.729522140588349,-1.2112952124095044,10.0,0.0,10.17516527069026,10.114981543989353,451.90173719405215,449.1035225165034,0.0
1.5150000000000001,8.038131690663269,-1.16251238656554,2.6407479002642935,0.0,10.284910308418281,9.504582921121438,473.946851017445,449.1035225165034,0.0
1.516,7.938058155625875,-1.1314150054759535,-8.63024229644155,0.0,10.319708096425298,7.814076448027695,479.7618963359697,449.1035225165034,0.0
1.5170000000000001,7.070016656016449,-0.8968386309979173,-10.0,0.0,10.156483030940546,6.35262078522632,471.6067615254845,449.1035225165034,0.0
1.518,5.765326603783648,-0.5404096379315289,-7.954926704867803,0.0,9.826573480231612,5.394479312406245,457.9274061049406,449.1035225165034,0.0
1.5190000000000001,4.384691203123958,-0.19188700235400846,-1.203487830480218,0.0,9.399067537328701,5.360191568578838,447.826574547912,449.1035225165034,0.0
1.52,3.3710133507719506,-0.042832673187251036,3.8596974277199885,0.0,8.997972664480773,5.8737162042541495,444.9701845074863,449.1035225165034,0.0
1.5210000000000001,2.8705724398105303,-0.1587805257127315,5.329225828023014,0.0,8.70258454955464,6.451706882210707,447.3339421722572,449.1035225165034,0.0
1.522,2.7706226262353493,-0.4721765873914483,4.165042799080025,0.0,8.527848402176176,6.805594334075887,451.14897822473347,449.1035225165034,0.0
1.5230000000000001,2.857611086686852,-0.8595489743854139,2.237070215759588,0.0,8.445451616674628,6.895616043355472,452.9871287072449,449.1035225165034,0.0
1.524,2.9588628109619868,-1.2131216516588288,1.2791589125964622,0.0,8.415315951281329,6.872037580576451,451.82791808877664,449.1035225165034,0.0
1.5250000000000001,3.015578791985743,-1.4869326418270108,1.8315202661078551,0.0,8.412419488295225,6.912916018784029,448.94799536389354,449.1035225165034,0.0
1.526,3.06376168154505,-1.691500893634518,3.2730369000755046,0.0,8.433664913225634,7.097727225032275,445.81557798321285,449.1035225165034,0.0
1.5270000000000001,3.1660090340709193,-1.855673911300991,4.872125035748756,0.0,8.48728026571306,7.416901001850869,443.4854134811673,449.1035225165034,0.0
1.528,3.366724429693831,-1.9977991515178617,6.093388377124884,0.0,8.581443506880795,7.806810802437726,441.5509089765682,449.1035225165034,0.0
1.5290000000000001,3.6737434987646496,-2.1154442574605423,7.136166764823781,0.0,8.716701113241971,8.237873992674224,439.7975650220096,449.1035225165034,0.0
1.53,4.082823217102286,-2.19909029706959,8.10589831704802,0.0,8.889563891288244,8.69367073306444,437.9170138119404,449.1035225165034,0.0
1.5310000000000001,4.586415731142883,-2.238536449333598,9.15803900912825,0.0,9.094222681921863,9.17590785846575,436.7202367312033,449.1035225165034,0.0
1.532,5.181754312735179,-2.2291585369846167,9.880260407349827,0.0,9.325213274151226,9.638858778439122,437.58965766132036,449.1035225165034,0.0
1.5330000000000001,5.848745258969069,-2.1621689987210106,9.560688590843114,0.0,9.57212482906948,9.968822933570328,441.20330120794705,449.1035225165034,0.0
1.534,6.523828290589004,-2.016276480646266,7.832869030615331,0.0,9.811963362403443,10.0360281712044,445.4445140784455,449.1035225165034,0.0
1.5350000000000001,7.09998591981486,-1.7682650610164248,5.748852679746696,0.0,10.008716235188885,9.851906626516543,441.5988112778115,449.1035225165034,0.0
1.536,7.501681373166456,-1.4196151080315442,7.746751192450616,0.0,10.13151028559495,9.908056599905715,465.85988519112306,449.1035225165034,0.0
1.537,7.858022396058405,-1.126394144108798,-4.551349390951369,0.0,10.218872121797682,8.562920373710723,463.6716878129854,449.1035225165034,0.0
1.538,7.408134520487803,-0.8799234533656048,-3.6029323548473595,0.0,10.138804585418116,7.641391910102649,454.3786341814812,449.1035225165034,0.0
1.539,6.656741621958571,-0.6134375827394369,0.9908433442549733,0.0,9.94774221745425,7.3779950358401525,453.24503588299854,449.1035225165034,0.0
1.54,5.974708651024499,-0.483391527310695,1.516227359831341,0.0,9.737806191469623,7.201195794747351,457.4853355637868,449.1035225165034,0.0
1.541,5.377948139168436,-0.4865990718121713,-0.6877406110356272,0.0,9.532837134423627,6.832215884809064,461.28729299975686,449.1035225165034,0.0
1.542,4.7655170670188935,-0.5357627110361096,-2.7105570338531884,0.0,9.316842916958024,6.340566746176629,461.0116683421817,449.1035225165034,0.0
1.543,4.09554953298324,-0.5734028785397716,-2.691826163322382,0.0,9.076931989408898,5.966343777669872,456.923418480304,449.1035225165034,0.0
1.544,3.443033040007334,-0.6074071772805643,-0.7259001920215526,0.0,8.826953928950461,5.886693700283655,451.20538289267296,449.1035225165034,0.0
1.545,2.9361773708204173,-0.6879141572248496,2.112098998032277,0.0,8.602524391605707,6.131760434463928,446.6420030275817,449.1035225165034,0.0
1.546,2.675411619750003,-0.8636357846588438,4.418404125467111,0.0,8.443568790631755,6.57880678953487,445.2718032600289,449.1035225165034,0.0
1.547,2.675982603689915,-1.140943517426778,5.141821201808273,0.0,8.373960019592424,7.019095310380406,446.60391272915024,449.1035225165034,0.0
1.548,2.858038196652098,-1.4687457588228379,4.50076256512113,0.0,8.388626146967468,7.310623075852018,448.0877496695681,449.1035225165034,0.0
1.549,3.105506362029626,-1.7680463363359014,3.769001823381554,0.0,8.460623479264644,7.474980640027586,448.0081687266211,449.1035225165034,0.0
1.55,3.345604675990228,-1.9857394729712459,3.8197458327538865,0.0,8.562810074004414,7.619065496581775,445.881373591096,449.1035225165034,0.0
1.551,3.574564652017085,-2.1105176658019387,4.915364889770496,0.0,8.68073516477065,7.8561865689092745,442.4131360746844,449.1035225165034,0.0
1.552,3.839998069345135,-2.166027567250675,6.716387512394482,0.0,8.815438160924067,8.241636264853309,438.9614852150941,449.1035225165034,0.0
1.553,4.203076889476174,-2.1841276103054144,8.543633315203724,0.0,8.976651732778079,8.747713766859919,436.19876967628653,449.1035225165034,0.0
1.554,4.699613069849391,-2.181176120085756,10.0,0.0,9.171846033292644,9.310244561511025,435.3023893856684,449.1035225165034,0.0
1.555,5.330647833902279,-2.1545449302993407,10.0,0.0,9.400874067246553,9.757029577658434,437.13265577841514,449.1035225165034,0.0
1.556,6.024025158990262,-2.0695532677486423,9.830951602027081,0.0,9.642595028437096,10.093482413690317,442.4460861132751,449.1035225165034,0.0
1.557,6.726504275586954,-1.9149738677738157,7.240810798629385,0.0,9.877635359740054,10.066898128269296,445.6151830492463,449.1035225165034,0.0
1.558,7.284932988059775,-1.6507260584098908,5.691145725316357,0.0,10.058991764340329,9.86751218728417,437.37377343635404,449.1035225165034,0.0
1.559,7.67421307869615,-1.2909517246273894,9.929148022563979,0.0,10.165341235759627,10.15064086144268,456.4392304111684,449.1035225165034,0.0
1.56,8.019521136751704,-1.2120113977603162,0.3230624562101445,0.0,10.284282934835293,9.282951094576129,464.1224526205731,449.1035225165034,0.0
1.561,7.838074089443093,-1.098720053049783,-3.6687379495328902,0.0,10.292888842667246,8.194299541120099,471.0180579287308,449.1035225165034,0.0
1.562,7.178493033433833,-0.9203649726398824,-7.33568595773402,0.0,10.17328285897242,6.92266690263611,469.8368783753829,449.1035225165034,0.0
1.563,6.1027599664330054,-0.6517596149535265,-6.952429739648879,0.0,9.910711171257278,5.956799420512413,462.5349977840516,449.1035225165034,0.0
1.564,4.874795196580986,-0.3737848289909631,-3.4358041966586974,0.0,9.549918731222263,5.568576559391353,454.4861394957365,449.1035225165034,0.0
1.565,3.8079373879141665,-0.20133445313415577,0.5347987777065231,0.0,9.170193455594019,5.689771523384,449.05739238999735,449.1035225165034,0.0
1.566,3.093392878871961,-0.20832545076653242,3.2496336318411583,0.0,8.843053717425994,6.087731585533689,447.76469183593804,449.1035225165034,0.0
1.567,2.75825989868134,-0.40016450258517994,3.909372215676466,0.0,8.609456345013468,6.488323746062693,448.81305845655106,449.1035225165034,0.0
1.568,2.6973918677897952,-0.7116328699693959,3.3880935459694776,0.0,8.471621055789171,6.764903067387581,450.2671053707699,449.1035225165034,0.0
1.569,2.775461462091636,-1.060382372883913,2.6494342603173875,0.0,8.41047498926655,6.914804857250775,450.81746797947545,449.1035225165034,0.0
1.57,2.8931529590915135,-1.3805410344512685,2.3571135013348967,0.0,8.402163666125777,7.006667802116872,449.68992560995673,449.1035225165034,0.0
1.571,3.01031562601062,-1.6378990627439787,2.9150206551597244,0.0,8.428977566282208,7.141095336301728,447.3831488331775,449.1035225165034,0.0
1.572,3.1432235696797255,-1.8327256119050317,4.085612780382613,0.0,8.485410169966274,7.374499322185604,444.921013963994,449.1035225165034,0.0
1.573,3.330654056112414,-1.9798981663210968,5.358505300499429,0.0,8.573780627364478,7.699230151739211,442.2375592829756,449.1035225165034,0.0
1.574,3.6003428909599964,-2.089363545352384,6.768892273343916,0.0,8.696356588127502,8.1149471189201,439.93467597181905,449.1035225165034,0.0
1.575,3.9748834339181904,-2.16833184433,8.01202239436904,0.0,8.855838508629539,8.585487857666596,437.7723662149404,449.1035225165034,0.0
1.576,4.458435358868814,-2.21293763402388,9.206488835823993,0.0,9.050543264832571,9.094437415623448,436.47955736429583,449.1035225165034,0.0
1.577,5.049026793437106,-2.2180820551902416,9.979132912668357,0.0,9.276792329642348,9.584879138890248,436.77777347684355,449.1035225165034,0.0
1.578,5.7232934054833455,-2.169771692335729,9.953282346791095,0.0,9.524095076172165,9.970068180316998,440.55168037999607,449.1035225165034,0.0
1.579,6.425418871794301,-2.049968674826443,8.151847316579907,0.0,9.772491223894201,10.073078109415855,445.61338136937576,449.1035225165034,0.0
1.58,7.035593512285336,-1.825070136967354,5.65589823336134,0.0,9.982807940764507,9.873988655734186,443.506223368412,449.1035225165034,0.0
1.581,7.453329688439823,-1.486696024143182,6.765450225324129,0.0,10.117211873547554,9.823000796083733,445.7783760542643,449.1035225165034,0.0
1.582,7.805759396611467,-1.120840860194039,5.662625347020374,0.0,10.196216300181081,9.623555953006253,468.80584336370583,449.1035225165034,0.0
1.583,7.850960389133542,-1.0502612732000118,-6.0481315161724165,0.0,10.24327059691366,8.173353218635992,471.027207029355,449.1035225165034,0.0
1.584,7.204606939389658,-0.8301122330877795,-7.378050194125516,0.0,10.117088591993552,6.915243590830151,462.88836167109986,449.1035225165034,0.0
1.585,6.155968377812682,-0.5265389154269027,-3.44647590654391,0.0,9.84652225024329,6.324985791002415,455.2245448930632,449.1035225165034,0.0
1.586,5.1173426998338964,-0.3045179979159669,0.32422225870883015,0.0,9.522600194935688,6.24592063124631,452.0023981868022,449.1035225165034,0.0
1.587,4.320564147075658,-0.24922028505106697,1.9063068551363207,0.0,9.219301289943209,6.355951489913172,452.6018986771832,449.1035225165034,0.0
1.588,3.787828573297123,-0.35125733005466375,1.5715728483390272,0.0,8.96911241339571,6.422640913090179,454.1601356864574,449.1035225165034,0.0
1.589,3.430844757504813,-0.5437739067678384,0.7418882120023906,0.0,8.770767819809073,6.40366540036505,454.20348690764723,449.1035225165034,0.0
1.59,3.164456659210938,-0.7626580059272552,0.6692129574960406,0.0,8.612512219448988,6.392788400575834,452.1058508109667,449.1035225165034,0.0
1.591,2.965343009519027,-0.9811541189133914,1.6880077228916877,0.0,8.49084021058287,6.499206337951291,449.0864373184041,449.1035225165034,0.0
1.592,2.86187961652702,-1.2062825057094733,3.197885321153977,0.0,8.414556357758622,6.748103705589687,447.1265504279221,449.1035225165034,0.0
1.593,2.884710900535007,-1.4490734797955394,4.197598487280781,0.0,8.395246350262145,7.055806548302346,446.2999379979219,449.1035225165034,0.0
1.594,3.0217026445304214,-1.6945181009601589,4.638940547466687,0.0,8.43320862637383,7.354517821953858,445.8876340138998,449.1035225165034,0.0
1.595,3.2376421178994503,-1.9121345171769815,4.877251424503782,0.0,8.518729161811697,7.6265715470929685,445.2252903064015,449.1035225165034,0.0
1.596,3.5019622594178417,-2.075065819335187,5.247205600353941,0.0,8.638649295294924,7.891367983001771,442.8954145366862,449.1035225165034,0.0
1.597,3.8040924206931312,-2.169196877132152,6.474224565009777,0.0,8.781782162356796,8.242358216696555,440.04963133644674,449.1035225165034,0.0
1.598,4.177402794955207,-2.210196464476132,7.98765507693007,0.0,8.949269410111821,8.688727040836646,437.2155813843971,449.1035225165034,0.0
1.599,4.653346213826201,-2.212283425720078,9.523559464275937,0.0,9.144464385368751,9.212402212493885,435.79517970973296,449.1035225165034,0.0
1.6,5.249488260710939,-2.1828250005648195,10.0,0.0,9.369246083886193,9.679462588598673,436.9351286425912,449.1035225165034,0.0
1.601,5.922891157212895,-2.1015558471933584,9.911216327392202,0.0,9.609610627543061,10.039651589454257,441.5031666436829,449.1035225165034,0.0
1.602,6.619025948125191,-1.9534771489717477,7.703200885574567,0.0,9.84648165164914,10.076023484680778,445.8186435004028,449.1035225165034,0.0
1.603,7.199631290604841,-1.7018299500262284,5.578311247375624,0.0,10.037102357965475,9.863882347247905,440.68893790813854,449.1035225165034,0.0
1.604,7.595412316321016,-1.3486541986350267,8.227309889591403,0.0,10.151114019243305,9.966926281811695,468.44971454524347,449.1035225165034,0.0
1.605,7.9035978912263785,-1.175040462942484,-5.846540349248461,0.0,10.248463154437468,8.466510873369923,457.30613852577454,449.1035225165034,0.0
1.606,7.398914350862621,-0.904846048817947,-0.3567784996067105,0.0,10.158050587071264,7.9290812703298,454.37264046396655,449.1035225165034,0.0
1.607,6.7694327258401605,-0.7026979444614209,1.0572793518226558,0.0,10.003401968799693,7.601198259366712,459.75597130132815,449.1035225165034,0.0
1.608,6.135489393346283,-0.6172446412990894,-1.7409105547063906,0.0,9.824051528954682,7.032136169764391,464.0604725475789,449.1035225165034,0.0
1.609,5.395769700563402,-0.5701581241407943,-4.0427306781425285,0.0,9.601404940278147,6.351856663506297,463.29113465308905,449.1035225165034,0.0
1.61,4.544056966113128,-0.508227527888381,-3.7999378522634526,0.0,9.326653559427278,5.853357064949117,458.46375193256597,449.1035225165034,0.0
1.611,3.7026504035214023,-0.4561319557711896,-1.47984878616254,0.0,9.02441614983541,5.714051751715466,451.9242843488621,449.1035225165034,0.0
1.612,3.0351447784843244,-0.4738926605566569,1.7616773873658067,0.0,8.740946583126934,5.956831770401261,447.39087729087254,449.1035225165034,0.0
1.613,2.6616731630189845,-0.6189621407372989,4.045507368616898,0.0,8.525882010729903,6.400199688200784,445.799701533182,449.1035225165034,0.0
1.614,2.5858964556566275,-0.8892010092108613,4.874133457295394,0.0,8.40493626808281,6.850635648577981,447.2714864771288,449.1035225165034,0.0
1.615,2.7230105428767906,-1.2330055514909328,4.156561345715724,0.0,8.376244806704225,7.140873928824359,448.7920942419119,449.1035225165034,0.0
1.616,2.9408145281652307,-1.56519927396533,3.399371746070086,0.0,8.412549583537515,7.30051680255349,449.0090874611712,449.1035225165034,0.0
1.617,3.1586374955057863,-1.8269592792686253,3.2918194869937683,0.0,8.486659833419006,7.4217845275365235,447.2365321113237,449.1035225165034,0.0
1.618,3.3605082759646048,-1.9986005813654508,4.196767065969312,0.0,8.581748773988274,7.61892870511041,444.04217486522344,449.1035225165034,0.0
1.619,3.58528685030182,-2.0982397783794324,5.844559165532238,0.0,8.69628713690857,7.955368078773493,440.79491235757587,449.1035225165034,0.0
1.62,3.8918270581579595,-2.1550362893053236,7.551276520945302,0.0,8.838266825134854,8.409406702341306,437.9528653782669,449.1035225165034,0.0
1.621,4.316896373276135,-2.1850678200009095,9.083806581982154,0.0,9.014187910162546,8.940058342950449,436.067528591676,449.1035225165034,0.0
1.622,4.8722844580626665,-2.1904829999210484,10.0,0.0,9.225877405232639,9.463850907197706,435.8471673843114,449.1035225165034,0.0
1.623,5.53328078733774,-2.1552175012357973,10.0,0.0,9.464843850565876,9.880115514974674,438.7639178851397,449.1035225165034,0.0
1.624,6.237979655788875,-2.0540658979676456,9.033534319714285,0.0,9.71076609077084,10.101432169438965,444.280794935211,449.1035225165034,0.0
1.625,6.901022888054193,-1.8646674768633735,6.323323070491536,0.0,9.934405462112942,9.970863035001006,445.08489487745726,449.1035225165034,0.0
1.6260000000000001,7.385877257035421,-1.5614534565636609,5.961459375758879,0.0,10.091164424855123,9.81630830894741,431.6955062359151,449.1035225165034,0.0
1.627,7.746041176286316,-1.185248599672196,10.0,0.0,10.178441624662653,10.105973569959449,455.6776117040226,449.1035225165034,0.0
1.6280000000000001,8.044965575524918,-1.1448411392211928,0.7168355562201922,0.0,10.285274858509943,9.284586485069113,478.2871508465041,449.1035225165034,0.0
1.629,7.842001144716806,-1.0854863747038843,-10.0,0.0,10.293161110991075,7.495316496687396,479.0883705261454,449.1035225165034,0.0
1.6300000000000001,6.859615606354078,-0.8088151260219287,-10.0,0.0,10.091491449676083,6.098963252865983,467.55581700513494,449.1035225165034,0.0
1.631,5.506992856522999,-0.43169950459274586,-5.949626732406894,0.0,9.731637424240054,5.406584073828246,454.04960918000984,449.1035225165034,0.0
1.6320000000000001,4.212500678510447,-0.1251065835537104,0.7540163135205931,0.0,9.308576818343855,5.5732223246098425,446.2328023753125,449.1035225165034,0.0
1.633,3.351064641599329,-0.052554283905751564,4.691126917281185,0.0,8.939571274364548,6.128749467958144,445.83294995495817,449.1035225165034,0.0
1.6340000000000001,2.978267574448633,-0.23481419521349262,4.923758853073791,0.0,8.683793112358334,6.610435066490734,449.4965289639537,449.1035225165034,0.0
1.635,2.9260225772607855,-0.573433815110936,3.0880392841015096,0.0,8.537186885481642,6.816137796043723,452.91790339630495,449.1035225165034,0.0
1.6360000000000001,2.98043975878219,-0.9412215319056929,1.3392082591278793,0.0,8.462882006896367,6.806087072957133,453.3255016132594,449.1035225165034,0.0
1.637,3.0126698532170946,-1.2530062546593363,1.0931893596830924,0.0,8.425620986195915,6.777036027058859,450.8926859469025,449.1035225165034,0.0
1.6380000000000001,3.0153718050344436,-1.4927409620791183,2.2917055585575667,0.0,8.412433933564317,6.881486040795446,447.8056752305529,449.1035225165034,0.0
1.639,3.050291679046426,-1.6874001596116435,3.8481893895918695,0.0,8.430025752223921,7.129586240697101,445.1756131831237,449.1035225165034,0.0
1.6400000000000001,3.169276240547152,-1.8595177667154223,5.202499506640263,0.0,8.487654753813816,7.475305774014569,443.4638287211564,449.1035225165034,0.0
1.641,3.393137771792184,-2.013219325707876,6.114788675577374,0.0,8.589278803994603,7.855590038749933,441.8942635922137,449.1035225165034,0.0
1.6420000000000001,3.7130639658956834,-2.1351760451503914,6.971663829291629,0.0,8.730647099179603,8.260188391210104,440.12734418522405,449.1035225165034,0.0
1.643,4.120433149107197,-2.2138659350850958,7.944885316099244,0.0,8.90577472079051,8.69533800174222,438.0488990513775,449.1035225165034,0.0
1.6440000000000001,4.614175278285988,-2.2435215403731767,9.094654117673787,0.0,9.109379758975876,9.170989824309785,436.66672159601103,449.1035225165034,0.0
1.645,5.199862302088161,-2.2247611731537535,9.910110854561935,0.0,9.337829279152448,9.63815137015463,437.49021052473034,449.1035225165034,0.0
1.6460000000000001,5.862136380471746,-2.1516977058313795,9.614499510120009,0.0,9.58230062416258,9.97377661979098,441.1962601794334,449.1035225165034,0.0
1.647,6.5368110537912845,-2.002952087352279,7.840547306139176,0.0,9.82025597627586,10.040516376689933,445.45767881131644,449.1035225165034,0.0
1.6480000000000001,7.112982388771717,-1.7536510391412397,5.746296427249529,0.0,10.01515410974928,9.8551175183576,441.3373808795742,449.1035225165034,0.0
1.649,7.514748626382603,-1.4046628461121324,7.884106809489943,0.0,10.136126853291035,9.925417437253802,468.6347785868557,449.1035225165034,0.0
1.6500000000000001,7.866189012238387,-1.1340732383931753,-5.959904604854332,0.0,10.225757339449437,8.421924499146249,461.9668193314739,449.1035225165034,0.0
1.651,7.350559906668437,-0.8614396107036262,-2.754557945313143,0.0,10.12879168021259,7.6290057556295245,452.2277582227519,449.1035225165034,0.0
1.6520000000000001,6.609922761326896,-0.5990930963387449,2.0837302519853784,0.0,9.936098932244505,7.4821543505800765,452.98660675838045,449.1035225165034,0.0
1.653,5.985712426991433,-0.49841973690798946,1.6654751417523355,0.0,9.739539714174555,7.297584632463636,458.7771749938216,449.1035225165034,0.0
1.6540000000000001,5.425845560382493,-0.5230167217920965,-1.3265455007414104,0.0,9.547891848031513,6.842219496763489,462.8236060018195,449.1035225165034,0.0
1.655,4.801082598840507,-0.5687437916194718,-3.486961839593526,0.0,9.33465626276493,6.268625754273785,461.73247501183295,449.1035225165034,0.0
1.6560000000000001,4.086079940565574,-0.5838161868770331,-3.067685869553552,0.0,9.086585554556093,5.8711950103941355,456.5864808093748,449.1035225165034,0.0
1.657,3.3912627935624737,-0.5942167765018991,-0.5695183512531878,0.0,8.824572183686335,5.8285857969818,450.2887386926549,449.1035225165034,0.0
1.6580000000000001,2.870506542714177,-0.6653753709996313,2.5675005453452555,0.0,8.592222668060824,6.134461587389831,445.83700599966147,449.1035225165034,0.0
1.659,2.6265940336050075,-0.8487635925120403,4.8260320570103765,0.0,8.433156801460052,6.625205938005209,445.10931637602243,449.1035225165034,0.0
1.6600000000000001,2.658631853132447,-1.1422503064655187,5.229818930234705,0.0,8.369521612900654,7.066837222597886,446.8659587597671,449.1035225165034,0.0
1.661,2.864556901311795,-1.4813986027441681,4.373873375929723,0.0,8.39078451710758,7.337418603065114,448.4238348466837,449.1035225165034,0.0
1.6620000000000001,3.1207136099456645,-1.7825457152563375,3.6017322091696373,0.0,8.466713968354089,7.480574075637817,448.1898244382249,449.1035225165034,0.0
1.663,3.3583683437866845,-1.9949228913062815,3.7278743941818226,0.0,8.569716039973589,7.615023544460673,445.6945009656771,449.1035225165034,0.0
1.6640000000000001,3.5817819812602596,-2.112233028234913,5.009626345963984,0.0,8.686643194615074,7.863860613625421,442.1665171146597,449.1035225165034,0.0
1.665,3.84843023134449,-2.1642438677969427,6.8429883254911115,0.0,8.821309431691423,8.26126181843348,438.7351816467297,449.1035225165034,0.0
1.666,4.217976985842187,-2.1817679163338832,8.662339468153855,0.0,8.983656702484387,8.77620087187209,436.0911521466331,449.1035225165034,0.0
1.667,4.723616667062152,-2.1795464872031873,10.0,0.0,9.180843553852167,9.332904996733365,435.2823588960939,449.1035225165034,0.0
1.668,5.359565590216831,-2.1512469244044965,10.0,0.0,9.410891394952754,9.775382804192017,437.2741870557555,449.1035225165034,0.0
1.669,6.055285324484993,-2.0636663366062296,9.764079967214496,0.0,9.65283136365932,10.100496729870502,442.6989106478325,449.1035225165034,0.0
1.67,6.754964671042986,-1.9051832208219819,7.115764289862683,0.0,9.886531391204795,10.058330204892256,445.5515580378732,449.1035225165034,0.0
1.671,7.304880737445098,-1.6359463787450705,5.724960239628656,0.0,10.064613542027274,9.863751072575505,436.4924186134258,449.1035225165034,0.0
1.672,7.690796038398097,-1.2741380816064514,10.0,0.0,10.168323020271355,10.153648960275055,454.42204290961604,449.1035225165034,0.0
1.673,8.03156199199862,-1.2040020711559523,1.3550308190392126,0.0,10.286554461282815,9.397605897633131,466.64622229054635,449.1035225165034,0.0
1.674,7.895059721150134,-1.1200530720003063,-4.932485869166371,0.0,10.308825422126324,8.142236050792878,474.30586450820664,449.1035225165034,0.0
1.675,7.192240955127762,-0.9326285300226043,-9.01433039791355,0.0,10.183555092575462,6.704447594994845,470.5168185779358,449.1035225165034,0.0
1.676,6.013575137930937,-0.6204422050277147,-7.333940393392451,0.0,9.894566700070222,5.746197349837748,460.8532651516475,449.1035225165034,0.0
1.677,4.717148813083273,-0.3095936564068775,-2.6196611065997546,0.0,9.507580645201454,5.487460349009094,451.94561380767976,449.1035225165034,0.0
1.678,3.660510486349201,-0.14038198762218113,1.8057436524723602,0.0,9.117914697656587,5.758816126098708,447.759622572053,449.1035225165034,0.0
1.679,3.0197750068450153,-0.18626955612975893,3.9121782697302505,0.0,8.801090671798853,6.211438010510642,447.72570774751085,449.1035225165034,0.0
1.68,2.7631340853971915,-0.41901565693442544,3.942913829691245,0.0,8.586354432371522,6.591255015882958,449.68595092418497,449.1035225165034,0.0
1.681,2.7496022706545347,-0.7552123374003139,2.956967957277373,0.0,8.465727691267356,6.801777385617386,451.2209616097541,449.1035225165034,0.0
1.682,2.8325278024454796,-1.1046359679411086,2.1682882235602925,0.0,8.413290493801878,6.893032405638785,451.14171020670443,449.1035225165034,0.0
1.683,2.9276392405491682,-1.4089438022650635,2.187532048183123,0.0,8.405202143555314,6.970288819083679,449.5181964778028,449.1035225165034,0.0
1.684,3.0213748425134765,-1.6494327560199653,2.995142173020943,0.0,8.429058976247692,7.118295629810324,446.88592236815975,449.1035225165034,0.0
1.685,3.142544151852737,-1.834319377624123,4.333455229325904,0.0,8.483263445582413,7.380634509671036,444.4237633651849,449.1035225165034,0.0
1.686,3.3336178879286935,-1.9804876384088772,5.611332322326503,0.0,8.572510998440013,7.7295368802711995,441.99354838152925,449.1035225165034,0.0
1.687,3.6160576060849836,-2.094547960320791,6.897539555504082,0.0,8.698808985874326,8.152020162180204,439.9108203604423,449.1035225165034,0.0
1.688,4.002921372608948,-2.1773439492773674,8.030830587608168,0.0,8.862692458322218,8.61695423870534,437.8394416048,449.1035225165034,0.0
1.689,4.493290337400504,-2.222085992078104,9.179160774546345,0.0,9.060774655996346,9.116694716603078,436.5947167519882,449.1035225165034,0.0
1.69,5.085166266232015,-2.2239816898656817,9.926611258597411,0.0,9.288783788021462,9.596802955331139,437.30751462037284,449.1035225165034,0.0
1.691,5.755569627676316,-2.171200824132052,9.688172403366389,0.0,9.5361779785083,9.950172894002426,440.6176825862622,449.1035225165034,0.0
1.692,6.442078530751937,-2.0405859827458954,8.117946819724112,0.0,9.780329919918442,10.05379288648305,445.2404265590832,449.1035225165034,0.0
1.693,7.041519381186049,-1.8086560048773732,5.845205792887837,0.0,9.986222517283956,9.878093412224064,442.8773591818251,449.1035225165034,0.0
1.694,7.462330611408194,-1.470512718744224,7.089001114863651,0.0,10.119079445791057,9.859803213993139,451.0362343704126,449.1035225165034,0.0
1.695,7.825557850862876,-1.122417569652971,2.990236402030808,0.0,10.201912628085648,9.357578772766846,468.1805849275148,449.1035225165034,0.0
1.696,7.74384715867037,-1.0094828586833158,-5.772709500630406,0.0,10.217298181312405,8.003544140263962,466.63961857991876,449.1035225165034,0.0
1.697,7.05425944566019,-0.770061193844461,-5.177587287466532,0.0,10.070534679943616,7.014581970317876,459.88816807208036,449.1035225165034,0.0
1.698,6.094753844074345,-0.50734637723835,-1.9097084891031022,0.0,9.813046898538817,6.562004851962198,455.4377022812623,449.1035225165034,0.0
1.699,5.180167882536868,-0.34695579790950504,0.2521826086583303,0.0,9.521034367878816,6.425075299824993,454.3397314888719,449.1035225165034,0.0
1.7,4.445419413195448,-0.3255401819451563,0.7488059151298518,0.0,9.243778323108305,6.377323574581947,454.9871454816315,449.1035225165034,0.0
1.701,3.8863119507143264,-0.4158812796509218,0.3662626890987726,0.0,8.999624387197823,6.313729765637527,455.1299377285943,449.1035225165034,0.0
1.702,3.45210714296574,-0.5674134666693604,0.23460241349645727,0.0,8.78929159357891,6.26359420016809,453.5799134197024,449.1035225165034,0.0
1.703,3.115988452118963,-0.7468411856822031,0.9648506589104273,0.0,8.613200249996174,6.311713829550926,450.6912365078824,449.1035225165034,0.0
1.704,2.8922602918287654,-0.9497342011094383,2.3933119749066227,0.0,8.48005395821687,6.508489534666102,447.9832802026268,449.1035225165034,0.0
1.705,2.810356950294487,-1.1856430308401709,3.758492550673192,0.0,8.403820907243114,6.8149303762320566,447.0223184898024,449.1035225165034,0.0
1.706,2.8739747000902414,-1.4505465277709255,4.259785447352416,0.0,8.392635541888412,7.116777255528214,446.7554506445177,449.1035225165034,0.0
1.707,3.0386249989343828,-1.7099262615906838,4.416700088714627,0.0,8.438636136749658,7.382093236567439,446.40872103098263,449.1035225165034,0.0
1.708,3.260801859278,-1.9281334231061318,4.617012910337358,0.0,8.527977260657204,7.623149991304386,445.26163145800734,449.1035225165034,0.0
1.709,3.5168696421381256,-2.0823716065419755,5.2289766074099635,0.0,8.647274076210477,7.888402373908977,442.7451795737937,449.1035225165034,0.0
1.71,3.813216662765387,-2.169463477740365,6.550785978943894,0.0,8.789204172466345,8.248301099266044,439.8303729370277,449.1035225165034,0.0
1.711,4.186465550187147,-2.206705279990491,8.100920793121652,0.0,8.956156811167869,8.705605790147086,437.0476292463016,449.1035225165034,0.0
1.712,4.667550812685757,-2.207961258779081,9.61285157118671,0.0,9.151910394731583,9.235499423254925,435.7463103348934,449.1035225165034,0.0
1.713,5.270762716282709,-2.17865236044795,10.0,0.0,9.377841444645401,9.69790361402648,437.037172995276,449.1035225165034,0.0
1.714,5.947984599083309,-2.0960380904302953,9.864373650753732,0.0,9.61862532792636,10.049407819934949,441.7523628927673,449.1035225165034,0.0
1.715,6.643581695253512,-1.9453447765082803,7.5802902982454645,0.0,9.854731121638826,10.070203626546501,445.8829061738451,449.1035225165034,0.0
1.716,7.217327715152496,-1.6894309146904773,5.5472248211331525,0.0,10.042662324980464,9.855577971683683,439.939015976614,449.1035225165034,0.0
1.717,7.607499277619381,-1.3335093962782358,8.610814985147595,0.0,10.15374561409449,10.001352163781661,465.9144493975942,449.1035225165034,0.0
1.718,7.922324706047988,-1.1805682040959167,-4.545010994153417,0.0,10.255033677550973,8.635151424715506,458.69727052322986,449.1035225165034,0.0
1.719,7.484513698111469,-0.9458189243843682,-1.0323590370385203,0.0,10.18527985190875,7.9849570061345645,457.4226104754863,449.1035225165034,0.0
1.72,6.851270037348479,-0.7480072482976259,-0.47821989275656573,0.0,10.038070175400225,7.483914125751932,461.7752788535947,449.1035225165034,0.0
1.721,6.13672949237808,-0.6296982447075692,-2.781271645181696,0.0,9.84444130487025,6.831644504886235,463.9729988322017,449.1035225165034,0.0
1.722,5.302923954708248,-0.5386268840923725,-4.02882639764217,0.0,9.596113599674933,6.195611657501688,461.7428030661745,449.1035225165034,0.0
1.723,4.404303561814121,-0.4529766677187621,-3.040121320125263,0.0,9.300504570065751,5.810092618229184,456.7708865774361,449.1035225165034,0.0
1.724,3.580431714333582,-0.4089427319746839,-0.6308367163654034,0.0,8.991917308722119,5.7703385348553455,451.0403927897186,449.1035225165034,0.0
1.725,2.97056113398462,-0.45632225777668745,2.2150414747611835,0.0,8.715865452371133,6.0515019340344365,447.51374374874285,449.1035225165034,0.0
1.726,2.6562420410415863,-0.6324907513571003,3.994263782926674,0.0,8.514439860608977,6.472675874067698,446.55380817341694,449.1035225165034,0.0
1.727,2.613755270027326,-0.9195892783767735,4.499728714020495,0.0,8.405093375062721,6.870929134142222,447.96668738264754,449.1035225165034,0.0
1.728,2.7523164571624315,-1.2615291941038536,3.8046574607437567,0.0,8.38124926953833,7.1212433341882875,448.9964153860132,449.1035225165034,0.0
1.729,2.9538545904223064,-1.5807702897851343,3.2908645303658206,0.0,8.416518115938652,7.273791611081265,448.7538439758197,449.1035225165034,0.0
1.73,3.156726616198058,-1.8299065569657191,3.4156470208694247,0.0,8.48772748382129,7.413175406681418,446.45855840935735,449.1035225165034,0.0
1.731,3.3559863673910315,-1.9950348821597947,4.589739445172048,0.0,8.581427047575222,7.653754248904605,443.71081688302564,449.1035225165034,0.0
1.732,3.5967080230051005,-2.1006126905145206,6.01753726467268,0.0,8.69977681484316,8.000475214577289,440.7270763336074,449.1035225165034,0.0
1.733,3.919659251839789,-2.162884155960949,7.593172001210769,0.0,8.846757785067135,8.450283484618009,438.02980935937904,449.1035225165034,0.0
1.734,4.355312447817553,-2.194351148155814,9.052542619896183,0.0,9.02686013975975,8.969891106097858,436.2142440130418,449.1035225165034,0.0
1.735,4.914144408491916,-2.196754062817172,10.0,0.0,9.24086267182189,9.488059822809152,436.0806533449127,449.1035225165034,0.0
1.736,5.575701673457166,-2.1567927258000785,10.0,0.0,9.480862046130456,9.89915436771506,439.187260811271,449.1035225165034,0.0
1.737,6.278953069829562,-2.050591669736552,8.824627471344698,0.0,9.726688434701932,10.093106336457833,444.61645785262675,449.1035225165034,0.0
1.738,6.9292509213431,-1.8526126925649624,6.154899597305597,0.0,9.946611704362304,9.945829156622967,444.73126303291195,449.1035225165034,0.0
1.739,7.39798679603019,-1.5409615270245032,6.14121960199891,0.0,10.097513090635415,9.815406533293839,432.92151325742344,449.1035225165034,0.0
1.74,7.758211394462547,-1.163731287719064,10.0,0.0,10.181903261280112,10.102781607577423,459.6802934231016,449.1035225165034,0.0
1.741,8.04794120827074,-1.1360839312568625,-1.3214015012177756,0.0,10.287323015470905,9.057648188848583,479.100490430858,449.1035225165034,0.0
1.742,7.739919041519148,-1.0441035242489036,-10.0,0.0,10.26784608116348,7.322918004038593,477.1128988738703,449.1035225165034,0.0
1.743,6.710048889895586,-0.7500729244865798,-10.0,0.0,10.045420259902027,5.95670462427776,464.1031005630507,449.1035225165034,0.0
1.744,5.340156059522378,-0.3649983157453016,-4.224412135177532,0.0,9.66919778182672,5.480574175322151,451.6795907289537,449.1035225165034,0.0
1.745,4.129809092100585,-0.09995606612739127,1.961582099746459,0.0,9.257680605292824,5.756577248760654,446.08388165934656,449.1035225165034,0.0
1.746,3.377034804356226,-0.084004760886913,4.789633043121604,0.0,8.915811232675892,6.283755660601602,447.1358083042808,449.1035225165034,0.0
1.747,3.069755586164623,-0.3005043668217755,4.283346862776725,0.0,8.684821108209988,6.666330275848708,451.0904776850359,449.1035225165034,0.0
1.748,3.019834863431922,-0.6397083147926984,2.2861426207138242,0.0,8.55033489593284,6.775337299619727,453.72739379466174,449.1035225165034,0.0
1.749,3.032390314863944,-0.9825076721512709,0.9214458531193332,0.0,8.47451389709024,6.727970090886309,453.0557550495448,449.1035225165034,0.0
1.75,3.017081865789057,-1.2648032339497508,1.217742900347381,0.0,8.429162795482807,6.725806629925566,450.0219310287385,449.1035225165034,0.0
1.7510000000000001,2.9961557681026805,-1.4883624502581974,2.7254708256281908,0.0,8.40989901611599,6.884360292463515,447.1110010369248,449.1035225165034,0.0
1.752,3.0366610496501325,-1.6840664177213438,4.200861036330828,0.0,8.427708825197508,7.167683012788384,444.9082998200883,449.1035225165034,0.0
1.7530000000000001,3.174659230625827,-1.8650924210217803,5.3441638717132225,0.0,8.490025746091778,7.520689104682099,443.43386973454864,449.1035225165034,0.0
1.754,3.4156078363099303,-2.02595400499106,6.138075442302603,0.0,8.59729609828961,7.895399159071391,442.1269423299789,449.1035225165034,0.0
1.7550000000000001,3.7456310433567372,-2.150385906326493,6.86130494645273,0.0,8.743389314013791,8.281088306273844,440.3432233368085,449.1035225165034,0.0
1.756,4.152551185204652,-2.2247698712767696,7.840767434834877,0.0,8.920380040016976,8.701865455476202,438.1264032902256,449.1035225165034,0.0
1.7570000000000001,4.640143313455973,-2.2466799913873112,9.058948650389096,0.0,9.123415681902737,9.17290333849662,436.6254296301588,449.1035225165034,0.0
1.758,5.219816373007694,-2.220453280101564,9.934216409285938,0.0,9.350147508459422,9.642350523458509,437.45051173581385,449.1035225165034,0.0
1.7590000000000001,5.879254457155323,-2.1421989110459894,9.638205464265312,0.0,9.592805157373375,9.979470832377917,441.2624113013547,449.1035225165034,0.0
1.76,6.553081480536762,-1.9903283319977119,7.810666793646378,0.0,9.828985852283116,10.041549139248419,445.48317788323084,449.1035225165034,0.0
1.7610000000000001,7.127089369213331,-1.7387240791408787,5.73648694904103,0.0,10.021598546365167,9.854750691201842,440.96053122848645,449.1035225165034,0.0
1.762,7.52729297095491,-1.3886784203498523,8.079240189293394,0.0,10.140281146295907,9.946055694937128,472.70218558382754,449.1035225165034,0.0
1.7630000000000001,7.875082215651786,-1.142549040477205,-8.027573619050395,0.0,10.232652211409029,8.210666626072385,459.988961913684,449.1035225165034,0.0
1.764,7.26190248397085,-0.8314619069984852,-1.7798161779504413,0.0,10.110488972240423,7.577302690141727,448.8726916152113,449.1035225165034,0.0
1.7650000000000001,6.524369352929453,-0.5684475926152943,3.7806272802988437,0.0,9.91138496014825,7.619226876981443,452.003712938349,449.1035225165034,0.0
1.766,5.984798630594639,-0.5084827287585254,2.1861147145115365,0.0,9.732417776068852,7.458024875255288,460.07313716381634,449.1035225165034,0.0
1.7670000000000001,5.494474894197767,-0.5703871324507646,-1.9582935446952647,0.0,9.562636243269498,6.903646476219242,464.91489059637263,449.1035225165034,0.0
1.768,4.874862835896392,-0.6218921125605632,-4.537283941772101,0.0,9.35944152762163,6.208736991769662,463.048970698968,449.1035225165034,0.0
1.7690000000000001,4.109685643999676,-0.6119747645220518,-3.743778474894428,0.0,9.10546937700825,5.754047860053193,456.5133013373807,449.1035225165034,0.0
1.77,3.3535855300422837,-0.5885610081614696,-0.5500415823095604,0.0,8.828949188565286,5.738325670578937,449.24376062943196,449.1035225165034,0.0
1.7710000000000001,2.800530475453886,-0.6401307166074162,3.083326390535529,0.0,8.584415605511849,6.11753184416007,444.7317154003027,449.1035225165034,0.0
1.772,2.5654696154560312,-0.8266954560272161,5.383067076262178,0.0,8.422262422373592,6.671327981833107,444.7301971399616,449.1035225165034,0.0
1.7730000000000001,2.6315748321301626,-1.1379277048465417,5.4275594601981325,0.0,8.364074071292391,7.12580376036657,447.0944306895332,449.1035225165034,0.0
1.774,2.8683376463882864,-1.49247323045587,4.265533603682023,0.0,8.39303981850149,7.375362500480786,448.82217692364264,449.1035225165034,0.0
1.7750000000000001,3.1382616615697576,-1.7985289736772179,3.4044739425559216,0.0,8.474185541499352,7.492441623618396,448.4756947345605,449.1035225165034,0.0
1.776,3.3751290550396256,-2.0065530377284193,3.5839933149164342,0.0,8.578746694124613,7.610928961183079,445.56607530021876,449.1035225165034,0.0
1.7770000000000001,3.5915778417389266,-2.115373426850925,5.074177504250141,0.0,8.694590467406776,7.8687080547546975,441.94360069737206,449.1035225165034,0.0
1.778,3.857270746795041,-2.1623492048993986,6.957014023864801,0.0,8.828706904411993,8.277442059872467,438.49832264286556,449.1035225165034,0.0
1.7790000000000001,4.2314934173956384,-2.1780118007168374,8.785705049854432,0.0,8.9915382259879,8.802534391126189,435.9515016456166,449.1035225165034,0.0
1.78,4.745554964224533,-2.1759262726311697,10.0,0.0,9.190209614483987,9.353881612223073,435.2218649896737,449.1035225165034,0.0
1.7810000000000001,5.386219180467103,-2.14571873390815,10.0,0.0,9.420846612261482,9.792485852240029,437.3774551970716,449.1035225165034,0.0
1.782,6.084410024881425,-2.0555919138247196,9.71611435587347,0.0,9.662668459440976,10.10867159645597,442.9250510632603,449.1035225165034,0.0
1.7830000000000001,6.782495333085757,-1.89385145696354,7.004101137311545,0.0,9.895036514270215,10.052130877909384,445.4905477809538,449.1035225165034,0.0
1.784,7.325389914957228,-1.6203586259779312,5.757482525820281,0.0,10.070046884922068,9.861735570698144,435.6374274875728,449.1035225165034,0.0
1.7850000000000001,7.708772059985632,-1.256987031323542,10.0,0.0,10.171280740685486,10.150280849413488,453.0387351856242,449.1035225165034,0.0
1.786,8.04279228632366,-1.1930427401003243,2.062323574627184,0.0,10.287845582656086,9.471617000853932,469.4866876414961,449.1035225165034,0.0
1.7870000000000001,7.932844818957745,-1.132906894531069,-6.365484304558678,0.0,10.318912055473286,8.040228342564305,477.0299968494363,449.1035225165034,0.0
1.788,7.17069505773606,-0.9292472274698813,-10.0,0.0,10.181931810258762,6.5223035487394005,470.8913599600057,449.1035225165034,0.0
1.7890000000000001,5.915760027237297,-0.5858338235060585,-7.556635508540666,0.0,9.871118232417793,5.578009816533122,459.3527514125467,449.1035225165034,0.0
1.79,4.572879630857463,-0.2531493218152825,-1.8898235237716103,0.0,9.463795477993946,5.431147266470171,449.9191918550869,449.1035225165034,0.0
1.7910000000000001,3.5342307539184894,-0.09186190223105961,2.8187995615724413,0.0,9.068103972868833,5.820341688010774,446.4691935910671,449.1035225165034,0.0
1.792,2.95949051889779,-0.17087288281348578,4.5701419828367165,0.0,8.7612051424702,6.32944388945332,447.66487070112856,449.1035225165034,0.0
1.793,2.775449590065135,-0.4415268723326138,3.9866899459597316,0.0,8.564888244296963,6.6897499392640265,450.51738824720593,449.1035225165034,0.0
1.794,2.8053004963621793,-0.8004311558519013,2.5462925156140237,0.0,8.461006572214055,6.836660488326077,452.1334303084328,449.1035225165034,0.0
1.795,2.8911578375534988,-1.1495557266696312,1.7079724070812836,0.0,8.417018782200397,6.8715347791704104,451.45368988569794,449.1035225165034,0.0
1.796,2.9632130207672787,-1.4378079948439528,2.024340944756779,0.0,8.409133704063533,6.934639105416975,449.20449328657645,449.1035225165034,0.0
1.797,3.0332633141552505,-1.6615159746387156,3.147929536616793,0.0,8.430072921460694,7.104090570512506,446.39382974965935,449.1035225165034,0.0
1.798,3.145739731276286,-1.8383890089783321,4.580358232743786,0.0,8.483082317607112,7.393350178544138,444.02920963758305,449.1035225165034,0.0
1.799,3.3415713488023076,-1.9846617261379889,5.813411417571137,0.0,8.574038003486205,7.7598796150003295,441.85136477389,449.1035225165034,0.0
1.8,3.63501227675536,-2.101999617695046,6.974855426843798,0.0,8.703995505322693,8.183959799670957,439.92734376949517,449.1035225165034,0.0
1.801,4.030750789729903,-2.186314802614,8.028627716511295,0.0,8.871466566868111,8.642331400681199,437.9221837819625,449.1035225165034,0.0
1.802,4.525031008915619,-2.2293560844277254,9.143021097623052,0.0,9.071919071510328,9.133245057789894,436.6638677928088,449.1035225165034,0.0
1.803,5.116333558070546,-2.2268607079929703,9.89657563943684,0.0,9.300712787173232,9.606759187225157,437.3876829753133,449.1035225165034,0.0
1.804,5.783878980536457,-2.1687182981961675,9.651826443596494,0.0,9.547607832900075,9.953826347342904,440.7670078239647,449.1035225165034,0.0
1.805,6.465919221302048,-2.032875280180678,8.045529166196165,0.0,9.79015878218227,10.048282115206376,445.2823503741447,449.1035225165034,0.0
1.806,7.058401089477119,-1.79601558727505,5.826069612529761,0.0,9.993204077283128,9.871117219990811,442.51078417660995,449.1035225165034,0.0
1.807,7.473981773158013,-1.4548730115149557,7.277780094696071,0.0,10.123071266947791,9.874067035858705,456.2936707514502,449.1035225165034,0.0
1.808,7.836945603865048,-1.1200306023428537,0.3144353249264866,0.0,10.206825479981449,9.07345334506899,466.9733253471631,449.1035225165034,0.0
1.809,7.623372487271361,-0.96056479012347,-5.204090001236569,0.0,10.187950087380356,7.8509947876137485,462.335848097517,449.1035225165034,0.0
1.81,6.9017343479010735,-0.7076545619395115,-3.01767463222365,0.0,10.022490911315808,7.12182995466177,457.2067043264351,449.1035225165034,0.0
1.811,6.035350626091071,-0.48862204089448813,-0.5341345647820241,0.0,9.7790966945294,6.7884467691323795,455.711049770022,449.1035225165034,0.0
1.812,5.2392593855143925,-0.38872417957343264,0.14761744088934758,0.0,9.517905141333832,6.593125999672057,456.5541080222761,449.1035225165034,0.0
1.813,4.562997450589823,-0.3991635808463514,-0.3484175402954488,0.0,9.265447979265021,6.396264684287107,457.20198892196504,449.1035225165034,0.0
1.814,3.9788890587468484,-0.4781344747189056,-0.7533426541945225,0.0,9.027132806177844,6.211751675270196,456.0086577450504,449.1035225165034,0.0
1.815,3.4725740995018697,-0.5910856543771001,-0.22572841802267973,0.0,8.805832770321372,6.1337988285626786,452.99177384570186,449.1035225165034,0.0
1.816,3.0718044509763542,-0.7336726514147001,1.243831018359614,0.0,8.61342251125735,6.23690817032595,449.37115068931365,449.1035225165034,0.0
1.817,2.8253041540928328,-0.9219277157274708,3.0514663148256145,0.0,8.469846399380083,6.517717176425863,446.958694295216,449.1035225165034,0.0
1.818,2.7634789415502174,-1.1677063422478888,4.279142794087319,0.0,8.393861897574652,6.877391500893038,446.8532549317213,449.1035225165034,0.0
1.819,2.8648727447560334,-1.4529321743255252,4.354365151682473,0.0,8.390360333659824,7.1777260667977405,447.17005495388037,449.1035225165034,0.0
1.82,3.056739171985291,-1.725948970541047,4.215299816229182,0.0,8.44442197198987,7.411536240281508,446.9166852431735,449.1035225165034,0.0
1.821,3.2855610589261675,-1.9449964541207714,4.3638530443159125,0.0,8.53782351906691,7.621851325402778,445.0857600509106,449.1035225165034,0.0
1.822,3.533777165850265,-2.0906840700269633,5.319493265103289,0.0,8.656751582862256,7.89909439583313,442.59289295993216,449.1035225165034,0.0
1.823,3.829282563618926,-2.173598337663732,6.631033106158226,0.0,8.799174840602083,8.265195513222833,439.7109314054201,449.1035225165034,0.0
1.824,4.204879828506846,-2.2081973603612255,8.165939794525075,0.0,8.966942634127257,8.726292536797372,436.9979783058486,449.1035225165034,0.0
1.825,4.689781148286329,-2.207447338755541,9.643471786417376,0.0,9.163614858053762,9.25565291706459,435.7741768602649,449.1035225165034,0.0
1.826,5.29618933958343,-2.1756973671392075,10.0,0.0,9.390070900952605,9.71433137742802,437.19832851628536,449.1035225165034,0.0
1.827,5.974772980144103,-2.0900185184319504,9.787868758448141,0.0,9.630642011956269,10.054307758789758,442.02046568408525,449.1035225165034,0.0
1.828,6.666844136937541,-1.9349750227101121,7.4476307428723745,0.0,9.864955653953414,10.059696752976201,445.55946816226714,449.1035225165034,0.0
1.829,7.230921389824625,-1.6750376347765146,5.7135700473237945,0.0,10.049334153454007,9.865506129339485,438.9402504357126,449.1035225165034,0.0
1.83,7.625159392491888,-1.3185853952195123,9.124811631408978,0.0,10.159245368168934,10.064024191456824,462.98519482506794,449.1035225165034,0.0
1.831,7.956522721028713,-1.1921832320398833,-3.0364772863543417,0.0,10.267677552069918,8.849319785926728,460.6326279834507,449.1035225165034,0.0
1.832,7.6024474567772815,-0.996359375045476,-1.9754849202151843,0.0,10.223519474390201,8.047513001145706,461.8954195940069,449.1035225165034,0.0
1.833,6.9570432963799105,-0.8024886608559483,-2.7347996962683365,0.0,10.084228986009453,7.294790243048773,464.3980648002277,449.1035225165034,0.0
1.834,6.121768886666681,-0.6338469315325521,-4.139067722215975,0.0,9.866983387573402,6.541960520294229,463.41640216574064,449.1035225165034,0.0
1.835,5.1582616241524795,-0.4812685262637295,-3.7913652014648145,0.0,9.58108216941917,5.992612222293071,459.28713590903317,449.1035225165034,0.0
1.836,4.206573864122273,-0.3683821387701439,-1.8285682070363785,0.0,9.25794452470864,5.777089857434403,454.06732506571194,449.1035225165034,0.0
1.837,3.422082854116239,-0.3423850414262085,0.7316991891321498,0.0,8.943837591150393,5.889584541725161,450.25948807350056,449.1035225165034,0.0
1.838,2.9079090338767455,-0.44131603421968124,2.624058029667867,0.0,8.683533199557775,6.190690072854549,448.12353235074914,449.1035225165034,0.0
1.839,2.6729347514721984,-0.6596838490049763,3.7018357927011194,0.0,8.502400949935804,6.555992010102141,447.7770086770361,449.1035225165034,0.0
1.84,2.6636613303628116,-0.9633405504878199,3.888362767952304,0.0,8.407130678016049,6.875061051808062,448.7814254603432,449.1035225165034,0.0
1.841,2.7917961714419963,-1.2961352783415192,3.3893753468603665,0.0,8.386865190507939,7.081754709348988,449.0772676128675,449.1035225165034,0.0
1.842,2.9666319616297128,-1.5959239519514201,3.2417168196345747,0.0,8.418944424323284,7.236549300091233,448.2581595967641,449.1035225165034,0.0
1.843,3.150759248105281,-1.8300503960494634,3.659724456883682,0.0,8.48605121594601,7.408024136900015,446.2710375478606,449.1035225165034,0.0
1.844,3.3493199290268034,-1.9923862186525838,4.681610331021846,0.0,8.579110488132695,7.657289136936282,443.31895498521527,449.1035225165034,0.0
1.845,3.594515562661847,-2.0961040938163698,6.215497287657393,0.0,8.69757594114633,8.024456357785484,440.43149446650295,449.1035225165034,0.0
1.846,3.9297577733445785,-2.1613072381074776,7.745947827513556,0.0,8.847046738063902,8.485339404830201,437.85044653170144,449.1035225165034,0.0
1.847,4.379545325087726,-2.196580939588157,9.149002554762335,0.0,9.030886835714158,9.00798853287609,436.1965189344697,449.1035225165034,0.0
1.848,4.9504214133097575,-2.2013261566935247,10.0,0.0,9.248777073270753,9.518037435399073,436.18511727400943,449.1035225165034,0.0
1.849,5.617771750464476,-2.1600819861515372,10.0,0.0,9.491298866393322,9.922660720768246,439.48345840251073,449.1035225165034,0.0
1.85,6.3227434479449425,-2.050885218623752,8.680094210077526,0.0,9.738431606017912,10.095010836669985,444.9001391214431,449.1035225165034,0.0
1.851,6.964963677940615,-1.846613588516409,6.013787684561951,0.0,9.956708171633682,9.931150046711796,444.4966073502113,449.1035225165034,0.0
1.852,7.420763691822092,-1.5278505253242405,6.261622721840756,0.0,10.103749781041998,9.815712112439826,435.47077508333814,449.1035225165034,0.0
1.853,7.778209984263373,-1.1498054442460521,10.0,0.0,10.186146107795603,10.100504190730884,464.47501122295364,449.1035225165034,0.0
1.854,8.05661395229232,-1.1343140540881707,-3.763183953855433,0.0,10.290858407596371,8.786672712603737,479.5699700546035,449.1035225165034,0.0
1.855,7.623059512407389,-0.9986195646001277,-10.0,0.0,10.238944849662241,7.116752714799668,474.1381871062497,449.1035225165034,0.0
1.856,6.536107362514072,-0.6801208934992742,-9.117476459880693,0.0,9.991552738814903,5.883308302946574,460.3829489760112,449.1035225165034,0.0
1.857,5.186480410444147,-0.30442486313481787,-2.352651659356538,0.0,9.607413821237905,5.621364057079279,449.74707117760346,449.1035225165034,0.0
1.858,4.086178242108748,-0.09371779041623274,2.958851753236342,0.0,9.216073553136482,5.971354440417184,446.51058881955856,449.1035225165034,0.0
1.859,3.444899291978051,-0.135328513053127,4.603022269228239,0.0,8.905550600396234,6.4344931440753586,448.98825250904156,449.1035225165034,0.0
1.86,3.188347735297242,-0.3792693858957692,3.3653431245613596,0.0,8.69881120208215,6.689487152753996,452.8487110747397,449.1035225165034,0.0
1.861,3.117452787088169,-0.7068827849834509,1.3976619561299275,0.0,8.57184320963856,6.699472612388766,454.3199808219933,449.1035225165034,0.0
1.862,3.0703450994865027,-1.0149296446535199,0.6098624994482353,0.0,8.48917958297563,6.633254494419118,452.450694905181,449.1035225165034,0.0
1.863,3.002745139621622,-1.2652020193750149,1.5110337339675892,0.0,8.432609999804695,6.679363574653206,448.9724174315125,449.1035225165034,0.0
1.864,2.9641345765604585,-1.4763468103063728,3.2514835216517617,0.0,8.407031486229497,6.901213715184939,446.4558011726862,449.1035225165034,0.0
1.865,3.0187651792809436,-1.6782855896668447,4.5362688645030715,0.0,8.426297655885332,7.215847408212917,444.8152591603629,449.1035225165034,0.0
1.866,3.1805877191958887,-1.871018868010116,5.3994225042261235,0.0,8.494281850702535,7.565789222481262,444.01621176177713,449.1035225165034,0.0
1.867,3.4377234545406155,-2.038813410839124,5.849819311066286,0.0,8.606991874392609,7.90178068167091,442.4672910704665,449.1035225165034,0.0
1.868,3.763921857380377,-2.157202515122239,6.690641971181968,0.0,8.753374897675492,8.270120054895997,440.352514142925,449.1035225165034,0.0
1.869,4.161102812472441,-2.2221658764038326,7.835540518688516,0.0,8.927915634650743,8.693366485719702,437.892381355642,449.1035225165034,0.0
1.87,4.643145613909523,-2.237393165292174,9.177718323938624,0.0,9.128352309175739,9.178880021653844,436.3609244343979,449.1035225165034,0.0
1.871,5.225569391486639,-2.209476613545224,10.0,0.0,9.354073576260603,9.653668890242216,437.27078903164914,449.1035225165034,0.0
1.872,5.890068007387484,-2.1311708328993446,9.73285034629701,0.0,9.59636713314224,9.998671110038966,441.30358780214357,449.1035225165034,0.0
1.873,6.57158694657502,-1.981160810263419,7.794450308193396,0.0,9.833213511631893,10.054527858738217,445.60031639037925,449.1035225165034,0.0
1.874,7.148888465617893,-1.730203788612093,5.681118075336797,0.0,10.025855754987223,9.858713047480482,440.72021432284896,449.1035225165034,0.0
1.875,7.547928084135115,-1.3793961701064974,8.205002191038485,0.0,10.143573025062143,9.962383173893334,471.6746557636096,449.1035225165034,0.0
1.8760000000000001,7.889302360728139,-1.1541341574828468,-7.497929861812907,0.0,10.238614835567306,8.281335873461666,459.4067815815342,449.1035225165034,0.0
1.877,7.304385713805575,-0.8532851505340298,-1.4670253614254922,0.0,10.12520696434066,7.666080873622228,450.4496111436992,449.1035225165034,0.0
1.8780000000000001,6.591580888238168,-0.6048267013289946,2.9980989712200374,0.0,9.937292440909665,7.604424582574385,453.9887824480695,449.1035225165034,0.0
1.879,6.021644246647955,-0.5358881178646632,1.179660719719219,0.0,9.756905081027961,7.341027999615935,461.0499208281781,449.1035225165034,0.0
1.8800000000000001,5.464003821488958,-0.5685036983886878,-2.470372453451807,0.0,9.572493898530867,6.758254152782938,464.4243707694451,449.1035225165034,0.0
1.881,4.78426023767765,-0.5907470044299232,-4.310805906614732,0.0,9.350367057459481,6.11856461423498,461.8301185147013,449.1035225165034,0.0
1.8820000000000001,4.001276351424139,-0.5710045324278072,-3.140945739224829,0.0,9.084089841659788,5.747051090028965,455.433014876727,449.1035225165034,0.0
1.883,3.270131671039678,-0.5595432096827974,-0.005688843839894986,0.0,8.806225674237535,5.791836929461784,448.859121183124,449.1035225165034,0.0
1.8840000000000001,2.762471674113014,-0.6344887391946291,3.2837020162953983,0.0,8.56898512897454,6.183369346728217,444.9937225204774,449.1035225165034,0.0
1.885,2.5661547211270466,-0.8409571912983973,5.257499347578964,0.0,8.416583954400785,6.712766530440737,445.30037132039735,449.1035225165034,0.0
1.8860000000000001,2.6499127845280728,-1.1599487925140004,5.1422064595800405,0.0,8.365387007268339,7.130387130827939,447.4629832312693,449.1035225165034,0.0
1.887,2.8836783529558696,-1.5097003151068313,4.077305896996416,0.0,8.396354566360907,7.360263211565917,448.8527881328606,449.1035225165034,0.0
1.8880000000000001,3.143067690830046,-1.8059114183833507,3.384910790037178,0.0,8.476298683752507,7.478538812517794,448.2119967363424,449.1035225165034,0.0
1.889,3.3729157470953313,-2.0059661742143833,3.714221746097879,0.0,8.579119861608786,7.613440028539475,445.180236329088,449.1035225165034,0.0
1.8900000000000001,3.5914763617431276,-2.1122163343119915,5.269334811599238,0.0,8.694836013334031,7.891159381340552,441.65501092053574,449.1035225165034,0.0
1.891,3.8674860071346275,-2.161433709129604,7.106432631835051,0.0,8.831103894795818,8.311032588758389,438.35505369994337,449.1035225165034,0.0
1.8920000000000001,4.25439617962059,-2.180424584642802,8.86389593029684,0.0,8.997329131411487,8.837695225689513,435.96577087472684,449.1035225165034,0.0
1.893,4.778837407906838,-2.1800033472571987,10.0,0.0,9.199361863191152,9.381891503885193,435.3508622049095,449.1035225165034,0.0
1.8940000000000001,5.424519119599485,-2.1482551702265242,10.0,0.0,9.432122862512902,9.814729810738916,437.68433506532864,449.1035225165034,0.0
1.895,6.12424562999811,-2.0550624770808534,9.565930994459979,0.0,9.674957878112135,10.109299697203113,443.2333192116896,449.1035225165034,0.0
1.8960000000000001,6.8152368410636175,-1.8852982479307494,6.8501409543276335,0.0,9.905224242522806,10.035288114108438,445.76593902947394,449.1035225165034,0.0
1.897,7.344307309874923,-1.6052809603474074,5.61720688030576,0.0,10.075958552840277,9.83195163856463,434.7327319461647,449.1035225165034,0.0
1.8980000000000001,7.7123027803137925,-1.2360678729521992,10.0,0.0,10.17147251783398,10.125270028453368,449.79026053816716,449.1035225165034,0.0
1.899,8.032597390737083,-1.1775656066992615,3.7163362848926242,0.0,10.284023806903317,9.632224583551679,470.81128878369714,449.1035225165034,0.0
1.9000000000000001,7.996508184678263,-1.1541717901317363,-7.011255500544301,0.0,10.334027125415652,8.089713111570804,481.2378107221845,449.1035225165034,0.0
1.901,7.233968906016007,-0.9617570482257278,-10.0,0.0,10.203847281434676,6.568485570145752,475.4272984673127,449.1035225165034,0.0
1.9020000000000001,5.97538434159975,-0.625792072180041,-9.852923796880095,0.0,9.899530667763331,5.363247535102021,461.1095660053546,449.1035225165034,0.0
1.903,4.517053055899537,-0.23878367313187976,-2.8141180007895636,0.0,9.465910637819906,5.1687301135171495,448.8364496803653,449.1035225165034,0.0
1.9040000000000001,3.3759075660891305,-0.024837593242503897,3.3251108900664685,0.0,9.03653688391499,5.666172242151825,443.6252282539706,449.1035225165034,0.0
1.905,2.7777307529853505,-0.08815124362097809,5.985504545889161,0.0,8.708948680604554,6.356571790307784,445.3856510386854,449.1035225165034,0.0
1.9060000000000001,2.657402404657683,-0.3914461873760899,5.142471868309931,0.0,8.515888559750035,6.833089382410172,449.9459221068327,449.1035225165034,0.0
1.907,2.7848331044991315,-0.8032304425832044,2.8539123383329876,0.0,8.432049528826443,6.984117321229359,453.177297915737,449.1035225165034,0.0
1.9080000000000001,2.9430535841731884,-1.192313598639654,1.197486679888521,0.0,8.410378499491266,6.9362073901794155,452.8194678872809,449.1035225165034,0.0
1.909,3.0317558798853605,-1.487671335768626,1.339242240408785,0.0,8.41468209950823,6.914903669811025,449.80524885776225,449.1035225165034,0.0
1.9100000000000001,3.077219120972313,-1.6933929309530231,2.8393344917555177,0.0,8.436100765585659,7.05563933996166,446.1437125787453,449.1035225165034,0.0
1.911,3.1588613307992333,-1.8483298202285638,4.6997007306415775,0.0,8.484436973938868,7.365556662798887,443.45300610386835,449.1035225165034,0.0
1.9120000000000001,3.3405201193540273,-1.9827910752833442,6.101559132206401,0.0,8.572172662903752,7.765750591328222,441.29901884255503,449.1035225165034,0.0
1.913,3.637924379658567,-2.09900050386647,7.256597799602544,0.0,8.702592600418678,8.216836484551092,439.60118962878084,449.1035225165034,0.0
1.9140000000000001,4.0482064820405395,-2.1882028765501387,8.200535735366863,0.0,8.87372930021377,8.685981579804304,437.8836088051462,449.1035225165034,0.0
1.915,4.557965987866722,-2.236237878439813,9.171525284297758,0.0,9.079058666035701,9.170724581919401,436.80270585108707,449.1035225165034,0.0
1.9160000000000001,5.158309536955646,-2.2345957121665245,9.834984927981484,0.0,9.31166840717799,9.629856690379562,437.64160340010875,449.1035225165034,0.0
1.917,5.826607535205769,-2.172767066173307,9.530155344634592,0.0,9.560145655655546,9.958661367186322,441.1005302925275,449.1035225165034,0.0
1.9180000000000001,6.501451105230798,-2.030096465593487,7.880721820664985,0.0,9.801580167362173,10.033494096636716,445.36782499553124,449.1035225165034,0.0
1.919,7.080215621522298,-1.784953339142612,5.784431444372829,0.0,10.000815462939379,9.853973737068475,441.9736816991138,449.1035225165034,0.0
1.92,7.4851351381651545,-1.4382376960976817,7.552801500755445,0.0,10.126487903531608,9.889059051311992,461.067613422099,449.1035225165034,0.0
1.921,7.847690462969215,-1.1185392570978672,-2.113805269793106,0.0,10.211401959629436,8.816360742304196,466.0500577680222,449.1035225165034,0.0
1.922,7.514629653305125,-0.9172904986499337,-4.774492795269907,0.0,10.161614400177424,7.703676352021089,458.44865284359,449.1035225165034,0.0
1.923,6.759691945308092,-0.6506080108457177,-1.0672416363246793,0.0,9.97821457156832,7.211398687342868,454.5791308960027,449.1035225165034,0.0
1.924,5.9749586411141795,-0.47090913399616596,0.8127632536739862,0.0,9.746826907776894,6.99850811896332,455.8790181245853,449.1035225165034,0.0
1.925,5.290275455145101,-0.42733691580129474,0.0950646833018789,0.0,9.514292998293717,6.753488766816324,458.63177356870017,449.1035225165034,0.0
1.926,4.670877824872354,-0.4690483415004034,-1.3765955492775301,0.0,9.28553452355301,6.4162992265260055,459.3127414093248,449.1035225165034,0.0
1.927,4.064630537578515,-0.5381341896301317,-1.8191716585180675,0.0,9.053115271294622,6.116479248399583,456.87678938484004,449.1035225165034,0.0
1.928,3.4908309227385916,-0.614889925776029,-0.678928314959045,0.0,8.821708218944178,6.010307356503313,452.450723890202,449.1035225165034,0.0
1.929,3.0286449696995486,-0.722234323166508,1.5006324186229736,0.0,8.613865008990647,6.165063654505951,448.11312041123807,449.1035225165034,0.0
1.93,2.7602394499418836,-0.8961975812110728,3.679338179157605,0.0,8.46034426424373,6.526324775678918,445.97245466950443,449.1035225165034,0.0
1.931,2.7175616985030264,-1.1511288777296405,4.780981728494416,0.0,8.3846045161254,6.937511940542294,446.4928253880301,449.1035225165034,0.0
1.932,2.855202519778297,-1.4558132353795978,4.546903340516314,0.0,8.388523425681548,7.2476740880818715,447.52718338656297,449.1035225165034,0.0
1.933,3.077927551879008,-1.7444014064647055,4.045487732549284,0.0,8.451764514278901,7.451273633508189,447.49443636403026,449.1035225165034,0.0
1.934,3.316491388761456,-1.9658903241556631,4.077952105340367,0.0,8.550519347794303,7.625407798602238,445.86145671136785,449.1035225165034,0.0
1.935,3.5567382376378425,-2.102707632267398,4.926862589722929,0.0,8.669647129182957,7.861018025085017,442.64179780703444,449.1035225165034,0.0
1.936,3.829450772140032,-2.1678991846074944,6.601309288984326,0.0,8.806226052757314,8.233084128826832,439.29915256361903,449.1035225165034,0.0
1.937,4.191539192983951,-2.1908394918783234,8.370675610220871,0.0,8.968225212624802,8.722384741947499,436.46270330492325,449.1035225165034,0.0
1.938,4.679391763998703,-2.1883683261353877,9.915308431684563,0.0,9.16245328651318,9.281128258288302,435.42822338672516,449.1035225165034,0.0
1.939,5.301442827027982,-2.1620864060038967,10.0,0.0,9.390266605089767,9.733742883460856,437.0477744124566,449.1035225165034,0.0
1.94,5.989843309241572,-2.079057364106982,9.868697322614516,0.0,9.631689678918606,10.079083625365048,442.15599715960025,449.1035225165034,0.0
1.941,6.691946024250156,-1.9273426018983497,7.38406120261172,0.0,9.867646186131,10.071688360206446,445.65387331140266,449.1035225165034,0.0
1.942,7.258066598509529,-1.6678229337677057,5.669619618761519,0.0,10.052237500234007,9.869633823243005,438.4090261266875,449.1035225165034,0.0
1.943,7.650792999307617,-1.310398232841054,9.39898817501727,0.0,10.161442708809744,10.096080130067644,460.23796295174253,449.1035225165034,0.0
1.944,7.985370883100008,-1.2019792139864947,-1.6268246418626475,0.0,10.274020182145641,9.02779292843887,462.1061067096624,449.1035225165034,0.0
1.945,7.7019189856705434,-1.039753015738706,-2.6909223627541783,0.0,10.251750496366355,8.105325060732456,465.57695522270984,449.1035225165034,0.0
1.946,7.048723941284967,-0.8521695066505689,-4.591080946339957,0.0,10.120449068377141,7.143517480141351,466.5432891609975,449.1035225165034,0.0
1.947,6.115411416124199,-0.6425121951334951,-5.248645581928736,0.0,9.884910555951741,6.307562418055355,463.01141323340977,449.1035225165034,0.0
1.948,5.045610522810824,-0.43943069249938005,-3.6217865253039254,0.0,9.569087996385697,5.825524126532902,457.3458190701066,449.1035225165034,0.0
1.949,4.0486323892585085,-0.30310565642341203,-0.8714124091883657,0.0,9.223678924681998,5.745349556170172,452.3489672426106,449.1035225165034,0.0
1.95,3.292455989569812,-0.2914786817338998,1.5945590572985417,0.0,8.904877586257314,5.955614278455986,449.33851183415163,449.1035225165034,0.0
1.951,2.8436580064900743,-0.42358923704114426,3.097436868351557,0.0,8.653631284734368,6.295435253363591,448.3081048370265,449.1035225165034,0.0
1.952,2.6734555996895004,-0.6759581098351394,3.620594543708882,0.0,8.487931181308744,6.632902351724188,448.62024724669413,449.1035225165034,0.0
1.953,2.6990170865205294,-0.9972011026352111,3.4693560915731676,0.0,8.40536083854181,6.8936711357982405,449.50218258869205,449.1035225165034,0.0
1.954,2.826993470295502,-1.327077319776822,3.024401819852323,0.0,8.390198362416552,7.058851634473322,449.29140936020565,449.1035225165034,0.0
1.955,2.983591428882813,-1.6126942852852928,3.1279095656585016,0.0,8.421189287805845,7.205887218817401,447.9517567418085,449.1035225165034,0.0
1.956,3.1508889438347243,-1.8332512670866796,3.8092535326040347,0.0,8.48518977743368,7.398394349113114,445.8154621954676,449.1035225165034,0.0
1.957,3.3459563700015496,-1.9902070144986612,4.910281408984831,0.0,8.57710049352561,7.67256600034564,442.927058466392,449.1035225165034,0.0
1.958,3.5994335131671473,-2.095220559537732,6.4162479140237485,0.0,8.697219235611778,8.057225783368029,440.23133277342026,449.1035225165034,0.0
1.959,3.9483996717999092,-2.1647061294364276,7.852832657940447,0.0,8.850385359030032,8.522544613059296,437.7948578327548,449.1035225165034,0.0
1.96,4.410425730383878,-2.202976494509624,9.184156775110658,0.0,9.038281637534652,9.04139477271491,436.27542445873667,449.1035225165034,0.0
1.961,4.988949119322552,-2.2077646117787224,10.0,0.0,9.25941729340324,9.544561745624135,436.38236332615696,449.1035225165034,0.0
1.962,5.659297170780849,-2.163839144877704,10.0,0.0,9.50387639844409,9.943414102809378,439.87607926852263,449.1035225165034,0.0
1.963,6.364180605360714,-2.050873400213998,8.486980903093006,0.0,9.751787851455383,10.089561336831208,445.20079426230507,449.1035225165034,0.0
1.964,6.995009003566558,-1.8389399939141833,5.863650688743771,0.0,9.967339865321387,9.910106570685798,444.1688344059965,449.1035225165034,0.0
1.965,7.435939323839155,-1.5124055385966608,6.42897749800312,0.0,10.109591745164318,9.816377682455622,439.70503719126805,449.1035225165034,0.0
1.966,7.790535392872314,-1.1372786525883969,8.754860958619702,0.0,10.190246935292208,9.961844519217065,468.13513133947134,449.1035225165034,0.0
1.967,7.997624601894633,-1.110843260278203,-5.650502203711625,0.0,10.27822666578941,8.473747556550414,476.45562550428684,449.1035225165034,0.0
1.968,7.441892743036314,-0.9262039264982387,-10.0,0.0,10.188552754177532,6.872068533796383,467.7601588174679,449.1035225165034,0.0
1.969,6.303074419229649,-0.5803580849531564,-5.921417929277451,0.0,9.91148168221928,6.03344172492908,456.1851594158714,449.1035225165034,0.0
1.97,5.09024106810866,-0.2713876961848334,-0.20473459747286604,0.0,9.547726752221061,5.961043320929203,449.59590839529346,449.1035225165034,0.0
1.971,4.172428653909923,-0.15225246151904648,3.0849670540281995,0.0,9.203092302897122,6.253040644727215,449.30392940031516,449.1035225165034,0.0
1.972,3.6348974790161503,-0.24923040127139817,3.228952482679236,0.0,8.933979956604796,6.514266476945962,452.2380026776859,449.1035225165034,0.0
1.973,3.361723646327356,-0.48593254374801803,1.7305710423820253,0.0,8.742968884438477,6.580870488441228,454.46351077173654,449.1035225165034,0.0
1.974,3.1942837589129094,-0.760720329737566,0.5642171128043887,0.0,8.605578955672405,6.524084523008469,453.7862566828661,449.1035225165034,0.0
1.975,3.04709245214472,-1.0111187185084793,0.8560168155759751,0.0,8.501045368144574,6.517516312713386,450.7450030684893,449.1035225165034,0.0
1.976,2.932330106365125,-1.2324880276939558,2.3602288172445083,0.0,8.428154958462702,6.674848832818925,447.6123501242403,449.1035225165034,0.0
1.977,2.907344597604536,-1.4500893649859055,3.9414670132916405,0.0,8.40000929576984,6.969653924000091,445.9586259735501,449.1035225165034,0.0
1.978,3.0035094326043423,-1.6750194668423468,4.799778054066278,0.0,8.42672500629566,7.2999377853810055,445.2279190378459,449.1035225165034,0.0
1.979,3.2027683396573923,-1.8874562257003082,5.20388755670497,0.0,8.504916274362806,7.614776935133085,444.2889774461419,449.1035225165034,0.0
1.98,3.4727841061316616,-2.059220295061749,5.7215038032605605,0.0,8.623542010639621,7.931138843569759,442.8582789725298,449.1035225165034,0.0
1.981,3.7999202494307736,-2.1741706629602238,6.499305475506374,0.0,8.772868263907643,8.274824338173772,440.56583362692936,449.1035225165034,0.0
1.982,4.187647200960706,-2.229076589103569,7.730905037202321,0.0,8.946520589506047,8.687393240472982,437.8650597622259,449.1035225165034,0.0
1.983,4.65874338526606,-2.233435911908469,9.193676597096836,0.0,9.143995039021638,9.176716050315257,436.2097426366862,449.1035225165034,0.0
1.984,5.235512764347497,-2.198009060044525,10.0,0.0,9.366713777636813,9.652188212989364,437.10807362305934,449.1035225165034,0.0
1.985,5.897098495510514,-2.114478004135525,9.818056495239423,0.0,9.605873711026529,10.007301277067759,441.29886352635623,449.1035225165034,0.0
1.986,6.581686725954625,-1.9634554473525307,7.80070813349245,0.0,9.840851786798073,10.062041295295513,445.6194405869143,449.1035225165034,0.0
1.987,7.161449855104312,-1.7126249679557333,5.675260422509295,0.0,10.031724929649425,9.864251292784935,440.35733589184287,449.1035225165034,0.0
1.988,7.562222504408462,-1.3624368856476576,8.393774636291628,0.0,10.14771937370466,9.987331285304483,470.6849518863848,449.1035225165034,0.0
1.989,7.900178161342609,-1.1649087195578942,-6.9858476546781505,0.0,10.246196155159533,8.357591733063384,458.7221242790941,449.1035225165034,0.0
1.99,7.346264869214766,-0.875912988271426,-1.100619868658704,0.0,10.142037054464197,7.766155112267127,452.1102258822773,449.1035225165034,0.0
1.991,6.662608655347653,-0.6443563949879434,2.175262296091956,0.0,9.96656893381045,7.59460405434744,456.3085647882676,449.1035225165034,0.0
1.992,6.062421884119621,-0.567135503416297,0.004042420379172462,0.0,9.785313787290063,7.21025226487485,462.23813022233,449.1035225165034,0.0
1.993,5.429232130172631,-0.5669460480795139,-3.0920863737103206,0.0,9.584500345303127,6.590997176326653,463.92772536841534,449.1035225165034,0.0
1.994,4.67999897000688,-0.5553611242205871,-4.085125975272095,0.0,9.340570291588946,6.0113969342824385,460.46536201156624,449.1035225165034,0.0
1.995,3.874828154906197,-0.5234066140333125,-2.4675626917981757,0.0,9.059674072159757,5.734302526328399,453.85121134970854,449.1035225165034,0.0
1.996,3.171037182797459,-0.5240451929109053,0.7920357507986262,0.0,8.779547822656486,5.868573431858706,448.24293481641456,449.1035225165034,0.0
1.997,2.722579674269129,-0.6302203157846905,3.604779894446502,0.0,8.552534166383914,6.280502909477985,445.40320506661686,449.1035225165034,0.0
1.998,2.5782896075546264,-0.8643892431850662,5.061647943844216,0.0,8.414111654285833,6.7720534499586575,446.213578920458,449.1035225165034,0.0
1.999,2.683411383672158,-1.1932078582696473,4.685360452884092,0.0,8.372514805830926,7.131640084641795,448.06199949272013,449.1035225165034,0.0
2.0,2.9077717532460228,-1.5338851265162194,3.7715653969908676,0.0,8.4052226190461,7.330725366880521,448.9197537935082,449.1035225165034,0.0
2.001,3.147253958933002,-1.813913359636487,3.344525933826776,0.0,8.481964512124392,7.4512370728979445,447.8241846554356,449.1035225165034,0.0
2.0020000000000002,3.363886836850878,-2.0012945487374307,3.9051038814737637,0.0,8.580895034966503,7.611870971980167,444.64285262659416,449.1035225165034,0.0
2.003,3.5841832486522804,-2.103788781735938,5.5403765947935755,0.0,8.695396449171444,7.918542475908116,441.24491416544504,449.1035225165034,0.0
2.004,3.8743041095156014,-2.156547139943059,7.317931908878721,0.0,8.833893349421489,8.355464997702978,438.1566166258846,449.1035225165034,0.0
2.005,4.2794423888531625,-2.181083070332083,8.971549737565116,0.0,9.004404180586736,8.885003363239512,436.00120036309335,449.1035225165034,0.0
2.0060000000000002,4.8190954138859015,-2.184011089891028,10.0,0.0,9.210894488036704,9.419921875959666,435.56031659725886,449.1035225165034,0.0
2.007,5.472612363334694,-2.1511883500887166,10.0,0.0,9.446587834439852,9.845222731339412,438.1459336132401,449.1035225165034,0.0
2.008,6.17527585093531,-2.0547138931818036,9.338665803620758,0.0,9.69095796887892,10.108058260078204,443.71261048796924,449.1035225165034,0.0
2.009,6.854757379662041,-1.8765126689347817,6.609236486541536,0.0,9.918537252649854,10.007707033188167,445.5031582378901,449.1035225165034,0.0
2.0100000000000002,7.364316066640966,-1.5861271316591687,5.749966254367246,0.0,10.083163088496846,9.823666784715428,433.3742554003755,449.1035225165034,0.0
2.011,7.727781110972336,-1.2134567647131,10.0,0.0,10.174832430920555,10.115703991009351,451.57763475855927,449.1035225165034,0.0
2.012,8.03707839867647,-1.164289981941539,2.8058453358876605,0.0,10.284856917295873,9.523459009203425,473.3689525151388,449.1035225165034,0.0
2.013,7.946536185479789,-1.1345669744557472,-8.332467842388459,0.0,10.321876593857347,7.861220687575052,480.03238910836325,449.1035225165034,0.0
2.0140000000000002,7.096789108207575,-0.9078876551027408,-10.0,0.0,10.16433297554586,6.38942951657913,472.3444825553833,449.1035225165034,0.0
2.015,5.800028982936766,-0.5555630999153371,-8.322461632719724,0.0,9.838875694088848,5.384413785835664,458.5165498611571,449.1035225165034,0.0
2.016,4.404167953695442,-0.19979490349001916,-1.5026255590531585,0.0,9.409851311648275,5.321337596415201,447.98030432270224,449.1035225165034,0.0
2.017,3.366751219591376,-0.038729248617382694,3.776729392112285,0.0,9.003262208437981,5.834354502043296,444.7401977748522,449.1035225165034,0.0
2.0180000000000002,2.8491422403880646,-0.14562581330913138,5.440415913453807,0.0,8.702002984776342,6.432185594994788,446.9503970824893,449.1035225165034,0.0
2.019,2.7458563323974365,-0.4571525592721929,4.3568475139754055,0.0,8.523851769185034,6.810463627215859,450.8857324275934,449.1035225165034,0.0
2.02,2.84140360537544,-0.8493655359340754,2.3713577423124663,0.0,8.441371638348146,6.9139874846600735,452.9935715367564,449.1035225165034,0.0
2.021,2.954927662398776,-1.2101969257764296,1.2785376975284244,0.0,8.413261229455408,6.887023462523769,452.00718021947074,449.1035225165034,0.0
2.0220000000000002,3.0192831726821354,-1.4886584535675431,1.7426967791415833,0.0,8.41228791339691,6.915986635576177,449.11671849052715,449.1035225165034,0.0
2.023,3.0680215425871387,-1.6936796831974679,3.1877956838731416,0.0,8.434075966230877,7.091557782835114,445.8809374351877,449.1035225165034,0.0
2.024,3.1667492680927793,-1.855893161868214,4.837912062356013,0.0,8.487035598864832,7.408439767130788,443.469311725771,449.1035225165034,0.0
2.025,3.363912131084958,-1.9960962047929234,6.1000670249717075,0.0,8.580187666599967,7.800564760689102,441.4858117603185,449.1035225165034,0.0
2.0260000000000002,3.669255068886062,-2.113064314986369,7.167994115259804,0.0,8.714701488609453,8.236026797442433,439.7412354528739,449.1035225165034,0.0
2.027,4.0789509302899765,-2.197469898717805,8.13390513961838,0.0,8.887425065201843,8.69495183912152,437.896857442727,449.1035225165034,0.0
2.028,4.5842926701661835,-2.238335804333918,9.168160795429593,0.0,9.092419982083365,9.177875113415245,436.7312549503412,449.1035225165034,0.0
2.029,5.181154068203305,-2.230193994416251,9.874684717284115,0.0,9.323903476559002,9.639779290428311,437.61127633323804,449.1035225165034,0.0
2.0300000000000002,5.848738910359254,-2.1638510266393727,9.54959648766836,0.0,9.571212730932103,9.968350736054573,441.2155222132459,449.1035225165034,0.0
2.031,6.523572700564184,-2.0180696997472465,7.82635355069701,0.0,9.811275688150152,10.034934253283843,445.4457914614957,449.1035225165034,0.0
2.032,7.099205196861941,-1.769915491276894,5.747796237122196,0.0,10.00815155170651,9.850885602697778,441.6126918074505,449.1035225165034,0.0
2.033,7.500474427572639,-1.4210926836763327,7.739254371235303,0.0,10.131045997097264,9.906392080998941,465.46611372400184,449.1035225165034,0.0
2.0340000000000003,7.857264707195045,-1.1257234182851632,-4.3510824991153445,0.0,10.218199254662032,8.583551480478002,463.86596895674245,449.1035225165034,0.0
2.035,7.416879678910534,-0.8829886359214294,-3.6986345798880382,0.0,10.140605993012137,7.646393161491667,454.7115293291918,449.1035225165034,0.0
2.036,6.6651386517557425,-0.6165446875401608,0.8225051657603926,0.0,9.95017473913029,7.364279903772211,453.354763307703,449.1035225165034,0.0
2.037,5.974681271666684,-0.4824436679007844,1.458375768592794,0.0,9.73848861218817,7.184502116829845,457.3567283133932,449.1035225165034,0.0
2.0380000000000003,5.370694596018594,-0.4818244285523341,-0.6251387922211946,0.0,9.531266213114085,6.82552214869004,461.0716311141901,449.1035225165034,0.0
2.039,4.757605642539142,-0.5303435066031279,-2.6022712785965076,0.0,9.3142113481125,6.346468427689921,460.8720973776058,449.1035225165034,0.0
2.04,4.0927678270039,-0.5705182523620831,-2.6201901589153964,0.0,9.07489062876404,5.978416110492413,456.92594452533507,449.1035225165034,0.0
2.041,3.4466592010975474,-0.6080235859700167,-0.7253379528683346,0.0,8.82642058886996,5.896273455242522,451.3057914039071,449.1035225165034,0.0
2.0420000000000003,2.9433176484395016,-0.6906208144281116,2.062715918971609,0.0,8.603293929234608,6.134141949903455,446.75615035566346,449.1035225165034,0.0
2.043,2.6819143632833167,-0.8661598004905415,4.36101016470183,0.0,8.444750101211172,6.574563703287287,445.31768034493484,449.1035225165034,0.0
2.044,2.6791140192906644,-1.1416980486770407,5.118103591781827,0.0,8.37465664876835,7.0130802380395165,446.5884983836891,449.1035225165034,0.0
2.045,2.8579039897467875,-1.467817829529337,4.507844813732834,0.0,8.388541988456929,7.306341474025953,448.04627292972106,449.1035225165034,0.0
2.0460000000000003,3.1037007742970704,-1.766430999701914,3.7895300365846865,0.0,8.459951168685748,7.473503336080829,447.9735744374853,449.1035225165034,0.0
2.047,3.343750746632204,-1.9844572732949113,3.837178763492747,0.0,8.561932375490677,7.619566908573105,445.8874986710792,449.1035225165034,0.0
2.048,3.5734832417304854,-2.11009898072649,4.912376885150045,0.0,8.67996214394588,7.85614747587241,442.4329466471912,449.1035225165034,0.0
2.049,3.8392252874045996,-2.1661992005458073,6.706358655787152,0.0,8.814761599391307,8.24052467676764,438.98559735333487,449.1035225165034,0.0
2.05,4.2020247178426295,-2.184551491609267,8.531212554347011,0.0,8.975976579200498,8.745487697361664,436.2150251227222,449.1035225165034,0.0
2.051,4.697820038880028,-2.1815977869438146,10.0,0.0,9.171057932664347,9.308484502903699,435.31240799962154,449.1035225165034,0.0
2.052,5.328432084971606,-2.1551378440020077,10.0,0.0,9.400049774659058,9.755592516921684,437.12876836065993,449.1035225165034,0.0
2.053,6.021572960422899,-2.0703663926034057,9.832589124928951,0.0,9.641792973631677,10.092534341640803,442.4278676252215,449.1035225165034,0.0
2.054,6.724045849822794,-1.9160092774772548,7.24979604156099,0.0,9.876924467029054,10.067182564286036,445.621251221673,449.1035225165034,0.0
2.055,7.282973827445915,-1.6520757855855228,5.687926956283546,0.0,10.058518520394387,9.86744409681509,437.45045500407275,449.1035225165034,0.0
2.056,7.672383776357968,-1.2924212637522503,9.889855740207974,0.0,10.165056659193349,10.146423923908147,456.57467353035975,449.1035225165034,0.0
2.057,8.016489433837695,-1.2118623670504567,0.2530349669259113,0.0,10.283574033402855,9.272132486437869,463.8384165347983,449.1035225165034,0.0
2.058,7.831381371417123,-1.0960060136215617,-3.5261854754763062,0.0,10.290871916534226,8.201578832645215,470.70141615457476,449.1035225165034,0.0
2.059,7.177344780189167,-0.9191794892707059,-7.173664221745257,0.0,10.17209229182889,6.945472819290263,469.7964372981419,449.1035225165034,0.0
2.06,6.112302689746511,-0.6551830542628823,-6.928103941345203,0.0,9.912308685651233,5.97720012714338,462.7401687284028,449.1035225165034,0.0
2.061,4.890709296635247,-0.38038855102455305,-3.5363361185946602,0.0,9.554088739870522,5.574140053629792,454.71779327948974,449.1035225165034,0.0
2.062,3.8217748200445456,-0.20692566253677458,0.4187088982320102,0.0,9.175051808615247,5.682068125006785,449.1850396963856,449.1035225165034,0.0
2.063,3.09976003981461,-0.2100825889639859,3.1842705179852504,0.0,8.846793268415071,6.074693305184529,447.75581859664135,449.1035225165034,0.0
2.064,2.7568478908606933,-0.3978160328815856,3.912358107056005,0.0,8.611242209819352,6.478164320507359,448.7142621076708,449.1035225165034,0.0
2.065,2.691656204813304,-0.7069997226297019,3.437028955629617,0.0,8.471726230048606,6.761908009866402,450.16757269267924,449.1035225165034,0.0
2.066,2.769781808055673,-1.0559639192985073,2.699733161363625,0.0,8.409830441926921,6.917730753240332,450.788424602144,449.1035225165034,0.0
2.067,2.890143003430159,-1.3779329415079968,2.3724581857748386,0.0,8.401633457431155,7.010695878633826,449.7133277078802,449.1035225165034,0.0
2.068,3.0097835911196213,-1.637052251537332,2.903908580992982,0.0,8.428836117805451,7.143320233576182,447.43646699844265,449.1035225165034,0.0
2.069,3.14376016848654,-1.832813849061594,4.059009490892354,0.0,8.485523530263924,7.373607997565015,444.9690373493116,449.1035225165034,0.0
2.07,3.3306457294164713,-1.9799788616903604,5.33406916712981,0.0,8.573801513289357,7.696023635759314,442.25958711799944,449.1035225165034,0.0
2.071,3.5989521406432963,-2.088939881867721,6.757233636770916,0.0,8.696007323924901,8.111178153709222,439.93473543103505,449.1035225165034,0.0
2.072,3.9722193168916524,-2.167522223395753,8.011347351107798,0.0,8.855062452658188,8.582382339533291,437.76493513761255,449.1035225165034,0.0
2.073,4.455093612519343,-2.21213664224385,9.209633371607953,0.0,9.049454249758561,9.092258444003367,436.4687903965283,449.1035225165034,0.0
2.074,5.045553418421235,-2.2176219071834433,9.984053063349844,0.0,9.275551712550781,9.583667587930147,436.7647008272294,449.1035225165034,0.0
2.075,5.720098624801109,-2.16986235760067,9.959486064892035,0.0,9.52287194035296,9.969803622352924,440.53042698490987,449.1035225165034,0.0
2.076,6.42280835521224,-2.05066395487529,8.162353941367725,0.0,9.771439520013228,10.074066594229125,445.60691391717165,449.1035225165034,0.0
2.077,7.033930335927058,-1.8263811004961696,5.659076561230149,0.0,9.98209750894064,9.875174515729318,443.5487055123093,449.1035225165034,0.0
2.078,7.45239560579519,-1.488397445300984,6.74372893370326,0.0,10.116865117597657,9.821662018867308,445.264448675039,449.1035225165034,0.0
2.079,7.804868922062272,-1.1211194391809272,5.924248090753072,0.0,10.195783971581516,9.651400704017252,468.9653017737228,449.1035225165034,0.0
2.08,7.863072475296189,-1.0548039321775828,-6.124796251161026,0.0,10.246162882972813,8.185979679176473,471.50580943143325,449.1035225165034,0.0
2.081,7.21870176064273,-0.835629635904106,-7.619072949165556,0.0,10.121515783220854,6.89972146874177,463.1405105666589,449.1035225165034,0.0
2.082,6.158973730224069,-0.5269712709307645,-3.576793397279946,0.0,9.84894689521629,6.299344263262319,455.1237885789106,449.1035225165034,0.0
2.083,5.1080769715446905,-0.2987433602024203,0.3713649359701452,0.0,9.521578688933852,6.230623873819557,451.71684229440973,449.1035225165034,0.0
2.084,4.307216891971541,-0.24106650622729708,2.0487048804415124,0.0,9.216013089505402,6.358650154418428,452.36238477087016,449.1035225165034,0.0
2.085,3.779621957960573,-0.3455479575306305,1.6933450196676274,0.0,8.965876406262801,6.437481104830202,454.10010890865857,449.1035225165034,0.0
2.086,3.431747343660809,-0.54291368645263,0.7745170868518736,0.0,8.769301902054023,6.418888076107409,454.31073558574775,449.1035225165034,0.0
2.087,3.1720985583550165,-0.7656412487139721,0.6171316176148398,0.0,8.613051919953373,6.399455397788739,452.2699854582325,449.1035225165034,0.0
2.088,2.974092253092155,-0.9849527412382995,1.6058420519551753,0.0,8.492380656785981,6.495857197287536,449.1903540458986,449.1035225165034,0.0
2.089,2.8670466444409337,-1.2081993565537363,3.144789442828186,0.0,8.415780712644665,6.739743753071348,447.11397042187576,449.1035225165034,0.0
2.09,2.8850740700291384,-1.4483782708950828,4.202876775785867,0.0,8.395416632920256,7.049528318678048,446.23644177679387,449.1035225165034,0.0
2.091,3.019406077773103,-1.692533737946086,4.67031190572391,0.0,8.432522729961153,7.352538764119289,445.8302733194384,449.1035225165034,0.0
2.092,3.235204863398333,-1.9104314372227829,4.906128626372299,0.0,8.517746454092013,7.627829716351105,445.18230602711907,449.1035225165034,0.0
2.093,3.500786994487409,-2.0744745499935853,5.269324437425803,0.0,8.637842666444989,7.894651271218678,442.91555332027605,449.1035225165034,0.0
2.094,3.8046163592278113,-2.1700309036992853,6.464580482809588,0.0,8.781482180829341,8.243881089905921,440.0973841806561,449.1035225165034,0.0
2.095,4.178365476546319,-2.2116661332327827,7.963726435978038,0.0,8.949305037355614,8.687431263299931,437.2597215420631,449.1035225165034,0.0
2.096,4.653358880598301,-2.2135643815288297,9.500995765018928,0.0,9.144493080585889,9.209005088397454,435.81626504975657,449.1035225165034,0.0
2.097,5.247829059703609,-2.1835261209211616,10.0,0.0,9.368996510853085,9.676816322204694,436.9348993820432,449.1035225165034,0.0
2.098,5.920252962571538,-2.102043526688459,9.91085371932415,0.0,9.609168018714762,10.037478714909355,441.47849783481706,449.1035225165034,0.0
2.099,6.615837563449372,-1.9539112612722074,7.715304739754096,0.0,9.845908891807285,10.075683027115893,445.8033523590185,449.1035225165034,0.0
2.1,7.196820892117669,-1.7025461222502276,5.585879179228224,0.0,10.036627266172944,9.864507353404143,440.7560695081511,449.1035225165034,0.0
2.101,7.593277226282032,-1.3496990492046592,8.192995134745455,0.0,10.150856709086078,9.963797731740895,468.52982180151935,449.1035225165034,0.0
2.102,7.901514888275291,-1.1735131664202085,-5.888144004788833,0.0,10.247740269165735,8.459643972153724,457.34951946129047,449.1035225165034,0.0
2.103,7.3943216491416175,-0.9023195789271514,-0.3804528041222657,0.0,10.156450661482317,7.921125000926539,454.2216553764427,449.1035225165034,0.0
2.104,6.762894397259476,-0.6989438612982264,1.1322979097022277,0.0,10.00077872438027,7.6030396978834585,459.5543916823979,449.1035225165034,0.0
2.105,6.132105060270015,-0.6144942544794094,-1.6385789349343285,0.0,9.821609751110344,7.044344325936236,463.9679262319668,449.1035225165034,0.0
2.106,5.399271249211433,-0.5704463758654783,-3.993990246873417,0.0,9.600487367393342,6.366518943836358,463.34146171414443,449.1035225165034,0.0
2.107,4.55352179909915,-0.5114300159352012,-3.823137379938628,0.0,9.327643363031862,5.862415891458749,458.5874552159262,449.1035225165034,0.0
2.108,3.7138145067376453,-0.46029602956749516,-1.5409734578237329,0.0,9.026638878967624,5.714678554304683,452.03652816938455,449.1035225165034,0.0
2.109,3.043704742813734,-0.47680977947051423,1.7051600089182712,0.0,8.743288961947414,5.951182545688091,447.43646586986137,449.1035225165034,0.0
2.11,2.6655192258471767,-0.619450330222169,4.021861725146286,0.0,8.52744975885121,6.392976309575879,445.77205350247164,449.1035225165034,0.0
2.111,2.585606843792864,-0.8875475055556628,4.887382598981468,0.0,8.405438136232581,6.846055562581168,447.20822806450883,449.1035225165034,0.0
2.112,2.7208538449025057,-1.230534059101546,4.188248262482817,0.0,8.37598315031305,7.140389448328258,448.75157923216983,449.1035225165034,0.0
2.113,2.9390542684719905,-1.563301865926839,3.4200921114956517,0.0,8.412081644775512,7.302189037083534,449.0087461173737,449.1035225165034,0.0
2.114,3.158082496884362,-1.826172025122845,3.292456432885027,0.0,8.486338288110554,7.42314905238257,447.2885065440657,449.1035225165034,0.0
2.115,3.360610752810052,-1.9987911580141655,4.1707263792634,0.0,8.581624671668084,7.617236955505229,444.07643677127436,449.1035225165034,0.0
2.116,3.584633955846639,-2.098365660045675,5.827032123111353,0.0,8.696018211076685,7.9522383692561,440.81741663498866,449.1035225165034,0.0
2.117,3.8899693832669593,-2.154869728714331,7.539403250069349,0.0,8.837692240452746,8.405630097113775,437.96083290862697,449.1035225165034,0.0
2.118,4.313834911790353,-2.1846603498893606,9.079122009328959,0.0,9.013249967319538,8.936523553508895,436.0608468638692,449.1035225165034,0.0
2.119,4.868393244794893,-2.1900904854036414,10.0,0.0,9.224640675833978,9.461020066987135,435.82631819090653,449.1035225165034,0.0
2.12,5.529027429304634,-2.15511482710724,10.0,0.0,9.463440341077053,9.877873043096256,438.7190095261244,449.1035225165034,0.0
2.121,6.233676827336498,-2.0543534200360396,9.05575904785752,0.0,9.709311339211869,10.102149091444698,444.2425063438441,449.1035225165034,0.0
2.122,6.897954522096577,-1.865775076019009,6.342620800724254,0.0,9.933286838596878,9.97355778466525,445.1210595428225,449.1035225165034,0.0
2.123,7.3845283223699365,-1.563443071497543,5.943168830971888,0.0,10.090634920308258,9.81653448321835,431.94606297748203,449.1035225165034,0.0
2.124,7.7447150362963635,-1.1874037760178378,10.0,0.0,10.17820486124625,10.106439467848716,455.40084022919325,449.1035225165034,0.0
2.125,8.044357944321192,-1.1461616615257184,0.8578350718691716,0.0,10.28523206691415,9.300545641581715,478.1207031650999,449.1035225165034,0.0
2.126,7.848956145729138,-1.0887065879026143,-10.0,0.0,10.295059532434934,7.507494336809271,479.0922475325613,449.1035225165034,0.0
2.1270000000000002,6.870116042799549,-0.8128651572805321,-10.0,0.0,10.0948311142942,6.109027653121178,467.6849869915846,449.1035225165034,0.0
2.128,5.518898085273687,-0.4359619647924555,-6.013025001224255,0.0,9.736077932731263,5.4077976201517055,454.19714018026536,449.1035225165034,0.0
2.129,4.221255868514504,-0.12779712381496466,0.6799622277977404,0.0,9.312947965445028,5.566402581795796,446.3072671697609,449.1035225165034,0.0
2.13,3.3539279503415953,-0.05229986845794943,4.652861286517394,0.0,8.942768441372328,6.119352723547221,445.8167027703831,449.1035225165034,0.0
2.1310000000000002,2.9757631750705342,-0.23181950258600148,4.9310116836675135,0.0,8.6854040161897,6.603782297913644,449.4261747586467,449.1035225165034,0.0
2.132,2.920931379024971,-0.5691404244017988,3.1230491671142633,0.0,8.53752909602043,6.814624941345103,452.8546865343626,449.1035225165034,0.0
2.133,2.9758228867304806,-0.9373503597276878,1.3712816390777265,0.0,8.462655815878929,6.808394641689939,453.3102532879582,449.1035225165034,0.0
2.134,3.010147225271387,-1.2505481400621226,1.1014309545653904,0.0,8.425416490269587,6.779907381807708,450.9242783429979,449.1035225165034,0.0
2.1350000000000002,3.0146890836908113,-1.4916040507322106,2.2762108687805713,0.0,8.412436543603317,6.882312851720828,447.84899005854476,449.1035225165034,0.0
2.136,3.0501305659663607,-1.6868232865394353,3.8264003355867406,0.0,8.430058695427086,7.1280996777164205,445.20609509899566,449.1035225165034,0.0
2.137,3.168539570666011,-1.8588637617065034,5.186822089536366,0.0,8.487469574578338,7.47254395886702,443.13909149790607,449.1035225165034,0.0
2.138,3.3916612937232284,-2.0119330465858365,6.279968200267137,0.0,8.588701010514585,7.871567454969282,441.83678268046356,449.1035225165034,0.0
2.1390000000000002,3.718436163405128,-2.138486096130649,7.00379000734879,0.0,8.732101795068566,8.275786664292175,440.24155774740484,449.1035225165034,0.0
2.14,4.130548834323686,-2.220156300455093,7.890022121569134,0.0,8.90930261407968,8.702106700527379,438.22493586188205,449.1035225165034,0.0
2.141,4.623890284390832,-2.249556040776332,9.007118930876747,0.0,9.113832624205294,9.167386710123603,436.79879616395317,449.1035225165034,0.0
2.142,5.204759666077975,-2.2279770031177835,9.843236043366685,0.0,9.341769942732322,9.62843141656867,437.54269674078995,449.1035225165034,0.0
2.1430000000000002,5.860799770319687,-2.151493271001769,9.58689401270543,0.0,9.584820579894972,9.963250872074582,441.16215195092536,449.1035225165034,0.0
2.144,6.53054275307101,-2.0002661798503345,7.856580113293504,0.0,9.82117795618645,10.034011010057236,445.3644993838767,449.1035225165034,0.0
2.145,7.104935846652023,-1.7501803681470465,5.7927966281440995,0.0,10.014978440271202,9.855132017032064,441.28479796492604,449.1035225165034,0.0
2.146,7.508409249290148,-1.4020217955621186,7.9108345831352045,0.0,10.135714391777649,9.928504838264008,468.6223790504871,449.1035225165034,0.0
2.1470000000000002,7.863064527774549,-1.1318961561298022,-5.95314452498516,0.0,10.225481795644942,8.425418544473356,462.0964827711265,449.1035225165034,0.0
2.148,7.349594247049528,-0.8604943571374115,-2.8201259878510867,0.0,10.128810888251598,7.624917734279043,452.2762607282432,449.1035225165034,0.0
2.149,6.607313673406994,-0.5975191971648728,2.0582576514731663,0.0,9.935543740971106,7.4766080896125855,452.9201813581593,449.1035225165034,0.0
2.15,5.981467047787659,-0.4959495055719171,1.6981307480985453,0.0,9.738229429476515,7.296825222001974,458.6755340735232,449.1035225165034,0.0
2.1510000000000002,5.422646515527,-0.5208861323965543,-1.275265725153587,0.0,9.546426988236961,6.847028659271455,462.7679673322732,449.1035225165034,0.0
2.152,4.80113516861352,-0.568138485020218,-3.4581268026862952,0.0,9.33377352736867,6.2754287977318315,461.7452933942351,449.1035225165034,0.0
2.153,4.089338131384945,-0.5848648481565968,-3.073207542444557,0.0,9.086592802852012,5.875975866287268,456.6426700293872,449.1035225165034,0.0
2.154,3.395901348772008,-0.5960633764251599,-0.5972873351494514,0.0,8.825249432120739,5.829412261450676,450.34418730919344,449.1035225165034,0.0
2.1550000000000002,2.87436732257629,-0.6668695152190056,2.5395473770205284,0.0,8.59306072796357,6.132097671345761,445.86161108882607,449.1035225165034,0.0
2.156,2.628464760201913,-0.8492145584367856,4.81325460148099,0.0,8.433709328577649,6.621869059003799,445.093561115346,449.1035225165034,0.0
2.157,2.6586158437258973,-1.1417043740811987,5.237379202232595,0.0,8.369620637184825,7.06486915698413,446.83808244960926,449.1035225165034,0.0
2.158,2.863737101031933,-1.480511758918928,4.38777293576991,0.0,8.390584738905025,7.337200613240311,448.405068827335,449.1035225165034,0.0
2.1590000000000003,3.1200446373177746,-1.7819113270899485,3.6112642837987154,0.0,8.46645145472926,7.481332828572306,448.1902257841208,449.1035225165034,0.0
2.16,3.3582115195349678,-1.9947777697175435,3.72781877272965,0.0,8.569546033511596,7.615589292574606,445.71354972211356,449.1035225165034,0.0
2.161,3.581902864123293,-2.1124376777007865,5.000056531677171,0.0,8.686570726267806,7.863285797567285,442.1846798852415,449.1035225165034,0.0
2.162,3.8482558768804047,-2.1644548825700314,6.833679876425813,0.0,8.82120789370345,8.259829393711795,438.7469964610047,449.1035225165034,0.0
2.1630000000000003,4.217200004253579,-2.1818161232375823,8.656086849099204,0.0,8.98342526843472,8.774390556648523,436.0927244145825,449.1035225165034,0.0
2.164,4.722213716361585,-2.179436190903103,10.0,0.0,9.180441617023066,9.331461650578913,435.27701001526793,449.1035225165034,0.0
2.165,5.357833875575881,-2.151157048538475,10.0,0.0,9.410376533808854,9.774220058073595,437.2594639001264,449.1035225165034,0.0
2.166,6.05341466053076,-2.0636869159656257,9.771256473448457,0.0,9.65225487650616,10.10037664382383,442.68179990737474,449.1035225165034,0.0
2.1670000000000003,6.753433422673063,-1.9054940721615388,7.124305695915563,0.0,9.88603453201604,10.05918199901956,445.55506989533666,449.1035225165034,0.0
2.168,7.304012176569245,-1.6366196821221406,5.723155228146271,0.0,10.064322503028214,9.864264265260257,436.53918809495,449.1035225165034,0.0
2.169,7.690231489867099,-1.2749743028843206,10.0,0.0,10.16819765574747,10.1541531946359,454.5289938025383,449.1035225165034,0.0
2.17,8.031429932505109,-1.2045636779849551,1.3004471164495275,0.0,10.286545471185812,9.392051845879614,466.53917881278363,449.1035225165034,0.0
2.1710000000000003,7.892606547375356,-1.1191823102046818,-4.879001951635936,0.0,10.30816052599786,8.143934101679548,474.1522934403861,449.1035225165034,0.0
2.172,7.1914140808741145,-0.9320149055108116,-8.936046974675985,0.0,10.18306770007017,6.714052112990979,470.4768467215934,449.1035225165034,0.0
2.173,6.017343166962443,-0.6217606024995797,-7.312056857330549,0.0,9.895239658582097,5.75599427958217,460.9213453138403,449.1035225165034,0.0
2.174,4.724210936776065,-0.3124788293150329,-2.652484381427354,0.0,9.50947018588176,5.491776332722715,452.05367754727575,449.1035225165034,0.0
2.1750000000000003,3.6674247648514497,-0.14324584769562987,1.7518479515471839,0.0,9.120333055519229,5.756599221757187,447.8369518984556,449.1035225165034,0.0
2.176,3.0236389469202596,-0.18760157857433152,3.872876482137741,0.0,8.803163387309244,6.205544502140354,447.73930902893653,449.1035225165034,0.0
2.177,2.763159342413575,-0.41833229943236083,3.9353400517729415,0.0,8.58754203594417,6.5857538933346,449.64706836363183,449.1035225165034,0.0
2.178,2.747041788397565,-0.7531500390381373,2.976024925954008,0.0,8.466026402983083,6.7993990456331685,451.1703299401264,449.1035225165034,0.0
2.179,2.829487408018706,-1.1023830380233115,2.1937260634704896,0.0,8.413094301040276,6.893838202092293,451.1188679512626,449.1035225165034,0.0
2.18,2.9256635565084297,-1.4074268845816997,2.1993036035548084,0.0,8.404961818069234,6.972221830607676,449.523851025292,449.1035225165034,0.0
2.181,3.020693982392138,-1.648814054325755,2.9926087814522138,0.0,8.428983096453095,7.119670056779975,446.90960547140133,449.1035225165034,0.0
2.182,3.1425927643607734,-1.8342658358706676,4.321670728848569,0.0,8.4833328938883,7.380580788850344,444.44828388116355,449.1035225165034,0.0
2.183,3.333604713056399,-1.9805195727307416,5.598883910320861,0.0,8.572572178026176,7.728245931408351,442.0057114334115,449.1035225165034,0.0
2.184,3.6154730315954855,-2.0943757781985237,6.891148245027816,0.0,8.698715693238926,8.150350037575047,439.9126026594773,449.1035225165034,0.0
2.185,4.0017505897318415,-2.176980845177048,8.02961183056518,0.0,8.862403262860026,8.615494587498777,437.8358535417219,449.1035225165034,0.0
2.186,4.491771261879755,-2.2216904690755417,9.180663079190673,0.0,9.060328538470438,9.11568494253077,436.5892087694771,449.1035225165034,0.0
2.187,5.0835729748990826,-2.2237207498667075,9.929128602783331,0.0,9.288256556671058,9.596271503018894,437.30089441617076,449.1035225165034,0.0
2.188,5.754113863844129,-2.1711822336513635,9.691312060439838,0.0,9.535650889508823,9.950106253730796,440.6087677819709,449.1035225165034,0.0
2.189,6.44091385765092,-2.0408459225986926,8.122322924885081,0.0,9.779877655080362,10.054243732738398,445.23873685120793,449.1035225165034,0.0
2.19,7.0407833182068025,-1.8091923843542843,5.845986246919533,0.0,9.98591696589915,9.878565356458653,442.8960233452989,449.1035225165034,0.0
2.191,7.461896641609861,-1.4712153947512476,7.079417991586101,0.0,10.118923574534195,9.859175836612966,450.81397018075523,449.1035225165034,0.0
2.192,7.825114182831536,-1.1225318197753786,3.1033400972154084,0.0,10.201715146969851,9.369580247487551,468.2230995765797,449.1035225165034,0.0
2.193,7.748986665087134,-1.011508747657638,-5.7924203712976015,0.0,10.21854230106621,8.010456704289622,466.8325243471924,449.1035225165034,0.0
2.194,7.060939196149762,-0.7727586510190911,-5.274422774910837,0.0,10.072622105524072,7.009789517514459,460.01213012423983,449.1035225165034,0.0
2.195,6.097312934669125,-0.5081279673791892,-1.9733117395119084,0.0,9.81450533662463,6.5516576818661125,455.4196717374952,449.1035225165034,0.0
2.196,5.17733543059993,-0.345063033168429,0.25975596165048565,0.0,9.521096225123513,6.417714952499336,454.2356250646374,449.1035225165034,0.0
2.197,4.440103297481231,-0.32227141067602894,0.80045827259804,0.0,9.242757322703772,6.376867921714097,454.8873348475554,449.1035225165034,0.0
2.198,3.8823089607831225,-0.41321071130514486,0.4167652578285326,0.0,8.998398846741614,6.318643504736892,455.0937933494641,449.1035225165034,0.0
2.199,3.4514477768856966,-0.5665253835018509,0.2536332985445835,0.0,8.788608997613295,6.2695148833493874,453.6104217229977,449.1035225165034,0.0
2.2,3.118197810203371,-0.7475838970083166,0.9502501197128157,0.0,8.613268561022798,6.314928193605228,450.7528102049827,449.1035225165034,0.0
2.201,2.895360534501612,-0.9510564801597038,2.3625630018355253,0.0,8.480574898128527,6.507833978658622,448.0288883723326,449.1035225165034,0.0
2.202,2.8124172628643906,-1.1864378823720796,3.7352702596023075,0.0,8.404298408440864,6.811949875573445,447.0244286958829,449.1035225165034,0.0
2.203,2.874265293900823,-1.4503841941399478,4.258291036033363,0.0,8.392741437685798,7.114199030527385,446.734617704283,449.1035225165034,0.0
2.204,3.037781998362722,-1.7091999185329134,4.426885579955513,0.0,8.438395346067177,7.3810144077971085,446.3866944365978,449.1035225165034,0.0
2.205,3.259760599360608,-1.9274247754861595,4.628015494597163,0.0,8.527581978358317,7.623369504284208,445.2709945189152,449.1035225165034,0.0
2.206,3.516216906134237,-2.0820677236666443,5.224190733414348,0.0,8.646913932799375,7.8879853237400654,442.75388705946347,449.1035225165034,0.0
2.207,3.812590176604511,-2.16932817041093,6.546240817710608,0.0,8.78882649340198,8.247500016894865,439.83664115655426,449.1035225165034,0.0
2.208,4.1856817210329185,-2.2066454760982976,8.0975325827647,0.0,8.955731566417974,8.704599752925015,437.0495844778911,449.1035225165034,0.0
2.209,4.66654470369753,-2.207950654466604,9.611600302482419,0.0,9.151426502299023,9.234550541523332,435.7441785294904,449.1035225165034,0.0
2.21,5.269592460828169,-2.178729777245529,10.0,0.0,9.377319675173794,9.697132410921952,437.02878406801733,449.1035225165034,0.0
2.211,5.946745725595064,-2.0962417683396954,9.868383397443223,0.0,9.618100245493522,10.049227205858713,441.7395796348502,449.1035225165034,0.0
2.212,6.6425299292294175,-1.945753701336192,7.58662504284332,0.0,9.854283430993624,10.070748595601241,445.8817075087133,449.1035225165034,0.0
2.213,7.216713001063989,-1.6900948543566732,5.547779255989669,0.0,10.042382844420258,9.856078416046167,439.9765585471865,449.1035225165034,0.0
2.214,7.607157370744206,-1.3343076131633522,8.591623376446226,0.0,10.153625290487252,9.99968945696154,466.0145143395341,449.1035225165034,0.0
2.215,7.921590234941133,-1.1803910635357375,-4.596464437957875,0.0,10.254731647991974,8.6282523662382,458.638270709431,449.1035225165034,0.0
2.216,7.480976496793765,-0.944294371476049,-1.0036901048356057,0.0,10.184152190043608,7.982767514963337,457.27377930959466,449.1035225165034,0.0
2.217,6.847976034529427,-0.7462381479536004,-0.40314697284833434,0.0,10.036656975095715,7.490129117676105,461.6838461944808,449.1035225165034,0.0
2.218,6.1373529544675725,-0.6295168124249853,-2.733983652071176,0.0,9.843788657240967,6.841446106772581,463.9886952991273,449.1035225165034,0.0
2.219,5.307891021331187,-0.5404904901646823,-4.035259932220669,0.0,9.596713187987994,6.2026471229941045,461.82509069205094,449.1035225165034,0.0
2.22,4.411110057103958,-0.4557738083702221,-3.080673310437961,0.0,9.302036795507682,5.8113890685993965,456.85361880291515,449.1035225165034,0.0
2.221,3.5859580231483235,-0.4111236945496427,-0.6724383287341866,0.0,8.993637891133613,5.7669480762585685,451.07881226445346,449.1035225165034,0.0
2.222,2.9730501387839294,-0.45692954239397165,2.1952120430171576,0.0,8.717119922363949,6.046638830730554,447.5020938283603,449.1035225165034,0.0
2.223,2.655866744113557,-0.6315818691659795,3.9995855479451823,0.0,8.514976523384927,6.469274389273042,446.51401538037067,449.1035225165034,0.0
2.224,2.6119461107517186,-0.9179524468560081,4.519519843301314,0.0,8.405065260436238,6.870240525226372,447.9339730974928,449.1035225165034,0.0
2.225,2.7506557480706517,-1.2600932659864268,3.8212364789303477,0.0,8.381013521705201,7.122411141816426,448.98879648104725,449.1035225165034,0.0
2.226,2.9531157938760284,-1.5800195283809462,3.2949720475076916,0.0,8.416354499178361,7.2751697603961905,448.76829130434913,449.1035225165034,0.0
2.227,3.1567600329404923,-1.8297687523070358,3.4085769479782897,0.0,8.487710392770108,7.41356953239225,446.4657520466169,449.1035225165034,0.0
2.228,3.35617902194727,-1.995118325240762,4.586224281543272,0.0,8.581461634985736,7.653770427835216,443.72702336360743,449.1035225165034,0.0
2.229,3.596818483435302,-2.1008246884577604,6.009353614576966,0.0,8.699832046748627,7.99961796037989,440.74039430206767,449.1035225165034,0.0
2.23,3.919324529370679,-2.16300313673348,7.586299427491204,0.0,8.846732736267864,8.448881256498607,438.03781303642967,449.1035225165034,0.0
2.231,4.354401410941143,-2.1943097036353674,9.048247155110943,0.0,9.026691624323492,8.968319687353006,436.21484017036113,449.1035225165034,0.0
2.232,4.9127212133955425,-2.196601248485133,10.0,0.0,9.240537470923453,9.486819090134846,436.0755389402645,449.1035225165034,0.0
2.233,5.5740251008352795,-2.156679559568757,10.0,0.0,9.480434371912306,9.89817537925578,439.17360126165596,449.1035225165034,0.0
2.234,6.27719230327184,-2.050589737157735,8.831310936954246,0.0,9.72620654813832,10.093094579234853,444.60375093822535,449.1035225165034,0.0
2.235,6.927846485002249,-1.8528751965370485,6.161233814452333,0.0,9.946205725495465,9.946537196027881,444.74158955948667,449.1035225165034,0.0
2.236,7.397147313728421,-1.5415273679605122,6.135933833391839,0.0,10.097278131058992,9.815436692843114,432.8582080048441,449.1035225165034,0.0
2.237,7.75745261162967,-1.164373936095957,10.0,0.0,10.181759846528356,10.102913184188807,459.4958435733263,449.1035225165034,0.0
2.238,8.04762233103586,-1.1362520872417696,-1.2274647940961976,0.0,10.287219170530038,9.068112792774532,479.07438075409755,449.1035225165034,0.0
2.239,7.744454671313168,-1.0459011417925068,-10.0,0.0,10.268995137479243,7.330884287956954,477.2203842612011,449.1035225165034,0.0
2.24,6.716796541971316,-0.7527649831973362,-10.0,0.0,10.047529189260798,5.96329230000547,464.2513656834012,449.1035225165034,0.0
2.241,5.347587173202747,-0.36836690387703275,-4.298366971318019,0.0,9.672098209929763,5.47782899845343,451.77924080526645,449.1035225165034,0.0
2.242,4.1337127834322525,-0.10149170057228973,1.9109382848617327,0.0,9.260151706806312,5.749210266203516,446.1030186771892,449.1035225165034,0.0
2.243,3.3763161280908847,-0.0831332324787235,4.779054387293503,0.0,8.917187301312968,6.276833363761788,447.09057509681367,449.1035225165034,0.0
2.244,3.065921683031244,-0.29796608209683106,4.305405651678166,0.0,8.685096844263713,6.663184611476042,451.02721243336856,449.1035225165034,0.0
2.245,3.0154673614169814,-0.6368821511316466,2.317850084232067,0.0,8.549982996788462,6.776243094577998,453.6909656616318,449.1035225165034,0.0
2.246,3.029469597945684,-0.9805276420474538,0.9400990386491523,0.0,8.474098225681317,6.730762496048276,453.06145322918445,449.1035225165034,0.0
2.247,3.0160851378690587,-1.263985718206732,1.2152759477460275,0.0,8.42899780530028,6.727900763691011,450.0539512003408,449.1035225165034,0.0
2.248,2.9963004487121516,-1.4882737881624584,2.709522675329477,0.0,8.409958360655159,6.884473004681073,447.13914057592274,449.1035225165034,0.0
2.249,3.0368193330674447,-1.6840412758800123,4.1865718069443165,0.0,8.427771627522924,7.166362090138764,444.9193157144104,449.1035225165034,0.0
2.25,3.174232137176901,-1.864780099845989,5.338326305721416,0.0,8.489916072008766,7.519055877678305,443.3913036195505,449.1035225165034,0.0
2.251,3.414645290226609,-2.025363050666457,6.159454542120889,0.0,8.596972187150572,7.896429973134279,442.11040693900236,449.1035225165034,0.0
2.2520000000000002,3.745351803455952,-2.1503228511658796,6.8698340381699765,0.0,8.743199848870525,8.282729147835509,440.34959101668346,449.1035225165034,0.0
2.253,4.153017180746002,-2.225240640980497,7.837781314327625,0.0,8.92042602076322,8.702855450285847,438.14565468095503,449.1035225165034,0.0
2.254,4.640859545267763,-2.247368807310722,9.049328160547322,0.0,9.123627126109858,9.17269641367852,436.6433170082741,449.1035225165034,0.0
2.255,5.2201842929395905,-2.2210063583851483,9.925099051970085,0.0,9.350371066215983,9.641245422262216,437.45919408614947,449.1035225165034,0.0
2.2560000000000002,5.878959133875561,-2.1424514866973015,9.633603797335939,0.0,9.592918101773455,9.978119752047922,441.2582131602404,449.1035225165034,0.0
2.257,6.552178098909133,-1.9903199408350551,7.812547353853093,0.0,9.828948945425786,10.040693758429711,445.4716755145836,449.1035225165034,0.0
2.258,7.125954541958577,-1.7386306085189482,5.742134646700709,0.0,10.02146959425491,9.854695396101514,440.9605548528509,449.1035225165034,0.0
2.259,7.526343475507163,-1.3886769722876027,8.079124654203564,0.0,10.14016033530602,9.946016944526034,472.7364664178983,449.1035225165034,0.0
2.2600000000000002,7.874558151615098,-1.1421536294751347,-8.045160567334088,0.0,10.23249612574741,8.20873441273266,460.0079857383129,449.1035225165034,0.0
2.261,7.260636096351326,-0.8308022455381909,-1.789964859759483,0.0,10.11008666516038,7.574741666051436,448.8320419165672,449.1035225165034,0.0
2.262,6.522384269135408,-0.5673917028131354,3.8007218571127313,0.0,9.910657230103551,7.619399310200946,451.8786989664824,449.1035225165034,0.0
2.263,5.983513099328194,-0.5077636903554108,2.249641567655364,0.0,9.731711527024252,7.465015857827418,460.0309555027903,449.1035225165034,0.0
2.2640000000000002,5.4967525265793356,-0.5712599290456746,-1.9357610303614559,0.0,9.562802915396038,6.911447648800345,464.9664480604701,449.1035225165034,0.0
2.265,4.87997409429849,-0.624202778062712,-4.562136564641034,0.0,9.360617095032914,6.212276138545976,463.1333561015532,449.1035225165034,0.0
2.266,4.114891697047584,-0.614398981531316,-3.785888921033084,0.0,9.107124859572034,5.7524454727951895,456.57152986841845,449.1035225165034,0.0
2.267,3.356552934216973,-0.5898438439292162,-0.5796558779848584,0.0,8.830395753911251,5.73393824831148,449.2501484570689,449.1035225165034,0.0
2.2680000000000002,2.8006378340191596,-0.6398775379199192,3.0795685682842535,0.0,8.585238094083172,6.113628467762634,444.7011883885781,449.1035225165034,0.0
2.269,2.563714689532045,-0.8254323593986991,5.398071943808921,0.0,8.422475915605775,6.669779421022493,444.69318119444597,449.1035225165034,0.0
2.27,2.629507175610314,-1.136534163275578,5.446178954095554,0.0,8.363970700513772,7.126539393571429,447.0765956492317,449.1035225165034,0.0
2.271,2.8670518010960953,-1.4915939463138819,4.274740995375403,0.0,8.392937562281306,7.376961617851532,448.82445504815496,449.1035225165034,0.0
2.2720000000000002,3.137931822662993,-1.7982860611657432,3.403601970597261,0.0,8.474235495103425,7.493706036624491,448.49410461869553,449.1035225165034,0.0
2.273,3.3753647072441475,-2.006710828617648,3.5748713643050545,0.0,8.578937879791813,7.611048013269738,445.58320784912064,449.1035225165034,0.0
2.274,3.591749037878457,-2.1155424614820655,5.065522895766327,0.0,8.694791455616457,7.8679570577190034,441.9537214021369,449.1035225165034,0.0
2.275,3.857028595915352,-2.162319459356284,6.951764130401852,0.0,8.828807731741081,8.276323667723384,438.4999524127246,449.1035225165034,0.0
2.2760000000000002,4.230793777982734,-2.1777687092307736,8.784684326145793,0.0,8.991490688761134,8.801552679078224,435.9467859547996,449.1035225165034,0.0
2.277,4.74458066215249,-2.175588336501575,10.0,0.0,9.19003391771571,9.353103701728113,435.2131456433538,449.1035225165034,0.0
2.278,5.385134229331222,-2.1453909484430116,10.0,0.0,9.420578017080665,9.791877764721963,437.3646152447418,449.1035225165034,0.0
2.279,6.083322145494796,-2.055335373422303,9.722462375853539,0.0,9.662340973436816,10.108904557590606,442.9147115987771,449.1035225165034,0.0
2.2800000000000002,6.781774891255169,-1.8938274916668514,7.009302308013151,0.0,9.894765002201325,10.052884812715018,445.49351719077384,449.1035225165034,0.0
2.281,7.325169148613431,-1.6205922958858436,5.7559995652720755,0.0,10.069903860883473,9.862188903328517,435.6593088451116,449.1035225165034,0.0
2.282,7.708771806405872,-1.2573396955762564,10.0,0.0,10.171233808682501,10.150687196212782,453.0709738068437,449.1035225165034,0.0
2.283,8.042987109609381,-1.193362241329029,2.0458879635513147,0.0,10.287875597025959,9.470148669457425,469.470126986977,449.1035225165034,0.0
2.2840000000000003,7.9324015126182275,-1.1327468376438095,-6.357354671220063,0.0,10.318771433996636,8.040019173452647,476.99151566168376,449.1035225165034,0.0
2.285,7.17034295869248,-0.9289930168896094,-10.0,0.0,10.181757971423655,6.522054235889258,470.8513761703047,449.1035225165034,0.0
2.286,5.915466474800032,-0.5855125922579214,-7.536399152073237,0.0,9.870904052849692,5.580022820073562,459.3378424987544,449.1035225165034,0.0
2.287,4.573604672776771,-0.2532980162372208,-1.8819755161205936,0.0,9.463823585435595,5.433515778841198,449.92991946314623,449.1035225165034,0.0
2.2880000000000003,3.5358281383204724,-0.0924583976093667,2.813722032217067,0.0,9.06843024835081,5.8216706897182355,446.4919605867705,449.1035225165034,0.0
2.289,2.961238968903275,-0.1715689899785794,4.558817089702254,0.0,8.761702297409103,6.329301299930416,447.68436541944635,449.1035225165034,0.0
2.29,2.7766432741931,-0.4419498906018635,3.9768062443349077,0.0,8.565360995727653,6.688583545185894,450.5235129536745,449.1035225165034,0.0
2.291,2.8056374058344926,-0.800403960727503,2.543032572849109,0.0,8.461308187447484,6.83537312891026,452.1266749714362,449.1035225165034,0.0
2.2920000000000003,2.8908206301169908,-1.149173560680728,1.7112200394189365,0.0,8.417119733661368,6.87083661811705,451.44266532821774,449.1035225165034,0.0
2.293,2.9626437691357728,-1.437329104398449,2.0298334329110297,0.0,8.409105887983955,6.934651798593743,449.19876803445834,449.1035225165034,0.0
2.294,3.0328342959402823,-1.661168403887535,3.150829624611182,0.0,8.430015712428578,7.104404797048807,446.3944839727998,449.1035225165034,0.0
2.295,3.145546244862481,-1.8382351863553739,4.5800620408775,0.0,8.483048807350817,7.393582672861729,444.0338879996618,449.1035225165034,0.0
2.2960000000000003,3.341517324936652,-1.984644595185582,5.811056372614918,0.0,8.574030747508768,7.7598334235950945,441.85725618195494,449.1035225165034,0.0
2.297,3.634940038941663,-2.1020263133923955,6.9718349448138195,0.0,8.703987463638708,8.183616205155616,439.93173127531463,449.1035225165034,0.0
2.298,4.030535342014257,-2.186313489812,8.026315310545861,0.0,8.8714245585358,8.641820178483682,437.92372251464536,449.1035225165034,0.0
2.299,4.524634474267374,-2.22930920200206,9.142117690899076,0.0,9.07182499785269,9.132745970633064,436.66311021677654,449.1035225165034,0.0
2.3000000000000003,5.115803299249728,-2.2268005375190243,9.896827962830754,0.0,9.300572062237801,9.606391754182624,437.3848767831572,449.1035225165034,0.0
2.301,5.783301259229477,-2.1686921399937154,9.653131136973883,0.0,9.5474421614564,9.953680824904216,440.76229333117743,449.1035225165034,0.0
2.302,6.465399108267938,-2.032924660475734,8.047835154817031,0.0,9.790000819053576,10.04842662490239,445.28045742335854,449.1035225165034,0.0
2.303,7.058047353598872,-1.796169624628726,5.826983759657925,0.0,9.993092811742859,9.871342688518514,442.5178211680155,449.1035225165034,0.0
2.3040000000000003,7.473779365142813,-1.4551062295122197,7.274158900814339,0.0,10.123017788420483,9.873870085704224,456.2110486658493,449.1035225165034,0.0
2.305,7.83675713477843,-1.1200664485148493,0.3564698904039565,0.0,10.206759265190366,9.077949463737944,466.9882272079447,449.1035225165034,0.0
2.306,7.625271836370875,-0.9613321354463578,-5.210966427558149,0.0,10.188424155459076,7.853647107294737,462.40443515287865,449.1035225165034,0.0
2.307,6.904245752302538,-0.7086800921512024,-3.052079526388874,0.0,10.02328793942481,7.120291414094408,457.25203932885023,449.1035225165034,0.0
2.308,6.036424772689781,-0.4889772965373673,-0.5573667824981334,0.0,9.779688988589367,6.784837248343689,455.7090734190987,449.1035225165034,0.0
2.309,5.238397609998562,-0.3881049414137072,0.14806066335169277,0.0,9.518005585154935,6.590323273788981,456.5197101953829,449.1035225165034,0.0
2.31,4.56111970844051,-0.3979921177446144,-0.33141960157922323,0.0,9.265135437556111,6.395815550289875,457.1662917486413,449.1035225165034,0.0
2.311,3.977338721716625,-0.47710668046769444,-0.7353380705297949,0.0,9.026705262503487,6.213278484969589,455.9935896793175,449.1035225165034,0.0
2.312,3.4721439186402776,-0.5906571874189802,-0.21788770749603348,0.0,8.805563808561512,6.135844451770449,453.0001946138321,449.1035225165034,0.0
2.313,3.072418155596677,-0.7338386993919472,1.2398431042733802,0.0,8.613407557941327,6.238133448065356,449.3918371153914,449.1035225165034,0.0
2.314,2.826316724220624,-0.9223465381340352,3.0411387075048415,0.0,8.469999879154557,6.5176170277274466,446.975250436388,449.1035225165034,0.0
2.315,2.764204890046048,-1.1679859781211173,4.270714767807689,0.0,8.394016586223826,6.876423179591096,446.86009553514083,449.1035225165034,0.0
2.316,2.865015780445593,-1.4528920703754982,4.350726488244913,0.0,8.390395513520646,7.176545599334679,447.1638349036238,449.1035225165034,0.0
2.317,3.0563639922357417,-1.7256390245840765,4.218253680132219,0.0,8.444301894102544,7.410881349343894,446.9065452942297,449.1035225165034,0.0
2.318,3.2850309384917784,-1.944642039433601,4.368868257052002,0.0,8.537614073718533,7.621826611982419,445.05593856480164,449.1035225165034,0.0
2.319,3.5333937913375015,-2.0904866493722256,5.33464746128306,0.0,8.656542438581534,7.900704888664438,442.5908062557752,449.1035225165034,0.0
2.32,3.8296787475638117,-2.1739208182172933,6.632340778403563,0.0,8.799185107100001,8.266568930349065,439.72410086633687,449.1035225165034,0.0
2.321,4.205732534271547,-2.2088229645253987,8.15948768962439,0.0,8.967154807340531,8.726716994804573,437.01482890636015,449.1035225165034,0.0
2.322,4.690547093640982,-2.208046193526708,9.635010605714182,0.0,9.163907877729617,9.255114210832694,435.7850291789718,449.1035225165034,0.0
2.323,5.296463404868325,-2.1760407367963475,10.0,0.0,9.390312530152256,9.713937967866137,437.20445027319624,449.1035225165034,0.0
2.324,5.974731749262523,-2.0902012274463706,9.78471367004885,0.0,9.63083680157478,10.05363806942993,442.01954925931915,449.1035225165034,0.0
2.325,6.666446654986417,-1.9349814526597586,7.448003909559239,0.0,9.865062875878404,10.05922942143956,445.55573276504106,449.1035225165034,0.0
2.326,7.2303511282947435,-1.6749588560610573,5.715390054212909,0.0,10.049375190074638,9.865351476188714,438.94326091625067,449.1035225165034,0.0
2.327,7.624602243786015,-1.3185103260707698,9.123228594610634,0.0,10.15925936599322,10.063752356908832,463.01857998493836,449.1035225165034,0.0
2.328,7.95602444813524,-1.1919378928397202,-3.053581514417562,0.0,10.267636730036443,8.847260138428219,460.6223340675551,449.1035225165034,0.0
2.329,7.601152989888513,-0.9957624104507161,-1.9706466712364379,0.0,10.223213557096804,8.046495894490823,461.85445236514454,449.1035225165034,0.0
2.33,6.955700147622444,-0.8017875035794306,-2.714215118517582,0.0,10.083780792125433,7.296194978087268,464.3686745153362,449.1035225165034,0.0
2.331,6.121479848250661,-0.6335808567466819,-4.123977713601731,0.0,9.86669822992796,6.54465238034872,463.4157760525372,449.1035225165034,0.0
2.332,5.159295341152277,-0.4816263341588525,-3.790651017562569,0.0,9.58113673316004,5.994817441466536,459.3075833486737,449.1035225165034,0.0
2.333,4.208329268142843,-0.36911037005614045,-1.8385952739525249,0.0,9.258290681355277,5.777787134592542,454.0916154068945,449.1035225165034,0.0
2.334,3.4236746167663616,-0.34304529307736886,0.7195077680331559,0.0,8.944284205216954,5.888848381329119,450.27348068280276,449.1035225165034,0.0
2.335,2.9087385541753736,-0.44158292792556186,2.616875548416037,0.0,8.683884291969205,6.189328701571706,448.1224527172163,449.1035225165034,0.0
2.336,2.672933305551889,-0.6595061479684972,3.702200229202148,0.0,8.502558579926738,6.554922252270579,447.7660190470838,449.1035225165034,0.0
2.337,2.66318477335725,-0.9629129861176667,3.893792098962596,0.0,8.407120314154382,6.874760021616281,448.77085664559723,449.1035225165034,0.0
2.338,2.791309912865369,-1.295731023215748,3.394699958414927,0.0,8.386785567593124,7.082062882624489,449.07340420749057,449.1035225165034,0.0
2.339,2.9664032676615664,-1.5957094355282266,3.2437273605583883,0.0,8.418884026772208,7.237006900884506,448.26155090742463,449.1035225165034,0.0
2.34,3.1507840975669263,-1.8300274739270157,3.6580737266821433,0.0,8.48604224196013,7.408223231746984,446.2763875244637,449.1035225165034,0.0
2.341,3.3494222627909442,-1.992444176723648,4.678926768083008,0.0,8.579128925639143,7.657177732059271,443.3241027936807,449.1035225165034,0.0
2.342,3.5945363021910266,-2.0961567381486423,6.21286333070273,0.0,8.697586605710267,8.024093779500625,440.4344661966284,449.1035225165034,0.0
2.343,3.9296081373846095,-2.161303777078513,7.744372192427624,0.0,8.847019171186453,8.484883837891203,437.8514222616593,449.1035225165034,0.0
2.344,4.3792267937583285,-2.19652691800298,9.148415162460621,0.0,9.030810561066474,9.00756045122755,436.1955680051554,449.1035225165034,0.0
2.345,4.949986653164409,-2.2012558410427943,10.0,0.0,9.248658423417256,9.517695046676335,436.1826136444219,449.1035225165034,0.0
2.346,5.617284126283531,-2.1600329902279505,10.0,0.0,9.491153156257813,9.922389996990884,439.4786007197177,449.1035225165034,0.0
2.347,6.3222454517173015,-2.050874866246364,8.68247535515312,0.0,9.73827274571594,10.09506444355835,444.8962583850333,449.1035225165034,0.0
2.348,6.964598485966031,-1.8466933691209397,6.0157191638100045,0.0,9.956579437441018,9.931406249302587,444.4999483968552,449.1035225165034,0.0
2.349,7.42058109083922,-1.5280262000712252,6.259909899095553,0.0,10.103678066943798,9.815738530246186,435.4311857135817,449.1035225165034,0.0
2.35,7.778067090857764,-1.1499730592965218,10.0,0.0,10.186100887795943,10.10055181583903,464.41585199685915,449.1035225165034,0.0
2.351,8.056599217524687,-1.1343296074397051,-3.7330621198559966,0.0,10.290822506825657,8.790024646831425,479.5729470538488,449.1035225165034,0.0
2.352,7.624564205296561,-0.9991958710876513,-10.0,0.0,10.239310970571477,7.119298983622034,474.1828550002074,449.1035225165034,0.0
2.353,6.538292410522601,-0.6810125348811445,-9.139725113866124,0.0,9.992229192002585,5.882963896687183,460.4220601463051,449.1035225165034,0.0
2.354,5.187867526414097,-0.30492225232182313,-2.372513063213006,0.0,9.608033984877629,5.61902873660363,449.75876397912407,449.1035225165034,0.0
2.355,4.086098127918557,-0.0934896341197462,2.9525826057513096,0.0,9.216368097280185,5.9688463598889046,446.4954673231418,449.1035225165034,0.0
2.356,3.443698124721857,-0.1345169483124743,4.610311485676069,0.0,8.90547789151423,6.433261158554666,448.9626004686255,449.1035225165034,0.0
2.357,3.1869202742290015,-0.37832946562427117,3.378154133412984,0.0,8.69852728995382,6.6898524227513185,452.83093810678656,449.1035225165034,0.0
2.358,3.1165801772581436,-0.7062492231508383,1.4067111584296268,0.0,8.571563923123918,6.700721978808592,454.31888415721545,449.1035225165034,0.0
2.359,3.0702711143566925,-1.0147615022220942,0.6105845168080619,0.0,8.48904100170531,6.6343393376980595,452.4620106227545,449.1035225165034,0.0
2.36,3.0031850464507643,-1.26535271640953,1.505436402976016,0.0,8.432612019087411,6.679654019292049,448.9848277111519,449.1035225165034,0.0
2.361,2.9646078091137325,-1.4765401298498246,3.2452148068308295,0.0,8.407082106227259,6.900794075455215,446.46095009587475,449.1035225165034,0.0
2.362,3.0189559556481016,-1.6783377754552662,4.533579338675702,0.0,8.42630505715164,7.215225380688285,444.81383654017566,449.1035225165034,0.0
2.363,3.1804817170070443,-1.8709260354198136,5.400032976288526,0.0,8.49421557564693,7.565337753025307,444.01374428353375,449.1035225165034,0.0
2.364,3.4374669643460365,-2.0386742024881093,5.850976886939174,0.0,8.606872695304258,7.901516114179898,442.4646129755774,449.1035225165034,0.0
2.365,3.763634183122777,-2.157087216977637,6.69193163632662,0.0,8.753229889034484,8.270029392918829,440.3514746612791,449.1035225165034,0.0
2.366,4.160861887207783,-2.222124281149025,7.836021272028004,0.0,8.927772638179533,8.693334000328576,437.8930831892688,449.1035225165034,0.0
2.367,4.642958056971745,-2.237429247961251,9.177321401305504,0.0,9.128224748858687,9.178806238142187,436.3621962432913,449.1035225165034,0.0
2.368,5.2253960609963475,-2.209566025261803,10.0,0.0,9.353960868086219,9.6536108890609,437.2716362067508,449.1035225165034,0.0
2.369,5.889903272176139,-2.1313038645181273,9.732373455653606,0.0,9.596273635028062,9.998571567755915,441.3027470208007,449.1035225165034,0.0
2.37,6.571403462328298,-1.9813117244970178,7.7948258035856846,0.0,9.83313467935034,10.05449353018667,445.5999725219811,449.1035225165034,0.0
2.371,7.148713877251524,-1.7303703745415473,5.681248552940719,0.0,10.025798188388572,9.858702236016274,440.7250663721731,449.1035225165034,0.0
2.372,7.547762980382952,-1.3795694289804623,8.20248618928802,0.0,10.143537526593777,9.96210603747617,471.68685130669775,449.1035225165034,0.0
2.373,7.889167798757225,-1.1540116476273967,-7.5042395658762455,0.0,10.238539964631228,8.2804271441892,459.4133959827792,449.1035225165034,0.0
2.374,7.303879456900489,-0.853020622794455,-1.4706106385797333,0.0,10.125020834618145,7.66497858937691,450.4300618229107,449.1035225165034,0.0
2.375,6.5907646836937515,-0.604378119579353,3.0077910482904393,0.0,9.936967997019803,7.6046006149614715,453.9592629510887,449.1035225165034,0.0
2.376,6.021191654876916,-0.5355605832702746,1.1946330798555924,0.0,9.756599141777906,7.342745646268991,461.03633790153117,449.1035225165034,0.0
2.3770000000000002,5.464503230847709,-0.5685905948751184,-2.463232549215918,0.0,9.572403151830576,6.7603456457631,464.4327997618058,449.1035225165034,0.0
2.378,4.7855942644058445,-0.5912424080225569,-4.31475625180627,0.0,9.350548160157558,6.1197901973871485,461.8486656769507,449.1035225165034,0.0
2.379,4.002812196769448,-0.5716143569465051,-3.1501406409831816,0.0,9.084437519064409,5.747044686673523,455.448753153335,449.1035225165034,0.0
2.38,3.271254099355983,-0.5599511734929802,-0.01363668554365649,0.0,8.806576721340083,5.790975511951179,448.86462701674486,449.1035225165034,0.0
2.3810000000000002,2.762909530393162,-0.634541117128085,3.2808153377490075,0.0,8.56921661155035,6.1823541795482075,444.9891856997909,449.1035225165034,0.0
2.382,2.5660254306601247,-0.8407129990124151,5.259679364393124,0.0,8.416663387070221,6.712163297385491,445.291389868322,449.1035225165034,0.0
2.383,2.649550817705483,-1.1595998687644031,5.146698606609363,0.0,8.36536223367571,7.130363023796062,447.45732337342025,449.1035225165034,0.0
2.384,2.8833979419387417,-1.509436611914582,4.080193845491083,0.0,8.396304341310703,7.3605390162857445,448.8523032128067,449.1035225165034,0.0
2.3850000000000002,3.142975737778878,-1.8058038457780317,3.3852161188348244,0.0,8.476271865724645,7.47879403166887,448.21595385000165,449.1035225165034,0.0
2.386,3.372951488955324,-2.005981233317815,3.712266486902367,0.0,8.579123979526248,7.613444061038063,445.18575519100494,449.1035225165034,0.0
2.387,3.5914961042746034,-2.1122681549403644,5.266543489655707,0.0,8.694845672387691,7.890874115299333,441.65910064429687,449.1035225165034,0.0
2.388,3.867367893024397,-2.161450198920577,7.104314981731808,0.0,8.831085357010712,8.310584976912173,438.3569424434333,449.1035225165034,0.0
2.3890000000000002,4.254103543939403,-2.180388335608439,8.862859882894295,0.0,8.997263533928582,8.83722874131999,435.96535419685273,449.1035225165034,0.0
2.39,4.778404196750035,-2.179938580619245,10.0,0.0,9.199249415179754,9.381520195548795,435.3487961102676,449.1035225165034,0.0
2.391,5.424018423502808,-2.1482059699183402,10.0,0.0,9.431979764101484,9.814435132894083,437.6799045942021,449.1035225165034,0.0
2.392,6.123725021337353,-2.055050662414306,9.568101994545168,0.0,9.674798814147135,10.109311247302713,443.228581172703,449.1035225165034,0.0
2.3930000000000002,6.814834047880593,-1.8853728316248857,6.852513118732736,0.0,9.905090562317286,10.035560932048808,445.7682646855931,449.1035225165034,0.0
2.394,7.344101293296065,-1.6054609490808223,5.616023940596778,0.0,10.075884575373081,9.832048595570212,434.7457548677135,449.1035225165034,0.0
2.395,7.712152055256691,-1.2362862355448767,10.0,0.0,10.17143785381192,10.125376240999255,449.80297249000813,449.1035225165034,0.0
2.396,8.03260168630964,-1.177628179352085,3.709836084621636,0.0,10.284007929903934,9.631599706647409,470.80143300916257,449.1035225165034,0.0
2.3970000000000002,7.996250073776119,-1.15405594006462,-7.006373279882173,0.0,10.33393697919187,8.089779616087531,481.21702434744645,449.1035225165034,0.0
2.398,7.233849694811379,-0.9616193523976637,-10.0,0.0,10.203758812244532,6.568498119505296,475.40484248418096,449.1035225165034,0.0
2.399,5.975352333846921,-0.6256273544476945,-9.841520156030906,0.0,9.899435558435876,5.364506711840772,461.10173537826915,449.1035225165034,0.0
2.4,4.5176164898309255,-0.23889513004515006,-2.8099487316926606,0.0,9.465964864536858,5.1701361470314655,448.8414443086916,449.1035225165034,0.0
2.4010000000000002,3.376958324378723,-0.025190428847005952,3.322817585174224,0.0,9.03676398865904,5.667039189684747,443.63893424417523,449.1035225165034,0.0
2.402,2.778878250631168,-0.08856952800730111,5.9787185001557,0.0,8.709282252553939,6.356535504421916,445.39830642133,449.1035225165034,0.0
2.403,2.658212245356629,-0.3917010539995127,5.136084572530047,0.0,8.516208998400613,6.832377732728953,449.95070458206493,449.1035225165034,0.0
2.404,2.78509863156205,-0.8032030658700517,2.85141367150697,0.0,8.432261198539155,6.983276790418325,453.1731347630209,449.1035225165034,0.0
2.4050000000000002,2.94286939914589,-1.1920520105979124,1.1995024585637966,0.0,8.410456448234143,6.935741717366927,452.8127606445777,449.1035225165034,0.0
2.406,3.0314071929417317,-1.4873468991323189,1.342597136504677,0.0,8.414672613945996,6.9148777536513935,449.80192669046465,449.1035225165034,0.0
2.407,3.076941501757436,-1.6931513841395112,2.8410300718215766,0.0,8.436066311180562,7.055795082952283,446.1452496735735,449.1035225165034,0.0
2.408,3.1587161613843717,-1.848210907601353,4.698951308696444,0.0,8.484410874352482,7.365607186278794,443.45628484525736,449.1035225165034,0.0
2.4090000000000003,3.340429742227413,-1.982747294757084,6.099906099566984,0.0,8.57215059889238,7.765627602920395,441.3026242208372,449.1035225165034,0.0
2.41,3.637797830482259,-2.0989829468296914,7.254745394733738,0.0,8.702558950498876,8.21654937101186,439.6038415260504,449.1035225165034,0.0
2.411,4.047980720377643,-2.188176957413566,8.199133552031647,0.0,8.873667628397369,8.685607664799988,437.8846264447371,449.1035225165034,0.0
2.412,4.557626463016198,-2.2361984516595967,9.170930053405979,0.0,9.078961692146052,9.170365527786064,436.80238175383704,449.1035225165034,0.0
2.4130000000000003,5.157887491136776,-2.2345637746282017,9.835063806482662,0.0,9.311542106402559,9.629581503006209,437.63978954739537,449.1035225165034,0.0
2.414,5.826155430549959,-2.1727700351133823,9.53099723939458,0.0,9.560005112179113,9.958538399165295,441.09709616798585,449.1035225165034,0.0
2.415,6.501038878286676,-2.0301591577936113,7.882408192584512,0.0,9.801448247883894,10.033587276950993,445.3664095903762,449.1035225165034,0.0
2.416,7.07992430786514,-1.7850946641815302,5.785122610650621,0.0,10.000720972272637,9.854131494207703,441.97947514587844,449.1035225165034,0.0
2.4170000000000003,7.484955172022503,-1.4384376743539882,7.54983030660574,0.0,10.126439222003265,9.8888747237905,461.02046426005785,449.1035225165034,0.0
2.418,7.847556039546421,-1.1185043549085012,-2.0898336679195095,0.0,10.211333874478386,8.818869554444694,466.0651559842199,449.1035225165034,0.0
2.419,7.51566678802893,-0.917676148117164,-4.781795864677714,0.0,10.16184677521882,7.704768991724993,458.48604513970474,449.1035225165034,0.0
2.42,6.760912923058934,-0.6510651818657769,-1.0860656686521346,0.0,9.9785794053935,7.210283751513223,454.5973599862997,449.1035225165034,0.0
2.4210000000000003,5.975336465390042,-0.4709501289768965,0.8033385333524268,0.0,9.74704370237427,6.996663330294224,455.87068161842944,449.1035225165034,0.0
2.422,5.28973584119053,-0.4268949367733865,0.09900612626829108,0.0,9.514254606921572,6.752441078181156,458.60999078399595,449.1035225165034,0.0
2.423,4.670042470060417,-0.46842251072714736,-1.3657131391898898,0.0,9.28533078085978,6.416596611186888,459.2955212138835,449.1035225165034,0.0
2.424,4.064182580910115,-0.5376939768559377,-1.810398341107458,0.0,9.052919476239374,6.117623682824748,456.8727099647892,449.1035225165034,0.0
2.4250000000000003,3.491038403633228,-0.6148051751046293,-0.6766845910431614,0.0,8.821641526390861,6.0114495419719844,452.4593931579881,449.1035225165034,0.0
2.426,3.0293223130999714,-0.722430700162476,1.4964151059425448,0.0,8.613941653215802,6.1655261775733186,448.12615890042036,449.1035225165034,0.0
2.427,2.760957785723238,-0.8964441156599139,3.67280587088723,0.0,8.460484651372518,6.526000086577181,445.98054541716044,449.1035225165034,0.0
2.428,2.7179658682025325,-1.151221709835649,4.776842383510621,0.0,8.384706141818304,6.936806478888962,446.4940800227314,449.1035225165034,0.0
2.4290000000000003,2.855212431663805,-1.4557039316807585,4.5461695056628635,0.0,8.388531390911895,7.247012958168712,447.5228798000032,449.1035225165034,0.0
2.43,3.0776666901099707,-1.744171317769426,4.047576044191973,0.0,8.451681353275406,7.4509452596520624,447.4893531122979,449.1035225165034,0.0
2.431,3.316173625867162,-1.9656732892817046,4.080481082086659,0.0,8.550390092556368,7.625393595657721,445.86363879612895,449.1035225165034,0.0
2.432,3.5565091461121705,-2.1025975886341683,4.925737077374887,0.0,8.669519444723445,7.860865243224289,442.6438395711898,449.1035225165034,0.0
2.433,3.82922757005847,-2.1678485405357173,6.600233519297599,0.0,8.806091388146115,8.232849038477882,439.3010750581937,449.1035225165034,0.0
2.434,4.191280154012475,-2.190827571077726,8.369640250378744,0.0,8.968079700592481,8.7220828245526,436.4637107488726,449.1035225165034,0.0
2.435,4.679070829982118,-2.1883826483691466,9.914720522715612,0.0,9.162293828598324,9.280820377393614,435.4280437003444,449.1035225165034,0.0
2.436,5.301064756378185,-2.162130858273465,10.0,0.0,9.390097051404243,9.73349410238515,437.04559295143065,449.1035225165034,0.0
2.437,5.989439784668639,-2.0791434382446394,9.869727328546071,0.0,9.631521226126509,10.078996674677356,442.1522288170349,449.1035225165034,0.0
2.438,6.691587414488195,-1.927488530978157,7.385922332738641,0.0,9.867501075006748,10.07182309539105,445.65443332499655,449.1035225165034,0.0
2.439,7.2578326868434635,-1.6680419902726569,5.669310970672877,0.0,10.05214301066539,9.86971015539135,438.42114517215384,449.1035225165034,0.0
2.44,7.650612483543661,-1.3106504789516622,9.392778820537725,0.0,10.161390857919944,10.095476955149808,460.28212735873285,449.1035225165034,0.0
2.441,7.985044192076376,-1.2019215514190655,-1.649498321174074,0.0,10.273904333509508,9.024847005599328,462.07843955718414,449.1035225165034,0.0
2.442,7.70040214021268,-1.0391165485077574,-2.6774035908065255,0.0,10.251282205540155,8.104539533110739,465.51367233219486,449.1035225165034,0.0
2.443,7.047372937474465,-0.8514660555007396,-4.559121476468799,0.0,10.119878038917216,7.146277472130112,466.50858692201956,449.1035225165034,0.0
2.444,6.115751694466387,-0.6425131499838326,-5.2306294154363115,0.0,9.88467976818172,6.3116005508589605,463.0210872577418,449.1035225165034,0.0
2.445,5.047709063208257,-0.4402652553315256,-3.626055230709807,0.0,9.56937589303607,5.828258211359274,457.3810125226685,449.1035225165034,0.0
2.446,4.051389627944499,-0.30428418087248754,-0.8887927632348305,0.0,9.22433273221105,5.7456875594364085,452.3828910837998,449.1035225165034,0.0
2.447,3.2946010755793993,-0.292360543057341,1.577474270526574,0.0,8.905585032861168,5.954069952069855,449.35374232793833,449.1035225165034,0.0
2.448,2.8445132875030135,-0.4237997257052237,3.089546450342953,0.0,8.654127889179039,6.293346376111908,448.30140878482837,449.1035225165034,0.0
2.449,2.673134349030926,-0.6755378240552261,3.6237343592146867,0.0,8.488120901261349,6.631540196910435,448.6022854759565,449.1035225165034,0.0
2.45,2.6981628604166947,-0.9965064488983877,3.4783083840561013,0.0,8.405323161964526,6.893508274844024,449.48870376855297,449.1035225165034,0.0
2.451,2.8262774085942874,-1.3265041533990407,3.0312474252373613,0.0,8.39009206563739,7.059435010150418,449.28823262615134,449.1035225165034,0.0
2.452,2.9833032025503887,-1.6124255552530864,3.1296358953416945,0.0,8.421128129632539,7.206547611739726,447.95848473770684,449.1035225165034,0.0
2.453,3.150949982909115,-1.8332441300033324,3.8059602173519105,0.0,8.485202676591092,7.398593462389803,445.82467971630587,449.1035225165034,0.0
2.454,3.346078199332871,-1.990286505752628,4.905651156054373,0.0,8.577140829503723,7.672257306704868,442.93368647084054,449.1035225165034,0.0
2.455,3.5993805866970217,-2.095250144083921,6.412846139243664,0.0,8.697227128015538,8.056631140197668,440.23392001128,449.1035225165034,0.0
2.456,3.9480930556396365,-2.164644314376264,7.851425394076158,0.0,8.850325902374301,8.521922640682003,437.79493245290746,449.1035225165034,0.0
2.457,4.409916709344761,-2.202860744199429,9.184005073898398,0.0,9.038153814923245,9.04087936356777,436.27354144769754,449.1035225165034,0.0
2.458,4.988332590907794,-2.207654563608914,10.0,0.0,9.259239764342686,9.544149340057922,436.3786701281908,449.1035225165034,0.0
2.459,5.658641070579025,-2.1637748747090226,10.0,0.0,9.503669412496112,9.943091190631785,439.86934848003665,449.1035225165034,0.0
2.46,6.363531234582892,-2.0508706105507892,8.490302636264145,0.0,9.751569608723177,10.089680277708943,445.1959964062526,449.1035225165034,0.0
2.461,6.994555624039522,-1.83906513690322,5.866053934258669,0.0,9.967169134575599,9.910466310917661,444.17468668614316,449.1035225165034,0.0
2.462,7.4357301601966395,-1.5126567432010694,6.425997152617,0.0,10.109500442592891,9.816350979347503,439.6631152099708,449.1035225165034,0.0
2.463,7.7903006625693845,-1.137573520715204,8.776186963768515,0.0,10.190192016115013,9.964210748879747,468.0689085928604,449.1035225165034,0.0
2.464,7.99860873341877,-1.1113184078385432,-5.616363588439862,0.0,10.278463179046575,8.479303057186831,476.49478911722576,449.1035225165034,0.0
2.465,7.445067490519002,-0.9275302091133444,-10.0,0.0,10.189462305784682,6.876411368634303,467.8600059098871,449.1035225165034,0.0
2.466,6.3071883156577275,-0.5821454893406206,-5.971325416561675,0.0,9.912917913805975,6.031530626710392,456.2600723514327,449.1035225165034,0.0
2.467,5.0922448406877505,-0.2721642101422277,-0.24292413568377746,0.0,9.548895793318659,5.9555859053412785,449.60720153409846,449.1035225165034,0.0
2.468,4.17134013397206,-0.15148445000006117,3.078474482807395,0.0,9.203506451919505,6.24805336227462,449.26353291673456,449.1035225165034,0.0
2.469,3.6318200279638457,-0.24741237951072548,3.248708687487035,0.0,8.933661660201198,6.512385080298304,452.18459079798237,449.1035225165034,0.0
2.47,3.358621690029981,-0.48407818577746786,1.7573690640483428,0.0,8.742308478851319,6.582206062835382,454.4329569383925,449.1035225165034,0.0
2.471,3.192610586826105,-0.7596470792942636,0.5798916496243742,0.0,8.605018634114321,6.5268297476046,453.79031672331035,449.1035225165034,0.0
2.472,3.047091994446341,-1.0110051820101802,0.8543438150973883,0.0,8.500813844691528,6.519573525899207,450.7708064996833,449.1035225165034,0.0
2.473,2.933257259398153,-1.2329320795540426,2.347426087079108,0.0,8.428202289743135,6.675183610616832,447.6358918328774,449.1035225165034,0.0
2.474,2.908208592220535,-1.4505145757769187,3.929559727318324,0.0,8.400127704370428,6.968692415113413,445.96879279818853,449.1035225165034,0.0
2.475,3.0037700969842356,-1.67510433710729,4.79445654184591,0.0,8.426740506768759,7.298597941622919,445.2232371616137,449.1035225165034,0.0
2.476,3.2024238376389262,-1.8872085425683316,5.20603721368221,0.0,8.504768146565615,7.613902805053647,444.2516750381629,449.1035225165034,0.0
2.477,3.472195525453181,-2.0588614900510898,5.740336750191033,0.0,8.62328429089436,7.932448740165574,442.8458372253071,449.1035225165034,0.0
2.478,3.8000469622112263,-2.1742940031790936,6.505832509530893,0.0,8.772784461270668,8.276487293196237,440.57294007862725,449.1035225165034,0.0
2.479,4.188435172732914,-2.2296214638885328,7.727586907249574,0.0,8.946670165459171,8.688365845327315,437.88190806672674,449.1035225165034,0.0
2.48,4.659706599955061,-2.234096653031342,9.1853190576976,0.0,9.14429415064055,9.176622130347013,436.224315629999,449.1035225165034,0.0
2.481,5.236133579068452,-2.1984830627660648,10.0,0.0,9.367019118985151,9.652158514101412,437.12096960858287,449.1035225165034,0.0
2.482,5.897476269537337,-2.1148119592496015,9.811547737815253,0.0,9.60617754338657,10.00655377189104,441.3042429638073,449.1035225165034,0.0
2.483,6.581566968764254,-1.9635300893898364,7.7979038557299845,0.0,9.8410553564774,10.061172491924042,445.61582110495317,449.1035225165034,0.0
2.484,7.160909959388709,-1.7124922809197871,5.676991799272566,0.0,10.031805920029345,9.863766411896947,440.3507210341403,449.1035225165034,0.0
2.485,7.561548059907116,-1.3622381464181652,8.397069849502635,0.0,10.147723242512905,9.987316941166853,470.68928173229773,449.1035225165034,0.0
2.486,7.899718252682083,-1.1646014361767982,-6.988068091734026,0.0,10.246166388893563,8.35734585551973,458.7310663350733,449.1035225165034,0.0
2.487,7.3457879926999645,-0.8756290679859988,-1.1052358313075143,0.0,10.141957518672875,7.765493151660455,452.1033639288062,449.1035225165034,0.0
2.488,6.6619682412174654,-0.6439923151664773,2.1786169577030248,0.0,9.966393945960085,7.594481185415185,456.2945025175604,449.1035225165034,0.0
2.489,6.06193133412354,-0.5668070706018485,0.011137863315355379,0.0,9.785111524520135,7.210918692515918,462.2285823492668,449.1035225165034,0.0
2.49,5.429206823105086,-0.5668211593037222,-3.087152650865485,0.0,9.584374498137104,6.59204636828766,463.9283305017995,449.1035225165034,0.0
2.491,4.68047735389507,-0.5554820249657495,-4.085274806984806,0.0,9.340576496305355,6.012210038315522,460.47258724971283,449.1035225165034,0.0
2.492,3.8755602572428227,-0.5236629735765221,-2.4710938282735624,0.0,9.059787957350133,5.7345722563165005,453.8599192111848,449.1035225165034,0.0
2.493,3.1717049488701616,-0.5242792586232532,0.7876762240436523,0.0,8.779700475959562,5.868317207544115,448.2480755214323,449.1035225165034,0.0
2.494,2.722964664658899,-0.6303121087128003,3.6021525388705866,0.0,8.552653688490194,6.280006487797208,445.4029060549354,449.1035225165034,0.0
2.495,2.5783618844735225,-0.8643190928318076,5.061743436734737,0.0,8.414160947545263,6.771651299873124,446.20938542581865,449.1035225165034,0.0
2.496,2.6832960908374788,-1.1930481622466622,4.687445122199952,0.0,8.372502089696866,7.131524842567597,448.05845495616194,449.1035225165034,0.0
2.497,2.9076420880773037,-1.5337418741409152,3.773361032631723,0.0,8.405185489516972,7.3308101608678875,448.9187560908056,449.1035225165034,0.0
2.498,3.1471982479450347,-1.8138435233128796,3.3450581295668838,0.0,8.481933325475072,7.451355091265656,447.8258191338398,449.1035225165034,0.0
2.499,3.3638968564622775,-2.0012967737679594,3.9043036418764134,0.0,8.580879711935475,7.611879062265931,444.64586684267925,449.1035225165034,0.0
2.5,3.5841922715440186,-2.103822683504424,5.5388563441949215,0.0,8.695387174416327,7.918388107370344,441.2474740843572,449.1035225165034,0.0
2.501,3.8742403606018314,-2.1565703669933978,7.31661320767742,0.0,8.83387178124596,8.355202386526747,438.158096393931,449.1035225165034,0.0
2.5020000000000002,4.279275408411105,-2.181080131012756,8.970756314116247,0.0,9.004357952515509,8.88470849715548,436.00125904328075,449.1035225165034,0.0
2.503,4.818834999215238,-2.1839903556095246,10.0,0.0,9.210821144786426,9.419686783720753,435.5592766302825,449.1035225165034,0.0
2.504,5.472304577654592,-2.151177033283723,10.0,0.0,9.446497278784971,9.845035066277465,438.1432267306438,449.1035225165034,0.0
2.505,6.174950756372866,-2.05472470257727,9.339994697988372,0.0,9.690859004484883,10.10805916688247,443.70973958735993,449.1035225165034,0.0
2.5060000000000002,6.8545005857104355,-1.8765747576266312,6.610676098921734,0.0,9.918454997037799,10.007868017679797,445.5049365706965,449.1035225165034,0.0
2.507,7.364176363766527,-1.586251673483643,5.749063466711527,0.0,10.083118235608932,9.823702541807435,433.38301037514367,449.1035225165034,0.0
2.508,7.727663586511985,-1.2136007078365516,10.0,0.0,10.174810227355968,10.115752245641819,451.5561152161249,449.1035225165034,0.0
2.509,8.037005588801922,-1.1644107304055238,2.816808704696667,0.0,10.284853602450797,9.524713022426775,473.3378035528175,449.1035225165034,0.0
2.5100000000000002,7.947104464431769,-1.1347661064019459,-8.316378274012765,0.0,10.322019708848554,7.86394594804133,480.0512214018434,449.1035225165034,0.0
2.511,7.098392501425239,-0.9085342049132441,-10.0,0.0,10.164803434244266,6.391564976349722,472.3895539374094,449.1035225165034,0.0
2.512,5.802077776663578,-0.5564414310913428,-8.344939485623598,0.0,9.839602803825729,5.383700848301839,458.550891999585,449.1035225165034,0.0
2.513,4.4052679457816115,-0.20021952456804293,-1.5200822115422232,0.0,9.410472341664907,5.318972699171478,447.9879169620379,449.1035225165034,0.0
2.5140000000000002,3.3664364100541277,-0.03843617169152258,3.7725613627759915,0.0,9.003548161055955,5.832049909793465,444.72535213554255,449.1035225165034,0.0
2.515,2.847845006109442,-0.14481388103485326,5.447625479833275,0.0,8.701943501126623,6.431114337502116,446.92741282066896,449.1035225165034,0.0
2.516,2.744412230304696,-0.45625779735461647,4.368356234228413,0.0,8.523600803662829,6.810833289558937,450.8707657641862,449.1035225165034,0.0
2.517,2.8405012716916294,-0.8487783733892388,2.379007329992958,0.0,8.441127095351712,6.915106267343235,452.9948252515364,449.1035225165034,0.0
2.5180000000000002,2.9547549385183216,-1.210043467788839,1.2780645589675448,0.0,8.413142010273745,6.887887347810486,452.0182434127526,449.1035225165034,0.0
2.519,3.019540747473386,-1.4887703492643907,1.7372082693969388,0.0,8.412280847768612,6.916123145263909,449.1266073728385,449.1035225165034,0.0
2.52,3.068285690789959,-1.693806581296993,3.182795440790633,0.0,8.434096097968167,7.091158312795217,445.8845079589785,449.1035225165034,0.0
2.521,3.166789673375218,-1.8558994922082903,4.836035293295906,0.0,8.487013197780811,7.407924012003782,443.4681944325607,449.1035225165034,0.0
2.5220000000000002,3.3637384907245784,-1.995991574362462,6.100545337344208,0.0,8.580104357460895,7.800189227510436,441.48203567911867,449.1035225165034,0.0
2.523,3.6689824982165677,-2.112925325395546,7.169839582439083,0.0,8.714574714515734,8.235906951303761,439.7381269984646,449.1035225165034,0.0
2.524,4.078712253300702,-2.1973799916097168,8.135447877946493,0.0,8.887290484017651,8.695006075493774,437.8959052102882,449.1035225165034,0.0
2.525,4.58415005003072,-2.2383312635118546,9.168634945096846,0.0,9.092304682235472,9.177960498556978,436.73204431927473,449.1035225165034,0.0
2.5260000000000002,5.181091099801106,-2.230262322908265,9.874280172575876,0.0,9.323815806752414,9.639800865979389,437.6124805152582,449.1035225165034,0.0
2.527,5.848701675550797,-2.1639577338562326,9.548972494596596,0.0,9.571147040170212,9.968300259423978,441.2159112130351,449.1035225165034,0.0
2.528,6.523517603918105,-2.0181853196743793,7.8261332587428285,0.0,9.811223169921206,10.034869951338864,445.44566028738194,449.1035225165034,0.0
2.529,7.099126348718235,-1.770028077168389,5.747837343860622,0.0,10.008109083354753,9.850837326114515,441.6140958288931,449.1035225165034,0.0
2.5300000000000002,7.500380241699496,-1.4212001446510873,7.738513839981153,0.0,10.131013642770663,9.906272087698094,465.4369906535132,449.1035225165034,0.0
2.531,7.857206369987138,-1.1256708828678654,-4.336268253698998,0.0,10.218151282932364,8.585082698617065,463.8807473298704,449.1035225165034,0.0
2.532,7.417526250470857,-0.8832136807205209,-3.705918840011281,0.0,10.140741220551412,7.6467453433324195,454.7362804513729,449.1035225165034,0.0
2.533,6.665751131802722,-0.6167691450373969,0.809987019888772,0.0,9.950354101976423,7.3632453296486045,453.3626223306121,449.1035225165034,0.0
2.5340000000000003,5.974664093096124,-0.4823647115702543,1.4542250821280893,0.0,9.738535651565996,7.183265556794044,457.34685983379023,449.1035225165034,0.0
2.535,5.370146662234076,-0.48146374406134695,-0.6203270426338401,0.0,9.531146006819844,6.8250448488454465,461.05550644469446,449.1035225165034,0.0
2.536,4.757020532143812,-0.5299406392291681,-2.594170187367863,0.0,9.314014723897,6.346928722545284,460.86184413667513,449.1035225165034,0.0
2.537,4.092573029112923,-0.5703085055347596,-2.6149222495599167,0.0,9.074740652978356,5.979324749221556,456.92634031356704,449.1035225165034,0.0
2.5380000000000003,3.4469425661719164,-0.6080752270662853,-0.7253985159765066,0.0,8.826384252524619,5.896983773347638,451.31341520005157,449.1035225165034,0.0
2.539,2.9438577316974124,-0.6908255569885464,2.0589651139457485,0.0,8.603354263605002,6.134309044134137,446.76467436886406,449.1035225165034,0.0
2.54,2.6824001711228838,-0.866347285940569,4.356724011015893,0.0,8.444839687541492,6.574238114646973,445.32101626140496,449.1035225165034,0.0
2.541,2.6793441042960153,-1.1417512614598464,5.116378127296428,0.0,8.374708696153215,7.01262877606754,446.5872758334503,449.1035225165034,0.0
2.5420000000000003,2.8578901288228242,-1.4677455394372976,4.508410808104294,0.0,8.388535200868153,7.306023702567066,448.0431332717659,449.1035225165034,0.0
2.543,3.1035638644686414,-1.7663087270696927,3.7910859813938673,0.0,8.459900555621335,7.473397078466136,447.9710113443421,449.1035225165034,0.0
2.544,3.3436124189907206,-1.9843614863336623,3.8384720568273702,0.0,8.561866884131824,7.619606765174434,445.8880010251761,449.1035225165034,0.0
2.545,3.5734035027652173,-2.1100684900081994,4.912132431323654,0.0,8.67990479127365,7.856144362833235,442.43447421294746,449.1035225165034,0.0
2.5460000000000003,3.83916813136635,-2.166212758890283,6.705586320473529,0.0,8.814711467007456,8.24043911719348,438.9874294314118,449.1035225165034,0.0
2.547,4.201945330777702,-2.184583331170377,8.530269642092286,0.0,8.975926270865898,8.745317844528413,436.21624434468106,449.1035225165034,0.0
2.548,4.697683845827034,-2.181628875033339,10.0,0.0,9.170998771174114,9.30835022100804,435.31314607814625,449.1035225165034,0.0
2.549,5.3282635397223554,-2.1551815651731827,10.0,0.0,9.399987599576223,9.755482925113458,437.1284521228843,449.1035225165034,0.0
2.5500000000000003,6.021386414401903,-2.0704266526125146,9.832724983740823,0.0,9.64173224826559,10.09246327058424,442.426475348174,449.1035225165034,0.0
2.551,6.723859454799052,-1.9160866443180873,7.250483842779276,0.0,9.87687061484632,10.067205465336812,445.62170482231835,449.1035225165034,0.0
2.552,7.282826017300517,-1.6521773242171784,5.687687282648948,0.0,10.058482739116078,9.867440475596286,437.4562590658915,449.1035225165034,0.0
2.553,7.672246493643364,-1.292532173058634,9.886882795368486,0.0,10.165035278558378,10.146106082484547,456.5848333968405,449.1035225165034,0.0
2.5540000000000003,8.016261307993009,-1.211851340119593,0.24778252109061727,0.0,10.283520684633562,9.271319972515414,463.81699150766804,449.1035225165034,0.0
2.555,7.830878472552885,-1.0958021591327052,-3.515431224234793,0.0,10.29072033752515,8.202130764949606,470.6776046914642,449.1035225165034,0.0
2.556,7.1772607963506125,-0.9190911902206329,-7.161478637882474,0.0,10.172003389600537,6.9471914814094005,469.79346552940467,449.1035225165034,0.0
2.557,6.11302358450441,-0.655441720548259,-6.926308486981731,0.0,9.912429876139527,5.978733538707369,462.75605773037836,449.1035225165034,0.0
2.5580000000000003,4.89190719424349,-0.38088713161172594,-3.5441299396073243,0.0,9.554403409668119,5.574532408441858,454.7352052325237,449.1035225165034,0.0
2.559,3.8228051324113386,-0.20734135954526078,0.40997948215980395,0.0,9.175414987779353,5.681469058375322,449.19438490775804,449.1035225165034,0.0
2.56,3.1002232207725364,-0.21020643115379922,3.1794810206300888,0.0,8.847069688670416,6.073710265802571,447.7549031587627,449.1035225165034,0.0
2.561,2.7567298507658125,-0.39763274227101597,3.912708088705155,0.0,8.611371283721908,6.477411236264107,448.7067418488052,449.1035225165034,0.0
2.562,2.691221712804094,-0.7066492348147125,3.4407565503608835,0.0,8.471730367383033,6.761696290761743,450.1601604646221,449.1035225165034,0.0
2.563,2.7693589764797943,-1.0556337349860039,2.7034808629712606,0.0,8.409780178221219,6.917957757562366,450.7863738217651,449.1035225165034,0.0
2.564,2.889923492074569,-1.377740360266465,2.373545671347143,0.0,8.401593038434786,7.010997220483321,449.7151937116705,449.1035225165034,0.0
2.565,3.0097485550614156,-1.636991014394909,2.9030190144427657,0.0,8.428825064620414,7.143480331017688,447.44048663086045,449.1035225165034,0.0
2.566,3.143801641700529,-1.8328207340614844,4.057002913704226,0.0,8.485530961862953,7.3735342397045525,444.972585745364,449.1035225165034,0.0
2.567,3.330643543209831,-1.9799837751511633,5.332262724163858,0.0,8.573801297573128,7.6957800091053015,442.26117230326474,449.1035225165034,0.0
2.568,3.598845742913929,-2.0889070310716544,6.756392947345859,0.0,8.695979104392716,8.110896138630055,439.9347049594609,449.1035225165034,0.0
2.569,3.972018552758259,-2.1674615240815536,8.011314794818219,0.0,8.855002505154703,8.582151549788595,437.76438126380964,449.1035225165034,0.0
2.57,4.454843393676773,-2.2120777975826105,9.209868055170773,0.0,9.049371352111365,9.092096395668948,436.4680125815512,449.1035225165034,0.0
2.571,5.045293904817926,-2.2175893356820646,9.984407495649519,0.0,9.275457905416326,9.583576139689725,436.76375042425786,449.1035225165034,0.0
2.572,5.7198594765010755,-2.169871150723493,9.959936295218638,0.0,9.522779662066428,9.969781630412998,440.52884218110205,449.1035225165034,0.0
2.573,6.422611845524263,-2.0507177720541856,8.16313722015056,0.0,9.771360102319811,10.074138456600059,445.6064103557784,449.1035225165034,0.0
2.574,7.033803886913306,-1.826480753920865,5.659324254419637,0.0,9.98204364295859,9.875262607851466,443.5518895640971,449.1035225165034,0.0
2.575,7.452323678188526,-1.4885263375008222,6.742100979784342,0.0,10.116838629033756,9.821561010862657,445.22539103009564,449.1035225165034,0.0
2.576,7.804801025310285,-1.1211401982772893,5.944131561649157,0.0,10.19575102565214,9.653517358661084,468.97844136175803,449.1035225165034,0.0
2.577,7.863994511196696,-1.055146487136446,-6.131142792634586,0.0,10.24638237055527,8.186882316575362,471.5424288034719,449.1035225165034,0.0
2.578,7.219748731231002,-0.8360363109986628,-7.637525576361217,0.0,10.121844894495768,6.898483521176521,463.15909806349504,449.1035225165034,0.0
2.579,6.159160218606397,-0.5269824972734152,-3.5864159618426914,0.0,9.849116468753934,6.297379021734967,455.1153216661165,449.1035225165034,0.0
2.58,5.1073369324389555,-0.2982857180830578,0.3753542453504606,0.0,9.521484328068437,6.2294904326616205,451.69460555457334,449.1035225165034,0.0
2.581,4.3061916665067494,-0.2404403604215235,2.0598014707413257,0.0,9.215750520993295,6.35890672753899,452.34414608005085,449.1035225165034,0.0
2.582,3.7790154149346415,-0.34512189827547235,1.702624972367099,0.0,8.965625146853954,6.4386520601596455,454.09589596393846,449.1035225165034,0.0
2.583,3.431849315925933,-0.542864867677452,0.776826295948942,0.0,8.769191754646284,6.4200607410572825,454.3193118398912,449.1035225165034,0.0
2.584,3.1727119846546628,-0.7658843197687091,0.6129604647386877,0.0,8.613097279785169,6.399951405425194,452.28268589395566,449.1035225165034,0.0
2.585,2.974777341409482,-0.9852509520640945,1.5994818039319423,0.0,8.492501453878534,6.495580998937825,449.19820359346534,449.1035225165034,0.0
2.586,2.8674453054182334,-1.2083466329364223,3.140776143407484,0.0,8.415875028486829,6.739092391985487,447.1128018782986,449.1035225165034,0.0
2.587,2.8850995218624162,-1.4483226186266602,4.203384207372887,0.0,8.395428786556261,7.04904866266188,446.23144462331953,449.1035225165034,0.0
2.588,3.0192290668748765,-1.6923804328311485,4.672783613794272,0.0,8.432469395591982,7.352394828357349,445.8258596272007,449.1035225165034,0.0
2.589,3.2350206263605763,-1.9103021807164442,4.908352740746709,0.0,8.517671374419017,7.627933272194089,445.17810633217044,449.1035225165034,0.0
2.59,3.500702057724416,-2.074431579429451,5.271483550105174,0.0,8.6377820161266,7.894959725434605,442.9170621197306,449.1035225165034,0.0
2.591,3.8046832815256346,-2.1701104398930102,6.46387026029283,0.0,8.781467619651336,8.244044707244392,440.10146887506335,449.1035225165034,0.0
2.592,4.178477322185802,-2.211800447332592,7.961687419040851,0.0,8.949322273218298,8.687348239351468,437.2636259340187,449.1035225165034,0.0
2.593,4.653392850869336,-2.213680195643589,9.499007855388019,0.0,9.144511686879083,9.208731192266656,435.81822179716517,449.1035225165034,0.0
2.594,5.247718251387678,-2.183586930607942,10.0,0.0,9.368991397828275,9.676604084030068,436.9351288354834,449.1035225165034,0.0
2.595,5.920056500627432,-2.102080957664408,9.910702090039091,0.0,9.609145702485462,10.037291012759049,441.4766837975181,449.1035225165034,0.0
2.596,6.615586188532408,-1.9539373017076493,7.716192996211597,0.0,9.845872527124016,10.07563677468228,445.8020411944516,449.1035225165034,0.0
2.597,7.196589874442216,-1.7025893384971882,5.586529110965366,0.0,10.036594406097457,9.864547597867208,440.76092067775704,449.1035225165034,0.0
2.598,7.593097660202195,-1.3497672474623519,8.190515387700103,0.0,10.15083822911032,9.96356883634977,468.5360388767352,449.1035225165034,0.0
2.599,7.901345985847175,-1.1733910491257866,-5.891368875391281,0.0,10.247686632763473,8.459122963614616,457.35285685191667,449.1035225165034,0.0
2.6,7.393964176677581,-0.9021232344486205,-0.38227120633615996,0.0,10.156329911146683,7.920520587010377,454.2101920531927,449.1035225165034,0.0
2.601,6.762390629040047,-0.6986554572423018,1.1379944976589251,0.0,10.00057984668522,7.603180298802226,459.53904708970896,449.1035225165034,0.0
2.602,6.13184238635327,-0.6142833894435689,-1.630788266331253,0.0,9.821424510163286,7.045274843109034,463.96090238287206,449.1035225165034,0.0
2.603,5.399534053555527,-0.5704676224323846,-3.990289711576492,0.0,9.60041814803099,6.3676355021767845,463.3453381605603,449.1035225165034,0.0
2.604,4.554239206665463,-0.5116735516671418,-3.8249257568611736,0.0,9.327719297904633,5.863103858425596,458.5969039144522,449.1035225165034,0.0
2.605,3.7146609359118457,-0.46061259738240645,-1.545642447786609,0.0,9.026808404152119,5.714723679801936,452.04507339019665,449.1035225165034,0.0
2.606,3.0443523514429565,-0.47703103837673644,1.7008573056042264,0.0,8.743467219964717,5.950750731031677,447.43991475311856,449.1035225165034,0.0
2.607,2.6658079964012895,-0.6194865616243715,4.020072701777121,0.0,8.527568782466327,6.392426447974709,445.76992553863766,449.1035225165034,0.0
2.608,2.5855816269193435,-0.8874209986331617,4.888403278796224,0.0,8.40547599325057,6.845708416076571,447.20340372815036,449.1035225165034,0.0
2.609,2.720687808729267,-1.230345806366546,4.190665371923406,0.0,8.375963064247157,7.1403544892265565,448.74849596433853,449.1035225165034,0.0
2.61,2.938919597371922,-1.5631577146156617,3.4216695193509703,0.0,8.412046097289153,7.302318062514371,449.0087193111376,449.1035225165034,0.0
2.611,3.1580403989575627,-1.8261125348646818,3.2925058780050884,0.0,8.486314095500632,7.423254569467286,447.2921187874859,449.1035225165034,0.0
2.612,3.3606200210821773,-1.9988048788122974,4.168920177121124,0.0,8.581615554218004,7.61712888444443,444.07908755239305,449.1035225165034,0.0
2.613,3.584593707324272,-2.0983793816532796,5.825680144308649,0.0,8.696000570434386,7.95201405792968,440.81925033090954,449.1035225165034,0.0
2.614,3.889840449141433,-2.15486266109228,7.538441476906341,0.0,8.837653018087535,8.405347957864446,437.9615682118831,449.1035225165034,0.0
2.615,4.313612897500366,-2.184633549112716,9.078702079465762,0.0,9.013183575856699,8.936252263625299,436.0604216664258,449.1035225165034,0.0
2.616,4.868103818419424,-2.190061752191756,10.0,0.0,9.224550901883525,9.46080308300265,435.8248081391363,449.1035225165034,0.0
2.617,5.528707664206501,-2.155105969758514,10.0,0.0,9.463337159146956,9.877701060012214,438.71569349481814,449.1035225165034,0.0
2.618,6.233351417534452,-2.0543728194717863,9.057399630457645,0.0,9.709203499677797,10.102197049989307,444.23962887398204,449.1035225165034,0.0
2.619,6.8977194721933515,-1.8658550620208023,6.344070877300908,0.0,9.933203183336516,9.973755867390754,445.1236888455595,449.1035225165034,0.0
2.62,7.384421514883067,-1.5635890638235792,5.941839228221612,0.0,10.090594698142327,9.816553033401494,431.9647386451381,449.1035225165034,0.0
2.621,7.744612114812218,-1.1875631367436055,10.0,0.0,10.178186586071803,10.106475690112848,455.38009875511403,449.1035225165034,0.0
2.622,8.044310463887564,-1.1462590686960241,0.8684023064289788,0.0,10.28522836266503,9.301743003536421,478.1084105998643,449.1035225165034,0.0
2.623,7.849476151886861,-1.088947698507556,-10.0,0.0,10.295201482901044,7.508408244316314,479.0926222758223,449.1035225165034,0.0
2.624,6.870902601906236,-0.8131689094292652,-10.0,0.0,10.09508126209472,6.10978304348397,467.6948828992619,449.1035225165034,0.0
2.625,5.51978944270129,-0.4362837943688762,-6.017885532315429,0.0,9.736410968519923,5.40787764411227,454.2081044187855,449.1035225165034,0.0
2.626,4.221906858853145,-0.12799789977871345,0.6744578888999513,0.0,9.31327456711113,5.565888339608349,446.3126983844801,449.1035225165034,0.0
2.6270000000000002,3.354137616617118,-0.05227932636482735,4.6500691473729034,0.0,8.943006691263195,6.118653920441297,445.8154154441942,449.1035225165034,0.0
2.628,2.975574401181105,-0.2315952368247417,4.931591688238953,0.0,8.685524096968077,6.603291783792292,449.42094954539385,449.1035225165034,0.0
2.629,2.920552587337494,-0.5688207562542473,3.1256503673502083,0.0,8.537555196470215,6.814515598040691,452.8500532446959,449.1035225165034,0.0
2.63,2.9754806370310547,-0.9370627677571413,1.3736332104172524,0.0,8.462639933518007,6.8085653631559975,453.30918603755674,449.1035225165034,0.0
2.6310000000000002,3.0099599424364287,-1.2503651638342692,1.1020101787763048,0.0,8.425402016826006,6.780116820455723,450.9266432385739,449.1035225165034,0.0
2.632,3.014636748106648,-1.4915182169427417,2.275050371047027,0.0,8.412436849414338,6.882370336252794,447.8521839459185,449.1035225165034,0.0
2.633,3.0501157293652525,-1.6867783980776623,3.8247934030805646,0.0,8.430060639717297,7.127987395448227,445.2083304659807,449.1035225165034,0.0
2.634,3.168481990407021,-1.858813298550752,5.185672063554708,0.0,8.487454994150198,7.472338851184228,443.145874655613,449.1035225165034,0.0
2.6350000000000002,3.3915318703866006,-2.0118666125809743,6.276476447347452,0.0,8.588660574252,7.871022468215044,441.8373854021194,449.1035225165034,0.0
2.636,3.718117595073169,-2.138331237730825,7.00338244523808,0.0,8.731994533672884,8.27531596656727,440.23895441281854,449.1035225165034,0.0
2.637,4.130123664634493,-2.2199719120821646,7.891243620925369,0.0,8.909140274914053,8.701854369968178,438.2216204874052,449.1035225165034,0.0
2.638,4.6234795056842986,-2.2494180893108693,9.008729603923035,0.0,9.113647955122838,9.167349271706119,436.7966477419578,449.1035225165034,0.0
2.6390000000000002,5.204448980060654,-2.2279346149564683,9.844284724392164,0.0,9.34159671353327,9.62850857094187,437.5416269055017,449.1035225165034,0.0
2.64,5.860608300543873,-2.151550418566681,9.587414098730253,0.0,9.5846790991669,9.963367665558193,441.1616222718151,449.1035225165034,0.0
2.641,6.530451730328758,-2.000399848847663,7.856835418020441,0.0,9.821076434993607,10.034132956583287,445.3656259053833,449.1035225165034,0.0
2.642,7.104915834580183,-1.7503599130378018,5.792212567347532,0.0,10.014917679098257,9.855166108151813,441.28928288152446,449.1035225165034,0.0
2.6430000000000002,7.508395192373516,-1.402207459350239,7.908526475626742,0.0,10.13568174340176,9.928282739076634,468.6098269910499,449.1035225165034,0.0
2.644,7.863041141097492,-1.13185320505997,-5.946808623881438,0.0,10.225423620932343,8.425937852528932,462.10756754634656,449.1035225165034,0.0
2.645,7.349815046679818,-0.8605474270083846,-2.825719351828206,0.0,10.128816729012327,7.62467614318318,452.28254506238784,449.1035225165034,0.0
2.646,6.607377165669996,-0.5974922688713178,2.0550016646923095,0.0,9.935521345735172,7.476084240643631,452.91430329120857,449.1035225165034,0.0
2.6470000000000002,5.981307118424639,-0.49578711595815905,1.7010147425348934,0.0,9.738139295292703,7.296719544814689,458.66499577718463,449.1035225165034,0.0
2.648,5.422518259102798,-0.5207070209880125,-1.2699462330599491,0.0,9.546317221393997,6.847493349483485,462.76144471636053,449.1035225165034,0.0
2.649,4.801281804060896,-0.5680784525022524,-3.45474992464647,0.0,9.333716393768317,6.276136891438355,461.74591613867415,449.1035225165034,0.0
2.65,4.089785390388818,-0.5849587649283801,-3.0734095720249868,0.0,9.08662312315242,5.876503713092904,456.6484180969467,449.1035225165034,0.0
2.6510000000000002,3.3964796694244237,-0.5962377839915503,-0.6001095069657101,0.0,8.825347750736254,5.82952279432008,450.3505117739464,449.1035225165034,0.0
2.652,2.8748521123960042,-0.6670075537842708,2.536373761960034,0.0,8.59317370817099,6.1318385631776415,445.86495266521024,449.1035225165034,0.0
2.653,2.6287168839884476,-0.84923828845792,4.811539014841036,0.0,8.433786329864184,6.62146729557512,445.09232237890177,449.1035225165034,0.0
2.654,2.6586354917672557,-1.1416133085748381,5.237966159371288,0.0,8.36963950749393,7.064597351131945,446.83527672526566,449.1035225165034,0.0
2.6550000000000002,2.863641446393537,-1.4803784058323894,4.389171444101721,0.0,8.390560783413544,7.337116559840002,448.4031816259439,449.1035225165034,0.0
2.656,3.1199439287937665,-1.7818054405113837,3.6122224026682015,0.0,8.466411175454118,7.4813563143464625,448.19030193132073,449.1035225165034,0.0
2.657,3.3581509833281857,-1.994730337764624,3.7277944558316056,0.0,8.56950797209235,7.615599797693862,445.7160861149637,449.1035225165034,0.0
2.658,3.5818636306680833,-2.1124389520146987,4.998776728025533,0.0,8.686538135996468,7.8631546211179915,442.18706041081975,449.1035225165034,0.0
2.6590000000000003,3.8481694781409566,-2.1644648447487795,6.832454201154328,0.0,8.82116652791084,8.259595161163734,438.748720774594,449.1035225165034,0.0
2.66,4.217031241945635,-2.181816201664466,8.655172036686297,0.0,8.983364524971735,8.774104938029787,436.0931854296527,449.1035225165034,0.0
2.661,4.7219581426520865,-2.179426351387023,10.0,0.0,9.180357302913468,9.331234093084843,435.27656668740406,449.1035225165034,0.0
2.662,5.3575339524519965,-2.151162250639119,10.0,0.0,9.410278565987038,9.774037260724507,437.25750715918656,449.1035225165034,0.0
2.6630000000000003,6.053097097775158,-2.0637179566523525,9.772203842565375,0.0,9.652151788186153,10.100338472702202,442.6791697439784,449.1035225165034,0.0
2.664,6.753162742363969,-1.9055716000158927,7.1256160778947155,0.0,9.885946153072979,10.059298603711078,445.55570803472443,449.1035225165034,0.0
2.665,7.3038406814015016,-1.6367534987114252,5.722825077339477,0.0,10.064268566994889,9.864327108845139,436.54746722956565,449.1035225165034,0.0
2.666,7.690102692432863,-1.2751316887606179,10.0,0.0,10.168171371956467,10.154220114533118,454.5487741908408,449.1035225165034,0.0
2.6670000000000003,8.031377304771006,-1.2046611375804663,1.2903499147515385,0.0,10.286537654460378,9.391003254297642,466.51769718409565,449.1035225165034,0.0
2.668,7.892124627687103,-1.1190091148293329,-4.868253328551816,0.0,10.308028605699526,8.14432539302783,474.12271186491506,449.1035225165034,0.0
2.669,7.1912769601021775,-0.9319045226002753,-8.920952562445637,0.0,10.18297769077009,6.715954246377124,470.46979826990736,449.1035225165034,0.0
2.67,6.018107954247494,-0.6220303229153523,-7.308158522475825,0.0,9.89537963662548,5.757889573602336,460.9350515912318,449.1035225165034,0.0
2.6710000000000003,4.725602858573195,-0.3130463552433995,-2.6591004738853283,0.0,9.509845426170788,5.4925838781014455,452.0748054450431,449.1035225165034,0.0
2.672,3.668768240565218,-0.14379945986039377,1.7413097699236104,0.0,9.120806748396062,5.756136634462389,447.8517914886402,449.1035225165034,0.0
2.673,3.0243752792890524,-0.18785009119996543,3.8653340584037186,0.0,8.803565252436085,6.204383696264786,447.7416371450465,449.1035225165034,0.0
2.674,2.763146706877516,-0.41818761819759964,3.934030083915112,0.0,8.58776923390869,6.584689435564904,449.63929613306993,449.1035225165034,0.0
2.6750000000000003,2.7465334891787485,-0.752741375019953,2.9798428537377424,0.0,8.466080929144532,6.798952611730397,451.16048534003056,449.1035225165034,0.0
2.676,2.8288957775130776,-1.1019433120143933,2.198678622022157,0.0,8.4130544479745,6.894008462722217,451.1145868688472,449.1035225165034,0.0
2.677,2.9252852032475873,-1.4071342665856414,2.201517214090401,0.0,8.404915185653548,6.972600753995065,449.5245416415019,449.1035225165034,0.0
2.678,3.0205671288244567,-1.6486969962090936,2.9923296365130585,0.0,8.428969069404843,7.119963752898231,446.9142508438283,449.1035225165034,0.0
2.6790000000000003,3.1426170576467385,-1.8342648456167103,4.319367752076609,0.0,8.48335070080993,7.380589235859291,444.4533194337915,449.1035225165034,0.0
2.68,3.3336201966081065,-1.9805375891949362,5.596335487922145,0.0,8.57259104067014,7.727996557454601,442.0083359721382,449.1035225165034,0.0
2.681,3.6153722953011984,-2.0943510289292155,6.889779084192444,0.0,8.698704829638853,8.150013599641053,439.9130933459227,449.1035225165034,0.0
2.682,4.001526346776963,-2.176913202415343,8.029304689006006,0.0,8.86235264861547,8.615194272397114,437.8353395497353,449.1035225165034,0.0
2.6830000000000003,4.491470151794076,-2.2216113853678943,9.180863416767377,0.0,9.060244931359946,9.11546558574372,436.58807049374855,449.1035225165034,0.0
2.684,5.083248205904623,-2.2236628088246273,9.929652464988301,0.0,9.288153791915354,9.596154056154818,437.29939498118796,449.1035225165034,0.0
2.685,5.753813067122412,-2.1711702754140374,9.692031496621748,0.0,9.5355459205466,9.950094014384963,440.6067883381992,449.1035225165034,0.0
2.686,6.440674315873951,-2.0408907576661317,8.123302159899179,0.0,9.779787010519566,10.054346083548907,445.2383406605274,449.1035225165034,0.0
2.6870000000000003,7.040636853060584,-1.809295736914797,5.84617781729483,0.0,9.985856541306472,9.87867340387149,442.8998748920799,449.1035225165034,0.0
2.688,7.46181681832791,-1.4713547285317155,7.077447177762826,0.0,10.118894290332314,9.859055647510486,450.77081088192386,449.1035225165034,0.0
2.689,7.825032015800993,-1.1225561130002097,3.1253062991866285,0.0,10.201678051194836,9.371913379370737,468.23154673782017,449.1035225165034,0.0
2.69,7.749988686962678,-1.0119037790640686,-5.796341870974691,0.0,10.218785438579474,8.011790742346182,466.87004827961334,449.1035225165034,0.0
2.691,7.062235370860107,-0.7732817452178946,-5.293257899502377,0.0,10.07302792313947,7.00884925780901,460.0361105086668,449.1035225165034,0.0
2.692,6.097804953114142,-0.5082768152011995,-1.9856148939507445,0.0,9.814787688826376,6.549645873868544,455.415527093266,449.1035225165034,0.0
2.693,5.176779098413919,-0.34469547914071674,0.26155676798202965,0.0,9.521107241884058,6.416319797487469,454.2151590742856,449.1035225165034,0.0
2.694,4.439081467665847,-0.32164361341100767,0.8106244118943997,0.0,9.242562340128204,6.376820489096588,454.8682092838763,449.1035225165034,0.0
2.695,3.8815566287228975,-0.4127062143337086,0.42645243942533373,0.0,8.998169402467642,6.319617783934729,455.08726736370187,449.1035225165034,0.0
2.696,3.451345491483031,-0.5663675594941073,0.25708595104056275,0.0,8.788487610015364,6.270655438232324,453.6167318707732,449.1035225165034,0.0
2.697,3.1186400743234493,-0.7477360157952736,0.9472216039621952,0.0,8.6132916789796,6.315525219075318,450.76485953916944,449.1035225165034,0.0
2.698,2.895958866880788,-0.9513115793266417,2.3565443995374213,0.0,8.480681946557151,6.5076804583615875,448.0375779671326,449.1035225165034,0.0
2.699,2.812801937235286,-1.1865836746927212,3.7308446310495365,0.0,8.40439288616053,6.811359448174145,447.0246007425225,449.1035225165034,0.0
2.7,2.8743043200825023,-1.4503427951173715,4.258122461094394,0.0,8.392761413077872,7.11370236054595,446.7304353957542,449.1035225165034,0.0
2.701,3.0376064041697135,-1.7090521582313827,4.428936005686033,0.0,8.438347817278958,7.380816340555819,446.38241947996244,449.1035225165034,0.0
2.702,3.259553916552111,-1.9272847894827472,4.630154993947339,0.0,8.527505474867432,7.623422310726446,445.27286093662207,449.1035225165034,0.0
2.703,3.516090705614703,-2.082009232047172,5.223240881416337,0.0,8.646845326083698,7.887911135704769,442.75567987783955,449.1035225165034,0.0
2.704,3.812471431277192,-2.169303543162608,6.545309837194232,0.0,8.78875520447322,8.247345277635521,439.8379371466518,449.1035225165034,0.0
2.705,4.18553168288835,-2.206634761444625,8.096837056486612,0.0,8.955651000116731,8.70440147735593,437.04998910535267,449.1035225165034,0.0
2.706,4.666349430851459,-2.207948008094313,9.611346411247698,0.0,9.151333981116576,9.23436304373961,435.74374810035295,449.1035225165034,0.0
2.707,5.269363724469707,-2.178743093763781,10.0,0.0,9.377219147611955,9.69698015798168,437.02711438588335,449.1035225165034,0.0
2.708,5.946502906703028,-2.0962790322294858,9.86918430329188,0.0,9.617998511256536,10.049192647814177,441.737061009521,449.1035225165034,0.0
2.709,6.6423242824758795,-1.9458311348076598,7.587875606542865,0.0,9.854196559418845,10.070857065839894,445.88146492531104,449.1035225165034,0.0
2.71,7.216593849718727,-1.6902225359999257,5.547894224559785,0.0,10.042328777672862,9.856178543189635,439.9838713312444,449.1035225165034,0.0
2.711,7.607092591300512,-1.3344619770243238,8.587887533445684,0.0,10.15360234633722,9.999368006525515,466.0339741908633,449.1035225165034,0.0
2.712,7.921448152082315,-1.1803585497608902,-4.606468413107366,0.0,10.254673733059501,8.626912668914368,458.6265233997773,449.1035225165034,0.0
2.713,7.480290111161542,-0.943999552178989,-0.9979730263970872,0.0,10.18393399188707,7.9823589958493315,457.2448363029241,449.1035225165034,0.0
2.714,6.847343934684728,-0.7458988067361216,-0.38854261583470917,0.0,10.036385365502477,7.491351606271554,461.6663210500373,449.1035225165034,0.0
2.715,6.137485799130346,-0.6294880611319358,-2.724912974726647,0.0,9.843666688236537,6.843349982575569,463.9919823195882,449.1035225165034,0.0
2.716,5.308864201262746,-0.5408560746188427,-4.0366282075329405,0.0,9.596834305267194,6.204001475912712,461.8412583241186,449.1035225165034,0.0
2.717,4.41243181319443,-0.4563171841808472,-3.08864356787429,0.0,9.302337351845448,5.811621391018555,456.86968526189077,449.1035225165034,0.0
2.718,3.587021824899573,-0.4115428897140722,-0.6805186642142478,0.0,8.993972301789503,5.766274287109415,451.0861068136679,449.1035225165034,0.0
2.719,2.9735193856754907,-0.457040627492975,2.1914447169255276,0.0,8.717361540448579,6.045691279906064,447.49964195823037,449.1035225165034,0.0
2.72,2.6557818611234314,-0.6313996390304559,4.000715950227035,0.0,8.515078068412747,6.468621802449211,446.5061973544516,449.1035225165034,0.0
2.721,2.611589264280403,-0.9176324672715097,4.523411503736931,0.0,8.405058016825954,6.870118534494749,447.92767238158103,449.1035225165034,0.0
2.722,2.75033414247775,-1.2598158880077195,3.8244324915214456,0.0,8.380967491600972,7.122645078728109,448.98741780025296,449.1035225165034,0.0
2.723,2.952975975022447,-1.5798765815904774,3.2957208293479887,0.0,8.416323515408555,7.275438270500768,448.7711653868964,449.1035225165034,0.0
2.724,3.156769520904629,-1.8297441207500589,3.407170607322323,0.0,8.487708078384378,7.413643465954238,446.46705757067684,449.1035225165034,0.0
2.725,3.356217573100856,-1.9951349748661884,4.58558916489038,0.0,8.581469023169149,7.653776791429921,443.7301286782659,449.1035225165034,0.0
2.726,3.5968420140537436,-2.1008665656004917,6.007787549478235,0.0,8.699843772462618,7.999456307582644,440.7429723062454,449.1035225165034,0.0
2.727,3.9192630019100325,-2.1630273534757616,7.584971237591054,0.0,8.846729369200945,8.448613504641308,438.03938048537736,449.1035225165034,0.0
2.728,4.354228909110344,-2.1943028085596232,9.047408568336335,0.0,9.026660818151784,8.968017771255319,436.21498165521234,449.1035225165034,0.0
2.729,4.9124494333549125,-2.19657227894594,10.0,0.0,9.240476436060597,9.486580841683665,436.0745860464084,449.1035225165034,0.0
2.73,5.573704066590961,-2.1566577022817923,10.0,0.0,9.480353501084437,9.897987448129903,439.171015417346,449.1035225165034,0.0
2.731,6.276854704562563,-2.050588896958052,8.832576864950944,0.0,9.726115097431553,10.093090531733987,444.6013295873349,449.1035225165034,0.0
2.732,6.927576240534012,-1.8529245728092052,6.162441709248185,0.0,9.946128454901226,9.946670968258417,444.7435479945567,449.1035225165034,0.0
2.733,7.39698464386454,-1.5416345808519645,6.134932250856735,0.0,10.09723326440257,9.815442299004697,432.84605664029056,449.1035225165034,0.0
2.734,7.757305749694233,-1.1644959987690626,10.0,0.0,10.18173238191886,10.1029382870082,459.46030526718584,449.1035225165034,0.0
2.735,8.0475601112235,-1.136283299934449,-1.2093646059375684,0.0,10.287199175432894,9.07012903510849,479.0694720597425,449.1035225165034,0.0
2.736,7.745327900292745,-1.0462467092928494,-10.0,0.0,10.26921646642332,7.332419227280335,477.24128002973225,449.1035225165034,0.0
2.737,6.7180959057029135,-0.7532835279680992,-10.0,0.0,10.047935463492585,5.964561680570244,464.27956032105453,449.1035225165034,0.0
2.738,5.349157827317406,-0.3687679733736262,-4.3124250933726875,0.0,9.672629726991769,5.477305896643594,451.81372594404473,449.1035225165034,0.0
2.739,4.134545172243129,-0.10164261104670214,1.893390060856798,0.0,9.260590351438353,5.746927046632818,446.1131218540926,449.1035225165034,0.0
2.74,3.3758619249713444,-0.0826846972550408,4.773596112456982,0.0,8.917302911545386,6.274455688850652,447.0737808129721,449.1035225165034,0.0
2.741,3.064529126499706,-0.2970378642492135,4.313564050052548,0.0,8.684865507370773,6.662156910836082,450.9998593423974,449.1035225165034,0.0
2.742,3.0140156064738073,-0.6359262738832123,2.3315614170809607,0.0,8.549576159201967,6.776867460420813,453.67277682369325,449.1035225165034,0.0
2.743,3.028711313126797,-0.9799745796900335,0.9494101333611207,0.0,8.473743230350927,6.732239742418633,453.06136730212876,449.1035225165034,0.0
2.744,3.016205374468647,-1.2639627290793558,1.2155364462871159,0.0,8.428829035959522,6.729109520909547,450.0673046077943,449.1035225165034,0.0
2.745,2.996942735504706,-1.488584984520698,2.7029299725414297,0.0,8.409961805461007,6.8847467577704,447.15227923554744,449.1035225165034,0.0
2.746,3.037438232083358,-1.6843618111911447,4.179955091474426,0.0,8.427834250077767,7.165885244702111,444.9251177924741,449.1035225165034,0.0
2.747,3.1745070989523194,-1.8649179293557077,5.335319860251383,0.0,8.489936703657417,7.518344380388663,443.38381357479074,449.1035225165034,0.0
2.748,3.4145660261199713,-2.0253075979685122,6.1631690585101975,0.0,8.596912127813525,7.896241818665475,442.10460591763666,449.1035225165034,0.0
2.749,3.7452202302971065,-2.150272033726864,6.872762053075903,0.0,8.74312194462899,8.282852419762044,440.34776246947274,449.1035225165034,0.0
2.75,4.152973405988302,-2.225274532695824,7.8387413776281685,0.0,8.920372470401563,8.703038430901334,438.14762758397586,449.1035225165034,0.0
2.751,4.640899715934451,-2.2474800841637745,9.048367769701883,0.0,9.123609130382595,9.172735641049375,436.6466394673711,449.1035225165034,0.0
2.7520000000000002,5.220218727308705,-2.2211392227254447,9.923430658495601,0.0,9.350372295107436,9.641101621875581,437.46169888162046,449.1035225165034,0.0
2.753,5.878904250220477,-2.1425581347222002,9.632319187719736,0.0,9.592915230376438,9.97787221301182,441.2584010618795,449.1035225165034,0.0
2.754,6.552007214527402,-1.9903848431632674,7.81241931213645,0.0,9.828927680040712,10.040487696110285,445.47016577833057,449.1035225165034,0.0
2.755,7.1257137734904665,-1.738671048462593,5.742870521292651,0.0,10.021433648546925,9.854614815785474,440.96115670866675,449.1035225165034,0.0
2.7560000000000002,7.5261046264526446,-1.3887213399225387,8.078798714202927,0.0,10.140124402177634,9.94592148123613,472.74519771868074,449.1035225165034,0.0
2.757,7.874407922572441,-1.1420392730426723,-8.049638542825843,0.0,10.232441216718952,8.208169721258963,460.01331554905875,449.1035225165034,0.0
2.758,7.260270912147161,-0.8306084844224629,-1.7927953883403989,0.0,10.109960607728995,7.574000042405316,448.81972471457834,449.1035225165034,0.0
2.759,6.521813981732533,-0.567081245258118,3.8068380069190537,0.0,9.910437403330794,7.619479404713074,451.8661576885825,449.1035225165034,0.0
2.7600000000000002,5.983183962716392,-0.5075140885306519,2.255995168196174,0.0,9.731497340754814,7.465734196925761,460.02305498342946,449.1035225165034,0.0
2.761,5.496880374351796,-0.5712060601490045,-1.9316488038965578,0.0,9.562678552102993,6.912444189646546,464.96770535949673,449.1035225165034,0.0
2.762,4.880550982564562,-0.6243635505401111,-4.5626158203601275,0.0,9.360623045815268,6.213004569352959,463.14053187757133,449.1035225165034,0.0
2.763,4.115666136363181,-0.6146646897048162,-3.7893991730081074,0.0,9.107230678531167,5.752640900997596,456.5790689839331,449.1035225165034,0.0
2.7640000000000002,3.357226459797099,-0.5900658633553169,-0.5834231908632863,0.0,8.830532298849846,5.733679070272025,449.2538655727187,449.1035225165034,0.0
2.765,2.8010318470508833,-0.6399593896409925,3.077675084181748,0.0,8.58534185021902,6.113201645720805,444.70055220592803,449.1035225165034,0.0
2.766,2.563828047543671,-0.8253728872465822,5.398361470682846,0.0,8.422519253469915,6.669447910344628,444.6896683119733,449.1035225165034,0.0
2.767,2.6294557135981176,-1.13640074609344,5.447941959705503,0.0,8.363962472355196,7.126443197497576,447.0738630451542,449.1035225165034,0.0
2.7680000000000002,2.866979667677823,-1.491475387963129,4.27614118782855,0.0,8.392908830084448,7.377018029738845,448.8239339817896,449.1035225165034,0.0
2.769,3.137907869972917,-1.798228211482236,3.403901604857997,0.0,8.4742100994333,7.493774805409258,448.495597584606,449.1035225165034,0.0
2.77,3.3753789539385997,-2.0067097012719763,3.574149052768766,0.0,8.578922355055992,7.611023108334127,445.5861956362882,449.1035225165034,0.0
2.771,3.5917478316342857,-2.115567740051228,5.064023295729815,0.0,8.694777784776718,7.86777563306852,441.9560970845013,449.1035225165034,0.0
2.7720000000000002,3.856946297051293,-2.162332898410211,6.950546825943279,0.0,8.828778511030512,8.276049151776505,438.50131411832314,449.1035225165034,0.0
2.773,4.230608375503056,-2.177759759553167,8.783960393014175,0.0,8.991435819671857,8.801254804339209,435.9469205993467,449.1035225165034,0.0
2.774,4.744305410692156,-2.1755672390360963,10.0,0.0,9.189952516837032,9.352865790521225,435.21237352827535,449.1035225165034,0.0
2.775,5.384813826662588,-2.1453840993359865,10.0,0.0,9.42048042274205,9.791687996326843,437.36232812955086,449.1035225165034,0.0
2.7760000000000002,6.082985590357879,-2.055354913009886,9.723587302217037,0.0,9.662236379538257,10.108881565539498,442.9120347352114,449.1035225165034,0.0
2.777,6.781496406201776,-1.8938987118731077,7.010648877199678,0.0,9.894676207314319,10.053017801630551,445.49446539870013,449.1035225165034,0.0
2.778,7.324998961315357,-1.6207238339311272,5.755524116633357,0.0,10.069851001359638,9.862249884573927,435.66776704433016,449.1035225165034,0.0
2.779,7.708642310453506,-1.2574956304226967,10.0,0.0,10.171208170688253,10.150754090549436,453.08502451519314,449.1035225165034,0.0
2.7800000000000002,8.04292969175625,-1.1934661687987185,2.038722476150885,0.0,10.287869084937999,9.469423127951263,469.4555485596746,449.1035225165034,0.0
2.781,7.9320752793185765,-1.1326116812981666,-6.350059806521548,0.0,10.318677112494136,8.040274936363575,476.9697264351761,449.1035225165034,0.0
2.782,7.170254091848268,-0.9288849662448633,-10.0,0.0,10.181688124355036,6.522208554731723,470.83255909371144,449.1035225165034,0.0
2.783,5.915506668365219,-0.5854149546220033,-7.526801262829602,0.0,9.870846962738675,5.581205180181105,459.333210820216,449.1035225165034,0.0
2.7840000000000003,4.574178306036152,-0.25344632972323855,-1.879424009118999,0.0,9.463907731206254,5.434696183081745,449.9378438537516,449.1035225165034,0.0
2.785,3.536773488356664,-0.09279974942532265,2.8099162607407155,0.0,9.068660085533356,5.822199066007991,446.50437254775323,449.1035225165034,0.0
2.786,2.9621542108856804,-0.17190687070642735,4.552643413427393,0.0,8.761995741864274,6.329067552516275,447.693516422319,449.1035225165034,0.0
2.787,2.777193742906757,-0.4421061021049639,3.9721715370863446,0.0,8.565615525453953,6.687903036785412,450.52524171867157,449.1035225165034,0.0
2.7880000000000003,2.8057259114966424,-0.8003191503547904,2.5420916968883907,0.0,8.461458322105079,6.8347247441035615,452.12236122110795,449.1035225165034,0.0
2.789,2.890589229778298,-1.148925003259984,1.7133435586241523,0.0,8.417163523159978,6.870537420222843,451.43721791746754,449.1035225165034,0.0
2.79,2.962333427057343,-1.4370588092123258,2.032578256434719,0.0,8.409088131847021,6.934699418459608,449.1966450390369,449.1035225165034,0.0
2.791,3.0326182992027806,-1.660983399913978,3.15193347042469,0.0,8.429986846406694,7.104560510338985,446.39557915769126,449.1035225165034,0.0
2.7920000000000003,3.1454479607645824,-1.8381525592338415,4.579545844685644,0.0,8.483031160316507,7.3936607594648525,444.036695463778,449.1035225165034,0.0
2.793,3.3414733294087444,-1.984626649881777,5.8096559621695185,0.0,8.574021526125994,7.75975691031449,441.86032724593184,449.1035225165034,0.0
2.794,3.634868780320128,-2.1020261403791953,6.970272023798321,0.0,8.703971673487738,8.183395902350634,439.93390577501697,449.1035225165034,0.0
2.795,4.030380811250237,-2.1862997976791276,8.025178926670623,0.0,8.871386812714944,8.641527239725805,437.9244578910187,449.1035225165034,0.0
2.7960000000000003,4.524385036336395,-2.2292778857395925,9.141693514924615,0.0,9.07175842487059,9.132469148515217,436.66274165146416,449.1035225165034,0.0
2.797,5.115487297841562,-2.226770476628647,9.896959443352266,0.0,9.300481470806806,9.606186927371052,437.3834249097875,449.1035225165034,0.0
2.798,5.782963483626804,-2.1686873148071077,9.653818790257759,0.0,9.547339916325727,9.953595743988922,440.7596975864851,449.1035225165034,0.0
2.799,6.465094573235449,-2.0329653537421377,8.04912070120913,0.0,9.78990481485561,10.048504482233394,445.27942191198406,449.1035225165034,0.0
2.8000000000000003,7.057836432479921,-1.7962705064529572,5.827499544504851,0.0,9.993024883765793,9.871467196538623,442.5220263726538,449.1035225165034,0.0
2.801,7.473653488718066,-1.455251984688823,7.2720122756084855,0.0,10.122984128294316,9.873745800699037,456.1594892561762,449.1035225165034,0.0
2.802,7.836639639890862,-1.1200884745781798,0.38272116645055565,0.0,10.206717507891497,9.080755013511228,466.9975939536507,449.1035225165034,0.0
2.803,7.626457138867627,-0.9618109746060792,-5.215271896658185,0.0,10.18871958091436,7.855300253775819,462.4472810503866,449.1035225165034,0.0
2.8040000000000003,6.905812132268878,-0.7093199521302087,-3.07355303036496,0.0,10.02378473318877,7.119329308955207,457.28035090075036,449.1035225165034,0.0
2.805,6.037093648375016,-0.4891987718292192,-0.571856239389307,0.0,9.780057856145325,6.782584015350828,455.70784080481326,449.1035225165034,0.0
2.806,5.237858515608689,-0.38771845910213587,0.14835562569614646,0.0,9.518067514848816,6.588575580417539,456.49825650741656,449.1035225165034,0.0
2.807,4.559947597081573,-0.3972615767734875,-0.3207995655146343,0.0,9.26493991025975,6.39553761487421,457.14404589247357,449.1035225165034,0.0
2.8080000000000003,3.9763720653324315,-0.4764663975896617,-0.7240994918028427,0.0,9.026438368688325,6.214233444753846,455.98423112489405,449.1035225165034,0.0
2.809,3.4718769949159283,-0.5903912717023525,-0.21299919409698997,0.0,8.805396252206238,6.137122271927226,453.00549608753215,449.1035225165034,0.0
2.81,3.0728027300811958,-0.7339437904268138,1.2373485888736733,0.0,8.613398758408264,6.2388984763124276,449.4047855110547,449.1035225165034,0.0
2.811,2.82694983163901,-0.9226091180487677,3.034691247166894,0.0,8.470096295279776,6.5175546016421535,446.98561204755237,449.1035225165034,0.0
2.8120000000000003,2.7646586756174116,-1.1681613771896915,4.265457083607563,0.0,8.39411378622639,6.875819181729554,446.86439891813086,449.1035225165034,0.0
2.813,2.8651055404154224,-1.4528676771633935,4.348454884302042,0.0,8.390418156492785,7.175809085926866,447.15997103806933,449.1035225165034,0.0
2.814,3.056130108229379,-1.7254459658493881,4.220104339117148,0.0,8.444227628907992,7.410473664942245,446.90023585744746,449.1035225165034,0.0
2.815,3.2847005339488353,-1.9444211897529133,4.3720047960186434,0.0,8.537484103725745,7.621812787857623,445.037023331432,449.1035225165034,0.0
2.816,3.5331551484293184,-2.0903641732323424,5.344276050877081,0.0,8.656412819296962,7.90173017609299,442.58948745581995,449.1035225165034,0.0
2.817,3.8299345515983836,-2.174127171581842,6.633184339289945,0.0,8.799194902118241,8.267444708034981,439.73246564183347,449.1035225165034,0.0
2.818,4.2062783264854335,-2.2092208073477653,8.155405815029884,0.0,8.967292899802352,8.72699125330628,437.02553826601974,449.1035225165034,0.0
2.819,4.691038436767834,-2.208426335381949,9.629649345441589,0.0,9.164097423971283,9.254777343024555,435.7919391632941,449.1035225165034,0.0
2.82,5.296643245611037,-2.176258015344601,10.0,0.0,9.390469534210698,9.713692485015278,437.20837592521536,449.1035225165034,0.0
2.821,5.974711792060526,-2.0903156993647483,9.782706520682018,0.0,9.630963976067829,10.053216042539296,442.0190382911873,449.1035225165034,0.0
2.822,6.666200442979932,-1.9349832067443207,7.448220179949203,0.0,9.865134178463201,10.058933059672551,445.5533945059396,449.1035225165034,0.0
2.823,7.2299940418957584,-1.674905566915346,5.716543352678702,0.0,10.049403846877382,9.865253398368047,438.9450426384024,449.1035225165034,0.0
2.824,7.624252703702314,-1.318458810881275,9.122304085228302,0.0,10.159270215554235,10.063588602079012,463.03900516777315,449.1035225165034,0.0
2.825,7.955713259382692,-1.1917836118445027,-3.0640320059697665,0.0,10.267613663400798,8.846004270422501,460.6161463832579,449.1035225165034,0.0
2.826,7.600357343782403,-0.9953945215566348,-1.9677288523796834,0.0,10.22302828535575,8.04587318079603,461.8295144364296,449.1035225165034,0.0
2.827,6.9548746860519985,-0.8013562801204691,-2.7016727981647843,0.0,10.083508020497463,7.297049329949775,464.35074862789435,449.1035225165034,0.0
2.828,6.121297427202923,-0.633415195855719,-4.114762155011079,0.0,9.86652426018562,6.546294119803171,463.41538232252066,449.1035225165034,0.0
2.829,5.159920993296387,-0.48184189918958475,-3.7901976003844062,0.0,9.581169703099672,5.9961646843586704,459.3200624080194,449.1035225165034,0.0
2.83,4.20939716526499,-0.36955298189155794,-1.8447030420489359,0.0,9.258501610241748,5.778215349365047,454.1064607828918,449.1035225165034,0.0
2.831,3.4246445924476534,-0.3434474793799779,0.7120683878509699,0.0,8.94455667706696,5.888401595020223,450.2820582967042,449.1035225165034,0.0
2.832,2.9092447158141126,-0.44174582498136683,2.6124842731427806,0.0,8.684098734816438,6.188499216577016,448.1218363412844,449.1035225165034,0.0
2.833,2.6729328577238722,-0.6593980201746986,3.7024121126048635,0.0,8.502655106961896,6.554269490864582,447.75934529253016,449.1035225165034,0.0
2.834,2.6628942174846855,-0.9626522832363865,3.897099409221714,0.0,8.40711431630642,6.874575831016575,448.76442354566535,449.1035225165034,0.0
2.835,2.791013081698045,-1.295484327454243,3.397951272362497,0.0,8.38673722096504,7.082250828601278,449.0710581125418,449.1035225165034,0.0
2.836,2.966263515805081,-1.5955784515304248,3.2449586329639004,0.0,8.418847368122467,7.237286548818479,448.2636311022143,449.1035225165034,0.0
2.837,3.1507992170396646,-1.8300134779767627,3.6570710522705427,0.0,8.48603698425421,7.4083455814526875,446.27964843551155,449.1035225165034,0.0
2.838,3.3494850118062542,-1.9924796130813625,4.677301126431827,0.0,8.579140466633238,7.657111775989343,443.3272649255745,449.1035225165034,0.0
2.839,3.5945499434587216,-2.0961893323882945,6.211255457309626,0.0,8.69759362800075,8.023874090431077,440.4363061535751,449.1035225165034,0.0
2.84,3.92951811666249,-2.16130226674838,7.743407006938613,0.0,8.847003030262218,8.484606766979908,437.8520445191272,449.1035225165034,0.0
2.841,4.37903366088193,-2.1964944482467756,9.148052604136323,0.0,9.03076477057365,9.00729958816336,436.1950110641817,449.1035225165034,0.0
2.842,4.949722323153181,-2.2012131772115673,10.0,0.0,9.248586757343421,9.517486461424994,436.181108393621,449.1035225165034,0.0
2.843,5.616987339896145,-2.160003121987085,10.0,0.0,9.491064939398044,9.922225106859795,439.4756611907798,449.1035225165034,0.0
2.844,6.321942185359287,-2.05086840953983,8.683924711722279,0.0,9.738176449973734,10.095097041412512,444.89390896763564,449.1035225165034,0.0
2.845,6.964375977210408,-1.8467417182427797,6.016896958783046,0.0,9.956501414028917,9.93156246497799,444.50199125397023,449.1035225165034,0.0
2.846,7.420469814346834,-1.5281329397965693,6.258871128241081,0.0,10.10363472531902,9.815755294595727,435.4071133190209,449.1035225165034,0.0
2.847,7.777980257682643,-1.1500749770201582,10.0,0.0,10.186073700320941,10.10058139618402,464.37996526029195,449.1035225165034,0.0
2.848,8.05659041426833,-1.1343392456788717,-3.7147816941366516,0.0,10.290801037161724,8.792059497249992,479.5747628708581,449.1035225165034,0.0
2.849,7.625477717029813,-0.9995457307508384,-10.0,0.0,10.239533521096355,7.120844823451934,474.2099717114904,449.1035225165034,0.0
2.85,6.539618916621797,-0.6815537135184389,-9.153223957170038,0.0,9.99264010251143,5.882755754269571,460.445731699554,449.1035225165034,0.0
2.851,5.188709799792677,-0.3052245526403492,-2.3845260430323414,0.0,9.608410831342498,5.6176166751209236,449.765854483134,449.1035225165034,0.0
2.852,4.086052041501782,-0.09335248770195204,2.9487892455113727,0.0,9.216547943841155,5.967329541612388,446.48634972285964,449.1035225165034,0.0
2.853,3.442973121678753,-0.13402647545600366,4.614713353584978,0.0,8.905435491041416,6.432515435304851,448.9471156478535,449.1035225165034,0.0
2.854,3.1860574256732765,-0.3777608859026558,3.385894459774559,0.0,8.698356918162494,6.690072112310587,452.820211500115,449.1035225165034,0.0
2.855,3.11605193775327,-0.7058654563963637,1.4121796438076712,0.0,8.571396028921875,6.701476270220749,454.31823453564374,449.1035225165034,0.0
2.856,3.070225173343138,-1.0146588744294185,0.6110210058519097,0.0,8.488957874675037,6.6349945106062815,452.4688625077826,449.1035225165034,0.0
2.857,3.0034496003019364,-1.2654427971248488,1.5020536198696859,0.0,8.4326136572076,6.679829330840522,448.9923409198511,449.1035225165034,0.0
2.858,2.9648925926981535,-1.4766560823957502,3.241426229801974,0.0,8.407112965663174,6.9005404233629735,446.4640747288215,449.1035225165034,0.0
2.859,3.0190702155182634,-1.6783685984307768,4.531953803193572,0.0,8.426309696436583,7.2148495358662394,444.8129870163028,449.1035225165034,0.0
2.86,3.1804168239753743,-1.8708694107116433,5.4004030144549215,0.0,8.494175629573522,7.565065196999271,444.0121992192913,449.1035225165034,0.0
2.861,3.437311411439233,-2.038589721077622,5.851710145932811,0.0,8.60680076152752,7.901360239146194,442.4630004830993,449.1035225165034,0.0
2.862,3.7634614883420103,-2.1570182885859452,6.692714734362859,0.0,8.753142823823065,8.269978161101683,440.35088706623117,449.1035225165034,0.0
2.863,4.160718484276183,-2.222100523135646,7.836297797299637,0.0,8.927687232209989,8.693315819346193,437.893556895665,449.1035225165034,0.0
2.864,4.6428467525454735,-2.237452317345033,9.17706253879112,0.0,9.128148840600204,9.178760903989359,436.36300180981243,449.1035225165034,0.0
2.865,5.225292289144362,-2.2096206803659992,10.0,0.0,9.35389379860593,9.653575387982109,437.27217754503215,449.1035225165034,0.0
2.866,5.889804022881915,-2.131384455291969,9.732075965113467,0.0,9.596218040822002,9.998510065581403,441.3022538303368,449.1035225165034,0.0
2.867,6.571292007867319,-1.9814026300825134,7.795050509322817,0.0,9.8330876880541,10.054471578843248,445.59976425503027,449.1035225165034,0.0
2.868,7.148607237016623,-1.7304704484155375,5.681332879590805,0.0,10.0257638001579,9.858695425432941,440.72799333815504,449.1035225165034,0.0
2.869,7.547662100296812,-1.3796735216149996,8.2009736298119,0.0,10.143516345578899,9.961939274726355,471.69424444912556,449.1035225165034,0.0
2.87,7.889085854707169,-1.1539372219486492,-7.5080591449995815,0.0,10.238494997691841,8.279877916548713,459.41741229922883,449.1035225165034,0.0
2.871,7.303572884048682,-0.8528604579872452,-1.4727819678784684,0.0,10.124908567736641,7.664312040948108,450.4182453781091,449.1035225165034,0.0
2.872,6.590270699256104,-0.6041066781351412,3.0136542640653508,0.0,9.93677204507278,7.604707434275251,453.94137558305545,449.1035225165034,0.0
2.873,6.0209176427481275,-0.5353625915742768,1.2037106309266457,0.0,9.756414402284847,7.343787288406548,461.02812258356533,449.1035225165034,0.0
2.874,5.464806194611015,-0.5686437842139305,-2.4589088699989174,0.0,9.572348881244805,6.7616134128055005,464.43793686268384,449.1035225165034,0.0
2.875,4.786402830930138,-0.5915431022559181,-4.317160153019975,0.0,9.350658637806886,6.120532182061018,461.8599305846979,449.1035225165034,0.0
2.876,4.003742478464829,-0.5719841061612461,-3.155721094708953,0.0,9.084648812887476,5.74703946442599,455.4583023155466,449.1035225165034,0.0
2.8770000000000002,3.271933165417521,-0.5601982231759841,-0.018454758123719106,0.0,8.806789841529076,5.790452363414339,448.8676215931475,449.1035225165034,0.0
2.878,2.7631735575285967,-0.6345720891815639,3.2792446123093897,0.0,8.56935704129581,6.181757806487112,444.98639184323366,449.1035225165034,0.0
2.879,2.5659536363815967,-0.840569217822224,5.261030793998994,0.0,8.416714010883574,6.711815506758088,445.28617218240674,449.1035225165034,0.0
2.88,2.649343099754006,-1.1593959108415857,5.149314127753419,0.0,8.365352018485373,7.130351398674397,447.4541314469928,449.1035225165034,0.0
2.8810000000000002,2.8832369564326963,-1.5092827514135343,4.081828406155503,0.0,8.39627910005135,7.360696809845012,448.8521312469709,449.1035225165034,0.0
2.882,3.142921758564893,-1.8057401162516316,3.38534241886178,0.0,8.476259456304263,7.4789353970010755,448.21830933500064,449.1035225165034,0.0
2.883,3.3729680955252905,-2.0059873711646197,3.71110550666193,0.0,8.579128260039536,7.613438711553455,445.1889880937026,449.1035225165034,0.0
2.884,3.591500497111721,-2.1122947602012996,5.264911471538948,0.0,8.69485185510142,7.89070149947769,441.6614828366742,449.1035225165034,0.0
2.8850000000000002,3.8672904731454367,-2.161456146589872,7.103084496851437,0.0,8.831074048061922,8.31031976790345,438.3580501668329,449.1035225165034,0.0
2.886,4.253924255811538,-2.1803642858285786,8.862255555268792,0.0,8.997224130021321,8.836953698622535,435.9651290114364,449.1035225165034,0.0
2.887,4.778143392522276,-2.1798989909967803,10.0,0.0,9.199182333032802,9.381301655590393,435.3476147446046,449.1035225165034,0.0
2.888,5.423719017378061,-2.148176680875649,10.0,0.0,9.431894710274914,9.814262065348268,437.6773322909001,449.1035225165034,0.0
2.8890000000000002,6.123414861050909,-2.055044323217424,9.569365121344697,0.0,9.674704554527407,10.109317048647027,443.2258074631845,449.1035225165034,0.0
2.89,6.814593333833699,-1.885417701588302,6.853904685735694,0.0,9.905011307881914,10.035720545341352,445.7696490483038,449.1035225165034,0.0
2.891,7.343976464005328,-1.605568045084878,5.615322627858036,0.0,10.075840539571308,9.832104586100183,434.75348094856776,449.1035225165034,0.0
2.892,7.712059720244489,-1.236415970137587,10.0,0.0,10.171417020488482,10.125438150581875,449.8302661030649,449.1035225165034,0.0
2.8930000000000002,8.032580267198773,-1.1776978820135695,3.6959089384231145,0.0,10.284001740817935,9.630122788609658,470.7874719041024,449.1035225165034,0.0
2.894,7.995580584368421,-1.1538220016632341,-6.999533455971627,0.0,10.333757286959928,8.089414852680838,481.1819295777253,449.1035225165034,0.0
2.895,7.233244029898169,-0.9613326456187552,-10.0,0.0,10.203531414533451,6.568143393223348,475.3662752121485,449.1035225165034,0.0
2.896,5.974819261028612,-0.6252972635375018,-9.82199578029543,0.0,9.899161984935377,5.366364981107696,461.0885720847486,449.1035225165034,0.0
2.8970000000000002,4.518081479063296,-0.23905925145357287,-2.802994712277937,0.0,9.465925829577127,5.172294450856169,448.8486542984558,449.1035225165034,0.0
2.898,3.3782753202674614,-0.025776041889709944,3.319512863048928,0.0,9.037007463798366,5.668404480347639,443.6601272734039,449.1035225165034,0.0
2.899,2.780434386319739,-0.08929588913457465,5.968210328005894,0.0,8.709711952839196,6.356507756850374,445.4177469069897,449.1035225165034,0.0
2.9,2.6593122079292675,-0.39219727919163616,5.126258267308121,0.0,8.516640275060052,6.831314483564068,449.9575769811466,449.1035225165034,0.0
2.9010000000000002,2.7854073235948107,-0.8032721814939421,2.8478026855832415,0.0,8.43254566308287,6.982041091938606,453.1660772229687,449.1035225165034,0.0
2.902,2.9425296272520756,-1.1917611951642082,1.202927017607542,0.0,8.410556215621568,6.935111308372249,452.8018146720536,449.1035225165034,0.0
2.903,3.030857897889463,-1.4869539244321999,1.3480753715095903,0.0,8.414659044632534,6.91494574729184,449.79628191285246,449.1035225165034,0.0
2.904,3.0765431136175208,-1.6928740571455814,2.843914157146658,0.0,8.436034321940156,7.056155717077913,446.1467297532258,449.1035225165034,0.0
2.9050000000000002,3.15855875697627,-1.8481037279262782,4.698258164592753,0.0,8.484409130954369,7.365836801966657,443.46057694691586,449.1035225165034,0.0
2.906,3.3403978263808045,-1.9827388457581028,6.0977640234436095,0.0,8.572172133809724,7.765607322466174,441.30699467996067,449.1035225165034,0.0
2.907,3.6377525220621263,-2.098991622705723,7.252520435286636,0.0,8.702577342715417,8.216314612084595,439.6065536193444,449.1035225165034,0.0
2.908,4.047834397875301,-2.188152489615054,8.197710654566347,0.0,8.873657927282933,8.685279594251446,437.8850716921034,449.1035225165034,0.0
2.9090000000000003,4.557365561500969,-2.236136251361109,9.17063612643086,0.0,9.078913556733356,9.170078427129972,436.8013598328288,449.1035225165034,0.0
2.91,5.157558386795754,-2.234494018060835,9.835513682904914,0.0,9.311463023246098,9.629404317013018,437.63781760260014,449.1035225165034,0.0
2.911,5.825821944829334,-2.172727897736767,9.531941847158269,0.0,9.559912281193226,9.95850382393142,441.0945316077532,449.1035225165034,0.0
2.912,6.500763277555548,-2.030169869194684,7.88367475366924,0.0,9.801362842101097,10.033703733006817,445.3657303273833,449.1035225165034,0.0
2.9130000000000003,7.079756673871147,-1.785169776164766,5.785453315745396,0.0,10.000663907877843,9.854267159761275,441.9835152530636,449.1035225165034,0.0
2.914,7.484872334595024,-1.438556751298699,7.547760925539631,0.0,10.126413777947397,9.888767613158095,460.9950892926181,449.1035225165034,0.0
2.915,7.847491244503782,-1.1184917551927147,-2.0769417619987607,0.0,10.211297687026677,8.8202157130123,466.07316038302287,449.1035225165034,0.0
2.916,7.516229233573513,-0.9178866751008097,-4.785673685866336,0.0,10.161972106334403,7.70535891934038,458.505967174998,449.1035225165034,0.0
2.9170000000000003,6.761574547866237,-0.6513127097433482,-1.0961015284388376,0.0,9.978776318955758,7.20969489884062,454.6070579280133,449.1035225165034,0.0
2.918,5.975548514076529,-0.47097439257102214,0.7983177409383919,0.0,9.747162233029623,6.995684416569992,455.8662179929337,449.1035225165034,0.0
2.919,5.289458156388938,-0.42666051959791007,0.10111075371390665,0.0,9.51423736461372,6.751886291653081,458.59837623319527,449.1035225165034,0.0
2.92,4.6696061676254965,-0.46808914534191515,-1.3599169035838035,0.0,9.285225458109291,6.416757335142874,459.2863562171232,449.1035225165034,0.0
2.9210000000000003,4.063951319009884,-0.5374587281848997,-1.8057352325539817,0.0,9.052818214459567,6.1182338574795825,456.8705587728042,449.1035225165034,0.0
2.922,3.491154498855925,-0.6147585419720911,-0.6755068729574774,0.0,8.821608631096646,6.012056407793743,452.4640378261628,449.1035225165034,0.0
2.923,3.0296864746928285,-0.7225330163908339,1.4941484472666398,0.0,8.61398445514963,6.165769060825289,448.13311975504314,449.1035225165034,0.0
2.924,2.761341380544291,-0.8965723171067896,3.6693115104410627,0.0,8.460560540435033,6.525822694820629,445.98484880028815,449.1035225165034,0.0
2.9250000000000003,2.718180037374842,-1.151267447440894,4.774633724980712,0.0,8.384760451921021,6.936426683719748,446.4947385127407,449.1035225165034,0.0
2.926,2.8552153342855386,-1.4556419616261884,4.545776708792064,0.0,8.388535016405369,7.246657274859534,447.52057371501303,449.1035225165034,0.0
2.927,3.0775246908923197,-1.7440454671914718,4.048688595670801,0.0,8.451635824025587,7.450767464794685,447.48664096572924,449.1035225165034,0.0
2.928,3.3160010999647858,-1.9655552433038628,4.081823785820439,0.0,8.550319610194006,7.62538315711411,445.86480261293815,449.1035225165034,0.0
2.9290000000000003,3.55638365177062,-2.102537497755636,4.925130161251635,0.0,8.669449537206095,7.860780691606457,442.64494552400106,449.1035225165034,0.0
2.93,3.8291048548829973,-2.1678210231930386,6.599644475645204,0.0,8.806017590219811,8.232719469355448,439.302129314606,449.1035225165034,0.0
2.931,4.1911374704963436,-2.1908213501055265,8.369066512361698,0.0,8.967999916413051,8.721916079839453,436.46426937497785,449.1035225165034,0.0
2.932,4.67889371419151,-2.188390775749007,9.91438901359104,0.0,9.162206304587025,9.280649656012107,435.4279464389237,449.1035225165034,0.0
2.9330000000000003,5.300855614401843,-2.162155360806313,10.0,0.0,9.390003821660743,9.733356250291404,437.0443906027514,449.1035225165034,0.0
2.934,5.989216341275872,-2.0791907945564523,9.870289354769714,0.0,9.631428498316954,10.078947595056679,442.1501447027566,449.1035225165034,0.0
2.935,6.691388346125795,-1.9275687453407486,7.38694608290456,0.0,9.867421062032845,10.071896306293429,445.654730362736,449.1035225165034,0.0
2.936,7.257702121474315,-1.6681624527364152,5.669141174452534,0.0,10.052090768806497,9.86975150032719,438.4278223165235,449.1035225165034,0.0
2.9370000000000003,7.650511333734599,-1.3107892697310168,9.389352199558605,0.0,10.161362037101615,10.095143531885979,460.3064881415044,449.1035225165034,0.0
2.938,7.984862549797911,-1.201889236984055,-1.6620103691818762,0.0,10.273840109950989,9.023220952661527,462.0631123751099,449.1035225165034,0.0
2.939,7.69956396822108,-1.0387648009697883,-2.6699183845706727,0.0,10.251023429958876,8.104108538773179,465.47871663286196,449.1035225165034,0.0
2.94,7.046627751243517,-0.8510778918761241,-4.5414724546102985,0.0,10.119562860936984,7.147803828775746,466.4894439843392,449.1035225165034,0.0
2.9410000000000003,6.115941220121279,-0.6425142975491318,-5.220695345027263,0.0,9.884552751532501,6.3138307118840675,463.0264605487992,449.1035225165034,0.0
2.942,5.048869156498855,-0.4407265827142872,-3.6284330075802376,0.0,9.569535328690737,5.829766043451693,457.400454384175,449.1035225165034,0.0
2.943,4.052912243237483,-0.30493480187278155,-0.8983992439448603,0.0,9.224693962545697,5.745871730026332,452.401605274635,449.1035225165034,0.0
2.944,3.2957845593010227,-0.2928467489358968,1.5680444832438254,0.0,8.905975533657983,5.953215659783803,449.3621225385115,449.1035225165034,0.0
2.945,2.844984185494772,-0.4239149976936434,3.0851998510854886,0.0,8.654401728527507,6.292192771146771,448.29768624014514,449.1035225165034,0.0
2.946,2.672955935613877,-0.6753049901924991,3.6254763630322655,0.0,8.488225231733669,6.630788757244959,448.59235531275385,449.1035225165034,0.0
2.947,2.6976908013844048,-0.9961224988808997,3.4832534987654045,0.0,8.40530200925977,6.893419097131556,449.48126019375303,449.1035225165034,0.0
2.948,2.8258821442767026,-1.32618759612608,3.0350236814933194,0.0,8.390033128632012,7.059757330464397,449.2864835716844,449.1035225165034,0.0
2.949,2.983144314288326,-1.6122772003084769,3.1305823819758176,0.0,8.421094164887922,7.206911682354614,447.9621989111869,449.1035225165034,0.0
2.95,3.15098371899165,-1.833240115766421,3.804137948277753,0.0,8.485209557365812,7.398702515152541,445.82975767375484,449.1035225165034,0.0
2.951,3.3461452109147816,-1.9903301710449444,4.903096215421255,0.0,8.577162770801763,7.672086287576718,442.93733266479063,449.1035225165034,0.0
2.952,3.599351003787478,-2.0952662711118952,6.410970618420488,0.0,8.69723111059112,8.05630258346379,440.23533775310415,449.1035225165034,0.0
2.953,3.947923459988896,-2.1646100997217186,7.850649921897722,0.0,8.850292706136655,8.521579150840159,437.7949677014898,449.1035225165034,0.0
2.954,4.40963545558403,-2.2027968963410443,9.183920495855041,0.0,9.038082908207302,9.040594596180533,436.2724992001308,449.1035225165034,0.0
2.955,4.9879919852172625,-2.207593957981368,10.0,0.0,9.25914144341917,9.543921458606604,436.376630764064,449.1035225165034,0.0
2.956,5.658278606894545,-2.163739624477044,10.0,0.0,9.503554864050571,9.942912730181632,439.86563230710243,449.1035225165034,0.0
2.957,6.363172462530306,-2.050869367118188,8.49213296992364,0.0,9.751448884801906,10.089745385450737,445.1933419663986,449.1035225165034,0.0
2.958,6.994304862037129,-1.8391344834804775,5.867379945776615,0.0,9.967074634378461,9.910664389523264,444.1779115560436,449.1035225165034,0.0
2.959,7.435614082314356,-1.5127956527142612,6.424351260558689,0.0,10.109449786856704,9.816335752778269,439.6398561861091,449.1035225165034,0.0
2.96,7.790170374266146,-1.137736505429314,8.788015608829888,0.0,10.190161442518946,9.96552276020568,468.0320703378994,449.1035225165034,0.0
2.961,7.999154443972467,-1.1115813118201017,-5.59737694527923,0.0,10.278594153533536,8.482389723273682,476.516630052833,449.1035225165034,0.0
2.962,7.44683056101136,-0.9282665038368527,-10.0,0.0,10.189967212811402,6.878824118480933,467.9155756494334,449.1035225165034,0.0
2.963,6.30947331766512,-0.5831383206798673,-5.999105450176614,0.0,9.913715453614774,6.030463069061504,456.30171335821376,449.1035225165034,0.0
2.964,5.093355174648086,-0.27259441170166,-0.26415621298390946,0.0,9.549544217239827,5.952547842555727,449.6134281719934,449.1035225165034,0.0
2.965,4.170730725904953,-0.1510557457716153,3.0748873235713683,0.0,9.20373476768928,6.245279819643764,449.24101491921033,449.1035225165034,0.0
2.966,3.6301059053205975,-0.24640044117368776,3.2597190259358366,0.0,8.933482763956114,6.511341191739328,452.1548567486789,449.1035225165034,0.0
2.967,3.3568960224671893,-0.48304708723108236,1.7722847688797843,0.0,8.74193978191812,6.5829519798602405,454.4159615206938,449.1035225165034,0.0
2.968,3.191681339614686,-0.7590513012285245,0.5886079928304282,0.0,8.604706173975162,6.5283588044556335,453.79258941901793,449.1035225165034,0.0
2.969,3.0470939280857317,-1.0109435808548772,0.8534033746432321,0.0,8.500684717904958,6.5207183139967535,450.7851705196127,449.1035225165034,0.0
2.97,2.9337749792359284,-1.2331804559360975,2.340296344314765,0.0,8.428228491858562,6.675369210080673,447.6489829279461,449.1035225165034,0.0
2.971,2.908690523571943,-1.4507520190485281,3.9229355360336156,0.0,8.400193481216748,6.9681568759784565,445.97444381044585,449.1035225165034,0.0
2.972,3.0039158822147307,-1.6751520573055831,4.7914958818443285,0.0,8.426749026806046,7.2978518863369235,445.2206164548339,449.1035225165034,0.0
2.973,3.202232545669889,-1.8870709491109736,5.207238620267011,0.0,8.504685596588285,7.6134164685932255,444.23082305981535,449.1035225165034,0.0
2.974,3.471868238139556,-2.0586622550366633,5.750862312343153,0.0,8.623140822351703,7.933182668809154,442.8388868976712,449.1035225165034,0.0
2.975,3.800119751768407,-2.1743641256359383,6.509476749603541,0.0,8.772738438267034,8.277417813183238,440.5769143962703,449.1035225165034,0.0
2.976,4.188877441696213,-2.2299268252398567,7.725729081506332,0.0,8.94675468527868,8.68890998609238,437.89132289174177,449.1035225165034,0.0
2.977,4.660246514850981,-2.2344663093243944,9.180646830018215,0.0,9.144462241133336,9.176569974281303,436.2324496762689,449.1035225165034,0.0
2.978,5.2364818419648,-2.198747904907436,10.0,0.0,9.367190620894705,9.652142195198707,437.1281588668801,449.1035225165034,0.0
2.979,5.897688502646659,-2.1149981578039885,9.807917324024494,0.0,9.606348096634468,10.006137026539514,441.30723890673437,449.1035225165034,0.0
2.98,6.581501356569965,-1.963571235482798,7.796340140195041,0.0,9.841169843950043,10.060688111533988,445.61380373976806,449.1035225165034,0.0
2.981,7.160609790553709,-1.7124175253669232,5.67795491144555,0.0,10.031851886143968,9.863495860237448,440.34702241169583,449.1035225165034,0.0
2.982,7.5611725750668795,-1.3621263607402168,8.398910576529738,0.0,10.14772600798107,9.987309191780097,470.6916551349503,449.1035225165034,0.0
2.983,7.899461719445465,-1.1644302467529926,-6.989287111281955,0.0,10.246150389896403,8.35721112200555,458.73600715157556,449.1035225165034,0.0
2.984,7.345522987839315,-0.8754712612266231,-1.1077879659453176,0.0,10.141913999374713,7.765128332185598,452.09959959491596,449.1035225165034,0.0
2.985,6.661613464935015,-0.6437906230031119,2.18045504160036,0.0,9.96629768857388,7.5944125818755435,456.28675688070786,449.1035225165034,0.0
2.986,6.061659088072756,-0.5666250810548479,0.015044055062366724,0.0,9.78500003059005,7.211285023147582,462.2233113402496,449.1035225165034,0.0
2.987,5.429190974515776,-0.5667513831711906,-3.084431062945972,0.0,9.584304931184086,6.5926242501011405,463.92865075331616,449.1035225165034,0.0
2.988,4.680739410926226,-0.5555478773759972,-4.0853520518473765,0.0,9.340579615755438,6.012658477678954,460.47655903534377,449.1035225165034,0.0
2.989,3.8759627017650815,-0.5238037666569983,-2.473036558049583,0.0,9.059850437506302,5.734721587534727,453.8647151027474,449.1035225165034,0.0
2.99,3.1720725181809324,-0.5244080729528237,0.7852734823861485,0.0,8.779784402867385,5.868176571192604,448.250910335224,449.1035225165034,0.0
2.991,2.723176780449084,-0.6303627202037521,3.6007019879606665,0.0,8.55271943819279,6.279733117544304,445.4027436180681,449.1035225165034,0.0
2.992,2.5784017921815248,-0.8642805178871038,5.061793135522965,0.0,8.414188035893485,6.771429545301594,446.207073199907,449.1035225165034,0.0
2.993,2.683232579374271,-1.192960195363939,4.688592837769487,0.0,8.37249500314546,7.131461109350842,448.0564970426422,449.1035225165034,0.0
2.994,2.907570580110763,-1.533662911269306,3.774351171140482,0.0,8.40516493205198,7.330856761159621,448.9182003970345,449.1035225165034,0.0
2.995,3.147167480396823,-1.813804999819582,3.3453527151390112,0.0,8.481916035830206,7.4514201481601985,447.8267128757047,449.1035225165034,0.0
2.996,3.3639023687135303,-2.001297975651458,3.9038645722119183,0.0,8.580871174386669,7.611883726964599,444.64752548979345,449.1035225165034,0.0
2.997,3.5841973474920517,-2.1038414056687103,5.538018235434635,0.0,8.695382004511506,7.918303147345508,441.2488830358711,449.1035225165034,0.0
2.998,3.8742053741092475,-2.1565832267779284,7.315885857202147,0.0,8.83385985968379,8.355057677322897,438.1589100914111,449.1035225165034,0.0
2.999,4.279183519302365,-2.1810785589842245,8.970318453683063,0.0,9.004332450668187,8.884545933509933,436.0012892317198,449.1035225165034,0.0
3.0,4.818691574986269,-2.183978948019557,10.0,0.0,9.21078069764467,9.419557162633465,435.55870150003193,449.1035225165034,0.0
3.001,5.472135014280466,-2.1511707951088606,10.0,0.0,9.446447342125328,9.844931580313597,438.1417334707598,449.1035225165034,0.0
3.0020000000000002,6.1747716273812605,-2.0547306452720946,9.340726367790015,0.0,9.690804428973,10.10805952808254,443.70815496905936,449.1035225165034,0.0
3.003,6.854359043715884,-1.8766089401631745,6.611469294114667,0.0,9.91840961584918,10.007956598311363,445.505912312385,449.1035225165034,0.0
3.004,7.364099311397289,-1.5863202634141538,5.748566724493022,0.0,10.083093453669324,9.823722213001684,433.38783025328985,449.1035225165034,0.0
3.005,7.727598776365275,-1.2136800006770367,10.0,0.0,10.174797927042889,10.115778797537311,451.5442642081243,449.1035225165034,0.0
3.0060000000000002,8.036965338350697,-1.164477399629504,2.822844988805868,0.0,10.284851728044808,9.525403459801593,473.3209738632034,449.1035225165034,0.0
3.007,7.947417356213328,-1.1348757040430955,-8.30768435220069,0.0,10.322098454668929,7.865428302195816,480.0615679158504,449.1035225165034,0.0
3.008,7.099267391082012,-0.9088865407875475,-10.0,0.0,10.165060201867819,6.39272692150825,472.4141377553952,449.1035225165034,0.0
3.009,5.8031943392357075,-0.5569194409282567,-8.357201668028623,0.0,9.839999146926093,5.383309362655947,458.56957457425585,449.1035225165034,0.0
3.0100000000000002,4.4058662247279266,-0.20044956356935062,-1.52958059803648,0.0,9.410810426082424,5.317683150651521,447.99201747276135,449.1035225165034,0.0
3.011,3.3662637974495295,-0.03827507450468115,3.7703130031481935,0.0,9.003703461099157,5.830795759049111,444.7172335325938,449.1035225165034,0.0
3.012,2.8471382274861736,-0.1443706510645324,5.451567863071059,0.0,8.701910711766205,6.430533297111467,446.9148915805243,449.1035225165034,0.0
3.013,2.743626731281016,-0.4557701789107991,4.374625148465612,0.0,8.523463983470274,6.811036568111397,450.8626353973523,449.1035225165034,0.0
3.0140000000000002,2.840011558575106,-0.8484587606855487,2.383162111243126,0.0,8.440994003820688,6.915715886268921,452.995531946579,449.1035225165034,0.0
3.015,2.9546623938576664,-1.2099600549231577,1.2777937423290204,0.0,8.413077210500203,6.888356640829267,452.0242774879458,449.1035225165034,0.0
3.016,3.0196817523304564,-1.4888311250938187,1.7342134219311736,0.0,8.412276976744199,6.916195867967725,449.13198626255286,449.1035225165034,0.0
3.017,3.0684294912919987,-1.6938752417063951,3.180074397167162,0.0,8.434106831203314,7.090939601795632,445.8864425058574,449.1035225165034,0.0
3.0180000000000002,3.1668112263690547,-1.8559024682839869,4.835017075621342,0.0,8.48700062735672,7.4076425190954,443.4675818382425,449.1035225165034,0.0
3.019,3.3636433986781493,-1.9959343052222915,6.100806816211412,0.0,8.5800585654222,7.799984247357665,441.4799834045988,449.1035225165034,0.0
3.02,3.6688335050195637,-2.1128495898505673,7.1708414241523135,0.0,8.714505245447084,8.235840916093387,439.7364426188691,449.1035225165034,0.0
3.021,4.078581542237837,-2.1973311516028704,8.136282615993503,0.0,8.887216743289525,8.695034387950555,437.89539426759626,449.1035225165034,0.0
3.0220000000000002,4.584071291511466,-2.238328979828502,9.16888807411899,0.0,9.092241384020735,9.178005458833727,436.7324770767642,449.1035225165034,0.0
3.023,5.181055279221363,-2.2302997510180766,9.874057123932406,0.0,9.323767474315735,9.639811086444562,437.6131299736526,449.1035225165034,0.0
3.024,5.8486795095134685,-2.164016125704774,9.548634600916731,0.0,9.571110611845963,9.968271766838926,441.21610539479144,449.1035225165034,0.0
3.025,6.523485642504669,-2.018248727268185,7.82602106156442,0.0,9.811193926087709,10.03483499652217,445.4455778890889,449.1035225165034,0.0
3.0260000000000002,7.099081848257223,-1.7700901217057472,5.747864260689838,0.0,10.008085459246109,9.850811600655717,441.6148869318621,449.1035225165034,0.0
3.027,7.5003278677747165,-1.421259652014299,7.738096095149654,0.0,10.130995733891584,9.906205667401672,465.42084943988203,449.1035225165034,0.0
3.028,7.857173960471634,-1.1256416713580133,-4.328058428094105,0.0,10.218124714571832,8.585931429034684,463.88895218919174,449.1035225165034,0.0
3.029,7.417884558431863,-0.8833383441809515,-3.709964099475841,0.0,10.140816187164441,7.646939729104208,454.74999996592135,449.1035225165034,0.0
3.0300000000000002,6.666090194177684,-0.616893323838621,0.8030472376651767,0.0,9.950453423538857,7.362671136272932,453.366964072505,449.1035225165034,0.0
3.031,5.974653947999916,-0.4823206015128384,1.4519307688133205,0.0,9.738561527740291,7.182580244854126,457.34137361839066,449.1035225165034,0.0
3.032,5.369842568952794,-0.4812635716482707,-0.6176525151483694,0.0,9.531079186317855,6.8247811456834775,461.0465616634596,449.1035225165034,0.0
3.033,4.756696345976548,-0.5297173310871262,-2.5896769291524073,0.0,9.31390565295752,6.347184840323744,460.856163844204,449.1035225165034,0.0
3.0340000000000003,4.092465610617451,-0.5701924585456861,-2.612004432801602,0.0,9.074657568823298,5.979828949562316,456.92656733536626,449.1035225165034,0.0
3.035,3.4471002977276037,-0.6081041276258463,-0.7254366265713639,0.0,8.826364236350583,5.897377450249717,451.3176471198257,449.1035225165034,0.0
3.036,2.944157570656114,-0.6909392243292463,2.0568822351656806,0.0,8.603387831140457,6.134401211198845,446.76940004234297,449.1035225165034,0.0
3.037,2.6826696076223273,-0.8664512176413215,4.354346998648663,0.0,8.444889410843547,6.574057139560806,445.3228608688191,449.1035225165034,0.0
3.0380000000000003,2.6794715412967727,-1.141780630143388,5.115423201887451,0.0,8.374737540854632,7.012378275443796,446.58659348568284,449.1035225165034,0.0
3.039,2.857882269243701,-1.4677053089395458,4.508726183763775,0.0,8.388531391995466,7.305847515976181,448.0413886941365,449.1035225165034,0.0
3.04,3.103487831607849,-1.7662408316511389,3.791949917760606,0.0,8.459872442785766,7.473338293909711,447.9695892988479,449.1035225165034,0.0
3.041,3.3435356923332993,-1.9843083494199718,3.839188947581472,0.0,8.561830538017846,7.619628946013085,445.8882799989127,449.1035225165034,0.0
3.0420000000000003,3.5733593072502448,-2.1100516032545005,4.9119960227249715,0.0,8.679872971681165,7.856142611363301,442.4353222056342,449.1035225165034,0.0
3.043,3.8391364439181137,-2.1662203055275087,6.705156922472929,0.0,8.814683653224861,8.240391532881372,438.9884457786902,449.1035225165034,0.0
3.044,4.201901254488891,-2.184600996022322,8.52974590332304,0.0,8.975898347697692,8.745223451501925,436.2169197419895,449.1035225165034,0.0
3.045,4.697608194202218,-2.1816460983491455,10.0,0.0,9.170965918936297,9.308275593270917,435.3135540591941,449.1035225165034,0.0
3.0460000000000003,5.32816990757885,-2.155205790751031,10.0,0.0,9.39995306236888,9.755422017945802,437.1282747214345,449.1035225165034,0.0
3.047,6.021282781404187,-2.070460058211987,9.832800723703441,0.0,9.641698506422381,10.092423795116819,442.4257006835897,449.1035225165034,0.0
3.048,6.723755921195618,-1.9161295586059746,7.25086596095497,0.0,9.876840686156362,10.067218191197911,445.62195514470545,449.1035225165034,0.0
3.049,7.282743930676146,-1.6522336742802546,5.687554404115072,0.0,10.058462845245284,9.867438492374445,437.45948062069687,449.1035225165034,0.0
3.0500000000000003,7.672170278273899,-1.2925937399395226,9.88523208507743,0.0,10.165023384608745,10.145929621675524,456.59046874451457,449.1035225165034,0.0
3.051,8.016134660011913,-1.2118452219509654,0.24486856088846798,0.0,10.283491045330635,9.270869108997232,463.8050950221756,449.1035225165034,0.0
3.052,7.830599380988704,-1.095689033440892,-3.509460302998759,0.0,10.290636193156281,8.202437398383188,470.66438840760543,449.1035225165034,0.0
3.053,7.177214346403183,-0.9190422443260242,-7.154715654624705,0.0,10.171954070220428,6.948145574587303,469.7918197525645,449.1035225165034,0.0
3.0540000000000003,6.113423905065568,-0.6555853652970105,-6.925314299464848,0.0,9.912497188396527,5.9795845216625505,462.76490690051736,449.1035225165034,0.0
3.055,4.892572108022729,-0.3811639793149535,-3.54847171728142,0.0,9.554578105794803,5.574748349597796,454.7448671232744,449.1035225165034,0.0
3.056,3.823376245882861,-0.20757173908188986,0.4051347252723554,0.0,9.175616381680962,5.681135196203382,449.199552750689,449.1035225165034,0.0
3.057,3.1004792062113995,-0.2102745861624637,3.17683160922319,0.0,8.847222750220256,6.073164494288542,447.7543767612782,449.1035225165034,0.0
3.0580000000000003,2.7566635225542497,-0.39753055036827917,3.912911061480849,0.0,8.611442539305973,6.47699402513352,448.702560766732,449.1035225165034,0.0
3.059,2.6909803584976473,-0.7064545688413663,3.4428286762516573,0.0,8.471732384957592,6.761579716114442,450.1560507876293,449.1035225165034,0.0
3.06,2.7691246108865566,-1.0554506262537964,2.7055583830917596,0.0,8.409752141272785,6.918084214763788,450.7852440033319,449.1035225165034,0.0
3.061,2.889802143952418,-1.3776337219725527,2.3741445603721605,0.0,8.401570551776324,7.01116433549881,449.71623575637386,449.1035225165034,0.0
3.0620000000000003,3.0097294562720958,-1.6369571938598295,2.9025215514524807,0.0,8.428818884253431,7.1435686634322035,447.44271732574134,449.1035225165034,0.0
3.063,3.14382473419842,-1.8328245685479607,4.055888818676362,0.0,8.485534992772987,7.373492813855096,444.9745499725642,449.1035225165034,0.0
3.064,3.330642214376136,-1.9799864180760292,5.331262220704322,0.0,8.573801035184076,7.695644591598207,442.2620464296138,449.1035225165034,0.0
3.065,3.5987865522289706,-2.088888725157816,6.755928753048419,0.0,8.695963286412093,8.110739677983652,439.93468486555247,449.1035225165034,0.0
3.0660000000000003,3.971907076091414,-2.167427842285435,8.011297911588596,0.0,8.854969100969061,8.582023608722986,437.76407341643056,449.1035225165034,0.0
3.067,4.4547045654159465,-2.2120452285120242,9.209998127150277,0.0,9.04932524845793,9.092006541383402,436.46758224716046,449.1035225165034,0.0
3.068,5.045149953057292,-2.217571394168577,9.984603114478755,0.0,9.275405778823895,9.583525324229873,436.76322427135295,449.1035225165034,0.0
3.069,5.719726783282097,-2.1698761662248796,9.960185084834016,0.0,9.522728397707542,9.969769251245769,440.52796245401805,449.1035225165034,0.0
3.0700000000000003,6.422502727762786,-2.0507477504470497,8.163571594126319,0.0,9.771315973948294,10.074178158176416,445.6061287928072,449.1035225165034,0.0
3.071,7.033733578829014,-1.826536146506847,5.659462361968695,0.0,9.982013690982392,9.875311417235334,443.5536557143845,449.1035225165034,0.0
3.072,7.452283614858451,-1.4885979545223234,6.741197569201251,0.0,10.11682387714007,9.82150489175635,445.203677462418,449.1035225165034,0.0
3.073,7.804763250088336,-1.1211517065854744,5.95518514572535,0.0,10.195732686780875,9.654694059271366,468.9860675680144,449.1035225165034,0.0
3.074,7.864506686553097,-1.0553375325837648,-6.1348353575879555,0.0,10.246504435548282,8.187366078210431,471.5626182167837,449.1035225165034,0.0
3.075,7.2203225631063255,-0.836259339417452,-7.6477016389754,0.0,10.122025751824582,6.897790672156636,463.1691330855362,449.1035225165034,0.0
3.076,6.15925620287215,-0.5269854390164763,-3.591615179041992,0.0,9.849208048755424,6.296298570133693,455.11045980283524,449.1035225165034,0.0
3.077,5.106925563340299,-0.2980314925719463,0.3776520894451725,0.0,9.521430710686001,6.228878149686544,451.68229850207376,449.1035225165034,0.0
3.078,4.305629745961205,-0.24009644317980916,2.0659449799702054,0.0,9.21560574841011,6.35906081626643,452.334179454135,449.1035225165034,0.0
3.079,3.778689055320757,-0.34489076677426556,1.7076979345632801,0.0,8.965488275109115,6.439303133857386,454.093709629068,449.1035225165034,0.0
3.08,3.4319137503816393,-0.5428419082566744,0.7780309759711392,0.0,8.769133463224435,6.420704454004979,454.3241320424668,449.1035225165034,0.0
3.081,3.173054809460715,-0.7660204090031983,0.6106136740121064,0.0,8.613124388210274,6.400217657771682,452.289695500338,449.1035225165034,0.0
3.082,2.975155127386896,-0.9854149433810399,1.5959702152381543,0.0,8.492569154848299,6.495422401833666,449.2024761906388,449.1035225165034,0.0
3.083,2.867662264042879,-1.2084257964835001,3.1385903333464045,0.0,8.415927167726208,6.738731013880003,447.112095743985,449.1035225165034,0.0
3.084,2.8851103726926066,-1.448289787302632,4.203694824398487,0.0,8.395435170980043,7.048785638259238,446.2286606810563,449.1035225165034,0.0
3.085,3.019129649860466,-1.6922946800210625,4.6741609742173065,0.0,8.432439734637253,7.352318192693511,445.823434861834,449.1035225165034,0.0
3.086,3.23491878925082,-1.9102307401453058,4.909574760375134,0.0,8.517630015058652,7.6279921904679915,445.1757417922736,449.1035225165034,0.0
3.087,3.5006557684396418,-2.0744082317226895,5.272699102397648,0.0,8.637748830687626,7.895134179951193,442.91791190446594,449.1035225165034,0.0
3.088,3.8047222927600552,-2.1701556782380704,6.463470152421845,0.0,8.781460407902944,8.244137476248055,440.1037651645648,449.1035225165034,0.0
3.089,4.178541450961702,-2.2118761267783595,7.960541095891813,0.0,8.949332931900694,8.687302251759236,437.2658186152356,449.1035225165034,0.0
3.09,4.653413093498649,-2.213745130081242,9.497891409569071,0.0,9.144523066927704,9.208577938091828,435.81931953071495,449.1035225165034,0.0
3.091,5.2476570892656875,-2.183620655309714,10.0,0.0,9.36898937482737,9.676485387995488,436.9352605060075,449.1035225165034,0.0
3.092,5.919947183159336,-2.1021012921289204,9.910615454512214,0.0,9.609133911725264,10.037185867420147,441.47567482096287,449.1035225165034,0.0
3.093,6.615445936305121,-1.953951031604297,7.716686773989949,0.0,9.845852707849941,10.07561048128246,445.8013053521575,449.1035225165034,0.0
3.094,7.196460765328804,-1.702612512112857,5.586893680036091,0.0,10.036576351209565,9.864569916180166,440.7636013593553,449.1035225165034,0.0
3.095,7.592997296391358,-1.3498043756686549,8.189144888008684,0.0,10.150828063909046,9.963442465613937,468.5394927769971,449.1035225165034,0.0
3.096,7.90125182423437,-1.173323086044068,-5.893160523417176,0.0,10.247656999787695,8.458834191285604,457.35470312569004,449.1035225165034,0.0
3.097,7.393765587705155,-0.902014208554075,-0.38327750385549963,0.0,10.15626305101799,7.92018585554066,454.20383898446073,449.1035225165034,0.0
3.098,6.762111144469702,-0.6984955290351942,1.14115140207958,0.0,10.000469697578591,7.603258434341085,459.5305457733606,449.1035225165034,0.0
3.099,6.131696633154092,-0.6141665391661774,-1.6264722249389196,0.0,9.821321935272765,7.045790583698504,463.95701470095884,449.1035225165034,0.0
3.1,5.399679542286396,-0.5704794379336418,-3.988241610582599,0.0,9.600379872896381,6.36825408062127,463.3474907646928,449.1035225165034,0.0
3.101,4.554636537917285,-0.5118085210249574,-3.8259193249314714,0.0,9.327761436602279,5.863484726464111,458.6021410166398,449.1035225165034,0.0
3.102,3.7151296253953747,-0.4607879639894097,-1.548230635906334,0.0,9.026902356417045,5.714748327363225,452.04980608453843,449.1035225165034,0.0
3.103,3.0447107754637823,-0.4771535327163491,1.6984739944639955,0.0,8.743565962470571,5.950511286971645,447.44182180291,449.1035225165034,0.0
3.104,2.6659676014727913,-0.619506526849041,4.019083142414146,0.0,8.52763467754691,6.392121831835088,445.76874330113947,449.1035225165034,0.0
3.105,2.58556736947663,-0.8873508414786414,4.8889701854530525,0.0,8.405496920269886,6.845516270754263,447.2007298769195,449.1035225165034,0.0
3.106,2.7205956766734403,-1.2302415044289434,4.192004823958861,0.0,8.375951912390718,7.140335313747457,448.746788004388,449.1035225165034,0.0
3.107,2.9388449550467515,-1.5630778886532237,3.422543105345773,0.0,8.41202640523396,7.302389678671821,449.00870458769526,449.1035225165034,0.0
3.108,3.1580171042906295,-1.8260796218369868,3.2925329929802274,0.0,8.486300712093282,7.4233131175809,447.2941016490054,449.1035225165034,0.0
3.109,3.3606252524202542,-1.9988124456972152,4.1679286710001255,0.0,8.581610525450369,7.61707009418903,444.0805577685247,449.1035225165034,0.0
3.11,3.5845719194663337,-2.0983871952088524,5.824930258720262,0.0,8.695990949340235,7.951890520447296,440.82027152638005,449.1035225165034,0.0
3.111,3.889769687238967,-2.154859026002498,7.537905889693832,0.0,8.837631527359129,8.40519196221409,437.9619813432544,449.1035225165034,0.0
3.112,4.313490506244538,-2.184618907948529,9.078466392989139,0.0,9.013147060458936,8.936101904245948,436.06018982520385,449.1035225165034,0.0
3.113,4.867943878293913,-2.1900458825462596,10.0,0.0,9.224501402838243,9.460682834387471,435.8239753025934,449.1035225165034,0.0
3.114,5.528530782196343,-2.1551009949213293,10.0,0.0,9.463280196609048,9.87760574397389,438.71386209520847,449.1035225165034,0.0
3.115,6.233171314886705,-2.054383420099917,9.058305464642746,0.0,9.709143917607308,10.102223253532532,444.2380369249935,449.1035225165034,0.0
3.116,6.897589222562677,-1.8658991212744818,6.344872905665341,0.0,9.933156920339023,9.973865183583744,445.1251377995901,449.1035225165034,0.0
3.117,7.384362146663726,-1.5636696195007063,5.94110631553616,0.0,10.09057241359583,9.816563379004211,431.97505896465077,449.1035225165034,0.0
3.118,7.744555018339584,-1.1876511395846827,10.0,0.0,10.17817643929598,10.106495788757297,455.36862978360125,449.1035225165034,0.0
3.119,8.044284111822826,-1.1463128482043037,0.8742452790076491,0.0,10.285226276148736,9.302405132384889,478.1016243067311,449.1035225165034,0.0
3.12,7.849763616356025,-1.0890810159246653,-10.0,0.0,10.29527994504202,7.508913637290264,479.0928334733406,449.1035225165034,0.0
3.121,6.87133749873075,-0.8133368852642149,-10.0,0.0,10.095219561486662,6.110200779368616,467.700365086619,449.1035225165034,0.0
3.122,5.520282237528906,-0.4364619199523607,-6.02057854499737,0.0,9.736595125616976,5.407921346489837,454.2141589679473,449.1035225165034,0.0
3.123,4.222266545381967,-0.12810890840105738,0.6714181498240421,0.0,9.313455108428851,5.565604008716442,446.3156925952769,449.1035225165034,0.0
3.124,3.3542533695338577,-0.05226795583679433,4.648529635371499,0.0,8.94313838451565,6.118267991885401,445.81470133848626,449.1035225165034,0.0
3.125,2.9754700964773293,-0.23147132938769333,4.931913475546999,0.0,8.685590511926902,6.603021040187716,449.4180653043824,449.1035225165034,0.0
3.126,2.920343397459017,-0.5686441864443497,3.1270860647201264,0.0,8.537569711967983,6.814455246969659,452.84749843465636,449.1035225165034,0.0
3.1270000000000002,2.9752916207557503,-0.9369039077910732,1.3749297404016292,0.0,8.462631253460728,6.808659459957925,453.3085996370743,449.1035225165034,0.0
3.128,3.009856413430229,-1.250264024416001,1.1023283679869595,0.0,8.425394077718297,6.780232173112988,450.9279490280645,449.1035225165034,0.0
3.129,3.0146076286875987,-1.4914706582550914,2.2744094073762295,0.0,8.412437019421665,6.882401839683701,447.8539455151292,449.1035225165034,0.0
3.13,3.050107268893941,-1.6867534280600613,3.8239069338576175,0.0,8.430061671951922,7.127925303016616,445.2095630188524,449.1035225165034,0.0
3.1310000000000002,3.1684499599295424,-1.8587852813019572,5.185037776972536,0.0,8.487446881721008,7.472225603135236,443.14958122024177,449.1035225165034,0.0
3.132,3.391460237483724,-2.0118298360908113,6.274568089240471,0.0,8.5886381830194,7.870723716516629,441.83771212371187,449.1035225165034,0.0
3.133,3.717942455174671,-2.1382462118593994,7.003160741433339,0.0,8.73193552131275,8.275058096137792,440.23753140915807,449.1035225165034,0.0
3.134,4.1298902744038495,-2.219870925324121,7.891911009783692,0.0,8.909051118462314,8.701715936684483,438.2198109650283,449.1035225165034,0.0
3.1350000000000002,4.623254011945889,-2.249342678287059,9.00960834736334,0.0,9.113546585642867,9.167328224404386,436.7954760520307,449.1035225165034,0.0
3.136,5.2042781657426485,-2.227911596406299,9.844856268506842,0.0,9.341501598340841,9.628550108478125,437.54104049560476,449.1035225165034,0.0
3.137,5.860502579847829,-2.1515819291172695,9.58769886692881,0.0,9.58460134559341,9.963431068015662,441.1613244212226,449.1035225165034,0.0
3.138,6.530400927282756,-2.000473311359599,7.85697888507269,0.0,9.821020562794017,10.034199708259516,445.3662374586261,449.1035225165034,0.0
3.1390000000000002,7.10490407273058,-1.750458614487993,5.791895216949735,0.0,10.014884191820647,9.855185039999174,441.2917529011875,449.1035225165034,0.0
3.14,7.508386917162123,-1.402309625210087,7.907255191822169,0.0,10.135663749266728,9.928160553951734,468.60292389068314,449.1035225165034,0.0
3.141,7.86302799916943,-1.131829323043151,-5.943324316667439,0.0,10.225391559017874,8.426223435994576,462.11369221536563,449.1035225165034,0.0
3.142,7.349936236298908,-0.8605764085888303,-2.8288101759973054,0.0,10.128819858429885,7.62454166610269,452.2859966695508,449.1035225165034,0.0
3.1430000000000002,6.607411210212565,-0.5974769485333313,2.0532128553796376,0.0,9.93550873944994,7.475795130426752,452.9110383471712,449.1035225165034,0.0
3.144,5.981218147984869,-0.4956971559853467,1.7026168582627585,0.0,9.738089296220679,7.2966623330079665,458.6591704250112,449.1035225165034,0.0
3.145,5.422447475607932,-0.5206081673816527,-1.2670056597423258,0.0,9.546256526751536,6.847751197337932,462.75785086180184,449.1035225165034,0.0
3.146,4.8013633597145,-0.5680456348599909,-3.452889161590625,0.0,9.333684931970959,6.276528484289233,461.7462728982256,449.1035225165034,0.0
3.1470000000000002,4.090033044546463,-0.5850110129528576,-3.073527683619718,0.0,9.086640042279,5.876794974172176,456.65160052577494,449.1035225165034,0.0
3.148,3.396799407032076,-0.5963343247721504,-0.6016722774871108,0.0,8.825402201063726,5.8295832029674095,450.35400426958404,449.1035225165034,0.0
3.149,2.8751198090380816,-0.6670837919197034,2.534621033077533,0.0,8.59323617511754,6.131694954266571,445.8667925373072,449.1035225165034,0.0
3.15,2.6288558581374684,-0.8492512645305021,4.8105941990079035,0.0,8.4338288542116,6.621245281607023,445.0916325355285,449.1035225165034,0.0
3.1510000000000002,2.658646076258428,-1.1415628819289951,5.238293099707011,0.0,8.369649901318029,7.064447428038122,446.8337246150579,449.1035225165034,0.0
3.152,2.8635884926002513,-1.4803047011627926,4.389945038956759,0.0,8.390547542298654,7.337070425230841,448.4021395141533,449.1035225165034,0.0
3.153,3.1198883300561717,-1.7817469848869996,3.6127514194325663,0.0,8.466388951917812,7.481369511305459,448.19033225011384,449.1035225165034,0.0
3.154,3.358117665334976,-1.994704185055713,3.7277869541161945,0.0,8.569486998363834,7.615606446238862,445.71749061702957,449.1035225165034,0.0
3.1550000000000002,3.5818423845506597,-2.1124398818845096,4.998068089653069,0.0,8.68652028830808,7.863082636124814,442.18838160600956,449.1035225165034,0.0
3.156,3.8481222455625126,-2.1644705932683515,6.831774004268013,0.0,8.821143889530422,8.259465837749723,438.74967812253175,449.1035225165034,0.0
3.157,4.216938387145203,-2.1818163898165492,8.654664189946633,0.0,8.983331181299492,8.773946963648894,436.0934417397278,449.1035225165034,0.0
3.158,4.721817131069586,-2.179420915798898,10.0,0.0,9.180310896374143,9.331108242968282,435.2763219799168,449.1035225165034,0.0
3.1590000000000003,5.357368319381975,-2.1511650281417816,10.0,0.0,9.410224574971163,9.773936164487548,437.2564262835565,449.1035225165034,0.0
3.16,6.052921648443172,-2.0637349487804,9.772727072902917,0.0,9.65209492800723,10.100317285420303,442.67771647243626,449.1035225165034,0.0
3.161,6.753013151674308,-1.9056142433376682,7.126340038903706,0.0,9.885897381027874,10.05936295302963,445.5560581789503,449.1035225165034,0.0
3.162,7.303745875368697,-1.6368272348419255,5.7226438290222115,0.0,10.064238791627288,9.864361901859045,436.5520364508392,449.1035225165034,0.0
3.1630000000000003,7.690031543162445,-1.2752184726892628,10.0,0.0,10.168156862297863,10.15425714155147,454.55969124339646,449.1035225165034,0.0
3.164,8.03134824316639,-1.2047148960017977,1.2847770791121604,0.0,10.286533344056531,9.390424601011768,466.50584795975794,449.1035225165034,0.0
3.165,7.891858670021067,-1.1189135184724308,-4.862324533501129,0.0,10.307955807824003,8.144541034569343,474.1063877773816,449.1035225165034,0.0
3.166,7.191201157004775,-0.9318435267100068,-8.912623094921738,0.0,10.182927983251911,6.717003676218116,470.46590733624646,449.1035225165034,0.0
3.1670000000000003,6.018529793295487,-0.6221790515810945,-7.306006722551599,0.0,9.89545681295535,5.758935332697579,460.9426161765545,449.1035225165034,0.0
3.168,4.726370769641872,-0.3133594375529698,-2.6627520793061343,0.0,9.510052412544592,5.493029332497548,452.08646230373785,449.1035225165034,0.0
3.169,3.669509408508966,-0.14410485344393142,1.7354954592298522,0.0,9.121068044043188,5.755881334571028,447.8599772249228,449.1035225165034,0.0
3.17,3.024781467485714,-0.18798714854661625,3.8611734515531952,0.0,8.80378691090166,6.2037432632584615,447.7429201373419,449.1035225165034,0.0
3.1710000000000003,2.7631397086362464,-0.4181077602521096,3.9333080191352403,0.0,8.587894528279607,6.584102222336995,449.63500761550347,449.1035225165034,0.0
3.172,2.7462530751879117,-0.7525159018411746,2.981949429064461,0.0,8.466110969285356,6.7987063687526845,451.15505405282863,449.1035225165034,0.0
3.173,2.8285694231104985,-1.1017007217303185,2.2014108950386273,0.0,8.413032429604009,6.894102427179279,451.11222520461143,449.1035225165034,0.0
3.174,2.925076528088073,-1.4069728448165453,2.202738292266146,0.0,8.404889435074054,6.972809806762059,449.5249238277652,449.1035225165034,0.0
3.1750000000000003,3.0204972022678724,-1.6486324298645,2.992174967576656,0.0,8.428961311079785,7.120125706135442,446.91681394042035,449.1035225165034,0.0
3.176,3.142630480571272,-1.8342642960542492,4.318096997009898,0.0,8.48336049885267,7.380593805785039,444.4560965393865,449.1035225165034,0.0
3.177,3.3336287257928783,-1.9805475110920225,5.594929957297984,0.0,8.57260141280549,7.727858945392978,442.0097828775411,449.1035225165034,0.0
3.178,3.615316703491612,-2.094337364580662,6.889024184610311,0.0,8.69869880105719,8.149828002742234,439.9133635075301,449.1035225165034,0.0
3.1790000000000003,4.001402633171791,-2.1768758931115038,8.029135459705547,0.0,8.862324695822155,8.615028618681256,437.8350561235928,449.1035225165034,0.0
3.18,4.491304047040615,-2.2215677824733078,9.180973815603318,0.0,9.060198785249012,9.115344572671908,436.5874431256177,449.1035225165034,0.0
3.181,5.083069048117297,-2.223630878463495,9.929941108499708,0.0,9.288097082797554,9.596089222886055,437.2985684057795,449.1035225165034,0.0
3.182,5.753647113230108,-2.1711637103379875,9.692428009526044,0.0,9.535487996158949,9.950087186865934,440.60569646550636,449.1035225165034,0.0
3.1830000000000003,6.440542121616895,-2.0409155164006103,8.123842240172596,0.0,9.779736984930334,10.0544024718734,445.2381211202509,449.1035225165034,0.0
3.184,7.040555981269121,-1.8093527713740998,5.846283926762836,0.0,9.985823183311787,9.878732995997849,442.9019990367302,449.1035225165034,0.0
3.185,7.46177271840189,-1.4714316183268878,7.076360203320921,0.0,10.118878114882607,9.858989358615396,450.7469899630631,449.1035225165034,0.0
3.186,7.824986668090713,-1.1225695011567494,3.1374300656888967,0.0,10.20165756819986,9.373201133128727,468.2362264131299,449.1035225165034,0.0
3.1870000000000003,7.75054174877749,-1.0121217942365401,-5.798515198310774,0.0,10.218919627047198,8.01252607848015,466.89076153500764,449.1035225165034,0.0
3.188,7.062950351049373,-0.7735702702112326,-5.303655149434695,0.0,10.073251783971365,7.008329397754491,460.04933440284606,449.1035225165034,0.0
3.189,6.098075833777378,-0.5083586419844273,-1.9923997022173294,0.0,9.814943293265852,6.548535382421601,455.4132667415203,449.1035225165034,0.0
3.19,5.176471638290826,-0.34449216814195216,0.2625366861953715,0.0,9.521113054257194,6.415548084135473,454.2038666851772,449.1035225165034,0.0
3.1910000000000003,4.438516500460443,-0.3212964491397603,0.8162332726801829,0.0,9.242454244968979,6.3767927756127705,454.8576336117718,449.1035225165034,0.0
3.192,3.881140098526249,-0.41242695297450294,0.4318086984302063,0.0,8.998042098369156,6.320155300815628,455.08364035007105,449.1035225165034,0.0
3.193,3.451288125700776,-0.5662798286045287,0.2590041509449055,0.0,8.788419930230555,6.271286057348794,453.62020007973314,449.1035225165034,0.0
3.194,3.1188841279638013,-0.7478198211491311,0.9455575104815646,0.0,8.61330392498274,6.315856356461483,450.7715113314263,449.1035225165034,0.0
3.1950000000000003,2.8962898979935194,-0.951452707464461,2.3532219964857424,0.0,8.480740767740212,6.507596910322576,448.04238590161697,449.1035225165034,0.0
3.196,2.813015445507031,-1.1866647264043535,3.7283960775392853,0.0,8.404444974828284,6.811033844602965,447.0247068562812,449.1035225165034,0.0
3.197,2.8743269332675823,-1.4503204819209636,4.2580237568093775,0.0,8.392772467553016,7.11342780189477,446.72813140633815,449.1035225165034,0.0
3.198,3.037510150362411,-1.7089709257539727,4.430065392882568,0.0,8.438321598000915,7.3807063769023955,446.3800578333489,449.1035225165034,0.0
3.1990000000000003,3.259440095212181,-1.9272076365495592,4.631336826208724,0.0,8.527463206653977,7.623450986996663,445.27387063308527,449.1035225165034,0.0
3.2,3.5160210662779776,-2.0819769536271955,5.2227269451747365,0.0,8.646807373221742,7.887870888331074,442.7566642514551,449.1035225165034,0.0
3.201,3.812406202022814,-2.1692901715184023,6.544798718640299,0.0,8.788715874063428,8.247260654859096,439.8386575595228,449.1035225165034,0.0
3.202,4.185449420615031,-2.2066292344250753,8.096450714176259,0.0,8.955606666214567,8.70429239390509,437.05022192973314,449.1035225165034,0.0
3.203,4.6662421802350575,-2.2079469376528738,9.611201534938791,0.0,9.151283109781184,9.234259337217832,435.74351815399336,449.1035225165034,0.0
3.204,5.269237732693218,-2.1787506934965792,10.0,0.0,9.377163839432942,9.696895970330882,437.0261990286364,449.1035225165034,0.0
3.205,5.946368959559909,-2.0962997554937797,9.869623194662243,0.0,9.617942518692086,10.049173100429275,441.7356725762045,449.1035225165034,0.0
3.206,6.642210574313749,-1.9458738932846238,7.588564920281206,0.0,9.854148707572175,10.070916477960953,445.8813285835108,449.1035225165034,0.0
3.207,7.216527684823754,-1.690292935734158,5.54795885595796,0.0,10.042298968608968,9.856233586287162,439.9879064251664,449.1035225165034,0.0
3.208,7.607056399155739,-1.3345470852050352,8.585826096043547,0.0,10.153589680391995,9.999190479465659,466.0447464874354,449.1035225165034,0.0
3.209,7.921369256826413,-1.1803406307940056,-4.612006174800288,0.0,10.254641758834653,8.626171405110476,458.61998169249745,449.1035225165034,0.0
3.21,7.479910126216867,-0.9438364433109303,-0.9947883690912427,0.0,10.183813325918498,7.982135360315269,457.2288127084134,449.1035225165034,0.0
3.211,6.846995080521587,-0.7457115166950272,-0.3804567789683122,0.0,10.036235431761519,7.492030437284786,461.6566540541916,449.1035225165034,0.0
3.212,6.137560940459888,-0.629473005767113,-2.719908767234311,0.0,9.84359984778128,6.844403787480996,463.99383979233295,449.1035225165034,0.0
3.213,5.3094039164853175,-0.5410590524478116,-4.037404809063272,0.0,9.596902007462841,6.204749130777623,461.8502259441109,449.1035225165034,0.0
3.214,4.413163180938321,-0.4566179485635906,-3.093064919228316,0.0,9.302504103611836,5.8117474146833,456.8785715488512,449.1035225165034,0.0
3.215,3.587609243945265,-0.41177430959228234,-0.6849882119219486,0.0,8.994157429288498,5.7658996444324275,451.09012241910284,449.1035225165034,0.0
3.216,2.9737772765636152,-0.4571012550851583,2.189370353926236,0.0,8.717495045766332,6.045166635986592,447.49826467578197,449.1035225165034,0.0
3.217,2.6557334105744874,-0.6312981041365131,4.001351803993886,0.0,8.515133983692522,6.468261569467073,446.5018630879134,449.1035225165034,0.0
3.218,2.6113910675297896,-0.9174551158048334,4.52556919221406,0.0,8.405053823967146,6.870052220670695,447.9241925457156,449.1035225165034,0.0
3.219,2.7501561366445175,-1.2596624883855136,3.826197763020857,0.0,8.38094198620186,7.122775178654894,448.9866657498602,449.1035225165034,0.0
3.22,2.952898843264032,-1.5797977017637002,3.296129728614977,0.0,8.416306427757311,7.275586840534428,448.7727621710467,449.1035225165034,0.0
3.221,3.1567749376678447,-1.8297306284197346,3.406389121476308,0.0,8.487706861143558,7.413684050622141,446.4677630709238,449.1035225165034,0.0
3.222,3.3562389037994103,-1.995144151751124,4.58524626599354,0.0,8.581473130499846,7.6537809996775525,443.7318414218373,449.1035225165034,0.0
3.223,3.5968553123674907,-2.1008898431763674,6.006923901483447,0.0,8.699850358649503,7.999367683940595,440.74439969840773,449.1035225165034,0.0
3.224,3.919229500168561,-2.1630409715576073,7.584235991379195,0.0,8.846727699618183,8.448465979553497,438.04025179122215,449.1035225165034,0.0
3.225,4.354134116082955,-2.1942992214017933,9.0469426522248,0.0,9.026644032250335,8.96785102562346,436.21506452317925,449.1035225165034,0.0
3.226,4.912299658697124,-2.196556387818026,10.0,0.0,9.240442942033615,9.486449278468047,436.0740645300264,449.1035225165034,0.0
3.227,5.573526986297887,-2.1566456534957235,10.0,0.0,9.480309033683408,9.897883672918805,439.1695929383023,449.1035225165034,0.0
3.228,6.276668400910821,-2.0505883921707904,8.83327317643522,0.0,9.726064764210776,10.093088004165928,444.5999949187181,449.1035225165034,0.0
3.229,6.927426949156427,-1.852951701197635,6.16310746220517,0.0,9.94608589141632,9.946744488850529,444.7446254354076,449.1035225165034,0.0
3.23,7.39689460443939,-1.541693576556049,6.134381174671368,0.0,10.097208527568933,9.81544534670214,432.83934686484014,449.1035225165034,0.0
3.231,7.7572244747648424,-1.164563204009478,10.0,0.0,10.181717226157735,10.102952106862368,459.44066438879725,449.1035225165034,0.0
3.232,8.04752559311264,-1.136300375765427,-1.1993612085591878,0.0,10.2871881235223,9.071243315355652,479.0667755776715,449.1035225165034,0.0
3.233,7.745810383198355,-1.0464375707407336,-10.0,0.0,10.269338771729462,7.333267522037212,477.2528533567393,449.1035225165034,0.0
3.234,6.718813889415376,-0.753570076322652,-10.0,0.0,10.04815997944832,5.965263223002733,464.29861430584776,449.1035225165034,0.0
3.235,5.34997761552145,-0.36907538178348387,-4.321965126422329,0.0,9.672932895036721,5.476827335927629,451.8277781034286,449.1035225165034,0.0
3.236,4.134896562843567,-0.10173538733587106,1.8862104189179942,0.0,9.26082247791492,5.745801843426162,446.1146236834754,449.1035225165034,0.0
3.237,3.375594622871984,-0.08246730664259949,4.772676617224896,0.0,8.917374464323371,6.273469787693114,447.0650641027917,449.1035225165034,0.0
3.238,3.0638864845572087,-0.29662124921567967,4.317840991703837,0.0,8.684787661007647,6.661824431198741,450.9888510403944,449.1035225165034,0.0
3.239,3.0133985532304104,-0.6355231511230203,2.3370942376635773,0.0,8.54943267215813,6.777187734395811,453.66693388647457,449.1035225165034,0.0
3.24,3.0284048949126383,-0.9797505085053252,0.9524187009237934,0.0,8.473625502806254,6.73281678998894,453.06287217740237,449.1035225165034,0.0
3.241,3.016239822044356,-1.263943801267308,1.214856058850903,0.0,8.428780944578872,6.729505309259281,450.0730907098787,449.1035225165034,0.0
3.242,2.997148657658812,-1.4886767591039867,2.70005111067897,0.0,8.409968386535681,6.88476598025539,447.1569925083641,449.1035225165034,0.0
3.243,3.037608007102898,-1.6844415034949962,4.17756551151767,0.0,8.427849943701055,7.16565252183884,444.92668646019075,449.1035225165034,0.0
3.244,3.1745416464292266,-1.86492715595366,5.334486896167477,0.0,8.489927773634792,7.518066666452125,443.3786350641193,449.1035225165034,0.0
3.245,3.4144829438929594,-2.025254705053003,6.165761468727046,0.0,8.596870408912816,7.896293962404757,442.1020219168311,449.1035225165034,0.0
3.246,3.7451830865612883,-2.15026416144216,6.874083048367856,0.0,8.743089274970117,8.283017817605945,440.3479484101845,449.1035225165034,0.0
3.247,4.15301512069024,-2.225327995898909,7.83867554275437,0.0,8.920365567168158,8.703158610151348,438.14967705728446,449.1035225165034,0.0
3.248,4.640976850289968,-2.2475662330678725,9.047349673796564,0.0,9.123623877144956,9.172723712218115,436.6488289049763,449.1035225165034,0.0
3.249,5.220262203737423,-2.2212166748817888,9.922320686065909,0.0,9.350392032558588,9.640976433531865,437.4629193213254,449.1035225165034,0.0
3.25,5.878871018573133,-2.1426035546620215,9.631681509843153,0.0,9.592924696919921,9.977706562650956,441.258050148438,449.1035225165034,0.0
3.251,6.551897668056226,-1.9903989754709794,7.8125708199675135,0.0,9.828920735248214,10.040374317875395,445.4688859108581,449.1035225165034,0.0
3.2520000000000002,7.125570237750429,-1.7386727836672904,5.743499304813908,0.0,10.021416109959624,9.854594425470545,440.96134514184365,449.1035225165034,0.0
3.253,7.525976834449327,-1.3887314160343744,8.078691463067727,0.0,10.140107669437823,9.945895912396843,472.74998470418876,449.1035225165034,0.0
3.254,7.874332822032747,-1.1419819814084637,-8.052092939981684,0.0,10.232417197528314,8.207883107993169,460.01600508708265,449.1035225165034,0.0
3.255,7.260085505093061,-0.8305111181725158,-1.7942279571344173,0.0,10.109900191759692,7.573626293721807,448.813635161142,449.1035225165034,0.0
3.2560000000000002,6.521524466816414,-0.5669256901088999,3.8098558793895334,0.0,9.910329516686156,7.619513273530913,451.85999025796934,449.1035225165034,0.0
3.257,5.983012259733379,-0.50738883151073,2.2591136535611893,0.0,9.731391406935723,7.466082737041765,460.019169021553,449.1035225165034,0.0
3.258,5.496933269015725,-0.5711776556662671,-1.9296321932811407,0.0,9.562616193754508,6.912930389240225,464.9683135822559,449.1035225165034,0.0
3.259,4.880825147549639,-0.6244412514655839,-4.562852384290118,0.0,9.360624374407632,6.2133600958122495,463.1440371631758,449.1035225165034,0.0
3.2600000000000002,4.116038457021567,-0.6147945224601521,-3.7911193212167964,0.0,9.107280931504052,5.752735943383964,456.5827417623142,449.1035225165034,0.0
3.261,3.3575507307473655,-0.5901748212041339,-0.5852638132440853,0.0,8.830597717799899,5.733552420139297,449.25565786142243,449.1035225165034,0.0
3.262,2.801220699920028,-0.6400001695916953,3.0767567837525998,0.0,8.585391458476886,6.112994064566855,444.7002127150277,449.1035225165034,0.0
3.263,2.5638810495224806,-0.8253449454712929,5.398512454964722,0.0,8.422539661391804,6.669287897718178,444.6879343558633,449.1035225165034,0.0
3.2640000000000002,2.6294295428278454,-1.136337008587067,5.448807516153315,0.0,8.363958106514303,7.126398337096921,447.0725151624321,449.1035225165034,0.0
3.265,2.866944475004284,-1.4914190023339386,4.276827186409625,0.0,8.392894849743433,7.377047632559992,448.82366312448113,449.1035225165034,0.0
3.266,3.137896974925494,-1.7982013303573552,3.4040517993053463,0.0,8.474198084341058,7.493810557846065,448.49631873123354,449.1035225165034,0.0
3.267,3.375387344456568,-2.0067102511438,3.5737960337818375,0.0,8.578915446013804,7.6110127180775455,445.58762329196685,449.1035225165034,0.0
3.2680000000000002,3.5917490393215608,-2.1155806667089037,5.06330274566055,0.0,8.694771944046717,7.867689811675208,441.95722696691655,449.1035225165034,0.0
3.269,3.8569086565759747,-2.162339720591323,6.9499638636815675,0.0,8.828765293407521,8.275918560630581,438.5019488985309,449.1035225165034,0.0
3.27,4.230521310786892,-2.1777553991770287,8.783618634054127,0.0,8.991410316833385,8.801113387396613,435.94696466249735,449.1035225165034,0.0
3.271,4.744175489067884,-2.1755567318569353,10.0,0.0,9.189914310402205,9.352752803310155,435.2119834396273,449.1035225165034,0.0
3.2720000000000002,5.384662355988738,-2.1453800580626847,10.0,0.0,9.420434398761323,9.791597849751277,437.36122220840844,449.1035225165034,0.0
3.273,6.082826410439479,-2.0553631993342725,9.724127848768852,0.0,9.66218689520646,10.1088712864284,442.910755022321,449.1035225165034,0.0
3.274,6.781365101473408,-1.893931580664856,7.011289116754402,0.0,9.89463417620845,10.053081474603825,445.4949063732992,449.1035225165034,0.0
3.275,7.324919284575263,-1.6207854107341033,5.7552996026973275,0.0,10.069825985422087,9.862279339604902,435.6717475398977,449.1035225165034,0.0
3.2760000000000002,7.708582133289754,-1.257568873816211,10.0,0.0,10.171196042852808,10.150786166343524,453.091650019538,449.1035225165034,0.0
3.277,8.04290351203451,-1.193515198753528,2.03534031893036,0.0,10.287866038326605,9.469081024085893,469.4487271591005,449.1035225165034,0.0
3.278,7.931922022310147,-1.1325482383870802,-6.34665029727685,0.0,10.31863269113758,8.040392202286439,476.95948651792116,449.1035225165034,0.0
3.279,7.170211087639096,-0.9288337612861559,-10.0,0.0,10.181654873610071,6.52227875472712,470.82368743136936,449.1035225165034,0.0
3.2800000000000002,5.915523680695195,-0.5853683601297917,-7.522279930240099,0.0,9.870819443723192,5.581760080288925,459.3310002946354,449.1035225165034,0.0
3.281,4.5744462659430685,-0.25351544358837197,-1.878211139654423,0.0,9.463946522573188,5.435251738125979,449.94154556332603,449.1035225165034,0.0
3.282,3.5372170321787095,-0.09296002222441446,2.808135995532022,0.0,9.068767492137267,5.822448876595539,446.5101993136586,449.1035225165034,0.0
3.283,2.962584551588685,-0.1720659924057959,4.549742352394198,0.0,8.76213328952549,6.328958906604787,447.6978219921268,449.1035225165034,0.0
3.2840000000000003,2.7774532020572136,-0.4421801260275382,3.9699880184038423,0.0,8.56573500517239,6.687583596686931,450.5260606621744,449.1035225165034,0.0
3.285,2.8057682839008513,-0.8002798915600624,2.541643301923334,0.0,8.461528851135174,6.834419641354484,452.12033356265385,449.1035225165034,0.0
3.286,2.890480929242701,-1.1488085717608656,1.71433874122211,0.0,8.4171840741352,6.870396171470064,451.4346485733048,449.1035225165034,0.0
3.287,2.962187669924693,-1.4369319186957803,2.0338699753286242,0.0,8.409079709207614,6.934721437211217,449.1956346351341,449.1035225165034,0.0
3.2880000000000003,3.0325167314290637,-1.6608964712223495,3.1524558232276525,0.0,8.429973174655476,7.104633741454661,446.3960831850004,449.1035225165034,0.0
3.289,3.1454017758941877,-1.8381137495130706,4.579305941609542,0.0,8.483022779069609,7.393697752085447,444.0380091426025,449.1035225165034,0.0
3.29,3.3414528006988355,-1.984618301720286,5.808998096547502,0.0,8.574017152065291,7.759721195670064,441.8617667727718,449.1035225165034,0.0
3.291,3.6348355270425143,-2.102026159483052,6.969536838900185,0.0,8.703964250951701,8.183292482655443,439.9349240929951,449.1035225165034,0.0
3.2920000000000003,4.03030843403409,-2.18629343143341,8.024644163023595,0.0,8.871369089984922,8.641389576555335,437.92479909373145,449.1035225165034,0.0
3.293,4.524268020410758,-2.2292631798391356,9.141493896883148,0.0,9.071727154109933,9.132339017020364,436.6625633609079,449.1035225165034,0.0
3.294,5.11533895801197,-2.2267563047597,9.897021354850887,0.0,9.300438902126155,9.606090635616878,437.3827377464699,449.1035225165034,0.0
3.295,5.782804885715863,-2.1686849628914775,9.654142009770213,0.0,9.54729185834569,9.953555721945396,440.75847390442794,449.1035225165034,0.0
3.2960000000000003,6.464951578656673,-2.032984369017531,8.049724416911946,0.0,9.789859675668676,10.04854097655296,445.27893105304304,449.1035225165034,0.0
3.297,7.057737396016534,-1.7963177877552448,5.827741757239003,0.0,9.992992918720002,9.871525597816452,442.52399561853053,449.1035225165034,0.0
3.298,7.473594388298013,-1.455320346501854,7.271004743474983,0.0,10.1229682468673,9.873687425364048,456.1352984052523,449.1035225165034,0.0
3.299,7.836584486921067,-1.120098778158142,0.39503559122661924,0.0,10.206697826849354,9.082071025436218,467.00199575135593,449.1035225165034,0.0
3.3000000000000003,7.627013122726047,-0.9620355791882736,-5.217297814173731,0.0,10.188858072637165,7.856074991475497,462.46737609588854,449.1035225165034,0.0
3.301,6.906546579590173,-0.7096199610918213,-3.083626522233885,0.0,10.024017604449217,7.118877367760016,457.2936197030731,449.1035225165034,0.0
3.302,6.03740693401728,-0.4893024373970628,-0.5786492976918574,0.0,9.780230649283055,6.781526936959171,455.707246927698,449.1035225165034,0.0
3.303,5.237605280702668,-0.3875369869069403,0.14849984588373744,0.0,9.51809632223646,6.5877562726785674,456.48818313414154,449.1035225165034,0.0
3.3040000000000003,4.559397789359201,-0.39691888575343715,-0.315814863514408,0.0,9.26484802484448,6.395407940166451,457.13360822096433,449.1035225165034,0.0
3.305,3.975918980670812,-0.476166217469538,-0.718828263970416,0.0,9.026313111440793,6.214681878252456,455.97984320837344,449.1035225165034,0.0
3.306,3.471752291358304,-0.590266775214614,-0.21070896459366883,0.0,8.80531767122087,6.137721735862985,453.0079850434214,449.1035225165034,0.0
3.307,3.0729835509999828,-0.7339932795070092,1.2361754926131705,0.0,8.613394670678705,6.239257055535742,449.4108583908995,449.1035225165034,0.0
3.3080000000000003,2.82724702011798,-0.9227323628083488,3.0316654601301707,0.0,8.470141536278259,6.5175249260352475,446.99046784903004,449.1035225165034,0.0
3.309,2.7648715402843096,-1.1682436112415604,4.262991277739623,0.0,8.394159348862447,6.875535573779514,446.8664144558917,449.1035225165034,0.0
3.31,2.8651475450682926,-1.4528561320813629,4.347389054914917,0.0,8.390428709770688,7.175463319996382,447.1581514767104,449.1035225165034,0.0
3.311,3.0560202247982753,-1.7253552687465465,4.2209742549035045,0.0,8.444192689034564,7.410282387186923,446.8972703697191,449.1035225165034,0.0
3.3120000000000003,3.2845454224230357,-1.9443175015614864,4.373477329866994,0.0,8.537423031334097,7.621806386889468,445.0280437804497,449.1035225165034,0.0
3.313,3.533043108482136,-2.090306801664274,5.348845411862217,0.0,8.656351940057089,7.902216985631299,442.58885410798456,449.1035225165034,0.0
3.314,3.8300568811573554,-2.1742254740425975,6.633586932179979,0.0,8.799200178742554,8.267860763652568,439.73642627085763,449.1035225165034,0.0
3.315,4.20653816914843,-2.2094096967809174,8.1534718131999,0.0,8.96735904913903,8.727122105497001,437.0306128728824,449.1035225165034,0.0
3.3160000000000003,4.69127249588347,-2.208606630154491,9.627107608623733,0.0,9.164187987124013,9.254618325822117,435.79521264260046,449.1035225165034,0.0
3.317,5.296729616296661,-2.1763608748720418,10.0,0.0,9.390544650928202,9.71357668303227,437.2102371025133,449.1035225165034,0.0
3.318,5.974703419940358,-2.090369609953595,9.78175363023713,0.0,9.631024902484786,10.053016299117475,442.0188015850996,449.1035225165034,0.0
3.319,6.666084712921033,-1.934983486547351,7.448318598258023,0.0,9.865168529568727,10.05879238473831,445.55228483649387,449.1035225165034,0.0
3.3200000000000003,7.229825477959034,-1.6748795576281026,5.7170893493609825,0.0,10.049417831559301,9.865206686222194,438.945855850738,449.1035225165034,0.0
3.321,7.624087537803391,-1.3184335334165582,9.121880508896577,0.0,10.159275610125132,10.063512388862138,463.0485342885845,449.1035225165034,0.0
3.322,7.955566433177444,-1.1917106274696274,-3.0689088277474936,0.0,10.267603121686328,8.845418502575761,460.6132688869503,449.1035225165034,0.0
3.323,7.599984845823747,-0.9952221054176937,-1.9663735906348716,0.0,10.22294198509652,8.045582289085617,461.81788537448205,449.1035225165034,0.0
3.3240000000000003,6.954488345016795,-0.8011544092121601,-2.69582546298052,0.0,10.083380779454593,7.297447324171591,464.34238141885777,449.1035225165034,0.0
3.325,6.121211087505374,-0.6333372498913881,-4.1104620741919256,0.0,9.866442987322221,6.547059759993159,463.41519009885036,449.1035225165034,0.0
3.326,5.160211819336563,-0.4819419026957692,-3.7899830900116904,0.0,9.581184901386937,5.996793374314732,459.3258774966958,449.1035225165034,0.0
3.327,4.20989465883069,-0.36975909052628764,-1.8475503387363323,0.0,9.258599829610652,5.778415526383063,454.3770864169938,449.1035225165034,0.0
3.3280000000000003,3.424673640281849,-0.3444108291865965,0.5741095621097658,0.0,8.944768999593153,5.873446358082562,450.3201178174681,449.1035225165034,0.0
3.329,2.9030654917672103,-0.4387589331888362,2.5904279088629707,0.0,8.682456109801,6.174694128895876,448.00052043620104,449.1035225165034,0.0
3.33,2.662907666582627,-0.6537779503302297,3.7612566202995166,0.0,8.499207896914925,6.549415087724287,447.5979233519929,449.1035225165034,0.0
3.331,2.654087592620786,-0.957384884052207,3.9776111540486907,0.0,8.403003173738302,6.878998470863253,448.6758872691235,449.1035225165034,0.0
3.332,2.7871514974625047,-1.2929448629825666,3.442905547957188,0.0,8.383252789538359,7.090296651090893,449.0737052299148,449.1035225165034,0.0
3.333,2.9675525641646043,-1.5960818553645815,3.2442947404274163,0.0,8.416596731153891,7.243476363819603,448.32638613899707,449.1035225165034,0.0
3.334,3.154993730434959,-1.8323275312673295,3.6257256496613577,0.0,8.484879904306219,7.409801489905307,446.343467089097,449.1035225165034,0.0
3.335,3.3536931201530256,-1.9949323022057013,4.644785728885467,0.0,8.578491340796084,7.654622199113704,443.3394729470584,449.1035225165034,0.0
3.336,3.596986624597806,-2.0977604076483463,6.204423295599192,0.0,8.696908748447104,8.02091622100477,440.42735794939614,449.1035225165034,0.0
3.337,3.9303382568872047,-2.1621451723039,7.747242440101408,0.0,8.846167860579818,8.482300567192553,437.8353426096398,449.1035225165034,0.0
3.338,4.37885042071851,-2.197004540363223,9.155931909048224,0.0,9.029830178958006,9.005997218415402,436.17898285529037,449.1035225165034,0.0
3.339,4.949151622915743,-2.2017543653654092,10.0,0.0,9.247669817690308,9.516203021065632,436.162235052629,449.1035225165034,0.0
3.34,5.61607564591019,-2.16060161171169,10.0,0.0,9.490171771662474,9.921072895907141,439.44808430636823,449.1035225165034,0.0
3.341,6.3207837800568045,-2.051538267444843,8.697529034076569,0.0,9.737325077388753,10.095585517883947,444.87564148342227,449.1035225165034,0.0
3.342,6.963711833223069,-1.8477448410200075,6.026029255880359,0.0,9.955887671276027,9.932846937786532,444.5232586378784,449.1035225165034,0.0
3.343,7.4204671442026395,-1.5294676094530963,6.2480233174385305,0.0,10.103347586556717,9.815559015964855,435.2107337354434,449.1035225165034,0.0
3.344,7.777819153327272,-1.1511894865665435,10.0,0.0,10.185904896925319,10.10050220442568,464.08397048884,449.1035225165034,0.0
3.345,8.056795430854082,-1.1345629424663897,-3.5640734730843593,0.0,10.29065465648099,8.808525085775686,479.5849419565111,449.1035225165034,0.0
3.346,7.633086627001486,-1.0024703351957576,-10.0,0.0,10.241367806857332,7.133307202915442,474.42660878422674,449.1035225165034,0.0
3.347,6.550497103645805,-0.6859825078730073,-9.261050209828637,0.0,9.995995118977216,5.881173925097458,460.6347027763737,449.1035225165034,0.0
3.348,5.195670622802159,-0.30773215552629063,-2.480409008500804,0.0,9.6115037116184,5.60640275817685,449.82369458979554,449.1035225165034,0.0
3.349,4.085874744393063,-0.09232663630429494,2.9178933640553426,0.0,9.218072224712454,5.955195697996885,446.4150993080615,449.1035225165034,0.0
3.35,3.437301332124755,-0.13014417004958045,4.649075237006787,0.0,8.90517716438331,6.426458294008844,448.82435992690114,449.1035225165034,0.0
3.351,3.179195085489816,-0.37321116307341873,3.447236553482983,0.0,8.697057063583445,6.69169700347672,452.73444188537576,449.1035225165034,0.0
3.352,3.1117854243407708,-0.702753549601187,1.45588638055695,0.0,8.570091836398165,6.7074036999912385,454.31233452623485,449.1035225165034,0.0
3.353,3.069771227105174,-1.0137734904006406,0.61485194003009,0.0,8.488310571205535,6.640190382491511,452.52293453858,449.1035225165034,0.0
3.354,3.0054750646775195,-1.266099568758309,1.4753578136367547,0.0,8.432631769993542,6.681238696619183,449.0522041346302,449.1035225165034,0.0
3.355,2.9671012837473016,-1.4775355047635201,3.2112361994303873,0.0,8.407360372492507,6.898534017192162,446.48933034547593,449.1035225165034,0.0
3.356,3.0199391469044494,-1.6785842848209016,4.518815015717789,0.0,8.426346653245135,7.211851649134835,444.80650711208216,449.1035225165034,0.0
3.357,3.179865766305585,-1.8703965268876774,5.4031967864588895,0.0,8.493854927943541,7.562878803074595,443.99838005052334,449.1035225165034,0.0
3.358,3.4360401579097273,-2.0378982964533976,5.8583117418981,0.0,8.606222162797643,7.900192979598678,442.45003786333615,449.1035225165034,0.0
3.359,3.762091117296934,-2.156477889325961,6.699017682023367,0.0,8.752452829339068,8.2696351041986,440.3469234163878,449.1035225165034,0.0
3.36,4.1596044912163235,-2.221936970782983,7.838140896498684,0.0,8.927019344717891,8.69318661564644,437.8982720268322,449.1035225165034,0.0
3.361,4.641983695762082,-2.237661696609705,9.1745190961732,0.0,9.127559488729982,9.178363418545986,436.37005448327454,449.1035225165034,0.0
3.362,5.22446289625244,-2.2100692806080833,10.0,0.0,9.353370885612375,9.653266752972506,437.27690099284325,449.1035225165034,0.0
3.363,5.888995030840498,-2.1320330545108215,9.729486257770885,0.0,9.595783415538495,9.997975830161362,441.29830022497043,449.1035225165034,0.0
3.364,6.570366124911998,-1.982124954545847,7.796838864622625,0.0,9.83271607145572,10.054263677797938,445.59780028946403,449.1035225165034,0.0
3.365,7.147710320698831,-1.7312621537821313,5.6821460546462195,0.0,10.025488419460515,9.858632120500822,440.75132472059045,449.1035225165034,0.0
3.366,7.546814997826134,-1.3804993449510208,8.18890581704214,0.0,10.143345095971338,9.960603383171078,471.7543742488752,449.1035225165034,0.0
3.367,7.888404157072634,-1.1533252517465762,-7.5391274644239505,0.0,10.238131708933928,8.275428167894324,459.4500686890622,449.1035225165034,0.0
3.368,7.30107402792876,-0.8515572249741137,-1.4904401462430519,0.0,10.123999397059654,7.658907279054345,450.3222453959089,449.1035225165034,0.0
3.369,6.586254632983598,-0.601902418709576,3.0612842715395496,0.0,9.935183879067432,7.605584892837751,453.7951965011339,449.1035225165034,0.0
3.37,6.018690063414191,-0.5337608853162694,1.277891979080755,0.0,9.754918653642159,7.352306705798485,460.96127134997244,449.1035225165034,0.0
3.371,5.467289719538399,-0.5690929335401151,-2.423722933673209,0.0,9.571920072694043,6.771964489572909,464.48037528576316,449.1035225165034,0.0
3.372,4.793007352376171,-0.5940101390075887,-4.337043429261168,0.0,9.351574700337359,6.126564588437029,461.95226249618906,449.1035225165034,0.0
3.373,4.011324223558201,-0.5750065674627618,-3.201474434270978,0.0,9.086384310178156,5.746958255082227,455.5362696189814,449.1035225165034,0.0
3.374,3.277446539512408,-0.5622091838413993,-0.05780546669192921,0.0,8.808534649216487,5.7861511264876375,448.89179984974885,449.1035225165034,0.0
3.375,2.765290079358236,-0.6348133752356893,3.2665466445918954,0.0,8.570503676381115,6.176880220998265,444.96326271033007,449.1035225165034,0.0
3.376,2.5653322691322233,-0.8393846469181075,5.272217812363018,0.0,8.417125508251466,6.708987410639599,445.2434288373999,449.1035225165034,0.0
3.3770000000000002,2.6476240329811453,-1.1577253079696148,5.170735685619136,0.0,8.365267635897755,7.130274646758656,447.42807723422925,449.1035225165034,0.0
3.378,2.8819117195948585,-1.5080261331293605,4.095165940027205,0.0,8.396073958548378,7.362000793393747,448.85076843957705,449.1035225165034,0.0
3.379,3.1424784738229983,-1.805221866995212,3.3863478781225673,0.0,8.476160786071096,7.48010120217784,448.23760538042984,449.1035225165034,0.0
3.38,3.373105859609863,-2.0060395996059013,3.7015885790569083,0.0,8.579166964968465,7.613401565663343,445.2153396389677,449.1035225165034,0.0
3.3810000000000002,3.5915403103892567,-2.1125120662850985,5.251603278563341,0.0,8.694906356333256,7.889300204898532,441.68083379187186,449.1035225165034,0.0
3.382,3.866664671000976,-2.161502991830589,7.09308308935757,0.0,8.8309859496283,8.308166216379492,438.36695930233816,449.1035225165034,0.0
3.383,4.252470509807038,-2.1801651678330405,8.857385966266074,0.0,8.996907114846746,8.834724705731299,435.9631904019418,449.1035225165034,0.0
3.384,4.776029417713103,-2.1795727792589243,10.0,0.0,9.198640227975355,9.379530556129811,435.3379159430764,449.1035225165034,0.0
3.3850000000000002,5.4212928706862105,-2.1479331548814207,10.0,0.0,9.431206180035165,9.812859601716013,437.6563945846793,449.1035225165034,0.0
3.386,6.12090241417923,-2.0549864721695146,9.579642445380953,0.0,9.673940702593084,10.109368591686978,443.2032759929149,449.1035225165034,0.0
3.387,6.812646447522571,-1.8857759086771222,6.865204206499035,0.0,9.90436897673526,10.037019755952986,445.78079461131904,449.1035225165034,0.0
3.388,7.342971448345692,-1.6064318188639177,5.6096721763488,0.0,10.075483795645294,9.832566180521791,434.8159220022503,449.1035225165034,0.0
3.3890000000000002,7.711321334840951,-1.2374644528820538,10.0,0.0,10.171248805761332,10.125945587921603,450.04997042130304,449.1035225165034,0.0
3.39,8.03240014873431,-1.1782886641869652,3.5837961077308176,0.0,10.283955592509098,9.618242678543599,470.6678057100098,449.1035225165034,0.0
3.391,7.990188809980997,-1.1519646190226913,-6.940764368557632,0.0,10.332317522563178,8.086895160710938,480.89415973160743,449.1035225165034,0.0
3.392,7.228553272594066,-0.9591175000112346,-10.0,0.0,10.201758565188962,6.5656060686962,475.05716401166563,449.1035225165034,0.0
3.3930000000000002,5.970794657842815,-0.6227717495219256,-9.665449351458054,0.0,9.897057032986988,5.381520010048321,460.964630007202,449.1035225165034,0.0
3.394,4.522153029456627,-0.24040512852700258,-2.737793424133225,0.0,9.465720177335868,5.190842042540313,448.9159709248062,449.1035225165034,0.0
3.395,3.3895824830556225,-0.030789438809211478,3.2884116329816626,0.0,9.039215150840059,5.6798005270476315,443.8452091494321,449.1035225165034,0.0
3.396,2.793603578964523,-0.09545702649671733,5.876375654339416,0.0,8.713466066987362,6.355858626218852,445.58238556844174,449.1035225165034,0.0
3.3970000000000002,2.668399082697108,-0.39631124290162006,5.042998814315212,0.0,8.520344989364721,6.821997620019945,450.011086245812,449.1035225165034,0.0
3.398,2.7876848612372473,-0.8037168863303559,2.8195728383369887,0.0,8.434955997497568,6.971594037119214,453.1018510863022,449.1035225165034,0.0
3.399,2.9393838483426133,-1.1891990619849755,1.2342071323939106,0.0,8.411394529414775,6.930041914631694,452.70797977115416,449.1035225165034,0.0
3.4,3.0260996623964624,-1.4836166359400094,1.3950982174214195,0.0,8.414565107270016,6.915818784322234,449.7502677277466,449.1035225165034,0.0
3.4010000000000002,3.0731969468448073,-1.690582795456901,2.8674867870127785,0.0,8.435818416116097,7.059375313485237,446.1613204926252,449.1035225165034,0.0
3.402,3.1572988793437684,-1.847260854578559,4.691382424812259,0.0,8.484466971902087,7.36782591534818,443.49810078577775,449.1035225165034,0.0
3.403,3.3401853693708734,-1.9826996321319146,6.0790464955432295,0.0,8.572427217235417,7.765423909427843,441.34366259645424,449.1035225165034,0.0
3.404,3.63739613031377,-2.0990515374779184,7.2338641894054785,0.0,8.702795559255911,8.214347115446966,439.62823273160626,449.1035225165034,0.0
3.4050000000000002,4.046618437318064,-2.1879005181823388,8.186332019678439,0.0,8.873629256500298,8.682595773296581,437.88747235755073,449.1035225165034,0.0
3.406,4.555212943124862,-2.2355550410892975,9.168872708295726,0.0,9.078557957517924,9.167804559962148,436.7919778345573,449.1035225165034,0.0
3.407,5.154885516196405,-2.2338520946556493,9.839735416611898,0.0,9.310850797763575,9.628076791111722,437.6216144333833,449.1035225165034,0.0
3.408,5.8231662651838505,-2.172322407964244,9.539736198030113,0.0,9.559190341027898,9.95832838538584,441.0747654665275,449.1035225165034,0.0
3.4090000000000003,6.498617713304292,-2.0302022757430165,7.893448251957775,0.0,9.800703171715785,10.034680240873467,445.3611882472912,449.1035225165034,0.0
3.41,7.078487292251214,-1.785720014919265,5.787660204268047,0.0,10.000228057515237,9.855343248893012,442.01482643220646,449.1035225165034,0.0
3.411,7.484269153945582,-1.4394530868824273,7.531728072653376,0.0,10.126222216060892,9.887960481692925,460.8070896090334,449.1035225165034,0.0
3.412,7.847014896471729,-1.118405386358869,-1.9814391866854058,0.0,10.211026104254746,8.830182116795358,466.1323747442878,449.1035225165034,0.0
3.4130000000000003,7.52039723462235,-0.9194498772701176,-4.814370276590438,0.0,10.162897138144931,7.709726630139465,458.6532076078918,449.1035225165034,0.0
3.414,6.766477268859362,-0.6531477548557736,-1.1702835593063066,0.0,9.98023184160582,7.205347664953916,454.6786197826259,449.1035225165034,0.0
3.415,5.977128704360429,-0.47115677985391136,0.761259380665404,0.0,9.748039192176,6.988458065294308,455.8330582102926,449.1035225165034,0.0
3.416,5.28742027300561,-0.4249301389002942,0.11674480989415281,0.0,9.514111826968321,6.747800570277165,458.51246230704015,449.1035225165034,0.0
3.4170000000000003,4.666399389328845,-0.46562820722116127,-1.317046636384981,0.0,9.284450502704534,6.4179593877488745,459.21866379637714,449.1035225165034,0.0
3.418,4.062261964438619,-0.5357236085637036,-1.7712987938522136,0.0,9.052074706078763,6.1227512760895895,456.85477175914457,449.1035225165034,0.0
3.419,3.4920307803209663,-0.6144166471729344,-0.6668652676623381,0.0,8.82137095818323,6.01654066139325,452.4984811855581,449.1035225165034,0.0
3.42,3.0323909447364605,-0.7232896778686628,1.477330432440354,0.0,8.614305626598053,6.167555995199509,448.184624073411,449.1035225165034,0.0
3.4210000000000003,2.764182465871018,-0.8975171729145796,3.64344797294483,0.0,8.461124655700118,6.524500769240443,446.0166389084394,449.1035225165034,0.0
3.422,2.7197626922076052,-1.151600220062132,4.758309391511261,0.0,8.385163119531835,6.933610639739075,446.4996297818648,449.1035225165034,0.0
3.423,2.855232929450271,-1.4551775378576155,4.5428528821449365,0.0,8.388561398516277,7.24401861552173,447.50344047002795,449.1035225165034,0.0
3.424,3.076468386248642,-1.7431085700593325,4.0569483585281265,0.0,8.451297287544772,7.44944949124498,447.4665462006224,449.1035225165034,0.0
3.4250000000000003,3.3147195528746742,-1.9646778577066537,4.091765256389705,0.0,8.549795986561929,7.625304498538815,445.8716971228458,449.1035225165034,0.0
3.426,3.555451000856819,-2.1020908597475705,4.921508049214603,0.0,8.66893005375479,7.860249465625333,442.65283622781516,449.1035225165034,0.0
3.427,3.8282323640724116,-2.167640286910949,6.595445359616793,0.0,8.805481517904571,8.231850383464582,439.3105269314785,449.1035225165034,0.0
3.428,4.190143487716648,-2.1908133693702916,8.364529963635382,0.0,8.967431472222195,8.720723879304197,436.46937019105474,449.1035225165034,0.0
3.4290000000000003,4.677642985680797,-2.188486613274577,9.91144985710174,0.0,9.161586106696898,9.279369529693113,435.4279588108112,449.1035225165034,0.0
3.43,5.2993408875319705,-2.162355763591398,10.0,0.0,9.389338716858827,9.732325621050766,437.0360910282354,449.1035225165034,0.0
3.431,5.987578043307594,-2.079548891316405,9.874141166765414,0.0,9.63076422768691,10.07854228308725,442.1349374219183,449.1035225165034,0.0
3.432,6.689903681374022,-1.9281552914152862,7.39440382086979,0.0,9.866843626369464,10.072393861657174,445.6566428514523,449.1035225165034,0.0
3.4330000000000003,7.25670412349949,-1.6690367180514265,5.668019902753304,0.0,10.051711135969738,9.870038572451366,438.47673316871334,449.1035225165034,0.0
3.434,7.649728195145983,-1.31179740802271,9.364242637600695,0.0,10.161151227319884,10.09268925968068,460.48575276477385,449.1035225165034,0.0
3.435,7.983495611525955,-1.2016384585461186,-1.7540894629122654,0.0,10.27336728691581,9.01125595383185,461.9494330601482,449.1035225165034,0.0
3.436,7.693373352022201,-1.036164239956991,-2.6143887160358785,0.0,10.249117835417222,8.100989110398238,465.22111818728587,449.1035225165034,0.0
3.4370000000000003,7.041150184563935,-0.8482203699168078,-4.411407236312547,0.0,10.117247561206602,7.159098287284308,466.34894398526006,449.1035225165034,0.0
3.438,6.1173671484413,-0.6425324376904795,-5.147774349987212,0.0,9.883628998261159,6.330273224058167,463.0669115363231,449.1035225165034,0.0
3.439,5.057440748241158,-0.44413393609061846,-3.646392015716936,0.0,9.570722829433922,5.840838612427359,457.54405529140206,449.1035225165034,0.0
3.44,4.064130685541845,-0.3097240505142309,-0.969369221005393,0.0,9.227362713928924,5.747180372047401,452.5392896294869,449.1035225165034,0.0
3.4410000000000003,3.3044822064903108,-0.29641271721480944,1.4986559388223437,0.0,8.908852638129263,5.946892715857549,449.42343244492946,449.1035225165034,0.0
3.442,2.8484246672486853,-0.42474419957501075,3.053385431816811,0.0,8.656414380683191,6.283692654863893,448.26992860748265,449.1035225165034,0.0
3.443,2.6716200907792036,-0.673573898910429,3.6384732896304217,0.0,8.488987894985659,6.625269071673776,448.5191231788254,449.1035225165034,0.0
3.444,2.6942049403742168,-0.9932860747573447,3.519719997335831,0.0,8.405141741888674,6.892779078282228,449.4265603962731,449.1035225165034,0.0
3.4450000000000003,2.8229723184592217,-1.3238540567951265,3.0627710098142877,0.0,8.389596561027918,7.062138050122315,449.273854514939,449.1035225165034,0.0
3.446,2.9819789232776257,-1.611185012610112,3.137420630496982,0.0,8.42084252075652,7.209584502093454,447.9896892885504,449.1035225165034,0.0
3.447,3.1512330618099957,-1.8332093238751326,3.7906415759708163,0.0,8.485257894390372,7.399490823445253,445.8670616881663,449.1035225165034,0.0
3.448,3.3466343186759766,-1.9906476294378463,4.884319984446226,0.0,8.577320333295274,7.670818868632885,442.9640537932337,449.1035225165034,0.0
3.4490000000000003,3.599127286135687,-2.0953815139966316,6.397218619145231,0.0,8.697255677074288,8.053882205072476,440.24569666937424,449.1035225165034,0.0
3.45,3.946670435255779,-2.1643572129095077,7.844975439546246,0.0,8.850043808154185,8.519052189414507,437.7952393296237,449.1035225165034,0.0
3.451,4.40756269244695,-2.2023287319643554,9.183286941290309,0.0,9.037557234667204,9.038497968618342,436.26490387765733,449.1035225165034,0.0
3.452,4.985482849129306,-2.207151454582135,10.0,0.0,9.258414680746707,9.542243539330572,436.36173987574415,449.1035225165034,0.0
3.4530000000000003,5.65560860455783,-2.1634851159682933,10.0,0.0,9.502709414815786,9.941598535462116,439.83840784528985,449.1035225165034,0.0
3.454,6.360529269132114,-2.0508661093024934,8.505534948613128,0.0,9.750558747744007,10.090216334185973,445.17381633119726,449.1035225165034,0.0
3.455,6.992452860646438,-1.8396496852427435,5.877127767512487,0.0,9.96637731067188,9.912114758502232,444.20162219977766,449.1035225165034,0.0
3.456,7.434750720625852,-1.5138219595276299,6.4122438363895435,0.0,10.109074974150529,9.816218507384548,439.44595868363166,449.1035225165034,0.0
3.457,7.789247712853676,-1.1388628695190453,8.886651232791262,0.0,10.189926023525745,9.976443610096636,467.7780503604193,449.1035225165034,0.0
3.458,8.003760714112849,-1.1136865991853453,-5.466139884041711,0.0,10.279694679398034,8.505128750443173,477.12301967098233,449.1035225165034,0.0
3.459,7.459656240988656,-0.934842050594658,-10.0,0.0,10.193933846076106,6.896722162811452,468.4635817060823,449.1035225165034,0.0
3.46,6.326166377529379,-0.5914422053135531,-6.274324730096447,0.0,9.919922899828189,6.014985871708963,456.55013488737154,449.1035225165034,0.0
3.461,5.09815063905969,-0.27477142275579003,-0.3920674444497383,0.0,9.553739631466268,5.9275604964111075,449.55020646151706,449.1035225165034,0.0
3.462,4.1627296011894455,-0.1465037315417993,3.1034299290273637,0.0,9.20448941420279,6.228557626813889,449.01494795467977,449.1035225165034,0.0
3.463,3.616623039123519,-0.23873908806562694,3.3719449280642477,0.0,8.9316924978357,6.50982921005788,451.9534410016903,449.1035225165034,0.0
3.464,3.3462809382665877,-0.4767626108589499,1.8741992197071164,0.0,8.739562665371746,6.592533330904713,454.35596574321164,449.1035225165034,0.0
3.465,3.1881107556879824,-0.7566166184841462,0.6204124166793603,0.0,8.60331993384971,6.539510264246062,453.8690642561155,449.1035225165034,0.0
3.466,3.0493838991564233,-1.0118712320339094,0.8162077428313061,0.0,8.500678636228233,6.525918837400752,450.90972585864284,449.1035225165034,0.0
3.467,2.937783837542022,-1.2351614640498696,2.2778149081462438,0.0,8.42895170507063,6.6731299966132145,447.7203159628713,449.1035225165034,0.0
3.468,2.9107710933041657,-1.4516409645658332,3.8863519215683233,0.0,8.400698425686631,6.9626257478619715,445.9821798623065,449.1035225165034,0.0
3.469,3.003182601677018,-1.6744294310141472,4.7866333983927,0.0,8.426561985670062,7.292856795000521,445.1795547831387,449.1035225165034,0.0
3.47,3.199675326160582,-1.8853805699042558,5.227185615310246,0.0,8.503839034982434,7.611418937906781,444.5512453343145,449.1035225165034,0.0
3.471,3.469178993352237,-2.0572416264071776,5.586863111544241,0.0,8.622039798480616,7.913331097723968,442.86902524958356,449.1035225165034,0.0
3.472,3.790182729147399,-2.1687963676072703,6.49031812657891,0.0,8.769164112577679,8.260040020335177,440.445877915522,449.1035225165034,0.0
3.473,4.174770654168562,-2.222432831152341,7.788468239619515,0.0,8.941031351104115,8.681457809984721,437.7188526610069,449.1035225165034,0.0
3.474,4.647378502793547,-2.228408321783221,9.265827565432016,0.0,9.137974584076803,9.179307585132381,436.1164932333755,449.1035225165034,0.0
3.475,5.228890636594499,-2.196419240519693,10.0,0.0,9.361429917421697,9.653811824375044,437.0377706857236,449.1035225165034,0.0
3.476,5.8935191288550275,-2.1152869579044338,9.85295881277116,0.0,9.601385481081321,10.012400905276426,441.2637750936583,449.1035225165034,0.0
3.477,6.5817437280686555,-1.9666417543958015,7.818354083032269,0.0,9.837664746905325,10.067732105063754,445.6505092792626,449.1035225165034,0.0
3.478,7.164301435613158,-1.7173861390488185,5.659517122602514,0.0,10.029917540472582,9.866832991267103,440.47429785838494,449.1035225165034,0.0
3.479,7.565550170884274,-1.3674737677009041,8.333915079622539,0.0,10.146857338608644,9.982709429278966,470.8146981644674,449.1035225165034,0.0
3.48,7.902270626425971,-1.1655961491611029,-7.053396829898338,0.0,10.244983386406389,8.34631715092888,458.7831297560818,449.1035225165034,0.0
3.481,7.343056103367918,-0.8743644146007941,-1.1344086981013102,0.0,10.139640886973117,7.753219320878259,451.8588683095155,449.1035225165034,0.0
3.482,6.65524026723386,-0.6403337939253158,2.300168567251707,0.0,9.962691803549403,7.597578238504395,455.9953449840266,449.1035225165034,0.0
3.483,6.05934818795413,-0.5643087536000349,0.16301200532093896,0.0,9.781851072001652,7.229043331919067,462.1009129935057,449.1035225165034,0.0
3.484,5.436208086750096,-0.5684767107834534,-3.0197459041886336,0.0,9.583459648643576,6.613132528750397,464.01738009670584,449.1035225165034,0.0
3.485,4.695495384201486,-0.5610398947402531,-4.127118031590732,0.0,9.34245655796785,6.024237304911958,460.6583445529081,449.1035225165034,0.0
3.486,3.8921462477613593,-0.5301328263117713,-2.563148480055906,0.0,9.063338844609152,5.734202944315571,454.32934916640374,449.1035225165034,0.0
3.487,3.183414023474737,-0.5291889695589802,0.5490909466972633,0.0,8.783334712968166,5.8418939431775785,448.3607729709013,449.1035225165034,0.0
3.488,2.720422644021791,-0.6269697780821373,3.5408065399045165,0.0,8.552865421882553,6.252623479471511,445.2022384716692,449.1035225165034,0.0
3.489,2.5652367764977777,-0.8547170058136023,5.159086629968897,0.0,8.410590400500121,6.759767318635612,445.89814245216786,449.1035225165034,0.0
3.49,2.669318355248981,-1.1829826774230041,4.8431884403629235,0.0,8.367089016772066,7.138036837649887,447.8827975656917,449.1035225165034,0.0
3.491,2.9009936798751537,-1.5283439571645452,3.8630681331091195,0.0,8.400471807373718,7.345031544566702,448.91748501179336,449.1035225165034,0.0
3.492,3.1491463173234453,-1.8141513540662066,3.3475847851053913,0.0,8.479200990468657,7.462783057771078,447.95531712920007,449.1035225165034,0.0
3.493,3.3707756132719098,-2.0052962554340024,3.8401507802750703,0.0,8.58000027175597,7.614071734733363,444.7783986545853,449.1035225165034,0.0
3.494,3.590587644513261,-2.108262168838492,5.471861256201627,0.0,8.695263294071605,7.91291093405131,441.33703756339685,449.1035225165034,0.0
3.495,3.876828292587133,-2.159484954341308,7.270206651326927,0.0,8.833488781358735,8.345605053397833,438.18559040379887,449.1035225165034,0.0
3.496,4.277129159226834,-2.1820245470237714,8.955109552252962,0.0,9.003128259191847,8.875037485839401,435.9716261631764,449.1035225165034,0.0
3.497,4.813024240459095,-2.183685832207614,10.0,0.0,9.208704377929203,9.411634092793882,435.4879067695368,449.1035225165034,0.0
3.498,5.464363921462357,-2.1505731417653253,10.0,0.0,9.443723536687779,9.838391332351147,438.0205371014717,449.1035225165034,0.0
3.499,6.165974113935585,-2.054379000543989,9.400721800294555,0.0,9.687666274896303,10.109390437498917,443.60152681149464,449.1035225165034,0.0
3.5,6.848208837913998,-1.877980911826365,6.66524690233317,0.0,9.915872801452023,10.014744731461175,445.5603995705779,449.1035225165034,0.0
3.501,7.362195398645389,-1.5898549667189936,5.7212417522507995,0.0,10.081864231673766,9.826182256712665,433.64728435302095,449.1035225165034,0.0
3.5020000000000002,7.726650860266227,-1.2179090429484125,10.0,0.0,10.174367479234789,10.118228396043436,451.4015989790006,449.1035225165034,0.0
3.503,8.038400686563111,-1.166305206293064,2.895576430196015,0.0,10.284868053178403,9.535398144764853,473.1508271288134,449.1035225165034,0.0
3.504,7.953483875605256,-1.1367838328126196,-8.219510690833474,0.0,10.32330423188351,7.88274397586162,480.1271695144043,449.1035225165034,0.0
3.505,7.111545558147514,-0.9127199278213509,-10.0,0.0,10.168279560013541,6.406259935731969,472.60266986076863,449.1035225165034,0.0
3.5060000000000002,5.818053132782155,-0.5615433319185335,-8.450301633160603,0.0,9.844720164818211,5.384058329487898,458.7280908483814,449.1035225165034,0.0
3.507,4.416794873738739,-0.20296648873965917,-1.609257810285761,0.0,9.415364861727356,5.309942265437664,448.04682111439047,449.1035225165034,0.0
3.508,3.3705367217980333,-0.03736746806989977,3.7419440707308267,0.0,9.006903358698677,5.821599860289483,444.6795171027468,449.1035225165034,0.0
3.509,2.845971390763334,-0.14067419220124988,5.469836130690234,0.0,8.703473495319198,6.425041258033033,446.8396655264053,449.1035225165034,0.0
3.5100000000000002,2.7402292993965993,-0.45102677255866686,4.412400488761945,0.0,8.523836474650022,6.810584665192569,450.81182334799934,449.1035225165034,0.0
3.511,2.837292362063744,-0.844367445483797,2.40923856964998,0.0,8.440881444981908,6.918102217079148,452.99997785602835,449.1035225165034,0.0
3.512,2.953743977287526,-1.2072896267085511,1.276196762240223,0.0,8.412961706674736,6.890130484138356,452.06616877177214,449.1035225165034,0.0
3.513,3.0198680573428343,-1.4872783190081489,1.713474841815641,0.0,8.412206303244908,6.915485824834475,449.1746709662215,449.1035225165034,0.0
3.5140000000000002,3.068387070493497,-1.6927242123808715,3.158512260093767,0.0,8.433861135575677,7.08813557568682,445.91567788117976,449.1035225165034,0.0
3.515,3.165709234321077,-1.85471845505527,4.819887248967886,0.0,8.486380367519061,7.403766461390852,443.5036441849119,449.1035225165034,0.0
3.516,3.3612597058917917,-1.9947198911191415,6.0819028804177435,0.0,8.578990980378798,7.79475682105506,441.48737970699415,449.1035225165034,0.0
3.517,3.66494790280009,-2.111458280071887,7.1661965474717,0.0,8.712880776343138,8.23111115615605,439.73472794669055,449.1035225165034,0.0
3.5180000000000002,4.073747482666663,-2.196183024790723,8.136210373321624,0.0,8.885169364250691,8.691146549700091,437.8925402612593,449.1035225165034,0.0
3.519,4.578824308646976,-2.237786656079966,9.169414038589702,0.0,9.08996178471652,9.1748890725423,436.7302277143381,449.1035225165034,0.0
3.52,5.175734051963882,-2.2305660979935102,9.874303260071933,0.0,9.321438917717586,9.63733305935218,437.5987078274556,449.1035225165034,0.0
3.521,5.843466956258176,-2.1651212478455957,9.555111350403676,0.0,9.568886008164121,9.967038836463644,441.1799748510788,449.1035225165034,0.0
3.5220000000000002,6.5187955729781315,-2.0201994619293036,7.84371331524633,0.0,9.809272019327844,10.035848061341738,445.4341077887311,449.1035225165034,0.0
3.523,7.095679361923894,-1.7729340555752415,5.753340993697881,0.0,10.006750375023216,9.852284059212804,441.7048719130043,449.1035225165034,0.0
3.524,7.49795290193798,-1.4246541389098697,7.691945437596286,0.0,10.130286358166504,9.902493253398518,464.58234695956327,449.1035225165034,0.0
3.525,7.855652466757085,-1.1241164495571283,-3.9015803301137977,0.0,10.216913315751894,8.630037030862939,464.3404746546847,449.1035225165034,0.0
3.5260000000000002,7.436572235639772,-0.8897590269997111,-3.9330136990563407,0.0,10.144858015737396,7.65564253450397,455.47069948041496,449.1035225165034,0.0
3.527,6.683134138040478,-0.622926501799534,0.4382021184394249,0.0,9.955560792542004,7.331317419818159,453.5751529747143,449.1035225165034,0.0
3.528,5.973047969532946,-0.4793391189938565,1.3412590667076558,0.0,9.739634493340947,7.14669429797577,457.02993796140396,449.1035225165034,0.0
3.529,5.353176046482421,-0.4702384090927778,-0.465397581086187,0.0,9.5272733076147,6.812263107507996,460.56647077121227,449.1035225165034,0.0
3.5300000000000002,4.739798706414497,-0.5178734902124856,-2.348293468537429,0.0,9.308035987436474,6.36225972454964,460.56334577177546,449.1035225165034,0.0
3.531,4.087674505423152,-0.5643569879341158,-2.461329201371746,0.0,9.07035889491842,6.007327864840405,456.9410319646809,449.1035225165034,0.0
3.532,3.4564931109738106,-0.6100060599123602,-0.72854739230625,0.0,8.825512888621635,5.9187665495553485,451.55067108597973,449.1035225165034,0.0
3.533,2.9610293085422392,-0.6973436168893606,1.9421615613495806,0.0,8.605445991973713,6.139216136303586,447.027874687174,449.1035225165034,0.0
3.5340000000000003,2.6976194142236065,-0.8722021988617491,4.224316239045737,0.0,8.4477918121126,6.563964450072961,445.42959792095445,449.1035225165034,0.0
3.535,2.686471639868637,-1.1433785621693913,5.0601938681110035,0.0,8.376458695758652,6.99818966313536,446.550744909163,449.1035225165034,0.0
3.536,2.85723890512847,-1.4653555349080718,4.525148150080147,0.0,8.388387115714513,7.295749361059949,447.9425098490183,449.1035225165034,0.0
3.537,3.098955570113216,-1.762289310775181,3.840875806827345,0.0,8.458321609085246,7.4699452701144455,447.8875938744929,449.1035225165034,0.0
3.5380000000000003,3.3389768363713626,-1.9811780936969559,3.880493080510143,0.0,8.559790672387082,7.620930488499651,445.9013731999209,449.1035225165034,0.0
3.539,3.5707061339075636,-2.1089898395414406,4.905624910961967,0.0,8.678081755410929,7.856242409922988,442.4819766648744,449.1035225165034,0.0
3.54,3.8373094134333146,-2.1665887555602,6.681538637001493,0.0,8.81313268557834,8.237942371293737,439.04572512103965,449.1035225165034,0.0
3.541,4.199484407156509,-2.1855830208525746,8.500242382873516,0.0,8.974361898888064,8.740102487815387,436.2558197020363,449.1035225165034,0.0
3.5420000000000003,4.693481061858997,-2.1826217453577943,10.0,0.0,9.169168519561625,9.304237932360993,435.3380462944186,449.1035225165034,0.0
3.543,5.323070357458687,-2.1565772246695,10.0,0.0,9.39807273810163,9.752128062379192,437.1207382309397,449.1035225165034,0.0
3.544,6.01563920423423,-2.0723397208228445,9.835827215851463,0.0,9.639869867573204,10.090173914803914,442.3841321469229,449.1035225165034,0.0
3.545,6.718062869885239,-1.9185056860470442,7.271324161555661,0.0,9.875212500553223,10.067800372048422,445.6347946617804,449.1035225165034,0.0
3.5460000000000003,7.278172621997482,-1.6553221228265036,5.68068018267415,0.0,10.057371664353187,9.86728480365663,437.6351322083463,449.1035225165034,0.0
3.547,7.667913411686905,-1.2959623619912906,9.79519531247277,0.0,10.16436561687431,10.136269423205965,457.2445577408737,449.1035225165034,0.0
3.548,8.010271074670664,-1.2095398617050126,-0.09092780603462325,0.0,10.281645758675115,9.226674346687359,463.54865368532563,449.1035225165034,0.0
3.549,7.806986195509365,-1.0851357977681495,-3.387427089948818,0.0,10.283418156613784,8.181798015292788,469.7457490930143,449.1035225165034,0.0
3.5500000000000003,7.152420393931666,-0.9059685665049106,-6.6923970595582585,0.0,10.162061326819542,6.980974242395576,469.1596150439576,449.1035225165034,0.0
3.551,6.111662893235648,-0.6519442549245293,-6.59989096030446,0.0,9.906606800753794,6.039260201483458,462.7263985532007,449.1035225165034,0.0
3.552,4.919097559579832,-0.3907106979493644,-3.5195114752929655,0.0,9.556330875051945,5.624863406109885,455.19113147016503,449.1035225165034,0.0
3.553,3.865507764504194,-0.2252138951986431,0.1872459766882426,0.0,9.184050549650097,5.697787446693066,449.75344580676943,449.1035225165034,0.0
3.5540000000000003,3.138595757392081,-0.22627396358674168,2.899589575483381,0.0,8.858062236396947,6.056905694856969,448.08161665503724,449.1035225165034,0.0
3.555,2.7770513789883897,-0.4044023009763529,3.7457232099641415,0.0,8.620168095714481,6.445965312237386,448.6861886128148,449.1035225165034,0.0
3.556,2.691912046308596,-0.7029401635920853,3.4476105701122375,0.0,8.476027212352138,6.736825709893739,449.91048023179286,449.1035225165034,0.0
3.557,2.7586685416556502,-1.0459632534130239,2.8273951834703217,0.0,8.41013361834581,6.910748805501157,450.55020336048597,449.1035225165034,0.0
3.5580000000000003,2.8786541572665443,-1.3684574406264005,2.493066810683943,0.0,8.400265822996118,7.01758541224339,449.6163422879764,449.1035225165034,0.0
3.559,3.0040449170569765,-1.6319302453850966,2.954869149223992,0.0,8.427825534506942,7.154299992322859,447.5138297967201,449.1035225165034,0.0
3.56,3.144008773990632,-1.8322561040619503,4.022022322049992,0.0,8.485701849281497,7.378725794506128,445.1224455141618,449.1035225165034,0.0
3.561,3.33275628147753,-1.9815461802802599,5.257525233352532,0.0,8.574651762594169,7.69236784920932,442.3984320002771,449.1035225165034,0.0
3.5620000000000003,3.5986746283203357,-2.0900235590976948,6.6865828954571445,0.0,8.696510500953629,8.101018460414105,440.0044891435013,449.1035225165034,0.0
3.563,3.967360577549735,-2.1668988387530828,7.974544657575077,0.0,8.854419933571538,8.570478830599477,437.77822165475095,449.1035225165034,0.0
3.564,4.446048966419187,-2.210184271119516,9.200931410567778,0.0,9.047477104709948,9.081838168952775,436.43131740742405,449.1035225165034,0.0
3.565,5.033994665363752,-2.2154128183604707,10.0,0.0,9.272506778442686,9.577113824896992,436.6962528282487,449.1035225165034,0.0
3.5660000000000003,5.708263770202177,-2.168661386021879,9.992688460085802,0.0,9.519366107366915,9.968279782792397,440.4319291152016,449.1035225165034,0.0
3.567,6.412907632939308,-2.0513478545584958,8.211566250622358,0.0,9.768219125050681,10.078396616296146,445.5721301749203,449.1035225165034,0.0
3.568,7.027970891690053,-1.829438029724942,5.676779644178858,0.0,9.979961578899387,9.88076124376854,443.69307303676106,449.1035225165034,0.0
3.569,7.449759700657643,-1.4931609431331407,6.670412708055894,0.0,10.115994868833694,9.818465020570546,443.8402349822126,449.1035225165034,0.0
3.5700000000000003,7.802599323772446,-1.121918457058105,6.649464610673022,0.0,10.194721304852443,9.729166656881942,469.69822394074004,449.1035225165034,0.0
3.571,7.896864261189554,-1.0677127434506608,-6.485476882833051,0.0,10.254395057264384,8.205195942967498,472.75467922873196,449.1035225165034,0.0
3.572,7.250942780690043,-0.8480800152331744,-8.250216093951298,0.0,10.132086820075838,6.848811789626866,463.60376127833194,449.1035225165034,0.0
3.573,6.159130809104641,-0.5243398619278723,-3.819759506369577,0.0,9.852955901690677,6.234472946716013,454.67426582854154,449.1035225165034,0.0
3.5740000000000003,5.0795065163486495,-0.2812603406226474,0.5892807854052466,0.0,9.516802845042418,6.2021853149644475,450.91324662662134,449.1035225165034,0.0
3.575,4.274533434577384,-0.22054175579817437,2.451693145264163,0.0,9.206788081766195,6.378036893457224,451.80765911748,449.1035225165034,0.0
3.576,3.7653831999576495,-0.3340162360672281,1.9774455338250698,0.0,8.95844933134471,6.482467271906666,454.0675292506222,449.1035225165034,0.0
3.577,3.4421377091864227,-0.5445713001327295,0.7978703999127745,0.0,8.767413806054837,6.457075450491699,454.68191114002656,449.1035225165034,0.0
3.5780000000000003,3.1971995719995094,-0.7758269953422324,0.43489556897537174,0.0,8.61627522698484,6.410698518808093,452.7136911756409,449.1035225165034,0.0
3.579,2.9979400260270768,-0.9949905498602317,1.3829038645768161,0.0,8.497408246698368,6.481225251896479,449.4158114563906,449.1035225165034,0.0
3.58,2.878637251963679,-1.2117119620507517,3.028720834803103,0.0,8.419128357545159,6.715503107103508,447.02349029396385,449.1035225165034,0.0
3.581,2.883511166748738,-1.4447978871582396,4.245681738241876,0.0,8.395576480467893,7.034203559183524,446.04116702521014,449.1035225165034,0.0
3.5820000000000003,3.0119564181361644,-1.6863264652354997,4.767466927531659,0.0,8.43048712064378,7.349825301630535,445.68568272464876,449.1035225165034,0.0
3.583,3.228760654539326,-1.9058976033428645,4.979387475730899,0.0,8.515206410457818,7.632905328768978,444.90092756528446,449.1035225165034,0.0
3.584,3.4983901096651815,-2.073331345805054,5.413791004925236,0.0,8.635983774294058,7.91432326720455,442.9704512860415,449.1035225165034,0.0
3.585,3.8109358419612103,-2.1752624154494558,6.440359856851332,0.0,8.782363275826498,8.256571950598815,440.31113929436134,449.1035225165034,0.0
3.586,4.187889654029147,-2.2196897582990567,7.857939684912837,0.0,8.95219739256213,8.686562346369888,437.47739692456827,449.1035225165034,0.0
3.587,4.659210339561541,-2.220235503050328,9.391072125728725,0.0,9.14766289569545,9.196930147158664,435.9335658274606,449.1035225165034,0.0
3.588,5.245957940516157,-2.186611847820716,10.0,0.0,9.370914569071548,9.667629430693895,436.9726894461886,449.1035225165034,0.0
3.589,5.913726719171657,-2.103236135221959,9.89054001768867,0.0,9.61007591162999,10.027866986773692,441.41876362503325,449.1035225165034,0.0
3.59,6.605643877225355,-1.9536953167975732,7.744350517181051,0.0,9.845729142639872,10.071577476669278,445.73723789095163,449.1035225165034,0.0
3.591,7.186349000053246,-1.702399580214382,5.618776230477377,0.0,10.036040976698418,9.865172572213433,439.92410813470536,449.1035225165034,0.0
3.592,7.5844987384951,-1.3508010742711107,8.617135252418493,0.0,10.1505182586176,10.011525156889263,469.0921795872188,449.1035225165034,0.0
3.593,7.918737356112256,-1.1776940627316805,-6.166787044545391,0.0,10.252657284602542,8.465690417850523,458.58089173285697,449.1035225165034,0.0
3.594,7.408259836579225,-0.9064793176080035,-1.0059168095280002,0.0,10.161896382236902,7.859682917460508,454.44946974082626,449.1035225165034,0.0
3.595,6.745206077006641,-0.6889768084751475,1.0063347142441263,0.0,9.998397691515446,7.542770180495342,458.7331121788704,449.1035225165034,0.0
3.596,6.093232094825509,-0.5933679786195416,-1.2317824014016066,0.0,9.811215649976837,7.039970050639992,463.00327197421524,449.1035225165034,0.0
3.597,5.370512247544256,-0.5529152185948498,-3.505859793651151,0.0,9.588978084302392,6.413943831004456,462.9190968782305,449.1035225165034,0.0
3.598,4.555057098737649,-0.5085883634479774,-3.6019279892760556,0.0,9.321890226765923,5.922942617064695,458.7969163998631,449.1035225165034,0.0
3.599,3.742768496671849,-0.47192713850159923,-1.637771688925954,0.0,9.028821567396497,5.752547808499195,452.600170060755,449.1035225165034,0.0
3.6,3.0821422399002656,-0.4940933742994469,1.4256350051855962,0.0,8.750825191294691,5.9517647904262905,447.9331546717107,449.1035225165034,0.0
3.601,2.6941866243638626,-0.6318472139106974,3.7708463781556487,0.0,8.535481410995033,6.366668475777373,445.9302555821342,449.1035225165034,0.0
3.602,2.595274773792769,-0.8896121449134273,4.804028592287613,0.0,8.410138981274638,6.815746091795656,447.00186328973587,449.1035225165034,0.0
3.603,2.714887305973605,-1.2240720099837967,4.289241330754446,0.0,8.376451491975821,7.126276785284496,448.47749499051133,449.1035225165034,0.0
3.604,2.9285858578373167,-1.5549754939120364,3.557685755626633,0.0,8.41024060553718,7.304751704462647,448.8522794350251,449.1035225165034,0.0
3.605,3.151437874229248,-1.8210976908099208,3.3728059641845416,0.0,8.484462706479697,7.433360085487287,447.25565186736634,449.1035225165034,0.0
3.606,3.3599168817671394,-1.998462089398997,4.189598454505283,0.0,8.580972297306245,7.627521639688174,444.2373084369389,449.1035225165034,0.0
3.607,3.5882289707699506,-2.1016564256948747,5.74743231051464,0.0,8.696824817476882,7.952082257094512,440.99628482717344,449.1035225165034,0.0
3.608,3.8921956148679095,-2.158276365927737,7.449016492290678,0.0,8.838744397433748,8.396214776251806,438.075626125839,449.1035225165034,0.0
3.609,4.310982993111377,-2.186064487328715,9.019624806864545,0.0,9.013375765262435,8.922850129108623,436.0755633879918,449.1035225165034,0.0
3.61,4.859868375986803,-2.1892912114511773,10.0,0.0,9.223284590033394,9.450230753227922,435.7695947335127,449.1035225165034,0.0
3.611,5.517439802708077,-2.1536858423995184,10.0,0.0,9.460991736902283,9.86921644237045,438.5799862046475,449.1035225165034,0.0
3.612,6.220719070938307,-2.0531488196229875,9.124635071216371,0.0,9.706123719183633,10.1029991298813,444.1144178078107,449.1035225165034,0.0
3.613,6.8881553939214175,-1.8666172499308882,6.407310316721713,0.0,9.930607669549568,9.981379470316785,445.1935130724655,449.1035225165034,0.0
3.614,7.38004558579664,-1.5669729395946894,5.906862778834679,0.0,10.0893857004824,9.819060632246245,432.22047876259035,449.1035225165034,0.0
3.615,7.7414764511276,-1.1919396080325058,10.0,0.0,10.17779682114641,10.109262557515446,454.73370497637075,449.1035225165034,0.0
3.616,8.043773382810159,-1.148804867033907,1.1980512323962955,0.0,10.285392534076715,9.34050131184429,477.7739694902523,449.1035225165034,0.0
3.617,7.866884367570472,-1.0964560846959026,-10.0,0.0,10.300025532499689,7.538090375138925,479.23456086953786,449.1035225165034,0.0
3.618,6.8966370950749285,-0.8230368437149007,-10.0,0.0,10.103401508725288,6.134322654092459,468.14374640241215,449.1035225165034,0.0
3.619,5.548607702651872,-0.44712991287832615,-6.2406465457142986,0.0,9.74744754524147,5.4033789431862145,454.59963459148753,449.1035225165034,0.0
3.62,4.23974825401955,-0.13342845137650405,0.4764482389981697,0.0,9.32324651555858,5.541715344223048,446.4310846777845,449.1035225165034,0.0
3.621,3.3553146675833014,-0.049225892559005224,4.587447574236875,0.0,8.94917396209275,6.09303608123871,445.6869198601271,449.1035225165034,0.0
3.622,2.964196669495534,-0.22201345096631142,4.993696009629341,0.0,8.68748939468805,6.589573467672296,449.194379904869,449.1035225165034,0.0
3.623,2.905576762918711,-0.5574411463058171,3.2390574133747405,0.0,8.53679619357045,6.815752938522696,452.6976032158414,449.1035225165034,0.0
3.624,2.9646871130776757,-0.9283252216346344,1.4515049508951452,0.0,8.461233230982428,6.818072419682834,453.3105019696592,449.1035225165034,0.0
3.625,3.006000207734617,-1.245985158700291,1.1029857794547002,0.0,8.424692265093157,6.788188735323828,451.0399915665782,449.1035225165034,0.0
3.626,3.0151838639786166,-1.4902783343748616,2.218876290494455,0.0,8.412512677310453,6.883275399500301,447.9665154303087,449.1035225165034,0.0
3.6270000000000002,3.0509840280065363,-1.6862430268508164,3.766984429491155,0.0,8.43017289913928,7.122922247179465,445.26897308309174,449.1035225165034,0.0
3.628,3.167082352238853,-1.8574851816842173,5.154101097433741,0.0,8.486908773660051,7.465059370332039,443.2885755991871,449.1035225165034,0.0
3.629,3.387487994159786,-2.009726970589025,6.20244930855923,0.0,8.5872189482752,7.857019867796829,441.83246583095575,449.1035225165034,0.0
3.63,3.7094543051842264,-2.1341586387733074,7.003214759530372,0.0,8.728859220786534,8.264203812678748,440.1683707543051,449.1035225165034,0.0
3.6310000000000002,4.119295672330136,-2.2154684910927904,7.924613815477681,0.0,8.904753627608233,8.696316744692297,438.1462915406117,449.1035225165034,0.0
3.632,4.613405483940764,-2.246407865380096,9.045225732083306,0.0,9.10886011959752,9.166607478848093,436.75431878210236,449.1035225165034,0.0
3.633,5.196895870277744,-2.2274165381360214,9.86470414868198,0.0,9.33718659606374,9.629973451066077,437.5222840522535,449.1035225165034,0.0
3.634,5.855739381434508,-2.15344214477798,9.59653389824891,0.0,9.58106975210819,9.965504079631385,441.1470201215132,449.1035225165034,0.0
3.6350000000000002,6.52771471384477,-2.004071465666806,7.863730887568957,0.0,9.818426624636075,10.036614480820582,445.38778994570043,449.1035225165034,0.0
3.636,7.103756083311162,-1.7551087027317769,5.780503301183375,0.0,10.013266652898356,9.855877727430828,441.4044108491447,449.1035225165034,0.0
3.637,7.507414287032955,-1.4071255451208526,7.849183966134823,0.0,10.13476048328758,9.922443812500067,468.2738288436673,449.1035225165034,0.0
3.638,7.862124745455601,-1.1304472881989605,-5.777228094398098,0.0,10.223806762459507,8.439928970403889,462.4293863471352,449.1035225165034,0.0
3.6390000000000002,7.355524417408301,-0.8617925839347002,-2.98826548443839,0.0,10.128911694604772,7.6168933888048524,452.4492530872217,449.1035225165034,0.0
3.64,6.6083556501878356,-0.5963539484904883,1.9683438398111992,0.0,9.934690872519388,7.461131819261882,452.7315268331451,449.1035225165034,0.0
3.641,5.976142390344132,-0.4908916851780988,1.790926923683073,0.0,9.735369513078322,7.2945141413586825,458.35808901622937,449.1035225165034,0.0
3.642,5.4187898289562035,-0.5155953173267631,-1.1148998328563242,0.0,9.543090543960519,6.861745970397882,462.5802567634116,449.1035225165034,0.0
3.6430000000000002,4.805860221769245,-0.566602179390135,-3.3607510489165335,0.0,9.332126373163906,6.296890084596836,461.77351712323207,449.1035225165034,0.0
3.644,4.103075332085705,-0.5879485639311741,-3.0840811748940413,0.0,9.087611064545724,5.891492610392626,456.8196350360248,449.1035225165034,0.0
3.645,3.413328160184303,-0.6014272333730375,-0.6843012564856248,0.0,8.828276729162138,5.832236785044042,450.5320740974754,449.1035225165034,0.0
3.646,2.888736025784577,-0.6709935779250731,2.4451936969793575,0.0,8.596467755988357,6.124027417453975,445.9568511069079,449.1035225165034,0.0
3.6470000000000002,2.6357547830407064,-0.8498427162798522,4.764271906359069,0.0,8.43599648514645,6.609843758160487,445.0525699406819,449.1035225165034,0.0
3.648,2.6590014922578957,-1.1389164382232706,5.256922015230275,0.0,8.370163593489615,7.056945117152861,446.75282299274147,449.1035225165034,0.0
3.649,2.8608042814291164,-1.4765212958169105,4.430302484438112,0.0,8.389869924013569,7.334932561887804,448.3490566324538,449.1035225165034,0.0
3.65,3.117074694533616,-1.7787937404451064,3.639730323422432,0.0,8.465278286291786,7.482223435248059,448.18034917455145,449.1035225165034,0.0
3.6510000000000002,3.3565145823412452,-1.9934058352741983,3.7333157857931374,0.0,8.568459505663123,7.6167504964432515,445.79185611196834,449.1035225165034,0.0
3.652,3.581150621580448,-2.1126955733961186,4.960678981130043,0.0,8.685751059461968,7.859901504881175,442.2616595599584,449.1035225165034,0.0
3.653,3.8461890347319216,-2.1650023927563917,6.79419588670047,0.0,8.820189411473129,8.252971930460301,438.8034176763832,449.1035225165034,0.0
3.654,4.21257469500229,-2.181977468121265,8.626317876889257,0.0,8.981835160937624,8.765725360049466,436.10852343369413,449.1035225165034,0.0
3.6550000000000002,4.714809557017613,-2.179159299096529,10.0,0.0,9.178111929068212,9.324569857047473,435.26450339115087,449.1035225165034,0.0
3.656,5.348989251273533,-2.151230711914598,10.0,0.0,9.407601507185777,9.768683342179632,437.20179940039606,449.1035225165034,0.0
3.657,6.043972110148981,-2.064467653557138,9.799169310308177,0.0,9.649288825457305,10.099136743210495,442.603615656272,449.1035225165034,0.0
3.658,6.745335445316741,-1.9076218276784955,7.163260250972526,0.0,9.883467341741685,10.06257170805572,445.5718536716512,449.1035225165034,0.0
3.6590000000000003,7.298845757236684,-1.6404128197593875,5.714457931731449,0.0,10.062746970269833,9.86619936256218,436.78111346125456,449.1035225165034,0.0
3.66,7.686397384217342,-1.2794918269004736,10.0,0.0,10.167432182260528,10.156194289324093,455.106893461905,449.1035225165034,0.0
3.661,8.029866191111656,-1.2073774423210253,1.0054673751533807,0.0,10.286324993353197,9.361498182704498,465.9166884836165,449.1035225165034,0.0
3.662,7.878538581057916,-1.1141136425993894,-4.567561795373511,0.0,10.304321038551047,8.155153810521497,473.29035847413553,449.1035225165034,0.0
3.6630000000000003,7.187322117793738,-0.9287351264264165,-8.49626515020935,0.0,10.180424043229005,6.769336937608426,470.2712353297543,449.1035225165034,0.0
3.664,6.039496893843815,-0.6295397901256965,-7.198380706151238,0.0,9.899277358316505,5.811114984851056,461.32290931008276,449.1035225165034,0.0
3.665,4.764624784595597,-0.3289443877859919,-2.8464115642512686,0.0,9.520349605725166,5.515095999824398,452.66795112874627,449.1035225165034,0.0
3.666,3.7063832773474186,-0.15927853987245588,1.4454232402945508,0.0,9.134055440643197,5.743026119827126,448.2663576973685,449.1035225165034,0.0
3.6670000000000003,3.0449299338482425,-0.1947523485260983,3.654591604174781,0.0,8.814782481500739,6.171801436015182,447.8051172112591,449.1035225165034,0.0
3.668,2.762721744495252,-0.4140754242457808,3.89819590028194,0.0,8.594085150133958,6.554905080997009,449.4206101065274,449.1035225165034,0.0
3.669,2.732268126100371,-0.741259689890103,3.0872785767475266,0.0,8.467564954865713,6.786519495924021,450.884584841284,449.1035225165034,0.0
3.67,2.8123459781764324,-1.0896205632475688,2.3374805861214396,0.0,8.411906074029876,6.898838744185669,450.99513618937806,449.1035225165034,0.0
3.6710000000000003,2.914741234361193,-1.398951243458807,2.2632887753456545,0.0,8.40358777219345,6.983234360598932,449.5453665282394,449.1035225165034,0.0
3.672,3.017072772262711,-1.6454353166019442,2.9837551657976173,0.0,8.428560803425622,7.128119289637377,447.04490274159934,449.1035225165034,0.0
3.673,3.143320090006747,-1.8342367533630293,4.254573256866692,0.0,8.483828341750712,7.380734465435449,444.593462310808,449.1035225165034,0.0
3.674,3.3340411943337296,-1.9810244601498987,5.52539407431933,0.0,8.573089277202044,7.720980138196791,442.08086706016513,449.1035225165034,0.0
3.6750000000000003,3.6125348151164904,-2.0936463170754123,6.8519182542041355,0.0,8.698369213578315,8.140609701597102,439.92633399567615,449.1035225165034,0.0
3.676,3.99524720213053,-2.175025936052511,8.0209566716569,0.0,8.860909652175216,8.606819860052243,437.82113882827326,449.1035225165034,0.0
3.677,4.483056796862598,-2.219422272046292,9.186378092240645,0.0,9.057886863527486,9.109337087060865,436.5568885739505,449.1035225165034,0.0
3.678,5.074174749329698,-2.2220744712139786,9.943969558827547,0.0,9.285265854993899,9.59283628079851,436.8745227337071,449.1035225165034,0.0
3.6790000000000003,5.746075647473874,-2.169787183224033,9.907442476777206,0.0,9.532478743016862,9.971131641346437,440.70488996289157,449.1035225165034,0.0
3.68,6.44364146420004,-2.045615046296967,8.076245187721101,0.0,9.779663816110247,10.06523909280776,445.65247933760634,449.1035225165034,0.0
3.681,7.046758259121522,-1.816262164948078,5.636960932152688,0.0,9.987554031461316,9.865277821936226,443.2033005967673,449.1035225165034,0.0
3.682,7.459283078690662,-1.4751292790414965,6.920552521769572,0.0,10.119428009553891,9.832343054897104,449.2372962414859,449.1035225165034,0.0
3.6830000000000003,7.811767501192363,-1.1187924401824505,3.9022169621604315,0.0,10.199035389717865,9.43638829663848,468.03548112198007,449.1035225165034,0.0
3.684,7.769861531998115,-1.019103515018672,-5.686195064141409,0.0,10.223684142660158,8.07158228576139,467.8773152742809,449.1035225165034,0.0
3.685,7.102563665432292,-0.7894523357206156,-5.794850067869587,0.0,10.085122678749363,7.002637526749455,460.98904152776777,449.1035225165034,0.0
3.686,6.123221109493018,-0.5177605096623337,-2.469568384725677,0.0,9.825933296255023,6.494653334918411,455.63298460990865,449.1035225165034,0.0
3.6870000000000003,5.169932712134116,-0.33852609573380255,0.1431654532698312,0.0,9.524865565555455,6.360764827519185,453.77489936760946,449.1035225165034,0.0
3.688,4.409174064341667,-0.30338948284038914,1.0254943059083614,0.0,9.238443073906932,6.355237800483792,454.2385359616549,449.1035225165034,0.0
3.689,3.8504323345846103,-0.3933534821019502,0.7423258744341195,0.0,8.99035753476743,6.335503414793886,454.7034979283688,449.1035225165034,0.0
3.69,3.436146844738228,-0.5553865623612035,0.45384513695852924,0.0,8.78203110980879,6.304016703536976,453.6326363785996,449.1035225165034,0.0
3.6910000000000003,3.122784371782884,-0.7475832837070584,0.9439847732221556,0.0,8.610909964765769,6.341973205400272,451.0636214348711,449.1035225165034,0.0
3.692,2.911127092529214,-0.9577596320421683,2.208891255902738,0.0,8.481894015516792,6.513408935293517,448.3512402041849,449.1035225165034,0.0
3.693,2.826963053611589,-1.192826717101109,3.5726046943690335,0.0,8.406678850055165,6.799300382165431,447.129374563516,449.1035225165034,0.0
3.694,2.879999658671524,-1.4520153439244936,4.203278994233333,0.0,8.39373442392687,7.098142539458626,446.6704201049769,449.1035225165034,0.0
3.6950000000000003,3.03552123232795,-1.7066302465001184,4.457087247618147,0.0,8.437384409155815,7.370841196231755,446.2606605429302,449.1035225165034,0.0
3.696,3.2540965850234858,-1.9235127221480013,4.69039564837723,0.0,8.52525018483469,7.62127275434017,445.25820831868833,449.1035225165034,0.0
3.697,3.511385082820218,-2.0795677317044117,5.230074902476327,0.0,8.644369765051245,7.8863633869182586,442.7594041449812,449.1035225165034,0.0
3.698,3.808595851560133,-2.1681799653272362,6.542918173045113,0.0,8.786273246106896,8.245752581898342,439.8599501360175,449.1035225165034,0.0
3.6990000000000003,4.182162769217097,-2.2066911306796193,8.085080901331816,0.0,8.953275404407526,8.701782419636967,437.0756538965297,449.1035225165034,0.0
3.7,4.66279620675311,-2.2088021272515395,9.597507707275476,0.0,9.149027428621343,9.230720801850337,435.7567347596418,449.1035225165034,0.0
3.701,5.265086829193106,-2.1800878779143393,10.0,0.0,9.3749184112423,9.694044798310971,437.0143319620648,449.1035225165034,0.0
3.702,5.941840034615448,-2.0981999258503947,9.874719754555167,0.0,9.61583216301357,10.047399797089405,441.6927514452364,449.1035225165034,0.0
3.7030000000000003,6.6377543512731,-1.948330172673256,7.6096177236820175,0.0,9.852323246156708,10.071819207447403,445.8734017997587,449.1035225165034,0.0
3.704,7.213193675799748,-1.693494231853264,5.551593753588315,0.0,10.041073906062909,9.857374986150989,440.1457089981638,449.1035225165034,0.0
3.705,7.604512425156943,-1.3381423215086756,8.505018289569168,0.0,10.152964727119137,9.991416522449644,466.5596385170012,449.1035225165034,0.0
3.706,7.917428823284195,-1.179015666527392,-4.8765076298545065,0.0,10.253120206755112,8.591233274427207,458.3746666334424,449.1035225165034,0.0
3.7070000000000003,7.461758607236478,-0.9358668922142768,-0.87673312924451,0.0,10.178086715000617,7.968127241178479,456.4859754536388,449.1035225165034,0.0
3.708,6.8288134488489804,-0.7360412308032032,-0.006212068714049224,0.0,10.028696634084614,7.520655298993567,461.18185394744165,449.1035225165034,0.0
3.709,6.138460239523273,-0.6273740574331852,-2.4749346299248645,0.0,9.839543234585125,6.8923362520390095,464.034021183983,449.1035225165034,0.0
3.71,5.332285462625297,-0.5492572964447835,-4.050323234870327,0.0,9.598967098365106,6.241103942263584,462.23546310816914,449.1035225165034,0.0
3.7110000000000003,4.446433267014667,-0.47008821078511853,-3.2823636028800625,0.0,9.309397912976873,5.820548689160272,457.2879548943667,449.1035225165034,0.0
3.712,3.6158513606275746,-0.4228856319858527,-0.8904538197574707,0.0,9.002329528005802,5.7510280103985245,451.29571461762094,449.1035225165034,0.0
3.713,2.987709835808162,-0.4608293702596007,2.0837443976042276,0.0,8.723661750653774,6.021785015760669,447.4583716592778,449.1035225165034,0.0
3.714,2.6554569716008465,-0.6275225261688746,4.018867385348048,0.0,8.517893261340443,6.450987489144213,446.3138593889608,449.1035225165034,0.0
3.715,2.603481390176887,-0.9097919346442905,4.619020151781985,0.0,8.405004571670002,6.865753226002923,447.758339697744,449.1035225165034,0.0
3.716,2.742376173431797,-1.252667916866208,3.9102318255779656,0.0,8.379774988612134,7.127987094689656,448.94116650674016,449.1035225165034,0.0
3.717,2.949361779743697,-1.5760410882678058,3.3204419811775283,0.0,8.415434039760681,7.282306149718164,448.8379475153034,449.1035225165034,0.0
3.718,3.157011138144438,-1.8290248868133148,3.374707226907895,0.0,8.487553577423217,7.415854706472061,446.50437167660687,449.1035225165034,0.0
3.719,3.3573453618935165,-1.9956481904116306,4.5674866546551405,0.0,8.581614742405248,7.653963174883318,443.8160465214901,449.1035225165034,0.0
3.72,3.5975627850168133,-2.1020811758830114,5.964523992163667,0.0,8.700122033096072,7.99499265149405,440.8148298315883,449.1035225165034,0.0
3.721,3.9176312027336793,-2.1637561656765225,7.548019263963694,0.0,8.846601461401457,8.441178664318084,438.0828960625816,449.1035225165034,0.0
3.722,4.349508162598852,-2.1941643180174077,9.024192413006277,0.0,9.025779695018265,8.95963233095894,436.2186484045855,449.1035225165034,0.0
3.723,4.904962003854733,-2.1958172455797955,10.0,0.0,9.238763212445939,9.479954404436777,436.0474186300947,449.1035225165034,0.0
3.724,5.5648347742058,-2.1560946166590647,10.0,0.0,9.47809456702172,9.892753080113602,439.09785130340003,449.1035225165034,0.0
3.725,6.267510695865699,-2.0506024513588046,8.868485232857477,0.0,9.723565741813786,10.093042775615569,444.5330851947849,449.1035225165034,0.0
3.726,6.920125244383101,-1.8543405107212112,6.1965726603822215,0.0,9.943984876859712,9.950494542625373,444.7991063711833,449.1035225165034,0.0
3.727,7.392554168567002,-1.5446687852491792,6.1066062336362235,0.0,10.096006004706473,9.81562482904643,432.5082625279628,449.1035225165034,0.0
3.728,7.753299719991912,-1.1679336158866644,10.0,0.0,10.180993897035512,10.103659456762633,458.6205635082429,449.1035225165034,0.0
3.729,8.04577719156621,-1.1373845592944107,-0.7816997600282081,0.0,10.286693418371742,9.117903433314453,478.87092254536213,449.1035225165034,0.0
3.73,7.765894352967331,-1.0544820125987364,-10.0,0.0,10.27443359565893,7.368808822509722,477.644350848286,449.1035225165034,0.0
3.731,6.7489185159319245,-0.7653627064608521,-10.0,0.0,10.057516195928716,5.994649206601803,465.04426008990623,449.1035225165034,0.0
3.732,5.3839384923769105,-0.3824986250934894,-4.694894951661203,0.0,9.685650718691699,5.45975341184962,452.3345946351485,449.1035225165034,0.0
3.733,4.150812351472172,-0.10636836823793572,1.6276270545312088,0.0,9.270936522262732,5.705581094310704,446.170220130102,449.1035225165034,0.0
3.734,3.368307208414382,-0.07526374860086993,4.7391473309184775,0.0,8.921616308131243,6.238140903550766,446.7679039719823,449.1035225165034,0.0
3.735,3.0422834847867692,-0.2817953735371812,4.463661595423526,0.0,8.68351362127628,6.649131634953816,450.6163591729648,449.1035225165034,0.0
3.736,2.9917291654009266,-0.620691723359353,2.524305628367676,0.0,8.545533558478187,6.786939463406037,453.47353361051694,449.1035225165034,0.0
3.737,3.01676873227983,-0.9707879504972488,1.052018298651468,0.0,8.470253906292076,6.751350560584463,453.11974000372606,449.1035225165034,0.0
3.738,3.0158882147205137,-1.2618758390965932,1.188752927174678,0.0,8.427462034516967,6.741903517861468,450.27151809239336,449.1035225165034,0.0
3.739,3.0024751687240903,-1.490394075712961,2.601183927082128,0.0,8.410230772788877,6.884588685821861,447.31701783044343,449.1035225165034,0.0
3.74,3.041738511197358,-1.6859030797180616,4.096299104917694,0.0,8.428211962104031,7.157167472244217,444.98564810304623,449.1035225165034,0.0
3.741,3.174246962936966,-1.8642457310137512,5.303162712750867,0.0,8.489315512732386,7.507907047772527,443.57752068294104,449.1035225165034,0.0
3.742,3.410092539112551,-2.0229991235622586,6.062486441139084,0.0,8.595062112518109,7.876522065993292,442.0768351751924,449.1035225165034,0.0
3.743,3.734007804566563,-2.144637132360317,6.883096068426516,0.0,8.738888201189642,8.268251840650105,440.2261815094296,449.1035225165034,0.0
3.744,4.138997756928094,-2.2190137551600175,7.897196311378664,0.0,8.914469706879686,8.69722643505502,438.02671036125446,449.1035225165034,0.0
3.745,4.628616330109799,-2.243351824604108,9.107700007018714,0.0,9.117323942852073,9.174067981152962,436.5817635278285,449.1035225165034,0.0
3.746,5.21214798945045,-2.220548526509285,9.955391013618437,0.0,9.344825166352138,9.645359473212261,437.4414436994653,449.1035225165034,0.0
3.747,5.875056951784863,-2.145267035864281,9.642171715970418,0.0,9.588652485718132,9.982256236344979,441.25951064116737,449.1035225165034,0.0
3.748,6.551157911659276,-1.9953292602705686,7.8115783638727505,0.0,9.826046409051933,10.04387096338392,445.51692089981304,449.1035225165034,0.0
3.749,7.126443548162175,-1.744676931478598,5.7187392507168155,0.0,10.019790034345071,9.8546368307096,441.092811217259,449.1035225165034,0.0
3.75,7.526257928616184,-1.3945328142189268,8.010901204986283,0.0,10.139226554230818,9.938539954448311,471.96466712724634,449.1035225165034,0.0
3.751,7.873761476688173,-1.1409048142733798,-7.65363819611482,0.0,10.23071209568045,8.245748217654533,460.3929745358968,449.1035225165034,0.0
3.7520000000000002,7.276847645083716,-0.8361835560488311,-1.9806864206339956,0.0,10.112786850900498,7.581189854956204,449.3738492496116,449.1035225165034,0.0
3.753,6.536959584947989,-0.5721141149903382,3.5261729551775236,0.0,9.914197868394517,7.595738365933061,452.0161616864281,449.1035225165034,0.0
3.754,5.983917481213875,-0.5051821165993369,2.175890345070028,0.0,9.732200809824395,7.438809197501086,459.76072580195523,449.1035225165034,0.0
3.755,5.486112399603938,-0.5624330437427871,-1.8029637455480465,0.0,9.55967746223778,6.9044302541281395,464.5813504985614,449.1035225165034,0.0
3.7560000000000002,4.870051299548255,-0.6150284328789524,-4.368054373671706,0.0,9.35618153860607,6.2266541123364245,462.9164421502949,449.1035225165034,0.0
3.757,4.11493456800416,-0.6102080907873717,-3.6737293958763884,0.0,9.104201401636926,5.775234875668727,456.61731904799694,449.1035225165034,0.0
3.758,3.3674085919956966,-0.5917168188034596,-0.5993058100423321,0.0,8.830291518200614,5.749679583680168,449.4632797195132,449.1035225165034,0.0
3.759,2.8161401699068,-0.6447690207509329,2.974116282169444,0.0,8.587237748843139,6.114785293501487,444.9079823867302,449.1035225165034,0.0
3.7600000000000002,2.5761475718779216,-0.8290809127917853,5.293720349858661,0.0,8.424743713508558,6.659383783490906,444.7499245150476,449.1035225165034,0.0
3.761,2.6346325894622784,-1.1365088010265958,5.416285265714526,0.0,8.364932879491803,7.1147258431006115,447.0228834458147,449.1035225165034,0.0
3.762,2.866134556562808,-1.4887650525574747,4.300612191037854,0.0,8.392311243623737,7.369722559769464,448.7507660009559,449.1035225165034,0.0
3.763,3.134503729732118,-1.7948371101870595,3.4401984786227544,0.0,8.47259680683331,7.49126307418811,448.43307545363115,449.1035225165034,0.0
3.7640000000000002,3.3720913646948465,-2.0043312468006125,3.6057482229138422,0.0,8.576991499614987,7.6120417543678105,445.62806721726173,449.1035225165034,0.0
3.765,3.589912128602702,-2.115152660331813,5.043006894090968,0.0,8.693120005258764,7.866040584514048,442.01593309720215,449.1035225165034,0.0
3.766,3.854909781565529,-2.162924570172332,6.91994984831377,0.0,8.82718223929993,8.271371986275943,438.5597097675291,449.1035225165034,0.0
3.767,4.2270336156431405,-2.1786058465091958,8.753499640640031,0.0,8.989618611411817,8.79421387366052,435.9788936676686,449.1035225165034,0.0
3.7680000000000002,4.738433057032988,-2.17627316289603,10.0,0.0,9.187682127090158,9.34726205091205,435.22347006970864,449.1035225165034,0.0
3.769,5.377672127194498,-2.1465235506757554,10.0,0.0,9.417994978417724,9.787144455108795,437.3319649551352,449.1035225165034,0.0
3.77,6.075208753506359,-2.0571326912365118,9.737868091367275,0.0,9.659729286616088,10.106898755876333,442.8534385803077,449.1035225165034,0.0
3.771,6.774256385106655,-1.8965702652688718,7.039632118143002,0.0,9.892497635809324,10.0547465462057,445.51154900045077,449.1035225165034,0.0
3.7720000000000002,7.319674889281072,-1.6245445414097464,5.746496643231984,0.0,10.068456723751344,9.862818290770296,435.8847524033018,449.1035225165034,0.0
3.773,7.7040165013003055,-1.2617592921423033,10.0,0.0,10.170440957174794,10.151672101385861,453.48968236255456,449.1035225165034,0.0
3.774,8.040189185852624,-1.1959847933246313,1.8319144119928232,0.0,10.287504805940188,9.447678926853179,468.89959161146106,449.1035225165034,0.0
3.775,7.921381478305102,-1.1283925973361189,-6.071000903410004,0.0,10.315685555805214,8.054582200511813,476.2761658488095,449.1035225165034,0.0
3.7760000000000002,7.1698844054520094,-0.9267736412356229,-10.0,0.0,10.180236394838433,6.531929075258585,470.3145476589791,449.1035225165034,0.0
3.777,5.920522498769955,-0.5843787204946385,-7.2616953228087,0.0,9.8704195857225,5.618414690897439,459.26596552531464,449.1035225165034,0.0
3.778,4.594752930111084,-0.25960737655063837,-1.8390286860645793,0.0,9.46793212045562,5.467721380816409,450.22584642869157,449.1035225165034,0.0
3.779,3.5663087060029013,-0.10369404558871476,2.669807623125076,0.0,9.076721317740947,5.833465151825523,446.88213743002564,449.1035225165034,0.0
3.7800000000000002,2.988236649461526,-0.18138468999898327,4.36387597332282,0.0,8.77131107659341,6.318076104870589,447.93532289997916,449.1035225165034,0.0
3.781,2.790789322018613,-0.445293522250782,3.848965234511303,0.0,8.573156019968721,6.666042559178454,450.53546070778606,449.1035225165034,0.0
3.782,2.8054930597321825,-0.7962784457377454,2.534576948695025,0.0,8.465582367698342,6.816371373918464,451.97089735421514,449.1035225165034,0.0
3.783,2.881922083149245,-1.14062251071587,1.788184877103367,0.0,8.418166960041722,6.8636905417417795,451.2809654129275,449.1035225165034,0.0
3.7840000000000003,2.9526163679947235,-1.4288552644622277,2.111376418782938,0.0,8.408487172195413,6.937539161218936,449.1533050307621,449.1035225165034,0.0
3.785,3.0264112524339852,-1.6556994593773848,3.174708784723052,0.0,8.429230758984657,7.109359090360501,446.443648570726,449.1035225165034,0.0
3.786,3.142738173576508,-1.8358639016250646,4.556135754198884,0.0,8.482631626707224,7.395337015768488,444.12625099915533,449.1035225165034,0.0
3.787,3.340040264584159,-1.9840137426473001,5.7646072551576975,0.0,8.573785038288303,7.756634870019226,441.9449462802322,449.1035225165034,0.0
3.7880000000000003,3.632307971326964,-2.101706508544022,6.926845376981967,0.0,8.703417599974763,8.176503331562447,439.9877989504911,449.1035225165034,0.0
3.789,4.025336130882332,-2.185538276338532,7.9965762775126565,0.0,8.870118318445328,8.633085800476465,437.93808038869827,449.1035225165034,0.0
3.79,4.51678329955625,-2.2281143268468266,9.133089979687115,0.0,9.06965225983821,9.124870385621445,436.6488975814261,449.1035225165034,0.0
3.791,5.10626535817267,-2.225814660627973,9.90222763267396,0.0,9.297732541817144,9.600741356436957,437.34262544140586,449.1035225165034,0.0
3.7920000000000003,5.773369486456078,-2.168599125685266,9.67297267343507,0.0,9.54432118049822,9.951437202797647,440.68869410922986,449.1035225165034,0.0
3.793,6.456573694132514,-2.0342510147090183,8.084086623595804,0.0,9.787114403089303,10.050755990938876,445.25219092278644,449.1035225165034,0.0
3.794,7.051969849993917,-1.799272529773023,5.840851532754682,0.0,9.991056030002204,9.87489368796297,442.64131545058495,449.1035225165034,0.0
3.795,7.47012757574108,-1.4594980749527582,7.21091133951461,0.0,10.121991858745352,9.870107319354375,454.6798650127972,449.1035225165034,0.0
3.7960000000000003,7.833329833037226,-1.1207326897685315,1.1358731334455374,0.0,10.205489019931267,9.161167698700652,467.6022229280425,449.1035225165034,0.0
3.797,7.660052326341011,-0.9763074830464737,-5.510292828292504,0.0,10.19724338404563,7.883836430809942,463.49669989064347,449.1035225165034,0.0
3.798,6.942175457912657,-0.7245565006911654,-3.6014630833343784,0.0,10.035840828967626,7.087080338142675,457.7658013173575,449.1035225165034,0.0
3.799,6.0483062920351545,-0.4922582878628301,-0.822636584699934,0.0,9.78786762654313,6.731589056196781,455.47962513748297,449.1035225165034,0.0
3.8000000000000003,5.223172351012809,-0.37673458052555353,0.2566904790275357,0.0,9.518757990487677,6.559613336080384,455.96946957288736,449.1035225165034,0.0
3.801,4.536281387731808,-0.38121133928463913,-0.05689120923850011,0.0,9.261009426563003,6.399943634574233,456.72270770513705,449.1035225165034,0.0
3.802,3.961199527330888,-0.46460587851184054,-0.5097021272496822,0.0,9.022197380607583,6.24018275773895,455.89147670331675,449.1035225165034,0.0
3.803,3.4724693328111798,-0.5871421690883114,-0.16196616820766607,0.0,8.803935498135317,6.163305331459548,453.202667437499,449.1035225165034,0.0
3.8040000000000003,3.0849581622591447,-0.7374907022807465,1.141447015491269,0.0,8.615125037027738,6.249926476992845,449.70140152969674,449.1035225165034,0.0
3.805,2.8408761058500396,-0.9276615080763001,2.886101179260453,0.0,8.473273039889833,6.510856202539159,447.17162286472126,449.1035225165034,0.0
3.806,2.7721828332103007,-1.170002887232828,4.1703095082660155,0.0,8.396455058669615,6.86043956979625,446.9065537432655,449.1035225165034,0.0
3.807,2.864255714868273,-1.4502473046946371,4.324813756726285,0.0,8.390680684426359,7.160721236537411,447.0509643383573,449.1035225165034,0.0
3.8080000000000003,3.0492952358487866,-1.719957108935346,4.273134040961839,0.0,8.442377548573408,7.4037338694701615,446.77178849647544,449.1035225165034,0.0
3.809,3.2770585854850744,-1.9392958669489526,4.436039302103045,0.0,8.534636154938113,7.622847728157329,445.02203232612146,449.1035225165034,0.0
3.81,3.5281756351254825,-2.0878508766504984,5.351732289183852,0.0,8.653727950022102,7.90302799561565,442.62774672544396,449.1035225165034,0.0
3.811,3.8270088700646463,-2.1738260933735782,6.6136328474332,0.0,8.796900316086044,8.266391062026251,439.79306140027364,449.1035225165034,0.0
3.8120000000000003,4.203758663125674,-2.210181910848939,8.124080121180654,0.0,8.96523113993971,8.722811108044594,437.0740521548001,449.1035225165034,0.0
3.813,4.687340850760938,-2.2097484805323053,9.603879447534466,0.0,9.161959650500265,9.24866914229864,435.80744965258594,449.1035225165034,0.0
3.814,5.291078893649107,-2.177574988634969,10.0,0.0,9.388066363624626,9.708814128849665,437.1816422973094,449.1035225165034,0.0
3.815,5.968128679897873,-2.092002553933196,9.794861078565312,0.0,9.628485671193431,10.05059070511707,441.952439822075,449.1035225165034,0.0
3.8160000000000003,6.659728320437596,-1.937344392853063,7.480973143126789,0.0,9.8628840322603,10.060449808233848,445.5505077128744,449.1035225165034,0.0
3.817,7.225330236896057,-1.6783496464197194,5.717469345763394,0.0,10.047885627035292,9.866616084385,439.14867196927275,449.1035225165034,0.0
3.818,7.620657955361644,-1.3225087057376363,9.017935723036512,0.0,10.158451133937206,10.053522202005595,463.8807670173925,449.1035225165034,0.0
3.819,7.95015079098084,-1.1900292806339774,-3.495884246032244,0.0,10.2656363745564,8.790978463450568,460.2544631853868,449.1035225165034,0.0
3.8200000000000003,7.5721820530770625,-0.9832809648213048,-1.7942417367182264,0.0,10.214431196769823,8.0225979880538,460.7216632607355,449.1035225165034,0.0
3.821,6.925857555159805,-0.7864872888471148,-2.1440231818349114,0.0,10.07192866802319,7.337758665753937,463.6174551969348,449.1035225165034,0.0
3.822,6.120211290727925,-0.6300064584209033,-3.737058476738884,0.0,9.859947505334096,6.617574798929462,463.45671210585397,449.1035225165034,0.0
3.823,5.192160855374004,-0.4940671366173892,-3.8002188270919595,0.0,9.583757555137336,6.0512230021733355,459.89300595923356,449.1035225165034,0.0
3.8240000000000003,4.257918764129859,-0.39016263806462637,-2.126260588209059,0.0,9.268481318661872,5.792140525537115,455.00447013600353,449.1035225165034,0.0
3.825,3.4657861341019256,-0.36164893879737425,0.25899784721095465,0.0,8.956726996236458,5.850869686814969,450.65132916028756,449.1035225165034,0.0
3.826,2.922846084217458,-0.44493649574525285,2.4200902686310997,0.0,8.691467790438313,6.138220160911529,447.9364811545858,449.1035225165034,0.0
3.827,2.661021683350305,-0.6483413123586231,3.7891846851011524,0.0,8.503011206887635,6.522670412212666,447.29508447207667,449.1035225165034,0.0
3.8280000000000003,2.6407468131875946,-0.9459419721045996,4.127967406799989,0.0,8.402547331228053,6.8730171269600175,448.40975186688934,449.1035225165034,0.0
3.829,2.7745572007083457,-1.2826563901142345,3.577571415889795,0.0,8.381227093992772,7.099429505120658,448.9918946729318,449.1035225165034,0.0
3.83,2.9620851089304385,-1.590923834208371,3.2876162913042903,0.0,8.415222392967339,7.255387551917177,448.4270999424537,449.1035225165034,0.0
3.831,3.155969217647461,-1.8319910167493485,3.5767778822838228,0.0,8.484848682362667,7.414404677308455,446.47555980230555,449.1035225165034,0.0
3.8320000000000003,3.3563518199175326,-1.9963815279721973,4.578827579499878,0.0,8.579086339766695,7.65171332472157,443.4652577237553,449.1035225165034,0.0
3.833,3.5975024743396378,-2.0989964613500365,6.140361266702479,0.0,8.697274833730964,8.01194033579017,440.4980458043864,449.1035225165034,0.0
3.834,3.9266148197035955,-2.1619669270509783,7.710021993508117,0.0,8.845567781298993,8.471219986779118,437.858308229019,449.1035225165034,0.0
3.835,4.371020068684137,-2.1955989925217203,9.142342924066664,0.0,9.028029221753885,8.99566620858514,436.15698769329896,449.1035225165034,0.0
3.8360000000000003,4.938534714622448,-2.1999738846175556,10.0,0.0,9.244834057819725,9.507950462739718,436.10461698426997,449.1035225165034,0.0
3.837,5.604204492045341,-2.159355195401636,10.0,0.0,9.486675030959725,9.914561675268956,439.33578259648397,449.1035225165034,0.0
3.838,6.308683535060137,-2.051248124499334,8.75276430070172,0.0,9.733507437131559,10.096663939979063,444.78389532950615,449.1035225165034,0.0
3.839,6.954729961410712,-1.849605513628037,6.0719042060606,0.0,9.952767212670398,9.93879664894938,444.6007735006119,449.1035225165034,0.0
3.84,7.415823744991506,-1.5336250931806967,6.208492610666629,0.0,10.10157286141189,9.816215538099245,434.2494246526218,449.1035225165034,0.0
3.841,7.774192213308783,-1.1552027821548962,10.0,0.0,10.184773184185865,10.101663438309796,462.7215263312342,449.1035225165034,0.0
3.842,8.056259299444589,-1.1350149721105247,-2.870177024419013,0.0,10.289761828708864,8.885808339405493,479.63917992667723,449.1035225165034,0.0
3.843,7.6676878542731135,-1.0157334547346297,-10.0,0.0,10.24974701007823,7.192022387604425,475.43650806608053,449.1035225165034,0.0
3.844,6.600859554683447,-0.7064404993072364,-9.763667113514844,0.0,10.0115256682073,5.874373794892724,461.5033590152698,449.1035225165034,0.0
3.845,5.22782478297218,-0.3199427011918222,-2.92109095309713,0.0,9.62593977301387,5.55535351793854,450.0588546820016,449.1035225165034,0.0
3.846,4.08544678398,-0.08807988642316955,2.7916078918819807,0.0,9.225370508000966,5.901579022675984,446.07948756906916,449.1035225165034,0.0
3.847,3.4124400044938814,-0.1130256427679317,4.811531797822541,0.0,8.904543381308711,6.400796657395615,448.2828943839359,449.1035225165034,0.0
3.848,3.1494030179373276,-0.3532618916933472,3.7180346717148396,0.0,8.691897260575992,6.699729893769163,452.37497106345177,449.1035225165034,0.0
3.849,3.093578280636395,-0.6892141473934237,1.6392818464874281,0.0,8.56496146119165,6.7332877061556875,454.30846460147933,449.1035225165034,0.0
3.85,3.06799553279835,-1.0098456718788147,0.6204856566238881,0.0,8.485984968120793,6.661771959621582,452.7722562456148,449.1035225165034,0.0
3.851,3.013910843967404,-1.2685661029571489,1.3519024972650322,0.0,8.433007481877368,6.6858474410959845,449.3106176194598,449.1035225165034,0.0
3.852,2.975728208109918,-1.4806359797107036,3.0806508593129864,0.0,8.408475774537836,6.888725020273485,446.5882539117486,449.1035225165034,0.0
3.853,3.0225073366817563,-1.6786991295326752,4.466985399216119,0.0,8.426351243562888,7.198543456066668,444.7668677172994,449.1035225165034,0.0
3.854,3.1764500834513454,-1.8676943524643472,5.421045044432753,0.0,8.492229852289016,7.553784899898901,443.89647634666426,449.1035225165034,0.0
3.855,3.429958264559314,-2.03453898628497,5.908311191448725,0.0,8.60350770201671,7.897802267485933,442.3934582756814,449.1035225165034,0.0
3.856,3.756821542178253,-2.1546079886617147,6.726920869348383,0.0,8.74959864745357,8.270300207658831,440.3524302006467,449.1035225165034,0.0
3.857,4.156121709448321,-2.2221530816302426,7.83494583002428,0.0,8.924559562566806,8.693199711629958,437.9460158733035,449.1035225165034,0.0
3.858,4.6393919905179235,-2.2394123165348114,9.149728060127886,0.0,9.125537401475647,9.17568442317498,436.41802563495696,449.1035225165034,0.0
3.859,5.221201002461255,-2.2124236500505416,10.0,0.0,9.35152458198579,9.651234250038206,437.3082313598757,449.1035225165034,0.0
3.86,5.885313713519205,-2.1349938494975107,9.71261663426119,0.0,9.594220635735253,9.994478614539199,441.28084128251385,449.1035225165034,0.0
3.861,6.5655912063498585,-1.9851218655420568,7.804538485282022,0.0,9.831259900330299,10.05246398813392,445.5807649175126,449.1035225165034,0.0
3.862,7.142759441390251,-1.734424373830211,5.6898042437725405,0.0,10.024315771576564,9.858129034826291,440.8488393189578,449.1035225165034,0.0
3.863,7.5421650597729535,-1.383851693700036,8.138313875025409,0.0,10.142576540470237,9.95485363015526,472.03825396022603,449.1035225165034,0.0
3.864,7.884826418129856,-1.1502682055802618,-7.685740760045932,0.0,10.23649523511557,8.2549020434349,459.604802432205,449.1035225165034,0.0
3.865,7.289176884151091,-0.8453949594763079,-1.5740277951924435,0.0,10.119826679434096,7.633814519656937,449.87394105251553,449.1035225165034,0.0
3.866,6.567360950698601,-0.5915898452999186,3.2836987092921786,0.0,9.927846396844604,7.609844935873381,453.23533840861546,449.1035225165034,0.0
3.867,6.008390385185391,-0.5260077597485671,1.5616818723210941,0.0,9.747991205866827,7.385343767969497,460.683334141043,449.1035225165034,0.0
3.868,5.475989520462031,-0.5695945179214961,-2.2781141101380813,0.0,9.569121781450972,6.813124197521857,464.61621092745725,449.1035225165034,0.0
3.869,4.818726953409788,-0.6027870851462062,-4.399679387454732,0.0,9.354132657244927,6.152240294725674,462.29452237903786,449.1035225165034,0.0
3.87,4.04214680510238,-0.5865938003750186,-3.370745111870383,0.0,9.092440868182793,5.749195483519239,455.8428575057569,449.1035225165034,0.0
3.871,3.301291234845771,-0.5704656288366566,-0.21230602512244445,0.0,8.815001610884721,5.771153242558818,449.00331792312454,449.1035225165034,0.0
3.872,2.776298391474347,-0.636468406122844,3.2084658121275282,0.0,8.574923642437277,6.15821246826294,444.8915499682736,449.1035225165034,0.0
3.873,2.5653028063236625,-0.83537593818703,5.306469515035307,0.0,8.418779194159187,6.697090249432124,445.0826808488555,449.1035225165034,0.0
3.874,2.642485777828285,-1.1514691737120066,5.251112491420832,0.0,8.364918149412933,7.128796415312892,447.3232910518133,449.1035225165034,0.0
3.875,2.8775323449427366,-1.5030930187138796,4.1486097045888135,0.0,8.395131516324335,7.366140831148041,448.84136488752455,449.1035225165034,0.0
3.876,3.141036171105361,-1.8030666337809034,3.3921943630229916,0.0,8.475538847335468,7.483956527180147,448.308425292622,449.1035225165034,0.0
3.8770000000000002,3.373642766256099,-2.006149210659264,3.66661513271307,0.0,8.579026362154643,7.612830137586769,445.324929821042,449.1035225165034,0.0
3.878,3.5915584957758817,-2.1134227361325757,5.196148795457684,0.0,8.694821748565849,7.883024969343984,441.76457162583534,449.1035225165034,0.0
3.879,3.8637924492374593,-2.161821518656798,7.049717401967701,0.0,8.830308210334582,8.298610489069677,438.4100855969189,449.1035225165034,0.0
3.88,4.245970962649264,-2.1795442763595534,8.833894785621759,0.0,8.995270093421077,8.824592632195843,435.9606767063613,449.1035225165034,0.0
3.8810000000000002,4.7665054641363485,-2.1784546781653926,10.0,0.0,9.196036919133148,9.371465539033638,435.3019658811098,449.1035225165034,0.0
3.882,5.41029930976495,-2.14724463151087,10.0,0.0,9.427992143807739,9.806454807610812,437.5686207621787,449.1035225165034,0.0
3.883,6.109447912867886,-2.055167021500931,9.62254772892641,0.0,9.670434336238042,10.109152514094593,443.1021943813058,449.1035225165034,0.0
3.884,6.803512157898332,-1.887760779278814,6.915774200714815,0.0,9.901408169529358,10.042498522858164,445.830997663867,449.1035225165034,0.0
3.8850000000000002,7.3379292026655705,-1.6106404498378666,5.5840978079606,0.0,10.073810046551618,9.834345413679571,435.1078454742741,449.1035225165034,0.0
3.886,7.707387784387233,-1.2424652286968616,10.0,0.0,10.170428353922688,10.12801753463123,451.7158858411455,449.1035225165034,0.0
3.887,8.031699130546333,-1.1799097047072884,2.733774243033622,0.0,10.283552687224372,9.526560756777853,470.3819130578671,449.1035225165034,0.0
3.888,7.948581906811761,-1.1364810838104713,-6.812023270740816,0.0,10.321067316351801,8.031572629166845,478.85888542748535,449.1035225165034,0.0
3.8890000000000002,7.176278711091424,-0.9349512595174998,-10.0,0.0,10.183597675342124,6.518737491440808,472.4965341339705,449.1035225165034,0.0
3.89,5.916258359849655,-0.5933424344417619,-8.373856292383806,0.0,9.873029812145411,5.485073685196173,459.7225263201656,449.1035225165034,0.0
3.891,4.531581897541102,-0.2411549987303765,-2.093042423517993,0.0,9.454827824966413,5.3380617690969325,449.24516943664963,449.1035225165034,0.0
3.892,3.4636484263244336,-0.06452457041716242,3.1442195490385423,0.0,9.047837372138048,5.780847441393022,445.43503722186085,449.1035225165034,0.0
3.8930000000000002,2.892209507111716,-0.1442349426457854,5.085970509379358,0.0,8.73635897705041,6.352054433489824,446.9198363073621,449.1035225165034,0.0
3.894,2.7383815996506806,-0.43007165219462995,4.365407828720137,0.0,8.543794055009302,6.747520163020847,450.4016393721674,449.1035225165034,0.0
3.895,2.8055426145529005,-0.8086977825462978,2.611525127760866,0.0,8.448822705368604,6.889535366381875,452.5257802396908,449.1035225165034,0.0
3.896,2.916088756302968,-1.1708064097736215,1.515232116767288,0.0,8.413595698719567,6.8933100447995415,451.91194391975284,449.1035225165034,0.0
3.8970000000000002,2.9923387405058293,-1.4600200806829018,1.7940660627037666,0.0,8.410461278104945,6.927537182028674,449.37020332388164,449.1035225165034,0.0
3.898,3.052691068834158,-1.6762062207491588,3.062269552565586,0.0,8.431951351972897,7.088865951624779,446.2766055354866,449.1035225165034,0.0
3.899,3.154274575124073,-1.8447136039012626,4.637337616573262,0.0,8.483799246159734,7.386215641381686,443.8075830920399,449.1035225165034,0.0
3.9,3.3453490124382954,-1.9863438836979896,5.924808232541249,0.0,8.574091576849696,7.764883885656326,441.63649420153484,449.1035225165034,0.0
3.9010000000000002,3.6404728585135313,-2.1027242956815257,7.085022960943472,0.0,8.704607041418345,8.198910573841925,439.7927576097607,449.1035225165034,0.0
3.902,4.041736027517946,-2.1882228857686,8.099998905897964,0.0,8.873714669138435,8.66144363619707,437.89339374784447,449.1035225165034,0.0
3.903,4.54195689201666,-2.2325026261393934,9.161782124542675,0.0,9.076180625861944,9.15026888628527,436.70483249491866,449.1035225165034,0.0
3.904,5.136908397698321,-2.2297537609513123,9.880049651221427,0.0,9.306537339347534,9.61840734580522,437.4873051617589,449.1035225165034,0.0
3.9050000000000002,5.805012980457398,-2.1696990197566866,9.604975491348746,0.0,9.55409369455702,9.957784808822266,440.924287806591,449.1035225165034,0.0
3.906,6.48425947410522,-2.0307195988119924,7.968276516031828,0.0,9.796144971655297,10.042657946898755,445.3364279339996,449.1035225165034,0.0
3.907,7.0706092077401035,-1.7899887981357212,5.799877398152578,0.0,9.997387840986452,9.863385979900515,442.2536924680544,449.1035225165034,0.0
3.908,7.481007613829579,-1.4461031645784752,7.409743431609657,0.0,10.125159115000134,9.881654424060791,459.3271376563201,449.1035225165034,0.0
3.9090000000000003,7.843746905761023,-1.1184508094410324,-1.2292153139213493,0.0,10.20937720329893,8.908691690811866,466.498533675989,449.1035225165034,0.0
3.91,7.553600778639582,-0.932249854811151,-4.988863435350664,0.0,10.170671627985037,7.749818800718468,459.8254859058608,449.1035225165034,0.0
3.911,6.807774332382658,-0.6691266137607403,-1.759559184180128,0.0,9.99286777422395,7.174922038763123,455.35548200059065,449.1035225165034,0.0
3.912,5.992929923284388,-0.47464694563465515,0.41292317361405884,0.0,9.75659309856007,6.928589205011095,455.6768436276802,449.1035225165034,0.0
3.9130000000000003,5.2721441651509515,-0.4123410443843568,0.18650914895750415,0.0,9.514403754631104,6.707769810081416,457.86221474465617,449.1035225165034,0.0
3.914,4.637909296643021,-0.44540772131595463,-0.9937633318119952,0.0,9.278611799077048,6.419805565568268,458.6369907783983,449.1035225165034,0.0
3.915,4.0430069720074115,-0.5198123045253213,-1.4764860313020014,0.0,9.045456452010795,6.154858684839661,456.66914723697596,449.1035225165034,0.0
3.916,3.4929121374740797,-0.6093992473598215,-0.568220507795564,0.0,8.818232469458012,6.052388800610206,452.71861293654536,449.1035225165034,0.0
3.9170000000000003,3.04947397414936,-0.7277846309808993,1.370895738219319,0.0,8.615610419507528,6.1849408879953796,448.5757911687896,449.1035225165034,0.0
3.918,2.784904845321176,-0.90481107347341,3.447583935574346,0.0,8.464794838128581,6.5176883234337435,446.28723598718517,449.1035225165034,0.0
3.919,2.732581225228473,-1.155089333525694,4.620024391669732,0.0,8.38809590261219,6.913390932309236,446.5698607678366,449.1035225165034,0.0
3.92,2.856489605101501,-1.452661917160881,4.504048618830692,0.0,8.388867323134335,7.223218489185329,447.38282686543073,449.1035225165034,0.0
3.9210000000000003,3.0689819271555017,-1.7365021778032586,4.114772526544348,0.0,8.448791060126183,7.438344748375709,447.302911487343,449.1035225165034,0.0
3.922,3.3049542384844393,-1.9580224663174888,4.172736325879812,0.0,8.545763878468028,7.624387503170361,445.7983728766307,449.1035225165034,0.0
3.923,3.5482619899328087,-2.0984911608906125,4.95805712763469,0.0,8.664880043973051,7.862924784973378,442.67476272101675,449.1035225165034,0.0
3.924,3.82433448211832,-2.1675835243158077,6.584149803396537,0.0,8.80213379413892,8.232602044836932,439.3975561734524,449.1035225165034,0.0
3.9250000000000003,4.1876491999673915,-2.1931653817985994,8.319812740609212,0.0,8.964752975963409,8.71649505602495,436.56529220454155,449.1035225165034,0.0
3.926,4.673806122006193,-2.191633286972086,9.861327028184263,0.0,9.159075191718504,9.270626512291962,435.4796889763203,449.1035225165034,0.0
3.927,5.292294568413961,-2.16525386552206,10.0,0.0,9.386491916113554,9.725443768647299,437.0278309789425,449.1035225165034,0.0
3.928,5.978680221522876,-2.0827814274972534,9.876245552207285,0.0,9.627840519736411,10.073203715453351,442.0560572309795,449.1035225165034,0.0
3.9290000000000003,6.680125443182572,-1.9318380484525761,7.432607079044038,0.0,9.864051210362915,10.072464722519575,445.65137358432395,449.1035225165034,0.0
3.93,7.248513599616725,-1.6737989414479255,5.669470391693603,0.0,10.049692064653325,9.87040380207375,438.7550374989079,449.1035225165034,0.0
3.931,7.6425591624091025,-1.3172160700450788,9.221123284577592,0.0,10.15991901668585,10.077765113849471,461.59920808222404,449.1035225165034,0.0
3.932,7.973366169428923,-1.1993391563434037,-2.3259188627376925,0.0,10.270458772899532,8.937273509373098,461.2069004133861,449.1035225165034,0.0
3.9330000000000003,7.653805181387151,-1.019389388374334,-2.2507988072875547,0.0,10.23727968770463,8.084078447293187,463.60792806206575,449.1035225165034,0.0
3.934,7.007364350646311,-0.8303696007941315,-3.596356687083001,0.0,10.1031063258671,7.232035297070857,465.49487304246423,449.1035225165034,0.0
3.935,6.127576386032773,-0.643023692412404,-4.703742682541851,0.0,9.878428133144899,6.433734512784565,463.3683944610095,449.1035225165034,0.0
3.936,5.112121432861466,-0.4658555361096095,-3.78315211125953,0.0,9.578772643156801,5.908036975653037,458.4573209627837,449.1035225165034,0.0
3.9370000000000003,4.134116527155453,-0.3393921562239809,-1.4211533466094375,0.0,9.244373658229962,5.752983591730484,453.1354893839097,449.1035225165034,0.0
3.938,3.358079371473897,-0.317100484811973,1.1994427741534839,0.0,8.92672178334709,5.920225271412834,449.75229240512846,449.1035225165034,0.0
3.939,2.874649141301073,-0.4318609439755742,2.8845535646578617,0.0,8.670405831142858,6.243550775148711,448.19841883003903,449.1035225165034,0.0
3.94,2.6719003771931424,-0.667350376940685,3.670541389067218,0.0,8.496810257567166,6.595987747820706,448.2126018647064,449.1035225165034,0.0
3.9410000000000003,2.6804142142813108,-0.9801431037012688,3.6723590782514965,0.0,8.407870244230251,6.88519752371333,449.1748432554029,449.1035225165034,0.0
3.942,2.8084880794433285,-1.3115254812402204,3.190525175514263,0.0,8.390069344077968,7.069569427693126,449.20448057380355,449.1035225165034,0.0
3.943,2.9736263967625733,-1.6038254875801192,3.174696935740932,0.0,8.421324901260897,7.219916807658519,448.1079605434149,449.1035225165034,0.0
3.944,3.148760727509713,-1.830687444431696,3.7329125706661475,0.0,8.486521455912346,7.402303614376182,446.0355379857539,449.1035225165034,0.0
3.9450000000000003,3.3454086231690914,-1.9900601282903267,4.799803694804149,0.0,8.578699411426346,7.66486733797809,443.1144258403988,449.1035225165034,0.0
3.946,3.595075306668642,-2.0944191549653914,6.3202507342427445,0.0,8.697801709844812,8.041475891639715,440.31864657263156,449.1035225165034,0.0
3.947,3.9378016985012874,-2.16192279010615,7.80598912756507,0.0,8.849036443386325,8.5053573363815,437.8150011009947,449.1035225165034,0.0
3.948,4.39457099377457,-2.1989826407147803,9.170697077538579,0.0,9.034937395263407,9.026417242005387,436.23612061195416,449.1035225165034,0.0
3.9490000000000003,4.9701010974360464,-2.2040070111828167,10.0,0.0,9.254536324760565,9.532796875775583,436.290954680471,449.1035225165034,0.0
3.95,5.639520288921551,-2.1615293760139234,10.0,0.0,9.498090541111768,9.93432459986707,439.6979578371667,449.1035225165034,0.0
3.951,6.344816880785198,-2.0504698649811086,8.574542951661996,0.0,9.745650338375086,10.092366264677205,445.067411073158,449.1035225165034,0.0
3.952,6.981110035541835,-1.8421701987829446,5.930177448099814,0.0,9.96245595422161,9.9197948267196,444.3274753179382,449.1035225165034,0.0
3.9530000000000003,7.428940927039434,-1.5192355524572818,6.347905797695361,0.0,10.106884050253878,9.815656401116374,437.73073766476824,449.1035225165034,0.0
3.954,7.784698174353691,-1.142752255473467,9.760002472797689,0.0,10.188271677917639,10.072872990152407,466.9818663157007,449.1035225165034,0.0
3.955,8.04556726479202,-1.1301855942168246,-5.044345290660512,0.0,10.289624701950231,8.62476943484471,478.8631702387185,449.1035225165034,0.0
3.956,7.542405084543581,-0.9679731396318232,-10.0,0.0,10.218314364657012,6.992489527809992,471.47661730077135,449.1035225165034,0.0
3.9570000000000003,6.425142171019544,-0.6340277056958508,-7.787396333672838,0.0,9.955795197202537,5.927116826823969,458.354861251045,449.1035225165034,0.0
3.958,5.127782515331577,-0.2842281182654327,-1.3190316961550823,0.0,9.57785217611692,5.762960485645216,449.4081528767771,449.1035225165034,0.0
3.959,4.108799556326883,-0.11400134650930771,3.151276187376145,0.0,9.20606087400312,6.103590226222671,447.5822285067052,449.1035225165034,0.0
3.96,3.5211158491102044,-0.18383727229628932,4.079451312510079,0.0,8.914895895712572,6.484829425664211,450.44372086206545,449.1035225165034,0.0
3.9610000000000003,3.2660167008367864,-0.42915351189815976,2.6353031513743232,0.0,8.71725776229357,6.652874227594175,453.7003878104848,449.1035225165034,0.0
3.962,3.1571397357377515,-0.735898420510283,0.961001024224827,0.0,8.587476699960781,6.624044458292318,454.2139554591713,449.1035225165034,0.0
3.963,3.0650911727580072,-1.0178736071191286,0.653112870454903,0.0,8.495740588371934,6.577031456320952,451.7396657370058,449.1035225165034,0.0
3.964,2.972995340110065,-1.2529604434466741,1.8638962993326338,0.0,8.431516587874778,6.671021258063561,448.3199465508576,449.1035225165034,0.0
3.9650000000000003,2.937182703499485,-1.4646997928174277,3.581591652063192,0.0,8.404054427669106,6.929046765794466,446.1674257450438,449.1035225165034,0.0
3.966,3.0095029828916835,-1.6760192978242925,4.687213022684698,0.0,8.42626878631414,7.254651546873526,444.9532549023307,449.1035225165034,0.0
3.967,3.1891521051714715,-1.8778071631956763,5.335801120182969,0.0,8.498905657343359,7.59116756207092,443.86690085293003,449.1035225165034,0.0
3.968,3.4539561159121055,-2.04784154957333,5.931344361519031,0.0,8.614616346637225,7.932987588464812,442.601234242592,449.1035225165034,0.0
3.969,3.7878513933898827,-2.1686592334135497,6.62920054942716,0.0,8.764527570999743,8.288924988990086,440.54331160855173,449.1035225165034,0.0
3.97,4.18552411778016,-2.231235836055299,7.74376397552681,0.0,8.940716662430724,8.69947813998281,438.01877519880935,449.1035225165034,0.0
3.971,4.662736820610238,-2.2407985914564574,9.11687965357494,0.0,9.140768296885591,9.177975305276252,436.39456371131297,449.1035225165034,0.0
3.972,5.238968701848563,-2.2065764767448313,10.0,0.0,9.364804424252021,9.653426618904195,437.2904864991763,449.1035225165034,0.0
3.973,5.8996383089619435,-2.1236925193475047,9.72512245190913,0.0,9.605207056078019,9.997757342181654,441.36167294179864,449.1035225165034,0.0
3.974,6.5785044793857,-1.9705703989289813,7.766947726345016,0.0,9.839987903377093,10.050976229307345,445.5803311205099,449.1035225165034,0.0
3.975,7.153127707073788,-1.717582156216284,5.692850550949311,0.0,10.030315069164619,9.857362477071034,440.39875573806023,449.1035225165034,0.0
3.976,7.551727861259908,-1.3664171196344703,8.37068590995859,0.0,10.14614987155289,9.97934589319849,471.02497995799126,449.1035225165034,0.0
3.977,7.892928745200309,-1.158808672894148,-7.161640774421805,0.0,10.243274256539463,8.331834063388511,459.0492044462495,449.1035225165034,0.0
3.978,7.32926860065232,-0.8664292488489086,-1.2732098378483938,0.0,10.135849367868804,7.727251149664752,451.51431887981636,449.1035225165034,0.0
3.979,6.634262251494899,-0.628523427580265,2.4701249817350575,0.0,9.955462830593737,7.59608065619658,455.41419627115823,449.1035225165034,0.0
3.98,6.044885840339327,-0.5541376611287517,0.45707954851757204,0.0,9.77419452160238,7.259001554233503,461.75525913892926,449.1035225165034,0.0
3.981,5.440542331175036,-0.5664748529243675,-2.8399692515922013,0.0,9.579446082075886,6.655542639784209,464.0929577841332,449.1035225165034,0.0
3.982,4.718705817248652,-0.5682309620284478,-4.158712926870471,0.0,9.343896395140607,6.054222037987946,460.978787909946,449.1035225165034,0.0
3.983,3.9231860338493623,-0.5415480252365337,-2.7203806437112905,0.0,9.068816932581072,5.741171326612731,454.66424938799867,449.1035225165034,0.0
3.984,3.209615629874897,-0.5384662935977343,0.3812813485474198,0.0,8.789868184027627,5.8292547830391515,448.5352215194788,449.1035225165034,0.0
3.985,2.734274090571581,-0.6299743864143772,3.451478292777601,0.0,8.557719363498379,6.2324919281939355,445.1650902371563,449.1035225165034,0.0
3.986,2.566749370899199,-0.8513300861495487,5.175928256732331,0.0,8.41254318558024,6.744852307143962,445.72731331555224,449.1035225165034,0.0
3.987,2.664090906240828,-1.1764316346874442,4.928578809543863,0.0,8.36666827669074,7.1346232754925945,447.751129335734,449.1035225165034,0.0
3.988,2.8957796228917,-1.5227476771525308,3.9301947312606798,0.0,8.399201704710826,7.348968558499966,448.8880079530215,449.1035225165034,0.0
3.989,3.1470570886483618,-1.8115285021584286,3.363910568251752,0.0,8.478219048555646,7.467501604793736,448.02598036023755,449.1035225165034,0.0
3.99,3.3712266006402607,-2.0054104818845437,3.805699786206377,0.0,8.579627172165168,7.614196864786164,444.8971701675964,449.1035225165034,0.0
3.991,3.5908592821666865,-2.1094805265627397,5.412168406016017,0.0,8.695072894530325,7.906739167291831,441.43451768466,449.1035225165034,0.0
3.992,3.8741882563520327,-2.160194700252428,7.220184695802646,0.0,8.832766133568617,8.335419057116756,438.23969276716787,449.1035225165034,0.0
3.993,4.270511925234786,-2.1816920826757875,8.926235452042079,0.0,9.00141560801524,8.863823388316236,435.9719498989227,449.1035225165034,0.0
3.994,4.8029116418176585,-2.182693685398751,10.0,0.0,9.205935770612447,9.402705094418124,435.4474550052057,449.1035225165034,0.0
3.995,5.452508283573776,-2.149960778172236,10.0,0.0,9.44028145173797,9.831281367262614,437.9185690061991,449.1035225165034,0.0
3.996,6.153516555152874,-2.054637326878477,9.450966771030174,0.0,9.683891941465347,10.109425982292391,443.4917734387178,449.1035225165034,0.0
3.997,6.838383490038098,-1.880216261254297,6.7204820455486765,0.0,9.91272276101724,10.020928917157075,445.62537488237274,449.1035225165034,0.0
3.998,7.356880246217431,-1.594502507956269,5.688462800062521,0.0,10.080136489893869,9.82776139691095,433.97598384358224,449.1035225165034,0.0
3.999,7.722302119354793,-1.2233415962222138,10.0,0.0,10.173521531100459,10.120229847541761,450.6534976190368,449.1035225165034,0.0
4.0,8.036354437256865,-1.1699904805015735,3.276888393310637,0.0,10.284657899637537,9.579240772257094,472.40535636665174,449.1035225165034,0.0
4.001,7.973225349284976,-1.144125270827959,-7.8320593189983265,0.0,10.328270061885554,7.958795831923437,480.6928842705282,449.1035225165034,0.0
4.002,7.159200495223868,-0.9316213820067112,-10.0,0.0,10.182359738201804,6.466284047127858,473.86285320737784,449.1035225165034,0.0
4.003,5.8775918615131,-0.5862936087696478,-9.07846032604083,0.0,9.865928252239003,5.364317880556559,459.7506182936692,449.1035225165034,0.0
4.0040000000000004,4.44914720177983,-0.21487984447383557,-2.128813826958179,0.0,9.433541061875184,5.240463726439162,448.26950408492166,449.1035225165034,0.0
4.005,3.3614749342054773,-0.028094670793688548,3.620083461731417,0.0,9.015174943674149,5.753998008297998,443.95660935230654,449.1035225165034,0.0
4.006,2.8086969960497785,-0.11527665736003379,5.8279999596809455,0.0,8.701456735738201,6.409652942559783,446.122551021417,449.1035225165034,0.0
4.007,2.7052903712392617,-0.42737492801022,4.774838840076583,0.0,8.51813483192788,6.836290623813415,450.5188942934171,449.1035225165034,0.0
4.008,2.822374165538847,-0.8326050667515827,2.562513486307406,0.0,8.437263219179007,6.955194885221031,453.2285943593179,449.1035225165034,0.0
4.009,2.958512556619264,-1.2077268469486657,1.1664127349288371,0.0,8.413580288280047,6.908869345023194,452.4824212539628,449.1035225165034,0.0
4.01,3.031293942953403,-1.4922951224802432,1.5057103002318062,0.0,8.415184388957702,6.909447236866411,449.4347315683117,449.1035225165034,0.0
4.011,3.0741780769992944,-1.6949408936218726,3.0262430525392774,0.0,8.436131220822176,7.070003935812154,445.9438697871323,449.1035225165034,0.0
4.0120000000000005,3.162254551772514,-1.8520033342782871,4.803270470422676,0.0,8.486289450155567,7.387607765609274,443.4311416862719,449.1035225165034,0.0
4.013,3.3518545204390726,-1.989274296778562,6.116358329155184,0.0,8.576721421003798,7.785161193836174,441.3762178852251,449.1035225165034,0.0
4.014,3.654062466990972,-2.1059807542652473,7.221093275991373,0.0,8.709330538288427,8.229045567455818,439.66621825805885,449.1035225165034,0.0
4.015,4.06497487833573,-2.1929187127019265,8.170466132158953,0.0,8.881463292059724,8.69300779436963,437.89243829106783,449.1035225165034,0.0
4.016,4.57322633613372,-2.237350964538112,9.169466957908817,0.0,9.08679716126289,9.176384899995666,436.7710375606175,449.1035225165034,0.0
4.017,5.172210305193907,-2.232247158273389,9.853492172692835,0.0,9.318929612900854,9.63640472532952,437.6350643280992,449.1035225165034,0.0
4.018,5.840279812309263,-2.167833601976917,9.53616337083604,0.0,9.566816348778453,9.964391586849612,441.176184061034,449.1035225165034,0.0
4.019,6.514960964993566,-2.0232192432726475,7.844876888923324,0.0,9.807449653325788,10.033965979089501,445.41595332785425,449.1035225165034,0.0
4.0200000000000005,7.091586567408523,-1.7761341326153772,5.761867947399692,0.0,10.005243848057123,9.851746139072858,441.75903937558525,449.1035225165034,0.0
4.021,7.494124782256075,-1.428051682200337,7.663769754943377,0.0,10.12921842087458,9.899054043166975,463.61108386908467,449.1035225165034,0.0
4.022,7.85350221459071,-1.122138291580912,-3.4073281053321445,0.0,10.215356678355716,8.681682696019347,464.8779765315463,449.1035225165034,0.0
4.023,7.458184267801793,-0.8971967037004105,-4.198518976713403,0.0,10.149459534613316,7.665421040555541,456.318997508193,449.1035225165034,0.0
4.024,6.702736648598647,-0.6298795937238477,0.00881578504637437,0.0,9.961370473480157,7.294060627415721,453.8158663537838,449.1035225165034,0.0
4.025,5.970682930660262,-0.4757146820056395,1.2132579238781576,0.0,9.740669307957095,7.104414069911657,456.6574799525277,449.1035225165034,0.0
4.026,5.333215896149559,-0.4572309332752136,-0.28308844985403026,0.0,9.52258203999277,6.797820365723625,459.9984238815994,449.1035225165034,0.0
4.027,4.719810393879362,-0.5040301633955395,-2.0625094280408542,0.0,9.300976881206612,6.380404396199353,460.2192514307857,449.1035225165034,0.0
4.0280000000000005,4.0821604931499165,-0.557692585446611,-2.2840804917768036,0.0,9.06522551547106,6.0399983345773425,456.9466872615966,449.1035225165034,0.0
4.029,3.4678033796917567,-0.6124666885496826,-0.7262300546331946,0.0,8.824497207267683,5.944839784740236,451.82517086588393,449.1035225165034,0.0
4.03,2.9814530715503587,-0.7052871954318298,1.8073116597293302,0.0,8.607988389626943,6.145590306035917,447.33993093687,449.1035225165034,0.0
4.031,2.715905668733578,-0.8794576753951816,4.067567540032622,0.0,8.45143605360699,6.552254334356122,445.5738792003708,449.1035225165034,0.0
4.032,2.6952405788204246,-1.1456666998626777,4.9858898414435515,0.0,8.378746641912848,6.980627306456764,446.5173751552355,449.1035225165034,0.0
4.033,2.8564707179785036,-1.4626404762307237,4.540003337623872,0.0,8.388368493753992,7.282721335537131,447.81937347303824,449.1035225165034,0.0
4.034,3.0931019527069363,-1.757354941732954,3.9018456691571677,0.0,8.456486416760622,7.4654125339718895,447.7788640652881,449.1035225165034,0.0
4.035,3.332989228433071,-1.9771155965426987,3.935346957544403,0.0,8.557288194684114,7.6226918352885065,445.9058089131551,449.1035225165034,0.0
4.0360000000000005,3.5672217100047736,-2.1074896870458937,4.903851669644368,0.0,8.675881268354177,7.857157189497309,442.5336989890243,449.1035225165034,0.0
4.037,3.835235947482887,-2.167001354976696,6.6556048669845715,0.0,8.811304112645468,8.235903878931786,439.11545233996435,449.1035225165034,0.0
4.038,4.197063223822916,-2.186883192732806,8.46460889327993,0.0,8.97265122692494,8.734670236748407,436.3069540892845,449.1035225165034,0.0
4.039,4.68919750881256,-2.1839577091978626,9.996823702892051,0.0,9.167219643991725,9.299631760420233,435.3714321949682,449.1035225165034,0.0
4.04,5.317563358501708,-2.1582923861834646,10.0,0.0,9.396033441022775,9.748382317401399,437.11704263944114,449.1035225165034,0.0
4.041,6.009426964655844,-2.0745790108014472,9.83692701873439,0.0,9.637889095986964,10.087348069297192,442.33840239132536,449.1035225165034,0.0
4.042,6.711611867625762,-1.9212143443770948,7.2938983440440595,0.0,9.873422781091453,10.0681786838314,445.64631321028344,449.1035225165034,0.0
4.043,7.272855664286453,-1.6587717555009696,5.674515027627219,0.0,10.056151121026783,9.867062758760706,437.83106048184385,449.1035225165034,0.0
4.0440000000000005,7.662959883906562,-1.2997240317498657,9.694866012193609,0.0,10.163624210737652,10.125464675465482,457.57247090556064,449.1035225165034,0.0
4.045,8.002369163239305,-1.209009573773425,-0.26052868355535574,0.0,10.279802070008012,9.200042804562417,462.8249468882854,449.1035225165034,0.0
4.046,7.7902058297411925,-1.0782670401801338,-3.0239809186355635,0.0,10.278345422145533,8.201087167253478,468.95598590714224,449.1035225165034,0.0
4.047,7.1500212482247445,-0.9030810880992185,-6.288025061970364,0.0,10.15917584594544,7.0387697661049895,469.0686053989443,449.1035225165034,0.0
4.048,6.136224851477254,-0.6606377809271673,-6.54398563669582,0.0,9.91077458298239,6.09036768349195,463.2382172366173,449.1035225165034,0.0
4.049,4.959470203983721,-0.40723034534473235,-3.7701385027334386,0.0,9.566922853211999,5.638953520583835,455.77463218223363,449.1035225165034,0.0
4.05,3.900603371424424,-0.2391806293278571,-0.10505707219891214,0.0,9.196363485721797,5.678423892115255,450.0749449072316,449.1035225165034,0.0
4.051,3.154829650209519,-0.23058326432029186,2.7350723413948157,0.0,8.867541879143095,6.024101151942528,448.0646576659689,449.1035225165034,0.0
4.0520000000000005,2.7736529938552135,-0.39838824500586545,3.7506046105315045,0.0,8.624714680730484,6.420107475585123,448.4395386915423,449.1035225165034,0.0
4.053,2.6774758956965363,-0.6911081553090368,3.5698039359944365,0.0,8.476291974849879,6.728954764365664,449.65789403655464,449.1035225165034,0.0
4.054,2.744248579472191,-1.034617800489083,2.9550825482877467,0.0,8.408455130302169,6.917956941580816,450.4735680182574,449.1035225165034,0.0
4.055,2.870944865627072,-1.3616827153053657,2.533545102418813,0.0,8.398844232108733,7.0277844468118875,449.6759457891617,449.1035225165034,0.0
4.056,3.0026601506705886,-1.6296670674836444,2.9266319842400987,0.0,8.427384803849193,7.1599013246663,447.6502448880507,449.1035225165034,0.0
4.057,3.145351026395545,-1.8324065378957706,3.95401521108013,0.0,8.485904504424601,7.376363014564198,445.24270549184655,449.1035225165034,0.0
4.058,3.3327070946880553,-1.9816943836797571,5.196393079428763,0.0,8.574612672264378,7.684235980024873,442.45286372190094,449.1035225165034,0.0
4.059,3.595142638067694,-2.0889524466181144,6.657820552347593,0.0,8.695542828331623,8.091531359972205,440.0053796712666,449.1035225165034,0.0
4.0600000000000005,3.9606389665514725,-2.1649169889483577,7.9725440061171255,0.0,8.85239302581382,8.562615282017568,437.76201520493447,449.1035225165034,0.0
4.061,4.437605185319867,-2.208263735757656,9.207641312398884,0.0,9.04467509247805,9.076177979980228,436.4071983711406,449.1035225165034,0.0
4.062,5.0251435018360375,-2.21435501655926,10.0,0.0,9.269321795692214,9.572561544757258,436.6558649829162,449.1035225165034,0.0
4.063,5.699487811351008,-2.168717781030425,10.0,0.0,9.516061176346467,9.965545345620498,440.356504315113,449.1035225165034,0.0
4.064,6.404891208397003,-2.0526557100471514,8.248828177082384,0.0,9.765114543568755,10.080424873361999,445.5289556494761,449.1035225165034,0.0
4.065,7.022523915163315,-1.8324494626560734,5.69834817857112,0.0,9.977688460339776,9.88479513967068,443.79398920686987,449.1035225165034,0.0
4.066,7.44695498973605,-1.497555193628104,6.618926732970559,0.0,10.114805704945397,9.816243120859305,442.49148825046365,449.1035225165034,0.0
4.067,7.800684424627454,-1.1227735571024025,7.336297553834067,0.0,10.193478985881773,9.803297106048298,470.5563706393179,449.1035225165034,0.0
4.0680000000000005,7.9296271608642765,-1.0796266727415085,-6.9106721218212,0.0,10.261991996328968,8.21452624164418,474.0164036236621,449.1035225165034,0.0
4.069,7.2780817563555855,-0.8581309970404911,-8.889817425064884,0.0,10.140843563807529,6.789206899983263,463.9507556445702,449.1035225165034,0.0
4.07,6.151978202377221,-0.51836481167519,-4.00546576679962,0.0,9.854118716738965,6.168730721570439,454.08287701543003,449.1035225165034,0.0
4.071,5.045618777404064,-0.2613605017452525,0.8786800027812101,0.0,9.50914592429734,6.180480695570546,450.0345951022219,449.1035225165034,0.0
4.072,4.241380002104549,-0.1999688148620551,2.8935102335280964,0.0,9.195662366042036,6.4067509316460445,451.2700724609117,449.1035225165034,0.0
4.073,3.755290815555299,-0.32478787657075603,2.254106054739103,0.0,8.950498200876599,6.533990449081626,454.1098601740195,449.1035225165034,0.0
4.074,3.4586988794274034,-0.5496137513473287,0.7841488216100441,0.0,8.766057059579602,6.496452565509377,455.12476814982256,449.1035225165034,0.0
4.075,3.227502545438794,-0.7888734500835131,0.21648237737532527,0.0,8.62037655216829,6.418946297007589,453.1832902106139,449.1035225165034,0.0
4.0760000000000005,3.0243874830144146,-1.0064225863872514,1.1464236700385468,0.0,8.503051276653984,6.462623504776949,449.6197490508232,449.1035225165034,0.0
4.077,2.890461058522222,-1.2152556683110782,2.9230319845906996,0.0,8.422622397116625,6.689028721961945,446.891931120299,449.1035225165034,0.0
4.078,2.881173736109014,-1.4406704081824144,4.309056863814856,0.0,8.395584217818115,7.01912952426437,445.8177197856463,449.1035225165034,0.0
4.079,3.004040421494146,-1.6797855651027365,4.879020558449756,0.0,8.428308456542217,7.348743977407802,445.5357999818144,449.1035225165034,0.0
4.08,3.2226522420008354,-1.901541263819131,5.055657685712595,0.0,8.51272369199785,7.63958122275998,444.99951779106107,449.1035225165034,0.0
4.081,3.496741133898082,-2.0729848529694173,5.364838828343695,0.0,8.634422366262505,7.914056161635669,443.09402137058277,449.1035225165034,0.0
4.082,3.8096581904034,-2.1762508136065577,6.377682050042052,0.0,8.781043486766851,8.249894429714148,440.4025256936642,449.1035225165034,0.0
4.083,4.184042420920896,-2.2203547649480795,7.810439856729733,0.0,8.950405097069805,8.676232814762002,437.50500208641597,449.1035225165034,0.0
4.0840000000000005,4.651774144703398,-2.2200893481907946,9.375186864654715,0.0,9.144994149490532,9.18696146782934,435.90700774582007,449.1035225165034,0.0
4.085,5.2358655077116945,-2.1862797730783488,10.0,0.0,9.367480762881122,9.659585402947657,436.8856995365233,449.1035225165034,0.0
4.086,5.902360518174219,-2.1034395635459866,9.932858533454493,0.0,9.60620678114705,10.02608837569895,441.29774907711897,449.1035225165034,0.0
4.087,6.595958055263906,-1.9556024378516086,7.804891497550507,0.0,9.842276813130459,10.076777914742486,445.7171225399398,449.1035225165034,0.0
4.088,7.1808614552870935,-1.7066878151840115,5.629068765905728,0.0,10.033906558583384,9.870541274326467,440.17251926903407,449.1035225165034,0.0
4.089,7.581975643804581,-1.3565647463433508,8.490680433833283,0.0,10.14972527410362,10.002353256549128,470.0406020802545,449.1035225165034,0.0
4.09,7.914604605371666,-1.1768169898975547,-6.652731767414428,0.0,10.250872293773467,8.405596409397823,458.14560162709995,449.1035225165034,0.0
4.091,7.378777894686785,-0.8941091233338452,-0.7956523319431326,0.0,10.152928539003652,7.836610036633956,453.1886117548834,449.1035225165034,0.0
4.0920000000000005,6.715394614268387,-0.6737968957552911,1.6419917117813294,0.0,9.986473256066427,7.591911869863649,457.88984447261896,449.1035225165034,0.0
4.093,6.0953643252534,-0.5912506534600528,-0.7964878666475941,0.0,9.805316720369202,7.123998296399687,463.08288620285003,449.1035225165034,0.0
4.094,5.410678680190582,-0.5685078099773353,-3.5328023686265966,0.0,9.593808230535155,6.4772657453457585,463.6394652704132,449.1035225165034,0.0
4.095,4.612778585709266,-0.5331465781481297,-3.956451329947283,0.0,9.335115027512733,5.935739513630649,459.54596263418654,449.1035225165034,0.0
4.096,3.7902294152827336,-0.49161269150335385,-2.014124413010778,0.0,9.043923406408412,5.722890443063137,452.9568648566433,449.1035225165034,0.0
4.097,3.103095849290294,-0.5000198087655847,1.2418910523594526,0.0,8.761906162123067,5.908304750018208,447.83672751851066,449.1035225165034,0.0
4.098,2.689738434482819,-0.6242401943564145,3.8146276714056913,0.0,8.540212244204135,6.3360147552595185,445.5730787234647,449.1035225165034,0.0
4.099,2.578057644077542,-0.8753764827674302,4.981756506859069,0.0,8.409841506470524,6.809592486690719,446.6995043024611,449.1035225165034,0.0
4.1,2.699163041570983,-1.2115189144380458,4.442583899501283,0.0,8.374329920253052,7.137356694413216,448.4010607585545,449.1035225165034,0.0
4.101,2.921530135976959,-1.5485217292140714,3.5988302890340798,0.0,8.40885479873824,7.31812282525418,448.96366000455373,449.1035225165034,0.0
4.102,3.151788150907096,-1.8201398210048463,3.3189292911539505,0.0,8.484511764408223,7.438808546499169,447.39212031508555,449.1035225165034,0.0
4.103,3.362337753688266,-1.999814571596701,4.121813157902221,0.0,8.581719647282906,7.6252497513511415,444.3761733109472,449.1035225165034,0.0
4.104,3.5887658104500177,-2.1030436769469745,5.677060152026959,0.0,8.697409316437932,7.943014364475644,441.0835444188049,449.1035225165034,0.0
4.105,3.8883746846409246,-2.1582561233823623,7.403574379075104,0.0,8.83834755804429,8.38424288264386,438.108033327115,449.1035225165034,0.0
4.106,4.302626492244146,-2.184645256427607,9.001284816813936,0.0,9.011665507477462,8.911353768942238,436.0562575639053,449.1035225165034,0.0
4.107,4.848288119637823,-2.187338069343039,10.0,0.0,9.220395068687395,9.4410866663899,435.71112829161626,449.1035225165034,0.0
4.108,5.504393043418753,-2.152250938963996,10.0,0.0,9.457338451050255,9.862017153039966,438.4626922189221,449.1035225165034,0.0
4.109,6.207367071778732,-2.052739116124069,9.182387738314567,0.0,9.702085114633233,10.103845486594125,444.006422846115,449.1035225165034,0.0
4.11,6.8780678126538435,-1.8685043202360843,6.461493421421988,0.0,9.927269235894052,9.988096059697174,445.26838540075846,449.1035225165034,0.0
4.111,7.374831733081837,-1.5714531631089685,5.868863515257714,0.0,10.087526723013987,9.820522617268523,432.42360432697774,449.1035225165034,0.0
4.112,7.737172543266519,-1.1972949061586449,10.0,0.0,10.176814220485806,10.111193730261995,453.85330733023216,449.1035225165034,0.0
4.113,8.042123285765612,-1.1519054649189635,1.6465428195979692,0.0,10.28498882354292,9.391613653438604,476.78099215239865,449.1035225165034,0.0
4.114,7.8895344456456,-1.1058761752723134,-10.0,0.0,10.305778631163257,7.577058186089691,479.1757804824617,449.1035225165034,0.0
4.115,6.930513096013718,-0.8355683610095727,-10.0,0.0,10.113760344614226,6.166469134491997,468.6164793821911,449.1035225165034,0.0
4.116,5.5865769070956315,-0.46116842179827966,-6.473982374364448,0.0,9.76140406638972,5.4038418655037495,455.1519634550456,449.1035225165034,0.0
4.117,4.266025347325593,-0.14207727386514613,0.19779117982287975,0.0,9.336664662208305,5.512697919981649,446.658026596927,449.1035225165034,0.0
4.118,3.3600951844749036,-0.0470923702508933,4.469214568077923,0.0,8.958027375974584,6.057780068075672,445.5662475181154,449.1035225165034,0.0
4.119,2.9508397673460447,-0.21051640776047642,5.0504768574676095,0.0,8.69068852633584,6.567673684942905,448.8947114826685,449.1035225165034,0.0
4.12,2.885304106005899,-0.5423998982188178,3.3883329855293964,0.0,8.535945866923011,6.814311974928569,452.458328243317,449.1035225165034,0.0
4.121,2.948682435161974,-0.9160416136026898,1.5729765479370248,0.0,8.459123056237674,6.8301174277380365,453.27184557546735,449.1035225165034,0.0
4.122,2.999223331655253,-1.239538120022019,1.1245346512722079,0.0,8.423411270454103,6.800559294618112,451.17609440628803,449.1035225165034,0.0
4.123,3.015462402310245,-1.488591925406425,2.151684516964023,0.0,8.412475803464991,6.8865758116174565,448.1292937396331,449.1035225165034,0.0
4.124,3.0526683040141807,-1.6860116727936716,3.684827138060185,0.0,8.43046116903348,7.117341061400732,445.36578169302874,449.1035225165034,0.0
4.125,3.166069766948282,-1.856303457874685,5.1039605695971195,0.0,8.486482421908484,7.455499472114921,443.39554070086876,449.1035225165034,0.0
4.126,3.382784259058444,-2.0071962385905824,6.146160883833453,0.0,8.585612678595343,7.843190287793038,441.8099917244174,449.1035225165034,0.0
4.127,3.7003509293461603,-2.1298727384886442,7.011870679980001,0.0,8.72558447836296,8.254065933195244,440.0998578843803,449.1035225165034,0.0
4.128,4.108510676573723,-2.211263093679886,7.956974246319776,0.0,8.900372836766088,8.691433582877742,438.0862475812481,449.1035225165034,0.0
4.1290000000000004,4.603572647107143,-2.243919357348882,9.073952147238442,0.0,9.10419740974883,9.165584617583555,436.72786942980673,449.1035225165034,0.0
4.13,5.1893091197853485,-2.2273623914897165,9.87689775382608,0.0,9.332906800022682,9.630376851543252,437.51110617860957,449.1035225165034,0.0
4.131,5.850277782640178,-2.1555870317003,9.601203542803601,0.0,9.577494754746876,9.966355793668765,441.1282941697514,449.1035225165034,0.0
4.132,6.5238618749591,-2.00780507356907,7.872361830700189,0.0,9.81568354641466,10.038295427306462,445.3993986271439,449.1035225165034,0.0
4.133,7.10130447355452,-1.7598759449337948,5.773850840897543,0.0,10.011453037710867,9.856529340067603,441.5202848681224,449.1035225165034,0.0
4.134,7.505337107371672,-1.412165832996164,7.789240096892099,0.0,10.133700150126781,9.916525575005746,467.6026309290592,449.1035225165034,0.0
4.135,7.860586010542405,-1.1286546956976875,-5.436924017701858,0.0,10.222013050811462,8.472677899515777,462.8729956854598,449.1035225165034,0.0
4.136,7.369185197447008,-0.8660076596320767,-3.2098011275917058,0.0,10.131053831284442,7.616898019173528,452.93423022007994,449.1035225165034,0.0
4.1370000000000005,6.6182632602787885,-0.598923941504736,1.7212745280624513,0.0,9.936859807042552,7.435434703091211,452.7265353384393,449.1035225165034,0.0
4.138,5.972412705998959,-0.4863176298415981,1.7888918406634096,0.0,9.734222996514946,7.274359805621596,458.00143182051045,449.1035225165034,0.0
4.139,5.408022851048987,-0.5066090642801186,-0.9375354934122315,0.0,9.539100498198009,6.864169915473553,462.21318676123565,449.1035225165034,0.0
4.14,4.800151108591606,-0.5594266937682956,-3.1745096062221543,0.0,9.328078285597273,6.317905878561097,461.6367155523845,449.1035225165034,0.0
4.141,4.109167822370337,-0.5867204775766508,-3.011605932155385,0.0,9.086006030489406,5.915384613415023,456.94145146108195,449.1035225165034,0.0
4.142,3.4290609227736035,-0.6056524454445485,-0.742353175949904,0.0,8.8296984530051,5.844798941808132,450.7755736835321,449.1035225165034,0.0
4.143,2.906334424213879,-0.6767322526074439,2.3238652011547276,0.0,8.599592525217778,6.120931419378556,446.14853602779635,449.1035225165034,0.0
4.144,2.6477657745440313,-0.8529569001068535,4.666933893909679,0.0,8.438784351119532,6.596730715323291,445.0719942258386,449.1035225165034,0.0
4.1450000000000005,2.66254282294465,-1.137721249625215,5.245520077795215,0.0,8.371198755997614,7.044871895742821,446.67253830580177,449.1035225165034,0.0
4.146,2.8585330580441757,-1.4726890078514945,4.469557879920638,0.0,8.389184648339548,7.328887539626204,448.2642636367875,449.1035225165034,0.0
4.147,3.1130849136275147,-1.7748901316430357,3.6820878032249205,0.0,8.46366596187043,7.481397320134488,448.09371365992905,449.1035225165034,0.0
4.148,3.3534631337791456,-1.9910735040145406,3.777460880219898,0.0,8.566708281822006,7.62057390752059,445.858954489495,449.1035225165034,0.0
4.149,3.5805712272368813,-2.1130573691202557,4.927286145707019,0.0,8.684620419954946,7.859086008518041,442.35568697670936,449.1035225165034,0.0
4.15,3.845360787399868,-2.1663964400986404,6.746398257497766,0.0,8.819240013530903,8.247286422187798,438.8866838337211,449.1035225165034,0.0
4.151,4.209346351532856,-2.1831632797264815,8.58306821581971,0.0,8.980528650765521,8.756580811692686,436.14584507165085,449.1035225165034,0.0
4.152,4.7081822234453785,-2.1796246119319775,10.0,0.0,9.17606094137349,9.317338332378107,435.27036676834285,449.1035225165034,0.0
4.1530000000000005,5.340485160538516,-2.1518579919753145,10.0,0.0,9.405096813471916,9.762839047852864,437.1583556240226,449.1035225165034,0.0
4.154,6.034536538499776,-2.065658524759802,9.81978155823759,0.0,9.646574894713835,10.09684662819131,442.52797876296603,449.1035225165034,0.0
4.155,6.736664014473323,-1.9098938357360478,7.2007254263012435,0.0,9.881033804744948,10.065013759947256,445.5819660328,449.1035225165034,0.0
4.156,7.292717764552972,-1.6441793908722602,5.708947356221302,0.0,10.061192594903769,9.867760405392264,437.02649539663753,449.1035225165034,0.0
4.157,7.6815809779866555,-1.2839536889125935,10.0,0.0,10.166642487824285,10.157967420848202,455.70978008971247,449.1035225165034,0.0
4.158,8.027455559493,-1.2099886616755882,0.6975989643216041,0.0,10.286034197021863,9.329366511856819,465.2450016768181,449.1035225165034,0.0
4.159,7.863175595438322,-1.1084715237824807,-4.2314266208343625,0.0,10.300199409504671,8.16792560253504,472.3740230537555,449.1035225165034,0.0
4.16,7.183048940419301,-0.9251791218511931,-8.028642314675569,0.0,10.177657016973516,6.828812967334299,470.06430122213226,449.1035225165034,0.0
4.1610000000000005,6.063403500653041,-0.6378723701142293,-7.083389185920248,0.0,9.903686781503652,5.869667089326107,461.7682053491781,449.1035225165034,0.0
4.162,4.807797789698591,-0.346483794706983,-3.061988077769924,0.0,9.53201930600252,5.538860539988057,453.5046886397175,449.1035225165034,0.0
4.163,3.7470935216514993,-0.1768318832651261,1.0257586157282579,0.0,9.148690098613166,5.717527435612629,448.453847917197,449.1035225165034,0.0
4.164,3.06287734072241,-0.19921915288397907,3.5576757229815676,0.0,8.825719620297702,6.142284873020427,447.7368748119471,449.1035225165034,0.0
4.165,2.7615999703908916,-0.40882879233014413,3.9298287526520834,0.0,8.600355121197449,6.534185529974293,449.2038456592021,449.1035225165034,0.0
4.166,2.72122964262472,-0.7311231352660842,3.195340097597583,0.0,8.470073419031099,6.781272351321011,450.70265860577274,449.1035225165034,0.0
4.167,2.8010017870147554,-1.0800274058919817,2.429942263419571,0.0,8.412685095555547,6.904594805946822,450.97342162662113,449.1035225165034,0.0
4.168,2.9081203201537114,-1.3929122510070064,2.275861761894198,0.0,8.404296140146528,6.989565988735099,449.61839417270596,449.1035225165034,0.0
4.1690000000000005,3.014339799049286,-1.6425072370340945,2.9482267722897575,0.0,8.429569798569062,7.130089156515287,447.1612252293218,449.1035225165034,0.0
4.17,3.141706360750663,-1.8327453898656265,4.196234216853647,0.0,8.484798654878562,7.376696415159588,444.6863334104546,449.1035225165034,0.0
4.171,3.3308112852662917,-1.9792663362177878,5.477852017347738,0.0,8.573380273991969,7.713135841099417,442.122836648878,449.1035225165034,0.0
4.172,3.606531172030999,-2.091065392264366,6.829407256812306,0.0,8.697580360489614,8.1322062463938,439.9264631930874,449.1035225165034,0.0
4.173,3.9869892075772175,-2.1720433413738247,8.019364577941763,0.0,8.85905706270851,8.600076187695667,437.81171169362676,449.1035225165034,0.0
4.174,4.47383937120156,-2.2168910009575886,9.189658435900842,0.0,9.055296551898818,9.104390618610228,436.54202322758505,449.1035225165034,0.0
4.175,5.064984078779235,-2.2205956500244355,9.950117661810882,0.0,9.282302570063072,9.589687715425576,436.8518512559374,449.1035225165034,0.0
4.176,5.73760337112687,-2.1697009465504675,9.91772036024037,0.0,9.529502232219631,9.969910733861495,440.6577320836344,449.1035225165034,0.0
4.1770000000000005,6.43647252728614,-2.046979373046935,8.099237850720549,0.0,9.777013803953475,10.066972899383956,445.6330648896724,449.1035225165034,0.0
4.178,7.041778965022738,-1.8191139643876013,5.646276023969852,0.0,9.98564245584869,9.867844013090748,443.29676579690425,449.1035225165034,0.0
4.179,7.456165009000444,-1.479002480303761,6.87249313754993,0.0,10.118361744762435,9.829374980917516,447.93410158534397,449.1035225165034,0.0
4.18,7.809098164040123,-1.1193812030617523,4.565519452641668,0.0,10.197804975911696,9.50731671776268,468.2738898309495,449.1035225165034,0.0
4.181,7.8003091599487675,-1.0308494517688405,-5.7960783433055525,0.0,10.23095577776075,8.113198705333591,469.0672121381611,449.1035225165034,0.0
4.182,7.142404382636717,-0.8054296946430125,-6.392376393127934,0.0,10.097468842411079,6.972112402274737,461.75202078385036,449.1035225165034,0.0
4.183,6.137622858505618,-0.5220214405604887,-2.8612656986460334,0.0,9.834301259912667,6.430118112759335,455.5234380129032,449.1035225165034,0.0
4.184,5.1512656922438635,-0.3263158954298817,0.1888265318635325,0.0,9.524557479289017,6.314657005404351,453.12035151500527,449.1035225165034,0.0
4.1850000000000005,4.375306270778753,-0.28278532602657624,1.3502014908274935,0.0,9.231410658809171,6.352509918601982,453.6050955535437,449.1035225165034,0.0
4.186,3.8251292214196906,-0.37665953869098534,1.0628137411878646,0.0,8.982125280784196,6.366796337596714,454.46938109980346,449.1035225165034,0.0
4.187,3.43220602099022,-0.5500455805114421,0.5770123822249955,0.0,8.777330804934795,6.341881086453605,453.82114210138707,449.1035225165034,0.0
4.188,3.1372168016593376,-0.7526450895949666,0.8539556855843533,0.0,8.61107633713701,6.362819271921127,451.45160239893596,449.1035225165034,0.0
4.189,2.9313781871497877,-0.9665695758178867,2.015244737985581,0.0,8.485046833059439,6.509702910195404,448.6412851544378,449.1035225165034,0.0
4.19,2.8407140346299236,-1.198330836920948,3.4250257338553123,0.0,8.409663137076159,6.780672923888241,447.14518871171526,449.1035225165034,0.0
4.191,2.8825040691543533,-1.4514092819399274,4.1926572932644675,0.0,8.394435828401548,7.081845682866892,446.5395579371333,449.1035225165034,0.0
4.192,3.03070760446961,-1.702347601091675,4.52111232634916,0.0,8.435920957148767,7.363947684586006,446.1195366407899,449.1035225165034,0.0
4.1930000000000005,3.2478735577624605,-1.9192300954388144,4.760962833277999,0.0,8.522815464379848,7.622680784930197,445.2705159647723,449.1035225165034,0.0
4.194,3.5075486257789006,-2.0777518801928236,5.223803236804096,0.0,8.6421624023017,7.886351367332777,442.8076426828006,449.1035225165034,0.0
4.195,3.8059226631516703,-2.1679993250630547,6.518198676126986,0.0,8.784283705759819,8.243120286146704,439.91539472088385,449.1035225165034,0.0
4.196,4.179130944143228,-2.2072930036823086,8.056203935041545,0.0,8.951289600952933,8.696591896977077,437.1111379023501,449.1035225165034,0.0
4.197,4.658277209481573,-2.20957335517539,9.578256190449956,0.0,9.146799969587814,9.224488625372203,435.76058628744136,449.1035225165034,0.0
4.198,5.258866418979785,-2.180943160455228,10.0,0.0,9.372376849264574,9.6890446638963,436.9770913027897,449.1035225165034,0.0
4.199,5.934740356009867,-2.099514387494584,9.892233937454018,0.0,9.613180781747598,10.045290840581782,441.6201920696185,449.1035225165034,0.0
4.2,6.631152514904172,-1.9505343130237727,7.645516858508463,0.0,9.849955418188683,10.074084976680393,445.8589810156674,449.1035225165034,0.0
4.2010000000000005,7.208775808456912,-1.6970090859394946,5.558567800492381,0.0,10.039534030360965,9.860005496519081,440.35814187626175,449.1035225165034,0.0
4.202,7.601710548934557,-1.3424454098754688,8.39644117659761,0.0,10.152280081203681,9.981880799025848,467.3046039107867,449.1035225165034,0.0
4.203,7.912355239570391,-1.1780842949557897,-5.258800654607685,0.0,10.251404971332281,8.542146272607415,457.90574967365427,449.1035225165034,0.0
4.204,7.4385011557299165,-0.9221281021130667,-0.647395807612988,0.0,10.170132349742671,7.955335035453964,455.9499319290921,449.1035225165034,0.0
4.205,6.807406366878351,-0.7226623218010801,0.26204897054221643,0.0,10.018924192690791,7.537684422919289,460.7622298557908,449.1035225165034,0.0
4.206,6.132211464306041,-0.6203925153089627,-2.26068706620001,0.0,9.831816769179616,6.928043135504135,463.9316359302803,449.1035225165034,0.0
4.207,5.345391940936048,-0.5512356769439755,-3.993671237582544,0.0,9.595871405122816,6.275052534539697,462.41657384430175,449.1035225165034,0.0
4.208,4.47257518390013,-0.47853632239308275,-3.3692707078712423,0.0,9.310916156758305,5.837922005288345,457.56750572024157,449.1035225165034,0.0
4.2090000000000005,3.643794489264906,-0.432448596419253,-1.0293764778785328,0.0,9.006400723993492,5.749591072967274,451.5016016563107,449.1035225165034,0.0
4.21,3.0083640438928607,-0.4668292874127838,1.9795947626888308,0.0,8.727746494542084,6.008839126808888,447.50990114919506,449.1035225165034,0.0
4.211,2.6655508765058284,-0.6281636913694896,3.991381229919733,0.0,8.520285470945284,6.436858895269777,446.2282502944037,449.1035225165034,0.0
4.212,2.605258054469269,-0.9063353702816891,4.660959379536399,0.0,8.405358067195019,6.858070395060574,447.6301951599821,449.1035225165034,0.0
4.213,2.7408038991076773,-1.2480935460585225,3.974720220312411,0.0,8.378856236345198,7.127972944355866,448.8787448419003,449.1035225165034,0.0
4.214,2.9485542069720565,-1.572963042852046,3.3526931560993534,0.0,8.414312906399402,7.285177394746757,448.86278273920925,449.1035225165034,0.0
4.215,3.157902049363789,-1.8281517511383347,3.363081605217819,0.0,8.486766417430834,7.416619307564688,446.46988860437915,449.1035225165034,0.0
4.216,3.358574134617421,-1.9960021677045514,4.585865011754112,0.0,8.581030427380336,7.6565842194778,443.90406714682905,449.1035225165034,0.0
4.2170000000000005,3.5994489826831657,-2.1042705265746586,5.920770294225906,0.0,8.700095542836252,7.992101275766389,440.92200397963387,449.1035225165034,0.0
4.218,3.9175013972876567,-2.1660913498638585,7.493617063192191,0.0,8.846523459348544,8.433060212607446,438.1703507667819,449.1035225165034,0.0
4.219,4.345486465868417,-2.195566198785504,8.978775387115395,0.0,9.0250285030422,8.948307161959681,436.2518342115274,449.1035225165034,0.0
4.22,4.896534229401498,-2.1960594709951438,10.0,0.0,9.236967248755558,9.471027641621294,436.0377867004875,449.1035225165034,0.0
4.221,5.554000236065645,-2.1563193927949436,10.0,0.0,9.475607826539626,9.885646918661516,439.0227824558872,449.1035225165034,0.0
4.222,6.2555728371701385,-2.05135281122434,8.905152160412651,0.0,9.720697351058543,10.09163673736666,444.4503113902089,449.1035225165034,0.0
4.223,6.909816042753546,-1.8565123742764085,6.237919804514725,0.0,9.941494122747514,9.95413841929715,444.86908580189623,449.1035225165034,0.0
4.224,7.385553643707926,-1.5486531211524808,6.070876965817142,0.0,10.094545271986487,9.814978517456588,432.00265249062835,449.1035225165034,0.0
4.225,7.746588710726909,-1.1723226323761327,10.0,0.0,10.180057554883346,10.103957201508525,457.414800975764,449.1035225165034,0.0
4.226,8.042193126860237,-1.138228750751094,-0.16758675188480554,0.0,10.285929455804721,9.185957337291324,478.60676950307334,449.1035225165034,0.0
4.227,7.794414407661865,-1.0655675450869055,-10.0,0.0,10.281762386405429,7.420666763087307,478.24978186977415,449.1035225165034,0.0
4.228,6.792217887111173,-0.7821084174991273,-10.0,0.0,10.071029074547655,6.037576501913511,466.116847144563,449.1035225165034,0.0
4.229,5.432762698906393,-0.4022608251973936,-5.231058072403588,0.0,9.704111423880962,5.435823653203936,453.0392173575007,449.1035225165034,0.0
4.23,4.173992314715255,-0.11339434634485324,1.2683998727175778,0.0,9.285733416659221,5.649675469364999,446.2473654295948,449.1035225165034,0.0
4.231,3.3588512780217137,-0.06554248177183841,4.692887407539612,0.0,8.928203351461253,6.189081162761365,446.36310456974905,449.1035225165034,0.0
4.232,3.012635348242611,-0.26130520698024773,4.662422016930038,0.0,8.682379280541372,6.6311295538917925,450.11017867660837,449.1035225165034,0.0
4.233,2.961594769502221,-0.5999826278424696,2.778818401899331,0.0,8.540639344869282,6.799651259433558,453.2122095326706,449.1035225165034,0.0
4.234,3.000101344381823,-0.9579690821540279,1.1867161037065372,0.0,8.465917309084231,6.776105455178878,453.19935299199705,449.1035225165034,0.0
4.235,3.014512386126296,-1.2584140624638793,1.1521860692883843,0.0,8.425781979743178,6.758364598123994,450.54203123012775,449.1035225165034,0.0
4.236,3.0088328351995086,-1.4921058979342436,2.46646186308679,0.0,8.410587749729391,6.8840687925218935,447.5340993826195,449.1035225165034,0.0
4.237,3.0465548671792324,-1.687345067654,3.986122018179752,0.0,8.428622752471242,7.1454967845738295,445.07202937628205,449.1035225165034,0.0
4.238,3.1731928293883196,-1.8628884321237136,5.257471952750693,0.0,8.488354432538564,7.4936844134234235,443.5267755407784,449.1035225165034,0.0
4.239,3.4036450317590967,-2.0192639967027564,6.08586634025978,0.0,8.592377585943117,7.867352968036391,441.9902254399884,449.1035225165034,0.0
4.24,3.7256653075559436,-2.1408704532403418,6.9252743614199055,0.0,8.735178234041854,8.26499021266709,440.1752464880353,449.1035225165034,0.0
4.241,4.131687281458685,-2.2170496525818386,7.922046597681133,0.0,8.910626189155979,8.696952449050396,438.0310323941043,449.1035225165034,0.0
4.242,4.6232141812147525,-2.2436928609756626,9.104878545870651,0.0,9.11389453332692,9.173399310010879,436.61691051683874,449.1035225165034,0.0
4.243,5.207813559966927,-2.2226423887355606,9.936805604500064,0.0,9.341898745146471,9.64282131359457,437.46468292881053,449.1035225165034,0.0
4.244,5.870507011678635,-2.148278827586338,9.629307794391098,0.0,9.586075249138423,9.978907222402801,441.2378325722733,449.1035225165034,0.0
4.245,6.545916641746896,-1.998755985095472,7.821389872102012,0.0,9.8237388165495,10.042338072588297,445.4953426011383,449.1035225165034,0.0
4.246,7.121349933762841,-1.7485360895710305,5.728716656823163,0.0,10.017950152155237,9.854533754217506,441.18980217401344,449.1035225165034,0.0
4.247,7.521733571771412,-1.398748651581871,7.9606240738104965,0.0,10.137985503139763,9.933079682004974,470.05822660223123,449.1035225165034,0.0
4.248,7.870737550165003,-1.1381761303616962,-6.683135181155677,0.0,10.228706808850252,8.34825535865279,461.1594783691964,449.1035225165034,0.0
4.249,7.32077554008522,-0.8518550303116728,-2.3543206231651888,0.0,10.122983955861173,7.617578653028195,451.0802482203637,449.1035225165034,0.0
4.25,6.583703836770053,-0.5905339458939787,2.6655271942125403,0.0,9.928883609323098,7.533870714262673,452.7241653617821,449.1035225165034,0.0
4.251,5.989325835120048,-0.5047288627575189,1.8073621950505534,0.0,9.73899715526144,7.352537769786647,459.3436000347876,449.1035225165034,0.0
4.252,5.451732728759756,-0.541649364790723,-1.6047559166350176,0.0,9.554885358213365,6.856789593741395,463.6120833229679,449.1035225165034,0.0
4.253,4.824726136037292,-0.5875373988094108,-3.8840831687898296,0.0,9.344288401987294,6.239195033111556,462.1726888296242,449.1035225165034,0.0
4.2540000000000004,4.088609291234886,-0.5920517705311945,-3.295077585249167,0.0,9.093029385870059,5.8245869066341545,456.49374906341393,449.1035225165034,0.0
4.255,3.3711176041169013,-0.5898807019093657,-0.5295099676131478,0.0,8.825151497451186,5.796198990432283,449.8585156944084,449.1035225165034,0.0
4.256,2.840358372392873,-0.6547610794315519,2.7805567851105546,0.0,8.588381158467673,6.131522342250417,445.4213058402604,449.1035225165034,0.0
4.257,2.6021985129175738,-0.8405884365557771,5.035983878946996,0.0,8.428612394072768,6.645522630008205,444.9944616452369,449.1035225165034,0.0
4.258,2.6486372800889155,-1.1415177558737022,5.2904965851714,0.0,8.36746448644686,7.090098276313438,446.97650311807394,449.1035225165034,0.0
4.259,2.866522797940924,-1.4864846783085173,4.320746042737189,0.0,8.39182600248872,7.351380861203545,448.5837334170701,449.1035225165034,0.0
4.26,3.1275509238946784,-1.7890509661331055,3.5223287842334363,0.0,8.469712247851756,7.484308707521363,448.22841354275533,449.1035225165034,0.0
4.261,3.3645859264813502,-1.9992005748367987,3.7087398111283036,0.0,8.573193447389432,7.616758210262176,445.6325202464124,449.1035225165034,0.0
4.2620000000000005,3.5867427320655922,-2.113920652819176,5.041396482000675,0.0,8.690089189738448,7.868972107621294,442.087412856367,449.1035225165034,0.0
4.263,3.854052342436336,-2.16438022833112,6.884111273624747,0.0,8.824920100114966,8.269843760764385,438.6566727124,449.1035225165034,0.0
4.264,4.22578709601129,-2.1811504398451405,8.70394984364928,0.0,8.987695212279563,8.787648707627737,436.04980397166713,449.1035225165034,0.0
4.265,4.7345279070317465,-2.178612552633875,10.0,0.0,9.185526438205656,9.342073660843049,435.27315614786806,449.1035225165034,0.0
4.266,5.3721199890647355,-2.1491844415542274,10.0,0.0,9.415805323514022,9.782831018852507,437.3358310021478,449.1035225165034,0.0
4.267,6.068595012721827,-2.0602515204711223,9.734894224123149,0.0,9.657643715884149,10.103142562463448,442.80683277507705,449.1035225165034,0.0
4.268,6.766951746994721,-1.8999910047517339,7.062360235072791,0.0,9.89059009586006,10.054424619380093,445.5183193851068,449.1035225165034,0.0
4.269,7.313231411904374,-1.6286136254864085,5.742468961371889,0.0,10.067121136968051,9.862303212588738,436.0959317753093,449.1035225165034,0.0
4.2700000000000005,7.697919487897744,-1.2660735209452962,10.0,0.0,10.169621295579235,10.15172148586324,453.44195937438144,449.1035225165034,0.0
4.271,8.035279464845535,-1.1994205234954114,1.8556657320940744,0.0,10.287106836982678,9.450733151111155,467.8110570952017,449.1035225165034,0.0
4.272,7.9202360461112065,-1.1291452996162872,-5.515958474103041,0.0,10.315681246118363,8.118185259802257,475.81107393360577,449.1035225165034,0.0
4.273,7.1979276266846455,-0.9375514997872916,-9.783042407476096,0.0,10.187770859467193,6.604390099878327,470.8516282561554,449.1035225165034,0.0
4.274,5.972306679868646,-0.6055776732884495,-7.520800626147421,0.0,9.886670812572165,5.648296072517054,460.1174440803613,449.1035225165034,0.0
4.275,4.6440558896624955,-0.27960650761897465,-2.263847753888951,0.0,9.487534277671855,5.447195218792066,450.84565164608836,449.1035225165034,0.0
4.276,3.5909637105855117,-0.11168228066744323,2.354627171951662,0.0,9.092989357581104,5.784311141865837,446.99866605818374,449.1035225165034,0.0
4.277,2.9824183357759817,-0.17378976461901313,4.299168530487165,0.0,8.780121587310992,6.272384850241928,447.6176944556114,449.1035225165034,0.0
4.2780000000000005,2.7647852671038256,-0.42703715795026403,4.004512612382257,0.0,8.57458410333243,6.646361029982353,450.09739991741213,449.1035225165034,0.0
4.279,2.7766967717469493,-0.77678980799186,2.7547211074728026,0.0,8.462938303297022,6.824368740794419,451.7304181002987,449.1035225165034,0.0
4.28,2.8635429563569774,-1.1275968988546392,1.9119430601915557,0.0,8.415349107840852,6.883769465109222,451.35669406372085,449.1035225165034,0.0
4.281,2.947349447783662,-1.4241301779379907,2.076273363008316,0.0,8.407569494152323,6.950625059018754,449.38575588058035,449.1035225165034,0.0
4.282,3.0279832525129216,-1.6556017946439863,3.058920120937798,0.0,8.429749946270425,7.108433318906599,446.63624869430964,449.1035225165034,0.0
4.283,3.1434886273413025,-1.8358235386737516,4.458346452295088,0.0,8.483002854841715,7.38488997370365,444.2064112347829,449.1035225165034,0.0
4.284,3.336257577769542,-1.9817764157115716,5.722236294875676,0.0,8.572828737069443,7.744010342449591,441.9091228870958,449.1035225165034,0.0
4.285,3.6242770937042623,-2.0977059139536505,6.942824465013288,0.0,8.70087678398524,8.168072605584506,439.9172766000006,449.1035225165034,0.0
4.2860000000000005,4.015957277560627,-2.181673426572942,8.030610067725917,0.0,8.866603383928657,8.629779356629674,437.88832391817095,449.1035225165034,0.0
4.287,4.508564336521107,-2.225914329508887,9.157238394624066,0.0,9.065954823179007,9.124669377849242,436.63888055636824,449.1035225165034,0.0
4.288,5.100148540721291,-2.2257890598632213,9.906606495126779,0.0,9.294403931935896,9.601021556785795,437.35198457381415,449.1035225165034,0.0
4.289,5.768891832961623,-2.1703639540378425,9.667569865830714,0.0,9.541547838766416,9.95114979837235,440.6872449151411,449.1035225165034,0.0
4.29,6.452930260745231,-2.0371393460945058,8.084102471180865,0.0,9.784889723257027,10.050631765230987,445.25394848260333,449.1035225165034,0.0
4.291,7.048895512600387,-1.8028077097762636,5.839246427788745,0.0,9.989401382068863,9.874684439599951,442.7038219882743,449.1035225165034,0.0
4.292,7.467286707900865,-1.4632723090759283,7.178306680235561,0.0,10.120861564722565,9.866464821651775,453.40377269604363,449.1035225165034,0.0
4.293,7.830532329796393,-1.1212960547742163,1.7853288245554855,0.0,10.204131733349888,9.229821910659007,467.78239399374894,449.1035225165034,0.0
4.2940000000000005,7.689305921089985,-0.9879269213096467,-5.5907705390696245,0.0,10.20415975187712,7.92689651736295,464.59302852085403,449.1035225165034,0.0
4.295,6.981889730123589,-0.7407441967290738,-4.1509828626656775,0.0,10.048036020852804,7.062807620209141,458.5328027035894,449.1035225165034,0.0
4.296,6.065417289074743,-0.4979537836628771,-1.2151627559042328,0.0,9.796880655024063,6.671795381253714,455.5015993825471,449.1035225165034,0.0
4.297,5.208468933839459,-0.3666667097665117,0.2364581359564859,0.0,9.519725927884718,6.510188521313411,455.3989409651079,449.1035225165034,0.0
4.298,4.5037125912941445,-0.36146805106576885,0.22483316019004906,0.0,9.254867005747155,6.390185632527922,456.09461965291763,449.1035225165034,0.0
4.299,3.933640308694332,-0.4469458607181578,-0.192917155078959,0.0,9.013948232593572,6.265521243145826,455.60333301208374,449.1035225165034,0.0
4.3,3.4642113150748153,-0.5797165629874217,-0.01227193961781703,0.0,8.79840489697023,6.19921635871214,453.3249321839488,449.1035225165034,0.0
4.301,3.0953807892253793,-0.7406067243880556,1.0847143777751893,0.0,8.614155617197234,6.272726739825355,450.0521196643034,449.1035225165034,0.0
4.3020000000000005,2.859086565182011,-0.9355904794720962,2.711634666119896,0.0,8.475521614958094,6.510756582780214,447.46667068123685,449.1035225165034,0.0
4.303,2.7860568929539307,-1.1758310555203026,4.02072767600584,0.0,8.39903062305282,6.844521391124332,446.95520632654916,449.1035225165034,0.0
4.304,2.868062636103269,-1.4506339094311205,4.297943015249227,0.0,8.391391119342188,7.144912448192715,446.95002301278834,449.1035225165034,0.0
4.305,3.045697043670181,-1.7165528543635493,4.322069667166789,0.0,8.441057727112922,7.395662500100832,446.6416637968869,449.1035225165034,0.0
4.306,3.2712781464776532,-1.9353433190689304,4.5008678623136635,0.0,8.532240440965657,7.622693165309034,445.1295025784592,449.1035225165034,0.0
4.307,3.5240761588985516,-2.0858115310491616,5.296688670907959,0.0,8.651371548624713,7.896339372037373,442.6672823737692,449.1035225165034,0.0
4.308,3.8214552239149713,-2.1718372000902564,6.592161174680314,0.0,8.793912307665416,8.258894119160201,439.7934333376678,449.1035225165034,0.0
4.309,4.196730572460302,-2.208387282198814,8.122186584519358,0.0,8.961614717855863,8.716489039829568,437.05120563715985,449.1035225165034,0.0
4.3100000000000005,4.67963162134751,-2.208695660428477,9.61382360356677,0.0,9.157974799878378,9.24450816555572,435.77855388812964,449.1035225165034,0.0
4.311,5.2836499460842505,-2.1778236520250736,10.0,0.0,9.384101781564581,9.705311415096528,437.1274029009936,449.1035225165034,0.0
4.312,5.961045233156007,-2.0934784873733294,9.821067870801413,0.0,9.624727142008593,10.05062944134517,441.88304796517014,449.1035225165034,0.0
4.313,6.654306295951521,-1.9403677279366995,7.515450084226486,0.0,9.859823037141556,10.064164801745301,445.88769380095704,449.1035225165034,0.0
4.314,7.223375659701041,-1.6816995352791106,5.545285453488498,0.0,10.045840485203264,9.850529264718798,439.5337959021824,449.1035225165034,0.0
4.315,7.610885456505092,-1.324443954457895,8.817931669019018,0.0,10.155181202792395,10.019616372205903,464.37283480471535,449.1035225165034,0.0
4.316,7.929944664499279,-1.1824762228589105,-3.754280905129569,0.0,10.25845266470365,8.735837580480242,459.3687473058941,449.1035225165034,0.0
4.317,7.534156166258052,-0.9669537432760554,-1.354889403612844,0.0,10.200731305813083,8.02714633191307,459.45860366815793,449.1035225165034,0.0
4.3180000000000005,6.902811477453608,-0.774312612719179,-1.5033683962613118,0.0,10.058877658389433,7.408715498893141,463.123475699048,449.1035225165034,0.0
4.319,6.137283614492064,-0.635173235418423,-3.476003943531798,0.0,9.855987372208638,6.700331882197292,463.8640940908827,449.1035225165034,0.0
4.32,5.2427314919712815,-0.5152715986298304,-3.993918855192935,0.0,9.5907499667026,6.095998768590605,460.6780916273407,449.1035225165034,0.0
4.321,4.315199163061878,-0.41490641929468186,-2.5166633145302955,0.0,9.281761837027515,5.786335519338305,455.36052408150675,449.1035225165034,0.0
4.322,3.5053825724679024,-0.3765226348855497,0.07955044273663336,0.0,8.969487630903059,5.82735524161271,450.4410840074429,449.1035225165034,0.0
4.323,2.9410834486269573,-0.44836616665816786,2.5258948648591666,0.0,8.700829443957566,6.1301560576246,447.75851191968775,449.1035225165034,0.0
4.324,2.6694339748733285,-0.6478788621564252,3.880631014704897,0.0,8.510545118494898,6.524606956477047,447.247380840903,449.1035225165034,0.0
4.325,2.6461082227652235,-0.9452315252895815,4.154757970853265,0.0,8.4094479814534,6.877040274570202,448.51550499120486,449.1035225165034,0.0
4.3260000000000005,2.778545241082142,-1.2824422117527017,3.526576070955328,0.0,8.387823538804984,7.0974779390636895,449.1223856556775,449.1035225165034,0.0
4.327,2.962604347891167,-1.5897228568028958,3.2229471073272813,0.0,8.420834070961643,7.24766989427706,448.5122230334718,449.1035225165034,0.0
4.328,3.1516503269377947,-1.8287864585912708,3.533941413260436,0.0,8.488786935170197,7.4044349038466475,446.4727790716071,449.1035225165034,0.0
4.329,3.347870276065474,-1.9911429417200783,4.579970828641759,0.0,8.581089591041136,7.64457825689917,443.470099370534,449.1035225165034,0.0
4.33,3.587204698727138,-2.093514838480458,6.1376449106379924,0.0,8.697813660442591,8.006456808097793,440.49374714213786,449.1035225165034,0.0
4.331,3.91586326607011,-2.1570644922560755,7.711918778579717,0.0,8.845019920971472,8.467654197589221,437.8717039254711,449.1035225165034,0.0
4.332,4.360875853492903,-2.191916072254899,9.135258572823432,0.0,9.026823471658727,8.992612313928708,436.1813125474833,449.1035225165034,0.0
4.333,4.929132339230492,-2.197588684830292,10.0,0.0,9.243217950494511,9.506085045193055,436.13519705535714,449.1035225165034,0.0
4.3340000000000005,5.595867980174862,-2.1584007732394213,10.0,0.0,9.484952858172399,9.913544181296267,439.35434058323455,449.1035225165034,0.0
4.335,6.301484539078711,-2.0516076563666727,8.742939413646862,0.0,9.731904824952725,10.095203764988128,444.7817680106817,449.1035225165034,0.0
4.336,6.94817378130707,-1.8507674837156345,6.072443244981515,0.0,9.951303065601316,9.938128963243093,444.62646874790033,449.1035225165034,0.0
4.337,7.4100576427927995,-1.5354065286253937,6.194863414058217,0.0,10.100372698677132,9.814532313681367,433.67236227110254,449.1035225165034,0.0
4.338,7.768631588754488,-1.1569009612794328,10.0,0.0,10.18369370063204,10.100718819705296,461.74611734011415,449.1035225165034,0.0
4.339,8.05273131822216,-1.1343593392010987,-2.3735997929290154,0.0,10.288606730238689,8.939806201458886,479.52214520864146,449.1035225165034,0.0
4.34,7.689673676523323,-1.0241297777775547,-10.0,0.0,10.255037359524234,7.233085461030813,476.0272192634071,449.1035225165034,0.0
4.341,6.634570971745218,-0.7200285935907376,-10.0,0.0,10.021804017192096,5.882374580753412,462.198620380007,449.1035225165034,0.0
4.3420000000000005,5.254962060844174,-0.33041477345900727,-3.271784327820946,0.0,9.637006412692811,5.524721131361569,450.37263646838034,449.1035225165034,0.0
4.343,4.090630514735863,-0.08770302527436358,2.6285164884736236,0.0,9.232121069605274,5.860384580492498,445.94188725061804,449.1035225165034,0.0
4.344,3.397270628529177,-0.10210326741763354,4.875507450013626,0.0,8.905301749857193,6.374785420029687,447.903389532296,449.1035225165034,0.0
4.345,3.126539677650837,-0.3381284274382129,3.9067576390167242,0.0,8.68842321121847,6.69887866054784,452.05067566223426,449.1035225165034,0.0
4.346,3.076496297143307,-0.6772598242823986,1.803643042590283,0.0,8.560586052548091,6.750017078000411,454.226301996309,449.1035225165034,0.0
4.347,3.0629853093241866,-1.004915161443989,0.664602080754845,0.0,8.483297224609336,6.679980352858084,452.91265579326307,449.1035225165034,0.0
4.348,3.0184295474753084,-1.2694908615221843,1.2833338495102224,0.0,8.432560380587212,6.693435345542742,449.51495104437396,449.1035225165034,0.0
4.349,2.9826612790437887,-1.4833660985132682,2.9780719386760723,0.0,8.409123239304003,6.884193978586391,446.70060224470984,449.1035225165034,0.0
4.3500000000000005,3.0260033638659594,-1.6798085530266886,4.409275541226067,0.0,8.426575593080043,7.1888927375714395,444.7684049459001,449.1035225165034,0.0
4.351,3.175202960523616,-1.8664753374934915,5.41872536633697,0.0,8.491321509123198,7.545615765988167,443.7926141387039,449.1035225165034,0.0
4.352,3.425840166535617,-2.032164961315422,5.9597298537130525,0.0,8.601624327179456,7.896478981833055,442.3333458908845,449.1035225165034,0.0
4.353,3.753376070700738,-2.153360001079685,6.757065743878946,0.0,8.74765774315043,8.272060483545523,440.3520559966734,449.1035225165034,0.0
4.354,4.154393385478846,-2.2226335857361006,7.8352253561827965,0.0,8.923054111610112,8.694474829551666,437.98896050528714,449.1035225165034,0.0
4.355,4.638610074801069,-2.241122649442417,9.127918721988097,0.0,9.124493338985573,9.174348389241043,436.46560607930894,449.1035225165034,0.0
4.356,5.219872813333727,-2.2144674146228898,10.0,0.0,9.350659033125215,9.650283788276914,437.34877024896855,449.1035225165034,0.0
4.357,5.883597655753691,-2.137355992662559,9.691621035207703,0.0,9.593585993687036,9.99140261263503,441.2834024412333,449.1035225165034,0.0
4.358,6.562560854599911,-1.9871972843129102,7.802506139828025,0.0,9.830585796929629,10.04993469832078,445.56783430470335,449.1035225165034,0.0
4.359,7.13892477119559,-1.7362807386407964,5.695647090211002,0.0,10.023639595476105,9.856839810421079,440.8951995070254,449.1035225165034,0.0
4.36,7.538202419320001,-1.3856879878826867,8.114047719144768,0.0,10.142022488251287,9.951295548717148,472.2268384869476,449.1035225165034,0.0
4.361,7.881914933616668,-1.1479447159661134,-7.783004930520782,0.0,10.235366833175318,8.241468604617195,459.7134611760001,449.1035225165034,0.0
4.362,7.28093395541058,-0.8411424313722362,-1.6324156616420118,0.0,10.11702323061079,7.617039168238597,449.5720826724535,449.1035225165034,0.0
4.363,6.554504258015841,-0.5845951721958205,3.4335879885717895,0.0,9.92291886900139,7.612870281007498,452.881170196784,449.1035225165034,0.0
4.364,6.001462806787124,-0.520688886002711,1.741267749603737,0.0,9.743343835940339,7.406462846211156,460.5055036685221,449.1035225165034,0.0
4.365,5.481351394159674,-0.5696223310204047,-2.1849187977855067,0.0,9.56710730451964,6.8394631746419385,464.69838102299855,449.1035225165034,0.0
4.366,4.835102577122314,-0.6081622892317995,-4.43730606008867,0.0,9.355544520037164,6.168925339455956,462.50940867100525,449.1035225165034,0.0
4.367,4.061993998569886,-0.5938720422865387,-3.4768787456370376,0.0,9.096126903738243,5.751035342023422,456.0372394076602,449.1035225165034,0.0
4.368,3.316889875258902,-0.5757340786962424,-0.31013128287608005,0.0,8.819009775800483,5.761960898242126,449.07618271686937,449.1035225165034,0.0
4.369,2.7838322706384764,-0.6376111335856929,3.170670460515674,0.0,8.577684771952114,6.146488198465804,444.84900173530474,449.1035225165034,0.0
4.37,2.5657942475257784,-0.8329291125956564,5.3268061591099745,0.0,8.419811205653147,6.689450784189924,444.98216224787984,449.1035225165034,0.0
4.371,2.639607894375686,-1.1475546388809437,5.301439505508659,0.0,8.364676882657772,7.127678184445033,447.25700747677865,449.1035225165034,0.0
4.372,2.8749952398908243,-1.4999758714912796,4.182482041456501,0.0,8.394498812311728,7.368583286327199,448.8355584432478,449.1035225165034,0.0
4.373,3.1402488910198416,-1.8016938081854519,3.3958861989544813,0.0,8.475093819898763,7.486220074782806,448.357384012087,449.1035225165034,0.0
4.374,3.3740158278447736,-2.0062224371760617,3.642434799579057,0.0,8.578873975394679,7.612077163105825,445.39544021525535,449.1035225165034,0.0
4.375,3.591444611511053,-2.113965369016901,5.160487521007354,0.0,8.694668260385889,7.878667374661962,441.81781593178806,449.1035225165034,0.0
4.376,3.8617276311302815,-2.1619799357447027,7.0221567285881505,0.0,8.829746311055246,8.292224234859756,438.4375875291512,449.1035225165034,0.0
4.377,4.2415334802094,-2.1791294087826807,8.81893027978011,0.0,8.994078539044345,8.817885799457505,435.95941072833153,449.1035225165034,0.0
4.378,4.7601072342355835,-2.1777663505976976,10.0,0.0,9.194222269563582,9.366119309654568,435.2793007128127,449.1035225165034,0.0
4.3790000000000004,5.402948683903944,-2.1468822925504822,10.0,0.0,9.425791362247253,9.802206322758392,437.51150186758406,449.1035225165034,0.0
4.38,6.101799586110061,-2.0554089205461747,9.65050810045193,0.0,9.66805901663294,10.108952250123926,443.0345886087474,449.1035225165034,0.0
4.381,6.797378851964534,-1.8892018395604784,6.9496540689478135,0.0,9.89940645312823,10.046126115499565,445.8644959100514,449.1035225165034,0.0
4.382,7.334508676321125,-1.6135617536150726,5.567090684360338,0.0,10.072678193867418,9.835515417976913,435.3057660798856,449.1035225165034,0.0
4.383,7.704695892622277,-1.2459058677936397,10.0,0.0,10.169875944199516,10.12938932729712,451.90736925860693,449.1035225165034,0.0
4.384,8.03045421598218,-1.182298937210963,2.635904443751526,0.0,10.283421106924544,9.517084472968213,469.8624814175037,449.1035225165034,0.0
4.385,7.94403984914495,-1.135255851347639,-6.5492412247068685,0.0,10.31984259780504,8.05340271596245,478.3942775031761,449.1035225165034,0.0
4.386,7.183288790633118,-0.93701195802524,-10.0,0.0,10.184917366490085,6.534817747915588,472.29803767186365,449.1035225165034,0.0
4.3870000000000005,5.928813146256666,-0.5970626504963139,-8.26971111695897,0.0,9.876214176606977,5.509822928725647,459.8282279539581,449.1035225165034,0.0
4.388,4.551526019989041,-0.24826142155947173,-2.1420533123807433,0.0,9.460913181685422,5.35215356958526,449.50985339232716,449.1035225165034,0.0
4.389,3.4838624586687033,-0.07196737558745592,3.0130706596764925,0.0,9.055471017574433,5.778178226229831,445.6650097365749,449.1035225165034,0.0
4.39,2.9050327854708518,-0.14809718481665535,4.9698776153518995,0.0,8.74331275501393,6.337748354641128,447.0000742283193,449.1035225165034,0.0
4.391,2.740696602198554,-0.42854772236628735,4.323379852361545,0.0,8.548415592588771,6.731751503897525,450.3311355958507,449.1035225165034,0.0
4.392,2.7996840894788457,-0.8029212503220314,2.645573037802377,0.0,8.45078504403141,6.880638864580609,452.39524214541666,449.1035225165034,0.0
4.393,2.907420099588406,-1.1637807453473206,1.5806025667302626,0.0,8.413757095571313,6.893244664428058,451.8378866101822,449.1035225165034,0.0
4.394,2.9855636094090428,-1.4545734737310203,1.8319366934107144,0.0,8.41007112711393,6.9316651221111485,449.3887523202974,449.1035225165034,0.0
4.3950000000000005,3.04922518761545,-1.673237364960701,3.0536515403151725,0.0,8.431740902022014,7.091528890568379,446.3481675964256,449.1035225165034,0.0
4.396,3.152705769187917,-1.8433970857475803,4.601497451451852,0.0,8.48376100665928,7.384872913235778,443.868598732085,449.1035225165034,0.0
4.397,3.343541237208947,-1.9853818028259318,5.893631121466333,0.0,8.573830224770305,7.760783693023801,441.6697748815227,449.1035225165034,0.0
4.398,3.637309983615269,-2.1015583179568376,7.0673805230972855,0.0,8.703843168542651,8.193895206698903,439.8032633268075,449.1035225165034,0.0
4.399,4.037173226272332,-2.186895768959803,8.093638892351846,0.0,8.872391323764282,8.656800520757201,437.88858395535954,449.1035225165034,0.0
4.4,4.536492907702773,-2.2313571732337474,9.163127963687264,0.0,9.074412574829688,9.14672480055541,436.6954660331556,449.1035225165034,0.0
4.401,5.1311958071964066,-2.2291911293504825,9.88376748962272,0.0,9.304541249898477,9.616010112489883,437.46987777896976,449.1035225165034,0.0
4.402,5.799543421469549,-2.169948723505142,9.612898064090967,0.0,9.552090584449678,9.956806520094837,440.89145683785546,449.1035225165034,0.0
4.4030000000000005,6.4795265053188205,-2.0318695119443975,7.984229191434598,0.0,9.794368337093028,10.043718675576843,445.32552568846,449.1035225165034,0.0
4.404,7.067257828049488,-1.7920850411519038,5.804974734412759,0.0,9.996114030348672,9.864885474567261,442.32237949624266,449.1035225165034,0.0
4.405,7.478777160478739,-1.4488217114164286,7.374359260724038,0.0,10.124440712614819,9.879145192108753,458.3748593658406,449.1035225165034,0.0
4.406,7.841550984046659,-1.1189237509717471,-0.7445940425683144,0.0,10.20850455605694,8.960242970229261,466.63374989089374,449.1035225165034,0.0
4.407,7.57540539316983,-0.9411068728109133,-5.049341578838778,0.0,10.176010915973654,7.782208412157232,460.6117101208403,449.1035225165034,0.0
4.408,6.837491522389987,-0.6813464807192986,-2.153403569855434,0.0,10.002167709743029,7.158837672111964,455.9856445490479,449.1035225165034,0.0
4.409,6.006746516501152,-0.4791262014951754,0.09080799571533271,0.0,9.763725123337197,6.882326389511085,455.7126266905975,449.1035225165034,0.0
4.41,5.261186012454795,-0.40454674158258874,0.1612258831995783,0.0,9.51529412951372,6.668630033883481,457.43508627296416,449.1035225165034,0.0
4.4110000000000005,4.612596293696133,-0.4299354698104433,-0.7833195455483488,0.0,9.27387515421402,6.410745302422162,458.15049909916837,449.1035225165034,0.0
4.412,4.020930849575528,-0.505673500711687,-1.231495724477106,0.0,9.038886899415013,6.173250522848003,456.4330569963524,449.1035225165034,0.0
4.413,3.4854563791835003,-0.6030455179280155,-0.4460700178675987,0.0,8.813601533723274,6.079870522569609,452.7965737959044,449.1035225165034,0.0
4.414,3.0566610660549247,-0.7297097154435412,1.3352410695623762,0.0,8.614466046127415,6.203202688041308,448.83696668463506,449.1035225165034,0.0
4.415,2.7986696147377743,-0.9107754195622457,3.317710183515734,0.0,8.466227909316217,6.518637686380417,446.51577149719947,449.1035225165034,0.0
4.416,2.7435673041180073,-1.1597641237971505,4.504185287426569,0.0,8.389935186444701,6.90187428115016,446.6677864136607,449.1035225165034,0.0
4.417,2.8600374064889142,-1.453253721718477,4.45253519022439,0.0,8.389389364066309,7.20824894805743,447.3189556694939,449.1035225165034,0.0
4.418,3.0655644029942204,-1.733413499468049,4.144796230777873,0.0,8.447418270189722,7.429153512877163,447.17642937330004,449.1035225165034,0.0
4.4190000000000005,3.2988857995670497,-1.9539254740430005,4.235330310306839,0.0,8.543189461608515,7.623196566511961,445.6405197198774,449.1035225165034,0.0
4.42,3.5436019708283846,-2.095942213750962,5.037915164984431,0.0,8.662204560871036,7.870205862271382,442.6451743165818,449.1035225165034,0.0
4.421,3.824163658247288,-2.168453623548098,6.600171348631434,0.0,8.800575167463851,8.239823446132045,439.4615152382861,449.1035225165034,0.0
4.422,4.19061475367103,-2.1965383499874207,8.28842096056146,0.0,8.964434677593804,8.718897224119328,436.66863622340406,449.1035225165034,0.0
4.423,4.676855334997009,-2.195639771533443,9.80920933093347,0.0,9.159435923615161,9.267031846950882,435.5562415923911,449.1035225165034,0.0
4.424,5.292665325648099,-2.1683082805206686,10.0,0.0,9.386753029090674,9.722755528836654,437.07521565299584,449.1035225165034,0.0
4.425,5.977286992422257,-2.085302352985047,9.851657904900161,0.0,9.62805345508842,10.068262732491105,442.04759358416845,449.1035225165034,0.0
4.426,6.676356253788689,-1.9334333397018053,7.436028228637202,0.0,9.863899026666033,10.069062012859394,445.6319797307896,449.1035225165034,0.0
4.4270000000000005,7.243614338363226,-1.6749408853534011,5.678550583183754,0.0,10.049324489277224,9.868791981421829,438.8247254272604,449.1035225165034,0.0
4.428,7.637549758728028,-1.3183378062201032,9.184965705840808,0.0,10.159538988322362,10.072711623941569,462.0471030519575,449.1035225165034,0.0
4.429,7.968191665797356,-1.1974227653614693,-2.5556589118622908,0.0,10.269389378011848,8.908296637365964,460.9774601178583,449.1035225165034,0.0
4.43,7.637268252739149,-1.0120790206955177,-2.1395768208262433,0.0,10.232634568570147,8.074191459114955,462.98845935884157,449.1035225165034,0.0
4.431,6.991862202984327,-0.822165621632819,-3.283925809741259,0.0,10.097107685797283,7.257467539396309,465.11524141275896,449.1035225165034,0.0
4.432,6.128585650420555,-0.6416213724007074,-4.507434025662512,0.0,9.875500365904935,6.474227269794527,463.4257540290579,449.1035225165034,0.0
4.433,5.131488972608982,-0.47310155940654,-3.805912648937518,0.0,9.580998014104606,5.937600597796283,458.79265234774346,449.1035225165034,0.0
4.434,4.161584877647073,-0.35082031861179397,-1.5862531065927037,0.0,9.250517491927006,5.759052177376205,453.4866802600309,449.1035225165034,0.0
4.4350000000000005,3.3807228028813485,-0.32626481606912616,1.022901359828309,0.0,8.933751887053413,5.906316729937849,449.92740028583717,449.1035225165034,0.0
4.436,2.8848268731127917,-0.43456315364816556,2.794302569231829,0.0,8.675547670082462,6.222680786653029,448.15103327311044,449.1035225165034,0.0
4.437,2.6699493122584586,-0.6635708378983042,3.69201096802912,0.0,8.498908142371851,6.581299500169558,448.0384250346895,449.1035225165034,0.0
4.438,2.672388912988254,-0.9732261574614837,3.758966062057725,0.0,8.407566447093398,6.882363234229719,449.0305586413277,449.1035225165034,0.0
4.439,2.801238134170194,-1.3055080261688183,3.2636288974904013,0.0,8.388919747110991,7.074880767990617,449.16397718675756,449.1035225165034,0.0
4.44,2.9704988689093352,-1.6008136403542659,3.1963150780729146,0.0,8.420550269376232,7.226500541277446,448.17036561135086,449.1035225165034,0.0
4.441,3.1492200490066633,-1.8304186082251224,3.7024524348277916,0.0,8.486483207067572,7.40450291443601,446.12767455019144,449.1035225165034,0.0
4.442,3.3466321994065455,-1.9908350904336045,4.753556445070619,0.0,8.578972851669862,7.661930286864004,443.1855277034258,449.1035225165034,0.0
4.4430000000000005,3.5946295976580225,-2.0948288907507866,6.283809816584214,0.0,8.697791422267528,8.03537512496983,440.3535325029589,449.1035225165034,0.0
4.444,3.9347351817405625,-2.161454611997969,7.787307316953113,0.0,8.848361510950024,8.498507887383717,437.82156645349744,449.1035225165034,0.0
4.445,4.3892039182354345,-2.1979047748778733,9.166109902313902,0.0,9.033531127709981,9.020427186636855,436.21822554194523,449.1035225165034,0.0
4.446,4.963354654451508,-2.2029075301916228,10.0,0.0,9.25256151417497,9.527999508913718,436.2513787263491,449.1035225165034,0.0
4.447,5.632209702339408,-2.1608893061363044,10.0,0.0,9.495774062021919,9.930546188727025,439.6230624018495,449.1035225165034,0.0
4.448,6.3374933624976295,-2.0504857991568954,8.611475360235255,0.0,9.743195819538327,10.093529092831046,445.0112605089704,449.1035225165034,0.0
4.449,6.975911246572216,-1.8435929062155605,5.958298926750135,0.0,9.96051950855974,9.923818590343966,444.386594667419,449.1035225165034,0.0
4.45,7.42649320502142,-1.5220861654315474,6.317801126016683,0.0,10.105842965873476,9.815708676673246,436.9261378504774,449.1035225165034,0.0
4.4510000000000005,7.782889311418741,-1.1449130851929732,10.0,0.0,10.187549114670365,10.099691202127252,466.39215682932235,449.1035225165034,0.0
4.452,8.057310755314456,-1.1346864583715088,-4.73948851902588,0.0,10.29212970298499,8.678657966318314,479.3982376593353,449.1035225165034,0.0
4.453,7.574811988648053,-0.9806075504641757,-10.0,0.0,10.227302495285665,7.034743813977101,472.6173220456146,449.1035225165034,0.0
4.454,6.466183219860069,-0.6512768655723474,-8.359246752182239,0.0,9.969881006863124,5.898950505069785,459.09442723047516,449.1035225165034,0.0
4.455,5.14385260551671,-0.28965009439196254,-1.6977083917522227,0.0,9.588136698411185,5.70172614526996,449.41404716272,449.1035225165034,0.0
4.456,4.092383938319992,-0.10309112053238223,3.139376395663187,0.0,9.207939165411707,6.0539519808645235,447.06892915169357,449.1035225165034,0.0
4.457,3.4868011435621247,-0.16334002918316326,4.332281334824507,0.0,8.90947693896181,6.471883595784672,449.8622971238688,449.1035225165034,0.0
4.458,3.235402447996501,-0.41032425552576557,2.9280096026632294,0.0,8.709219872460102,6.673374915203102,453.42179055969393,449.1035225165034,0.0
4.4590000000000005,3.1442008678094866,-0.7267346430402221,1.1050802043187655,0.0,8.581472944913564,6.655730066398155,454.32223236899034,449.1035225165034,0.0
4.46,3.0700052825057345,-1.0189920610054632,0.6026722011456904,0.0,8.493720437342224,6.597288921934998,452.0503365144037,449.1035225165034,0.0
4.461,2.9859732033386117,-1.2590291280645727,1.7091519884600181,0.0,8.43238056927855,6.671155070652675,448.55951048845066,449.1035225165034,0.0
4.462,2.9473482256170094,-1.4693874424160256,3.460005121717059,0.0,8.405300346801079,6.9164380912350545,446.25936558515934,449.1035225165034,0.0
4.463,3.0120991709455502,-1.676492838723507,4.638519142676155,0.0,8.426134459079904,7.239103944721022,444.8730216547414,449.1035225165034,0.0
4.464,3.1848859304392856,-1.8746707708577381,5.373996116502736,0.0,8.496880264051129,7.582344916906581,443.9937073967316,449.1035225165034,0.0
4.465,3.4474266148826453,-2.0441041464542224,5.864751396705353,0.0,8.611531477738062,7.917813075760902,442.55657711704805,449.1035225165034,0.0
4.466,3.777208578413603,-2.163172444809488,6.648785990541692,0.0,8.759667565004847,8.27888518347448,440.44021118467106,449.1035225165034,0.0
4.4670000000000005,4.174041343791846,-2.226222331198233,7.793602070048513,0.0,8.934842058835521,8.69639932739447,437.9306305480981,449.1035225165034,0.0
4.468,4.653555390303833,-2.238192995475342,9.160121308019033,0.0,9.134936791881723,9.179770244224683,436.35606012655614,449.1035225165034,0.0
4.469,5.233449509992523,-2.207098574595849,10.0,0.0,9.35981905036681,9.654541793714056,437.26797844164054,449.1035225165034,0.0
4.47,5.896374100465616,-2.126401421550548,9.735779803042137,0.0,9.601124495326134,9.999738641762674,441.34016883473635,449.1035225165034,0.0
4.471,6.577095453589568,-1.97490531996078,7.777318143311903,0.0,9.836961480949967,10.05350766596271,445.59681328326474,449.1035225165034,0.0
4.472,7.153145163884105,-1.7228955830016255,5.684063011380093,0.0,10.028385560381814,9.858251783788772,440.520451466203,449.1035225165034,0.0
4.473,7.551835099325349,-1.3718343684212653,8.308074630413973,0.0,10.145045007418833,9.973142331392868,471.2428334131258,449.1035225165034,0.0
4.474,7.892752596916008,-1.157790699851446,-7.274509452013668,0.0,10.241493373115683,8.314371378302312,459.1724330271423,449.1035225165034,0.0
4.4750000000000005,7.321574053358017,-0.8623340898100791,-1.3399983641282915,0.0,10.132060016514943,7.705983232349453,451.149393207694,449.1035225165034,0.0
4.476,6.620199018195137,-0.6206581049718536,2.6510628386839454,0.0,9.949101388747197,7.598601655194633,454.91023660575013,449.1035225165034,0.0
4.477,6.037248545206446,-0.5480309175051068,0.7125739987634159,0.0,9.768128235267783,7.287628790236267,461.502928403805,449.1035225165034,0.0
4.478,5.449119418051098,-0.5673815778449476,-2.707765959137043,0.0,9.577009955152521,6.691668088713151,464.2062723575606,449.1035225165034,0.0
4.479,4.742018596190182,-0.5763001469309804,-4.210465434425397,0.0,9.346194968892544,6.076997885761258,461.27700514308617,449.1035225165034,0.0
4.48,3.950910304566921,-0.5520567983884024,-2.8675666534540207,0.0,9.07423850693283,5.743409968998237,454.9365247209922,449.1035225165034,0.0
4.481,3.231161402841915,-0.546031685431351,0.24434353554806432,0.0,8.795698570552933,5.816127626969583,448.65187886721435,449.1035225165034,0.0
4.482,2.7443896063154787,-0.6316810053630459,3.391182898929892,0.0,8.56176606993022,6.215100162188443,445.10645038848656,449.1035225165034,0.0
4.483,2.5666248405850403,-0.8477374427592503,5.203867859573954,0.0,8.414033787805929,6.733395552125256,445.5770593752439,449.1035225165034,0.0
4.484,2.659080074840899,-1.1706285752799686,5.003827997607885,0.0,8.366261733091065,7.133009217007805,447.64896941397,449.1035225165034,0.0
4.485,2.891439845717148,-1.5181202879234144,3.982418509270161,0.0,8.398223427401517,7.352894642379291,448.8750734592999,449.1035225165034,0.0
4.486,3.1455625133453244,-1.8095085665911232,3.3716509771772367,0.0,8.477555288345082,7.471387465267495,448.09165327180045,449.1035225165034,0.0
4.487,3.3717439986274753,-2.0055752226697288,3.7734797633740027,0.0,8.579456694865083,7.61393429705905,444.99636755920153,449.1035225165034,0.0
4.488,3.59101429559617,-2.110419577039639,5.362194169246482,0.0,8.694994856332142,7.901298965293721,441.51235680373287,449.1035225165034,0.0
4.489,3.871795983289217,-2.160621767288925,7.180111204108518,0.0,8.832189465859688,8.326871429951183,438.28084927201843,449.1035225165034,0.0
4.49,4.264825115312426,-2.181245871034308,8.90409170241059,0.0,8.999988490409722,8.85463940591464,435.9701361387494,449.1035225165034,0.0
4.491,4.794428135225419,-2.1817473408797845,10.0,0.0,9.203633330746644,9.39539455361837,435.4134351638818,449.1035225165034,0.0
4.492,5.442651965077111,-2.1493611296819823,10.0,0.0,9.437421703890038,9.825470996524965,437.835581041634,449.1035225165034,0.0
4.493,6.143214243869645,-2.0547855785473947,9.491779969976283,0.0,9.680759435496924,10.10943481678398,443.4014645993031,449.1035225165034,0.0
4.494,6.830258131751385,-1.882007765647772,6.765858770313731,0.0,9.910099972061413,10.025997691636064,445.6765769544295,449.1035225165034,0.0
4.495,7.352476075963423,-1.5982935445931403,5.662572048371272,0.0,10.078681956267644,9.82916247025784,434.24329152520806,449.1035225165034,0.0
4.496,7.7187608850904486,-1.2278042103285802,10.0,0.0,10.172805535356876,10.12194976177479,450.1051029319012,449.1035225165034,0.0
4.497,8.034866601098281,-1.1728381157531005,3.5563392239365097,0.0,10.284454108628221,9.611584936496108,471.82621602247747,449.1035225165034,0.0
4.498,7.987597128287023,-1.149955248489328,-7.531444256411379,0.0,10.331933887591305,8.01656257516411,481.42277696595204,449.1035225165034,0.0
4.499,7.194496867700615,-0.9469894319890386,-10.0,0.0,10.193066041382485,6.51189546480675,474.89250468763555,449.1035225165034,0.0
4.5,5.9222648773111555,-0.6057165488125018,-9.592612609743366,0.0,9.882107909774398,5.345320967565332,460.34774781763144,449.1035225165034,0.0
4.501,4.471961780333579,-0.2228698686720194,-2.432676427752592,0.0,9.446887735619288,5.194638233767305,448.3789130548682,449.1035225165034,0.0
4.502,3.3563519001763975,-0.02177101562788719,3.5589870482453927,0.0,9.021828898466435,5.711199432320951,443.6445417873114,449.1035225165034,0.0
4.503,2.78499385025742,-0.09902742374677942,5.980762489315689,0.0,8.701441258307756,6.3917705777512195,445.704960055283,449.1035225165034,0.0
4.5040000000000004,2.6794572689981324,-0.4100036892243597,4.984538979942116,0.0,8.514584321829313,6.844338947620129,450.28080915288336,449.1035225165034,0.0
4.505,2.806700591450923,-0.8211403767068235,2.6848415647781247,0.0,8.4337851889539,6.974908174997599,453.28823724093496,449.1035225165034,0.0
4.506,2.9555285709479593,-1.2039887426799136,1.1392803735080106,0.0,8.412124845485993,6.922227164941563,452.6981237993471,449.1035225165034,0.0
4.507,3.035018872071102,-1.492935692982635,1.3983910814734966,0.0,8.415318116232843,6.909350358004672,449.6076915289535,449.1035225165034,0.0
4.508,3.0771459462359463,-1.695587244739076,2.9385655265457915,0.0,8.436306580401498,7.061069565567545,445.998519195177,449.1035225165034,0.0
4.509,3.1609232641247136,-1.8506196900021323,4.774201726647326,0.0,8.485395172370945,7.377439702125329,443.40551960087305,449.1035225165034,0.0
4.51,3.34682999104744,-1.9863679173102247,6.127681552955596,0.0,8.574593899350486,7.777996136334564,441.31775588420487,449.1035225165034,0.0
4.511,3.6475827438692474,-2.1030143324040766,7.24942107761267,0.0,8.706402020440239,8.226049613728849,439.6275951154186,449.1035225165034,0.0
4.5120000000000005,4.05913565435481,-2.1912376699270184,8.189260736016646,0.0,8.87837278013703,8.692380230045353,437.8911641698526,449.1035225165034,0.0
4.513,4.568773616389925,-2.237405701981138,9.169599792266176,0.0,9.08397577564652,9.175769113584291,436.7927386510163,449.1035225165034,0.0
4.514,5.168653621733553,-2.2337128671513318,9.841920390339187,0.0,9.316489467807132,9.634640862578374,437.64909810322445,449.1035225165034,0.0
4.515,5.836736841671619,-2.1701231577859765,9.5282849083679,0.0,9.5646810259692,9.962163342751786,441.15788239457,449.1035225165034,0.0
4.516,6.51108435619341,-2.0259475902477293,7.853349163914467,0.0,9.805582260996848,10.033148759255877,445.39877206217534,449.1035225165034,0.0
4.517,7.087971493390123,-1.7792755478152245,5.769951834655068,0.0,10.003799745179947,9.851987298891908,441.82455772942416,449.1035225165034,0.0
4.518,7.491031150492954,-1.4315058207997604,7.629848648901451,0.0,10.128291385360967,9.895618664932998,462.715774664576,449.1035225165034,0.0
4.519,7.85178153889319,-1.1203971487513886,-2.951882340155183,0.0,10.213952741472827,8.72909473529639,465.3901839731713,449.1035225165034,0.0
4.5200000000000005,7.4782045594585425,-0.9040640611979933,-4.451953609019527,0.0,10.153710016099447,7.673299776171928,457.09847014586296,449.1035225165034,0.0
4.521,6.72037858857557,-0.6360601283721593,-0.38604617165895094,0.0,9.966594965615652,7.258935658223662,454.0281217095147,449.1035225165034,0.0
4.522,5.967853912104045,-0.47205869892180585,1.099882054585056,0.0,9.741394890474131,7.065288932238121,456.2919543333549,449.1035225165034,0.0
4.523,5.314324171728373,-0.4449541307327012,-0.10391857550355255,0.0,9.518008662041908,6.785572544441398,459.4621327304567,449.1035225165034,0.0
4.524,4.701544228892539,-0.491274519180517,-1.7925938761939753,0.0,9.294355706084387,6.398643392114252,459.90492909193586,449.1035225165034,0.0
4.525,4.077895566544447,-0.551880501447144,-2.1220061226878837,0.0,9.060578584654753,6.0711668187465735,456.9639562160732,449.1035225165034,0.0
4.526,3.4793086920917986,-0.6152023986869091,-0.7301240217522533,0.0,8.823790866905025,5.969069413706868,452.09107175467256,449.1035225165034,0.0
4.527,3.001155934442629,-0.712979143315346,1.6764427165663776,0.0,8.610594403363029,6.150917432198739,447.6337358315847,449.1035225165034,0.0
4.5280000000000005,2.7331574146739888,-0.8862609552746912,3.9198085449594844,0.0,8.454985619893662,6.540663885825333,445.70483988609664,449.1035225165034,0.0
4.529,2.703259882955484,-1.1476426623587728,4.918243344007592,0.0,8.38093152979355,6.963877728645045,446.48372856041516,449.1035225165034,0.0
4.53,2.8554698500460356,-1.4598813490568776,4.554996946409213,0.0,8.388336671451365,7.2703812547493225,447.69886184791284,449.1035225165034,0.0
4.531,3.0873458307502863,-1.752538216168969,3.9614769093462794,0.0,8.45472152006918,7.461335944101457,447.67519810273154,449.1035225165034,0.0
4.532,3.3272470492339297,-1.97321533881931,3.987592026074646,0.0,8.554911267580842,7.624571138364748,445.6642024652188,449.1035225165034,0.0
4.533,3.5639373825556264,-2.10611327884654,5.0274830453438595,0.0,8.67381756194416,7.871991724424654,442.53767071475136,449.1035225165034,0.0
4.534,3.8389815155990883,-2.170780380474413,6.656407438595105,0.0,8.81135968725593,8.247455703078284,439.2600399532135,449.1035225165034,0.0
4.535,4.204363410322218,-2.193512286080419,8.393657644996937,0.0,8.974547836502266,8.736494208080305,436.4870208085527,449.1035225165034,0.0
4.5360000000000005,4.694725010551893,-2.190206545734199,9.90633223440684,0.0,9.169730070830028,9.291683423199801,435.48468010494173,449.1035225165034,0.0
4.537,5.3173845130836135,-2.1619566094070444,10.0,0.0,9.397838567644436,9.742459719285078,437.1697465369562,449.1035225165034,0.0
4.538,6.005712591188323,-2.0767887182298645,9.809621733909614,0.0,9.639127875719716,10.07960145495119,442.3096778747329,449.1035225165034,0.0
4.539,6.704430483213496,-1.921953026674553,7.307594511438961,0.0,9.873822179394766,10.063863048705631,445.6176653380199,449.1035225165034,0.0
4.54,7.26461213571133,-1.6590743180814642,5.688459351580315,0.0,10.05610491104807,9.865450515237882,437.9417452800466,449.1035225165034,0.0
4.541,7.655077911246545,-1.300259644240211,9.63803715293154,0.0,10.163477289152656,10.118402999245555,458.36646247722774,449.1035225165034,0.0
4.542,7.99473023984228,-1.204832391078296,-0.6669508452662867,0.0,10.278498826738158,9.150295916457473,462.73292229780463,449.1035225165034,0.0
4.543,7.762342743387226,-1.0655814766968685,-2.9864747533677454,0.0,10.270844174235961,8.16736309369358,468.0145921076158,449.1035225165034,0.0
4.5440000000000005,7.116152789013418,-0.8860108486954856,-5.8164203541844435,0.0,10.147301444771257,7.062616330963607,468.2730099801408,449.1035225165034,0.0
4.545,6.124008670116884,-0.6523227173585393,-6.137324165083318,0.0,9.901728323812979,6.151663961904327,463.0466764130969,449.1035225165034,0.0
4.546,4.9793986546048705,-0.41386028491965887,-3.66358892052732,0.0,9.565723291789686,5.698555093182652,456.1752292599295,449.1035225165034,0.0
4.547,3.9424196741810342,-0.257074690483156,-0.29858241137786923,0.0,9.203146085032936,5.7051915593831986,450.68394522625624,449.1035225165034,0.0
4.548,3.1974239280780012,-0.2493681199425946,2.4312553783612287,0.0,8.878210378756815,6.013118492334917,448.4875788907712,449.1035225165034,0.0
4.549,2.79979908257027,-0.4087508009215803,3.53559798236107,0.0,8.634170097016572,6.388227245451262,448.49045704267246,449.1035225165034,0.0
4.55,2.682350076384143,-0.6900495002560532,3.540289561148751,0.0,8.48139374887899,6.699836884933992,449.4171081081405,449.1035225165034,0.0
4.551,2.7348400831129944,-1.025881606846807,3.073828172498362,0.0,8.409184544235078,6.9067018663132345,450.19326351589166,449.1035225165034,0.0
4.5520000000000005,2.858900928288008,-1.3520635271935912,2.6748530586288988,0.0,8.397404448365721,7.033314987549063,449.5323996678786,449.1035225165034,0.0
4.553,2.9959387462253506,-1.624070729282755,3.000996211121665,0.0,8.426122647233223,7.172120733465913,447.7023036140361,449.1035225165034,0.0
4.554,3.1454006459810824,-1.8317733911364908,3.930056427067593,0.0,8.485976821588679,7.383782486113197,445.3932844070836,449.1035225165034,0.0
4.555,3.3356534741314663,-1.9836913315420213,5.121668411638033,0.0,8.575645700599388,7.682617004975602,442.60289104345645,449.1035225165034,0.0
4.556,3.596323542412543,-2.090750209271115,6.58187140818209,0.0,8.696488440741412,8.082469990397563,440.0886359609988,449.1035225165034,0.0
4.557,3.957296553209063,-2.164925018612469,7.929147814965976,0.0,8.852320845661684,8.550919995567511,437.7832783248628,449.1035225165034,0.0
4.558,4.429744238455616,-2.2066191561310817,9.195029074950366,0.0,9.043259617640565,9.06552289997379,436.3710116516667,449.1035225165034,0.0
4.559,5.014345431940731,-2.212084436377084,10.0,0.0,9.266749042314057,9.564065725862035,436.5727859752565,449.1035225165034,0.0
4.5600000000000005,5.687399481423233,-2.1668175204287685,10.0,0.0,9.512709793552247,9.958863568870093,440.21017501948154,449.1035225165034,0.0
4.561,6.392631599660197,-2.0516031452063714,8.32153016679991,0.0,9.761333341852444,10.083301028537903,445.43013108767764,449.1035225165034,0.0
4.562,7.014311086178796,-1.8338840010890838,5.748286046990119,0.0,9.974741319188727,9.892552519887207,443.9018947522452,449.1035225165034,0.0
4.563,7.443792797025752,-1.5015326196390526,6.564420492348919,0.0,10.11335218740798,9.816700696694797,441.3280739363654,449.1035225165034,0.0
4.564,7.799434261194573,-1.1243514600468605,7.9290853860901995,0.0,10.192350372745427,9.869421192551401,471.17891651078884,449.1035225165034,0.0
4.565,7.9596481962711145,-1.0901197255674298,-7.217089841064374,0.0,10.26872710993797,8.230976415214942,475.2369265131316,449.1035225165034,0.0
4.566,7.306472470513269,-0.8685045134832077,-9.507428882202042,0.0,10.149586339693146,6.736989716261917,464.39551547794264,449.1035225165034,0.0
4.567,6.1489520560854,-0.5142607935926722,-4.239643294221949,0.0,9.856210319510383,6.103642903598383,453.6010224396106,449.1035225165034,0.0
4.5680000000000005,5.0149293922757145,-0.24303303437734103,1.1126282257130113,0.0,9.502544603764765,6.1535324703707595,449.1986728902588,449.1035225165034,0.0
4.569,4.208155029221574,-0.17939262189643612,3.3128514966513345,0.0,9.1849462484902,6.428973306793061,450.7004368517005,449.1035225165034,0.0
4.57,3.7422548828310696,-0.31404494788118154,2.546000372578529,0.0,8.942099972368451,6.581935640160698,454.08638694838174,449.1035225165034,0.0
4.571,3.471564783302619,-0.552685472238533,0.8031966799191181,0.0,8.763738491615102,6.536394127111816,455.5170651989582,449.1035225165034,0.0
4.572,3.2554116098002788,-0.8006250090052285,0.023722127806331095,0.0,8.62354595143296,6.43032640157664,453.6416518115957,449.1035225165034,0.0
4.573,3.0505182504769,-1.0177189822634087,0.916047528536672,0.0,8.508166834406257,6.4471734719687905,449.8471143799481,449.1035225165034,0.0
4.574,2.9034851473755885,-1.2195369216581327,2.805880325726024,0.0,8.426039369722266,6.663880985050486,446.7925617671349,449.1035225165034,0.0
4.575,2.8803484105702877,-1.4374502242191383,4.356266239626315,0.0,8.395747686702615,7.003423832930323,445.61274278048353,449.1035225165034,0.0
4.5760000000000005,2.9970156007884268,-1.6737612940830142,4.981083530312191,0.0,8.426254541432327,7.346144512264606,445.3839941048396,449.1035225165034,0.0
4.577,3.2165959296767888,-1.8971798704661391,5.132653152250801,0.0,8.510195711325999,7.645081130369281,445.20969108775955,449.1035225165034,0.0
4.578,3.4946311221957336,-2.0724105743317627,5.258742975078256,0.0,8.632677617702159,7.90648432005629,443.22055113757887,449.1035225165034,0.0
4.579,3.8050997872576766,-2.17531681147679,6.312142663957845,0.0,8.778619031456703,8.23723724772907,440.43991274671674,449.1035225165034,0.0
4.58,4.175446444995182,-2.218338979773419,7.789097957086772,0.0,8.946744972744243,8.663806663664905,437.4678326969683,449.1035225165034,0.0
4.581,4.64019884277138,-2.2177839991005697,9.391494880156351,0.0,9.14022399193964,9.178606543564271,435.8396084603135,449.1035225165034,0.0
4.582,5.223683590971278,-2.1851216610225657,10.0,0.0,9.362247789823583,9.652650133021119,436.7708411803224,449.1035225165034,0.0
4.583,5.890206133370691,-2.103710019909711,9.989191669622087,0.0,9.600844909723175,10.026735143598733,441.1680866944326,449.1035225165034,0.0
4.5840000000000005,6.586984305653933,-1.9584728279314303,7.869923270787705,0.0,9.837828843984092,10.084279551013376,445.71211977208515,449.1035225165034,0.0
4.585,7.177093389780509,-1.7124804195314949,5.631820759405609,0.0,10.03126203255617,9.876825101317873,440.45194833484175,449.1035225165034,0.0
4.586,7.581237275130949,-1.363874152773013,8.348422219843926,0.0,10.148719692042057,9.992111864663876,470.41147907822716,449.1035225165034,0.0
4.587,7.9130838178738,-1.1742637480345768,-6.844422717466019,0.0,10.24858918006031,8.376775079067187,458.3613769370123,449.1035225165034,0.0
4.588,7.3649210070390385,-0.8867029927354267,-0.9119501910636898,0.0,10.14720246168155,7.801075722728598,452.58176893493044,449.1035225165034,0.0
4.589,6.690897396391581,-0.6603218300562176,1.943071345792983,0.0,9.976358159165082,7.596196243039075,457.07794103987675,449.1035225165034,0.0
4.59,6.081672021257518,-0.5808862752311029,-0.38475889191390555,0.0,9.79563623952734,7.170383294708805,462.69402714405385,449.1035225165034,0.0
4.591,5.423424445329539,-0.5697794243100291,-3.3287069902779605,0.0,9.589977818967277,6.5348384404055455,463.83177187092696,449.1035225165034,0.0
4.5920000000000005,4.6491458944866775,-0.5459912190343714,-4.04486184725875,0.0,9.338825120961786,5.9715328410258,460.035517354456,449.1035225165034,0.0
4.593,3.833514989541596,-0.5083506955815356,-2.256054537402786,0.0,9.052554557291813,5.725349498472967,453.400328827512,449.1035225165034,0.0
4.594,3.1362308935827983,-0.5118758888216036,1.018571662959117,0.0,8.771056892224488,5.886023184255693,448.0144324426435,449.1035225165034,0.0
4.595,2.704371265834909,-0.6265149307674345,3.7224107561319597,0.0,8.546351404923811,6.307687491291486,445.46180064363926,449.1035225165034,0.0
4.596,2.576511450732203,-0.8692033882056842,5.035143874362724,0.0,8.41183223695553,6.791823054351106,446.44841105202744,449.1035225165034,0.0
4.597,2.6904114763320974,-1.2021000419815504,4.568389784813396,0.0,8.373370289431001,7.135815262308185,448.2381483337378,449.1035225165034,0.0
4.598,2.914502957515894,-1.5413127815075214,3.6821748857858734,0.0,8.40713819226473,7.32523489404535,448.95321736416753,449.1035225165034,0.0
4.599,3.1497035664745674,-1.8172589206399028,3.3261434220943666,0.0,8.483433215898108,7.4451568887027655,447.4313128656871,449.1035225165034,0.0
4.6000000000000005,3.3635738173134184,-2.0001501514385134,4.1038177678427346,0.0,8.581449510630408,7.6286469574243245,444.5400747847605,449.1035225165034,0.0
4.601,3.5908725882891908,-2.1054925143705727,5.595071285623463,0.0,8.69777193037618,7.936986629946411,441.22913693414887,449.1035225165034,0.0
4.602,3.8869816632160044,-2.1601566644861268,7.329284066752834,0.0,8.838255708282974,8.371676437405098,438.19761905653576,449.1035225165034,0.0
4.603,4.295706350905492,-2.1848891701936166,8.954102040159066,0.0,9.01033402327162,8.896334866275406,436.06739119021876,449.1035225165034,0.0
4.604,4.83609384461076,-2.1861944014554626,10.0,0.0,9.217566600030164,9.429180502175312,435.66578976060174,449.1035225165034,0.0
4.605,5.489469984543018,-2.151224300051413,10.0,0.0,9.453500719235779,9.85253835210717,438.33840398533596,449.1035225165034,0.0
4.606,6.19137203649501,-2.0525861150199027,9.243472580496569,0.0,9.697676712174596,10.103260348505636,443.87566702179,449.1035225165034,0.0
4.607,6.865129620172782,-1.8706961975001146,6.527119617216692,0.0,9.923485796382511,9.994999879107345,445.34580679388307,449.1035225165034,0.0
4.6080000000000005,7.367306023545905,-1.5765607850815897,5.82962688839635,0.0,10.085351929038966,9.82208386599797,432.81861025465616,449.1035225165034,0.0
4.609,7.730890251125013,-1.2034446731228834,10.0,0.0,10.175638428927572,10.113389536029814,452.7988095922,449.1035225165034,0.0
4.61,8.038506718161708,-1.1564933469036585,2.18390025548684,0.0,10.28459336106597,9.452916616936607,475.761253676177,449.1035225165034,0.0
4.611,7.914985203905825,-1.1186140100374655,-9.563899098098398,0.0,10.312908294288116,7.671953082755825,479.4760115331435,449.1035225165034,0.0
4.612,6.990795875458355,-0.8614332103650211,-10.0,0.0,10.132384286174664,6.241849900628677,469.850513840352,449.1035225165034,0.0
4.613,5.661722499778951,-0.49352538464475804,-7.085223925255832,0.0,9.78900430782734,5.398647191184033,456.3600180796403,449.1035225165034,0.0
4.614,4.315258001785149,-0.16201305960950751,-0.412541000531367,0.0,9.362854778873606,5.445094476843895,447.1057906073881,449.1035225165034,0.0
4.615,3.3628882767677006,-0.04340665350055528,4.234550054685906,0.0,8.9742333499596,5.9800312926410335,445.2564668628481,449.1035225165034,0.0
4.616,2.9158728653262056,-0.18700169385254212,5.197682483492467,0.0,8.694949264016516,6.521733938591994,448.21755136555004,449.1035225165034,0.0
4.617,2.837679736435967,-0.5120616825761312,3.725999943651018,0.0,8.532084499618913,6.8139525977464395,451.933679485097,449.1035225165034,0.0
4.618,2.9124989639798358,-0.8923923458654359,1.8396343141915992,0.0,8.453313850651103,6.858867474384832,453.19280800181855,449.1035225165034,0.0
4.619,2.9845415199148784,-1.2287685635885157,1.1691772009776749,0.0,8.420109831560556,6.829350683426249,451.4743035493639,449.1035225165034,0.0
4.62,3.0168466796294973,-1.4878579882167904,2.0047216168763815,0.0,8.412410609815087,6.895246484526209,448.4730072064441,449.1035225165034,0.0
4.621,3.0574554787983335,-1.6878095206486323,3.5116749414368895,0.0,8.431474664675385,7.107048288572869,445.547185064701,449.1035225165034,0.0
4.622,3.1654022228894676,-1.8553723227033228,5.010149386826455,0.0,8.48624488735601,7.437870919589801,443.4507627321022,449.1035225165034,0.0
4.623,3.375056418224425,-2.00276316990516,6.114888150969877,0.0,8.583157716041923,7.825642335329051,441.70769639682976,449.1035225165034,0.0
4.624,3.687582090972137,-2.1233316136139013,7.060379579802829,0.0,8.720945023769112,8.24500327984426,439.9751073961572,449.1035225165034,0.0
4.625,4.095643312549411,-2.205794762853566,8.017958231342558,0.0,8.894754957154381,8.690324120415687,438.01500738708006,449.1035225165034,0.0
4.626,4.593974715554903,-2.241554244296222,9.108893387175375,0.0,9.098824892724561,9.168185108779877,436.7227947201835,449.1035225165034,0.0
4.627,5.183588201001292,-2.2283601187080726,9.878806998586846,0.0,9.328464984945017,9.632573968192549,437.53463341318553,449.1035225165034,0.0
4.628,5.847067549070276,-2.1589825882691986,9.588576543119016,0.0,9.574080366792302,9.966776871237302,441.13903409769387,449.1035225165034,0.0
4.6290000000000004,6.521539012881465,-2.012417090750607,7.866021085052944,0.0,9.813126071336676,10.037985158791177,445.4123943928874,449.1035225165034,0.0
4.63,7.099137728606083,-1.7649210205668742,5.76625221869234,0.0,10.009629121436976,9.855437023233499,441.6028234660454,449.1035225165034,0.0
4.631,7.502725492447138,-1.4170977521054198,7.746044672617928,0.0,10.132441454142555,9.91095019797177,466.42950724428204,449.1035225165034,0.0
4.632,7.858776867651033,-1.126955311101685,-4.840557063778187,0.0,10.220086435225609,8.533739399329928,463.4318304926356,449.1035225165034,0.0
4.633,7.395414826031473,-0.875253288596463,-3.485001767716282,0.0,10.13646004027063,7.632521616921537,453.9135739248565,449.1035225165034,0.0
4.634,6.643739220416686,-0.6083823296128776,1.226026002089725,0.0,9.944235721307175,7.395771171177955,453.06604827978515,449.1035225165034,0.0
4.635,5.973192300298248,-0.4838477983385858,1.6101635669925858,0.0,9.73652870081537,7.224861597710525,457.63887336751986,449.1035225165034,0.0
4.636,5.387116397387921,-0.49266939652517294,-0.7616024853849357,0.0,9.534717146139268,6.843299518249051,461.5810490511323,449.1035225165034,0.0
4.6370000000000005,4.776655313283112,-0.54325691101623,-2.857465592537449,0.0,9.320406949596778,6.334175170225539,461.2176921725919,449.1035225165034,0.0
4.638,4.10033286046699,-0.5777879184451096,-2.7969288498281335,0.0,9.079907873578453,5.950440769088402,456.93815980001483,449.1035225165034,0.0
4.639,3.439052701114444,-0.6070184072197382,-0.7355090363747077,0.0,8.827955308739169,5.873158305516555,451.0786225185783,449.1035225165034,0.0
4.64,2.926928389233014,-0.6844231971042595,2.1745086043228086,0.0,8.60169197602618,6.127617446873586,446.48577641001606,449.1035225165034,0.0
4.641,2.666498300664851,-0.8601014578716808,4.497109119668803,0.0,8.44205145150576,6.583916287728381,445.2015147792268,449.1035225165034,0.0
4.642,2.6713741567446396,-1.1396627482023474,5.178260012436207,0.0,8.372999822851565,7.027181140042153,446.61865710475394,449.1035225165034,0.0
4.643,2.857912627880745,-1.4697892812981659,4.494537503790125,0.0,8.3886981480314,7.31672288611621,448.1416477640965,449.1035225165034,0.0
4.644,3.107844151525103,-1.7701550768233867,3.7426609216429165,0.0,8.461519787477474,7.477384008261595,448.0585046435983,449.1035225165034,0.0
4.6450000000000005,3.3481966473480105,-1.9875260198840086,3.7946826606210493,0.0,8.564032520974887,7.618562879942036,445.8776854991909,449.1035225165034,0.0
4.646,3.576153940666842,-2.111170659505147,4.9173506029979,0.0,8.681839069218332,7.856176616769009,442.3900892322567,449.1035225165034,0.0
4.647,3.8410991481065526,-2.1658471290145744,6.728283069307462,0.0,8.816404301569952,8.242921126722731,438.9306734529576,449.1035225165034,0.0
4.648,4.204437213789477,-2.1835441623074927,8.559719449592468,0.0,8.977587370648909,8.750478650933772,436.17647647812936,449.1035225165034,0.0
4.649,4.701876768854423,-2.1805484221359364,10.0,0.0,9.172901383489268,9.312430255973267,435.2872672284764,449.1035225165034,0.0
4.65,5.333433230191242,-2.1536693374066065,10.0,0.0,9.401952413631037,9.758818481092378,437.13526407143604,449.1035225165034,0.0
4.651,6.027112260537291,-2.0683830777888677,9.830267293977135,0.0,9.643624465559881,10.094813260326537,442.46844857834986,449.1035225165034,0.0
4.652,6.729676217243149,-1.9135501235086962,7.230025779901759,0.0,9.878550027844614,10.06670128240792,445.607583275972,449.1035225165034,0.0
4.6530000000000005,7.287548054500267,-1.648936461135434,5.69541782349601,0.0,10.059612662790755,9.867748335914536,437.27529423446254,449.1035225165034,0.0
4.654,7.676718051673623,-1.2890325606341,9.979844627071145,0.0,10.16573044716153,10.156199994205926,456.2594365447087,449.1035225165034,0.0
4.655,8.023581839065796,-1.212230418027305,0.41621433166600763,0.0,10.285232422242633,9.297311347933537,464.49847714279457,449.1035225165034,0.0
4.656,7.846983523706825,-1.1023385508493826,-3.857255513639836,0.0,10.295575251224882,8.18471083633031,471.4387289183693,449.1035225165034,0.0
4.657,7.1800696075469315,-0.9219594258352246,-7.550733465445855,0.0,10.174880961068807,6.892451330164028,469.8925877427134,449.1035225165034,0.0
4.658,6.090153612354606,-0.6472393410639308,-6.985553529879996,0.0,9.90861473123701,5.929674538338627,462.2756072145805,449.1035225165034,0.0
4.659,4.853667308562551,-0.36506591620858764,-3.3087841127943176,0.0,9.544405569319474,5.560455972701558,454.17830461738004,449.1035225165034,0.0
4.66,3.789252758205684,-0.19377322659873053,0.6891193647971354,0.0,9.163675005421457,5.699460773301977,448.8808941273569,449.1035225165034,0.0
4.6610000000000005,3.0844894326681147,-0.20576229186949813,3.3400508937001705,0.0,8.837949702049166,6.104995291161538,447.7698528503263,449.1035225165034,0.0
4.662,2.759803966130777,-0.40310435542133527,3.9089082288772454,0.0,8.606938117138053,6.502136586542092,448.9423361536408,449.1035225165034,0.0
4.663,2.7049266015874953,-0.7177388508924385,3.324278440848625,0.0,8.471378194122414,6.769254399292946,450.4017169590472,449.1035225165034,0.0
4.664,2.7831260351680025,-1.0663158635200223,2.581606093719989,0.0,8.411283171117745,6.911106066824002,450.85990914037626,449.1035225165034,0.0
4.665,2.8973389210443994,-1.3841067635792994,2.3349461368167197,0.0,8.40285404604689,7.001275770402809,449.6619775932032,114.821252803471,0.0
4.666,3.0111592923338693,-1.6390933891586288,-10.0,0.0,8.42915542365414,5.715830003652771,431.55618050670085,114.821252803471,0.0
4.667,2.5644868778030228,-1.4759280027285206,-10.0,0.0,8.303784028062553,4.735180582017913,405.2023552146323,114.821252803471,0.0
4.668,1.8494408461000114,-1.077282477952004,-10.0,0.0,8.050665476005527,3.914247302329407,376.14526364796967,114.821252803471,0.0
4.6690000000000005,1.025051270186219,-0.5564353993461264,-10.0,0.0,7.687458727786467,3.233627888437534,347.01667051110127,114.821252803471,0.0
4.67,0.20170244480266156,0.0016709614001188117,-10.0,0.0,7.2363274841041,2.6670742161459984,318.7070387940268,114.821252803471,0.0
4.671,-0.5531554170289534,0.5366923243639878,-10.0,0.0,6.720382711242252,2.18686366326302,290.9426410721079,114.821252803471,0.0
4.672,-1.2051914273477191,1.0110348303442542,-10.0,0.0,6.161183898350101,1.7672550708989019,262.9715364784413,114.821252803471,0.0
4.673,-1.7434737249854615,1.4067436616883273,-10.0,0.0,5.577159561122707,1.3863781491189457,234.140515447283,114.821252803471,0.0
4.674,-2.1729277892464975,1.7200457559470372,-10.0,0.0,4.98294382338504,1.027043609886582,204.225474023741,114.821252803471,0.0
4.675,-2.507719205319275,1.956878966731497,-10.0,0.0,4.389297573254199,0.6767534659290835,173.5785813377792,114.821252803471,0.0
4.676,-2.766019207661825,2.129298330831027,-10.0,0.0,3.8033891357975906,0.3271927974512028,143.00711993530197,114.821252803471,0.0
4.6770000000000005,-2.9675727412421042,2.2505610931141735,-10.0,0.0,3.2295007650287024,-0.026414759254144826,113.51289307040608,114.821252803471,0.0
4.678,-3.131485918225488,2.332654736534112,1.4264971406559168,0.0,2.6698228025128072,0.8708792022386732,94.86717837947147,114.821252803471,0.0
4.679,-2.730690046425523,2.1083107362175837,10.0,0.0,2.281340808866801,2.4055696367840786,92.79580271430397,114.821252803471,0.0
4.68,-1.6547111737798739,1.5292073512896731,10.0,0.0,2.1466339903788407,3.547858082643882,103.37705360324453,114.821252803471,0.0
4.681,-0.2826490646551579,0.7984335552855735,6.965959013578728,0.0,2.214220782036828,4.088535450285306,119.29944302635732,114.821252803471,0.0
4.682,1.012637098363423,0.11644652605568084,-1.0400176002065302,0.0,2.396827466548407,3.6028258858354247,130.09552105652105,114.821252803471,0.0
4.683,1.775916217970651,-0.2832195286789453,-6.5907992978188945,0.0,2.54974592189235,2.582413884155573,128.92063081694786,114.821252803471,0.0
4.684,1.8966733587799678,-0.35089067354319414,-6.144347958167069,0.0,2.588778496921633,1.778301898222972,117.25031541389657,114.821252803471,0.0
4.6850000000000005,1.6389116438327618,-0.2162180261600528,-0.3334808827456798,0.0,2.5280059131939416,1.7227965933386804,104.52182806536015,114.821252803471,0.0
4.686,1.4389860230189702,-0.09239928804851583,6.133757038903638,0.0,2.455486722632152,2.339466262337304,100.47133555381392,114.821252803471,0.0
4.687,1.5815505320909626,-0.1218669177075552,8.302502467173328,0.0,2.4563660446700135,3.043425311067003,107.87230503660636,114.821252803471,0.0
4.688,2.009274846198581,-0.2847955650568891,4.671507203445751,0.0,2.545180814288894,3.2103554243736676,119.45931691336892,114.821252803471,0.0
4.689,2.3981893269629797,-0.43445518324214927,-1.1683793760345087,0.0,2.6566403898034388,2.7248930824629944,123.38693064372883,114.821252803471,0.0
4.69,2.4600619194993953,-0.441032387672628,-3.2178430196170416,0.0,2.707634669880962,2.1291639569242062,114.8355581699446,114.821252803471,0.0
4.691,2.238033565615901,-0.3111648039373732,1.057700163610336,0.0,2.679605403141671,2.1139534033904335,103.77398123966952,114.821252803471,0.0
4.692,2.0788410351803925,-0.1906670597628316,6.698961344385891,0.0,2.6409019317010856,2.690535171398219,104.40452739644714,114.821252803471,0.0
4.6930000000000005,2.2354050818889837,-0.1988546323037531,6.487855520067324,0.0,2.6658325946265826,3.107140192536068,115.74900195542776,114.821252803471,0.0
4.694,2.540562210595793,-0.2870195201875563,0.8063407490574455,0.0,2.739546955315126,2.8297205675941184,122.64485094117471,114.821252803471,0.0
4.695,2.6322482449805724,-0.3054215359701661,-2.7198197251930676,0.0,2.779290490297867,2.249317944262502,116.30457788858537,114.821252803471,0.0
4.696,2.4226638717436586,-0.22442929312536863,0.43548355025045815,0.0,2.747926242578419,2.1372460432035223,106.66099579893252,114.821252803471,0.0
4.697,2.2258115657214748,-0.13242157689276635,5.33887716512227,0.0,2.69918030316788,2.5606230822900318,107.55235551586462,114.821252803471,0.0
4.698,2.279843333131018,-0.14763978616163898,4.965886279532283,0.0,2.700240741788948,2.8388128724879476,116.31493508144004,114.821252803471,0.0
4.699,2.4420234457950363,-0.22990956096839876,0.5696596739648814,0.0,2.737911608703755,2.5921352150527177,121.78587776711305,114.821252803471,0.0
4.7,2.441322571215368,-0.25906627542639116,-2.2354579185080437,0.0,2.749532164025871,2.110990638266548,118.37850406061571,114.821252803471,0.0
4.7010000000000005,2.219169919610953,-0.19322053050368737,-0.5673435778308216,0.0,2.7043416070510804,1.9150961110211193,111.5057602201456,114.821252803471,0.0
4.702,1.9712655710932485,-0.10757876012065859,2.9021832682374864,0.0,2.6353185157563193,2.124286742284399,108.4254182983966,114.821252803471,0.0
4.703,1.8898171094836047,-0.093881689380367,4.5063125741627355,0.0,2.5934665366397613,2.453895243774853,110.88501600683493,114.821252803471,0.0
4.704,1.9826494874516873,-0.16392200011895208,3.315876087909927,0.0,2.5966020104725516,2.588342344464959,115.66036656535807,114.821252803471,0.0
4.705,2.111489958565404,-0.2568378697898154,0.9198096710294843,0.0,2.6223889895474817,2.4447512134321845,119.04925069586392,114.821252803471,0.0
4.706,2.138341587827959,-0.3067418320383895,-0.8169123731473666,0.0,2.635798434762277,2.149353858211788,119.0472527545404,114.821252803471,0.0
4.707,2.0210442619567903,-0.29090951430531364,-0.8581734019962988,0.0,2.616086605360429,1.91083691244175,116.145828640481,114.821252803471,0.0
4.708,1.8263413305389906,-0.23548090719507941,0.5792928966632989,0.0,2.568555440716967,1.8729787306468229,113.27365456056569,114.821252803471,0.0
4.7090000000000005,1.6675753341936976,-0.1943194058167601,2.0308559190500075,0.0,2.518018095277845,1.994967750326788,112.02492722299307,114.821252803471,0.0
4.71,1.6080732623592469,-0.2003198592287445,2.6831828436410956,0.0,2.4858050512397334,2.161902032914334,112.64325460917074,114.821252803471,0.0
4.711,1.6414370381804289,-0.25130628873081373,2.395799132495264,0.0,2.4790552425752956,2.2665210693086877,114.55976215701888,114.821252803471,0.0
4.712,1.7132104652614115,-0.32131133605695583,1.4401602650357144,0.0,2.490633009327592,2.2501953436673734,116.26382529063673,114.821252803471,0.0
4.713,1.7567567277648974,-0.37736162164028075,0.5737029733551318,0.0,2.5048859077814316,2.1468336992505788,117.4552013109793,114.821252803471,0.0
4.714,1.7388851060341128,-0.4026226304184217,-0.04832452189123826,0.0,2.50959556005797,1.9978763985759722,117.46541039184049,114.821252803471,0.0
4.715,1.655104891444688,-0.39425320765711863,-0.07987063820552698,0.0,2.4977652704478683,1.8760731027419024,116.59379376802025,114.821252803471,0.0
4.716,1.5360953464286762,-0.36655153957484377,0.33821226405910276,0.0,2.4719741909539343,1.8238249357483474,115.55683139270069,114.821252803471,0.0
4.7170000000000005,1.4236183385872054,-0.3406530531730795,0.8493376658265865,0.0,2.440965585886666,1.8374478180889342,114.87495471627331,114.821252803471,0.0
4.718,1.346245181175164,-0.3320111709791627,1.1897389849122528,0.0,2.4137285073828694,1.8863267200073937,114.72897343977999,114.821252803471,0.0
4.719,1.310920710041725,-0.34431249198824454,1.263652416795821,0.0,2.395542591054237,1.9354324484505205,115.02885409184113,114.821252803471,0.0
4.72,1.306413053114236,-0.3717562243506776,1.1116360778815526,0.0,2.3869816365525582,1.9604906783677563,115.54550190811368,114.821252803471,0.0
4.721,1.313136509116001,-0.4041026423562869,0.8460696786988497,0.0,2.3850662691497626,1.9537101925926763,116.04401226601584,114.821252803471,0.0
4.722,1.313068457805791,-0.43185705947561787,0.58458690512232,0.0,2.385393911612809,1.921383497757375,116.36916463850962,114.821252803471,0.0
4.723,1.2959905308348538,-0.4494511638255965,0.4065316005250461,0.0,2.384113927653325,1.8772288723356738,116.42766716831673,114.821252803471,0.0
4.724,1.2609074237360893,-0.4560770083326795,0.36121619197303145,0.0,2.379099381399899,1.837845931676601,116.26861408603081,114.821252803471,0.0
4.7250000000000005,1.2147495542259095,-0.45536325194001903,0.4262691202903943,0.0,2.3705032240576447,1.8142353412336543,116.02660308829056,114.821252803471,0.0
4.726,1.1676587592195857,-0.4528194434928253,0.5352211163123246,0.0,2.3601329420400554,1.80817879313561,115.83576982734076,114.821252803471,0.0
4.727,1.127893866621922,-0.45301375737076444,0.6204925765485279,0.0,2.3502408460254673,1.813884442547053,115.77807063317712,114.821252803471,0.0
4.728,1.0988667911602288,-0.4578724813445125,0.6397739953332828,0.0,2.3424410410518153,1.8220938882546651,115.85518701950063,114.821252803471,0.0
4.729,1.078878574607706,-0.46644617119542686,0.5908764600112313,0.0,2.337136679790152,1.8250392988870372,115.94909365478948,114.821252803471,0.0
4.73,1.0631808796165134,-0.47602089990492513,0.5326447338536235,0.0,2.333624778977428,1.8227700820893955,116.02733090683613,114.821252803471,0.0
4.731,1.048227880821044,-0.48460685395803477,0.481465326796648,0.0,2.3310858542249586,1.816817032293144,116.06383722050546,114.821252803471,0.0
4.732,1.0321136244828173,-0.49110923538858353,0.4507863257916358,0.0,2.3288349193849407,1.8099655371705397,116.05231726398559,114.821252803471,0.0
4.7330000000000005,1.0147184854184814,-0.49543250143771406,0.4442356594464283,0.0,2.3265344639677648,1.8049126375219655,116.00063092200621,114.821252803471,0.0
4.734,0.9971915510368251,-0.4982106607405825,0.4582850492507642,0.0,2.324221128990271,1.8034999332297998,115.85941019061126,114.821252803471,0.0
4.735,0.9812346518053825,-0.5003592783827324,0.5185138410768377,0.0,2.322206423428918,1.8100618286435675,115.90675488738795,114.821252803471,0.0
4.736,0.9699202063560192,-0.5036740120173798,0.4839864718493232,0.0,2.321392512488467,1.8124507854336511,115.95114061607786,114.821252803471,0.0
4.737,0.9603132643767651,-0.5063986539805295,0.4504947293782957,0.0,2.321165451600671,1.8121242566343678,115.95893951524867,114.821252803471,0.0
4.738,0.9508676833147622,-0.507642179990168,0.43521841267511485,0.0,2.321037985363154,1.811405141710622,115.92359200421399,114.821252803471,0.0
4.739,0.9414901106052709,-0.5073415485089765,0.4418687761850282,0.0,2.3208058495339863,1.8125665719960449,115.86039291969915,114.821252803471,0.0
4.74,0.9331334494021712,-0.5060319249720732,0.4630769172801642,0.0,2.320572018042029,1.8166804945606208,115.79060658085116,114.821252803471,0.0
4.741,0.9269824562513174,-0.5043813634268421,0.48827654893035766,0.0,2.3206044964211214,1.823512562424676,115.72740795583948,114.821252803471,0.0
4.742,0.9238096690055089,-0.5028150776344754,0.5108143099125126,0.0,2.321161147927001,1.8321793253973007,115.66940160706872,114.821252803471,0.0
4.743,0.9237937334010011,-0.5014063202715274,0.5313359962619156,0.0,2.3223895101275533,1.8420371101559019,115.60007388761456,114.821252803471,0.0
4.744,0.9267808021218169,-0.500019204267473,0.5582116451475626,0.0,2.3243423193970947,1.8534543202572895,115.47330219539113,114.821252803471,0.0
4.745,0.9328236029434155,-0.4985867323801282,0.6150769973400756,0.0,2.3270978680022543,1.869276685124645,115.17290685480232,114.821252803471,0.0
4.746,0.943053205662096,-0.4979003201410289,0.7617581271211659,0.0,2.331098917606205,1.898293810828937,115.05358340722539,114.821252803471,0.0
4.747,0.96151551814677,-0.5013962726632107,0.8190965448720877,0.0,2.3379929937200212,1.9277211852318583,115.10357066834945,114.821252803471,0.0
4.748,0.9863388406429687,-0.5071402676647895,0.7912797356612737,0.0,2.3477372795876996,1.948716054265434,115.22651576714817,114.821252803471,0.0
4.749,1.0121867482529765,-0.5117271332631912,0.7257545566251402,0.0,2.359053739037776,1.959061226768416,115.32550155884726,114.821252803471,0.0
4.75,1.0342070374419747,-0.512249799483167,0.6712191732218312,0.0,2.3702846944213567,1.9619961348474138,115.33985305087212,114.821252803471,0.0
4.751,1.0503469681305049,-0.5075413637694692,0.6588574247353911,0.0,2.3801628904837724,1.9633910196735467,115.25876667872797,114.821252803471,0.0
4.752,1.0617696625293196,-0.49836116546378706,0.6950254720548996,0.0,2.3882300179660714,1.9686412412363348,115.11121346303464,114.821252803471,0.0
4.753,1.0717698644810612,-0.4867138086046191,0.7659024733059239,0.0,2.394826047584968,1.9806221477847874,114.9425907505693,114.821252803471,0.0
4.7540000000000004,1.0840643142771271,-0.4748217732555698,0.8490004500676158,0.0,2.400768914577017,1.9992441866135098,114.79127833666752,114.821252803471,0.0
4.755,1.1013386868448327,-0.4642726252542332,0.9249564016865395,0.0,2.4069382128260757,2.0223452466845444,114.67747716010041,114.821252803471,0.0
4.756,1.1245819711443201,-0.45564363180307466,0.9832947464037994,0.0,2.413956989457719,2.0470267714288233,114.60442347357504,114.821252803471,0.0
4.757,1.1532014013312977,-0.44859066557683913,1.021989882965444,0.0,2.4220525045502512,2.0706993984588737,114.56469875347226,114.821252803471,0.0
4.758,1.1855844246792906,-0.44219867742487917,1.0444177835168225,0.0,2.4310731418020817,2.0916184937237987,114.54655347683406,114.821252803471,0.0
4.759,1.2197600542798415,-0.435384366925688,1.0562374151022886,0.0,2.44059797058183,2.108988134633721,114.53790880230133,114.821252803471,0.0
4.76,1.253935106262976,-0.4272174378227985,1.0633931923803515,0.0,2.4500770614782708,2.1228247340932187,114.52660143392643,114.821252803471,0.0
4.761,1.286825275250977,-0.4171117108012971,1.0719933902632475,0.0,2.4589619425496796,2.1338238786218997,114.49874890969313,114.821252803471,0.0
4.7620000000000005,1.3178313541553777,-0.40491229314962257,1.089144691317674,0.0,2.466817371295347,2.1433304709524066,114.43717531605186,114.821252803471,0.0
4.763,1.3471459726313886,-0.3909223835670516,1.1237722630125007,0.0,2.4734210205219327,2.153394919557001,114.32417176837613,114.821252803471,0.0
4.764,1.3758464906019292,-0.3759030204519429,1.185244847201315,0.0,2.478858518839482,2.1666650859756156,114.14859941940283,114.821252803471,0.0
4.765,1.405901332886336,-0.3610267329504853,1.279757555528649,0.0,2.48359308597313,2.1859146301866623,113.90917414016619,114.821252803471,0.0
4.766,1.4399642677305862,-0.3477096399773162,1.408590981780018,0.0,2.488463033462483,2.2134928520843244,113.62170051483615,114.821252803471,0.0
4.767,1.4810062773567556,-0.33731043914704995,1.5643233173313849,0.0,2.4945930672310697,2.2504684774788544,113.32034815518965,114.821252803471,0.0
4.768,1.5315684275270642,-0.3309035452502793,1.7300085436374486,0.0,2.5032068938419085,2.2958761788264717,113.13793336702867,114.821252803471,0.0
4.769,1.592927372414028,-0.3289205509115348,1.8380491320823635,0.0,2.5153460474881304,2.3415882427304293,113.20107606940226,114.821252803471,0.0
4.7700000000000005,1.6623571006405153,-0.3296841392568538,1.8226795482362526,0.0,2.530946316821499,2.374148274845046,113.46989516073519,114.821252803471,0.0
4.771,1.731711533422903,-0.3292808956004585,1.7017835789971458,0.0,2.548190569747335,2.3849327795799007,113.68566028312146,114.821252803471,0.0
4.772,1.7911611066755821,-0.32331047642486266,1.6052569430075048,0.0,2.5641361341813225,2.381108380137413,113.52257211307273,114.821252803471,0.0
4.773,1.836901458449613,-0.31023823792687144,1.6997878349358564,0.0,2.5767264601846387,2.386187698591971,112.82088025528508,114.821252803471,0.0
4.774,1.8770207000430867,-0.29371069948482653,2.070637489311541,0.0,2.586878378589434,2.427910557805906,112.15769138828536,114.821252803471,0.0
4.775,1.9294609058826753,-0.2828672907485116,2.428867536963257,0.0,2.5991598914985685,2.496805901410438,111.29189240304348,114.821252803471,0.0
4.776,2.005286822656614,-0.2784208260144724,2.897060633588472,0.0,2.6167221104438627,2.60014235331095,112.31958820358287,114.821252803471,0.0
4.777,2.1131083585367123,-0.28607709215522625,2.408229379317658,0.0,2.6437484066075014,2.625345903200826,114.45504309101493,114.821252803471,0.0
4.7780000000000005,2.2067912897400395,-0.29001771600684356,1.3441640327261883,0.0,2.6709493341060337,2.529345945062161,114.26677236799152,114.821252803471,0.0
4.779,2.235072246017498,-0.2675661935366237,1.4438441985926869,0.0,2.683321099330607,2.465097471319957,111.14874605484276,114.821252803471,0.0
4.78,2.232460282640321,-0.22907822298890912,3.0395824226533494,0.0,2.6840216791229556,2.5836155499967033,108.58800796017287,114.821252803471,0.0
4.781,2.293844345593673,-0.21051620942723437,4.382283918421274,0.0,2.694847067017437,2.8153132945202337,111.83802575451435,114.821252803471,0.0
4.782,2.4517533523876374,-0.23221651034457724,2.7871072917401034,0.0,2.7303323438113476,2.819271209370449,117.95631020311544,114.821252803471,0.0
4.783,2.5578572757340843,-0.2698982374070371,-0.3033855065568847,0.0,2.7665928713785863,2.492287077369009,116.96028875083694,114.821252803471,0.0
4.784,2.4812469833621265,-0.24287498085108705,0.1732348601087048,0.0,2.7631795574971774,2.2944487510349996,112.16052559876454,114.821252803471,0.0
4.785,2.336009701570997,-0.18433440804822243,2.59972370819197,0.0,2.7341545119277533,2.393410493642058,110.25661534600258,114.821252803471,0.0
4.7860000000000005,2.2779765981788094,-0.1613395521841413,3.5973252091476344,0.0,2.715984116758957,2.5699761026109886,113.56430069120839,114.821252803471,0.0
4.787,2.3154038674260162,-0.1889227964177831,1.956052057667355,0.0,2.720551427428275,2.5318547188426455,117.57301327171253,114.821252803471,0.0
4.788,2.322197572069191,-0.21554041366221832,-0.07582183726712932,0.0,2.7235019741083772,2.2905357727717988,117.97309294642898,114.821252803471,0.0
4.789,2.214627858808723,-0.19918602361130855,-0.3073800760549348,0.0,2.6999604124353414,2.0803917141638175,114.61805745490653,114.821252803471,0.0
4.79,2.0414382947908636,-0.15230772025819594,1.3721696231919316,0.0,2.652765531600477,2.0939491094637237,111.76493725754564,114.821252803471,0.0
4.791,1.9242107797745587,-0.12789741632942275,2.8292928773316324,0.0,2.6094295279804562,2.2560824691246664,111.70695924367637,114.821252803471,0.0
4.792,1.9147708276611821,-0.15407066684537252,2.8894248198642156,0.0,2.589763621284575,2.3895782931770086,113.80459576777582,114.821252803471,0.0
4.793,1.9697433797571102,-0.21318053939304304,1.8507731281714392,0.0,2.591654241138599,2.386763558391311,116.1330556905386,114.821252803471,0.0
4.7940000000000005,2.0085083917926547,-0.26719800047476383,0.6734251379193759,0.0,2.598425147522163,2.261583171255836,117.49940797007977,114.821252803471,0.0
4.795,1.9785447420183189,-0.2905847466256243,-0.03653255351729956,0.0,2.594033292019602,2.0869596989122834,116.90729823497968,114.821252803471,0.0
4.796,1.876010476031062,-0.27921881296038453,0.23866185971766152,0.0,2.571134154668256,1.9777094833838973,115.36846534615638,114.821252803471,0.0
4.797,1.7510131774860245,-0.25510573389392277,1.0026061787024543,0.0,2.5370611301385475,1.9711006668092743,114.15068141148096,114.821252803471,0.0
4.798,1.6566605969135462,-0.24445452763232167,1.6182038599600665,0.0,2.5048040245062366,2.0309505420651544,113.7965243319825,114.821252803471,0.0
4.799,1.6149745022323057,-0.25907070522687725,1.8055296844241833,0.0,2.483471908560762,2.0996815277199037,114.27450719575825,114.821252803471,0.0
4.8,1.6155978956186554,-0.2942088419622896,1.5720057086134356,0.0,2.474865136040258,2.1313598734114967,115.19342969693746,114.821252803471,0.0
4.801,1.6296848751553266,-0.3356397358291505,1.1088226890891657,0.0,2.474492892298966,2.1088514810771475,116.0127861731463,114.821252803471,0.0
4.8020000000000005,1.6280953837379528,-0.3690051318974672,0.6872291172879936,0.0,2.475162918327214,2.0471289547504954,116.50101371151223,114.821252803471,0.0
4.803,1.5968121075332997,-0.38646005850748344,0.4263177390246147,0.0,2.471180077086391,1.9705866332367117,116.4897269809243,114.821252803471,0.0
4.804,1.5369295716443854,-0.3881762975182761,0.41527636254404476,0.0,2.4599555248433584,1.9089690683057285,116.15623159430139,114.821252803471,0.0
4.805,1.4629717643306153,-0.3814884393821676,0.5686742679471979,0.0,2.4429388445464504,1.8769115214483194,115.75720179840623,114.821252803471,0.0
4.806,1.3923890662995426,-0.3753698473181046,0.7588296759454256,0.0,2.423811911047809,1.8727656957830143,115.49169494810032,114.821252803471,0.0
4.807,1.337140852066782,-0.37622498138781196,0.8848786796520882,0.0,2.4063383390008064,1.8844570722474177,115.43198282146423,114.821252803471,0.0
4.808,1.3003834118280402,-0.3858506890570123,0.9086274427901988,0.0,2.392831538307861,1.898074664052741,115.55342107390933,114.821252803471,0.0
4.809,1.2779856926468731,-0.4020576797410046,0.8405866338632642,0.0,2.3837236887632893,1.903354014702434,115.78789865514072,114.821252803471,0.0
4.8100000000000005,1.2620748110029671,-0.42075907062680556,0.7136813847308727,0.0,2.377949642328742,1.8954416958064257,115.99928639957105,114.821252803471,0.0
4.811,1.2447532756856847,-0.43751886458254347,0.5962071765547095,0.0,2.3736183320743223,1.8778363538169716,116.14269328541904,114.821252803471,0.0
4.812,1.2217560935168337,-0.4500325834480485,0.5112893288112317,0.0,2.369168529782047,1.8557486685163995,116.21003043172527,114.821252803471,0.0
4.813,1.1924213370444747,-0.45787908330402094,0.463732979375574,0.0,2.3636929169844434,1.8340396029464414,116.16785807656306,114.821252803471,0.0
4.814,1.15861002415053,-0.46193318374921777,0.4713531042257575,0.0,2.3569614449600174,1.8186935567352058,116.07543692096593,114.821252803471,0.0
4.815,1.1243927377206058,-0.46441616589662366,0.5050218408493765,0.0,2.349601102548672,1.8112621161010987,116.0581679332397,114.821252803471,0.0
4.816,1.0934661719183048,-0.46739486767807137,0.5012871834148023,0.0,2.3425364776895368,1.8061500349791837,116.00025975029955,114.821252803471,0.0
4.817,1.0661376944915402,-0.4709593127553793,0.5184512054165933,0.0,2.336029409144813,1.8054649553370095,115.94307309680516,114.821252803471,0.0
4.8180000000000005,1.0434609010305138,-0.47570881012923993,0.5358263292304435,0.0,2.3305913397506948,1.8081584627105316,115.91425412659049,114.821252803471,0.0
4.819,1.0256852270336807,-0.4817968693733098,0.5393058011065845,0.0,2.3265886195764507,1.8119763592805682,115.92395336091741,114.821252803471,0.0
4.82,1.0119556135279708,-0.48874210763142434,0.5234291783686624,0.0,2.3240710566925853,1.814563471701903,115.95256024967227,114.821252803471,0.0
4.821,1.000587629981833,-0.49558421521716867,0.49781265952921694,0.0,2.3227471407910913,1.8150942478027767,115.97127939148467,114.821252803471,0.0
4.822,0.9899885206789186,-0.5014045052550302,0.4769528227428814,0.0,2.3221805049181414,1.8144533600331703,116.0505220987052,114.821252803471,0.0
4.823,0.9794612361930423,-0.5056565934126241,0.4250387761802745,0.0,2.322015970652483,1.8093699608996232,116.02446898077808,114.821252803471,0.0
4.824,0.9670520862853542,-0.5073611625373065,0.42603317337076363,0.0,2.3215045316221743,1.8066667060544317,115.96775761792647,114.821252803471,0.0
4.825,0.95441755702135,-0.5073696048407714,0.4429238066520167,0.0,2.3207577939725126,1.8072963651997251,115.9018380103162,114.821252803471,0.0
4.8260000000000005,0.9432145091608531,-0.5066179057443869,0.4650777583886989,0.0,2.3200659246787083,1.8111624029957605,115.84438579436416,114.821252803471,0.0
4.827,0.9346367685783941,-0.5057775334182861,0.48357253645578735,0.0,2.3197449221289808,1.81721705713829,115.80038333431247,114.821252803471,0.0
4.828,0.929105256820872,-0.5050735857458245,0.4957824611732158,0.0,2.3199924547277697,1.8243149784373431,115.76269628485822,114.821252803471,0.0
4.829,0.9264219447409955,-0.5043755033922979,0.5052115510864679,0.0,2.3208552766144215,1.8318828107208642,115.7191254243733,114.821252803471,0.0
4.83,0.9261834500392658,-0.5034358320165666,0.5180182551199046,0.0,2.3222922165129654,1.8400939898056357,115.65711881913512,114.821252803471,0.0
4.831,0.9281693549411951,-0.502100818581637,0.5406628975823542,0.0,2.324269125566047,1.8497697541160898,115.5530750401159,114.821252803471,0.0
4.832,0.9325900783927532,-0.5004205390865841,0.5853665647255158,0.0,2.3268444395347587,1.8629001693312777,115.31415149253897,114.821252803471,0.0
4.833,0.9404487945554804,-0.49889885422596186,0.6998993516233016,0.0,2.330324681088401,1.8863063927657588,115.10492573367858,114.821252803471,0.0
4.8340000000000005,0.9548559305083264,-0.5003578807367172,0.8016755017514179,0.0,2.3359732305949152,1.9162638688640845,115.09272068021771,114.821252803471,0.0
4.835,0.9768809973571326,-0.5050490473424056,0.8050633497143881,0.0,2.3445541108221297,1.940866668084035,115.19108393806074,114.821252803471,0.0
4.836,1.0022408765960233,-0.5100095243754559,0.7521834094469741,0.0,2.355235923756197,1.9554472674478762,115.30261044655207,114.821252803471,0.0
4.837,1.0257305724308237,-0.5120663486401481,0.6916065787705018,0.0,2.3664842612320265,1.9611730684475635,115.35094536677245,114.821252803471,0.0
4.838,1.044112855617549,-0.5093260984564221,0.6621421930272953,0.0,2.3768583492973847,1.9630286547776854,115.30594997014784,114.821252803471,0.0
4.839,1.0572888119579347,-0.5017964052537851,0.6797929196728338,0.0,2.385579723438767,1.966706782704196,115.18202859866608,114.821252803471,0.0
4.84,1.0677641108834113,-0.4910236476477928,0.7381458474617614,0.0,2.3926870665540303,1.9761110267241233,115.01943970681263,114.821252803471,0.0
4.841,1.0791409225457658,-0.47917542390500234,0.8174584243550678,0.0,2.3988285227241106,1.9922797385403535,114.86007027478591,114.821252803471,0.0
4.8420000000000005,1.0945304693362303,-0.4681000360302484,0.8967549656552796,0.0,2.4048728940300124,2.0137961365357313,114.73112422596941,114.821252803471,0.0
4.843,1.1155722937222445,-0.45876095866948013,0.9621292758385463,0.0,2.4115479233739245,2.038002835354763,114.64205814412156,114.821252803471,0.0
4.844,1.1422615227140969,-0.45115479085185367,1.008454263355964,0.0,2.4192328319790173,2.062172975806121,114.58932775815161,114.821252803471,0.0
4.845,1.1733542405869888,-0.44457052484581217,1.0371387067941336,0.0,2.4279180561862486,2.0842333252997776,114.56280494746015,114.821252803471,0.0
4.846,1.20699825908068,-0.43797699393000883,1.0529845906999722,0.0,2.437281347181444,2.103022450204475,114.55069024209041,114.821252803471,0.0
4.847,1.241317952425646,-0.4303760430392247,1.061747568998648,0.0,2.446817052278761,2.1182357344090095,114.54127027506522,114.821252803471,0.0
4.848,1.2748195100478508,-0.42104178752171567,1.0692573777953034,0.0,2.455969756688783,2.130277735482475,114.52140361541638,114.821252803471,0.0
4.849,1.3066177027053765,-0.40964300238071516,1.0821891995002701,0.0,2.4642508669548144,2.140215423573069,114.47501724662132,114.821252803471,0.0
4.8500000000000005,1.336572068840281,-0.39629587625817664,1.1088447394662944,0.0,2.4713434389812314,2.1498132467121565,114.38353531826341,114.821252803471,0.0
4.851,1.3653935059840687,-0.3815768785849906,1.158962878497324,0.0,2.477200917636092,2.1615361702092617,114.23239479026873,114.821252803471,0.0
4.852,1.3947108047117047,-0.3665062107699302,1.240421722626689,0.0,2.48213435729225,2.17819515219746,114.01627988326881,114.821252803471,0.0
4.853,1.4269520190285634,-0.3524361544793344,1.3565289053286707,0.0,2.486843351667799,2.202385421020801,113.74349665384908,114.821252803471,0.0
4.854,1.4650301436674222,-0.34078816171038406,1.503698081534755,0.0,2.4923598948464485,2.2357889183879065,113.43929128125592,114.821252803471,0.0
4.855,1.5117759053607438,-0.33275804999751263,1.6696203830534855,0.0,2.499898301083217,2.278422229201289,113.19095539277971,114.821252803471,0.0
4.856,1.5690807259698571,-0.3291518318681837,1.8100913013985012,0.0,2.510629814900549,2.325502554909705,113.1535528148019,114.821252803471,0.0
4.857,1.636160884444388,-0.32922284694014015,1.8454695902740996,0.0,2.525040083746198,2.3646291327957707,113.36441633900557,114.821252803471,0.0
4.8580000000000005,1.7067844363987377,-0.32981572420481886,1.7546061928169168,0.0,2.5419864898442843,2.3838375340385167,113.64051631446955,114.821252803471,0.0
4.859,1.7709646974817352,-0.3263620417987039,1.6283635699749421,0.0,2.5587732616195167,2.3834880880291647,113.65396872474153,114.821252803471,0.0
4.86,1.8216630024172535,-0.3158385622670682,1.6333102056262465,0.0,2.5727233656918718,2.381723809016257,113.14435075829496,114.821252803471,0.0
4.861,1.8621285051309868,-0.2998591134969776,1.9048882093012915,0.0,2.583449526886308,2.4074108601104616,112.32236082925186,114.821252803471,0.0
4.862,1.908092607436999,-0.2851207861659616,2.3408720935650322,0.0,2.594210355552009,2.4721928732204277,111.57279681208699,114.821252803471,0.0
4.863,1.9764227059690895,-0.2784592587236775,2.748138662061308,0.0,2.609787917916795,2.5649555817624488,112.18941251645678,114.821252803471,0.0
4.864,2.0739937306358676,-0.2826728787386845,2.4661492127465543,0.0,2.6336141083753795,2.604858758849137,113.98566738746047,114.821252803471,0.0
4.865,2.16735671173518,-0.2865666843163721,1.5763776314048181,0.0,2.6594341799101686,2.538805040144314,114.27040681471416,114.821252803471,0.0
4.866,2.209203493117036,-0.26994282701871675,1.4395163776655377,0.0,2.674199310062478,2.472112162224539,111.66951320949626,114.821252803471,0.0
4.867,2.2149758626244167,-0.2359995917153408,2.7714805762142376,0.0,2.6772511220971857,2.5612332666577275,108.81096790078412,114.821252803471,0.0
4.868,2.268185197434669,-0.2163491569366396,4.2608560795971755,0.0,2.6870877478991164,2.786463802103651,111.28583820621246,114.821252803471,0.0
4.869,2.4179258279271267,-0.23435162353474412,3.058775072855591,0.0,2.720640540339025,2.8270929048037035,119.13421708834143,114.821252803471,0.0
4.87,2.54365402266038,-0.2610699997598306,-0.9085440110575977,0.0,2.757659960523726,2.4302973921989737,117.07110968014823,114.821252803471,0.0
4.871,2.4418612882577584,-0.2267126957786993,0.10051112427223208,0.0,2.7472514002293105,2.2400071113302213,110.29998190675619,114.821252803471,0.0
4.872,2.2847341743099565,-0.16040648652630105,3.531287719935399,0.0,2.7119045578995076,2.451265931878784,108.94261744147214,114.821252803471,0.0
4.873,2.2705500740385762,-0.15278691369193342,4.268756306197413,0.0,2.7010431909382846,2.6846669445620734,114.1768394015899,114.821252803471,0.0
4.874,2.3651070849341975,-0.2045835824805376,1.6580894601573415,0.0,2.7203818912366025,2.5885505681526526,119.15044476596705,114.821252803471,0.0
4.875,2.385970222057899,-0.23837109550236021,-0.872005141656194,0.0,2.731373743608663,2.250426586700266,118.38324152461718,114.821252803471,0.0
4.876,2.2439969024945756,-0.20704004048953092,-0.524023408192718,0.0,2.7036697214166474,2.0266188218526437,113.68163941095852,114.821252803471,0.0
4.877,2.0399106303848646,-0.14425127552135142,1.8381737825617326,0.0,2.649761871362701,2.0998130616553725,110.52668266489457,114.821252803471,0.0
4.878,1.9276035286366753,-0.11932015635222856,3.4585978569794764,0.0,2.6064496948354994,2.3252346872220446,111.21352240170326,114.821252803471,0.0
4.8790000000000004,1.950375687113365,-0.1582825049315412,3.1512552925928072,0.0,2.594546068053102,2.470143001302701,114.3168941354717,114.821252803471,0.0
4.88,2.033504373175161,-0.2294155645092728,1.60461301238858,0.0,2.6057586484247657,2.423396462236423,117.18914840360986,114.821252803471,0.0
4.881,2.072022012812492,-0.28324460619701347,0.1448069223181092,0.0,2.61638518084251,2.23392793450874,118.17022837551056,114.821252803471,0.0
4.882,2.011966697774312,-0.29296781929420157,-0.37922281935263524,0.0,2.607533470269525,2.028414963163096,116.79229322989784,114.821252803471,0.0
4.883,1.873462346032903,-0.2644824570615515,0.2900343491894586,0.0,2.575785011642711,1.9360616293922301,114.69159132632781,114.821252803471,0.0
4.884,1.7302546304662703,-0.2313200746594301,1.3416819157459037,0.0,2.534613057059585,1.9731252489664721,113.37389595837966,114.821252803471,0.0
4.885,1.6428570462924452,-0.22396284104642317,2.0150031681708906,0.0,2.500786988018786,2.0740958303296164,113.29770959030114,114.821252803471,0.0
4.886,1.6253108304957598,-0.2504238987610416,2.068331784341851,0.0,2.4834248727031185,2.1617757898028187,114.21754370450012,114.821252803471,0.0
4.8870000000000005,1.65230596276855,-0.2986425869092968,1.6144518182320717,0.0,2.4816064099855,2.185346532655375,115.46792030032707,114.821252803471,0.0
4.888,1.6818142353519432,-0.3478289984492068,0.982796845350036,0.0,2.4872551862128085,2.1384591489335425,116.47739016805143,114.821252803471,0.0
4.889,1.680028272649138,-0.3812803663553152,0.4615005378420505,0.0,2.4908381327994737,2.0462908757327085,116.93726364439537,114.821252803471,0.0
4.89,1.6343897536901932,-0.3918209538848668,0.2104036912608347,0.0,2.4856709083565796,1.9462924119202265,116.68248701658298,114.821252803471,0.0
4.891,1.5531982375459206,-0.38310121514242235,0.31917966303590983,0.0,2.4699559828397626,1.8787280789920546,116.06004830785307,114.821252803471,0.0
4.892,1.4610869266464142,-0.3674320436308488,0.6180110623570474,0.0,2.447419705102961,1.8574527100500944,115.49452390817027,114.821252803471,0.0
4.893,1.3823664665931508,-0.35753313102895845,0.8940405511514551,0.0,2.4240773295745504,1.8711643174996886,115.20642683388344,114.821252803471,0.0
4.894,1.329554093887396,-0.36027286737259123,1.0342373479907427,0.0,2.4048407124677604,1.8988540358129598,115.24069655456393,114.821252803471,0.0
4.8950000000000005,1.3021621603939073,-0.3753970374678962,1.0129080501395713,0.0,2.3919329902500226,1.9205879188094293,115.49920067728873,114.821252803471,0.0
4.896,1.2905458769910827,-0.3977897688802428,0.8768765100389935,0.0,2.38480138730811,1.925111336691302,115.84028754558395,114.821252803471,0.0
4.897,1.2822962359401668,-0.42099510570578774,0.6961427284702533,0.0,2.3811639461852643,1.910740149600813,116.11729481814967,114.821252803471,0.0
4.898,1.2676268028839193,-0.43963601132272595,0.5446786720406036,0.0,2.378271576715261,1.884119769941193,116.25825193592317,114.821252803471,0.0
4.899,1.242433309328498,-0.451414685933547,0.4598301218293339,0.0,2.3741156513773167,1.8546780813021246,116.26918224078013,114.821252803471,0.0
4.9,1.2081055443440893,-0.4570012671835439,0.43988567502776466,0.0,2.3679278869006524,1.8299436845598405,116.16091198249228,114.821252803471,0.0
4.901,1.169225579998616,-0.4587632007475741,0.48062421238147457,0.0,2.360023406076969,1.815678153049199,116.0219939273753,114.821252803471,0.0
4.902,1.1317649909578122,-0.45997509577200185,0.5380758287009186,0.0,2.3515985093016365,1.8116928841798896,115.93320275139477,114.821252803471,0.0
4.9030000000000005,1.100024209617165,-0.46302996710448735,0.5713519172119468,0.0,2.3439414922132347,1.8134663861500582,115.94232427075671,114.821252803471,0.0
4.904,1.0751147101871719,-0.4685479780028227,0.5555804428581195,0.0,2.3378039595161835,1.814651850274232,115.9577446705955,114.821252803471,0.0
4.905,1.055019603578593,-0.4753451474416124,0.5365053242674802,0.0,2.3330912350305377,1.8151258331474955,115.98175914083878,114.821252803471,0.0
4.906,1.0381082273945297,-0.48251233596828613,0.512893025772166,0.0,2.329617600324328,1.8143338439504515,116.00622154112284,114.821252803471,0.0
4.907,1.0229192521390613,-0.48921883947534756,0.488812138253615,0.0,2.3270781736695465,1.8123625890766633,116.01763410406575,114.821252803471,0.0
4.908,1.008428748185538,-0.49487033247112255,0.47114204377621327,0.0,2.325150163387327,1.8100736811897808,115.99076428289857,114.821252803471,0.0
4.909,0.994294130460092,-0.49924706006478736,0.47288183956552854,0.0,2.323610988449988,1.809598844455227,115.96875508809201,114.821252803471,0.0
4.91,0.9812364729058912,-0.5026968995765801,0.472411414122597,0.0,2.3225139624032884,1.8102434252974862,115.98426269832575,114.821252803471,0.0
4.9110000000000005,0.9694707993209343,-0.5054026859555751,0.45302751005717945,0.0,2.3218542351520552,1.8097499677768867,115.97982560774413,114.821252803471,0.0
4.912,0.9582692902157293,-0.506865369411899,0.44366032730525706,0.0,2.3213449721902912,1.8095178414868887,115.94934294092688,114.821252803471,0.0
4.913,0.9477123595955601,-0.5071187890195115,0.4476207593393229,0.0,2.3208766722179783,1.8108365681581478,115.9002469974387,114.821252803471,0.0
4.914,0.9384465157335169,-0.5065226241155858,0.4613787891437373,0.0,2.3205189625745146,1.8143640446418172,115.84472716091909,114.821252803471,0.0
4.915,0.9312486120149118,-0.5055117137707767,0.4789039638290603,0.0,2.3204445330548737,1.8199923024005407,115.79111184502682,114.821252803471,0.0
4.916,0.9266472589950564,-0.5043759483362449,0.4960130313596386,0.0,2.32082554716872,1.8271912069079363,115.73967452394626,114.821252803471,0.0
4.917,0.9247981586132322,-0.5031864892317894,0.5125474746951639,0.0,2.3217688674747756,1.8355134079793811,115.68289635552725,114.821252803471,0.0
4.918,0.9256177846569434,-0.5018691012706171,0.532320123384109,0.0,2.3233170577726865,1.84499871802809,115.6038424238562,114.821252803471,0.0
4.9190000000000005,0.9290652372337903,-0.5003496219684853,0.5640211930157844,0.0,2.3255049912020533,1.856608683751297,115.4473443224656,114.821252803471,0.0
4.92,0.9355414445808561,-0.4987491619939882,0.6360093285211367,0.0,2.3284742720566314,1.8742002221719838,115.14635950050375,114.821252803471,0.0
4.921,0.9467367014203381,-0.49845359383300974,0.783250672531733,0.0,2.332889270769858,1.9046394851432986,115.06628795732915,114.821252803471,0.0
4.922,0.966526797343989,-0.502427617313183,0.8208360925804499,0.0,2.340346794173322,1.933073346470851,115.13856127775372,114.821252803471,0.0
4.923,0.991905449632737,-0.508109720219738,0.781526347625337,0.0,2.350487242454114,1.9521158970679189,115.26380856265271,114.821252803471,0.0
4.924,1.0173254219099002,-0.5120330180270964,0.714477147584025,0.0,2.3618926426962776,1.9607435124507664,115.34957830486307,114.821252803471,0.0
4.925,1.0383166712518104,-0.511540040692535,0.6663090214649243,0.0,2.372926803967635,1.9629660667420195,115.3446713192246,114.821252803471,0.0
4.926,1.053447228635369,-0.5058406091469267,0.6635283291266235,0.0,2.38245779684431,1.964791138016488,115.24733962380142,114.821252803471,0.0
4.9270000000000005,1.0643931423703759,-0.4959974546501195,0.7079333086349089,0.0,2.3901924448815715,1.9712464111834556,115.0917805835039,114.821252803471,0.0
4.928,1.0746576337711538,-0.4841331374079608,0.7830075509833391,0.0,2.3965925120801344,1.9846241037839627,114.923638433027,114.821252803471,0.0
4.929,1.0878465511828628,-0.47239879891642733,0.8660547699262343,0.0,2.4025182077572445,2.004340349503229,114.77823895768428,114.821252803471,0.0
4.93,1.1063403798007927,-0.4621986015894677,0.9391846460554584,0.0,2.4088182801175204,2.02798892242921,114.67221374124274,114.821252803471,0.0
4.931,1.1307930728744042,-0.4539127748574962,0.9936876448985096,0.0,2.4160437635671195,2.0526618184581453,114.60625077640887,114.821252803471,0.0
4.932,1.1603616153883332,-0.44705439301293887,1.0288191475860669,0.0,2.424342424539071,2.075901395790553,114.57167599298535,114.821252803471,0.0
4.933,1.1933106042860415,-0.44064416493746744,1.048602307402685,0.0,2.43349863587721,2.0961430106862573,114.5564345518393,114.821252803471,0.0
4.934,1.2276626055836153,-0.43360525202357864,1.0588712104920246,0.0,2.4430532094313335,2.112758602714112,114.54845092962218,114.821252803471,0.0
4.9350000000000005,1.2616980701003522,-0.4250615777634262,1.0655910403390754,0.0,2.452444469793353,2.1259042040630103,114.53499485660221,114.821252803471,0.0
4.936,1.2942516521631868,-0.41450568619560324,1.0751816563177465,0.0,2.4611354529242,2.136421601390658,114.50136158096412,114.821252803471,0.0
4.937,1.3248770851314302,-0.4018756818372227,1.095197206361863,0.0,2.468725335910985,2.145818899837814,114.4295681532849,114.821252803471,0.0
4.938,1.3539507710710676,-0.38757445964085413,1.1350107667033293,0.0,2.475049126045789,2.156322941752376,114.30272761980925,114.821252803471,0.0
4.939,1.382759449739165,-0.3724646218228256,1.2036162852777756,0.0,2.48027187142055,2.1706792121346417,114.1118464373471,114.821252803471,0.0
4.94,1.4134619758881497,-0.3577999999408362,1.3061509401700895,0.0,2.4849459592672236,2.19162569577886,113.85857736182618,114.821252803471,0.0
4.941,1.4488348698113422,-0.3450196497939617,1.442412232346997,0.0,2.4899880943963146,2.2213243423637987,113.5629036117007,114.821252803471,0.0
4.942,1.4918523058158022,-0.3354339835955852,1.6028325993274368,0.0,2.4965692608906367,2.2604627762279734,113.27169852248221,114.821252803471,0.0
4.9430000000000005,1.5448471822869811,-0.3300454134711017,1.7639306867465714,0.0,2.505909268070236,2.3070628072496784,113.13744196290223,114.821252803471,0.0
4.944,1.6085384375718101,-0.32893922724687985,1.8478970749422496,0.0,2.518907482850626,2.351086068397887,113.26021014599004,114.821252803471,0.0
4.945,1.6789095834827577,-0.32987183323596403,1.8021234099731522,0.0,2.5351218507888396,2.3790281443834,113.5477353510085,114.821252803471,0.0
4.946,1.7468581925790296,-0.32856349997307555,1.67109598198855,0.0,2.552355746812974,2.385071533594087,113.70477794569253,114.821252803471,0.0
4.947,1.803151324136012,-0.3209368874609426,1.6037394332243204,0.0,2.5676447481120586,2.380622269021594,113.41616478392908,114.821252803471,0.0
4.948,1.8463571061193407,-0.30653680128124916,1.7620968943014648,0.0,2.57945217946934,2.3920500125397917,112.62358392565193,114.821252803471,0.0
4.949,1.8876418089392952,-0.2902235730316062,2.1803640122182295,0.0,2.5895711877970493,2.443832273711608,111.5817877380188,114.821252803471,0.0
4.95,1.9462868851572623,-0.2803135635942552,2.7336567566893137,0.0,2.6029295526535567,2.5420896289558885,111.7721287895312,114.821252803471,0.0
4.9510000000000005,2.0395633567896843,-0.2827560364256251,2.6689774710725165,0.0,2.625145588654666,2.609535475181446,113.61281425509635,114.821252803471,0.0
4.952,2.142696192804343,-0.2900662845405084,1.7607191237736837,0.0,2.652664308242545,2.5627848677925678,114.5969392957921,114.821252803471,0.0
4.953,2.200033326460935,-0.280162138742182,1.2708997385026006,0.0,2.6715935366137824,2.473387887852456,112.571445570944,114.821252803471,0.0
4.954,2.2062155608202536,-0.24714725142306848,2.3061446732519224,0.0,2.676157548006764,2.5134919909756546,109.55207630792556,114.821252803471,0.0
4.955,2.2365868182433557,-0.21952072964784497,3.8685210697165937,0.0,2.6815668000506867,2.7082720232165056,110.2042381551568,114.821252803471,0.0
4.956,2.3563249523030807,-0.2248884748958101,3.5886102925841152,0.0,2.7067798473093285,2.8248335458161042,114.26817622304661,114.821252803471,0.0
4.957,2.501857281494511,-0.24550013654597103,1.562172024443455,0.0,2.7433413474311044,2.697339944287,118.59536466649138,114.821252803471,0.0
4.958,2.5365275046695053,-0.26022716029014104,-0.639163315909133,0.0,2.76491119338315,2.3620109469082706,115.23397259749446,114.821252803471,0.0
4.9590000000000005,2.4063095026812364,-0.21122382826896913,1.0374055206490926,0.0,2.7452535182423476,2.283478441738009,110.3415598922694,114.821252803471,0.0
4.96,2.2784676387485225,-0.15832153826198525,3.528408802373636,0.0,2.7143791415180427,2.480838517207528,110.61173830174846,114.821252803471,0.0
4.961,2.277432867757868,-0.16195643058315756,3.4354147426513326,0.0,2.707257071068519,2.619071174240609,115.19148575979511,114.821252803471,0.0
4.962,2.337792646327984,-0.20431038716326388,1.1418386840647643,0.0,2.7192930596678555,2.4847550093255104,118.69469747705752,114.821252803471,0.0
4.963,2.3172429084600337,-0.22247307116349846,-0.6485016213023023,0.0,2.718268188589973,2.1939364557085206,117.14372985995709,114.821252803471,0.0
4.964,2.1680033616126515,-0.18803315172453927,0.10375741668304972,0.0,2.684293931279892,2.048960020352033,113.18420418987266,114.821252803471,0.0
4.965,1.9951540183736287,-0.1394446278575855,2.099890737861249,0.0,2.6342191177341947,2.144656910037753,111.13792619236527,114.821252803471,0.0
4.966,1.9154318233620078,-0.1314449341969457,3.1598630027260004,0.0,2.598327393447639,2.3294531933425606,112.1481562163646,114.821252803471,0.0
4.9670000000000005,1.9431561849741121,-0.1751559355280642,2.6814789565974015,0.0,2.589392677003249,2.4251118064379904,114.72164310118411,114.821252803471,0.0
4.968,2.0074355621940243,-0.23910290496284226,1.395731611210512,0.0,2.597514350137356,2.366869231170097,116.96367616620722,114.821252803471,0.0
4.969,2.027101640237722,-0.2844913288271206,0.2532908450715958,0.0,2.6033528553619845,2.200931595108383,117.67023331614192,114.821252803471,0.0
4.97,1.9641603705251023,-0.29252130718647185,-0.12847753502246118,0.0,2.592443159838865,2.028721659475173,116.46634876168888,114.821252803471,0.0
4.971,1.8388242594177822,-0.26965408136625485,0.4570137826218801,0.0,2.5628077456809186,1.9540210361194688,114.77714383536029,114.821252803471,0.0
4.972,1.7130899299655409,-0.2445194810993343,1.3020573354672802,0.0,2.526129676832039,1.9835042264487646,113.75813532397058,114.821252803471,0.0
4.973,1.6347171737415116,-0.24138529503525186,1.8221927659571413,0.0,2.495974319436595,2.0624994125757934,113.73552483406003,114.821252803471,0.0
4.974,1.6134505287822545,-0.26592995777751316,1.844355290606525,0.0,2.4794652711556884,2.129371671140387,114.52666840469185,114.821252803471,0.0
4.9750000000000005,1.628049115530489,-0.30782648522528133,1.451729349278408,0.0,2.4756575249511648,2.1426768092359456,115.5043442177079,114.821252803471,0.0
4.976,1.6436676525059901,-0.3500161555994593,0.9560605286280146,0.0,2.4777829656433306,2.102101294843411,116.31874554642518,114.821252803471,0.0
4.977,1.634728242863835,-0.379464616272951,0.5338849368398322,0.0,2.4784557447973685,2.025452769499543,116.65558238059245,114.821252803471,0.0
4.978,1.5911147685549383,-0.3903734747403083,0.3471232239849815,0.0,2.4723018833262898,1.9449224301868702,116.48109034985215,114.821252803471,0.0
4.979,1.520329392927313,-0.3862621935049486,0.41777086389131823,0.0,2.458149044550489,1.8888188527525516,116.0335489693992,114.821252803471,0.0
4.98,1.4409936198024713,-0.37650387582336414,0.6294185924585096,0.0,2.4387688297762162,1.8675042042148693,115.61370374699719,114.821252803471,0.0
4.981,1.3714791181364694,-0.3706917861291557,0.8314166942242562,0.0,2.418653424936055,1.8733395504141006,115.39056112251016,114.821252803471,0.0
4.982,1.3216346940836965,-0.3742491731361885,0.9372949232773771,0.0,2.4015825286675487,1.890994187316723,115.4057779730271,114.821252803471,0.0
4.9830000000000005,1.2916307993929423,-0.3872657112215694,0.9238412463233483,0.0,2.389380431035477,1.9054395683222132,115.59603924385965,114.821252803471,0.0
4.984,1.2745670570117336,-0.4061155239287201,0.8209627465031863,0.0,2.3817863952840947,1.907615075968295,115.85668024515454,114.821252803471,0.0
4.985,1.2611346938246557,-0.4258816282148182,0.6802879714389081,0.0,2.3771550872168574,1.8956751115425283,116.0812963923917,114.821252803471,0.0
4.986,1.2437054813212014,-0.44235992991706985,0.5553794619311154,0.0,2.3734078656581534,1.873915714200909,116.20482860561411,114.821252803471,0.0
4.987,1.218688785337302,-0.4535206088553906,0.47977759729848235,0.0,2.3689223181873516,1.849467958856264,116.23205325084422,114.821252803471,0.0
4.988,1.1867715128210128,-0.459672225515401,0.452057270209697,0.0,2.3630056209723835,1.8279839399825164,116.15544892581363,114.821252803471,0.0
4.989,1.1511511343485565,-0.4624429533278165,0.47701747150156426,0.0,2.355775455484302,1.8146785475944478,116.04748020032046,114.821252803471,0.0
4.99,1.116528212072537,-0.4644149938521971,0.5187395602796523,0.0,2.34812698448578,1.809772823314685,116.02534516973603,114.821252803471,0.0
4.9910000000000005,1.086454973542107,-0.4675794080882604,0.5177661519092203,0.0,2.3410811533198577,1.8070303555701062,115.97860219864857,114.821252803471,0.0
4.992,1.0608228618339473,-0.4718022271964333,0.5295641435011715,0.0,2.334898524455607,1.8076838645448043,115.94137093645463,114.821252803471,0.0
4.993,1.039984312134659,-0.47729295350554646,0.536978593268306,0.0,2.3299612610781733,1.8103872886439136,115.93273401147819,114.821252803471,0.0
4.994,1.0235460648212356,-0.48383926865530913,0.5301822436764556,0.0,2.3264532538517755,1.8131047227500774,115.95226677956099,114.821252803471,0.0
4.995,1.0102892199093845,-0.490749226596848,0.5091057198741571,0.0,2.324262422980706,1.814243029067819,115.97409773587295,114.821252803471,0.0
4.996,0.9986097783890568,-0.49710729032287826,0.4866617923941581,0.0,2.3230347932589654,1.8139425250000218,115.9251614486785,114.821252803471,0.0
4.997,0.9874108680793428,-0.5022667971683938,0.5000908495393086,0.0,2.322403841218365,1.8163660296464612,116.00799714761438,114.821252803471,0.0
4.998,0.9777284646813005,-0.506744168104883,0.44680555662993426,0.0,2.322519250581029,1.8134414911034011,116.04322824065414,114.821252803471,0.0
4.999,0.9668846525775966,-0.5090017353921127,0.416970255738218,0.0,2.322534223845349,1.809167912479346,116.01400884744524,114.821252803471,0.0
5.0,0.9547054822512914,-0.5089251297335866,0.419652391902928,0.0,2.3220893396255216,1.80714784764602,115.94101587085905,114.821252803471,0.0
5.001,0.9426867829771061,-0.5073559222668349,0.44495124952214393,0.0,2.3213150905795876,1.809241619067408,115.85786418686705,114.821252803471,0.0
5.002,0.9327657980655957,-0.505395914373028,0.4761609776841833,0.0,2.320627734786735,1.8151997913112206,115.78904644960198,114.821252803471,0.0
5.003,0.9262604994198507,-0.5037884013796284,0.5008919098554055,0.0,2.320447705447212,1.823518089010497,115.7389292267058,114.821252803471,0.0
5.0040000000000004,0.9234720312387573,-0.5026828451661218,0.5167737570711456,0.0,2.3210119727580176,1.8327279263913754,115.69395978174943,114.821252803471,0.0
5.005,0.9239638594362849,-0.5018001572001587,0.530531409766551,0.0,2.32235475696171,1.8423457443060447,115.63135243679834,114.821252803471,0.0
5.006,0.9271915699702773,-0.5007905843661439,0.5537340859088224,0.0,2.324422818404418,1.8532006468215487,115.50822797848603,114.821252803471,0.0
5.007,0.9331207849383294,-0.49955135050536326,0.6084265633148243,0.0,2.32724334395806,1.868341074441864,115.22123565369512,114.821252803471,0.0
5.008,0.9429242566399563,-0.49888444724411596,0.7479228972080408,0.0,2.3312348926982387,1.8960280940722085,115.09352023857745,114.821252803471,0.0
5.009,0.9604854386813787,-0.502074821003721,0.8090579304158079,0.0,2.3379535986736038,1.924841761619918,115.13328799380241,114.821252803471,0.0
5.01,0.9843514003049546,-0.5075016746247669,0.7860537009000148,0.0,2.347446850966923,1.9458544734733987,115.24887595169498,114.821252803471,0.0
5.011,1.0094837834627617,-0.5119242261022922,0.7239834904714889,0.0,2.358524261342575,1.956591655987761,115.3454309632933,114.821252803471,0.0
5.0120000000000005,1.0311332310537864,-0.5124883977460217,0.6704642030741099,0.0,2.369585482298133,1.95996632637539,115.36153411637015,114.821252803471,0.0
5.013,1.0471761170445797,-0.5079799312961573,0.6570098134066907,0.0,2.3793764751709756,1.9616166388472942,115.28429237214483,114.821252803471,0.0
5.014,1.0586188915033734,-0.4990628627817697,0.6910002898326117,0.0,2.38741760713164,1.9668562393322566,115.14046667879587,114.821252803471,0.0
5.015,1.0686039702018373,-0.4876515349761684,0.7597209977538422,0.0,2.394012510571262,1.978611435159623,114.97399696115335,114.821252803471,0.0
5.016,1.0807586673009895,-0.47591676116598836,0.8414284149982825,0.0,2.3999467314085963,1.9969140446719695,114.82285368510486,114.821252803471,0.0
5.017,1.097757259018737,-0.46544087126478917,0.9169840442061872,0.0,2.4060827909624,2.0197255622392776,114.7075423172805,114.821252803471,0.0
5.018,1.1206358920253836,-0.4568298467139653,0.9757768329802727,0.0,2.413043942515976,2.044234520764754,114.63185676528863,114.821252803471,0.0
5.019,1.1488756899518409,-0.44978242621033926,1.01551356935803,0.0,2.4210707687568513,2.0678942202650084,114.5889313205172,114.821252803471,0.0
5.0200000000000005,1.1809374751281307,-0.4434238683059022,1.0392995065732817,0.0,2.4300319151592125,2.0889653197790974,114.56751163519412,114.821252803471,0.0
5.021,1.214906108499493,-0.43669852165921125,1.0525467609175911,0.0,2.439527854320656,2.1066288307686474,114.55607598797333,114.821252803471,0.0
5.022,1.249018411128431,-0.4286866603288749,1.0609163526829644,0.0,2.4490264993850395,2.1208511001706674,114.54342107663409,114.821252803471,0.0
5.023,1.2819889501880846,-0.41879411994864707,1.0700221256209534,0.0,2.4579894460546643,2.132233309974174,114.51679312524735,114.821252803471,0.0
5.024,1.3131753544420892,-0.4068357682314106,1.0863806980965616,0.0,2.465977825752584,2.141981179629886,114.46008682415695,114.821252803471,0.0
5.025,1.3426767658681822,-0.39306198940210474,1.1183455084349023,0.0,2.472746622292231,2.1519723524879506,114.35542091129429,114.821252803471,0.0
5.026,1.3714266461738496,-0.37816111639494937,1.1753367837879982,0.0,2.4783362982212265,2.1647232071802676,114.1900984443383,114.821252803471,0.0
5.027,1.401233118546424,-0.36323059876695535,1.2643095608573174,0.0,2.483148743817546,2.18298382356242,113.96094622729913,114.821252803471,0.0
5.0280000000000005,1.4346237550211707,-0.349641829696914,1.3874887351386218,0.0,2.487960547071024,2.2091846989777424,113.68051682406774,114.821252803471,0.0
5.029,1.4745116264133333,-0.3387618590108782,1.5391107965483517,0.0,2.493850348455924,2.2446395427007495,113.37826423422668,114.821252803471,0.0
5.03,1.5235306216281321,-0.33169843043480374,1.7046669771613252,0.0,2.5020284766381264,2.2888396306835674,113.16795482024759,114.821252803471,0.0
5.031,1.583210900251925,-0.32904353782877893,1.8263546639831043,0.0,2.5135873968994877,2.335092965734121,113.18845623213481,114.821252803471,0.0
5.032,1.6516589531290202,-0.3295104838035333,1.8324319237528541,0.0,2.528693671623052,2.3703959979819675,113.43305576465461,114.821252803471,0.0
5.033,1.721545518084028,-0.3295133447413291,1.724014127881118,0.0,2.545815267342454,2.384689582717517,113.67456039946181,114.821252803471,0.0
5.034,1.782970534745862,-0.3245812563336581,1.6147287345176102,0.0,2.56211150362925,2.3822708670569326,113.58781326602157,114.821252803471,0.0
5.035,1.830765719118689,-0.31254833952055683,1.6704366966122248,0.0,2.575261944755942,2.384301156240736,112.96644309873105,114.821252803471,0.0
5.0360000000000005,1.870926131182295,-0.29620756912877066,1.999669877304885,0.0,2.585623215113381,2.419162337390806,112.24245017870064,114.821252803471,0.0
5.037,1.9208039556296357,-0.2831952181156113,2.3874543635677945,0.0,2.597166525642553,2.4858525325750342,111.55019431923323,114.821252803471,0.0
5.038,1.9930567276987847,-0.27791062313853476,2.7662928781438767,0.0,2.613773342699884,2.5773734043513654,112.31173021201809,114.821252803471,0.0
5.039,2.092931278723313,-0.2828298520741106,2.4106201576659743,0.0,2.638465526361799,2.608226813365459,114.13736452845188,114.821252803471,0.0
5.04,2.1837107876233053,-0.2856629277429473,1.504641882199269,0.0,2.664036278593148,2.5333762162790214,114.10317083648843,114.821252803471,0.0
5.041,2.2196985953148625,-0.26651975640581627,1.5289195478508208,0.0,2.677430816288946,2.4772472163436308,111.35498048986331,114.821252803471,0.0
5.042,2.2262869644187786,-0.23240544654626194,2.9376774442994593,0.0,2.6803118578504446,2.5824263195996773,108.83809910385801,114.821252803471,0.0
5.043,2.2878522083882524,-0.21511289531195776,4.255949674298236,0.0,2.6918616680442202,2.8015916898760445,111.7396944579608,114.821252803471,0.0
5.0440000000000005,2.4403230992669886,-0.23476686373938882,2.835967580701948,0.0,2.7265078962856157,2.814458605991608,118.86150138976784,114.821252803471,0.0
5.045,2.5490721479573835,-0.2681062005912862,-0.7653383710645421,0.0,2.7624469806838623,2.4371219331142475,116.00693389095251,114.821252803471,0.0
5.046,2.4499529266657993,-0.23114441882005976,0.6500885674683068,0.0,2.752659299991195,2.3048134635497046,110.73881360086122,114.821252803471,0.0
5.047,2.3197475343969325,-0.17598373191488614,3.3249731045400495,0.0,2.7249214826694823,2.47817150350157,110.35837826638236,114.821252803471,0.0
5.048,2.3065664378305133,-0.17047581300712977,3.559819517150366,0.0,2.717238986864327,2.630652084442114,114.95773167156395,114.821252803471,0.0
5.049,2.3643124392286046,-0.2079809735829956,1.258778025878642,0.0,2.729753445586164,2.505169458422641,118.76877205143471,114.821252803471,0.0
5.05,2.3453485152390483,-0.22454423195431494,-0.6862173565363754,0.0,2.7299151026489556,2.205210955377196,117.35669584491036,114.821252803471,0.0
5.051,2.1926164577069756,-0.1876242100022395,-0.0055336836885957474,0.0,2.695837908702483,2.046200513268614,113.18941796846197,114.821252803471,0.0
5.0520000000000005,2.0108007863210946,-0.13434915569794081,2.094423602885692,0.0,2.643776334185848,2.1423442640480626,110.94857595960185,114.821252803471,0.0
5.053,1.9249936649492607,-0.1227179053387899,3.25357137575444,0.0,2.605788605202357,2.3377947910847645,111.97654339185112,114.821252803471,0.0
5.054,1.9533387506347561,-0.1659959912704877,2.768034753746004,0.0,2.596021603776963,2.4409249557307087,114.73467706461649,114.821252803471,0.0
5.055,2.021591768461561,-0.23150967483168639,1.3898336747518654,0.0,2.6043180432911184,2.3787942701961557,117.07841511817705,114.821252803471,0.0
5.056,2.0424937730597383,-0.27762548907414664,0.19539302482452636,0.0,2.6099893730314614,2.2044831461368757,117.72939448035767,114.821252803471,0.0
5.057,1.9767970191603816,-0.28470751913976755,-0.1591780730346508,0.0,2.5979803225566362,2.028547516167233,116.37319793460067,114.821252803471,0.0
5.058,1.8479760449330391,-0.26050702284294036,0.5034007485325531,0.0,2.5668457392390214,1.95894726512407,114.5915937605147,114.821252803471,0.0
5.059,1.722254371411549,-0.2355909966779196,1.3964994260051014,0.0,2.529365831233668,1.99734982150486,113.57901426700639,114.821252803471,0.0
5.0600000000000005,1.6481091741345166,-0.23471210204821147,1.9152115581239033,0.0,2.499626651519311,2.0831902341706376,113.64854134714646,114.821252803471,0.0
5.061,1.6331720787329367,-0.2624646314875677,1.8921751326171101,0.0,2.484506998227595,2.1506531879928708,114.5506410488168,114.821252803471,0.0
5.062,1.6526726316204874,-0.3069284332490302,1.4438313993284835,0.0,2.4822590985466397,2.1584760029253807,115.60682170498002,114.821252803471,0.0
5.063,1.6693559354969425,-0.34979483828004043,0.9078853822317827,0.0,2.485288936862828,2.1091809639512586,116.43821049880748,114.821252803471,0.0
5.064,1.6571548504914557,-0.377881773150759,0.4760214083646892,0.0,2.485747186235453,2.0244817881411223,116.71266545952221,114.821252803471,0.0
5.065,1.6074755347993217,-0.3860853920241475,0.3198798014468096,0.0,2.4783112218171706,1.9407841317030479,116.452246881845,114.821252803471,0.0
5.066,1.5308580211784784,-0.3794117108124242,0.4337791495016765,0.0,2.4624329470748827,1.8867341221635374,115.94148712338588,114.821252803471,0.0
5.067,1.44830015389861,-0.36840191276130385,0.6779566855320858,0.0,2.441593157879367,1.870537011851121,115.50871278480544,114.821252803471,0.0
5.0680000000000005,1.378858588654425,-0.36308850026153183,0.8874692550089633,0.0,2.420743259177698,1.8812932344366105,115.31166358537614,114.821252803471,0.0
5.069,1.3314169984155826,-0.36836177920717234,0.9810897469045625,0.0,2.4036871674137625,1.9016161325809615,115.37264677878382,114.821252803471,0.0
5.07,1.304471684134958,-0.3834330014992418,0.9450842104475947,0.0,2.391974076303328,1.915793886473742,115.60198712974153,114.821252803471,0.0
5.071,1.2895912857179312,-0.40383794613407814,0.8226066917060328,0.0,2.3849439013801264,1.9156374748522658,115.88333101821718,114.821252803471,0.0
5.072,1.2767189545268183,-0.4243008901761015,0.6713139653207478,0.0,2.3806479771853697,1.9006434146325024,116.1082965423364,114.821252803471,0.0
5.073,1.2583124250516329,-0.44066635275768196,0.5459607658724803,0.0,2.3768778108316666,1.8763392382701432,116.21590217381825,114.821252803471,0.0
5.074,1.2314195726229924,-0.4512438099129357,0.4782114564280848,0.0,2.37205410913836,1.850663719336647,116.22287597599066,114.821252803471,0.0
5.075,1.197564456147203,-0.4568009255224401,0.4607083236166827,0.0,2.365650733866528,1.8292806649004105,116.13323327492787,114.821252803471,0.0
5.0760000000000005,1.1605676476603934,-0.45930343956885483,0.49240986943350706,0.0,2.357969096067266,1.81678887751737,116.02222816695748,114.821252803471,0.0
5.077,1.1253061432375024,-0.4614288727413098,0.5359026697838418,0.0,2.3500152158181318,1.8127540950747252,115.9572723085665,114.821252803471,0.0
5.078,1.0951664210121819,-0.4650604743556753,0.5570204039283737,0.0,2.3428314671955017,1.8131781800043836,115.96127376811572,114.821252803471,0.0
5.079,1.0708350875069308,-0.47056756471867045,0.5436194645073189,0.0,2.336977965851887,1.8135312503643766,115.96930643744683,114.821252803471,0.0
5.08,1.0507805730955826,-0.47705149331876073,0.5281225935020029,0.0,2.332403282921013,1.8136557003878295,115.98440580848688,114.821252803471,0.0
5.081,1.0337338468349624,-0.4838034356953185,0.5089413779318184,0.0,2.3289763876609917,1.8130298668577383,116.00119669109462,114.821252803471,0.0
5.082,1.0185175187116728,-0.49015139843942235,0.48874649775171397,0.0,2.326460355052051,1.8115976313214996,116.00700933882715,114.821252803471,0.0
5.083,1.0042511335290083,-0.49558383189228966,0.47398260853188945,0.0,2.3245867902027517,1.8100520761544707,115.97262612747413,114.821252803471,0.0
5.0840000000000005,0.9906196180296806,-0.499896132146614,0.47966048096836666,0.0,2.323166055015128,1.8106027277325254,115.96832903601987,114.821252803471,0.0
5.085,0.9783619509320873,-0.5035114011949894,0.47033826437000914,0.0,2.3222970150968507,1.8110860463095702,115.99451313861925,114.821252803471,0.0
5.086,0.967161393331946,-0.5061487114762692,0.4455136097188328,0.0,2.3218171624685624,1.8099061238564769,115.98747206640132,114.821252803471,0.0
5.087,0.956095157569423,-0.5073000448066844,0.43737195319849476,0.0,2.3213675764213266,1.8092541530730142,115.94721071208585,114.821252803471,0.0
5.088,0.9454818600482306,-0.5071340918164371,0.4462430512700841,0.0,2.3208679837382364,1.8107364584859584,115.88854882723878,114.821252803471,0.0
5.089,0.9362820038668603,-0.5061896673570218,0.464901033455941,0.0,2.320464353704117,1.814890092353767,115.82804066744939,114.821252803471,0.0
5.09,0.9294482788672233,-0.5050013481146103,0.4850872347108537,0.0,2.320395179188119,1.8212816133357106,115.77407299059098,114.821252803471,0.0
5.091,0.9254931257269092,-0.5038470556534699,0.5025428712688568,0.0,2.3208569852436125,1.8291120523721287,115.72388385990786,114.821252803471,0.0
5.0920000000000005,0.9244397871219727,-0.5027185528412252,0.5186111260460495,0.0,2.321943062212465,1.8378748954855064,115.66593564827008,114.821252803471,0.0
5.093,0.9260796205279739,-0.5014658123807809,0.5391384034169482,0.0,2.323670299373243,1.8477764648867487,115.57718183605074,114.821252803471,0.0
5.094,0.9303536459809397,-0.4999937669097875,0.5759560192008195,0.0,2.326065572160862,1.8602515215606954,115.37923703438746,114.821252803471,0.0
5.095,0.9378455270372792,-0.4985310779544348,0.6693485777232964,0.0,2.329322648006735,1.8808422384639742,115.11616556709171,114.821252803471,0.0
5.096,0.950916916324602,-0.49923614471225614,0.7979351837349619,0.0,2.3344052721912623,1.9115472583265298,115.07472425318404,114.821252803471,0.0
5.097,0.9722482315992321,-0.5037659862158298,0.8161211261916657,0.0,2.3425413678414087,1.9381888954440676,115.16533196173584,114.821252803471,0.0
5.098,0.9979836913228722,-0.509238566209006,0.7673764803331169,0.0,2.353084703022506,1.9548186205290041,115.28702904791103,114.821252803471,0.0
5.099,1.0226256883421272,-0.5122699777324583,0.701870174801122,0.0,2.3645154066616363,1.9616681943987415,115.35449167725525,114.821252803471,0.0
5.1000000000000005,1.04230456848052,-0.510579067670928,0.6628064713911694,0.0,2.3752716831018246,1.9634156800806124,115.32769670096405,114.821252803471,0.0
5.101,1.056324295682727,-0.5038178971100313,0.6711395205618386,0.0,2.384400260805098,1.9660259360903294,115.21431698863161,114.821252803471,0.0
5.102,1.0668780777111022,-0.49335236393041165,0.7238987348764553,0.0,2.3917934093948654,1.9739874886012037,115.0529163660469,114.821252803471,0.0
5.103,1.0776039464891782,-0.4813775249926524,0.8022824105430502,0.0,2.398030821425387,1.9889125051548424,114.88799349139224,114.821252803471,0.0
5.104,1.0918991427549345,-0.469914897295054,0.8840764409911697,0.0,2.403995853250862,2.0097170549473438,114.75081826083245,114.821252803471,0.0
5.105,1.1117643423094916,-0.4601417884571228,0.9533684016974506,0.0,2.410484421177843,2.033799608328009,114.65406880959515,114.821252803471,0.0
5.106,1.1374855482029247,-0.4522233500928631,1.0034149672548596,0.0,2.417959090518503,2.0583042851148257,114.59589767638764,114.821252803471,0.0
5.107,1.167973377094452,-0.44553376794574095,1.0347540851294474,0.0,2.4264800909512383,2.080956349348524,114.56656929608539,114.821252803471,0.0
5.1080000000000005,1.2013960161574728,-0.43904647091913507,1.0519651103544267,0.0,2.4357674909126152,2.1004035167901103,114.55393550455075,114.821252803471,0.0
5.109,1.235804010974586,-0.4317122344607599,1.060955179110949,0.0,2.4453289745818556,2.116200851755391,114.5459599383445,114.821252803471,0.0
5.11,1.2695837881203014,-0.42272828538807283,1.067695890865342,0.0,2.45459915134729,2.1286544836586287,114.52946988285984,114.821252803471,0.0
5.111,1.3017170221017123,-0.4116815339271314,1.0788587478137797,0.0,2.463062370456528,2.138753419228371,114.48885487614814,114.821252803471,0.0
5.112,1.3319311164514362,-0.3986127147791359,1.1024902304428603,0.0,2.470362058620145,2.1481743996331226,114.40562250301376,114.821252803471,0.0
5.113,1.360803057265997,-0.3840304008912649,1.1482627200146223,0.0,2.4764005096716915,2.1593081372942606,114.26419249134067,114.821252803471,0.0
5.114,1.3898345558759184,-0.36889850308165734,1.2245483289724728,0.0,2.481429803764018,2.174961292945138,114.05780670434935,114.821252803471,0.0
5.115,1.4213626244542616,-0.35454110758256213,1.3353756834593489,0.0,2.486093489485395,2.197802442786619,113.79185416771526,114.821252803471,0.0
5.1160000000000005,1.4582647629465817,-0.34239902543412043,1.4786459381339507,0.0,2.4913828665374447,2.2297333461370563,113.48964168348363,114.821252803471,0.0
5.117,1.5034601444864202,-0.3337198435528956,1.6430682914496404,0.0,2.498503107033884,2.2710513825911756,113.21988220427771,114.821252803471,0.0
5.118,1.5590358242401514,-0.3294082291993072,1.7939617370445313,0.0,2.5086556413660066,2.3182423239742964,113.14202861410531,114.821252803471,0.0
5.119,1.624895001777828,-0.3290800310424767,1.849680774024386,0.0,2.5225190307495153,2.3596608315325445,113.32122283007126,114.821252803471,0.0
5.12,1.6956676434726918,-0.3299266118704573,1.7750839657754083,0.0,2.539234337823144,2.3824345891850753,113.60977703170745,114.821252803471,0.0
5.121,1.7615685257290228,-0.3274265302316682,1.6429216226749497,0.0,2.5562720151661162,2.384269241489907,113.68719536996251,114.821252803471,0.0
5.122,1.8144864646292667,-0.31805325664092376,1.6155530278825059,0.0,2.57078333072668,2.3807733098459245,113.2643549404156,114.821252803471,0.0
5.123,1.8557298571615535,-0.3025710541234796,1.8425422212865143,0.0,2.5818846120257786,2.4003130063552134,112.42829526228759,114.821252803471,0.0
5.124,1.8994007022205228,-0.2869977823088446,2.284501635762353,0.0,2.5922714969714598,2.4609631459706214,111.57562958140116,114.821252803471,0.0
5.125,1.964080326141029,-0.27902362216554494,2.743290708426267,0.0,2.6069632824864977,2.555956113786663,112.04664066051096,114.821252803471,0.0
5.126,2.0600534032152327,-0.2826371565801909,2.5355312903009675,0.0,2.6301624166186786,2.605567294413225,113.85938343872465,114.821252803471,0.0
5.127,2.156788312253902,-0.28778978552837053,1.6387785948415865,0.0,2.6565334092404527,2.546290958847559,114.47771731319739,114.821252803471,0.0
5.128,2.2041211574139328,-0.2734358683542581,1.3330470125079528,0.0,2.672709211864848,2.4666771451213125,111.98685835057461,114.821252803471,0.0
5.1290000000000004,2.2077051001406,-0.23904162745876492,2.606820438348307,0.0,2.6756662255274164,2.5398937804475743,109.08244263561286,114.821252803471,0.0
5.13,2.2519001897580453,-0.21616595952369144,4.11641639750776,0.0,2.6834768202924497,2.75457665442595,110.79317435679849,114.821252803471,0.0
5.131,2.390437141043531,-0.2295943845273189,3.3013313213816735,0.0,2.7136805264085675,2.829019868772298,116.9485526979365,114.821252803471,0.0
5.132,2.5279236257634548,-0.2520945385668195,0.2023691518680093,0.0,2.7506489160420173,2.552566000604045,118.31107133702018,114.821252803471,0.0
5.133,2.4870423184031254,-0.24240023144584869,-0.5137883530093199,0.0,2.754983704571597,2.265538463031428,112.53606089424524,114.821252803471,0.0
5.134,2.3277249761190824,-0.17906097164405432,2.396568787470409,0.0,2.723311884983967,2.352064113148215,108.97300206449393,114.821252803471,0.0
5.135,2.255246597489743,-0.14769969096789134,4.236580709735836,0.0,2.700643464090419,2.606447204565347,112.17148071124514,114.821252803471,0.0
5.136,2.3189111065958845,-0.1824817929141488,2.6638391072824885,0.0,2.7098198384487895,2.6339955694709194,117.48283080687679,114.821252803471,0.0
5.1370000000000005,2.3745240868563724,-0.22769153461499647,-0.01845172056739597,0.0,2.7254586624295105,2.374901377545226,119.03884035249753,114.821252803471,0.0
5.138,2.2931868568984477,-0.2224802395497952,-0.8386323688680308,0.0,2.7125988449454086,2.0893867492735794,115.4752315568825,114.821252803471,0.0
5.139,2.103755738125114,-0.16841272745514788,0.9366322414053665,0.0,2.666578233002795,2.0546425664592554,111.57035631149968,114.821252803471,0.0
5.14,1.9525833567479731,-0.1271516247134545,2.9215788290164926,0.0,2.6176872177923682,2.2340968700303434,110.90916571422726,114.821252803471,0.0
5.141,1.9264141453817538,-0.1432082607318768,3.2912949985451414,0.0,2.5938095754495376,2.4129028439318336,113.14576539487473,114.821252803471,0.0
5.142,1.9897836465134484,-0.2041623607520209,2.189750032307368,0.0,2.596744679373171,2.4393410109893017,116.01815929623037,114.821252803471,0.0
5.143,2.0478442376864154,-0.2660129501543272,0.7415840167019563,0.0,2.6082241134442405,2.309393089661458,117.89887028097205,114.821252803471,0.0
5.144,2.029513038908574,-0.29454054209426206,-0.22954765044389536,0.0,2.6080803411947877,2.1038421184208103,117.53261782552984,114.821252803471,0.0
5.1450000000000005,1.9208292572651882,-0.2811012570047715,-0.07353507294338013,0.0,2.585632251766973,1.95747647126879,115.53623558563243,114.821252803471,0.0
5.146,1.7745728037679216,-0.24720965842570736,0.9175062191837129,0.0,2.547198723573934,1.9459583683164312,113.85068930196378,114.821252803471,0.0
5.147,1.6626747015693972,-0.22815829476132005,1.7699849960331064,0.0,2.509700003887672,2.0264572020790315,113.2696806633615,114.821252803471,0.0
5.148,1.6178235360691535,-0.24130223911696558,2.076005036735344,0.0,2.4856373870620607,2.12410834438854,113.84286583821208,114.821252803471,0.0
5.149,1.6296251145394107,-0.2818842342011535,1.7991963189626436,0.0,2.478078726165666,2.1743322661357842,115.00859957707253,114.821252803471,0.0
5.15,1.6604376451117933,-0.3317424162985926,1.2144559817964018,0.0,2.481376903613511,2.153953217129848,116.05529927620496,114.821252803471,0.0
5.151,1.6720339903554837,-0.37187455159850763,0.6787656675028462,0.0,2.4862233114779944,2.081895886897578,116.79081567632437,114.821252803471,0.0
5.152,1.645405717697273,-0.39216084490107955,0.2913118387146081,0.0,2.4852095164430867,1.9833109858960531,116.81466767683195,114.821252803471,0.0
5.1530000000000005,1.578688180818321,-0.39101346114243357,0.25945168972721167,0.0,2.4741095356650407,1.9019257637205604,116.33879685064144,114.821252803471,0.0
5.154,1.4906571546275587,-0.3777221476241096,0.48221166235075796,0.0,2.45453046009782,1.8614075016754712,115.7490519602914,114.821252803471,0.0
5.155,1.4059909867181761,-0.3649039868191965,0.7678061159575778,0.0,2.431580381329456,1.860603916656809,115.3442250495403,114.821252803471,0.0
5.156,1.3420985714276912,-0.36192215023273366,0.9649898488724336,0.0,2.4106451315195994,1.8826014523506012,115.2406526955893,114.821252803471,0.0
5.157,1.303937433219391,-0.37149849586900563,1.0125820269267476,0.0,2.3950863766459634,1.9071278128008622,115.4016393546403,114.821252803471,0.0
5.158,1.2857319880353395,-0.3905893623402138,0.9262848318895591,0.0,2.385540365160186,1.9192980360722633,115.70005792056067,114.821252803471,0.0
5.159,1.2762792366984774,-0.41327910364285947,0.7682874977584766,0.0,2.3804709400287063,1.9136376492591134,116.00177106038304,114.821252803471,0.0
5.16,1.2647882767465597,-0.43383037418424536,0.6056257452781721,0.0,2.3773761610755857,1.8928930172639493,116.20686109348377,114.821252803471,0.0
5.1610000000000005,1.2446778119491029,-0.4485896866261203,0.4892246458276788,0.0,2.373934408481452,1.8648331086864403,116.28796022938354,114.821252803471,0.0
5.162,1.2147489559527742,-0.45681297136811316,0.4340080036186649,0.0,2.368787808486182,1.837416265570404,116.22090349975822,114.821252803471,0.0
5.163,1.1778963114124876,-0.4599162533166984,0.45353986146845315,0.0,2.36167331234576,1.8186816198914795,116.08503550970877,114.821252803471,0.0
5.164,1.1398964036981882,-0.46104696114682786,0.5088360294307994,0.0,2.353490146293317,1.8108077124669348,115.96858337632949,114.821252803471,0.0
5.165,1.1059912166113488,-0.46310875541547986,0.5555887903918562,0.0,2.345553396394913,1.8108422927081027,115.95974063001646,114.821252803471,0.0
5.166,1.0786916028202078,-0.4675136572386583,0.5486252852829194,0.0,2.338877700768329,1.8115101324098766,115.95027920957602,114.821252803471,0.0
5.167,1.0566227204339023,-0.4734266552928141,0.5420657314420847,0.0,2.333542739442307,1.8129462836319945,115.9561481356216,114.821252803471,0.0
5.168,1.0387193947242657,-0.480260637833201,0.527782315097789,0.0,2.329577497469999,1.813948420344032,115.97712686277764,114.821252803471,0.0
5.1690000000000005,1.0236303648121514,-0.48725388401962805,0.5057342109267053,0.0,2.32680991062123,1.8136521219254944,115.99962367629618,114.821252803471,0.0
5.17,1.0099774507121064,-0.4936157501688995,0.48270209543918163,0.0,2.3249193254300384,1.812146573253901,116.00026329458626,114.821252803471,0.0
5.171,0.9968033332139716,-0.49879358974391463,0.47059218138298897,0.0,2.323573187582566,1.8108133753228355,115.90767030794774,114.821252803471,0.0
5.172,0.9840568365495294,-0.502702748137588,0.5060244996574823,0.0,2.322606572754289,1.8147679110089934,115.9863071407891,114.821252803471,0.0
5.173,0.9739083356456012,-0.5065755899085183,0.45505553986362424,0.0,2.3225189939883206,1.8132582930164258,116.02493991748717,114.821252803471,0.0
5.174,0.9633802391304394,-0.5086674035487626,0.42370228037442237,0.0,2.3224805823824104,1.8100083156082736,116.00304043245586,114.821252803471,0.0
5.175,0.951927157058083,-0.5086558576680098,0.4228341466002299,0.0,2.3220988260129896,1.8084520907228832,115.93630400860039,114.821252803471,0.0
5.176,0.9406907462703868,-0.5071810099370504,0.44505184647667306,0.0,2.3214375050003744,1.810587415379164,115.85549735424163,114.821252803471,0.0
5.1770000000000005,0.9314059506772474,-0.5052284079010052,0.47511272814834293,0.0,2.320855810807994,1.816436558861043,115.78492085222356,114.821252803471,0.0
5.178,0.9253614951554336,-0.5035249252499319,0.5007642986698526,0.0,2.3207493433117814,1.8247357246676126,115.73059654916709,114.821252803471,0.0
5.179,0.9229440326899156,-0.5022691987584271,0.5188330127411293,0.0,2.321362344058292,1.8341308463025188,115.68055240758063,114.821252803471,0.0
5.18,0.9238322561438148,-0.5012452540571635,0.5352620874932601,0.0,2.322753480241418,1.844152387726023,115.61053419683581,114.821252803471,0.0
5.181,0.9275748003117055,-0.5001476268478765,0.5623783789320219,0.0,2.3248971574025736,1.8557265923123032,115.46464980599929,114.821252803471,0.0
5.182,0.9342468354383626,-0.4989228930718318,0.6288866043250032,0.0,2.3278601428629697,1.8727059876126582,115.16723042218334,114.821252803471,0.0
5.183,0.9453295575611778,-0.4987810562163053,0.7741365200458544,0.0,2.3322214145910136,1.9024437713221374,115.08084470851098,114.821252803471,0.0
5.184,0.9647158592383801,-0.5027585287234584,0.814733457831633,0.0,2.3395592778615435,1.9306354018694352,115.14786281212291,114.821252803471,0.0
5.1850000000000005,0.9896697474000835,-0.5084501069460216,0.7779583059391494,0.0,2.349568816739161,1.9497393549220114,115.27092252948765,114.821252803471,0.0
5.186,1.014780338681125,-0.5124583353826999,0.7119317499966131,0.0,2.360871786380082,1.958526070763039,115.35755834763889,114.821252803471,0.0
5.187,1.0355870402704797,-0.5121248571422913,0.6632507854793157,0.0,2.3718463657502022,1.9608321401845599,115.35521555974832,114.821252803471,0.0
5.188,1.0505886879921609,-0.5066146597074628,0.6590825518618273,0.0,2.3813513071900365,1.9625912503146994,115.26058708371407,114.821252803471,0.0
5.189,1.0613780587081898,-0.49693967106641934,0.702003447076519,0.0,2.3890725187227346,1.968851110084053,115.10680396866977,114.821252803471,0.0
5.19,1.0714064013250164,-0.485191771646712,0.7760394929466841,0.0,2.3954520760293403,1.9819766371426217,114.93916758887063,114.821252803471,0.0
5.191,1.0842740483089162,-0.47351951285048877,0.8586785349922549,0.0,2.4013397608377556,2.001462343650243,114.79317312932739,114.821252803471,0.0
5.192,1.1023925294271908,-0.46334607307022124,0.931956561505314,0.0,2.4075848920282232,2.024958084030755,114.68577493435345,114.821252803471,0.0
5.1930000000000005,1.1264636135094108,-0.45507994120323336,0.9870104376834591,0.0,2.41474754403013,2.0495852751688655,114.61793412315498,114.821252803471,0.0
5.194,1.1556923359638138,-0.4482611342420011,1.022964030085852,0.0,2.4229892424985917,2.0728959201666757,114.58117425770972,114.821252803471,0.0
5.195,1.1883824148985622,-0.4419300910868087,1.0437447482660958,0.0,2.432109608942529,2.093322392129075,114.5636588379829,114.821252803471,0.0
5.196,1.222583120822101,-0.4350203530933494,1.0550783977843867,0.0,2.4416638251905836,2.110221970942598,114.55375949243111,114.821252803471,0.0
5.197,1.2565872674617595,-0.4266561528435381,1.0627030036706788,0.0,2.4511016130476406,2.1237139345807545,114.53979013319996,114.821252803471,0.0
5.198,1.289221566835888,-0.41631857600144145,1.0725023099889666,0.0,2.459891327032675,2.134552426812192,114.50827479169101,114.821252803471,0.0
5.199,1.3199949899266292,-0.403915679985431,1.0913897608612413,0.0,2.4676249760490103,2.144106934205518,114.4422680365657,114.821252803471,0.0
5.2,1.3491898975189591,-0.38979916740281884,1.128182986092952,0.0,2.4741119234791165,2.1544340304236598,114.32446740361885,114.821252803471,0.0
5.2010000000000005,1.3779503626519098,-0.374761526112138,1.1920511565648926,0.0,2.479469910371878,2.168162976173894,114.14427682040537,114.821252803471,0.0
5.202,1.408282855279643,-0.3599875211262201,1.2889162080022927,0.0,2.484190229014843,2.188022330454054,113.90118511845985,114.821252803471,0.0
5.203,1.4428480947145879,-0.3468823151017164,1.4196627358251623,0.0,2.4891306186086903,2.2162823973050694,113.61220526212396,114.821252803471,0.0
5.204,1.4845849738221049,-0.33677302947808874,1.5762431394065755,0.0,2.495422006569901,2.253881471238617,113.31507418686999,114.821252803471,0.0
5.205,1.5359406143139158,-0.3306976348637285,1.7398704631995714,0.0,2.5042769625770016,2.2995512264933233,113.14809366678907,114.821252803471,0.0
5.206,1.5980038707773752,-0.3289717514068241,1.8400923146068542,0.0,2.516684305274748,2.3446142304340776,113.22874007205951,114.821252803471,0.0
5.207,1.6676566603978293,-0.32974793950853554,1.8156942392857476,0.0,2.5324598536225515,2.37568448715752,113.5012040162462,114.821252803471,0.0
5.208,1.7365009541859837,-0.3290215786613332,1.6926627550646471,0.0,2.5496772112337087,2.3850594461117973,113.69671125886633,114.821252803471,0.0
5.2090000000000005,1.7949480700999292,-0.32251825919496313,1.6061545492006317,0.0,2.5654022274463513,2.3811923173162794,113.49548114444026,114.821252803471,0.0
5.21,1.8399573819169677,-0.30904946098036223,1.7200273230039729,0.0,2.577751494549234,2.3883089370578503,112.76735683212044,114.821252803471,0.0
5.211,1.8805095929813256,-0.29261739253319863,2.1046284388773886,0.0,2.5879046573689433,2.433105566444685,111.77780476467107,114.821252803471,0.0
5.212,1.9348063541613851,-0.28224426178178375,2.629838952990071,0.0,2.6005454431471824,2.522797872949306,111.38854866523566,114.821252803471,0.0
5.213,2.0215629043784245,-0.281798635484923,2.858794044090132,0.0,2.620946093412918,2.615717729349094,112.9980029580576,114.821252803471,0.0
5.214,2.1321200452456184,-0.29091693104367444,2.072299396133298,0.0,2.64960613306649,2.601287982956004,114.8971788341793,114.821252803471,0.0
5.215,2.2093828715016937,-0.28868323482346747,1.121952197765363,0.0,2.6736203045755866,2.48710063034718,113.64887741655602,114.821252803471,0.0
5.216,2.217760298651175,-0.25775853234623103,1.7578266604461537,0.0,2.6804349433625974,2.4660342043048322,110.12144733584773,114.821252803471,0.0
5.2170000000000005,2.2212595908881805,-0.22034461684487516,3.568539755476529,0.0,2.680655191986294,2.6402744326973773,109.0202751290699,114.821252803471,0.0
5.218,2.3128302993940673,-0.21326240926855833,4.177135635609456,0.0,2.6978725349084955,2.835913293964077,113.05285169934882,114.821252803471,0.0
5.219,2.4747577683469504,-0.239121658050377,2.178531361511218,0.0,2.735847369106909,2.770881259944435,118.11025882602047,114.821252803471,0.0
5.22,2.5514156668687797,-0.26775889966603517,-0.3830622620501012,0.0,2.766413020573422,2.447547562747963,116.19331231223151,114.821252803471,0.0
5.221,2.4562523279012587,-0.23262459055221552,0.5616903997567724,0.0,2.7574375907549604,2.300377075723804,111.44758252214639,114.821252803471,0.0
5.222,2.321230537458634,-0.17750264089678214,2.968291997612579,0.0,2.7289305838449676,2.436205507125299,110.5416819282033,114.821252803471,0.0
5.223,2.2871940679030525,-0.16527126066047182,3.4640380033367997,0.0,2.716062888436685,2.5884602330934383,114.38747827307941,114.821252803471,0.0
5.224,2.330360216228323,-0.19712738829652143,1.5454775762026627,0.0,2.723333923008373,2.5031149688706025,118.0788852989784,114.821252803471,0.0
5.2250000000000005,2.3196799710611007,-0.21733065659980233,-0.3328022617019095,0.0,2.723247125937609,2.2412126450807053,117.58688194984677,114.821252803471,0.0
5.226,2.190260050580623,-0.19151654252768768,-0.11445687859984921,0.0,2.6939371909639664,2.062422053284174,113.86635850011936,114.821252803471,0.0
5.227,2.0161333202160012,-0.14311613111669808,1.7553537892973716,0.0,2.6446132861935476,2.1199349879429086,111.43920566772846,114.821252803471,0.0
5.228,1.9182166576054813,-0.12715453088048434,3.002750676850248,0.0,2.6047012934541693,2.294309355194083,111.90663408326084,114.821252803471,0.0
5.229,1.9282410932028062,-0.16259617671559856,2.7981826562861585,0.0,2.5902761337580724,2.410196780766813,114.31267056237157,114.821252803471,0.0
5.23,1.9891222617924438,-0.22492069375649126,1.6002502391417908,0.0,2.595383513005004,2.3767293779435334,116.51652518338453,114.821252803471,0.0
5.231,2.0181510657413018,-0.27434111951576046,0.48137020483617254,0.0,2.6014464157080255,2.233437616976623,117.59790438816879,114.821252803471,0.0
5.232,1.9725052361778412,-0.29056586714323795,-0.08708591340293292,0.0,2.593864370025484,2.0590512790049287,116.7056243501368,114.821252803471,0.0
5.2330000000000005,1.8587583394683629,-0.27365066524868037,0.3402103901464013,0.0,2.5675789754293508,1.9660882251773768,115.08326796566993,114.821252803471,0.0
5.234,1.7330954433019,-0.24900811943865547,1.1487684307578465,0.0,2.532084286889919,1.9771468083159478,113.94447096567126,114.821252803471,0.0
5.235,1.6463820821024868,-0.2420101337854585,1.7269347491351814,0.0,2.5007215725545358,2.0473446196723826,113.74320541745433,114.821252803471,0.0
5.236,1.6150114610523774,-0.26171342697059363,1.83834799710381,0.0,2.481752252895231,2.1164438072559273,114.3939584384443,114.821252803471,0.0
5.237,1.623330464899694,-0.3005637719587071,1.5172444302590933,0.0,2.4756662889770533,2.1390718226488783,115.3732034662366,114.821252803471,0.0
5.238,1.6387713965178847,-0.34265742902768764,1.022102409735286,0.0,2.476693521817694,2.105958541082015,116.1859915245357,114.821252803471,0.0
5.239,1.6332105017366276,-0.37397675319701285,0.6020609933750936,0.0,2.4773308923055204,2.0357722831036407,116.58227742442541,114.821252803471,0.0
5.24,1.5951101396848775,-0.38785759225267596,0.38630779722068986,0.0,2.4720995990011576,1.957271381436383,116.47849581866667,114.821252803471,0.0
5.2410000000000005,1.5293171333493134,-0.38646945468354765,0.4216261699481034,0.0,2.4592498413373436,1.898996220643369,116.08340379673557,114.821252803471,0.0
5.242,1.4526096105736388,-0.37825687063916674,0.6065506709810105,0.0,2.440968040491419,1.87303200899159,115.67521107066163,114.821252803471,0.0
5.243,1.3828453272041372,-0.37249562034702915,0.8021074513460715,0.0,2.4213663868732165,1.8744050351931112,115.4366656308804,114.821252803471,0.0
5.244,1.3307510308497996,-0.3749871674599344,0.9152260429625945,0.0,2.404193883922329,1.8892008004521106,115.42187693921926,114.821252803471,0.0
5.245,1.297760452172227,-0.386546040107856,0.916614147435681,0.0,2.391464768312572,1.9029292651569838,115.58320709392486,114.821252803471,0.0
5.246,1.2781709731271271,-0.404186126572302,0.8283295271783446,0.0,2.3832062315188876,1.9061117194655421,115.82880527144812,114.821252803471,0.0
5.247,1.2633543549282025,-0.42336843299926763,0.6954549137369419,0.0,2.378025446677749,1.8958506465993255,116.04623312444035,114.821252803471,0.0
5.248,1.2457102946304155,-0.43987978638154657,0.5744911840311333,0.0,2.373961058841885,1.8759130188531599,116.17735307172559,114.821252803471,0.0
5.249,1.221386613266611,-0.45158487999625657,0.49537020770596607,0.0,2.369431793778784,1.852568209346354,116.22173574211094,114.821252803471,0.0
5.25,1.1904922641290694,-0.4584796519466923,0.4591740431268938,0.0,2.3636623482497146,1.831069727534964,116.1610366200463,114.821252803471,0.0
5.251,1.1556240655429562,-0.46185381184594143,0.47612576599345746,0.0,2.3566222089618267,1.816897358866016,116.06092591241054,114.821252803471,0.0
5.252,1.1211631264206234,-0.46410591171929366,0.5137843887219442,0.0,2.3490828361229084,1.8108531657242373,116.04372354764446,114.821252803471,0.0
5.253,1.0906909526352018,-0.46724165715057253,0.5101608636632484,0.0,2.342015392252412,1.8068916103541761,115.9927282159999,114.821252803471,0.0
5.2540000000000004,1.0642184574590072,-0.4711886429193127,0.5239437753602381,0.0,2.335661348212207,1.806779074402855,115.94604483194482,114.821252803471,0.0
5.255,1.0424253548544948,-0.47633771777591216,0.536037547103043,0.0,2.330458383357429,1.809367389752118,115.92708657913263,114.821252803471,0.0
5.256,1.0252446022512391,-0.48266227226309866,0.5344583357525183,0.0,2.3266787567680796,1.8125538778753043,115.94117155069486,114.821252803471,0.0
5.257,1.0116618810070395,-0.4895885474157772,0.5162166624991664,0.0,2.3242943863719074,1.8143752543937035,115.96645184902918,114.821252803471,0.0
5.258,1.000054862844206,-0.4961905730981434,0.49212452287642305,0.0,2.322987550740724,1.8144492823801457,115.9310721059149,114.821252803471,0.0
5.259,0.9890750368296857,-0.5016893965335611,0.49871620140912953,0.0,2.3223576517923763,1.8164429407196208,116.0209948505818,114.821252803471,0.0
5.26,0.9793747338684553,-0.5063530030336489,0.4417574086045677,0.0,2.3224481170534665,1.812800094402074,116.04417853659257,114.821252803471,0.0
5.261,0.9681918851638198,-0.5086399189371374,0.4179363082679681,0.0,2.322370175841076,1.8086129564613085,116.00966987281437,114.821252803471,0.0
5.2620000000000005,0.9557889721846157,-0.508659345527829,0.42330646946363304,0.0,2.321860582721789,1.8069181588689356,115.93802013537383,114.821252803471,0.0
5.263,0.9437299954131754,-0.5072927913571353,0.4479636648648737,0.0,2.3210819539305105,1.8092029299211165,115.85977128250443,114.821252803471,0.0
5.264,0.933839575472929,-0.5055770317472665,0.4767029065092432,0.0,2.3204345971081994,1.8150634620415347,115.79588892399254,114.821252803471,0.0
5.265,0.9272859101410957,-0.5041688382628479,0.49889772455997283,0.0,2.320300285492974,1.8230492418239144,115.74873701353957,114.821252803471,0.0
5.266,0.9242843497396082,-0.5031699772011258,0.5131988376857709,0.0,2.3208821902355634,1.8318388217207096,115.70528221578496,114.821252803471,0.0
5.267,0.9244009686987547,-0.5023065277290264,0.5260859424399342,0.0,2.322199871662259,1.8410393608042628,115.64564615504024,114.821252803471,0.0
5.268,0.9271346856104167,-0.5012587748008575,0.5476600392966031,0.0,2.3241992205272632,1.8513963510581313,115.5355170611994,114.821252803471,0.0
5.269,0.9324482013000108,-0.49993091616673374,0.5955819436397389,0.0,2.3268987466106825,1.8654160961255526,115.27052177147291,114.821252803471,0.0
5.2700000000000005,0.9413433944460439,-0.49890230665625473,0.7235868988229623,0.0,2.3306304261326902,1.890979809232129,115.10334937571261,114.821252803471,0.0
5.271,0.9573650433303498,-0.5013168285334456,0.804352130980698,0.0,2.3368211925147495,1.9202910155199542,115.1173708594564,114.821252803471,0.0
5.272,0.9803050294780449,-0.5064278307017823,0.7943802085489492,0.0,2.3458620679071323,1.9430224320407299,115.22459120694877,114.821252803471,0.0
5.273,1.0055076392104594,-0.5111478337239277,0.7367366507679851,0.0,2.356740087723107,1.9556008351079888,115.32872731180815,114.821252803471,0.0
5.274,1.028002894094828,-0.512468394734697,0.6795938532549243,0.0,2.3678862075451725,1.9600774757615356,115.36082857090828,114.821252803471,0.0
5.275,1.0451214419232584,-0.5088421407107186,0.6581474660304861,0.0,2.3779532858976404,1.9617753020000936,115.29942573616142,114.821252803471,0.0
5.276,1.057330610690839,-0.5006127919960615,0.6840671540770107,0.0,2.386314473220345,1.9662038599212548,115.16523020405918,114.821252803471,0.0
5.277,1.0674672196693973,-0.489518164389315,0.7477251461222487,0.0,2.3931442820533,1.9767759277271153,115.00048921313372,114.821252803471,0.0
5.2780000000000005,1.0791543335133595,-0.47773221975563074,0.8283032774883546,0.0,2.399162809149908,1.9940165677324546,114.84516736200543,114.821252803471,0.0
5.279,1.0952862253063453,-0.4669710104581549,0.9057250574671565,0.0,2.4052376739610035,2.01618797397214,114.72302983963326,114.821252803471,0.0
5.28,1.1171971694000948,-0.45801703236677094,0.9677760482916192,0.0,2.4120448674178796,2.040552232327485,114.64058735991435,114.821252803471,0.0
5.281,1.1446209371513514,-0.4507151681133854,1.010803942586639,0.0,2.419894102077645,2.0644758376454915,114.59255781834842,114.821252803471,0.0
5.282,1.176164093240623,-0.44427096281863093,1.0371056632208269,0.0,2.4287149298633457,2.086059406732176,114.5682349595865,114.821252803471,0.0
5.283,1.209944564242104,-0.43764111743018064,1.0517972710406318,0.0,2.4381471908393624,2.1043193410933285,114.55602919171395,114.821252803471,0.0
5.284,1.2441470170523217,-0.4298678744269544,1.0605523910944816,0.0,2.4476734608774224,2.119088190144585,114.54469506994946,114.821252803471,0.0
5.285,1.2773855489041235,-0.42029202609398203,1.0689850293119427,0.0,2.4567483779302064,2.1308586063223065,114.52157146438151,114.821252803471,0.0
5.2860000000000005,1.3088946219057649,-0.40865333393984415,1.0835436454868106,0.0,2.4649083472418596,2.1407429812729335,114.47087183584053,114.821252803471,0.0
5.287,1.338641745286869,-0.39512838343681195,1.1123972694336066,0.0,2.4718693994836185,2.150526135290157,114.37441584559771,114.821252803471,0.0
5.288,1.3674246120234945,-0.3803374268125561,1.1650936341337477,0.0,2.4776209061792844,2.1626664989001636,114.21828721981373,114.821252803471,0.0
5.289,1.396930072321967,-0.36532458685810804,1.2491876028623095,0.0,2.4825077957376385,2.17993357776641,113.99783438330606,114.821252803471,0.0
5.29,1.4296082420741967,-0.35144136030977313,1.3676482053177965,0.0,2.4872556777060093,2.204852820214925,113.72279675135677,114.821252803471,0.0
5.291,1.4683570906264527,-0.34008180297651736,1.5161515818135833,0.0,2.4929099766812204,2.2389701003621827,113.41960998355921,114.821252803471,0.0
5.292,1.5159242710896765,-0.33240320313033883,1.6817613939114788,0.0,2.5006795233638894,2.282128226592613,113.18480718061751,114.821252803471,0.0
5.293,1.5740681467045168,-0.329134918198886,1.8155272516108643,0.0,2.5117052026573354,2.3288854865812207,113.16761098444074,114.821252803471,0.0
5.2940000000000005,1.64161805277644,-0.3293392096852429,1.8406617678895514,0.0,2.5263591949331112,2.3666476758022106,113.3900332072839,114.821252803471,0.0
5.295,1.711965684136532,-0.3297149614057564,1.7437628524298403,0.0,2.5433632966778017,2.3841260790764336,113.65369511619132,114.821252803471,0.0
5.296,1.7751646648149235,-0.32573317696061066,1.6236074748489326,0.0,2.559973074769275,2.3830605382573786,113.63209388269803,114.821252803471,0.0
5.297,1.8248393274815724,-0.3146742665596015,1.646299680803305,0.0,2.5736386586700357,2.382628002673619,113.08380710057848,114.821252803471,0.0
5.298,1.8651933555288875,-0.29856680845806594,1.9378175288920036,0.0,2.5842331993351846,2.4115031238099855,112.29081990646199,114.821252803471,0.0
5.299,1.9125404072622572,-0.28438391567607846,2.3596154549203394,0.0,2.5952567544224525,2.477228144871263,111.57851465822765,114.821252803471,0.0
5.3,1.9823543034348328,-0.2782630601952535,2.7481954604899452,0.0,2.6112189909320507,2.5688027826258644,112.2481599547121,114.821252803471,0.0
5.301,2.0804574303008287,-0.2826476731577672,2.4391037407353107,0.0,2.6352859835468334,2.6048370860337235,114.03321418186061,114.821252803471,0.0
5.3020000000000005,2.17240868640629,-0.28597262265764134,1.5544570133771543,0.0,2.6608716055562858,2.5363208286474856,114.18563696299272,114.821252803471,0.0
5.303,2.2121312544961773,-0.26843619935788443,1.4846017812158856,0.0,2.675084783568197,2.474927181007825,111.54674042224923,114.821252803471,0.0
5.304,2.218882064813213,-0.2347110454278668,2.8367951753998475,0.0,2.6782028763156456,2.5701886781611947,108.78040597006347,114.821252803471,0.0
5.305,2.2757396491484227,-0.21622316799468855,4.280370869826802,0.0,2.688838894525338,2.7953204011453945,111.4918952070469,114.821252803471,0.0
5.306,2.427901220031049,-0.23537588086680372,2.957919827299331,0.0,2.723216160402745,2.8229279850761166,119.45180288825541,114.821252803471,0.0
5.307,2.5469249824246463,-0.2646902502340587,-1.0683395141527732,0.0,2.759949511587161,2.4099775219125807,116.44258448464456,114.821252803471,0.0
5.308,2.4352107452980096,-0.2249240552030869,0.42005637084092085,0.0,2.747047056189701,2.2594603846555326,110.01979623387548,114.821252803471,0.0
5.309,2.2891310647281196,-0.16202185469545904,3.6794650619214124,0.0,2.713861552500754,2.481307335244783,109.47414549809793,114.821252803471,0.0
5.3100000000000005,2.28714823065408,-0.16004562542656198,4.005761502863922,0.0,2.706590931025124,2.6797068769415286,114.82687902207209,114.821252803471,0.0
5.311,2.3740489685603676,-0.20978368405115866,1.3293384786908278,0.0,2.725378274608126,2.5502909957421407,119.30222131690176,114.821252803471,0.0
5.312,2.374175115861866,-0.23513942568442725,-0.9531423538583166,0.0,2.731637046706302,2.212241906858215,117.86611726742977,114.821252803471,0.0
5.313,2.2175764265330002,-0.19703813351396104,-0.2655389737619076,0.0,2.6990203331511853,2.0243119015077857,113.15921405537155,114.821252803471,0.0
5.314,2.01968124399501,-0.13627528517317644,2.1045330197481977,0.0,2.644569390020756,2.1259475940079247,110.49921438215232,114.821252803471,0.0
5.315,1.9247750166776099,-0.11944165506211157,3.4777532405710008,0.0,2.6044830396245726,2.347788860479949,111.5753648443052,114.821252803471,0.0
5.316,1.958492362683815,-0.1641133632307763,2.972136889086218,0.0,2.595671675114875,2.469429394059742,114.687396381287,114.821252803471,0.0
5.317,2.038927992324032,-0.23463044554480028,1.4174596848171566,0.0,2.6072156623869818,2.4035556630754744,117.34150799450308,114.821252803471,0.0
5.3180000000000005,2.0667339345098625,-0.2838291436509742,0.06520132629879893,0.0,2.6157245638019897,2.2099677591784777,118.0476178643228,114.821252803471,0.0
5.319,1.9970590661648933,-0.2891043371332428,-0.3201172592195827,0.0,2.6041120689877855,2.015669369930647,116.50815734532625,114.821252803471,0.0
5.32,1.856837761282779,-0.2595715787352476,0.4327439548601393,0.0,2.570929629371617,1.9410350843837156,114.48660337978158,114.821252803471,0.0
5.321,1.7205463970149508,-0.22951147466601807,1.446867431869368,0.0,2.5305907212987355,1.9881607907807175,113.336630720171,114.821252803471,0.0
5.322,1.6427564040875415,-0.22679146766878577,2.0366999825076597,0.0,2.4989996749438403,2.088474367110188,113.41280567872448,114.821252803471,0.0
5.323,1.631878454305883,-0.2564853799729433,2.0126969744783847,0.0,2.4838926212808103,2.167477499328327,114.39685379682048,114.821252803471,0.0
5.324,1.6596627289665185,-0.30508852033098155,1.5249169054968905,0.0,2.4832459925222414,2.180488785740192,115.56112056573306,114.821252803471,0.0
5.325,1.6847910933186205,-0.3521241297109885,0.9353848434179786,0.0,2.488653040908935,2.1296772771640224,116.5456701970572,114.821252803471,0.0
5.3260000000000005,1.6779342070684256,-0.3829392917031258,0.42586585382004527,0.0,2.4913575453246777,2.035341397180198,116.92314483874911,114.821252803471,0.0
5.327,1.6275880330847383,-0.3909852926071322,0.2161096126213118,0.0,2.484934919779983,1.9382010692761524,116.62450822592912,114.821252803471,0.0
5.328,1.5442715241497633,-0.3810825542365509,0.34739536480672584,0.0,2.4682707627695493,1.8753328610034368,115.99764104179943,114.821252803471,0.0
5.329,1.4527964015193715,-0.36563954832901846,0.6490650744882884,0.0,2.4453864973667643,1.858184966800059,115.4557005954305,114.821252803471,0.0
5.33,1.3764532755507581,-0.3569191412249113,0.9136908197531564,0.0,2.422271054361544,1.8740385629893037,115.20150540625437,114.821252803471,0.0
5.331,1.3263861678700983,-0.361032160951703,1.0369858883133876,0.0,2.4035921515167584,1.9016554059332658,115.26271735228526,114.821252803471,0.0
5.332,1.3009784433933873,-0.3771256179625743,1.0019652698097976,0.0,2.391271973324775,1.9218516341929865,115.53287660155975,114.821252803471,0.0
5.333,1.2900993188417782,-0.3998299621880865,0.8597694071916675,0.0,2.3845399790726605,1.92444750956049,115.86928334266605,114.821252803471,0.0
5.3340000000000005,1.281490987693416,-0.42275231611050396,0.6810857312465661,0.0,2.3810351872717175,1.9087154774190545,116.13631012374802,114.821252803471,0.0
5.335,1.2659122777455103,-0.4408175836546777,0.5344217675028125,0.0,2.378065627327361,1.8814875448420927,116.26291964353584,114.821252803471,0.0
5.336,1.2397653126803472,-0.451982199550184,0.45670033920825404,0.0,2.3737176851928066,1.8523231111111156,116.26216373091474,114.821252803471,0.0
5.337,1.20486142807983,-0.45715115550080987,0.4426691862443677,0.0,2.367345032894226,1.828452071652105,116.14933350962283,114.821252803471,0.0
5.338,1.1659522621136977,-0.45879189292399786,0.48580348982879973,0.0,2.3593513334366447,1.8151469252433328,116.01313003539616,114.821252803471,0.0
5.339,1.1289089526457041,-0.4601286644162618,0.5419864546228861,0.0,2.3509571267738627,1.8118073790030031,115.93177904305577,114.821252803471,0.0
5.34,1.0977701643393802,-0.463411256383859,0.5715566883972332,0.0,2.3434161035548384,1.813708096406681,115.94243606798852,114.821252803471,0.0
5.341,1.0733654246933952,-0.469098172877797,0.5550163432856807,0.0,2.337411989292742,1.8149226329260697,115.9606683976029,114.821252803471,0.0
5.3420000000000005,1.053650804477832,-0.4759948619773111,0.5345060225371727,0.0,2.3328315067448004,1.8152491333633418,115.98649032160343,114.821252803471,0.0
5.343,1.0369475914023198,-0.48316398695668766,0.5099426853555862,0.0,2.3294613593521167,1.814228278855753,116.01067219375257,114.821252803471,0.0
5.344,1.0218047914584103,-0.4897792525336513,0.4859575553781992,0.0,2.326982129211617,1.8120784399970344,116.01958845874184,114.821252803471,0.0
5.345,1.0072664045768966,-0.49528436459227965,0.4695160663308573,0.0,2.3250752478699717,1.8097747440722298,115.98419558432077,114.821252803471,0.0
5.346,0.9930931296300664,-0.49951219349169573,0.47558307573289116,0.0,2.3235386951283603,1.8097561919057752,115.90712198598432,114.821252803471,0.0
5.347,0.9801803173531576,-0.502980548248959,0.5032611830759852,0.0,2.322493183178571,1.8138484379965163,115.97885216947223,114.821252803471,0.0
5.348,0.9700181335323165,-0.5064657305212683,0.45582009767201526,0.0,2.3223101335352156,1.8129203199128603,116.01192225715852,114.821252803471,0.0
5.349,0.9597809075600543,-0.5083414168801964,0.4273783592919982,0.0,2.3222240507245884,1.8104370013242128,115.9884814630237,114.821252803471,0.0
5.3500000000000005,0.9489265244878786,-0.508287716997592,0.4274264697638781,0.0,2.321873580485484,1.8095747257272912,115.92355701022018,114.821252803471,0.0
5.351,0.9384811166291337,-0.5068794480118088,0.44886565409814816,0.0,2.321317557120988,1.8121619108719418,115.84554287411206,114.821252803471,0.0
5.352,0.9300184967536713,-0.5050093433720686,0.47762982144579935,0.0,2.3208842257868922,1.8182108758382902,115.77638837051721,114.821252803471,0.0
5.353,0.9247048136725405,-0.503332787394333,0.5026557175727597,0.0,2.3209334039716882,1.8265766970152533,115.72083673418959,114.821252803471,0.0
5.354,0.9228901510816618,-0.5020263034444001,0.5214356964293845,0.0,2.3216872987809856,1.8360728686601442,115.66656652294093,114.821252803471,0.0
5.355,0.9243020236037638,-0.5008991443593774,0.540117664859017,0.0,2.323204498613989,1.846388576756829,115.58685557825626,114.821252803471,0.0
5.356,0.9285980218874849,-0.49969834925464646,0.572317109453496,0.0,2.325480733402691,1.8587211121622538,115.40809331046668,114.821252803471,0.0
5.357,0.9360473875140405,-0.4984746930666912,0.655829838278329,0.0,2.3286400040234363,1.8781359529947093,115.13014788426511,114.821252803471,0.0
5.3580000000000005,0.948639404367918,-0.49904450898986197,0.7917136005711723,0.0,2.333499747978782,1.9087266951722972,115.07765883560941,114.821252803471,0.0
5.359,0.9695442728169678,-0.503561534035913,0.8153940645776389,0.0,2.341423766352185,1.9358167355845866,115.1636157178156,114.821252803471,0.0
5.36,0.9951489577898903,-0.5092180901422964,0.7689919943310977,0.0,2.3518414378507178,1.9530416747632722,115.28726728147427,114.821252803471,0.0
5.361,1.0199357468860948,-0.512601264299373,0.7025060677217305,0.0,2.363255419713482,1.9602659559985247,115.36072861917532,114.821252803471,0.0
5.362,1.0398569557587527,-0.5113169338113805,0.6603806407141636,0.0,2.3740753234182437,1.9619968045067595,115.34045248129604,114.821252803471,0.0
5.363,1.0540114573000177,-0.5048928588998989,0.6653267128755525,0.0,2.3832925166679706,1.9642440976616624,115.23142109037363,114.821252803471,0.0
5.364,1.064463594541994,-0.4946190050835804,0.7157407254677315,0.0,2.3907468367375344,1.9716762714083689,115.07121286282074,114.821252803471,0.0
5.365,1.0748384602318364,-0.48268452807325685,0.793345238650677,0.0,2.3969888882418404,1.9861063022581003,114.90492540852547,114.821252803471,0.0
5.3660000000000005,1.0886145800548488,-0.47116051042832485,0.8756522397477684,0.0,2.4029014405098486,2.0065836356385067,114.76506745201326,114.821252803471,0.0
5.367,1.1079126360937088,-0.46129565827717145,0.9461430715184538,0.0,2.409300577328921,2.030550387425434,114.66535813297963,114.821252803471,0.0
5.368,1.1331264429326189,-0.4533178086335739,0.9975566777401782,0.0,2.4166775607054936,2.055130427890367,114.60452422838486,114.821252803471,0.0
5.369,1.1632362208654792,-0.4466394792033854,1.030140915788426,0.0,2.4251200120500167,2.078000355265328,114.57301884978605,114.821252803471,0.0
5.37,1.1964383900061253,-0.4402462846697014,1.0483759446246799,0.0,2.4343687428931813,2.0977564050026087,114.55873841605266,114.821252803471,0.0
5.371,1.2307798529805174,-0.4330809521286862,1.0581413053655582,0.0,2.443943950991583,2.113908023007834,114.54995470873632,114.821252803471,0.0
5.372,1.2646227761261546,-0.4243198462028115,1.0652461399710749,0.0,2.45328473175423,2.1267065713053004,114.5341853683783,114.821252803471,0.0
5.373,1.2969060423239804,-0.41351907532573967,1.0760014845010117,0.0,2.4618708155331404,2.137058652351217,114.49692020351098,114.821252803471,0.0
5.3740000000000006,1.3272890478147625,-0.4006780152709211,1.0978773929342727,0.0,2.469328990141492,2.146513632210785,114.42032522102554,114.821252803471,0.0
5.375,1.3562432429452504,-0.386250016650142,1.1401841600014502,0.0,2.4755281760272276,2.157322785428843,114.28806270794097,114.821252803471,0.0
5.376,1.3851337087988056,-0.3711340774358551,1.2116473174990352,0.0,2.4806698853188314,2.172220412275145,114.09185859721474,114.821252803471,0.0
5.377,1.4161689289994945,-0.3566004896452346,1.3170433149247116,0.0,2.4853396511010812,2.193896405944285,113.83458318818086,114.821252803471,0.0
5.378,1.452140226461582,-0.34407701702312377,1.4555477155945533,0.0,2.490477793561491,2.2244068104053394,113.5373961922621,114.821252803471,0.0
5.3790000000000004,1.495980501985673,-0.3348400512751122,1.6169797796660244,0.0,2.497262330715908,2.264289754374464,113.25431770282474,114.821252803471,0.0
5.38,1.54991407866321,-0.329847791142536,1.774188375391166,0.0,2.5068999295946908,2.3110471918718787,113.14033035684604,114.821252803471,0.0
5.381,1.6143679695313864,-0.3290152302733319,1.8479912728467656,0.0,2.520207853241051,2.3540882860415726,113.28278592491014,114.821252803471,0.0
5.382,1.68485089254072,-0.32990176933523,1.7921481576003202,0.0,2.5365949388452456,2.380166708884923,113.56995546725074,114.821252803471,0.0
5.383,1.752037513467142,-0.32815204795257646,1.6610763597922265,0.0,2.553749823430644,2.384730832326118,113.69811268280111,114.821252803471,0.0
5.384,1.8071143051630438,-0.3198946969482668,1.6082291532237385,0.0,2.568754820504975,2.3806649762599967,113.36241151076956,114.821252803471,0.0
5.385,1.8496308072142522,-0.305112854748418,1.790668152166527,0.0,2.58030930313332,2.3949769201486375,112.5532053371505,114.821252803471,0.0
5.386,1.8917712753988274,-0.28906459386911615,2.2179517136392617,0.0,2.59052204161297,2.4499796332040304,111.58477515581718,114.821252803471,0.0
5.3870000000000005,1.9526311789000992,-0.27980249202614693,2.734531580782459,0.0,2.604355428956261,2.5467811138695797,111.88887064660844,114.821252803471,0.0
5.388,2.0467403322352054,-0.28264993781855585,2.611807656955457,0.0,2.626891465687373,2.6068769470786513,113.7089917386472,114.821252803471,0.0
5.389,2.1470355237069905,-0.28902368317419835,1.7128697215843147,0.0,2.6538561195974766,2.5554694874588284,114.6746779538697,114.821252803471,0.0
5.39,2.2004835681456725,-0.27711263205310965,1.2314923624690752,0.0,2.6716096090777115,2.4630607760694936,112.35198191411236,114.821252803471,0.0
5.391,2.2023365493907407,-0.24249206763095477,2.417533091241335,0.0,2.674657726895765,2.5172771910306464,109.2053814052173,114.821252803471,0.0
5.392,2.2363555458832303,-0.21608020679020234,4.046992059671403,0.0,2.6802635753798656,2.7300332957153515,110.31774727397836,114.821252803471,0.0
5.393,2.36696832347105,-0.22596910385168079,3.5358441805857996,0.0,2.707936346769197,2.835526302826543,114.94408302984263,114.821252803471,0.0
5.394,2.514882010514031,-0.24858715285967975,1.2214480003899455,0.0,2.7457802381509806,2.668800807536012,118.96359705433265,114.821252803471,0.0
5.3950000000000005,2.5320983370343515,-0.2592484710601361,-0.8297324543636817,0.0,2.7641137553775,2.3196317036449656,114.66273710932154,114.821252803471,0.0
5.396,2.3838909862850457,-0.2028369187191022,1.3222826750833687,0.0,2.7393851265527474,2.2809213025000146,109.66943930952581,114.821252803471,0.0
5.397,2.2617942202617978,-0.15154105088204115,3.870449709920684,0.0,2.708179890557307,2.514335871879782,110.70499260861193,114.821252803471,0.0
5.398,2.2811823559217776,-0.1643275977043285,3.393835662326216,0.0,2.705356113928209,2.640025582555434,115.79709453685457,114.821252803471,0.0
5.399,2.350198477303431,-0.21187502366001726,0.8380262808710592,0.0,2.720486037416491,2.4690931610211058,119.11245698734842,114.821252803471,0.0
5.4,2.319004259674271,-0.2266436363733077,-0.8625669862146403,0.0,2.7181587995414165,2.1593813335771883,116.91886164121757,114.821252803471,0.0
5.401,2.153713291000547,-0.18501947047153294,0.21325459847331807,0.0,2.6803667583331285,2.0336243364545052,112.71136040403691,114.821252803471,0.0
5.402,1.978194269072527,-0.13456848353821996,2.3381041410579915,0.0,2.628644854629755,2.1572932514860406,110.86787261744848,114.821252803471,0.0
5.4030000000000005,1.9092539082615245,-0.13119349449652656,3.29938183621243,0.0,2.59459529387462,2.353743385155157,112.23222221273997,114.821252803471,0.0
5.404,1.950036512172761,-0.18098017255833104,2.643097344473997,0.0,2.589105987039125,2.4401639883007307,115.05804317051415,114.821252803471,0.0
5.405,2.0194134277378026,-0.24757085566683018,1.2278189619164737,0.0,2.599634779563053,2.361052188611211,117.29005596336967,114.821252803471,0.0
5.406,2.0330825514990636,-0.2904250442051094,0.08712453388972996,0.0,2.6052475667737633,2.178771010427582,117.76670011607415,114.821252803471,0.0
5.407,1.958237736899353,-0.29291579631796943,-0.18065201558854183,0.0,2.5919163982920703,2.005600373464625,116.30398373810253,114.821252803471,0.0
5.408,1.823876196971172,-0.26550840850260804,0.5358788640509515,0.0,2.559561562781433,1.943941166851024,114.54349857183396,114.821252803471,0.0
5.409,1.6975949804822066,-0.23982957395677496,1.4188989895016049,0.0,2.5217256922386113,1.9877266207654012,113.58512509548561,114.821252803471,0.0
5.41,1.6253690532158378,-0.23961482520168548,1.910447004755637,0.0,2.492285120123908,2.075272062491906,113.69318046187519,114.821252803471,0.0
5.4110000000000005,1.612528727051973,-0.26823493752006927,1.867700044976806,0.0,2.4776935092358983,2.1421914337114396,114.60111170128427,114.821252803471,0.0
5.412,1.6332503316959852,-0.3131359145831677,1.415935836294133,0.0,2.4759059029124,2.149285333590434,115.64884205364147,114.821252803471,0.0
5.413,1.6504302306694925,-0.35601444419127326,0.8837947676138251,0.0,2.4792740756954124,2.0997906345405255,116.46530752548495,114.821252803471,0.0
5.414,1.6384435016284609,-0.38387049484098734,0.45912148447194956,0.0,2.4799913415705186,2.0156799113993547,116.73142212580412,114.821252803471,0.0
5.415,1.5891370344208284,-0.391818143579786,0.3069624910890332,0.0,2.4728214893987692,1.932865074821538,116.47300591706048,114.821252803471,0.0
5.416,1.513139001952836,-0.3849507433823714,0.4196530643249583,0.0,2.457252248277309,1.8793990085735126,115.96685229669544,114.821252803471,0.0
5.417,1.4312399562942655,-0.37375280556394785,0.6612738795752342,0.0,2.4367302254851406,1.8634229234810773,115.53451639229365,114.821252803471,0.0
5.418,1.3623227153682613,-0.368185667221211,0.8703091958878986,0.0,2.4161623906234273,1.8743318273058347,115.33463158843081,114.821252803471,0.0
5.4190000000000005,1.3152735704427543,-0.37315677755156074,0.9651178099697222,0.0,2.399344723150128,1.8949178851803639,115.38879902085326,114.821252803471,0.0
5.42,1.2886825164259694,-0.38791162711527283,0.9323586315846768,0.0,2.387840750560316,1.9096664992495285,115.6141221131224,114.821252803471,0.0
5.421,1.2742573153572407,-0.40808724427820997,0.8117683923535877,0.0,2.381033806028687,1.9101733816986175,115.89373437401521,114.821252803471,0.0
5.422,1.2619754073069305,-0.42837985648728855,0.6612374462017434,0.0,2.3769886753665004,1.8958031376400917,116.12161376118567,114.821252803471,0.0
5.423,1.2442447256259728,-0.44460845326660303,0.5342941430393664,0.0,2.373493252888313,1.8718345069392575,116.23128049492664,114.821252803471,0.0
5.424,1.2179766649821984,-0.45498783623687533,0.4653604992543272,0.0,2.3689299557467978,1.8463121091299626,116.23646954107933,114.821252803471,0.0
5.425,1.1846374165604805,-0.46025208812564705,0.44861380880189694,0.0,2.362746022416566,1.8251374585954805,116.14263539632734,114.821252803471,0.0
5.426,1.1481050647049966,-0.4624118673176728,0.4823170552493308,0.0,2.3552479505581454,1.8130218700150516,116.02858079134337,114.821252803471,0.0
5.4270000000000005,1.113349181874767,-0.4642050915941494,0.5272710778625884,0.0,2.347463783906015,1.8094337667225777,116.00678945549093,114.821252803471,0.0
5.428,1.08377679287367,-0.467543872736295,0.5263113792686096,0.0,2.3404485572727225,1.8077763539844873,115.96760118434393,114.821252803471,0.0
5.429,1.059000983665599,-0.4721414523743471,0.5344420310333791,0.0,2.3344414579777144,1.8089167436598168,115.94119936753987,114.821252803471,0.0
5.43,1.0390044846662847,-0.47800058515806587,0.5364434737947243,0.0,2.329747636389568,1.8114330934220573,115.94185796214701,114.821252803471,0.0
5.431,1.0230919214150573,-0.4847366062011472,0.5249081249043914,0.0,2.3264572029233626,1.8134899402113502,115.96453395669215,114.821252803471,0.0
5.432,1.0099171643309228,-0.49158338887701986,0.5021373160996103,0.0,2.3243872833666224,1.8139127211422144,115.98189845913473,114.821252803471,0.0
5.433,0.9979729082535113,-0.4976797591855613,0.4818486083216855,0.0,2.323168766765823,1.813264302854468,115.93720521868501,114.821252803471,0.0
5.434,0.986425778684783,-0.5025213041501839,0.49303570439440425,0.0,2.3224788662393516,1.8151430840729792,116.007495455757,114.821252803471,0.0
5.4350000000000005,0.9762606399335898,-0.5066040090607713,0.44602815933555084,0.0,2.322446515977897,1.8124849901667366,116.03296837975826,114.821252803471,0.0
5.436,0.9651976687131005,-0.5086165903564781,0.4211745415720465,0.0,2.322332148245386,1.808940923568316,116.00101958262991,114.821252803471,0.0
5.437,0.9531995613888931,-0.508522816759632,0.42535127234463266,0.0,2.321844369717674,1.8076569655125654,115.93123864908354,114.821252803471,0.0
5.438,0.9416572207799518,-0.5071055081976383,0.4491418806616916,0.0,2.3211220070313074,1.8101775014105104,115.8534972427964,114.821252803471,0.0
5.439,0.9322896762024402,-0.5053408924484588,0.47769013941201044,0.0,2.3205439995565817,1.8161911563268256,115.78862627645758,114.821252803471,0.0
5.44,0.9262269458460035,-0.5038635928750732,0.5004518878515527,0.0,2.3204803015253788,1.8243371796383152,115.73927021358486,114.821252803471,0.0
5.441,0.9236958078958434,-0.5027810758102673,0.5159497451867732,0.0,2.3211332717470516,1.8333571755089684,115.69250072085431,114.821252803471,0.0
5.442,0.9242991130957818,-0.5018379170822669,0.5306220123782137,0.0,2.3225300222441896,1.8429077646809349,115.62682148646287,114.821252803471,0.0
5.4430000000000005,0.9275857817159767,-0.5007360916243588,0.5554059427440143,0.0,2.3246303873957213,1.8538669791575209,115.49780842529877,114.821252803471,0.0
5.444,0.9336137042689114,-0.4994205479047055,0.6131469171077875,0.0,2.3274829459251754,1.8694137717833366,115.20499597105791,114.821252803471,0.0
5.445,0.9436562418701964,-0.4987952834871358,0.7557157125523483,0.0,2.3315493042155295,1.8977518988441677,115.0874216541044,114.821252803471,0.0
5.446,0.9616710558382695,-0.5021530625318569,0.8118411825227683,0.0,2.3384184477220256,1.9265297586097774,115.13430365440772,114.821252803471,0.0
5.447,0.9858626726673427,-0.5076473398688193,0.7852696738617445,0.0,2.3480492555710524,1.9471516963855418,115.25235990128219,114.821252803471,0.0
5.448,1.0110701326779734,-0.5119819835215884,0.7219304794463957,0.0,2.359201044441188,1.9574420204366754,115.3470273582715,114.821252803471,0.0
5.449,1.0325890110665075,-0.5123363126041075,0.669339005403734,0.0,2.3702623165919734,1.9605518187465378,115.35890823482409,114.821252803471,0.0
5.45,1.0484343421482862,-0.5075814171106979,0.6580220128139125,0.0,2.3800018595635652,1.962210012360928,115.27743240818842,114.821252803471,0.0
5.4510000000000005,1.0597542500207044,-0.4984658919032429,0.6941981300845721,0.0,2.3879781087815517,1.9676821471815604,115.13099247031985,114.821252803471,0.0
5.452,1.0697730359049067,-0.48695157473143746,0.7643207023503655,0.0,2.3945285269229784,1.9797675478499215,114.96399064470472,114.821252803471,0.0
5.453,1.08212075525691,-0.4752094841849869,0.8463942367455938,0.0,2.400455956528706,1.9983682520565276,114.81390910836755,114.821252803471,0.0
5.454,1.099415083259407,-0.4647875169565289,0.9215084418652124,0.0,2.4066217181048564,2.021364557135497,114.70045302467175,114.821252803471,0.0
5.455,1.1226138409322513,-0.45624528323555563,0.9794444815011094,0.0,2.4136351079942666,2.045920710108949,114.62674982566988,114.821252803471,0.0
5.456,1.1511296535096056,-0.4492420988271819,1.018241110780055,0.0,2.421717846244369,2.0695061037915417,114.58553605995183,114.821252803471,0.0
5.457,1.1833805865332572,-0.4428801194667037,1.0412051610742672,0.0,2.430721064152152,2.0904168666636314,114.56538447856775,114.821252803471,0.0
5.458,1.217436685067665,-0.4360979550924694,1.0538396350153418,0.0,2.4402326182688046,2.107873365161318,114.55468174432244,114.821252803471,0.0
5.4590000000000005,1.251542309435763,-0.4279838309572517,1.0618567127294842,0.0,2.449713934812429,2.121879845334899,114.5419708650542,114.821252803471,0.0
5.46,1.2844351925019004,-0.41796048577889167,1.0710049717477725,0.0,2.4586263409907816,2.1330827859667614,114.51413916931848,114.821252803471,0.0
5.461,1.3155103705635298,-0.405866680451353,1.0879919559571545,0.0,2.4665377154802393,2.142744418070002,114.4546710865518,114.821252803471,0.0
5.462,1.3449194114497893,-0.39198216663154073,1.1213918145096888,0.0,2.4732177572641714,2.1528108962936794,114.34576982228587,114.821252803471,0.0
5.463,1.3736637680174324,-0.3770292298525005,1.180597276454502,0.0,2.4787304647845816,2.165849544288206,114.1754344997982,114.821252803471,0.0
5.464,1.403622126404997,-0.3621373165428158,1.272223120735067,0.0,2.4835071852561286,2.1846144106297807,113.9413685015984,114.821252803471,0.0
5.465,1.4373744855594084,-0.3486944136691785,1.3980549628536907,0.0,2.4883529201316756,2.2114925306514865,113.65768565634494,114.821252803471,0.0
5.466,1.4778535320438844,-0.3380591890574839,1.5515320569516846,0.0,2.494366447843289,2.2476764025664213,113.35596655430108,114.821252803471,0.0
5.4670000000000005,1.5276412069478722,-0.33131932078882853,1.7170444704653145,0.0,2.5027619767117977,2.2924429808319484,113.1591706016519,114.821252803471,0.0
5.468,1.588142577190888,-0.32898865617716755,1.8320632688080967,0.0,2.514605636095413,2.3384121238626516,113.20016803142404,114.821252803471,0.0
5.469,1.6570633105155008,-0.3295917360342161,1.8277754016424925,0.0,2.529951489274129,2.372370598193725,113.45624674602173,114.821252803471,0.0
5.47,1.726684179842476,-0.3293875427443974,1.7133861049181394,0.0,2.5471301125076304,2.3849587781488184,113.6849247277601,114.821252803471,0.0
5.471,1.787145467571924,-0.32394273634572324,1.6104103948060624,0.0,2.563252804642335,2.381868034329698,113.56146139384987,114.821252803471,0.0
5.472,1.833946711348705,-0.311399220918287,1.6847399758573922,0.0,2.576128814548625,2.385361121184576,112.90091212732126,114.821252803471,0.0
5.473,1.8740818801607935,-0.2949628017002508,2.034218015883192,0.0,2.586383961190065,2.423544932805358,112.24623780233586,114.821252803471,0.0
5.474,1.9252828469591257,-0.28285633972122826,2.3873053283872476,0.0,2.598264627703927,2.489049947243698,111.47040232034563,114.821252803471,0.0
5.4750000000000005,1.9981772182120605,-0.27767252288707367,2.808731574213615,0.0,2.6150585737782697,2.5845121696356106,112.26635260870604,114.821252803471,0.0
5.476,2.100374002528643,-0.28327970333527597,2.4363054319810566,0.0,2.640387975502013,2.616413723729626,114.2187445703736,114.821252803471,0.0
5.477,2.1932314867441765,-0.28688312383278014,1.4661345334782514,0.0,2.666714896913027,2.535471169753089,114.20361548209262,114.821252803471,0.0
5.478,2.2278675426664956,-0.26716824851533494,1.4798754508325282,0.0,2.6801102002953923,2.473587381900005,111.33345943843949,114.821252803471,0.0
5.479,2.230846676727977,-0.23144741286900816,2.949831406309406,0.0,2.682245451386292,2.5808079049118406,108.72033779851166,114.821252803471,0.0
5.48,2.2908600370725583,-0.21314166237520438,4.317401376322913,0.0,2.6932328054714287,2.8066813595810105,111.70961464181237,114.821252803471,0.0
5.481,2.44531912937426,-0.23335787034096878,2.853879336289148,0.0,2.728115609996141,2.820012713538187,118.50863282574119,114.821252803471,0.0
5.482,2.5543939525151482,-0.2695640736411392,-0.5825035558979652,0.0,2.7646237897474615,2.4616786751893907,116.43113368749758,114.821252803471,0.0
5.4830000000000005,2.464947121445385,-0.2368266752850915,0.4401472043835739,0.0,2.757684571836603,2.30061417085253,111.4079049233178,114.821252803471,0.0
5.484,2.327911882345801,-0.1801686387369258,2.985895065274994,0.0,2.7294278152464067,2.438947360243767,110.32216989653443,114.821252803471,0.0
5.485,2.293778946035906,-0.1665055677050391,3.573753407736044,0.0,2.7168936958063283,2.602212764701754,114.3236281749757,114.821252803471,0.0
5.486,2.3418080776974772,-0.19929285384976347,1.5780005148003657,0.0,2.725682760942294,2.516862281276528,118.21220438309204,114.821252803471,0.0
5.487,2.3344200714346357,-0.2203111177724828,-0.4001971050540185,0.0,2.7270420073921926,2.244574515458323,117.72335047741566,114.821252803471,0.0
5.488,2.2024541294506164,-0.19309306012091965,-0.18479112895527572,0.0,2.697832383634382,2.057570457991948,113.82847423689954,114.821252803471,0.0
5.489,2.022700033953052,-0.14183199769758936,1.7725747769685019,0.0,2.6474767802156647,2.1179553248719505,111.27734675825553,114.821252803471,0.0
5.49,1.9220754698643128,-0.12412264283260921,3.083577576742659,0.0,2.606759805415904,2.3011739547327856,111.68866263529196,114.821252803471,0.0
5.4910000000000005,1.9341824864339037,-0.16009619478313197,2.9092455399062347,0.0,2.5925705753454107,2.42737445461427,114.31135911272996,114.821252803471,0.0
5.492,2.001289511610265,-0.2249464998360714,1.6029962380946463,0.0,2.5991941163064336,2.3903311760659434,116.7126283141738,114.821252803471,0.0
5.493,2.0330938279866557,-0.27569791478945005,0.3834478822656988,0.0,2.6063851279108636,2.2337393487958432,117.76331517211956,114.821252803471,0.0
5.494,1.9833737132723606,-0.29013690906262557,-0.1713161703936683,0.0,2.598278630848355,2.050484498961291,116.73093920479631,114.821252803471,0.0
5.495,1.862638766231322,-0.2700063378911735,0.3257749492547022,0.0,2.5702985457370517,1.9577557911192298,114.97272208996962,114.821252803471,0.0
5.496,1.7320986400002913,-0.24302464221877235,1.203368813803062,0.0,2.5330769175404235,1.9762184238690834,113.78372234039234,114.821252803471,0.0
5.497,1.6452943712423709,-0.2360440544419138,1.8082439932224872,0.0,2.500925667739712,2.0551160299160025,113.61615575966475,114.821252803471,0.0
5.498,1.6179367362756738,-0.2577696626102575,1.904078254024347,0.0,2.4823389263000495,2.1295430644309263,114.35016334603957,114.821252803471,0.0
5.4990000000000006,1.6316776846707353,-0.29937439815203437,1.5417853554112537,0.0,2.477412827283758,2.152073079221809,115.38694082041448,114.821252803471,0.0
5.5,1.6510361090303851,-0.3435272415048831,1.0177397380543614,0.0,2.4796731050615803,2.1158433765132356,116.25738343986748,114.821252803471,0.0
5.501,1.6468886698900984,-0.3756258852486418,0.5681571219638959,0.0,2.4811737071690474,2.0398988428059486,116.675099159334,114.821252803471,0.0
5.502,1.6071158428203751,-0.3888173796162322,0.3407607986720089,0.0,2.476059873638037,1.9555145898651998,116.53700357632772,114.821252803471,0.0
5.503,1.5373903942049028,-0.38559375204131524,0.39265108244657965,0.0,2.4625324841891345,1.8943113443905513,116.08370066269184,114.821252803471,0.0
5.5040000000000004,1.4564915226902058,-0.3753819777904458,0.6066780606723114,0.0,2.4431464502458127,1.8691013706660242,115.63286738528123,114.821252803471,0.0
5.505,1.3840563530853334,-0.36838421438357566,0.8239785535595139,0.0,2.4225103860921227,1.8733954552963423,115.37742244182112,114.821252803471,0.0
5.506,1.3313899221594367,-0.37077540815733934,0.9461393289060653,0.0,2.404700345766016,1.891530161113308,115.37138904854028,114.821252803471,0.0
5.507,1.2995714616903529,-0.38314984739608937,0.9436546630957949,0.0,2.391822056432741,1.9075488376657104,115.55522842352424,114.821252803471,0.0
5.508,1.28195286735376,-0.4020010207179815,0.844395219403282,0.0,2.3837833483610553,1.9114039862538073,115.8244294292679,114.821252803471,0.0
5.509,1.268920114452307,-0.42230755786883367,0.6997629502734863,0.0,2.3789792333087223,1.9004102108843663,116.06158255070615,114.821252803471,0.0
5.51,1.25225823824749,-0.4395294569121323,0.5687830920820076,0.0,2.3752474957479337,1.878776418690387,116.19913775367777,114.821252803471,0.0
5.511,1.2278827965177834,-0.4513907856077592,0.48622664109412694,0.0,2.3708580798899113,1.853676100761195,116.23695962283121,114.821252803471,0.0
5.5120000000000005,1.1961473962000115,-0.4580149354473387,0.4531586383238084,0.0,2.3650076170201686,1.8310820968619204,116.1637494298332,114.821252803471,0.0
5.513,1.1601587915300604,-0.4609679704600851,0.47633876855918866,0.0,2.3577413924004795,1.8166843339297114,116.0520704820696,114.821252803471,0.0
5.514,1.1247690982047613,-0.4629083171169631,0.5198700656550064,0.0,2.349945921731668,1.8110893464260238,115.9734792728212,114.821252803471,0.0
5.515,1.0938237327210374,-0.46597101541645,0.5476434055857051,0.0,2.3426879927257436,1.8109441582971995,115.96281640644747,114.821252803471,0.0
5.516,1.0686389254800894,-0.4708797557840103,0.5415592027428009,0.0,2.336650672264966,1.811601575510305,115.95858825762735,114.821252803471,0.0
5.517,1.048096715784412,-0.47696872269840684,0.5322999226112965,0.0,2.3319035245284847,1.8126396351641014,115.9682708561393,114.821252803471,0.0
5.518,1.0311081758863385,-0.4836324771581635,0.5159884428286416,0.0,2.3284070208524597,1.8130608213959245,115.98737478439729,114.821252803471,0.0
5.519,1.0164100220850276,-0.49015242263107855,0.49477525889038354,0.0,2.3259528426246434,1.8123668147207443,115.99940013816662,114.821252803471,0.0
5.5200000000000005,1.002857692078682,-0.4958690957590055,0.4769811086587614,0.0,2.3242383161414333,1.811095340966889,115.97459795255176,114.821252803471,0.0
5.521,0.9898698522061681,-0.5004305496631924,0.4778487499753836,0.0,2.3230126881293405,1.8113460830731565,115.97089103272847,114.821252803471,0.0
5.522,0.9779507473144142,-0.5041161863353485,0.4682058275944523,0.0,2.322294502623978,1.8115610134318867,116.00158472199817,114.821252803471,0.0
5.523,0.9668777296746527,-0.5066912580446571,0.44105566377433214,0.0,2.321916030226328,1.8098913842992599,115.99253069442186,114.821252803471,0.0
5.524,0.9556881731466129,-0.5076365834162936,0.4338698986529794,0.0,2.321486677228967,1.8089520593566706,115.94697477807516,114.821252803471,0.0
5.525,0.9448619528137779,-0.5072127818941544,0.4453906370802878,0.0,2.320950255615931,1.8104818591581522,115.88344411853214,114.821252803471,0.0
5.526,0.935536156217653,-0.5060600197516518,0.46653405370118617,0.0,2.3204978903238938,1.8149331806844542,115.82058976695862,114.821252803471,0.0
5.527,0.9287547422549389,-0.504765059283076,0.48796785985307,0.0,2.320404975683571,1.821693115609357,115.76669721499097,114.821252803471,0.0
5.5280000000000005,0.9250166643386307,-0.5035968886086857,0.5054596917216951,0.0,2.320881796830274,1.8298209034529347,115.7173600413922,114.821252803471,0.0
5.529,0.9242711400632222,-0.5025032847399914,0.5211672061418692,0.0,2.3220150999278526,1.8387811297854888,115.65898294134304,114.821252803471,0.0
5.53,0.926240953207579,-0.5012932905718988,0.5419784547877271,0.0,2.323808932029125,1.8488666913127552,115.56536479727586,114.821252803471,0.0
5.531,0.9308545442011155,-0.4998601755737906,0.5813464068832679,0.0,2.3262863943648853,1.8617576452636277,115.34687027694822,114.821252803471,0.0
5.532,0.9387849992732289,-0.4984921950314101,0.6853374923123149,0.0,2.329669059152478,1.8838263757812317,115.10957211971736,114.821252803471,0.0
5.533,0.9527427556664663,-0.4997008881946626,0.801103377765285,0.0,2.3350669665664516,1.9142647876188346,115.08374032848295,114.821252803471,0.0
5.534,0.9746312950551602,-0.504429665957759,0.8113943981323705,0.0,2.3434770030450958,1.939905340631102,115.17968615359982,114.821252803471,0.0
5.535,1.0003400586475435,-0.5097339655840777,0.7598371520726466,0.0,2.3541462763583683,1.95543955611849,115.297362047274,114.821252803471,0.0
5.5360000000000005,1.0244893480085033,-0.5123193655667765,0.696238112797522,0.0,2.3655333948908845,1.9616076213350193,115.3555461353941,114.821252803471,0.0
5.537,1.0435241491994933,-0.5100982322545303,0.6618031354182408,0.0,2.376128429427629,1.9632933995267783,115.31923586981377,114.821252803471,0.0
5.538,1.0570699894557642,-0.5029144496732803,0.6749784375449832,0.0,2.385064533579059,1.9663640419444897,115.19980914987806,114.821252803471,0.0
5.539,1.0675107440732405,-0.49224467184643533,0.7309062340487639,0.0,2.3923122538219768,1.975028510524362,115.03707363556514,114.821252803471,0.0
5.54,1.0784977656121244,-0.4802885471803807,0.8101157828842864,0.0,2.398493172963593,1.9906009118543058,114.87447561673996,114.821252803471,0.0
5.541,1.0933032710490143,-0.46899130879929446,0.8908825641641863,0.0,2.404490105348783,2.0118076800351825,114.74129829294775,114.821252803471,0.0
5.542,1.1137500829063292,-0.4594246678955135,0.9582707711655242,0.0,2.4110686631979363,2.0359974053439016,114.64852919917065,114.821252803471,0.0
5.543,1.139970733390767,-0.45166459168313067,1.0063825540970743,0.0,2.418650395818722,2.0603646245244076,114.5933530586616,114.821252803471,0.0
5.5440000000000005,1.1707861545824225,-0.4450353509873347,1.036249621799692,0.0,2.427259061381066,2.0827300648406752,114.5657282104941,114.821252803471,0.0
5.545,1.2043427160237539,-0.43850140964814677,1.0526172918132137,0.0,2.43659096327845,2.1018385331593823,114.55360281273443,114.821252803471,0.0
5.546,1.2387200370073157,-0.43103478568882525,1.061356490600417,0.0,2.4461445325958326,2.1173210403086355,114.54505783787252,114.821252803471,0.0
5.547,1.2723612898846273,-0.42186970142731717,1.0683909276873544,0.0,2.45535750266723,2.129540285159724,114.52691067408115,114.821252803471,0.0
5.548,1.3043157585787277,-0.41063499508331536,1.0804079308769374,0.0,2.4637269333613707,2.1395318494852504,114.48330195368912,114.821252803471,0.0
5.549,1.3343811513036143,-0.39741184890361786,1.105591799570771,0.0,2.470916378402323,2.149023607459267,114.39569310598696,114.821252803471,0.0
5.55,1.3632077952962935,-0.3827464738567811,1.1536518203966897,0.0,2.476855094943228,2.1604496208319452,114.24905187061448,114.821252803471,0.0
5.551,1.3923683357154981,-0.367634881291572,1.2326944474114974,0.0,2.481826919735604,2.176621600278629,114.03738654244812,114.821252803471,0.0
5.5520000000000005,1.4242518031680882,-0.35341859794389574,1.3463657741049069,0.0,2.4865060847508196,2.200171407910416,113.76758748703712,114.821252803471,0.0
5.553,1.4617582321714337,-0.3415303172150153,1.4918019549747452,0.0,2.4919067659809917,2.2328885453934526,113.46395789058266,114.821252803471,0.0
5.554,1.5077653397268136,-0.3331909432541637,1.6571897023308568,0.0,2.4992406445080446,2.274926610110618,113.20480526044479,114.821252803471,0.0
5.555,1.5642606739688543,-0.32925727548207734,1.8029304928300571,0.0,2.5096956319387895,2.3221174499990513,113.14816005676526,114.821252803471,0.0
5.556,1.6307962874024649,-0.32915641039718957,1.8479840221368757,0.0,2.5238524461336853,2.3623792208251997,113.34488076656999,114.821252803471,0.0
5.557,1.7015377883570797,-0.3298915344370106,1.7643873876035248,0.0,2.5407016282869366,2.383268121925813,113.62825928548301,114.821252803471,0.0
5.558,1.76656357827227,-0.3269029148688811,1.634628063326892,0.0,2.5576186829420307,2.383870069925468,113.67283201748701,114.821252803471,0.0
5.559,1.8182970745113114,-0.3169167294726386,1.6238259051847321,0.0,2.571835632733676,2.3811724577506554,113.20351620106686,114.821252803471,0.0
5.5600000000000005,1.859067054960905,-0.3011452415167143,1.8746611794188481,0.0,2.5827261245074853,2.4038988406325967,112.3697881958091,114.821252803471,0.0
5.561,1.9038800633403747,-0.2859756603010446,2.3160398281243513,0.0,2.5932892663379445,2.466963201901743,111.57463391191176,114.821252803471,0.0
5.562,1.9705441734628615,-0.27871131135305216,2.74608315898861,0.0,2.60845514754015,2.560783499105356,112.12583018049077,114.821252803471,0.0
5.563,2.067400171911616,-0.2826645909600932,2.4974392509289096,0.0,2.63199397458875,2.6050995727854804,113.930133162159,114.821252803471,0.0
5.564,2.162302675045825,-0.2871439959140092,1.6041989565079149,0.0,2.6580637280493637,2.5420972131364645,114.36701518384947,114.821252803471,0.0
5.565,2.2066339496120446,-0.27155859122723025,1.3903003218588903,0.0,2.6734670816339277,2.469478202760286,111.81367130715311,114.821252803471,0.0
5.566,2.2113843343756643,-0.23739938514567493,2.6970480751702492,0.0,2.6764665402003156,2.5514634384125863,108.94085475838956,114.821252803471,0.0
5.567,2.260504679496656,-0.21631735925477913,4.192260330002839,0.0,2.6853871456881118,2.7716002327390936,111.05211226423535,114.821252803471,0.0
5.5680000000000005,2.405036967485336,-0.2321827831977571,3.1743229824723036,0.0,2.717385386952415,2.8282828291774997,118.30099331185755,114.821252803471,0.0
5.569,2.536714999933863,-0.2564276068566118,-0.48491494642266475,0.0,2.7543603400971737,2.4771209307059032,117.68778645462913,114.821252803471,0.0
5.57,2.4583696025505986,-0.2321380159245734,-0.20697685432003632,0.0,2.7496073048411835,2.241873060852826,111.13380897117804,114.821252803471,0.0
5.571,2.296971649164578,-0.1658384706650592,3.1068863257284396,0.0,2.7147547320562584,2.408390564242393,108.76317745551734,114.821252803471,0.0
5.572,2.259594807732125,-0.14856867896154546,4.352782837038329,0.0,2.698802485253992,2.661178517481823,113.29947723251091,114.821252803471,0.0
5.573,2.346960695681116,-0.1956350788752821,2.0998507042511427,0.0,2.7150742603634406,2.616826934908681,118.52275160312115,114.821252803471,0.0
5.574,2.386347442662718,-0.23632214298613996,-0.5488014690504792,0.0,2.7292886127576867,2.3062563870800052,118.82244008146088,114.821252803471,0.0
5.575,2.2700939232838793,-0.21628368752151006,-0.7386575810002443,0.0,2.7084133743874235,2.046948433293651,114.43050813848262,114.821252803471,0.0
5.5760000000000005,2.067999914549457,-0.1552218560618278,1.4612158371387696,0.0,2.657178447569632,2.0764361939306943,110.85318733845172,114.821252803471,0.0
5.577,1.9371155827080782,-0.12211141664916347,3.2895568918044145,0.0,2.6109842594765276,2.2893468040692917,110.9831569928034,114.821252803471,0.0
5.578,1.9407621666276769,-0.15185836123082253,3.262953022735249,0.0,2.5943038195047023,2.4534271306908844,113.85689442630674,114.821252803471,0.0
5.579,2.018762660050989,-0.2202026694566287,1.8357278897552232,0.0,2.602919860651242,2.4341590662786565,116.75328864393899,114.821252803471,0.0
5.58,2.066416616624225,-0.2775688761699925,0.3682104225344187,0.0,2.6143743308981167,2.266062812068994,118.1752723517612,114.821252803471,0.0
5.581,2.0227168283603607,-0.294782004603689,-0.3763216268595868,0.0,2.6091935107599094,2.0539817958186095,117.13366133563676,114.821252803471,0.0
5.582,1.892918123472827,-0.2708633824265324,0.1213597958809729,0.0,2.580519491286662,1.9386219358298353,115.00680590326736,114.821252803471,0.0
5.583,1.7455219932538735,-0.23601357326527117,1.1829319810677072,0.0,2.539582594975893,1.9586423733109584,113.49836226616821,114.821252803471,0.0
5.5840000000000005,1.6473004670747657,-0.22346061708222786,1.950382704990309,0.0,2.503709104955792,2.055701341770022,113.2242293822692,114.821252803471,0.0
5.585,1.6200807184428745,-0.24518335882758058,2.1034193811518342,0.0,2.483643891937427,2.1506385486074304,114.02136520440094,114.821252803471,0.0
5.586,1.6434077371040496,-0.29158130096288626,1.712850346076667,0.0,2.4799654671220686,2.186744383300329,115.35156278129718,114.821252803471,0.0
5.587,1.6760782051972773,-0.34231907141300133,1.0424484578502855,0.0,2.485382643585695,2.1456727933846067,116.3675309246045,114.821252803471,0.0
5.588,1.6793855319820508,-0.3783725539766588,0.519001604985291,0.0,2.4896094487888893,2.058337843908542,116.97350979343562,114.821252803471,0.0
5.589,1.6396519821515376,-0.39210472417953524,0.1944896006700798,0.0,2.485830082420837,1.954100981703584,116.73686990969838,114.821252803471,0.0
5.59,1.5609317237223008,-0.38470538085712935,0.2936533714764258,0.0,2.4710537170016007,1.8823248968430777,116.11134518320492,114.821252803471,0.0
5.591,1.4686732227930999,-0.36902579521274204,0.5935148109258199,0.0,2.448926618650579,1.857603137075988,115.52432065826088,114.821252803471,0.0
5.5920000000000005,1.3882389422761112,-0.3582720499366274,0.8799963948499419,0.0,2.4255139380340203,1.8695803891352405,115.21003137818816,114.821252803471,0.0
5.593,1.3333437938290476,-0.35996196052578866,1.0332532491391273,0.0,2.4059336783026133,1.8972462095834897,115.22449139939627,114.821252803471,0.0
5.594,1.304392410929299,-0.37431938439045903,1.0219908525758201,0.0,2.3926404441083937,1.9200516904834182,115.47527050294285,114.821252803471,0.0
5.595,1.2921157609703657,-0.39642911792951624,0.8900611238078131,0.0,2.3852455778742385,1.9259085713415702,115.81909972534747,114.821252803471,0.0
5.596,1.2839962625168944,-0.4197750247320573,0.7081680433867372,0.0,2.381522838762203,1.9125217142621451,116.10521435257705,114.821252803471,0.0
5.597,1.269875620050762,-0.43879350077051044,0.5522711142808867,0.0,2.378692261149632,1.8862436132687659,116.25731732476893,114.821252803471,0.0
5.598,1.2452420182385389,-0.4509677085109356,0.4618589829719657,0.0,2.374665909290043,1.8564923892352283,116.27638933825853,114.821252803471,0.0
5.599,1.2111832445099824,-0.45679945823916407,0.43777161087929484,0.0,2.3685868206057603,1.8310682918940002,116.17062964660019,114.821252803471,0.0
5.6000000000000005,1.172185353080516,-0.45859809709173294,0.4771576882771704,0.0,2.3607127638322845,1.8161012179731153,116.02897698487597,114.821252803471,0.0
5.601,1.1343181412848369,-0.459688410601393,0.535906777325232,0.0,2.352231353441603,1.8116873991715094,115.93433882347418,114.821252803471,0.0
5.602,1.1020836126757763,-0.4625736419399199,0.572094997826095,0.0,2.3444631745219704,1.813427160604649,115.94342512919047,114.821252803471,0.0
5.603,1.0767935608908343,-0.46798955719060253,0.5563301217107528,0.0,2.3382126880018053,1.8145796698350691,115.957302577879,114.821252803471,0.0
5.604,1.0564087651285723,-0.4747355404425008,0.5380308996224064,0.0,2.333390400061901,1.8151260408378653,115.98014132271537,114.821252803471,0.0
5.605,1.0393227942992411,-0.48191686562555747,0.5150226420117812,0.0,2.3298274639538836,1.8144632386637096,116.00467114075161,114.821252803471,0.0
5.606,1.0240679719594084,-0.4887004036966158,0.4909235496208537,0.0,2.327228917175238,1.8125967762583608,116.0177470168205,114.821252803471,0.0
5.607,1.0095782968322993,-0.4944683582714494,0.4724206694529176,0.0,2.3252702184564447,1.810304095561703,116.00610038454403,114.821252803471,0.0
5.6080000000000005,0.9954376535917986,-0.4989708864703437,0.46639550978042066,0.0,2.323715720095993,1.8089776483057192,115.96572107499367,114.821252803471,0.0
5.609,0.9820158267558428,-0.5023227293261632,0.47514048184037416,0.0,2.3225077042781406,1.8099855889821592,115.97949011373676,114.821252803471,0.0
5.61,0.9701335962985808,-0.5050852081573431,0.4566735893661704,0.0,2.3217916383525887,1.8098259531983465,115.97746505517556,114.821252803471,0.0
5.611,0.9589867927438013,-0.5067043825236252,0.44612399612972564,0.0,2.3212816998331887,1.8097422141555464,115.95120715232395,114.821252803471,0.0
5.612,0.9485255411955474,-0.507139052109698,0.4479534040670019,0.0,2.3208460031722544,1.8109618556053106,115.9056092858172,114.821252803471,0.0
5.613,0.9392733508436208,-0.5066781344030752,0.4599087724969093,0.0,2.320520792678802,1.8142258881151525,115.85158311092103,114.821252803471,0.0
5.614,0.9319542586459986,-0.5057261776296617,0.4766185568704988,0.0,2.3204544004176686,1.8195620971596798,115.79773638877238,114.821252803471,0.0
5.615,0.9271190528662747,-0.5045863263331792,0.49377708209180926,0.0,2.320812404212223,1.8265370677180424,115.74558363605044,114.821252803471,0.0
5.6160000000000005,0.9249834454204376,-0.5033649298937193,0.5106101501269837,0.0,2.3217091495877833,1.8347169585929253,115.68898769430999,114.821252803471,0.0
5.617,0.9255147168821385,-0.5020178642875606,0.5302307720888209,0.0,2.3231982462609917,1.8440786767180806,115.61272182244052,114.821252803471,0.0
5.618,0.928681459408668,-0.5004794070214827,0.560449017833859,0.0,2.3253188454361875,1.8554379045470761,115.46814407290928,114.821252803471,0.0
5.619,0.9348288416604711,-0.49884224589449844,0.6262689799050947,0.0,2.3281986043254563,1.8721667382586433,115.16332474792132,114.821252803471,0.0
5.62,0.9454603616783986,-0.49825633426940896,0.7752579229545715,0.0,2.332415192029465,1.9021332552232575,115.06689049090423,114.821252803471,0.0
5.621,0.9646249034939403,-0.5019687726036911,0.8210186745887863,0.0,2.3396209999925555,1.93106678811155,115.12983348832547,114.821252803471,0.0
5.622,0.9897593816113878,-0.5076456466863531,0.7864613690296187,0.0,2.349586912213918,1.9509954902047073,115.25420748268486,114.821252803471,0.0
5.623,1.0153838145270684,-0.5118357509070294,0.719944825057786,0.0,2.3609532461459053,1.9603893236898244,115.34563253508418,114.821252803471,0.0
5.6240000000000006,1.0368494692638481,-0.5117667058638531,0.6689885015419962,0.0,2.372072834036251,1.9629353993807226,115.34886797083195,114.821252803471,0.0
5.625,1.0524502399030171,-0.5064826673226541,0.6620946319945024,0.0,2.381754516917552,1.964588635653557,115.25831823310594,114.821252803471,0.0
5.626,1.0636388980930003,-0.49691471047713764,0.7029988465611567,0.0,2.3896337202704108,1.9705383741905393,115.10597885206026,114.821252803471,0.0
5.627,1.073828468976589,-0.48513460625485066,0.7763212765981032,0.0,2.3961198452456856,1.9833285181522113,114.93742631615845,114.821252803471,0.0
5.628,1.0866724508722065,-0.47332428065512444,0.8594358094221337,0.0,2.402055037345853,2.0025866922258353,114.78931754973726,114.821252803471,0.0
5.6290000000000004,1.1046820885928086,-0.462966497627116,0.9338095451700653,0.0,2.4083012747662838,2.026009913375836,114.67982661113015,114.821252803471,0.0
5.63,1.128654341745767,-0.4545255540485401,0.9899692763970285,0.0,2.4154402845963063,2.0506924177607475,114.6107485081625,114.821252803471,0.0
5.631,1.157852260256603,-0.44757505779177725,1.026613370833939,0.0,2.4236534987293608,2.0741177772612973,114.57396118766259,114.821252803471,0.0
5.632,1.190591218158833,-0.4411623575226635,1.047479947241979,0.0,2.432752035332129,2.0946414985014763,114.55754134919121,114.821252803471,0.0
5.633,1.224894000279894,-0.43420679974899723,1.0583269810204659,0.0,2.4422921060462275,2.1115612927751735,114.54937986595819,114.821252803471,0.0
5.634,1.259006652204532,-0.4258081020497981,1.0651264520121062,0.0,2.4517158479471095,2.124973222273706,114.53688436373719,114.821252803471,0.0
5.635,1.291710737823139,-0.4154246775082957,1.0742178875199446,0.0,2.4604802188851838,2.135662073309619,114.50554747666246,114.821252803471,0.0
5.636,1.322495414713957,-0.4029560574435029,1.0930433843253948,0.0,2.468169323871329,2.1450790930274652,114.43755328970286,114.821252803471,0.0
5.6370000000000005,1.3516648488740386,-0.38876626501157596,1.1308774729428737,0.0,2.4745950293637806,2.1553960250633093,114.31562351125267,114.821252803471,0.0
5.638,1.380429835558143,-0.37368135218260273,1.1968986550901544,0.0,2.4798924150237043,2.1693353694011894,114.13000440064259,114.821252803471,0.0
5.639,1.410885706810055,-0.3589289743901513,1.2966206944234766,0.0,2.484582084122543,2.1896572344055967,113.88125526893508,114.821252803471,0.0
5.64,1.4457723954378607,-0.34594479056234556,1.430395235622592,0.0,2.4895542363688055,2.218600881921478,113.58801729051804,114.821252803471,0.0
5.641,1.4880739863973236,-0.3360602223712031,1.5893465799606412,0.0,2.4959660774792813,2.256989974256328,113.29172667860985,114.821252803471,0.0
5.642,1.5402050466283397,-0.33030689052915957,1.7527871471633483,0.0,2.505041622891482,2.3032588897018424,113.13954102602212,114.821252803471,0.0
5.643,1.6031104168514352,-0.32890772018465314,1.8456970912317034,0.0,2.517740129887538,2.3479958761972846,113.2419267912094,114.821252803471,0.0
5.644,1.6732310745302947,-0.3298153942833701,1.8102974687606799,0.0,2.533756320687837,2.3776217381878495,113.52525038047084,114.821252803471,0.0
5.6450000000000005,1.741760343741423,-0.3288606565010903,1.6815956983599603,0.0,2.551019380710124,2.3852464215035836,113.70543598649141,114.821252803471,0.0
5.646,1.7991871106902262,-0.3218228144916738,1.60266106351947,0.0,2.5665539878185433,2.380807498689269,113.46163128615322,114.821252803471,0.0
5.647,1.8432054761853374,-0.30785206987420727,1.738159628861742,0.0,2.5786248384468617,2.3897923648683084,112.69546477851415,114.821252803471,0.0
5.648,1.883927225899333,-0.29139566157792796,2.1425007629308457,0.0,2.5887165931638374,2.438169159772866,111.6045497542374,114.821252803471,0.0
5.649,1.940386523100191,-0.2810576197062244,2.7201253055615586,0.0,2.6016642313766445,2.5364094338123993,111.61601907855525,114.821252803471,0.0
5.65,2.032278552223022,-0.28280638058950636,2.7464429806517874,0.0,2.623436877288003,2.613695612871374,113.44834261577297,114.821252803471,0.0
5.651,2.139070882514358,-0.29115386462651727,1.8440103139199084,0.0,2.651661612149362,2.5750714324833592,114.74559979385958,114.821252803471,0.0
5.652,2.2025421009263115,-0.28385150859193775,1.1961382549727173,0.0,2.67231472148161,2.474976633081009,112.91509523508913,114.821252803471,0.0
5.6530000000000005,2.208088265868319,-0.2508641622861544,2.1304521100417646,0.0,2.6773374554071077,2.496234503239683,109.72309823647991,114.821252803471,0.0
5.654,2.2292177316822235,-0.2197451392830613,3.7774321550162817,0.0,2.6808904838886405,2.6854247465814383,109.82548267854759,114.821252803471,0.0
5.655,2.339901023207144,-0.2210979892926791,3.776197635231679,0.0,2.703467237587284,2.8274818034015166,113.85328329060955,114.821252803471,0.0
5.656,2.4905620241240087,-0.24372322625626194,1.77197702432931,0.0,2.7404672691639695,2.7216730307224304,117.82093043030282,114.821252803471,0.0
5.657,2.53987076673788,-0.2626270965914381,-0.24184332178564283,0.0,2.7650395936823107,2.424749754826945,115.62707061237819,114.821252803471,0.0
5.658,2.4376468880311273,-0.2241580864478498,0.8470284090876015,0.0,2.7530417283401234,2.311627846913928,111.22993949037067,114.821252803471,0.0
5.659,2.3131391042647174,-0.17360003337743998,3.081507103222366,0.0,2.7257547630045442,2.456195899731324,110.86877619583717,114.821252803471,0.0
5.66,2.290484777322174,-0.1673638392749419,3.3016135165654528,0.0,2.715472898663691,2.5866922673858306,114.7715911462711,114.821252803471,0.0
5.6610000000000005,2.331845525702581,-0.1997292317739403,1.350702657920484,0.0,2.7228914126382886,2.481533327665153,118.1640339394341,114.821252803471,0.0
5.662,2.3108886853369857,-0.21615287064943517,-0.3789465500206468,0.0,2.720535127594673,2.219598688950948,117.15113007153731,114.821252803471,0.0
5.663,2.1743788068034258,-0.18688388350862292,0.10420661124708808,0.0,2.688837182209755,2.0688717436577,113.56596604661941,114.821252803471,0.0
5.664,2.007976470908147,-0.1416172500340894,1.9093414912745543,0.0,2.640549697023213,2.140720161708773,111.48646000213917,114.821252803471,0.0
5.665,1.9220835591314818,-0.13127036360978311,2.9824424415279926,0.0,2.603590310988504,2.3083289421001694,112.20356304654926,114.821252803471,0.0
5.666,1.9376241146907032,-0.16957679384340035,2.6500678168921628,0.0,2.5914049177863463,2.405620297407198,114.54405075452102,114.821252803471,0.0
5.667,1.9939621930787035,-0.22993452403242803,1.4825959833957822,0.0,2.596423485453564,2.360824039357977,116.62905756901257,114.821252803471,0.0
5.668,2.0143206531985545,-0.27551841903915714,0.42201452849459153,0.0,2.6008712216979886,2.2143439723469283,117.47229578613153,114.821252803471,0.0
5.6690000000000005,1.9609430631418985,-0.2880614654550832,-0.026115009891489516,0.0,2.5911500737725506,2.0503433704954013,116.48793248951027,114.821252803471,0.0
5.67,1.8463949244962636,-0.2705241363210675,0.4493998415587446,0.0,2.563946443785602,1.9706251624303235,114.94228459475202,114.821252803471,0.0
5.671,1.7262311508906776,-0.24832259463068562,1.2210134710250578,0.0,2.529224559696239,1.9883532966100081,113.94245518626708,114.821252803471,0.0
5.672,1.646532382456855,-0.2446949612209119,1.7297161514395678,0.0,2.49957065317561,2.0566428143053863,113.84751419442877,114.821252803471,0.0
5.673,1.6193678112613974,-0.2664355963485763,1.7869240334491472,0.0,2.4821388352747213,2.1185349449432342,114.53500010647389,114.821252803471,0.0
5.674,1.6273880490531538,-0.30512132108493956,1.4460436043965588,0.0,2.4766774355974297,2.1332718828422794,115.44493257676068,114.821252803471,0.0
5.675,1.6389071232772434,-0.3453044149105452,0.9848405715202668,0.0,2.4772691527512265,2.0974785618710934,116.21409488975428,114.821252803471,0.0
5.676,1.6292252672565266,-0.3744955721500939,0.5863309941606336,0.0,2.477031562450617,2.027279916436129,116.54761114640799,114.821252803471,0.0
5.6770000000000005,1.588131732686464,-0.38673401216902875,0.402309282404409,0.0,2.47085218346626,1.9522435542375096,116.41981018202668,114.821252803471,0.0
5.678,1.5217452257713322,-0.384942533612246,0.45022419080950615,0.0,2.4574676591190423,1.8980953278174049,116.03525435157181,114.821252803471,0.0
5.679,1.4465164315239893,-0.37740074620945435,0.630362090555934,0.0,2.4391950827357958,1.8749707937907003,115.65672116751162,114.821252803471,0.0
5.68,1.3791502769239607,-0.3728051885249897,0.8112739989456219,0.0,2.4200072171169404,1.8770883755172734,115.44709131045614,114.821252803471,0.0
5.681,1.3291555294902784,-0.3763217420490309,0.9098305424035078,0.0,2.4033826726971177,1.8909332738774787,115.44896616672358,114.821252803471,0.0
5.682,1.2972583570850564,-0.38838013944957145,0.9026159806372647,0.0,2.3910963307341153,1.9029608022210525,115.61201436819609,114.821252803471,0.0
5.683,1.2776725559583542,-0.4059434463456033,0.8131842642537608,0.0,2.38305275558633,1.9046270667493321,115.84770757428322,114.821252803471,0.0
5.684,1.2621453748688654,-0.4246622187757004,0.6850731135020716,0.0,2.3778635963045005,1.893636569799731,116.05419669293597,114.821252803471,0.0
5.6850000000000005,1.2436267649491106,-0.4406230401241398,0.5694991152810445,0.0,2.3736628058799223,1.8736759536003884,116.17450143059273,114.821252803471,0.0
5.686,1.2186444846573776,-0.45188351190194387,0.4958142601814508,0.0,2.3689650765599413,1.8509045906326702,116.21261932035776,114.821252803471,0.0
5.687,1.1875271811059376,-0.4585645317727399,0.46284165013006673,0.0,2.363082291343196,1.8302235330628118,116.15198053931441,114.821252803471,0.0
5.688,1.1528687939218791,-0.46196018319555754,0.47985376329330864,0.0,2.356026390348941,1.8167246108314659,116.05672669455346,114.821252803471,0.0
5.689,1.1188706252546505,-0.46437256155195394,0.5151259467629574,0.0,2.348557592335953,1.8109730244554127,116.03949573333179,114.821252803471,0.0
5.69,1.088875587471681,-0.467672719120672,0.5115589980751849,0.0,2.341599409035654,1.8072641031947687,115.99182203258906,114.821252803471,0.0
5.691,1.0628636195832029,-0.4717745959863955,0.5236901561553717,0.0,2.335384356818861,1.8071617186957611,115.94890908042547,114.821252803471,0.0
5.692,1.0414064509564585,-0.47700880872577084,0.5338700694676222,0.0,2.330315316006523,1.8095467151785776,115.93245994398158,114.821252803471,0.0
5.6930000000000005,1.0243743014066877,-0.48331192949756285,0.530982566284457,0.0,2.3266326800812025,1.812425848212815,115.94625020071743,114.821252803471,0.0
5.694,1.0107586490964784,-0.49011229478926527,0.51283746394407,0.0,2.3242912300262075,1.8140091183841112,115.96787308154975,114.821252803471,0.0
5.695,0.9990197559356597,-0.4965311010644967,0.49055982074712,0.0,2.3229803170312,1.8140859485291059,115.9283986175792,114.821252803471,0.0
5.696,0.9879466232202678,-0.5018653774419335,0.49922559459131266,0.0,2.322330760688957,1.8163006715820145,116.00781028992981,114.821252803471,0.0
5.697,0.9782733803877164,-0.5064475336400722,0.4476541835514234,0.0,2.322418326704252,1.8134227791270063,116.04197881423597,114.821252803471,0.0
5.698,0.9674556704977489,-0.5088215446208595,0.4183626612906899,0.0,2.3224246665184207,1.809228294840317,116.01381514768762,114.821252803471,0.0
5.699,0.9553243505521345,-0.5088752686364508,0.4205188711226995,0.0,2.3219930934544117,1.8072102593629613,115.94275481245245,114.821252803471,0.0
5.7,0.9433316906852653,-0.507425156092491,0.444834018650472,0.0,2.3212428245290764,1.809201853642573,115.86122495175258,114.821252803471,0.0
5.7010000000000005,0.9333722583302617,-0.5055480950980444,0.47519922751759314,0.0,2.320574766340286,1.8149918940621772,115.79317489520402,114.821252803471,0.0
5.702,0.9267505451038669,-0.5039796634460627,0.49950503487454156,0.0,2.320398761140562,1.8231349054728896,115.74321353291025,114.821252803471,0.0
5.703,0.9237844561734763,-0.502879684731496,0.5152661087270348,0.0,2.3209493442597986,1.8321967279228413,115.69857837907054,114.821252803471,0.0
5.704,0.9240656371269448,-0.5019863141433121,0.5288104298908929,0.0,2.322263780334552,1.841679100235035,115.63768588779801,114.821252803471,0.0
5.705,0.9270643523366681,-0.5009601596715307,0.5510923446838855,0.0,2.324291066747036,1.8523331994755416,115.5215041931701,114.821252803471,0.0
5.706,0.9327232013012181,-0.4996892458443639,0.6021806781008503,0.0,2.327051495466051,1.8669290287271787,115.24330376851499,114.821252803471,0.0
5.707,0.9421122253855199,-0.49884925743735337,0.7370603807779659,0.0,2.3309157746518294,1.8936909977262388,115.09734815013822,114.821252803471,0.0
5.708,0.9589865161149239,-0.5016997796954328,0.807277236499681,0.0,2.337391780151394,1.9227759731071965,115.12542998740992,114.821252803471,0.0
5.7090000000000005,0.9824614530726506,-0.5070044569082739,0.7901945460244421,0.0,2.3466836919099303,1.9446052868324657,115.23757110583797,114.821252803471,0.0
5.71,1.007662682154267,-0.5115873955224599,0.7299608037867442,0.0,2.357680420340572,1.956188589790267,115.33801175764918,114.821252803471,0.0
5.711,1.0297266268312888,-0.5125161427928793,0.6745728883393565,0.0,2.368792139037533,1.9600478803948596,115.36171293104388,114.821252803471,0.0
5.712,1.0462718907758535,-0.5084193685308499,0.6573177003662782,0.0,2.3787186822837296,1.9616888826989929,115.2917873177182,114.821252803471,0.0
5.713,1.0580577329722154,-0.49981439927896826,0.6875751618866459,0.0,2.3869110925606347,1.96652832174215,115.15226025518501,114.821252803471,0.0
5.714,1.068092465571269,-0.4885383242521279,0.7540286186361009,0.0,2.3936138871537302,1.9777244013719857,114.98639782934215,114.821252803471,0.0
5.715,1.0800098780028504,-0.47676842051303514,0.8353083812988195,0.0,2.399584081589469,1.9955368237820688,114.8331763128059,114.821252803471,0.0
5.716,1.096592101212663,-0.4661524197872286,0.9117999044735947,0.0,2.405688437780194,2.018061422888552,114.71463599021907,114.821252803471,0.0
5.7170000000000005,1.119015516080087,-0.4573792441514325,0.9721362338995333,0.0,2.4125759289498148,2.042515325305245,114.6358182555177,114.821252803471,0.0
5.718,1.146877343249825,-0.4502146892567965,1.0133994467297462,0.0,2.4205196919620904,2.0663076098742987,114.59056685315754,114.821252803471,0.0
5.719,1.1787033688702044,-0.44381963557297693,1.0383320074129634,0.0,2.4294164967737713,2.0876227472879822,114.56785758346628,114.821252803471,0.0
5.72,1.212590928264475,-0.4371424458660469,1.0522205944586416,0.0,2.4388845945147266,2.105565099132491,114.55612219582929,114.821252803471,0.0
5.721,1.2467503921996939,-0.4292444292046157,1.0607395943535534,0.0,2.448398107730351,2.1200395642456984,114.54413633378263,114.821252803471,0.0
5.722,1.2798483423398757,-0.4195004854081403,1.0695036900737656,0.0,2.4574148624847343,2.131597614823353,114.51919121869052,114.821252803471,0.0
5.723,1.3111845706455894,-0.407690324262998,1.0849968634676248,0.0,2.4654840685334447,2.141402138322576,114.46532746999523,114.821252803471,0.0
5.724,1.3407968809570587,-0.3940300881032037,1.1154879911500286,0.0,2.4723422819610805,2.151288230536669,114.36450998822228,114.821252803471,0.0
5.7250000000000005,1.369555824940372,-0.3791767344189776,1.1704641601889905,0.0,2.4780060167236937,2.1637466414545283,114.20346866615351,114.821252803471,0.0
5.726,1.399213912424947,-0.3642034784413076,1.25716266259655,0.0,2.482850694481132,2.181537858147836,113.97833061495284,114.821252803471,0.0
5.727,1.4322637961697744,-0.3504733672047027,1.3781609100820682,0.0,2.4876294464559074,2.2071383368098023,113.70033282731012,114.821252803471,0.0
5.728,1.4716132377141258,-0.3393668551159019,1.528369003665036,0.0,2.4934059558819985,2.2419716108898897,113.39735373105604,114.821252803471,0.0
5.729,1.5199515366891516,-0.3320149170376626,1.6940975425162241,0.0,2.501390493705771,2.285703548370569,113.1752536002638,114.821252803471,0.0
5.73,1.5789204444631564,-0.32907777931633,1.8216075999444172,0.0,2.512700205726671,2.332226369948757,113.17816950825349,114.821252803471,0.0
5.731,1.646969250165006,-0.32943195797712377,1.836580478901748,0.0,2.5275995597331997,2.368704117132777,113.41302520400214,114.821252803471,0.0
5.732,1.7170977647691683,-0.3296209825055949,1.7332349070221118,0.0,2.5446740039690012,2.3844726347532754,113.66573086552457,114.821252803471,0.0
5.7330000000000005,1.779364810331062,-0.32513823930900876,1.6184372956403628,0.0,2.5611228635463648,2.3826293736363424,113.60995845769422,114.821252803471,0.0
5.734,1.8280218190980078,-0.3135521166879628,1.6584364430133038,0.0,2.5745128649979483,2.3834336064049344,113.02207558843166,114.821252803471,0.0
5.735,1.868225564945364,-0.297300764348852,1.970369649794976,0.0,2.584972502050141,2.415473235358541,112.25873539678851,114.821252803471,0.0
5.736,1.9168960248317934,-0.2836887943411407,2.3776649196833772,0.0,2.5962553351150186,2.4820862996128783,111.57096637450293,114.821252803471,0.0
5.737,1.9881443537397288,-0.2780758730513082,2.754052295115847,0.0,2.612589889657037,2.57314538776595,112.2951005776731,114.821252803471,0.0
5.738,2.0870578496903986,-0.2827178099766139,2.4172467157887434,0.0,2.6369636398348417,2.6057515338121147,114.08752596111756,114.821252803471,0.0
5.739,2.177987934366638,-0.28563166941220086,1.528371292490044,0.0,2.6624347347681456,2.534113025146979,114.12025857111944,114.821252803471,0.0
5.74,2.2155589393748234,-0.26717168392302604,1.5190149298126234,0.0,2.676135132343439,2.4768215214760194,111.43031679470961,114.821252803471,0.0
5.7410000000000005,2.2227117535759877,-0.23342843879394548,2.8978951781051494,0.0,2.6792091826848017,2.5779884993565902,108.74958704196372,114.821252803471,0.0
5.742,2.2826848699496494,-0.21589308950445907,4.298976712093167,0.0,2.6905010698095317,2.803150836079907,111.66526456443135,114.821252803471,0.0
5.743,2.43696665264764,-0.23603778887617588,2.872697833249748,0.0,2.7255712723179037,2.8196533708976665,119.31390276716694,114.821252803471,0.0
5.744,2.5502966191273773,-0.2676099934911156,-0.9965477677550032,0.0,2.762056203571141,2.4157349666766073,116.1632507463267,114.821252803471,0.0
5.745,2.440619264228898,-0.22741166057206985,0.5653582632365601,0.0,2.749763262609704,2.2795568241257267,110.28121210285981,114.821252803471,0.0
5.746,2.3020454191189015,-0.16755745162224445,3.551777991976114,0.0,2.7188998218340323,2.482800660998342,109.95796939178129,114.821252803471,0.0
5.747,2.296484275166279,-0.16481977544029502,3.762032181632272,0.0,2.711744506532674,2.6551235210645974,114.96737117564291,114.821252803471,0.0
5.748,2.368811976947219,-0.20873538434163674,1.255870105979743,0.0,2.7273951025090426,2.523706534740323,119.05363056395444,114.821252803471,0.0
5.7490000000000006,2.357629386157819,-0.22910051970063539,-0.8295833657808576,0.0,2.730139949055825,2.204611407513615,117.53611776173088,114.821252803471,0.0
5.75,2.2017224882810993,-0.19104609922150906,-0.09797561425167434,0.0,2.6963111606189627,2.036069597908618,113.09698638278816,114.821252803471,0.0
5.751,2.0132737655363,-0.1345824740453082,2.1388327394265136,0.0,2.6431806155006976,2.138902222332903,110.71329848762446,114.821252803471,0.0
5.752,1.925731718548767,-0.12162523424152716,3.371756230166831,0.0,2.6047857272100323,2.347137168188768,111.82800530330978,114.821252803471,0.0
5.753,1.9585934835189738,-0.16649075451395823,2.844335297325781,0.0,2.5961186019620266,2.455873378493462,114.76381926099917,114.821252803471,0.0
5.7540000000000004,2.032582061774272,-0.23436885179372957,1.3770026539058042,0.0,2.6062097457673405,2.3889267478367184,117.24484739266387,114.821252803471,0.0
5.755,2.055292203477543,-0.28128560417531046,0.11225264218152531,0.0,2.613079173915625,2.2034764899659036,117.8825829687513,114.821252803471,0.0
5.756,1.9857107862108176,-0.2865732905578537,-0.23722844751498884,0.0,2.600829111440264,2.019343838263998,116.40069864632262,114.821252803471,0.0
5.757000000000001,1.8502728516250802,-0.25922956157472715,0.4879192552708296,0.0,2.568330102990278,1.9498628623199146,114.50043925249157,114.821252803471,0.0
5.758,1.7198144111561482,-0.23195840301781245,1.4412570876961488,0.0,2.5294065076394547,1.9946918167698933,113.44148806135708,114.821252803471,0.0
5.759,1.6451909844406412,-0.23079041408817802,1.9845303306845365,0.0,2.49900240007202,2.0882761871782782,113.53850093415296,114.821252803471,0.0
5.76,1.6334900010894267,-0.26010158858917976,1.9488514129797736,0.0,2.4842330493865736,2.1606451703131517,114.4716917082456,114.821252803471,0.0
5.761,1.6575838849470093,-0.3069102930834613,1.4857516368857093,0.0,2.4830333778325193,2.170948796814847,115.60499574957416,114.821252803471,0.0
5.7620000000000005,1.678766159687141,-0.3519591085691981,0.9112621867603989,0.0,2.48747131874253,2.119450140375286,116.52096389532893,114.821252803471,0.0
5.763,1.6687532747890075,-0.38114825449246637,0.4362810029644322,0.0,2.4890759178142856,2.0283553480405745,116.83408565541788,114.821252803471,0.0
5.764,1.617653170594623,-0.38871938101184944,0.25959179440048974,0.0,2.481951510203292,1.937365376354836,116.53867720012308,114.821252803471,0.0
5.765,1.5366320547867272,-0.379886170555375,0.3901217780813713,0.0,2.46539318176942,1.8792884730640342,115.95806589164432,114.821252803471,0.0
5.766,1.449030925322312,-0.3663474889094022,0.6690593014390136,0.0,2.4432820729733615,1.8635671680744632,115.46686348996211,114.821252803471,0.0
5.767,1.376155155252025,-0.3593403948175888,0.9082043954152104,0.0,2.4211745510243126,1.8778637912211367,115.2449735741005,114.821252803471,0.0
5.768,1.327878632453576,-0.36428594024428623,1.01491214563972,0.0,2.4033215245226893,1.9024480612502979,115.31311871156599,114.821252803471,0.0
5.769,1.302342997459478,-0.38020493578291237,0.975920917826024,0.0,2.3914138617291294,1.9197586436859957,115.56971591562446,114.821252803471,0.0
5.7700000000000005,1.2899927903870934,-0.40203862022946224,0.8401376846752566,0.0,2.3846705387922267,1.9207043246583413,115.88179984790747,114.821252803471,0.0
5.771,1.2795163062581787,-0.42386428076744453,0.6734902480893836,0.0,2.3808786020609634,1.9049366307302804,116.12966490870768,114.821252803471,0.0
5.772,1.2625252617730622,-0.4410783017041413,0.5364735966369125,0.0,2.3775643753076756,1.8787254052800604,116.24504811658751,114.821252803471,0.0
5.773,1.2358003348472424,-0.45183324178523687,0.46454403956583223,0.0,2.3729713518842495,1.8510316264532278,116.24435953063028,114.821252803471,0.0
5.774,1.201143824307352,-0.4570385727218393,0.4506572652728569,0.0,2.366533289922696,1.82838464045535,116.13958019184486,114.821252803471,0.0
5.775,1.1629775940276286,-0.45898649114735035,0.4898636607818283,0.0,2.3586365532749514,1.8156618383353915,116.01406211589148,114.821252803471,0.0
5.776,1.126748452926866,-0.46066920397072875,0.5406946056343136,0.0,2.3504228293063023,1.8122245259596244,115.94125397627039,114.821252803471,0.0
5.777,1.0961663773602974,-0.4641530696357997,0.5658986637168637,0.0,2.3430531445918654,1.8135754462664402,115.94983447616178,114.821252803471,0.0
5.7780000000000005,1.071926305450591,-0.4698165311357546,0.5503225970442587,0.0,2.3371436624878985,1.814449485310721,115.96485303988797,114.821252803471,0.0
5.779,1.0521763152294148,-0.4765772124370555,0.5313773128169954,0.0,2.332599572826899,1.8146470498471352,115.98689101894513,114.821252803471,0.0
5.78,1.0353869045785045,-0.48358058280283456,0.5087019411336742,0.0,2.3292324125128636,1.8137149461903046,116.00799656025357,114.821252803471,0.0
5.781,1.0202204369569192,-0.49006388252982847,0.48628173291162646,0.0,2.3267518871308606,1.811800285012026,116.01496351414279,114.821252803471,0.0
5.782,1.0057716157661063,-0.49550019423408453,0.4708611488602992,0.0,2.324861109459428,1.8097946809047243,115.9775460707965,114.821252803471,0.0
5.783,0.9917997535162356,-0.49972207967817345,0.478006937860187,0.0,2.323368893426216,1.810133218707087,115.96332888032723,114.821252803471,0.0
5.784,0.9791878766861057,-0.5032562526438681,0.47369477232626545,0.0,2.3224062929483464,1.8109904728559785,115.99176802427618,114.821252803471,0.0
5.785,0.9678858581425106,-0.5059502031660161,0.44777004814373456,0.0,2.3218866707609327,1.8099742468089475,115.98841507871569,114.821252803471,0.0
5.7860000000000005,0.9568103482544672,-0.5072117299666545,0.43777489817153437,0.0,2.3214292166304062,1.8092727477950112,115.95114506216342,114.821252803471,0.0
5.787,0.9461608008310257,-0.5071414128680094,0.4451109838607452,0.0,2.320927007862682,1.8105632693126497,115.89373114289835,114.821252803471,0.0
5.788,0.9368412220632922,-0.5062455979594694,0.46309316009900836,0.0,2.32050623565454,1.8144978545212849,115.83295360116347,114.821252803471,0.0
5.789,0.9298137242916342,-0.5050644937071725,0.48336492298952316,0.0,2.320400035869408,1.8207268051110204,115.77820170890729,114.821252803471,0.0
5.79,0.9256349261931622,-0.5039018734043641,0.5011713800632491,0.0,2.3208112739309783,1.8284676261255903,115.72776698431082,114.821252803471,0.0
5.791,0.9243681169077781,-0.5027729000467521,0.5173236005530863,0.0,2.3218429094215387,1.8371717295684122,115.67084988652115,114.821252803471,0.0
5.792,0.9258155415112838,-0.501534716264337,0.5372861786174171,0.0,2.323516881224835,1.846971062798946,115.58590263166582,114.821252803471,0.0
5.793,0.9298927308073637,-0.5000812943582471,0.5721133077631371,0.0,2.32585589459901,1.8591552017356086,115.40193893768001,114.821252803471,0.0
5.7940000000000005,0.9371060595510262,-0.4985932092866731,0.6582882934139482,0.0,2.3290302653906214,1.8787331109773127,115.12349208158503,114.821252803471,0.0
5.795,0.9495870540019755,-0.4989816216770177,0.7944893286803016,0.0,2.3339025962408955,1.9094902542946302,115.07097656475061,114.821252803471,0.0
5.796,0.9704891619437637,-0.5033707872768161,0.8182498494847148,0.0,2.3418423324299487,1.9367361413719775,115.15706370793865,114.821252803471,0.0
5.797,0.9961698121824285,-0.5089415698302325,0.7718481688460191,0.0,2.3522815781327084,1.9540937728353605,115.28076018554908,114.821252803471,0.0
5.798,1.0210834379539573,-0.5122667009475992,0.7054048562200196,0.0,2.3637227190089076,1.9614311258077262,115.35423427502364,114.821252803471,0.0
5.799,1.0411620122631327,-0.510941799964664,0.6633379967672139,0.0,2.374574490675426,1.9632564292406323,115.33402974827455,114.821252803471,0.0
5.8,1.055489044343907,-0.5044868388719412,0.6683124906937271,0.0,2.3838268188082137,1.965577054637551,115.22512665831306,114.821252803471,0.0
5.801,1.0661161203604748,-0.4941850267766168,0.71872529712605,0.0,2.3913173269478563,1.973060806035333,115.06502408226025,114.821252803471,0.0
5.8020000000000005,1.07665858868415,-0.4822202247274938,0.7963388723645611,0.0,2.397594049308862,1.987525197563774,114.89877818873771,114.821252803471,0.0
5.803,1.090589882751028,-0.47066075766794635,0.8786865652731655,0.0,2.403537645230552,2.008025914978915,114.75895952600145,114.821252803471,0.0
5.804,1.1100299056897605,-0.4607549189397516,0.9492188294159912,0.0,2.4099629057120824,2.032006902788742,114.65941284592525,114.821252803471,0.0
5.805,1.1353729540004662,-0.4527309527495772,1.0006105690295497,0.0,2.4173601610328044,2.0565867514970124,114.59898950994202,114.821252803471,0.0
5.806,1.165597465449049,-0.4460009634943416,1.0330448699564547,0.0,2.4258156165361062,2.079430930796115,114.56820803326634,114.821252803471,0.0
5.807,1.1988937749402488,-0.43954847531412766,1.0509660559963367,0.0,2.4350674706117177,2.0991228762412106,114.55490481436105,114.821252803471,0.0
5.808,1.233298761732644,-0.432312831842807,1.0602811453400824,0.0,2.4446319379242345,2.115164675064518,114.54703833521266,114.821252803471,0.0
5.809,1.2671640721634367,-0.4234675480012264,1.0669565295968608,0.0,2.45394351359997,2.1278187478320927,114.53155219100546,114.821252803471,0.0
5.8100000000000005,1.299425785937355,-0.4125704134794114,1.0775966078251171,0.0,2.4624791070259047,2.138032090242199,114.4931575417057,114.821252803471,0.0
5.811,1.3297591140194114,-0.39963158529608617,1.1000748850926505,0.0,2.46986817559531,2.14742981851975,114.41350544265407,114.821252803471,0.0
5.812,1.3586804558083456,-0.3851281084008307,1.1439784082266342,0.0,2.475992115958884,2.158353271282585,114.27658334442229,114.821252803471,0.0
5.813,1.387626765039891,-0.36999376379747856,1.2178861519330104,0.0,2.4810762644249684,2.1735927087842746,114.07494566238555,114.821252803471,0.0
5.814,1.4188822609449459,-0.3555325269892977,1.3261680643622384,0.0,2.485736549191747,2.195839908855315,113.81274485506485,114.821252803471,0.0
5.815,1.4552954436619756,-0.34318652180867176,1.4673535475066477,0.0,2.490942077287165,2.227083106277699,113.51235965832842,114.821252803471,0.0
5.816,1.4998079938642905,-0.33422313170247486,1.6306350773262877,0.0,2.4978888594554034,2.267739401521018,113.23487208743413,114.821252803471,0.0
5.817,1.554584555763071,-0.3295803212314044,1.7852426699338033,0.0,2.5077855176803947,2.3148184690386175,113.1390802374846,114.821252803471,0.0
5.8180000000000005,1.6198048414605104,-0.3290283322209908,1.8499603205684276,0.0,2.521386126148212,2.357125695462959,113.30163097119184,114.821252803471,0.0
5.819,1.6905143105140492,-0.329929738550262,1.783881172037602,0.0,2.537962070998005,2.381520538507995,113.59186063192513,114.821252803471,0.0
5.82,1.7571028781907552,-0.32782186385784684,1.6510602633864162,0.0,2.5550790253878644,2.384566335513284,113.69567219393608,114.821252803471,0.0
5.821,1.811062198608051,-0.3189867681740437,1.6104102884762923,0.0,2.5698380822609725,2.3806063205342913,113.31416911226826,114.821252803471,0.0
5.822,1.8528321330704696,-0.3038049567815325,1.8162326662222277,0.0,2.5811435836525334,2.3975100744549707,112.48508932240631,114.821252803471,0.0
5.823,1.8956505738264964,-0.28794987236017855,2.2541341959638497,0.0,2.5914166691245812,2.455672618478318,111.57789868162213,114.821252803471,0.0
5.824,1.958521979680092,-0.27934653795967,2.740163057574428,0.0,2.6056908845119167,2.551642705889948,111.97305525548953,114.821252803471,0.0
5.825,2.05365932690679,-0.2826240182464318,2.5710667461205445,0.0,2.6285812432772304,2.606145929086715,113.79175639411365,114.821252803471,0.0
5.8260000000000005,2.1520764806009636,-0.28837156362410044,1.6720111409020575,0.0,2.655232343674366,2.5504081989467493,114.57488487330988,114.821252803471,0.0
5.827,2.202219103713932,-0.27514979471116685,1.2829105806055507,0.0,2.6721326909835907,2.4645673292745776,112.15239573887705,114.821252803471,0.0
5.828,2.2048504695025417,-0.24059151098959686,2.5208437184679084,0.0,2.6750897230744335,2.529276208062753,109.12287503343671,114.821252803471,0.0
5.829,2.244352036936061,-0.21610020087080617,4.092587848888418,0.0,2.681873478559158,2.7440035663890265,110.5714367872501,114.821252803471,0.0
5.83,2.379677048509085,-0.22805589541282634,3.4108051321439374,0.0,2.7110116338288472,2.83273228868635,115.9090231740301,114.821252803471,0.0
5.831,2.522670320068784,-0.2500450033313679,0.7311342350483447,0.0,2.74840809072692,2.613179973012003,118.82074314888384,114.821252803471,0.0
5.832,2.511428790745532,-0.2514292049708877,-0.7647206558326529,0.0,2.760042041468912,2.284241706510098,113.63377502884123,114.821252803471,0.0
5.833,2.3532053615115363,-0.1900320334958755,1.8406381819349482,0.0,2.730851239607868,2.3082008447183373,109.15753170816971,114.821252803471,0.0
5.8340000000000005,2.2528956367749293,-0.1472967219576634,4.135397053223718,0.0,2.7028885191992993,2.562666711812422,111.29715514598583,114.821252803471,0.0
5.835,2.297163238763061,-0.1720516258509034,3.100826310890514,0.0,2.706319050084634,2.6462668163206415,116.65266198324115,114.821252803471,0.0
5.836,2.364572284147138,-0.22078642257905567,0.40475880046515256,0.0,2.722879816933423,2.42865592577075,119.14438861211237,114.821252803471,0.0
5.837,2.310759480723738,-0.2268832937045251,-0.8843358720568708,0.0,2.7162067258988625,2.126215960917969,116.29202054004371,114.821252803471,0.0
5.838,2.1329823044904357,-0.1788723701244731,0.5271404866117306,0.0,2.6746147771774194,2.040523390977207,112.18518292728432,114.821252803471,0.0
5.839,1.966795035214171,-0.13171362902498274,2.6069199917532933,0.0,2.623905414048901,2.190404692995318,110.86292316706174,114.821252803471,0.0
5.84,1.9163936850594543,-0.13666991965865272,3.3076331682286755,0.0,2.5942718968157457,2.3803898586839,112.64782353989376,114.821252803471,0.0
5.841,1.9674570320830658,-0.19153175946148848,2.4369172744484344,0.0,2.592585487346738,2.439506294325583,115.47601917839684,114.821252803471,0.0
5.8420000000000005,2.031691901567302,-0.25595638324292336,1.0162717914476382,0.0,2.6035174526067295,2.3384233990908823,117.5547051670584,114.821252803471,0.0
5.843,2.031333492286552,-0.2925268368484777,-0.050405726519016536,0.0,2.6066264354760476,2.1460956914750504,117.68559819384491,114.821252803471,0.0
5.844,1.9417025485918513,-0.28808668239272517,-0.14449569381601046,0.0,2.589337627770662,1.9834843513983413,115.97430881670917,114.821252803471,0.0
5.845,1.801636915196167,-0.25758925477360606,0.6996184346194787,0.0,2.5542062513345996,1.943709628596216,114.24588254333888,114.821252803471,0.0
5.846,1.6812657352876212,-0.2346013733233162,1.5695852739059446,0.0,2.51638684757859,2.003494624923838,113.45353388988,114.821252803471,0.0
5.847,1.620725373890049,-0.24005705538632183,1.9794367897712912,0.0,2.4891578876723766,2.0953589075500654,113.7524998204327,114.821252803471,0.0
5.848,1.6183976818562846,-0.27381818213193776,1.8406413543253257,0.0,2.477497419140796,2.155598495375079,114.79124367689467,114.821252803471,0.0
5.849,1.6436586375712783,-0.3209288563854511,1.3215695173601074,0.0,2.4778715191453045,2.150136147803731,115.79074684181873,114.821252803471,0.0
5.8500000000000005,1.6582086923459383,-0.36263658278829514,0.812122994514598,0.0,2.4817787175540045,2.0930611493785527,116.57739526779025,114.821252803471,0.0
5.851,1.6407704121324431,-0.387615727402855,0.4012373568856449,0.0,2.4819183249228907,2.004045127097264,116.76444730432955,114.821252803471,0.0
5.852,1.5851732433427967,-0.3922306589826865,0.28827939360740973,0.0,2.4734002203543954,1.9215694539614017,116.43794100978607,114.821252803471,0.0
5.853,1.5047219505496254,-0.38296523467685195,0.43536565881599776,0.0,2.456421012939723,1.872092277007356,115.89853931683969,114.821252803471,0.0
5.854,1.4214361892719942,-0.3709365406830869,0.6942936401555033,0.0,2.434961506474856,1.861233033115115,115.47067420887821,114.821252803471,0.0
5.855,1.353874182102565,-0.36604760847445555,0.9017319800821713,0.0,2.414144530664242,1.8761416637200112,115.30032929836605,114.821252803471,0.0
5.856,1.3097074188731979,-0.3724767842908068,0.982113670389299,0.0,2.397656214157063,1.8984280601014092,115.38952476603494,114.821252803471,0.0
5.857,1.2860394789507972,-0.3887112495277451,0.9318332169292163,0.0,2.3867668683566414,1.912664124169439,115.64028650138259,114.821252803471,0.0
5.8580000000000005,1.273533009284367,-0.4098301838478558,0.7982620122762745,0.0,2.3805508016659074,1.911336651537485,115.92978324517902,114.821252803471,0.0
5.859,1.261810927671728,-0.4303392592205471,0.642428335960977,0.0,2.3768684033288467,1.8948786914322253,116.15274749100399,114.821252803471,0.0
5.86,1.2435233834165236,-0.44617786784510055,0.517631266173163,0.0,2.37344560500994,1.869423355642226,116.24638893928223,114.821252803471,0.0
5.861,1.2161608656219791,-0.4558615292889049,0.4565591806759337,0.0,2.368726369616497,1.843528316407366,116.23343160891444,114.821252803471,0.0
5.862,1.1818451294891261,-0.460485090907435,0.4489160578053908,0.0,2.362301309002513,1.8230219406925288,116.12861080431938,114.821252803471,0.0
5.863,1.1448986383535553,-0.46231111088477944,0.488252880094439,0.0,2.3546227434597653,1.8120481348318616,116.01368865540836,114.821252803471,0.0
5.864,1.1103581555285515,-0.4641202028981775,0.5337895960305756,0.0,2.346795393806927,1.8094495117324656,115.9932209232961,114.821252803471,0.0
5.865,1.0813963604532988,-0.467693810252391,0.5323037808884576,0.0,2.339865922698262,1.8085496017827587,115.96114166430674,114.821252803471,0.0
5.8660000000000005,1.0574086615374987,-0.47262651864792304,0.5369445217747781,0.0,2.334046269555459,1.8099211042960586,115.94360352803426,114.821252803471,0.0
5.867,1.0380882061892744,-0.4787586788934792,0.5344900826653844,0.0,2.3295709425213222,1.8121424686319973,115.95076880753868,114.821252803471,0.0
5.868,1.0225312613375777,-0.48558609848741163,0.5196122828724974,0.0,2.3264549791770697,1.8136002096250095,115.97432428628234,114.821252803471,0.0
5.869,1.0093423958739955,-0.49231293115005503,0.4963038286725543,0.0,2.3244680636634967,1.8134806339727079,115.98646148796742,114.821252803471,0.0
5.87,0.9971414717921585,-0.49815015302905497,0.4785831409850507,0.0,2.323242708216112,1.812668346225019,115.92233009343285,114.821252803471,0.0
5.871,0.9853380965119558,-0.5027175620816361,0.49963806535271726,0.0,2.322502702315693,1.8154843623046832,116.00112401793727,114.821252803471,0.0
5.872,0.9753873194773166,-0.5068064052409638,0.4484423909558424,0.0,2.3225223972702818,1.813079254480014,116.03418241455029,114.821252803471,0.0
5.873,0.9645970963471816,-0.5088552614581421,0.4197838965385421,0.0,2.322484097699241,1.8093635660653056,116.00538768601173,114.821252803471,0.0
5.8740000000000006,0.9527310076908526,-0.5087156497520229,0.42233991198241316,0.0,2.3220422133939884,1.8077807306988571,115.93427346861763,114.821252803471,0.0
5.875,0.9411645518730396,-0.5071612496632699,0.44676681402799545,0.0,2.3213166460899153,1.8101270387625,115.8528680425191,114.821252803471,0.0
5.876,0.9317161791234854,-0.5052257653972904,0.4771533746867779,0.0,2.3207009070542424,1.816188068385654,115.78449260513514,114.821252803471,0.0
5.877,0.9256313274268791,-0.5036105887245773,0.5017086953621182,0.0,2.320594530293114,1.8245534907697558,115.73315371483535,114.821252803471,0.0
5.878,0.923199423630422,-0.5024581676642897,0.518259131398369,0.0,2.3212247188966044,1.8338533888972135,115.6854623725153,114.821252803471,0.0
5.8790000000000004,0.9240196018316454,-0.5015084788896119,0.5334627068679509,0.0,2.3226289368978805,1.8436786663734672,115.61770312667883,114.821252803471,0.0
5.88,0.9276079901149962,-0.5004411710157334,0.5593778265541076,0.0,2.324767353868273,1.8549739443838478,115.47877298120562,114.821252803471,0.0
5.881,0.9340252593903356,-0.4991986583813468,0.6222676975133666,0.0,2.3276954536316214,1.8713422551614327,115.18239626976872,114.821252803471,0.0
5.882000000000001,0.9446733222713122,-0.4988707070134843,0.7668446185688426,0.0,2.331943924972271,1.9005339932199492,115.0848142977184,114.821252803471,0.0
5.883,0.9634977103966575,-0.5026132063989511,0.8129999896515291,0.0,2.33910167743079,1.9288985241502423,115.14432767257227,114.821252803471,0.0
5.884,0.9881074942231314,-0.5082203980660208,0.7800125535335771,0.0,2.348959473826007,1.9485333732098966,115.26537954731326,114.821252803471,0.0
5.885,1.0131921438391132,-0.5123381940262244,0.7150453487246621,0.0,2.36019186112662,1.9578607852158139,115.35483315736717,114.821252803471,0.0
5.886,1.0342077769,-0.5122522357078771,0.6649827401587461,0.0,2.3711831175231444,1.9604606067165014,115.35765284410706,114.821252803471,0.0
5.8870000000000005,1.0494778517115027,-0.507020746812618,0.6582088963824366,0.0,2.3807606262347885,1.9621855230783805,115.26786107665264,114.821252803471,0.0
5.888,1.060430805496884,-0.4975582060841948,0.6986386973778347,0.0,2.3885643111202834,1.9681585910542165,115.11683077312453,114.821252803471,0.0
5.889,1.0704315622354632,-0.48590691931827823,0.7711980694453506,0.0,2.394997918177846,1.9809013999351017,114.94950484118442,114.821252803471,0.0
5.89,1.0830878063577323,-0.4742215649621478,0.8535785150382726,0.0,2.4008935693062243,2.0000573646421365,114.8020667883229,114.821252803471,0.0
5.891,1.1008837499736608,-0.46396935406347506,0.9274894016205122,0.0,2.407104362137177,2.0233626997028935,114.69244124404905,114.821252803471,0.0
5.892,1.124613701982062,-0.4556133957733234,0.9835902893516586,0.0,2.414207975888178,2.0479582340405087,114.62236173605713,114.821252803471,0.0
5.893,1.1535594556864652,-0.44873772794773803,1.0206189540217574,0.0,2.4223880178199293,2.071369987168462,114.58379576364038,114.821252803471,0.0
5.894,1.1860690358264587,-0.44240654414759834,1.0422765106284377,0.0,2.4314635573315404,2.091984017478473,114.56508089547478,114.821252803471,0.0
5.8950000000000005,1.2202026898430256,-0.4355567337733024,1.0541956637912013,0.0,2.4410027786198216,2.10910912385006,114.5546545696789,114.821252803471,0.0
5.896,1.2542386883433667,-0.42730054465797956,1.0620748090270604,0.0,2.4504609057174904,2.1228205328627605,114.54103919481682,114.821252803471,0.0
5.897,1.286972630782288,-0.41709786416479855,1.0716846325446443,0.0,2.4593046280435646,2.1338245291352558,114.51103379550383,114.821252803471,0.0
5.898,1.3178691217623133,-0.4048294040295085,1.0897895222808078,0.0,2.467116873954332,2.143436663065497,114.44796741267922,114.821252803471,0.0
5.899,1.3471542119703972,-0.3908159344579153,1.1250555676010334,0.0,2.473690311615524,2.153654629268565,114.33431942383469,114.821252803471,0.0
5.9,1.3759055631968886,-0.37581724018826557,1.1867488958196635,0.0,2.4791184804569575,2.1670719505354605,114.15881454668332,114.821252803471,0.0
5.901,1.4060670211818265,-0.36099055868601393,1.2811257169632244,0.0,2.4838646165183875,2.1864246267373373,113.92006687543618,114.821252803471,0.0
5.902,1.4402573056543697,-0.34773085068742526,1.4095114118671423,0.0,2.488761105529039,2.2140359904410327,113.63372612732664,114.821252803471,0.0
5.9030000000000005,1.48140861582028,-0.33737797589931723,1.5645570526833548,0.0,2.494922862862289,2.250962288942643,113.33435377028916,114.821252803471,0.0
5.904,1.532028124386138,-0.33099129617094347,1.7291122215339154,0.0,2.503562068290135,2.296206112652232,113.15321665115526,114.821252803471,0.0
5.905,1.5933570064236904,-0.32898196356357634,1.8363611426240196,0.0,2.515704575756629,2.341701322226581,113.21513907493636,114.821252803471,0.0
5.906,1.6626685612713346,-0.3296781384737043,1.8214610680188168,0.0,2.531279026000096,2.3741387819598065,113.48007378957517,114.821252803471,0.0
5.907,1.7318843782320337,-0.32919966922702754,1.702405500838369,0.0,2.5484801838263027,2.385022204783057,113.69152080842173,114.821252803471,0.0
5.908,1.7912821399942773,-0.32319485013635335,1.6079793113655836,0.0,2.564393822744706,2.3814994803121614,113.52749889646935,114.821252803471,0.0
5.909,1.837127364439645,-0.31015710223725335,1.7029278064117876,0.0,2.5769897212461865,2.3868599914586386,112.83065821331853,114.821252803471,0.0
5.91,1.8774538590278125,-0.29371174041953607,2.0712540938887245,0.0,2.587183468691208,2.4285329858523723,112.19389528891168,114.821252803471,0.0
5.9110000000000005,1.9299922025517982,-0.2829714929507149,2.4159091312377443,0.0,2.599508167227708,2.4959108939431007,111.29412690342254,114.821252803471,0.0
5.912,2.005218395458524,-0.27828264838981454,2.9010645829827983,0.0,2.6169298162926196,2.599954532612372,112.29188096603116,114.821252803471,0.0
5.913,2.112954620621634,-0.28585621531485816,2.427481270052886,0.0,2.643893645125331,2.6272915305425917,114.44363599484095,114.821252803471,0.0
5.914,2.207572297080496,-0.2901118722843331,1.3553799237342927,0.0,2.671287177465185,2.5320653144384706,114.32089409157791,114.821252803471,0.0
5.915,2.2368563397984627,-0.2680812132417227,1.4217544624847402,0.0,2.6839528058962596,2.464848217970095,111.2042879635736,114.821252803471,0.0
5.916,2.2335870268205715,-0.22936409147588815,3.0162271748858673,0.0,2.6845915850335738,2.5810001118230317,108.56924946570219,114.821252803471,0.0
5.917,2.2933917388184284,-0.21019721074312053,4.396266457199266,0.0,2.695060489979503,2.8148490766853245,111.78098042774316,114.821252803471,0.0
5.918,2.4512305891873294,-0.23171135000575144,2.8208036999360573,0.0,2.7304256250432877,2.8224945130132943,117.92029469543535,114.821252803471,0.0
5.9190000000000005,2.558891817954545,-0.27011953275326483,-0.27984385282967916,0.0,2.76702854894309,2.4973309693225416,117.06216903487373,114.821252803471,0.0
5.92,2.484241143412186,-0.24397416817828832,0.12680981513709932,0.0,2.7641947541531136,2.293370637882179,112.28114649071767,114.821252803471,0.0
5.921,2.337526390028326,-0.185025663891267,2.542722150342662,0.0,2.7350254238722758,2.3865988964266,110.24360360347923,114.821252803471,0.0
5.922,2.275820676558972,-0.1605356937100934,3.607270085961802,0.0,2.715991440796907,2.5658490266023355,113.4506229055563,114.821252803471,0.0
5.923,2.3119081535590866,-0.18739765672283434,2.0174667339024133,0.0,2.7199855846798613,2.53516021776553,117.50036462915637,114.821252803471,0.0
5.924,2.321181785233863,-0.2149414234728609,-0.03419524615447278,0.0,2.7232726280032136,2.2974956952008134,118.03375000045183,114.821252803471,0.0
5.925,2.2170417575217254,-0.20013767231188667,-0.3330129037720142,0.0,2.700560664442553,2.0831211460526258,114.74327501670389,114.821252803471,0.0
5.926,2.0443413528571885,-0.15367073917075788,1.3130043659696276,0.0,2.6537191171892243,2.0899185759469234,111.83500593242205,114.821252803471,0.0
5.9270000000000005,1.9243797727887144,-0.12814092212005584,2.7970013768210373,0.0,2.609897857106493,2.249600376383585,111.68492369492108,114.821252803471,0.0
5.928,1.9118628667233122,-0.15290829708392942,2.9034057866570206,0.0,2.5894066124922337,2.3859736296082605,113.75364719139701,114.821252803471,0.0
5.929,1.9659117713515781,-0.21162630403568208,1.8797200945397976,0.0,2.590813124676923,2.386920414248025,116.06183198808507,114.821252803471,0.0
5.93,2.0057837940208585,-0.2661364802678674,0.7132219043496233,0.0,2.597582603423141,2.2659897941951965,117.46536075503064,114.821252803471,0.0
5.931,1.9786111255801753,-0.29076517097316773,-0.01498355863875811,0.0,2.593746126504717,2.0927792787506214,116.9427353687285,114.821252803471,0.0
5.932,1.878720368354315,-0.28067156904746554,0.22511430885973605,0.0,2.5716156626147963,1.9809152438238151,115.43627287274275,114.821252803471,0.0
5.933,1.7544234040077888,-0.25693060791662853,0.9721953561598977,0.0,2.5380012719160523,1.970476261034591,114.21217618343505,114.821252803471,0.0
5.934,1.6588122020940401,-0.24566538168380853,1.5903344670141073,0.0,2.505702656733959,2.0275184917424234,113.8292131022683,114.821252803471,0.0
5.9350000000000005,1.6149046426559241,-0.2591840734300914,1.7917364046095092,0.0,2.4839378344952774,2.095473179407271,114.27202110465694,114.821252803471,0.0
5.936,1.6135461691018422,-0.29334523247854316,1.575824720403327,0.0,2.4747675038248147,2.1284019679396984,115.1672468472338,114.821252803471,0.0
5.937,1.6267742775665233,-0.33434979744869486,1.1247519086772717,0.0,2.473975975630875,2.1081932754373787,115.98225654284572,114.821252803471,0.0
5.938,1.625638658539878,-0.36793080436363906,0.7056370234775646,0.0,2.474526596117038,2.048591589288766,116.52221760322392,114.821252803471,0.0
5.939,1.5956129749808021,-0.38615919781670244,0.4186468452909333,0.0,2.4707312991504113,1.9709188320563302,116.49471152293295,114.821252803471,0.0
5.94,1.5362346377682525,-0.3880958038973811,0.4156652982418021,0.0,2.459578998891548,1.9094071127147272,116.15674704000418,114.821252803471,0.0
5.941,1.462700031966785,-0.3815959502628662,0.5712925973408545,0.0,2.442656406763808,1.8775751769188216,115.75936298109274,114.821252803471,0.0
5.942,1.3925236833071706,-0.3756651296603907,0.760603525020358,0.0,2.4236554885393238,1.8734861568380308,115.49731896967342,114.821252803471,0.0
5.9430000000000005,1.337586367564737,-0.3766654905008533,0.8848648690679939,0.0,2.406315108027685,1.8850229267563863,115.44088005064931,114.821252803471,0.0
5.944,1.3009741170163531,-0.3863468789421131,0.9068880561082622,0.0,2.3929173916791777,1.8983298931685937,115.56442979930407,114.821252803471,0.0
5.945,1.278520927753539,-0.4025210875902173,0.8376814118225551,0.0,2.3838724926736226,1.9032371568763242,115.7972489177325,114.821252803471,0.0
5.946,1.2623931648453433,-0.42109167568579825,0.711511891465721,0.0,2.378103832543429,1.8951121455436057,116.00595390103146,114.821252803471,0.0
5.947,1.2448066046014432,-0.43769762466989637,0.5953123888406373,0.0,2.3737404858002766,1.8774757632436958,116.14672354504313,114.821252803471,0.0
5.948,1.2215958016694954,-0.4500856234527168,0.5116728594190814,0.0,2.369246455877718,1.8555056540094164,116.21245138918984,114.821252803471,0.0
5.949,1.1921551314249206,-0.45786571020892236,0.46489695148853927,0.0,2.3637367475793427,1.8339805638257487,116.1702717500384,114.821252803471,0.0
5.95,1.158348476861657,-0.4619149435983236,0.4724965815985862,0.0,2.35699311589771,1.8187850555215341,116.07893137638406,114.821252803471,0.0
5.9510000000000005,1.1242027333363112,-0.4644306150620594,0.5055899826966221,0.0,2.349640528080936,1.8114169779414164,116.06217722620315,114.821252803471,0.0
5.952,1.093357865675567,-0.46744762887467733,0.5015578135597585,0.0,2.3425931060925773,1.8063274547290264,116.00504149201902,114.821252803471,0.0
5.953,1.066099061350173,-0.4710438180421051,0.5182877937663428,0.0,2.336106884652108,1.8056127809523184,115.94848875331057,114.821252803471,0.0
5.954,1.0434592292988951,-0.4758067250336401,0.5352918036221708,0.0,2.3306857758554074,1.808241887173696,115.91988244852708,114.821252803471,0.0
5.955,1.0256809951612629,-0.48188571963349225,0.5386086595633572,0.0,2.326690748896585,1.8119899933828645,115.92923038717176,114.821252803471,0.0
5.956,1.011917919178597,-0.488804088723426,0.5228549144040093,0.0,2.324170265908454,1.814533861765011,115.95706572857624,114.821252803471,0.0
5.957,1.000506307514209,-0.4956132400545999,0.49757911445071556,0.0,2.322836041012882,1.8150661409901168,115.93767920243612,114.821252803471,0.0
5.958,0.9898733347498672,-0.5014133897883974,0.4961081135311265,0.0,2.322258391486783,1.8165582285889672,116.04942898993994,114.821252803471,0.0
5.9590000000000005,0.9802347586028579,-0.50616267820877,0.42795145791452427,0.0,2.3223521359020824,1.8113147340152191,116.04509473598208,114.821252803471,0.0
5.96,0.9683881178835017,-0.5081837810754689,0.41788016556834595,0.0,2.322086984849609,1.8073854324561212,115.99478167809535,114.821252803471,0.0
5.961,0.9556128569777635,-0.5081027064591261,0.43130140576546516,0.0,2.321426289510009,1.8066864075852687,115.92187850324389,114.821252803471,0.0
5.962,0.943713880194214,-0.5069407799538814,0.4567467361934672,0.0,2.320634760047872,1.8098371244497835,115.85204222500863,114.821252803471,0.0
5.963,0.9343111715270657,-0.5056165094680631,0.48135698109571956,0.0,2.3201034047300104,1.815961598502152,115.79838995704849,114.821252803471,0.0
5.964,0.9282145832907909,-0.5045792004463036,0.4984117435400177,0.0,2.320136771061638,1.8236270086566664,115.75742979665647,114.821252803471,0.0
5.965,0.9253838811402452,-0.5037857611841456,0.509530053804172,0.0,2.3208564365469337,1.8318320922877038,115.71529088491272,114.821252803471,0.0
5.966,0.9253394781780644,-0.5029412782375446,0.5216591288616291,0.0,2.3222396851152984,1.840488226562179,115.65535683448512,114.821252803471,0.0
5.9670000000000005,0.9276842724056058,-0.5017898393634261,0.5432851137652879,0.0,2.3242320088075883,1.85041626846022,115.54945331422687,114.821252803471,0.0
5.968,0.9324945955408012,-0.50030458571558,0.5889548687868553,0.0,2.3268660408079316,1.863852464138427,115.30024981387935,114.821252803471,0.0
5.969,0.9407656584808018,-0.49901489036947116,0.7087666488565315,0.0,2.3304532752244667,1.888069328014247,115.10942801285483,114.821252803471,0.0
5.97,0.955786351528362,-0.5008794328809841,0.8012957972749493,0.0,2.3363214692166583,1.9176337518636362,115.10775722275397,114.821252803471,0.0
5.971,0.9780929729582001,-0.505724600249593,0.7992661481325496,0.0,2.3450736091800017,1.941376478410651,115.20905317284127,114.821252803471,0.0
5.972,1.0032757841600783,-0.5105573236558756,0.7447401693952015,0.0,2.3558079557027165,1.955095542111706,115.31684654426083,114.821252803471,0.0
5.973,1.0262544632761585,-0.5122890793523833,0.6858875462775227,0.0,2.366982939835819,1.960311778748605,115.35805267488041,114.821252803471,0.0
5.974,1.0440415618060361,-0.509177940076945,0.659916482253636,0.0,2.377202506342038,1.9621288052765498,115.30616258461403,114.821252803471,0.0
5.9750000000000005,1.0567738306428685,-0.5013709905113254,0.6810124295753972,0.0,2.3857541657909658,1.9661436720612007,115.1781204773029,114.821252803471,0.0
5.976,1.0670858755602088,-0.490488781397978,0.7414648064926438,0.0,2.3927331724666527,1.976044017847419,115.014882167649,114.821252803471,0.0
5.977,1.0785766700922848,-0.47869443700808995,0.8211476676778096,0.0,2.39881575726164,1.992651953734426,114.85740327616705,114.821252803471,0.0
5.978,1.094257151476926,-0.4677753421778059,0.899525608691828,0.0,2.4048677201783963,2.014422154404931,114.73136133697051,114.821252803471,0.0
5.979,1.115634690308007,-0.4586167133670675,0.9634454929551028,0.0,2.411593248649649,2.0386732147013094,114.64494615475668,114.821252803471,0.0
5.98,1.1425961187815892,-0.4511522931733484,1.0084161505491593,0.0,2.4193418303702128,2.062727313564105,114.59389682170413,114.821252803471,0.0
5.981,1.1738402214597716,-0.4446390155391175,1.0362143768931011,0.0,2.428079147467171,2.0845917220247068,114.5678878870157,114.821252803471,0.0
5.982,1.2075096550959379,-0.4380443867303224,1.0517524934018712,0.0,2.4374688973078684,2.1031834352282726,114.5552893906935,114.821252803471,0.0
5.9830000000000005,1.2417612079634657,-0.43039046074855386,1.0607113756907451,0.0,2.4470028579149465,2.118254071503173,114.54473727860012,114.821252803471,0.0
5.984,1.2751509462110708,-0.42098091995292886,1.0687525869861434,0.0,2.456131975861106,2.1302356289523354,114.52348975333891,114.821252803471,0.0
5.985,1.306842992256568,-0.4095128634005847,1.0823539801180724,0.0,2.4643789469447634,2.1401954559002276,114.47581325807673,114.821252803471,0.0
5.986,1.3367332458571402,-0.3961224574498608,1.1096466232031057,0.0,2.471438939525789,2.1498791666341224,114.38336110438473,114.821252803471,0.0
5.987,1.3655504265418272,-0.38139495374203436,1.1602516170399653,0.0,2.477275182573748,2.1617231411046247,114.23164697288715,114.821252803471,0.0
5.988,1.3949230036283387,-0.36634872417743614,1.242004741094596,0.0,2.4822043885489333,2.1785103244678434,114.01535671508033,114.821252803471,0.0
5.989,1.427265920382167,-0.3523264192044784,1.358208830881912,0.0,2.4869274010115423,2.202812633656263,113.74291966158401,114.821252803471,0.0
5.99,1.4654717199520595,-0.3407362138091441,1.505210689048941,0.0,2.4924736436029753,2.2362859678874494,113.43970393417993,114.821252803471,0.0
5.9910000000000005,1.5123423908349791,-0.3327616283634165,1.6706340414438916,0.0,2.5000512930133065,2.2789194273350133,113.19387767343848,114.821252803471,0.0
5.992,1.5697387190730392,-0.32919034324142304,1.809820923114943,0.0,2.5108214279184002,2.325858739841363,113.15870402518108,114.821252803471,0.0
5.993,1.6368224166888232,-0.329250796657911,1.8440332350265414,0.0,2.5252508433106517,2.3647473766257967,113.36939076738952,114.821252803471,0.0
5.994,1.7073412047211298,-0.3297830076735183,1.7532084842831372,0.0,2.542184119519674,2.3837710158627265,113.64195626100977,114.821252803471,0.0
5.995,1.771362924802811,-0.32624597037922154,1.628718702897625,0.0,2.5589320358189593,2.3834627890232314,113.65034460308263,114.821252803471,0.0
5.996,1.821968011849561,-0.31566950209136746,1.6362336138650777,0.0,2.5728462966656442,2.3820053721435626,113.13796598349714,114.821252803471,0.0
5.997,1.8625093900186718,-0.29971277979151045,1.9092557918575614,0.0,2.5835739149695884,2.4080889127778935,112.32475624126988,114.821252803471,0.0
5.998,1.9087107597330248,-0.285071966923373,2.3408256285932016,0.0,2.594386203314074,2.4727025845532937,111.57916493521813,114.821252803471,0.0
5.9990000000000006,1.9771391559687068,-0.2784490027395171,2.7460421603016054,0.0,2.60999651207011,2.5651291282173885,112.19641139187176,114.821252803471,0.0
6.0,2.074628956872338,-0.28262522133740586,2.463667346090782,0.0,2.6338140580045573,2.60472105937336,113.9860262343626,114.821252803471,0.0
6.001,2.167794778377125,-0.286427444132187,1.5772121905364482,0.0,2.659585524782604,2.538775890681821,114.26100941278466,114.821252803471,0.0
6.002,2.209551988642848,-0.269756541437724,1.4453230352322808,0.0,2.6743135064893533,2.4726974950951437,111.66202861415779,114.821252803471,0.0
6.003,2.2155472165543957,-0.2358921895801379,2.776405676438847,0.0,2.677402480789371,2.5621958163559597,108.81292955101257,114.821252803471,0.0
6.0040000000000004,2.2690985434482043,-0.21636414297295203,4.261038440536041,0.0,2.687322948177253,2.787221286880118,111.30526532498193,114.821252803471,0.0
6.005,2.4189819565916144,-0.2344361155475816,3.0500304283362514,0.0,2.720937113328044,2.8267273859308633,119.19024232249149,114.821252803471,0.0
6.006,2.544011554203739,-0.2614792247096135,-0.9361479656087304,0.0,2.757934494150907,2.427020326773763,116.99092465022483,114.821252803471,0.0
6.007000000000001,2.440642052439849,-0.22633725075321653,0.14181415205706083,0.0,2.74712538274895,2.2420422696674955,110.24787949985848,114.821252803471,0.0
6.008,2.284832380365214,-0.1604085936055225,3.5590704602763568,0.0,2.71199864422988,2.4557050487696954,109.00166736163393,114.821252803471,0.0
6.009,2.2726286500052053,-0.1536679527257655,4.240372383807003,0.0,2.701668673547642,2.6850438382348,114.26929500104951,114.821252803471,0.0
6.01,2.36669129915318,-0.2054199888722148,1.6120781421234276,0.0,2.721065709265042,2.5840214371547927,119.18644249070698,114.821252803471,0.0
6.011,2.384954716338851,-0.23816224848195866,-0.8901474995776655,0.0,2.731504929498311,2.2450107521852987,118.32328106116506,114.821252803471,0.0
6.0120000000000005,2.2407319323083477,-0.20581079049967888,-0.4935870673836469,0.0,2.7031130762371545,2.025636102109645,113.605387445892,114.821252803471,0.0
6.013,2.0370870633012887,-0.14313296118555008,1.877518393828671,0.0,2.6490518966498176,2.1031744358773286,110.50988707414258,114.821252803471,0.0
6.014,1.9270885032801828,-0.11924262945760933,3.468382236996667,0.0,2.606149510201051,2.3289001793581168,111.25815330262841,114.821252803471,0.0
6.015000000000001,1.9516646030035372,-0.1591030244810281,3.129880117762177,0.0,2.5947334835150935,2.4708158817286954,114.36324730459008,114.821252803471,0.0
6.016,2.034742986680013,-0.23026062135210523,1.5819131717701556,0.0,2.606079361440375,2.4216142071196645,117.22390517873434,114.821252803471,0.0
6.017,2.0720763348508826,-0.2835976055404949,0.12755771094538915,0.0,2.616525976404238,2.23069197207123,118.16418499068843,114.821252803471,0.0
6.018,2.010501619689823,-0.29262079450148665,-0.3760115169038276,0.0,2.607294887310696,2.0262041137182845,116.76161282660645,114.821252803471,0.0
6.019,1.8713745715119106,-0.26381564560496484,0.3058709649058047,0.0,2.5752793230229853,1.9359729257167904,114.66346849027917,114.821252803471,0.0
6.0200000000000005,1.7286913051036634,-0.23088500468274326,1.356520976201363,0.0,2.5341078773514183,1.9746198653342182,113.36381749690955,114.821252803471,0.0
6.021,1.6424032084915847,-0.22406022015833238,2.02092082595179,0.0,2.5004968503202867,2.0759273077455838,113.3066087989414,114.821252803471,0.0
6.022,1.6258187395085306,-0.25099192120303854,2.064671614981161,0.0,2.4834084051935683,2.1628729021304416,114.23873429439351,114.821252803471,0.0
6.023,1.6531709894308928,-0.29938844028174544,1.6044340523458795,0.0,2.4817776641062173,2.185176860602676,115.43808934996619,114.821252803471,0.0
6.024,1.6823325891166394,-0.348442507312986,0.9985881590945871,0.0,2.487452375157474,2.140112423021454,116.45959090470782,114.821252803471,0.0
6.025,1.6811095200431125,-0.38212402133451123,0.47145400071140253,0.0,2.491267597217538,2.0486217554087887,116.9599097963617,114.821252803471,0.0
6.026,1.6361369234629284,-0.3929932157079895,0.1999079849555574,0.0,2.4864110265511963,1.9469977115471702,116.71713652874328,114.821252803471,0.0
6.027,1.5546732108415973,-0.3841248780312313,0.30233578151204354,0.0,2.47079349947715,1.8775442152063953,116.08810291713225,114.821252803471,0.0
6.0280000000000005,1.4614908121131571,-0.3678986543614085,0.6041840861809489,0.0,2.4480961742495166,1.8550887780742231,115.5064551700867,114.821252803471,0.0
6.029,1.381452481542025,-0.35730814922937487,0.8881559360375673,0.0,2.4244203445036043,1.8686999649455847,115.20293222909751,114.821252803471,0.0
6.03,1.3276422021729197,-0.35952525506614436,1.0361006122758936,0.0,2.404823003112785,1.8971353934677584,115.22825429969323,114.821252803471,0.0
6.031,1.2998808903758572,-0.37445852951390646,1.019369562015811,0.0,2.39164942784415,1.9199633242116256,115.48543748300973,114.821252803471,0.0
6.032,1.2885189596510038,-0.3969869621561438,0.8841361235621741,0.0,2.3844047980229357,1.9254549358887076,115.8312050203907,114.821252803471,0.0
6.033,1.2809217526693062,-0.42053312915895835,0.7011528327024945,0.0,2.3807985863954357,1.911619169266669,116.1153402157876,114.821252803471,0.0
6.034,1.2669888466609693,-0.43956299314076097,0.5461443608808789,0.0,2.378027242636454,1.8850419067434039,116.26327182395335,114.821252803471,0.0
6.035,1.2423616356108507,-0.451640559909794,0.4577583665931808,0.0,2.374013540705819,1.8552425255985658,116.27780064282588,114.821252803471,0.0
6.0360000000000005,1.2082886691073602,-0.4573552162705626,0.4359284787633648,0.0,2.3679291073857565,1.8300060388616284,116.16899569256172,114.821252803471,0.0
6.037,1.1693667462020674,-0.4590807096804587,0.4768535250045367,0.0,2.3600621264354884,1.815345493285753,116.02670111949426,114.821252803471,0.0
6.038,1.1316942316789873,-0.4601607039541309,0.5359463283780339,0.0,2.351617333458665,1.8112100194495973,115.93376254173579,114.821252803471,0.0
6.039,1.0997280064305455,-0.46307517944810384,0.571290519874623,0.0,2.343913264757509,1.8130801063623616,115.94075155931525,114.821252803471,0.0
6.04,1.0746951525248183,-0.4685099274358206,0.5566010235264522,0.0,2.3377352891414533,1.814457442877616,115.95522278368455,114.821252803471,0.0
6.041,1.0545964030049553,-0.4752906083054921,0.5380257115396656,0.0,2.3330043721543157,1.815143392732801,115.97976100978265,114.821252803471,0.0
6.042,1.0377783683149426,-0.4824958206929943,0.5141715164274983,0.0,2.3295399084053385,1.8144984438819856,116.00572966600225,114.821252803471,0.0
6.043,1.0227241756315493,-0.4892637824055043,0.4893424196923837,0.0,2.327029819810678,1.812566665699888,116.01864317546445,114.821252803471,0.0
6.0440000000000005,1.0083499191718763,-0.49496625211296363,0.47091176124135203,0.0,2.3251371543079706,1.810228601298001,115.9920062405105,114.821252803471,0.0
6.045,0.9942779713048322,-0.4993627630345014,0.4725226943479277,0.0,2.3236265404196392,1.8097007577130433,115.94052263045391,114.821252803471,0.0
6.046,0.981221788215179,-0.502841397075456,0.48707180110639503,0.0,2.3225528881969337,1.811954390171306,115.98412235774146,114.821252803471,0.0
6.047,0.9701567127684757,-0.5059222703544496,0.4536432419199192,0.0,2.322116074162606,1.8111392580516148,115.99741683312497,114.821252803471,0.0
6.048,0.9593135158457401,-0.5075652668268389,0.4352343639316205,0.0,2.3217913491989144,1.8097533676606468,115.96945387854191,114.821252803471,0.0
6.049,0.948501540608738,-0.5076496605537189,0.43773383047244163,0.0,2.3213533610377284,1.810013509218622,115.91206573263865,114.821252803471,0.0
6.05,0.9385788131250168,-0.5066556386157355,0.4555197741323953,0.0,2.3208749994980113,1.813118677212707,115.8456254275052,114.821252803471,0.0
6.051,0.9307169665448078,-0.5052447697845411,0.4784962004587806,0.0,2.320609735559624,1.8189806155617012,115.78496847377981,114.821252803471,0.0
6.0520000000000005,0.9257427256082218,-0.5038773496056251,0.4991875206183849,0.0,2.320820884318605,1.8267446626734711,115.73221242478036,114.821252803471,0.0
6.053,0.9238859750895587,-0.5026640786621632,0.5164559489050191,0.0,2.3216675373108733,1.835600534007584,115.67741651409548,114.821252803471,0.0
6.054,0.9249544342489996,-0.5014652643691151,0.5352922671412111,0.0,2.3231953752745254,1.8454186962179011,115.59954609656957,114.821252803471,0.0
6.055,0.9287485779196912,-0.50011466268902,0.5664445429731829,0.0,2.3254156676209634,1.8572395419505254,115.43765653572834,114.821252803471,0.0
6.056,0.9355828649699789,-0.4986856540229301,0.6412252860712253,0.0,2.3284523303695517,1.875300861188171,115.14213622598908,114.821252803471,0.0
6.057,0.947211995357214,-0.4986775875915476,0.7857766067156744,0.0,2.333004861546255,1.9058016911447275,115.07096031980257,114.821252803471,0.0
6.058,0.9673498224589043,-0.5028456809192317,0.8188674846456142,0.0,2.3406107935313023,1.9338033049118335,115.1478213120211,114.821252803471,0.0
6.059,0.9927900370075657,-0.5085388661551512,0.7771713034508495,0.0,2.35084086313723,1.9522508164606744,115.27285025611287,114.821252803471,0.0
6.0600000000000005,1.0179899173959024,-0.5123046643347491,0.7101408568785401,0.0,2.3622499828848453,1.9604026118069875,115.3549156760341,114.821252803471,0.0
6.061,1.0386103413609575,-0.5115671769067781,0.6637715181922985,0.0,2.3732145885934575,1.9624335689713939,115.34517857797722,114.821252803471,0.0
6.062,1.0533888564422373,-0.5056376454989009,0.6634008094756731,0.0,2.3826409558670623,1.9643613739989654,115.24404109200876,114.821252803471,0.0
6.063,1.064129725536611,-0.4956538365329176,0.7097416695745281,0.0,2.390278543243884,1.9711065264996115,115.08685301399163,114.821252803471,0.0
6.064,1.0743815259392098,-0.4837633704663995,0.785679706477886,0.0,2.396618773955432,1.9848104085929135,114.91916784870497,114.821252803471,0.0
6.065,1.087715117556687,-0.4720951250492871,0.8685431386688742,0.0,2.402530767469938,2.0047693456461193,114.775445588261,114.821252803471,0.0
6.066,1.1064309099258558,-0.46200526597059743,0.9408623410429641,0.0,2.4088542532938284,2.028524665040261,114.67137370275852,114.821252803471,0.0
6.067,1.131100019877125,-0.4538254148533615,0.9943970748013278,0.0,2.4161220374426358,2.053175985596109,114.60698048917828,114.821252803471,0.0
6.0680000000000005,1.1608219144821288,-0.4470357432443528,1.0287364047343708,0.0,2.4244631098663287,2.0763082141592655,114.57328308723822,114.821252803471,0.0
6.069,1.193838400143521,-0.4406448624209497,1.0480648028667285,0.0,2.4336481977294833,2.0964094631270034,114.55820343229199,114.821252803471,0.0
6.07,1.2281796181638918,-0.4335816134194872,1.0582351240516357,0.0,2.44321185312117,2.112897178207671,114.54981359441906,114.821252803471,0.0
6.071,1.2621526518945707,-0.4249863806063732,1.0651444350786181,0.0,2.452593071362325,2.125957186790388,114.53557449950368,114.821252803471,0.0
6.072,1.2946255362943164,-0.4143714807294263,1.0751207655759822,0.0,2.4612604819793047,2.1364453326367236,114.50097664535946,114.821252803471,0.0
6.073,1.325182921220697,-0.4016926364694381,1.0956224542292095,0.0,2.468821442249391,2.1458702439091035,114.42819122489452,114.821252803471,0.0
6.074,1.3542239381702317,-0.3873648470120907,1.1359457802474437,0.0,2.475119529221997,2.15645037104154,114.30046383015056,114.821252803471,0.0
6.075,1.3830477706362045,-0.3722563105767196,1.2050173673526265,0.0,2.4803271590972695,2.1709167240776193,114.10888117724897,114.821252803471,0.0
6.0760000000000005,1.4138154052621081,-0.3576200672535717,1.3079324100656404,0.0,2.4850017598874308,2.1919909421408086,113.8552521881235,114.821252803471,0.0
6.077,1.4492975000757071,-0.3448888150461259,1.4444069107818522,0.0,2.4900622470953064,2.2218128890451116,113.55968812310002,114.821252803471,0.0
6.078,1.49245295339047,-0.33536370337538846,1.604804590097304,0.0,2.4966784305111185,2.261045410780822,113.27014814375568,114.821252803471,0.0
6.079,1.545590997593187,-0.33003675267548105,1.7650856263666275,0.0,2.5060655342986373,2.3076296055518606,113.1390495382047,114.821252803471,0.0
6.08,1.6093805549013565,-0.3289644163641611,1.8474569617947776,0.0,2.519107659697262,2.35146665689708,113.26430296694896,114.821252803471,0.0
6.081,1.6797391467337697,-0.3298768691392312,1.8003997457878687,0.0,2.5353403708589184,2.3791226590041146,113.55093207289558,114.821252803471,0.0
6.082,1.7475493801891795,-0.3284916150412831,1.6697884001203147,0.0,2.552553908636587,2.384984116391479,113.7030615117309,114.821252803471,0.0
6.083,1.8036610888300384,-0.3207709431870759,1.6049055936200574,0.0,2.5677968170122414,2.380655600943581,113.40790146312082,114.821252803471,0.0
6.0840000000000005,1.846793413671148,-0.30632666575326484,1.7666191313285948,0.0,2.579570919206364,2.3925381064448663,112.61427034702382,114.821252803471,0.0
6.085,1.8882379592626295,-0.29006795960131826,2.1855045139415683,0.0,2.5897118468288265,2.4447424515591245,111.5838823581855,114.821252803471,0.0
6.086,1.9472140533942541,-0.28024759526195897,2.73307221281358,0.0,2.6031414631846586,2.542711123075431,111.79299545684026,114.821252803471,0.0
6.087,2.0405767640065413,-0.2827409835748088,2.658798236952511,0.0,2.6253974614143445,2.6088999375162163,113.62808847322368,114.821252803471,0.0
6.088,2.1431842094083207,-0.28987734237430873,1.7531833720632712,0.0,2.6528068068499584,2.5614673830686145,114.57612382686246,114.821252803471,0.0
6.089,2.199855084968875,-0.2796842173776707,1.2816169850099706,0.0,2.6715393549596236,2.4734951428247194,112.53219317164564,114.821252803471,0.0
6.09,2.2062271267953317,-0.2467146005492188,2.32647290893663,0.0,2.6760766976327712,2.5157089810733417,109.53573505786609,114.821252803471,0.0
6.091,2.2377189694689945,-0.21951609369570402,3.8775571432824556,0.0,2.6817195502778635,2.710925494027353,110.25016633951155,114.821252803471,0.0
6.0920000000000005,2.358445421863458,-0.2253252025377641,3.5660523670993203,0.0,2.7072307559950093,2.8244432818902134,114.31692609091421,114.821252803471,0.0
6.093,2.5032478843865276,-0.24575399589519553,1.5377157585235597,0.0,2.7437316961076235,2.6944374260034083,118.64518662823036,114.821252803471,0.0
6.094,2.536105315333705,-0.26006078349608175,-0.6646538483821112,0.0,2.7649514153228187,2.35693866626372,115.18377546866671,114.821252803471,0.0
6.095,2.4036677127678794,-0.2101887340132318,1.0624265047477583,0.0,2.744670293323403,2.2822109999245743,110.2662770505103,114.821252803471,0.0
6.096,2.276028158475953,-0.15731172828073003,3.5667254713555714,0.0,2.7136267667542686,2.483846045761416,110.60899719525558,114.821252803471,0.0
6.097,2.2770849915874862,-0.16189692942801337,3.437487955065083,0.0,2.706884239609258,2.621561470714442,115.24801024520495,114.821252803471,0.0
6.098,2.338688754097894,-0.20495980815486559,1.1137138556730588,0.0,2.719278572322531,2.483742479142415,118.74612353837654,114.821252803471,0.0
6.099,2.3174284602247432,-0.2229601595848134,-0.6745914982617891,0.0,2.7182009824773,2.1904236420111562,117.13165798687,114.821252803471,0.0
6.1000000000000005,2.1665567922859856,-0.18782375640371696,0.10953722565749113,0.0,2.6838542600392468,2.0468494233135015,113.1396164779251,114.821252803471,0.0
6.101,1.9931863820492,-0.1389521995466051,2.1223743433853968,0.0,2.633560280752761,2.145330778399342,111.10424015512406,114.821252803471,0.0
6.102,1.914355389203873,-0.13133409819670339,3.1772326312693875,0.0,2.5977945593235905,2.3317783456485284,112.14876667420889,114.821252803471,0.0
6.103,1.943473832058979,-0.17569175449075713,2.6816942330195954,0.0,2.589205689968101,2.4269554387010484,114.74724993702192,114.821252803471,0.0
6.104,2.0085347624093193,-0.24001613341953476,1.3831926302775694,0.0,2.597625521972637,2.367010625283654,116.99956259591099,114.821252803471,0.0
6.105,2.027965728473215,-0.285323174587235,0.23525320290863583,0.0,2.603549420174139,2.199127158461766,117.68978687321022,114.821252803471,0.0
6.106,1.9639519052514707,-0.29285727706347586,-0.13854427643837486,0.0,2.5924682627340117,2.026221929902766,116.46010805566375,114.821252803471,0.0
6.107,1.8375179033656968,-0.26944846786759813,0.45990657981293315,0.0,2.562554388145687,1.9523342794119856,114.75706210138746,114.821252803471,0.0
6.1080000000000005,1.711358037707954,-0.24408510771416436,1.3120714639719142,0.0,2.5256872544421998,1.9832108804099184,113.73890116343183,114.821252803471,0.0
6.109,1.6333159130714807,-0.241096751598454,1.83197544935012,0.0,2.4955194086376604,2.063303932541158,113.72606681711859,114.821252803471,0.0
6.11,1.6127956227511184,-0.26600028477447035,1.8493444823702645,0.0,2.4791469248372175,2.1305592593461276,114.52881464443989,114.821252803471,0.0
6.111,1.6281124144631964,-0.3082481512929286,1.4508949502999267,0.0,2.4755354520825854,2.1435586162410853,115.5142551241917,114.821252803471,0.0
6.112,1.6441100227446668,-0.35061827667356305,0.9512446872168119,0.0,2.4778232974195986,2.102313287558804,116.33237345052798,114.821252803471,0.0
6.113,1.6351309872686492,-0.38003603626146765,0.5270743175781041,0.0,2.478570077655544,2.024906708234202,116.66691200403669,114.821252803471,0.0
6.114,1.5911316174670223,-0.3907409358435394,0.34134844881809334,0.0,2.472384883293585,1.9438774633218592,116.48566263750212,114.821252803471,0.0
6.115,1.5198326221999618,-0.3863548697354454,0.4153290337450686,0.0,2.458125767608877,1.8877306422754834,116.0312041104797,114.821252803471,0.0
6.1160000000000005,1.4401027993760271,-0.37637778764211105,0.6304587841861866,0.0,2.438624263018814,1.8667543490224887,115.60773051990017,114.821252803471,0.0
6.117,1.3704562254357295,-0.37048591752598586,0.8343308023116616,0.0,2.418426944670619,1.873063984030372,115.38449171741591,114.821252803471,0.0
6.118,1.32073561265733,-0.3740984202245082,0.9403178144143427,0.0,2.4013366156560303,1.8911155765189085,115.40226009532867,114.821252803471,0.0
6.119,1.2910069638720576,-0.3872504205792433,0.9256235525393866,0.0,2.389171073803791,1.9057496831684577,115.59591636485959,114.821252803471,0.0
6.12,1.2742323320561504,-0.40624350788393765,0.821048782160041,0.0,2.3816432164016974,1.907895465856745,115.85907311782437,114.821252803471,0.0
6.121,1.2609980431389687,-0.42610295265768366,0.6790922025341195,0.0,2.3770773310607085,1.895792433943668,116.0851569152886,114.821252803471,0.0
6.122,1.243636734506275,-0.4426057423844868,0.5534112626838299,0.0,2.3733744434847206,1.873815180160951,116.20836665891572,114.821252803471,0.0
6.123,1.218568435881845,-0.45372462272978803,0.47793525231581824,0.0,2.368902168228776,1.8492037110192898,116.23387848846875,114.821252803471,0.0
6.1240000000000006,1.1865373037288838,-0.4597988206425202,0.45105308068932826,0.0,2.3629729465512064,1.8276766240415476,116.15537691904937,114.821252803471,0.0
6.125,1.1508127165197113,-0.4624966427480873,0.476962624243231,0.0,2.3557199567961047,1.8144375883724961,116.0462131204555,114.821252803471,0.0
6.126,1.116142850072172,-0.4644272654833012,0.5192949203703203,0.0,2.3480537527294265,1.8096510538704182,116.02357962277162,114.821252803471,0.0
6.127,1.0860891132950357,-0.4675871653298379,0.5185884010192563,0.0,2.341003798374974,1.8070347247030016,115.9771845448891,114.821252803471,0.0
6.128,1.0605282188816065,-0.47183447819851143,0.5302266225463363,0.0,2.334832811956316,1.807773463596077,115.9408599989283,114.821252803471,0.0
6.1290000000000004,1.0397799404163321,-0.4773605849698281,0.5371928235721608,0.0,2.329918196684987,1.8104978315425948,115.9332643309535,114.821252803471,0.0
6.13,1.0234166807537988,-0.48393367416123356,0.5298705422847345,0.0,2.3264352584787855,1.8131756639936782,115.95340166839448,114.821252803471,0.0
6.131,1.0101964097960483,-0.49084850473245045,0.5084803849150141,0.0,2.324263297809232,1.814248322089966,115.97500470528175,114.821252803471,0.0
6.132000000000001,0.9985138550213357,-0.4971888102549036,0.4861413474532712,0.0,2.3230440843180205,1.8139060040782158,115.92459873967107,114.821252803471,0.0
6.133,0.987294211104832,-0.5023189250938819,0.5003108708966102,0.0,2.3224134699518175,1.8163753697549725,116.00793641614803,114.821252803471,0.0
6.134,0.9776158286595478,-0.506781785735092,0.44677519653136066,0.0,2.3225324671120546,1.8134565436426382,116.04340939933661,114.821252803471,0.0
6.135,0.9667780550285462,-0.5090256659832089,0.416817138978413,0.0,2.3225498801659152,1.809176841545347,116.01413652693213,114.821252803471,0.0
6.136,0.954601837740949,-0.5089333813689262,0.41952473794603984,0.0,2.322104991594608,1.8071552735904652,115.94091841106273,114.821252803471,0.0
6.1370000000000005,0.9425863484629381,-0.5073484335721318,0.44493713980482696,0.0,2.321329013673438,1.8092596034364365,115.8575272415337,114.821252803471,0.0
6.138,0.9326744059438293,-0.5053758775046595,0.47626998018871125,0.0,2.32063993483953,1.815238549713655,115.78855252024542,114.821252803471,0.0
6.139,0.9261871477417256,-0.5037608298697931,0.5010843436651096,0.0,2.3204597288375726,1.8235814240353658,115.73835668699654,114.821252803471,0.0
6.140000000000001,0.9234251378059275,-0.5026523109740698,0.5170112214542932,0.0,2.3210260442658015,1.8328147517576725,115.69329007665738,114.821252803471,0.0
6.141,0.9239491855430041,-0.5017695158706587,0.5308241538920107,0.0,2.3223730386510213,1.842456266690393,115.63037226508172,114.821252803471,0.0
6.142,0.927213441265704,-0.5007615052890549,0.5541918650637329,0.0,2.3244474318780477,1.8533468208207489,115.50603911852289,114.821252803471,0.0
6.143,0.9331875303566695,-0.4995271384820748,0.6095105751926267,0.0,2.3272777409524554,1.8685826326204538,115.21787885052089,114.821252803471,0.0
6.144,0.943061553367778,-0.4988905755645271,0.7496244487231289,0.0,2.3312909220465317,1.8964108314943828,115.09302156352652,114.821252803471,0.0
6.1450000000000005,0.9607335670877224,-0.502134241905837,0.8093354046197587,0.0,2.3380487738453133,1.9251794137245681,115.134629593481,114.821252803471,0.0
6.146,0.984662015615056,-0.5075794121456142,0.7853976217424216,0.0,2.3475742307501988,1.9460612480353332,115.25073781362632,114.821252803471,0.0
6.147,1.0097833360312582,-0.5119751715618557,0.7230486615682079,0.0,2.3586644072290603,1.9566643760546105,115.34664856654317,114.821252803471,0.0
6.148,1.0313671402199727,-0.5124803476989759,0.6698393274790608,0.0,2.3697174906428837,1.9599636665151858,115.36152725168523,114.821252803471,0.0
6.149,1.047331225474941,-0.50790590484997,0.6569972404258858,0.0,2.3794869542866213,1.961617588699968,115.28311898933877,114.821252803471,0.0
6.15,1.0587213328371787,-0.4989391872334448,0.6915827097404367,0.0,2.3875042692751345,1.9669226165684828,115.1386163471548,114.821252803471,0.0
6.151,1.0687008425937252,-0.4875065990621114,0.7606603953955886,0.0,2.394082438028967,1.9787677188783197,114.9720590616047,114.821252803471,0.0
6.152,1.0808955684901445,-0.47577764440239256,0.8424309755893008,0.0,2.4000114410075435,1.997148490046273,114.82125290905401,114.821252803471,0.0
6.1530000000000005,1.097962296529419,-0.4653240553206501,0.9178340508088138,0.0,2.4061530155526647,2.020005324042142,114.70645907663759,114.821252803471,0.0
6.154,1.1209147432290225,-0.456738554273863,0.9763789042853601,0.0,2.413126246818531,2.044522433366597,114.6312747131825,114.821252803471,0.0
6.155,1.1492155805402098,-0.4497092349309134,1.0158708669157848,0.0,2.421166495772999,2.0681602546025406,114.58872280548236,114.821252803471,0.0
6.156,1.181315359930702,-0.44335574478803336,1.0394721207457431,0.0,2.4301379112333272,2.0891915695454846,114.56751285140432,114.821252803471,0.0
6.157,1.2152970105198242,-0.43662184921134983,1.0526144973054326,0.0,2.4396381230299116,2.106809559652537,114.55612895840862,114.821252803471,0.0
6.158,1.2494015917577,-0.42859088649656163,1.0609576822539042,0.0,2.4491340457146826,2.1209904110769995,114.54336608469693,114.821252803471,0.0
6.159,1.2823513561999103,-0.418673670251562,1.0701179862974917,0.0,2.4580878771136208,2.1323435429465403,114.51645731958659,114.821252803471,0.0
6.16,1.3135133145957558,-0.4066907782025916,1.086620323691503,0.0,2.4660626925966818,2.1420820810628047,114.45926946683775,114.821252803471,0.0
6.1610000000000005,1.3429967585693872,-0.3928982453718842,1.1188340834322552,0.0,2.472816530652176,2.15209117786015,114.35394848720948,114.821252803471,0.0
6.162,1.3717457627967617,-0.3779896822492652,1.1761676164090076,0.0,2.478393877966673,2.164891743788071,114.18789630999045,114.821252803471,0.0
6.163,1.401577924543274,-0.3630666663121708,1.2655272699533278,0.0,2.483201101020659,2.1832321666649155,113.9580613265647,114.821252803471,0.0
6.164,1.435026818695216,-0.3495020180788808,1.389076676435264,0.0,2.48801876291064,2.2095350509977933,113.67721942192063,114.821252803471,0.0
6.165,1.4750064187303336,-0.33866053451444117,1.5409379625728064,0.0,2.493928030335155,2.24509539343435,113.3751245244425,114.821252803471,0.0
6.166,1.5241411288585454,-0.33164610868977695,1.7064466941021554,0.0,2.5021392332558055,2.2893729538628027,113.1668581672295,114.821252803471,0.0
6.167,1.5839414404550325,-0.3290385744516185,1.8271238190710661,0.0,2.5137403874192854,2.335576587797431,113.19034208863835,114.821252803471,0.0
6.168,1.6524549223807439,-0.32952350853816037,1.831690965514973,0.0,2.5288812076517813,2.3706771087182212,113.43651590127138,114.821252803471,0.0
6.1690000000000005,1.7222973117794342,-0.3294933865957641,1.722451428220453,0.0,2.546009835198578,2.384722110988748,113.6760083426659,114.821252803471,0.0
6.17,1.7835779750506042,-0.3244844789650863,1.6141576521312453,0.0,2.5622794215977964,2.3822131067241905,113.58390542191988,114.821252803471,0.0
6.171,1.831229172709425,-0.31237697126088065,1.672582586319764,0.0,2.575389412159482,2.3844628169378823,112.95693498896368,114.821252803471,0.0
6.172,1.8713892560481378,-0.2960238298709074,2.004710980942937,0.0,2.5857356042105133,2.419807332062367,112.24163250265622,114.821252803471,0.0
6.173,1.9214723651405035,-0.2831273083760082,2.388158427104817,0.0,2.597326542618351,2.4864024088443077,111.54380799128353,114.821252803471,0.0
6.174,1.9938525762499215,-0.2778780439102342,2.769845130913035,0.0,2.6139694409873115,2.578187142615011,112.31001463811995,114.821252803471,0.0
6.175,2.0939469089137326,-0.2828582103948993,2.4118541891483343,0.0,2.6387268338544185,2.6089752477314168,114.14672856253169,114.821252803471,0.0
6.176,2.184845846960056,-0.28573342420592546,1.5002424693518575,0.0,2.664353769800822,2.533464962004469,114.10795047318685,114.821252803471,0.0
6.1770000000000005,2.2206137452944983,-0.2664961046150793,1.5267645373271215,0.0,2.677722126286785,2.477076463683775,111.34693263050706,114.821252803471,0.0
6.178,2.226928852714905,-0.23224970534450343,2.9420166603966567,0.0,2.6805400665682284,2.5827391808687428,108.82943659950622,114.821252803471,0.0
6.179,2.2885356091801903,-0.21492406846985435,4.26068283793672,0.0,2.6920791284765184,2.8023045865250906,111.74577935078837,114.821252803471,0.0
6.18,2.441213497186151,-0.23465182647607752,2.8332661968224744,0.0,2.726764134509046,2.8146863653926646,118.80965782104403,114.821252803471,0.0
6.181,2.5495915464311487,-0.26847256071038167,-0.7385570884810855,0.0,2.762741821010789,2.4402772654675933,116.00140899769023,114.821252803471,0.0
6.182,2.4518110735880265,-0.2319171917707885,0.6537657612536187,0.0,2.753321530944152,2.3076202230142506,110.81919741089483,114.821252803471,0.0
6.183,2.322312929010777,-0.17711157512917425,3.2848921085770826,0.0,2.725914501497664,2.476054516682879,110.42237674220051,114.821252803471,0.0
6.184,2.3073240000762185,-0.17096459540925385,3.527291203536946,0.0,2.717963492759911,2.6256111157493742,114.9375535582619,114.821252803471,0.0
6.1850000000000005,2.362448630941031,-0.20734099049271332,1.2685397879583449,0.0,2.729826118058963,2.502316708687725,118.70115715431142,114.821252803471,0.0
6.186,2.3426184010674094,-0.22346654129572044,-0.6520610535748197,0.0,2.729583086759442,2.2065919980440305,117.3262635383097,114.821252803471,0.0
6.187,2.191212116519369,-0.18710508769252923,0.010335647077650112,0.0,2.6956308721211215,2.0489414898234055,113.21867084935356,114.821252803471,0.0
6.188,2.0109717779558203,-0.13460272849562496,2.0801578110968975,0.0,2.6438971831489426,2.1430296563931126,111.00129699187056,114.821252803471,0.0
6.189,1.9253627252572603,-0.1231694185142086,3.2270442979544005,0.0,2.6060130392249663,2.335609521733969,112.00509188860019,114.821252803471,0.0
6.19,1.9525481656694847,-0.16599755520029327,2.753308458738293,0.0,2.596000724362757,2.437716689993667,114.72239933079018,114.821252803471,0.0
6.191,2.019507837697971,-0.23095002427366396,1.395643272370106,0.0,2.603916848043948,2.3769123883138223,117.03923104128864,114.821252803471,0.0
6.192,2.0401027836151138,-0.27691288088535126,0.2150476347426984,0.0,2.609367318725588,2.2050954135641483,117.69758913813071,114.821252803471,0.0
6.1930000000000005,1.9753383828293065,-0.2844171499491173,-0.14289477702493114,0.0,2.5974568858949936,2.0307675079850505,116.37092211315846,114.821252803471,0.0
6.194,1.8479332651646547,-0.2608879020758544,0.5049420423643205,0.0,2.566641445832851,1.9608897428665504,114.61348794714822,114.821252803471,0.0
6.195,1.7231055338399979,-0.23641954721108793,1.3857367739326694,0.0,2.529463546708683,1.9977842618013775,113.61415501079419,114.821252803471,0.0
6.196,1.648925868477759,-0.23550559322670517,1.8974742200364487,0.0,2.4998370380007784,2.0816661965626366,113.67369162621101,114.821252803471,0.0
6.197,1.633046905468145,-0.26281486044361263,1.8791815241006398,0.0,2.484574532573494,2.1480726052404386,114.55695717092087,114.821252803471,0.0
6.198,1.6513787446860793,-0.30670643383437235,1.440191708071212,0.0,2.4820338989575337,2.156030877759784,115.59793218831736,114.821252803471,0.0
6.199,1.6672777893225939,-0.34918591076527844,0.9119374055245033,0.0,2.484776982683596,2.107655608027918,116.41659143491401,114.821252803471,0.0
6.2,1.6549394787856115,-0.3772051607273335,0.48665439591174664,0.0,2.485065553790382,2.0244097902153415,116.68973941023366,114.821252803471,0.0
6.2010000000000005,1.6058423447662493,-0.38568735667011744,0.33139554218429734,0.0,2.477653535059317,1.9419690691175695,116.44002559162254,114.821252803471,0.0
6.202,1.530228601104092,-0.3795106452538125,0.44006472360833837,0.0,2.4619743858763603,1.888363957213031,115.94359457483243,114.821252803471,0.0
6.203,1.4486012355412736,-0.36896951713101056,0.6770568142897799,0.0,2.4414048834419004,1.8717567525166572,115.52020761858849,114.821252803471,0.0
6.204,1.3796439929071567,-0.3638904002554298,0.8817607442605777,0.0,2.4207783192061636,1.8816698524705728,115.32561416546979,114.821252803471,0.0
6.205,1.3321582349094991,-0.36912032264257255,0.9740138571999395,0.0,2.403831804020733,1.9011636500825455,115.3817677124835,114.821252803471,0.0
6.206,1.3047937024842016,-0.38393809828355424,0.9403319346029608,0.0,2.39210697621168,1.9149211147865244,115.60584194169884,114.821252803471,0.0
6.207,1.2893952501088206,-0.40405864145692993,0.8204489286130088,0.0,2.38499545964659,1.9147002232433126,115.88201799206907,114.821252803471,0.0
6.208,1.2761085104675802,-0.4242899130981138,0.6717532515419156,0.0,2.3805972400324857,1.8999401316167748,116.10359453952839,114.821252803471,0.0
6.2090000000000005,1.2575047433695168,-0.440536975520366,0.548141560451681,0.0,2.3767476973671737,1.8760194449266407,116.21067776731137,114.821252803471,0.0
6.21,1.2306435961876758,-0.45111896669763574,0.4807056969217878,0.0,2.3718925887046565,1.8506927330806255,116.21967591198133,114.821252803471,0.0
6.211,1.1969725719580582,-0.45676352516541113,0.46222239350170446,0.0,2.365505401243473,1.829489578005488,116.13293748805908,114.821252803471,0.0
6.212,1.160194501124758,-0.4593723141167907,0.49247475861694445,0.0,2.3578671382208665,1.8169894904379902,116.02431830701495,114.821252803471,0.0
6.213,1.1250909887008862,-0.46157005520218325,0.5347536941035718,0.0,2.3499583563736515,1.8128173502356522,115.96032631797283,114.821252803471,0.0
6.214,1.0950057740499206,-0.465215646930745,0.5553589534796146,0.0,2.342802276370212,1.8130736735326916,115.96331407460589,114.821252803471,0.0
6.215,1.0706392709986108,-0.4706855266339554,0.542444462451735,0.0,2.336952667546888,1.8133415730819906,115.9699014000648,114.821252803471,0.0
6.216,1.0505204272866007,-0.4771156677452063,0.5276643137563424,0.0,2.332367426286031,1.8134704581256198,115.98368967189367,114.821252803471,0.0
6.2170000000000005,1.033428670437889,-0.48382442719970625,0.5091458091576797,0.0,2.328927259784505,1.812917601336141,115.99977943913736,114.821252803471,0.0
6.218,1.018212578755704,-0.49015459923070004,0.48931565917917386,0.0,2.3264050555830487,1.8115827346403608,116.00553391821425,114.821252803471,0.0
6.219,1.0039906264277958,-0.49559429610472755,0.4745956084932921,0.0,2.3245366500679925,1.8101204839576002,115.97190168831459,114.821252803471,0.0
6.22,0.9904291403691639,-0.49992911238176635,0.47990523459468926,0.0,2.323131292857901,1.8106984211127917,115.97432849961737,114.821252803471,0.0
6.221,0.9782399244940143,-0.5035555971371362,0.467161071981834,0.0,2.322279830244657,1.8108282735687078,115.99538702446719,114.821252803471,0.0
6.222,0.9669359581915596,-0.5061161253036768,0.4448904673469616,0.0,2.321771892389094,1.8096592137685188,115.98466513726157,114.821252803471,0.0
6.223,0.9558018391733771,-0.5072105154300999,0.43861728761186547,0.0,2.321292619971312,1.8092006358672552,115.94334233864069,114.821252803471,0.0
6.224,0.945226700577827,-0.5070478812630894,0.4480577915706099,0.0,2.3207865833455448,1.8108930998024824,115.8857289873643,114.821252803471,0.0
6.2250000000000005,0.9361495887153448,-0.5061548088045297,0.46621970536987045,0.0,2.3204037851471058,1.8151618500788582,115.82700993670451,114.821252803471,0.0
6.226,0.9294579138776449,-0.5050282627327722,0.48552165936742986,0.0,2.320371152452841,1.8215523544230146,115.7743154975513,114.821252803471,0.0
6.227,0.9256067736278512,-0.5039133231875698,0.5023382520032339,0.0,2.3208694555731633,1.8293140593923916,115.72438772084348,114.821252803471,0.0
6.228,0.9245987519426524,-0.5027904035039208,0.5182707911834182,0.0,2.321981727108642,1.838006208543199,115.66594114355549,114.821252803471,0.0
6.229,0.9262395281940174,-0.5015180073263598,0.539047196426571,0.0,2.3237232520229583,1.8478758835129168,115.57628265719664,114.821252803471,0.0
6.23,0.9304994137912841,-0.5000172912461669,0.5763261410687359,0.0,2.3261252371357686,1.8603734836821149,115.3764432023267,114.821252803471,0.0
6.231,0.9379905264210713,-0.49853287366010396,0.6706939645151515,0.0,2.3293885049805527,1.8810877699450546,115.11524028162081,114.821252803471,0.0
6.232,0.951108757356546,-0.49925594365963627,0.7983555500865953,0.0,2.3344912565429614,1.9117879562679687,115.07486552587423,114.821252803471,0.0
6.2330000000000005,0.9724751516126251,-0.5037874111945734,0.8160068007358547,0.0,2.3426449823102695,1.9383742997717228,115.16582677492376,114.821252803471,0.0
6.234,0.9982136005855091,-0.5092407030438924,0.7670804364965631,0.0,2.3531965172792972,1.954941403484561,115.28722788281871,114.821252803471,0.0
6.235,1.0228323285754248,-0.5122369677399821,0.701720131755609,0.0,2.364624665320783,1.9617559048547448,115.35404073103588,114.821252803471,0.0
6.236,1.0424814757000076,-0.5105074201933312,0.6629858283713761,0.0,2.375371235818046,1.9635093816633973,115.32659662038643,114.821252803471,0.0
6.237,1.056485395954747,-0.5037163936310561,0.6716544455269493,0.0,2.3844887795000638,1.96615911900509,115.21281938609951,114.821252803471,0.0
6.238,1.0670487280055827,-0.4932364672317509,0.7246273968441213,0.0,2.3918746609097488,1.974174048131105,115.05134655569567,114.821252803471,0.0
6.239,1.0778090154911406,-0.4812622190084324,0.8030628745237935,0.0,2.3981110790504934,1.9891462472141754,114.88659630114567,114.821252803471,0.0
6.24,1.092154064685738,-0.4698094457654314,0.884784566822047,0.0,2.4040810127109755,2.0099795470424744,114.74970394469247,114.821252803471,0.0
6.2410000000000005,1.1120720910493793,-0.4600480636111491,0.9539462336364335,0.0,2.410578058683697,2.034069544272538,114.65324111710108,114.821252803471,0.0
6.242,1.1378386551883612,-0.4521371705226305,1.0038577642958304,0.0,2.418061815363959,2.0585637562896046,114.59530531771908,114.821252803471,0.0
6.243,1.1683582862511608,-0.4454476222009468,1.0350851388443465,0.0,2.4265898761934017,2.081193324891216,114.56614716707017,114.821252803471,0.0
6.244,1.201797447431689,-0.4389522229369283,1.0522152705328103,0.0,2.435880489364236,2.1006116720366266,114.55362153976893,114.821252803471,0.0
6.245,1.236208104673646,-0.43160307310577933,1.061154396820453,0.0,2.4454404234437415,2.116378467674525,114.5456740183189,114.821252803471,0.0
6.246,1.2699798994052593,-0.42259980653679,1.0678839453969844,0.0,2.454704175854808,2.1288046453890668,114.5290848572006,114.821252803471,0.0
6.247,1.3020990558239327,-0.41153241984614347,1.0791002054188403,0.0,2.4631567909259426,2.138885684431165,114.48816239344326,114.821252803471,0.0
6.248,1.332299186259337,-0.3984453353354427,1.1028923413977878,0.0,2.4704433429649018,2.1483080306499227,114.40437290377224,114.821252803471,0.0
6.2490000000000006,1.361166049451023,-0.38385165549762695,1.1489558852302852,0.0,2.4764690404847887,2.159472512265755,114.26220499670778,114.821252803471,0.0
6.25,1.390212043087949,-0.36872029121333605,1.2256303168301481,0.0,2.4814901031413767,2.1751902768415086,114.0550191493688,114.821252803471,0.0
6.251,1.4217837112887863,-0.35437913566567625,1.3368855770406585,0.0,2.4861546225224798,2.1981272819667783,113.78841807805749,114.821252803471,0.0
6.252,1.4587645256452033,-0.342269410372139,1.4805144599504505,0.0,2.491457732251188,2.2301714901384067,113.48586140076453,114.821252803471,0.0
6.253,1.5040709998402915,-0.33363606715259964,1.6451467126239925,0.0,2.498606381322975,2.2716009434128397,113.21738465863032,114.821252803471,0.0
6.2540000000000004,1.5597784212756096,-0.32937867179874003,1.795423765139505,0.0,2.5088011307582967,2.3188117179010446,113.14251682394118,114.821252803471,0.0
6.255,1.6257435333007526,-0.32908740028239336,1.849645042279375,0.0,2.522708016785648,2.3600833717357803,113.32448011316495,114.821252803471,0.0
6.256,1.696526854184401,-0.3299249591436616,1.773631124570549,0.0,2.53944642378364,2.3825882908934575,113.61274532120136,114.821252803471,0.0
6.257000000000001,1.762313825245974,-0.3273599690455511,1.641583595375042,0.0,2.556470957498196,2.384222736192811,113.68575823376568,114.821252803471,0.0
6.258,1.8150594547538461,-0.31789770724202737,1.6164320847899334,0.0,2.570941283473824,2.3808058499260287,113.25601640787261,114.821252803471,0.0
6.259,1.8562168303944762,-0.30236617061720183,1.8469553616924546,0.0,2.582009041814517,2.400786905423224,112.41902296649074,114.821252803471,0.0
6.26,1.9000316657079757,-0.28684115601117843,2.289474380753189,0.0,2.5924156936304454,2.4618404324043484,111.57493187064391,114.821252803471,0.0
6.261,1.965008268243448,-0.2789717245236337,2.743983138004878,0.0,2.6071766456453243,2.556690767050263,112.05835172858698,114.821252803471,0.0
6.2620000000000005,2.061127905383878,-0.2826426605284996,2.52990221978218,0.0,2.6304290331987166,2.6055147807959673,113.87059468399781,114.821252803471,0.0
6.263,2.1576006725915766,-0.28770186339386916,1.6332873232714997,0.0,2.6567583863264823,2.5456439944670515,114.46194242564417,114.821252803471,0.0
6.264,2.2044758982544934,-0.2731624643254468,1.3412065562265885,0.0,2.6728177995823987,2.4670389395231256,111.96052031721389,114.821252803471,0.0
6.265000000000001,2.208211707035095,-0.23879367114138417,2.6205249353042976,0.0,2.67577559275877,2.541603974058944,109.06524676660608,114.821252803471,0.0
6.266,2.253144530557841,-0.21618515547050587,4.1257217709768526,0.0,2.6837508612791288,2.7568815000923266,110.82979753850813,114.821252803471,0.0
6.267,2.3924755072678403,-0.22994105872563686,3.2833609376754556,0.0,2.7141955900655637,2.828840061151654,117.14357350940334,114.821252803471,0.0
6.268,2.529123184701985,-0.2526656945544151,0.10324974516852814,0.0,2.751153852987902,2.541620681390289,118.2175088956165,114.821252803471,0.0
6.269,2.4828269711119253,-0.24087923392739619,-0.4676805088595093,0.0,2.75417059461461,2.2622769101485267,112.33450474741949,114.821252803471,0.0
6.2700000000000005,2.323309456869335,-0.17714961273485508,2.498689045799514,0.0,2.722058891229562,2.3602631081771692,108.94495438886624,114.821252803471,0.0
6.271,2.255923689549525,-0.14784670234678554,4.2522272092221876,0.0,2.7003709540551206,2.6142822777570998,112.33633035081695,114.821252803471,0.0
6.272,2.3229689246974496,-0.18438929168888296,2.5813884527733704,0.0,2.710566441487627,2.631354258278526,117.631832065934,114.821252803471,0.0
6.273,2.376145803808005,-0.22895123259880779,-0.09446819740978696,0.0,2.7259859658356964,2.36492374118472,118.99737892275348,114.821252803471,0.0
6.274,2.289764740308715,-0.2215838292380904,-0.8190028870123505,0.0,2.7119644522608013,2.0837716646566786,115.31636024051362,114.821252803471,0.0
6.275,2.098767014971912,-0.16660821213738597,1.0165553797371563,0.0,2.6652562385431207,2.0586353398144785,111.47042453440736,114.821252803471,0.0
6.276,1.950866590840269,-0.12665645449747198,2.973031515480923,0.0,2.616860276543605,2.2425576877501623,110.93857295605564,114.821252803471,0.0
6.277,1.9290704624243926,-0.1447254738448236,3.2777841031309363,0.0,2.5940832552422166,2.41812479786082,113.2664747041073,114.821252803471,0.0
6.2780000000000005,1.994079372671485,-0.206557625644603,2.129381010098744,0.0,2.5977614935865345,2.4371166873088925,116.11476094121832,114.821252803471,0.0
6.279,2.049915806864336,-0.2674291102043836,0.692302810165758,0.0,2.609048638824806,2.3024907219255404,117.92920459311858,114.821252803471,0.0
6.28,2.0277839995143587,-0.2942433768490662,-0.245998533680849,0.0,2.6080853274862332,2.09660656493098,117.47472418923257,114.821252803471,0.0
6.281,1.9162163267790273,-0.2794093769986572,-0.045293045595460324,0.0,2.58473004893207,1.9547262355572634,115.44888564644084,114.821252803471,0.0
6.282,1.769957205421034,-0.2454279243588301,0.9613498973707071,0.0,2.5459326455040734,1.9483949067329531,113.79359581402085,114.821252803471,0.0
6.283,1.6604420636429422,-0.2274911899363548,1.7992713834752065,0.0,2.508748623276373,2.0315059788721173,113.26452048031065,114.821252803471,0.0
6.284,1.6185317994125037,-0.24205633611972843,2.079376373561908,0.0,2.4853756439097534,2.1285348532706543,113.88004727435069,114.821252803471,0.0
6.285,1.6321789731939738,-0.28355369701663524,1.7810250318330927,0.0,2.478461908156477,2.1759835530433738,115.07046583988006,114.821252803471,0.0
6.2860000000000005,1.6630502917505945,-0.33343282617433634,1.183323618704317,0.0,2.482056146554177,2.1519729939332017,116.10729427185072,114.821252803471,0.0
6.287,1.6729962375085954,-0.3727635070782016,0.652048988035189,0.0,2.4867174888089383,2.077474378483688,116.81237473920814,114.821252803471,0.0
6.288,1.6440424211678035,-0.39189128215920743,0.279597534999108,0.0,2.485173583743144,1.9785192245323904,116.79286233922065,114.821252803471,0.0
6.289,1.5754854952690116,-0.38978298996697125,0.26963763963535703,0.0,2.4734653638968425,1.8991858451954506,116.29625087310899,114.821252803471,0.0
6.29,1.487072412413092,-0.3762609745297359,0.5031933919948066,0.0,2.4535282893253045,1.861445583375915,115.71221197936987,114.821252803471,0.0
6.291,1.4034137215949023,-0.36394031321397824,0.7863032471053777,0.0,2.4305908434386065,1.8626104919811892,115.3260482419063,114.821252803471,0.0
6.292,1.3411632294328557,-0.36181243791801043,0.9743371614528056,0.0,2.4099527733317068,1.8852287643940213,115.24260315830068,114.821252803471,0.0
6.293,1.304489972232815,-0.3721600964001503,1.0118461997073214,0.0,2.394799858662775,1.909178610989786,115.41716427799466,114.821252803471,0.0
6.2940000000000005,1.287101275965992,-0.39166503406470493,0.9186065251150966,0.0,2.385599286678592,1.9201327508887407,115.72147475408671,114.821252803471,0.0
6.295,1.2776683940432825,-0.41435725815074975,0.7574490675629115,0.0,2.3807152811555428,1.9131402260633945,116.0179900199507,114.821252803471,0.0
6.296,1.2655700685321354,-0.43456530165062246,0.5972240624661205,0.0,2.377616386246388,1.8915818641701505,116.2127491006221,114.821252803471,0.0
6.297,1.2446320949632763,-0.44885718607354474,0.4859295591589079,0.0,2.3740415714903484,1.8634114974999545,116.28336582218846,114.821252803471,0.0
6.298,1.2140402008615578,-0.456699051560266,0.43600006818855697,0.0,2.368726887902203,1.836477115663008,116.21102697573573,114.821252803471,0.0
6.299,1.1769177214514543,-0.45963691312915433,0.45827174969227125,0.0,2.3614949806068872,1.8184314373201467,116.07567483576192,114.821252803471,0.0
6.3,1.1390327494620278,-0.4608157726016298,0.5134035993562711,0.0,2.3532819921331014,1.8111050448547796,115.96394420262997,114.821252803471,0.0
6.301,1.1054613036599437,-0.4630487473848318,0.557842001930652,0.0,2.345391501891585,1.811340907893447,115.95817073743436,114.821252803471,0.0
6.3020000000000005,1.0784998112539468,-0.4676267683419866,0.5493595551888268,0.0,2.338794899535541,1.8120167321433907,115.95233086626668,114.821252803471,0.0
6.303,1.0566806826741322,-0.47366400228878264,0.54096871014471,0.0,2.333543855364672,1.8132576344650202,115.96052662612969,114.821252803471,0.0
6.304,1.0388694107599556,-0.48053373114993697,0.525478091986616,0.0,2.329637303678312,1.8139703312152125,115.98159268887287,114.821252803471,0.0
6.305,1.0237148845197876,-0.48747338289809405,0.5033416617610105,0.0,2.326887341239293,1.8134298871457903,116.00221886938463,114.821252803471,0.0
6.306,1.009902747448765,-0.4937278774147493,0.48121891084598944,0.0,2.3249769285165844,1.8118241427564228,116.00081757758508,114.821252803471,0.0
6.307,0.9965672047507451,-0.49879582833914593,0.4701239090046252,0.0,2.323591912283727,1.8105174971663933,115.90281243449438,114.821252803471,0.0
6.308,0.9837164375923081,-0.5026269830253108,0.5083108842397426,0.0,2.322585480621387,1.8147947607668062,115.98300165568175,114.821252803471,0.0
6.309,0.9736343261620165,-0.5065204587614826,0.45659878512395125,0.0,2.3224973892694383,1.8134539787716022,116.02404743543941,114.821252803471,0.0
6.3100000000000005,0.963231914951328,-0.5086662303938781,0.4240479489254336,0.0,2.322481128975366,1.8102184389689178,116.00398232427554,114.821252803471,0.0
6.311,0.9518795152694344,-0.5086943709429695,0.42225320929932497,0.0,2.322124578474509,1.8085776539731102,115.93779749776323,114.821252803471,0.0
6.312,0.9406814316574462,-0.5072233753045574,0.44418017561255896,0.0,2.321477513598441,1.8106134713180133,115.85644214226626,114.821252803471,0.0
6.313,0.9313825464405133,-0.5052443878601199,0.47450595997308986,0.0,2.3208957582819645,1.8164084635950886,115.78487240791152,114.821252803471,0.0
6.314,0.9253057379516915,-0.5035040567279429,0.5006546311060541,0.0,2.320780031174751,1.82471433717543,115.72975247832647,114.821252803471,0.0
6.315,0.9228698284966101,-0.5022194422848919,0.5191295991500227,0.0,2.3213825598588773,1.834155992415694,115.6793316498946,114.821252803471,0.0
6.316,0.9237680412720437,-0.5011823570784817,0.5357592249017205,0.0,2.3227677679703427,1.8442350816527424,115.60902104624756,114.821252803471,0.0
6.317,0.9275468913840967,-0.5000853231657422,0.5630368442974769,0.0,2.3249120613160295,1.8558723332686782,115.46174738681333,114.821252803471,0.0
6.3180000000000005,0.9342769842582987,-0.4988717270962668,0.6302687281811704,0.0,2.3278831252602257,1.8729804983757947,115.16451603257056,114.821252803471,0.0
6.319,0.9454536219086628,-0.4987761772521819,0.775451773011559,0.0,2.3322695247985603,1.9028106402463274,115.08040593275133,114.821252803471,0.0
6.32,0.9649502021513554,-0.502802841309894,0.8149152916283693,0.0,2.339644187114904,1.9309527070329933,115.14889309343802,114.821252803471,0.0
6.321,0.9899642742847027,-0.5085098538993365,0.7773953083853559,0.0,2.3496830946225407,1.9499396178974868,115.2722820715348,114.821252803471,0.0
6.322,1.0150684560440075,-0.5124931234180754,0.7111905266563257,0.0,2.3609978919870294,1.9586130829963397,115.35827901532357,114.821252803471,0.0
6.323,1.035822180544064,-0.5121074297775017,0.6628217926434142,0.0,2.371966297129306,1.9608603005202143,115.35485162707641,114.821252803471,0.0
6.324,1.0507615064812657,-0.5065403217249675,0.6591994985309405,0.0,2.381454058560367,1.9626290831855941,115.25923859131352,114.821252803471,0.0
6.325,1.0615127171467458,-0.4968235383441698,0.7026261585339629,0.0,2.3891567470234993,1.968949679355168,115.10491912647329,114.821252803471,0.0
6.3260000000000005,1.0715437100917558,-0.4850584689374487,0.7769492277240538,0.0,2.3955242364563443,1.982153858647682,114.93725110174576,114.821252803471,0.0
6.327,1.0844520677833478,-0.4733916632365806,0.8596232571050727,0.0,2.401409696942127,2.0017056720776156,114.79157496417633,114.821252803471,0.0
6.328,1.102633523868018,-0.4632367512753659,0.9327581042827314,0.0,2.4076614204636004,2.0252380665164678,114.68463910580418,114.821252803471,0.0
6.329,1.1267705661795477,-0.4549908549959688,0.9875921704454765,0.0,2.41483571160569,2.049869532576286,114.61724431760057,114.821252803471,0.0
6.33,1.1560527361816841,-0.4481851081891963,1.023329649405988,0.0,2.423089547053601,2.0731583948912404,114.58082468557032,114.821252803471,0.0
6.331,1.1887752926217088,-0.44185541449761345,1.0439437466001178,0.0,2.4322186763502103,2.093547270912858,114.56351281203291,114.821252803471,0.0
6.332,1.222986048793742,-0.43493502258411454,1.055177083283203,0.0,2.441775834145752,2.1104037407106504,114.5536763148684,114.821252803471,0.0
6.333,1.256981541135088,-0.4265509455571004,1.062771096751486,0.0,2.4512098785876817,2.1238558908270697,114.53960541492357,114.821252803471,0.0
6.3340000000000005,1.289595299587962,-0.41618874418689383,1.0726230206093734,0.0,2.4599897322166075,2.134666443359322,114.50779172986519,114.821252803471,0.0
6.335,1.320345163772382,-0.40376184854453245,1.091664473874622,0.0,2.4677093192289092,2.1442136191460817,114.44125784773185,114.821252803471,0.0
6.336,1.349523839734442,-0.38962761098523774,1.1287313644986847,0.0,2.474181167943557,2.154562823777409,114.32274785980864,114.821252803471,0.0
6.337,1.3782867158184626,-0.3745840582983608,1.1929714078969103,0.0,2.4795273038299097,2.1683478990750116,114.14177857661092,114.821252803471,0.0
6.338,1.408650252749503,-0.3598202424619237,1.290250791764374,0.0,2.484243749442248,2.1882950519213527,113.89798716433633,114.821252803471,0.0
6.339,1.4432813605904107,-0.34674247914816003,1.4213791542930154,0.0,2.4891923499718365,2.2166646735905795,113.60860496912828,114.821252803471,0.0
6.34,1.4851188897879315,-0.3366752660897188,1.578196730240467,0.0,2.4955064368120987,2.254375025741458,113.3119712133772,114.821252803471,0.0
6.341,1.536598936923493,-0.3306526001186495,1.741606424016942,0.0,2.5043983290571887,2.3001082120242766,113.14744269236608,114.821252803471,0.0
6.3420000000000005,1.5987824586988517,-0.32897274708280383,1.8406087856335516,0.0,2.5168497935318195,2.345088044819451,113.23116797581483,114.821252803471,0.0
6.343,1.6684854785860916,-0.3297591320413725,1.8146469921857418,0.0,2.5326573957143053,2.375923722917301,113.50467683464866,114.821252803471,0.0
6.344,1.7372599960328858,-0.3289879182785379,1.6910583224570472,0.0,2.5498751081248305,2.3850532909676634,113.69728417790178,114.821252803471,0.0
6.345,1.795545766816577,-0.3224003011825878,1.6059943370861818,0.0,2.565567080356413,2.3811468321487945,113.48973587912037,114.821252803471,0.0
6.346,1.8404219756788212,-0.3088624618725815,1.7230836557203901,0.0,2.577875923329809,2.3885771560714324,112.75679375833239,114.821252803471,0.0
6.347,1.881026049238911,-0.29243858688148394,2.110199306565767,0.0,2.5880256665422086,2.4338894743028097,111.73013766110206,114.821252803471,0.0
6.348,1.9356691236013184,-0.2820545460041677,2.654438506604621,0.0,2.6007136615099125,2.5260759930838437,111.42938336306526,114.821252803471,0.0
6.349,2.023761870224082,-0.2821520011944928,2.8387343500270825,0.0,2.6214660693386582,2.6159990388747474,113.1038777534261,114.821252803471,0.0
6.3500000000000005,2.1338480648634475,-0.29120819305116574,2.018660905347107,0.0,2.6501307475159503,2.5957254295763112,114.80793799414364,114.821252803471,0.0
6.351,2.20790177093757,-0.28815377397631703,1.1667639330816113,0.0,2.6734750489288697,2.4877926708012827,113.43843709719576,114.821252803471,0.0
6.352,2.2172181415699552,-0.2571162781424815,1.8653425386183053,0.0,2.6803080639720207,2.4780659706679193,110.11486128195799,114.821252803471,0.0
6.353,2.226583894522031,-0.22176246100089847,3.5741943614523226,0.0,2.681906562570285,2.6500460873901783,109.31944341005655,114.821252803471,0.0
6.354,2.321128406531142,-0.21610774144549605,4.026921391337185,0.0,2.700274742001269,2.8273932585675503,113.22124373548321,114.821252803471,0.0
6.355,2.476698544210646,-0.23963868497430085,2.092021319303731,0.0,2.7371857715906156,2.7553089823231014,117.91446463290066,114.821252803471,0.0
6.356,2.5455445923110993,-0.2650740661457023,-0.28552124769928944,0.0,2.765759853090149,2.445926191097779,115.99331251492914,114.821252803471,0.0
6.357,2.4512967792054283,-0.22999749750696652,0.6633342141718872,0.0,2.7564254709552207,2.30954433354343,111.47733982275366,114.821252803471,0.0
6.3580000000000005,2.321815650972984,-0.17731630317015123,2.954759690066801,0.0,2.7289421755876884,2.441735917235265,110.72421187061151,114.821252803471,0.0
6.359,2.290016654125081,-0.16650900044352301,3.3722940754664714,0.0,2.7167643767695315,2.583177619027121,114.4876934606034,114.821252803471,0.0
6.36,2.3298780669012538,-0.19726602445681785,1.493888873899206,0.0,2.723439873681105,2.493754709357723,118.02590237098687,114.821252803471,0.0
6.361,2.315007630692382,-0.21571173848405367,-0.3072620769676899,0.0,2.722226988237445,2.2366334498774747,117.43195978068081,114.821252803471,0.0
6.362,2.184826051309604,-0.18946058159192902,-0.03639785158675979,0.0,2.6923511809917198,2.0670808714714717,113.77307813820039,114.821252803471,0.0
6.363,2.0144213981997066,-0.1426186420737161,1.803524716306158,0.0,2.643617594851884,2.12862150644417,111.47589172494834,114.821252803471,0.0
6.364,1.9210104056705923,-0.12875926935361381,2.985571533717409,0.0,2.604855319219273,2.299331806189026,111.984403214042,114.821252803471,0.0
6.365,1.9325884750796014,-0.16503276077963513,2.7596842850648673,0.0,2.591168978908472,2.4102190853099623,114.3872170953745,114.821252803471,0.0
6.3660000000000005,1.9923262703738596,-0.2267613303776782,1.5626177014795866,0.0,2.5963674082823696,2.3727751739915908,116.58893739632677,114.821252803471,0.0
6.367,2.0185821809295184,-0.2749919031396012,0.4440807050748914,0.0,2.601989680894871,2.226236320765602,117.58265137162836,114.821252803471,0.0
6.368,1.9694468815361998,-0.28959882984809804,-0.08039026825747642,0.0,2.593520297133839,2.0540745850597713,116.63494038142208,114.821252803471,0.0
6.369,1.8542166897476031,-0.2719194732536102,0.37532835106615026,0.0,2.5665908796858483,1.9658398105101549,115.01755883692901,114.821252803471,0.0
6.37,1.729670681401462,-0.24774261770986394,1.1820560629781056,0.0,2.531048265983828,1.9804661927879696,113.91967138745461,114.821252803471,0.0
6.371,1.6454021067983704,-0.24193909508094869,1.7400156018754689,0.0,2.5001259329460477,2.0514080307502693,113.76001197990746,114.821252803471,0.0
6.372,1.616163147491183,-0.2626980258903151,1.8304577138846807,0.0,2.481731534623594,2.118906088322361,114.43582355262448,114.821252803471,0.0
6.373,1.6252945767644547,-0.30196276603638905,1.496406220034634,0.0,2.476037913998571,2.1388679680482694,115.3732630923694,114.821252803471,0.0
6.3740000000000006,1.6400445343585934,-0.3438296949423991,1.0221663472731926,0.0,2.477122558186841,2.1059072456312036,116.18773771256495,114.821252803471,0.0
6.375,1.6340610085526608,-0.3748743091385529,0.6012641880844758,0.0,2.477798903987094,2.035599908506121,116.59160846831142,114.821252803471,0.0
6.376,1.595556929366031,-0.38851666806579066,0.3816252535628377,0.0,2.4725670948348486,1.9566152919205493,116.48875065533801,114.821252803471,0.0
6.377,1.52923345147593,-0.38682789392918326,0.4163791815308733,0.0,2.4596378161949706,1.897935819276055,116.09041723662169,114.821252803471,0.0
6.378,1.451949281580187,-0.37829665112235156,0.6028542465575262,0.0,2.4412119691872465,1.8718341078149046,115.67741551262304,114.821252803471,0.0
6.3790000000000004,1.3817074619155456,-0.3722683820129903,0.8007934814653292,0.0,2.4214407385602175,1.873362306452841,115.43458236610583,114.821252803471,0.0
6.38,1.3293438264921256,-0.37461203536365884,0.9160767590975876,0.0,2.404117535419352,1.8885199120546818,115.41766857345442,114.821252803471,0.0
6.381,1.2963366384381827,-0.38615603943599625,0.9185694977234573,0.0,2.3912888170672075,1.9026579595864739,115.57815288656967,114.821252803471,0.0
6.382000000000001,1.2769423452933037,-0.40388104461543994,0.8307583403348469,0.0,2.3829910858324728,1.9062184761962642,115.82693930658128,114.821252803471,0.0
6.383,1.2624476488959826,-0.42323064656931736,0.696308265297938,0.0,2.377830385545323,1.8960822450136856,116.04685645137378,114.821252803471,0.0
6.384,1.245106783824573,-0.4398951913099793,0.574093656422658,0.0,2.3738117360705635,1.8761070088886187,116.17990913039078,114.821252803471,0.0
6.385,1.220993774322946,-0.45170228441005217,0.49398075364496097,0.0,2.3693295627243747,1.852616180606253,116.22491489922061,114.821252803471,0.0
6.386,1.190190685758361,-0.4586320583790661,0.4574412482725527,0.0,2.3635907280901587,1.830955210901406,116.16342076350143,114.821252803471,0.0
6.3870000000000005,1.1553172694919007,-0.4619864551053702,0.4747666365318346,0.0,2.3565593658490838,1.816685687369533,116.06185826555254,114.821252803471,0.0
6.388,1.1208090646125106,-0.46419435994956204,0.5131418308854643,0.0,2.3490135130445267,1.8106351658371131,116.04329101493198,114.821252803471,0.0
6.389,1.0902996059070476,-0.46729064628246886,0.5102050740811364,0.0,2.3419357058153616,1.8067392743942747,115.99149866573195,114.821252803471,0.0
6.390000000000001,1.0638295857646427,-0.4712199737946755,0.5243987900585405,0.0,2.3355773533278428,1.8067224753269717,115.9446447377093,114.821252803471,0.0
6.391,1.0420815253371571,-0.47637519228792113,0.5365918347274858,0.0,2.33038093694148,1.8093984051170562,115.92615026990774,114.821252803471,0.0
6.392,1.0249730645643345,-0.48272119080505743,0.5347900939638983,0.0,2.3266182628247143,1.812631428439547,115.94097396619536,114.821252803471,0.0
6.393,1.0114639129725964,-0.48966949102862656,0.5161810341928441,0.0,2.3242560114912956,1.814450824918295,115.96661937863392,114.821252803471,0.0
6.394,0.9999094454509841,-0.4962815865667488,0.49190466222193274,0.0,2.322969772446052,1.8145036462081974,115.93163692359349,114.821252803471,0.0
6.3950000000000005,0.9889578681754497,-0.5017767254134965,0.49829204854092524,0.0,2.3223557837520836,1.8164570665044757,116.01800331757613,114.821252803471,0.0
6.396,0.9792578700380845,-0.5064253843485318,0.4431413464085521,0.0,2.322454937051526,1.8129807788263332,116.04442657766846,114.821252803471,0.0
6.397,0.9681485832100138,-0.5087308648218739,0.4176979786204129,0.0,2.322403662515928,1.8087397933802916,116.01144877443471,114.821252803471,0.0
6.398000000000001,0.9557754710213803,-0.5087441520436534,0.42228492052765,0.0,2.321911823678948,1.8069267257854413,115.93958931377416,114.821252803471,0.0
6.399,0.9436870106807471,-0.5073375260826583,0.44703128575489215,0.0,2.3211330002382535,1.8091280113378847,115.86016080801214,114.821252803471,0.0
6.4,0.9337399562914269,-0.505566239975107,0.476356458590493,0.0,2.3204714124846504,1.8149828827300776,115.79507433783944,114.821252803471,0.0
6.401,0.9271449628353794,-0.5041115863171408,0.4991614783331595,0.0,2.3203191716043277,1.8230273873873,115.74728258615991,114.821252803471,0.0
6.402,0.9241425584589431,-0.5030894883496893,0.5137970563460332,0.0,2.32088872103792,1.831898395421605,115.70371555127838,114.821252803471,0.0
6.4030000000000005,0.9242987397417791,-0.50222528565224,0.5267559463087262,0.0,2.322203575014538,1.8411711757267293,115.64398032574073,114.821252803471,0.0
6.404,0.9270978642828599,-0.5011902669857162,0.5483962838548542,0.0,2.324209011597663,1.8515926697427596,115.53271685888299,114.821252803471,0.0
6.405,0.9324920786623416,-0.4998817540447749,0.5969133767296021,0.0,2.3269224676872406,1.8657276625199288,115.26480090895323,114.821252803471,0.0
6.406,0.9414947080046495,-0.4988968591362599,0.726435870639659,0.0,2.3306828241350503,1.8915464579458385,115.10226644481534,114.821252803471,0.0
6.407,0.9576985078514465,-0.5014085777999182,0.8048929662951613,0.0,2.3369351624827575,1.9208020733672186,115.11931147117419,114.821252803471,0.0
6.408,0.9807494012631293,-0.5065623760360296,0.7933898664387076,0.0,2.346029629157168,1.9433338888636489,115.22758323517125,114.821252803471,0.0
6.409,1.0059457986518208,-0.5112529671082425,0.7351906801231717,0.0,2.356932257749362,1.9556939952030934,115.33091265197697,114.821252803471,0.0
6.41,1.028341635302128,-0.5124888878615828,0.6784293732352514,0.0,2.3680696794884275,1.9600350238156508,115.36119352474718,114.821252803471,0.0
6.4110000000000005,1.0453303373782474,-0.5087611128335794,0.6578895296373868,0.0,2.378105047454227,1.9617191231521018,115.29794554152089,114.821252803471,0.0
6.412,1.0574425942105137,-0.5004510247662146,0.684746593870033,0.0,2.3864284566199627,1.9662355636222704,115.16259650346781,114.821252803471,0.0
6.413,1.0675523816905554,-0.48931794187157124,0.7490076758966042,0.0,2.393229630678404,1.9769418952881095,114.99761517606609,114.821252803471,0.0
6.414,1.0792850483195775,-0.47753651662036356,0.8297347158715128,0.0,2.399236694548898,1.9943055793157916,114.84275075365292,114.821252803471,0.0
6.415,1.0955104856401916,-0.4668079471420219,0.9069519475762782,0.0,2.4053170920450064,2.0165527549765523,114.72139047922637,114.821252803471,0.0
6.416,1.1175286840678522,-0.4578944095044141,0.9686307080319994,0.0,2.412140963912227,2.0409359967000933,114.63972283340605,114.821252803471,0.0
6.417,1.1450438700446015,-0.450623661478765,1.0112798306428077,0.0,2.4200101258586333,2.0648314288474676,114.59227468190406,114.821252803471,0.0
6.418,1.1766453094616987,-0.4441916549584805,1.0372936876094752,0.0,2.428847101588162,2.0863582605388573,114.56827239994173,114.821252803471,0.0
6.4190000000000005,1.2104467998686046,-0.43755341646833823,1.0518246326259302,0.0,2.438287176745164,2.1045522224656166,114.55613726865342,114.821252803471,0.0
6.42,1.244638937764274,-0.4297554408759252,1.060543353618265,0.0,2.447811245648877,2.119261425309936,114.54464350581704,114.821252803471,0.0
6.421,1.2778474016677814,-0.42014593408530415,1.0690563280129948,0.0,2.456874761955608,2.1309903450832643,114.52113900486154,114.821252803471,0.0
6.422,1.309320555544933,-0.40847309213182936,1.0838097164768377,0.0,2.4650169010620218,2.140860505209556,114.46981939225729,114.821252803471,0.0
6.423,1.339040154188809,-0.3949215149194685,1.1129838568910975,0.0,2.4719578971965985,2.1506650604827353,114.37253702819052,114.821252803471,0.0
6.424,1.3678178377953567,-0.38011849008541765,1.166112196677288,0.0,2.477692432285413,2.1628672866041114,114.21549436065249,114.821252803471,0.0
6.425,1.3973524251787195,-0.36511339064266046,1.2506911148744912,0.0,2.482571205787121,2.180234113449957,113.99418043885481,114.821252803471,0.0
6.426,1.4301013421491124,-0.3512595162649433,1.3696187994194897,0.0,2.4873249094361216,2.2052813560864575,113.71861054456423,114.821252803471,0.0
6.4270000000000005,1.4689636922123201,-0.3399480106749415,1.518430169153849,0.0,2.4930022401127494,2.239531849312288,113.41546872365961,114.821252803471,0.0
6.428,1.5166756772503642,-0.3323308692716146,1.68405892040427,0.0,2.500812116545832,2.2827963803698488,113.18302338420891,114.821252803471,0.0
6.429,1.574973817839602,-0.3291246884640572,1.8166638843222438,0.0,2.511890949966564,2.3295100288689987,113.16956888342767,114.821252803471,0.0
6.43,1.6426171430188405,-0.3293571017023569,1.8399079739132953,0.0,2.5265908921594256,2.3670332117123185,113.39432671253022,114.821252803471,0.0
6.431,1.7129244432853745,-0.3296981624810831,1.7417983202714313,0.0,2.5436083509706098,2.3841921979165512,113.6559803806363,114.821252803471,0.0
6.432,1.7759497820241963,-0.325622856048926,1.6226242104467394,0.0,2.560188268205775,2.382979261578576,113.6280501071406,114.821252803471,0.0
6.433,1.8254337406668333,-0.31446498919482696,1.6485213741578928,0.0,2.573802287793996,2.382773057641087,113.07238544665452,114.821252803471,0.0
6.434,1.865756995460014,-0.29832960705289335,1.943842377969094,0.0,2.584370971662576,2.412234496397466,112.28445674321698,114.821252803471,0.0
6.4350000000000005,1.913349134944432,-0.28424837913460477,2.363174690290406,0.0,2.595441349770343,2.4781481011869433,111.57792051024835,114.821252803471,0.0
6.436,1.983437960148719,-0.2782262959168549,2.7488761297069484,0.0,2.6114744336715106,2.5695773691432287,112.2578923095259,114.821252803471,0.0
6.437,2.0816744042280986,-0.2826542630500941,2.4345238350076226,0.0,2.6355944331950236,2.6049261312862226,114.04289536476217,114.821252803471,0.0
6.438,2.1734019803789604,-0.2858898732645783,1.549805881776574,0.0,2.6611489464327467,2.535868896323045,114.1715937609973,114.821252803471,0.0
6.439,2.21271888739134,-0.2681796690271817,1.4919532740837496,0.0,2.6752618062821196,2.475348644856204,111.5240908880805,114.821252803471,0.0
6.44,2.2195920024647826,-0.23447022843646773,2.8486763296960564,0.0,2.678380418577268,2.571746893127312,108.77437971920237,114.821252803471,0.0
6.441,2.2770813723562178,-0.21618069681280278,4.284000644977803,0.0,2.6891522403973163,2.7968805223883693,111.52699146060245,114.821252803471,0.0
6.442,2.4296714485033593,-0.2355347455288953,2.940637387706452,0.0,2.7236720836364716,2.8222447547753866,119.53363583968614,114.821252803471,0.0
6.4430000000000005,2.5474889702089287,-0.26540191276762004,-1.109808632197547,0.0,2.7603682136995125,2.4049750920047535,116.30536876545636,114.821252803471,0.0
6.444,2.433382211059794,-0.2243939535755354,0.4894837452974876,0.0,2.7468582172956695,2.2632585489644397,109.93803044686554,114.821252803471,0.0
6.445,2.2896330782360326,-0.16217342878586943,3.7219851281589547,0.0,2.7140933880932367,2.488616225946708,109.5790727079707,114.821252803471,0.0
6.446,2.2908136438249227,-0.16160822884114068,3.95388579856138,0.0,2.7077008427632503,2.6797783586831416,114.97948368986543,114.821252803471,0.0
6.447,2.3765802247012906,-0.2111271767964768,1.2520979987500669,0.0,2.726516501514441,2.542246840689154,119.35117708117822,114.821252803471,0.0
6.448,2.3721583044520935,-0.2346763706451974,-0.9790479396834,0.0,2.7317926644349186,2.2032859421762896,117.75228460461878,114.821252803471,0.0
6.449,2.2119409746861516,-0.19489535933766888,-0.2089120194151568,0.0,2.698033718029747,2.0233548474923637,113.03125514327776,114.821252803471,0.0
6.45,2.015154020612697,-0.1344636381729135,2.169502687857285,0.0,2.643407877581652,2.132009617884019,110.47638224912316,114.821252803471,0.0
6.4510000000000005,1.9242540400703874,-0.11944914910816101,3.490387840478063,0.0,2.6040628216320574,2.353880675226182,111.64989629189417,114.821252803471,0.0
6.452,1.960876712959658,-0.16557332123001928,2.935344384208329,0.0,2.5960631808356895,2.470428995700046,114.77649359875127,114.821252803471,0.0
6.453,2.0410890126259633,-0.23609833419644405,1.3724933228269727,0.0,2.6078148458714345,2.399702211623235,117.39711825598569,114.821252803471,0.0
6.454,2.066489907116935,-0.2842673904216584,0.036422339684617944,0.0,2.615912012051032,2.2038919995284902,118.03677515243895,114.821252803471,0.0
6.455,1.9940559501280424,-0.2882778859929504,-0.3155613320316919,0.0,2.6035779043537866,2.011336775417496,116.44428655931826,114.821252803471,0.0
6.456,1.8526638251349745,-0.2581413265356652,0.4644526269701812,0.0,2.5698665585191502,1.9409538293345947,114.42828633914421,114.821252803471,0.0
6.457,1.7174893636978554,-0.22856171959192356,1.4763824017004739,0.0,2.5295356614904496,1.9912054484149866,113.31165411121785,114.821252803471,0.0
6.458,1.6419437398319843,-0.22692597050034374,2.0497945025861855,0.0,2.498378879742022,2.092313123245469,113.42555904017053,114.821252803471,0.0
6.4590000000000005,1.6330655134280982,-0.25759640674321954,2.006798975742851,0.0,2.483838649129118,2.1699518721222053,114.43694186766295,114.821252803471,0.0
6.46,1.6616742448589896,-0.3065882460820915,1.5049506713547185,0.0,2.4835987144300242,2.1803636221142786,115.61568042377105,114.821252803471,0.0
6.461,1.686189339412694,-0.35331227975768587,0.9076371170976674,0.0,2.489073673510974,2.1266136226262433,116.58660430396056,114.821252803471,0.0
6.462,1.677528845147295,-0.3832267907817639,0.40452166199802053,0.0,2.4914494926109176,2.030614359791446,116.91732080937031,114.821252803471,0.0
6.463,1.6251225428526657,-0.3902155425785776,0.2182027292341504,0.0,2.4844574211047967,1.9346667654068501,116.59146351235393,114.821252803471,0.0
6.464,1.5408585367364758,-0.37981382130671826,0.36342927065351316,0.0,2.467355720452956,1.8741978098437033,115.95955054303322,114.821252803471,0.0
6.465,1.4498080029801255,-0.36456670219104803,0.6680027779182454,0.0,2.444344128419978,1.8592893188086512,115.42980215103987,114.821252803471,0.0
6.466,1.3747935387177526,-0.35655904763296037,0.9267914804392323,0.0,2.4214144756765608,1.8763326256097657,115.19424159971646,114.821252803471,0.0
6.4670000000000005,1.3262597769680724,-0.3614513874722532,1.040841868138479,0.0,2.4031003528155,1.9039248612279756,115.27180446375604,114.821252803471,0.0
6.468,1.3019552486549886,-0.37809878353179327,0.9975549195158395,0.0,2.391159155970521,1.9232125532697166,115.55050017472324,114.821252803471,0.0
6.469,1.2914485176092279,-0.40097868028957406,0.8509145903197177,0.0,2.384691162696976,1.924592484829343,115.88572870782166,114.821252803471,0.0
6.47,1.2825388315826614,-0.42371272233253127,0.6726555647270032,0.0,2.381279907563896,1.9079205325348787,116.14759636191567,114.821252803471,0.0
6.471,1.2662884837103336,-0.4413978335170793,0.5284583020955471,0.0,2.378260604524548,1.880193982728711,116.26545725430816,114.821252803471,0.0
6.472,1.2394119956117902,-0.4521453114661856,0.4550858113909326,0.0,2.3737759482710743,1.8511030664601482,116.25702599256634,114.821252803471,0.0
6.473,1.2040022922504496,-0.45701659790809585,0.44494371037088887,0.0,2.367259032745209,1.8277171724766974,116.14084976737112,114.821252803471,0.0
6.474,1.1649421764762633,-0.4585543369007888,0.48983585332949686,0.0,2.3591756577983642,1.8150002487762005,116.00595537907672,114.821252803471,0.0
6.4750000000000005,1.1280568171387664,-0.4599598349263083,0.5454360217206389,0.0,2.3507681553690336,1.81208056541389,115.92901754194268,114.821252803471,0.0
6.476,1.0972266198962464,-0.4633959753513318,0.5728272929029419,0.0,2.3432733553129026,1.8140916063943227,115.94226528983037,114.821252803471,0.0
6.477,1.0731014067367861,-0.4692192461152165,0.5549932940955034,0.0,2.3373353377402055,1.8152618821655726,115.96299951405685,114.821252803471,0.0
6.478,1.0535715480631522,-0.4761996432310591,0.5332087148764084,0.0,2.332817760477006,1.8154103971989066,115.98999237730408,114.821252803471,0.0
6.479,1.0369223261265144,-0.48337887648754374,0.5080248875144626,0.0,2.329486704130515,1.8141760436112588,116.01362957320248,114.821252803471,0.0
6.48,1.0217218988373051,-0.48994073926253473,0.4842825218679465,0.0,2.3270153306325927,1.811877752582675,116.02079952989055,114.821252803471,0.0
6.481,1.0070741552304727,-0.4953625236860811,0.46870207625971405,0.0,2.3250920430404456,1.809544975470577,115.98245236378415,114.821252803471,0.0
6.482,0.9928087391698251,-0.4995149563377786,0.476263663709785,0.0,2.3235303562437535,1.8096634447166675,115.9159427743615,114.821252803471,0.0
6.4830000000000005,0.979887992513944,-0.5029601561013457,0.4985715587122055,0.0,2.322474132698815,1.8132707789057854,115.97972770481017,114.821252803471,0.0
6.484,0.9695193541183426,-0.5063035866186147,0.4550943444744757,0.0,2.322217590286546,1.81241752756228,116.00677097384202,114.821252803471,0.0
6.485,0.9591721229684156,-0.5080932050887339,0.42971752825484044,0.0,2.322064800707695,1.810301778512653,115.98161506071203,114.821252803471,0.0
6.486,0.9484066798289692,-0.5080670632811484,0.4306918622474265,0.0,2.3216949433982284,1.8098239967453225,115.91861946086372,114.821252803471,0.0
6.487,0.9382014833638659,-0.5067732858685567,0.4512159955976527,0.0,2.3211722395456684,1.8126198359321453,115.84389478751953,114.821252803471,0.0
6.488,0.9300099203697243,-0.5050353443566338,0.47835191242926367,0.0,2.3208031542048593,1.818662550297709,115.7772057944078,114.821252803471,0.0
6.489,0.9248926418888495,-0.5034477195459537,0.5021368790757583,0.0,2.320917989520633,1.8268900568583888,115.72233395870036,114.821252803471,0.0
6.49,0.9231592047036916,-0.5021642520117822,0.520561985377187,0.0,2.3217187867802456,1.8362347136268282,115.66743476581014,114.821252803471,0.0
6.4910000000000005,0.9245606477449108,-0.5010086466907884,0.5395497621989047,0.0,2.3232596880807725,1.8464578957253743,115.58687816482477,114.821252803471,0.0
6.492,0.9288051697697943,-0.4997568395303815,0.5721718090780545,0.0,2.3255426747266665,1.8587585141402831,115.407800819661,114.821252803471,0.0
6.493,0.9362015072646177,-0.49848066959048654,0.6558450014980353,0.0,2.328699563927678,1.8781640481715147,115.12882307610302,114.821252803471,0.0
6.494,0.9487526900679324,-0.499001223287766,0.792258170550709,0.0,2.333551340217812,1.9088067676579028,115.07582339666853,114.821252803471,0.0
6.495,0.9696508618642309,-0.5034919543544927,0.81621230433598,0.0,2.3414709857079368,1.9359679287809577,115.16168597548143,114.821252803471,0.0
6.496,0.9952838714739198,-0.5091428664981629,0.7698766832094219,0.0,2.3518914757864913,1.953257829339844,115.28554561945239,114.821252803471,0.0
6.497,1.0201223536464084,-0.5125338081528119,0.7033039330641281,0.0,2.3633154013736544,1.9605252396031028,115.35936661829173,114.821252803471,0.0
6.498,1.0401027644963388,-0.5112613809539939,0.6610122954962518,0.0,2.3741497990200107,1.9622724883959712,115.33944018006719,114.821252803471,0.0
6.4990000000000006,1.0543100644181582,-0.504845336602423,0.6657936408425622,0.0,2.3833824411743336,1.9645143175550603,115.230625850084,114.821252803471,0.0
6.5,1.064800584325165,-0.49457114152607545,0.7161070753680272,0.0,2.39085000101425,1.9719300081674587,115.07045589591179,114.821252803471,0.0
6.501,1.0751984478236163,-0.4826275903017603,0.7937000215297213,0.0,2.3971013252475037,1.9863441156493802,114.90406993097785,114.821252803471,0.0
6.502,1.0889867197370366,-0.4710885781795688,0.8760648327216214,0.0,2.4030190719844264,2.0068134133004367,114.76406737463326,114.821252803471,0.0
6.503,1.108292774395416,-0.46120678407535753,0.9466379651822978,0.0,2.4094203665825216,2.0307811690255466,114.66425391282148,114.821252803471,0.0
6.5040000000000004,1.1335159208898817,-0.453213259382506,0.9981146849946817,0.0,2.416797837518146,2.0553675009249037,114.6034125730338,114.821252803471,0.0
6.505,1.1636387590849415,-0.4465219569946721,1.0307137571928968,0.0,2.4252400865344113,2.0782427967350547,114.57201530835543,114.821252803471,0.0
6.506,1.196856666117135,-0.4401180650162075,1.048904764483233,0.0,2.4344881251363106,2.097997066554181,114.55793716197745,114.821252803471,0.0
6.507000000000001,1.2312129666048381,-0.4329426044613509,1.05857699408716,0.0,2.4440615251186846,2.1141357344517893,114.54937964332143,114.821252803471,0.0
6.508,1.265065373447786,-0.42416991955153355,1.0655744850166653,0.0,2.45339821115805,2.1269106755162315,114.53372672761493,114.821252803471,0.0
6.509,1.2973497153227684,-0.4133549484435017,1.076276203628474,0.0,2.461976802727138,2.1372362516783516,114.49632019764324,114.821252803471,0.0
6.51,1.3277265668384217,-0.40049810631914684,1.0982287946725968,0.0,2.46942398983293,2.1466762869619327,114.41922148736413,114.821252803471,0.0
6.511,1.3566746382178014,-0.3860566151194435,1.140798462973224,0.0,2.475610466145778,2.1574996556937873,114.28614489131654,114.821252803471,0.0
6.5120000000000005,1.3855719921026055,-0.3709358441387694,1.2126878401185621,0.0,2.48074176180465,2.172452241773188,114.08896777394935,114.821252803471,0.0
6.513,1.416641469031993,-0.3564126627910451,1.3185992490973735,0.0,2.48540884426713,2.194225391103366,113.83078136349883,114.821252803471,0.0
6.514,1.452685697020749,-0.3439181497911099,1.457597168722355,0.0,2.490557368799866,2.224864420506266,113.53297434447946,114.821252803471,0.0
6.515000000000001,1.4966407134128261,-0.3347276839698503,1.6193834628219572,0.0,2.4973689377092785,2.264886303053614,113.25072287327251,114.821252803471,0.0
6.516,1.5507213972867409,-0.32979655448716516,1.7762144977274161,0.0,2.5070510183976014,2.3117113800735627,113.13985894708703,114.821252803471,0.0
6.517,1.6153142405301804,-0.32901563824000046,1.8484603993839923,0.0,2.520410809226726,2.3546364903754795,113.2859551329991,114.821252803471,0.0
6.518,1.6858459831767596,-0.32990913041263237,1.7907652831326755,0.0,2.5368332253045907,2.380423583667217,113.57393968364012,114.821252803471,0.0
6.519,1.7529360510777414,-0.3281004199071187,1.6592461390104776,0.0,2.5539842160265107,2.3847094645039966,113.69807417279888,114.821252803471,0.0
6.5200000000000005,1.8078173496796643,-0.31974198264372067,1.6084106807378171,0.0,2.5689473547659976,2.3806391051933176,113.35429515748994,114.821252803471,0.0
6.521,1.8501925530589671,-0.3048856478869192,1.7949697648520975,0.0,2.5804565312498524,2.395389490137247,112.54092073281744,114.821252803471,0.0
6.522,1.8924371699394886,-0.288864645309478,2.2244602978948844,0.0,2.5906760816437657,2.450970966205671,111.58341513472155,114.821252803471,0.0
6.523000000000001,1.9536523321602073,-0.27971473745578845,2.7355914736303255,0.0,2.604585544766999,2.547634552031639,111.9042484170476,114.821252803471,0.0
6.524,2.0479450801005004,-0.28264082854178485,2.6043448763315347,0.0,2.6271837892585004,2.606714237475887,113.72417567075661,114.821252803471,0.0
6.525,2.147896337146519,-0.28890252979634656,1.705352020804173,0.0,2.6540897040724194,2.5545173198941806,114.65748122789815,114.821252803471,0.0
6.526,2.200741539500058,-0.2767532591641878,1.2403369579891328,0.0,2.6716862988646928,2.463255497509226,112.31506061783871,114.821252803471,0.0
6.527,2.2027131562246036,-0.24213594083386591,2.4366091848751728,0.0,2.6747106396292297,2.519431186611445,109.1882924505639,114.821252803471,0.0
6.5280000000000005,2.237735407285896,-0.21607877870722436,4.056322872041646,0.0,2.6805300005769075,2.7326647927498495,110.36338350728417,114.821252803471,0.0
6.529,2.3692661605156564,-0.22636675080278368,3.5133560366433834,0.0,2.7084830345954356,2.8351153252590477,115.09703096247536,114.821252803471,0.0
6.53,2.5163435451663445,-0.24886838860837313,1.1437745274577449,0.0,2.7462581189006907,2.6600286054834634,118.99600442120119,114.821252803471,0.0
6.531,2.528958625871478,-0.25813497759841464,-0.8474597180824741,0.0,2.7635413312087103,2.3109712291673374,114.47055960178379,114.821252803471,0.0
6.532,2.377715655621556,-0.20034742394040672,1.4187696236430989,0.0,2.7377411878620332,2.2845083592933833,109.52795455781501,114.821252803471,0.0
6.533,2.259144321931931,-0.1503275134973603,3.9430051280840503,0.0,2.706950457250474,2.5246457911467663,110.79222753613492,114.821252803471,0.0
6.534,2.284068837562112,-0.16565686820081182,3.3511588915974566,0.0,2.7054389710072186,2.6434175556395036,115.97848153333501,114.821252803471,0.0
6.535,2.353831825834609,-0.21390431793346731,0.7464596056987678,0.0,2.721109735761121,2.4621378524209794,119.17755557059705,114.821252803471,0.0
6.5360000000000005,2.318404963963572,-0.2271150919082111,-0.8966404406035111,0.0,2.7180561643576753,2.1504537684539735,116.80822522844645,114.821252803471,0.0
6.537,2.1492581983975123,-0.1836585654689591,0.2681550062220368,0.0,2.679227216049808,2.032443110950711,112.57489304684637,114.821252803471,0.0
6.538,1.9745273488260666,-0.13334502732495745,2.407284694588321,0.0,2.627380172890954,2.163535861416224,110.81893114730404,114.821252803471,0.0
6.539,1.909519248348566,-0.13170171821491172,3.3252888609211544,0.0,2.5941494804738725,2.3613273764890597,112.29068934928509,114.821252803471,0.0
6.54,1.9537378065228599,-0.18309794992699835,2.6147153944724906,0.0,2.589691027385211,2.443159425436274,115.16327346919304,114.821252803471,0.0
6.541,2.0234723742231284,-0.24990482453085827,1.175003127861292,0.0,2.6006964183894423,2.3578711926518694,117.38325122109663,114.821252803471,0.0
6.542,2.0345121932706167,-0.2916158668908712,0.03939426773324328,0.0,2.6059925929283723,2.171175435880133,117.78085996895784,114.821252803471,0.0
6.543,1.9557276032769697,-0.2922794548834402,-0.18900617785223162,0.0,2.5917454585918183,1.9986876149161192,116.2381609248432,114.821252803471,0.0
6.5440000000000005,1.8188600999485154,-0.2635971901944101,0.5681742629913669,0.0,2.5585125705967986,1.941865295029694,114.46606573325951,114.821252803471,0.0
6.545,1.6929890893444284,-0.23805492123022037,1.4577737294853257,0.0,2.5203979124734683,1.990163191371475,113.53361825587774,114.821252803471,0.0
6.546,1.6231381989014124,-0.23899770428193334,1.9368738136521437,0.0,2.4912836386219794,2.0800497347028455,113.6856383193804,114.821252803471,0.0
6.547,1.6131167519052985,-0.2689997690088858,1.8722199267417192,0.0,2.477360245778224,2.1465371181792583,114.5908723278501,114.821252803471,0.0
6.548,1.6356450857270861,-0.3148885314707421,1.421906727263083,0.0,2.47622567379002,2.1535171797597505,115.67098825772798,114.821252803471,0.0
6.549,1.6540862172287776,-0.35833037230113407,0.8733514077815676,0.0,2.4802222800254112,2.1020445837082247,116.51452146268616,114.821252803471,0.0
6.55,1.6420516386385695,-0.3861147374352089,0.43465211871032716,0.0,2.4812938277885537,2.0148557542423084,116.78457060719343,114.821252803471,0.0
6.551,1.591248433160396,-0.3932880065110102,0.27999436841946856,0.0,2.4740505537757884,1.9293356096747136,116.50380050673942,114.821252803471,0.0
6.5520000000000005,1.5129038950714973,-0.3852028545617564,0.40355394161378744,0.0,2.458018493302363,1.8748911498518814,115.96662595654772,114.821252803471,0.0
6.553,1.4288536517356736,-0.37286970261981983,0.6606874851788742,0.0,2.4368693976998785,1.8597991054102592,115.51272201524984,114.821252803471,0.0
6.554,1.3587887119862132,-0.3666940814516875,0.8807247637100262,0.0,2.4157700204044033,1.8726007619944087,115.30633465050612,114.821252803471,0.0
6.555,1.3117931901109947,-0.3716996975980915,0.9790676276115344,0.0,2.398673120484678,1.8950985154432296,115.36689076556608,114.821252803471,0.0
6.556,1.286148737802451,-0.38695901295597246,0.9433331904606002,0.0,2.3871641544297084,1.9110735213647656,115.6058856121231,114.821252803471,0.0
6.557,1.2730019158104795,-0.40781675809931905,0.8159894390955691,0.0,2.38054534438458,1.911839367706038,115.89782198566706,114.821252803471,0.0
6.558,1.2617941985468784,-0.42867060847428845,0.6592555605016275,0.0,2.376750346067904,1.897000839956064,116.13394135831471,114.821252803471,0.0
6.559,1.244640071830437,-0.44519597855822335,0.5280689886293652,0.0,2.373460247013382,1.8721783577955822,116.24498443259101,114.821252803471,0.0
6.5600000000000005,1.2184042331069707,-0.45557456688847375,0.4583101352000172,0.0,2.3689933006637514,1.845861906779608,116.24519443559605,114.821252803471,0.0
6.561,1.1847242921350525,-0.46063046197346713,0.4439657173762481,0.0,2.3627937664235343,1.8242925439236237,116.14413818461273,114.821252803471,0.0
6.562,1.1477590524573476,-0.4625291203772174,0.4812649890564906,0.0,2.355215542795302,1.8122359049471086,116.0242940228868,114.821252803471,0.0
6.563,1.1127094451454689,-0.4641379297365949,0.5291566577252935,0.0,2.3473474600777355,1.8090080027497173,116.00097880382725,114.821252803471,0.0
6.564,1.0830828348961214,-0.4674265652982847,0.5290170072515084,0.0,2.340289057230379,1.8077302353158131,115.96232793070816,114.821252803471,0.0
6.565,1.0584392234502942,-0.472078565691753,0.5369316925386847,0.0,2.3342875516120336,1.8091609473834391,115.9382998687445,114.821252803471,0.0
6.566,1.038670574535787,-0.47804635859281275,0.5377752528677808,0.0,2.3296392049774655,1.8117901977319335,115.942050258436,114.821252803471,0.0
6.567,1.0229749359217195,-0.4848851319888101,0.5246920834723787,0.0,2.3264112051857526,1.8137729379037397,115.96692559029336,114.821252803471,0.0
6.5680000000000005,1.0099243563460356,-0.4917820709510178,0.5007976896754758,0.0,2.3243945549422755,1.8140156598226729,115.98449588194715,114.821252803471,0.0
6.569,0.9979885507899362,-0.49786276063891977,0.4803801130638157,0.0,2.3232037483910863,1.8132078878514655,115.93455402296172,114.821252803471,0.0
6.57,0.9863756811896085,-0.5026432580576563,0.4942180303616255,0.0,2.322516293117077,1.8152462166916106,116.00719361205078,114.821252803471,0.0
6.571,0.9762267415466832,-0.5067141650867729,0.44603882773129544,0.0,2.322501411053499,1.8125741303227438,116.03414747406403,114.821252803471,0.0
6.572,0.965167914229573,-0.5087072914418925,0.42043295001874337,0.0,2.3223993433881636,1.808947891470782,116.00233777333368,114.821252803471,0.0
6.573,0.9531368409951886,-0.5085723657189785,0.4245269506852911,0.0,2.3219100855110937,1.8075932983705398,115.93174855371053,114.821252803471,0.0
6.574,0.9415409525275598,-0.5071016663961037,0.44871660299446803,0.0,2.321173866443421,1.8101003975390542,115.85297062037206,114.821252803471,0.0
6.575,0.9321312033881975,-0.5052899297788669,0.47778839149469343,0.0,2.3205773951646984,1.8161582786165364,115.78740301793466,114.821252803471,0.0
6.5760000000000005,0.9260609166220654,-0.5037852452111473,0.5009106905687555,0.0,2.3204989611853195,1.8243770935244235,115.73783921850897,114.821252803471,0.0
6.577,0.9235608502839504,-0.5026970693391589,0.5165267261312249,0.0,2.3211455995944257,1.833467028894246,115.69107354993403,114.821252803471,0.0
6.578,0.9242225665332672,-0.5017630119400068,0.5312113529540619,0.0,2.3225447031444175,1.843073993712079,115.62506495839972,114.821252803471,0.0
6.579,0.92758157436857,-0.5006767831859598,0.5561775271719311,0.0,2.324654448232238,1.854096731599474,115.4940689427138,114.821252803471,0.0
6.58,0.9336945234786898,-0.4993818678864217,0.6149473736224648,0.0,2.327523914204609,1.8698043572505325,115.20020214484826,114.821252803471,0.0
6.581,0.9438614816369195,-0.4988202353087046,0.7580912791414587,0.0,2.331628365714294,1.8983290621700022,115.08708099642969,114.821252803471,0.0
6.582,0.962046288314041,-0.5022630622849452,0.8119935714211574,0.0,2.338559169858122,1.9270108956911687,115.13672629534373,114.821252803471,0.0
6.583,0.9863214149302901,-0.5077820335485391,0.7840161870454081,0.0,2.348237735508916,1.947412675209455,115.25542669931114,114.821252803471,0.0
6.5840000000000005,1.0114939069020923,-0.5120691231786206,0.720324246103302,0.0,2.359405012693133,1.9574895708303828,115.34894392598578,114.821252803471,0.0
6.585,1.0328951288938208,-0.512327311772672,0.6682887215408366,0.0,2.370448781570066,1.9604861068158184,115.35883699090624,114.821252803471,0.0
6.586,1.048607925655959,-0.5074688030046745,0.6579663472062534,0.0,2.380150809307429,1.9621578647353048,115.27553988829709,114.821252803471,0.0
6.587,1.0598417964408442,-0.4982784978148695,0.6950720276625681,0.0,2.3880874615798047,1.9677389004114032,115.12809740804806,114.821252803471,0.0
6.588,1.0698516869666492,-0.4867357633319508,0.7657248217413105,0.0,2.394610754451331,1.9799674990412393,114.96103021250238,114.821252803471,0.0
6.589,1.0822625350834887,-0.475007909420508,0.8478606454238387,0.0,2.4005299413132577,1.9986888853719407,114.81153218003838,114.821252803471,0.0
6.59,1.0996625422954474,-0.46462501833847003,0.9227068678901625,0.0,2.4067045086421537,2.0217518856780874,114.69891218054718,114.821252803471,0.0
6.591,1.1229735711422926,-0.45612547537463743,0.9802402738650013,0.0,2.4137367984535723,2.0463160420180446,114.62598766734904,114.821252803471,0.0
6.5920000000000005,1.1515796682636117,-0.4491521335891093,1.0186551818252938,0.0,2.421840202751074,2.0698637571261553,114.58532547092392,114.821252803471,0.0
6.593,1.1838838808253993,-0.44279897448765726,1.0413455533633234,0.0,2.4308589240463334,2.090711430532202,114.56544993073744,114.821252803471,0.0
6.594,1.2179545962863783,-0.4360044336769759,1.0538413521838967,0.0,2.4403766726545113,2.108099106306963,114.55476840470963,114.821252803471,0.0
6.595,1.2520440950983462,-0.4278621702699173,1.0618469591854152,0.0,2.449853710412678,2.1220463104323204,114.5418404543535,114.821252803471,0.0
6.596,1.2849030239531052,-0.4178030785036529,1.0711050578546548,0.0,2.458752687347345,2.1332112455186563,114.51355889720442,114.821252803471,0.0
6.597,1.3159412256946463,-0.40567477861138257,1.0883227754918634,0.0,2.466644738026691,2.1428653398402027,114.45339579155157,114.821252803471,0.0
6.598,1.345325170778685,-0.39176523376924494,1.1220828984374813,0.0,2.473304226136545,2.152962814203348,114.34361030958591,114.821252803471,0.0
6.599,1.374070568272954,-0.3768037414365734,1.1817520643591617,0.0,2.4788008441635574,2.166074342689562,114.17233211159119,114.821252803471,0.0
6.6000000000000005,1.404067593916901,-0.3619245561050051,1.2738803702753216,0.0,2.4835718577733426,2.1849495832755257,113.93742570943347,114.821252803471,0.0
6.601,1.4379025014572415,-0.3485164680511575,1.4001718422945566,0.0,2.4884271962481375,2.2119633104538274,113.65328650944045,114.821252803471,0.0
6.602,1.4785070035475827,-0.3379342000244386,1.5539211052313726,0.0,2.4944684049908834,2.248282556810102,113.35200113105113,114.821252803471,0.0
6.603,1.5284484719561127,-0.33125978069726675,1.719256311150233,0.0,2.50290905404926,2.2931358629226963,113.15808014839453,114.821252803471,0.0
6.604,1.5891021031996593,-0.3289883754422223,1.8328485290292942,0.0,2.5148078584282754,2.3390172104846707,113.20291535983701,114.821252803471,0.0
6.605,1.6580945043291138,-0.32960844086983576,1.8266142977443964,0.0,2.5301958383751755,2.3726959882964165,113.46063133053568,114.821252803471,0.0
6.606,1.7276407533123253,-0.32935361750077385,1.711362527124415,0.0,2.5473786668836857,2.3849701704894684,113.6861633506286,114.821252803471,0.0
6.607,1.7879061537532137,-0.3238055135995471,1.6099474116063752,0.0,2.5634628875652066,2.3817983407546173,113.55534224036518,114.821252803471,0.0
6.6080000000000005,1.8345307024358655,-0.3111704054415564,1.6880170723691466,0.0,2.576287122346723,2.3856278835498057,112.88807219023599,114.821252803471,0.0
6.609,1.8746970428499352,-0.2947309049341773,2.0409839035660915,0.0,2.586529893955376,2.4244504984089414,112.25515699232808,114.821252803471,0.0
6.61,1.9261502168133477,-0.2828567410855578,2.3831024606314735,0.0,2.598488886870801,2.489260316176417,111.44269047512257,114.821252803471,0.0
6.611,1.9989790086594892,-0.2776029457626604,2.8231213425177115,0.0,2.6152737864243996,2.586269307532079,112.2435781273716,114.821252803471,0.0
6.612,2.101844163106387,-0.2834248058317649,2.44845426315419,0.0,2.6407740377190354,2.619055443087987,114.23171496395729,114.821252803471,0.0
6.613,2.1955858847933225,-0.2873398257458648,1.4602812232564863,0.0,2.667375311029658,2.536877688781562,114.24970480332752,114.821252803471,0.0
6.614,2.230266792932274,-0.2676356298194096,1.4570017835728057,0.0,2.680892069827525,2.472221346592198,111.35107284930419,114.821252803471,0.0
6.615,2.231992572565554,-0.23138963180911254,2.9410195601261386,0.0,2.6828015007048007,2.5788140376409894,108.56473102440455,114.821252803471,0.0
6.6160000000000005,2.290774422915456,-0.21262582629764903,4.396755690366621,0.0,2.6934776989730684,2.8137804534913924,111.68963670033261,114.821252803471,0.0
6.617,2.4486779996523085,-0.23391544614991278,2.8656190134339745,0.0,2.729112415238416,2.8265538768810323,118.54135551490518,114.821252803471,0.0
6.618,2.559647550831179,-0.27137166421200765,-0.5974414209666494,0.0,2.7663682900044986,2.4653605336811926,116.66308421726745,114.821252803471,0.0
6.619,2.470238920023522,-0.23890948414252544,0.323275913714248,0.0,2.759833840985726,2.2908662683374814,111.5370846835235,114.821252803471,0.0
6.62,2.326970663568815,-0.179946510907125,2.9191173617856983,0.0,2.7303421050792593,2.4243687924692545,110.1762867818833,114.821252803471,0.0
6.621,2.2862276773592107,-0.16342995724723475,3.645965972821674,0.0,2.7159226040063835,2.5986158692489574,114.0869571313193,114.821252803471,0.0
6.622,2.3346501197426672,-0.19614215392424428,1.6979737548251963,0.0,2.724133267889836,2.5267147596291535,118.10661265528162,114.821252803471,0.0
6.623,2.3337395856909717,-0.2199208332199647,-0.3447076056740741,0.0,2.726621287178721,2.2581941830542425,117.88556036413928,114.821252803471,0.0
6.6240000000000006,2.208154106804871,-0.19567650527888492,-0.26482453570958575,0.0,2.699103784014751,2.0597937147037495,114.07233626061391,114.821252803471,0.0
6.625,2.0276943308264124,-0.14449815060287408,1.6492766814816708,0.0,2.649110808597178,2.106828566632073,111.37308466735124,114.821252803471,0.0
6.626,1.9204718037300363,-0.12399348376324781,3.033384159474205,0.0,2.607076886108596,2.287261326453889,111.69650559632701,114.821252803471,0.0
6.627,1.9265891721035053,-0.15717249068951722,2.9029211670577553,0.0,2.591144369281339,2.415510278306886,114.12739072718355,114.821252803471,0.0
6.628,1.9903660955385702,-0.22044297622241582,1.6944172223923608,0.0,2.596257962661465,2.3907559914087053,116.49173569644603,114.821252803471,0.0
6.6290000000000004,2.0254517129232084,-0.2726821127398166,0.4955399088313728,0.0,2.6034983681753445,2.2459753788153414,117.69847920136039,114.821252803471,0.0
6.63,1.9835877390286485,-0.29074304555550423,-0.13660410760469976,0.0,2.5970009831230514,2.0638056926625916,116.82371314952739,114.821252803471,0.0
6.631,1.8690151820998402,-0.273630614662952,0.2807543148512326,0.0,2.570873391234375,1.9636184447776242,115.12350455884825,114.821252803471,0.0
6.632000000000001,1.7394979943971354,-0.2472303372505783,1.1278360926370294,0.0,2.534606927539634,1.9729437389021742,113.90033745262217,114.821252803471,0.0
6.633,1.6492097342159493,-0.23857373042071373,1.7486287992585605,0.0,2.5022114156496604,2.0461627739382076,113.65236234078431,114.821252803471,0.0
6.634,1.6166659546465874,-0.25775113768684,1.8843052598043577,0.0,2.482573439319861,2.1202137710262816,114.30644319637285,114.821252803471,0.0
6.635,1.6264479814733872,-0.29736866933597694,1.5624129280810661,0.0,2.4764705147405914,2.1467294889309065,115.32493047495439,114.821252803471,0.0
6.636,1.6447673887926808,-0.3409653881101007,1.0481325120754665,0.0,2.4780289181583743,2.114714105606905,116.18118384398993,114.821252803471,0.0
6.6370000000000005,1.6418316581388344,-0.3736673506233599,0.6064065171525062,0.0,2.4793911915906963,2.0431151701207275,116.62646394138761,114.821252803471,0.0
6.638,1.6049611595038893,-0.3883207972531332,0.3657143570744974,0.0,2.4747422036353113,1.960779875410355,116.52969479937357,114.821252803471,0.0
6.639,1.538303300788903,-0.38663995250291583,0.3970145081224914,0.0,2.4619931576156047,1.8990268090638391,116.11274858925549,114.821252803471,0.0
6.640000000000001,1.4593669313169575,-0.3774296837605077,0.5925726553236885,0.0,2.443347388449055,1.8713889614864199,115.67421852617586,114.821252803471,0.0
6.641,1.3872175012770058,-0.3705735278280068,0.8033080296364523,0.0,2.423140336976267,1.873022705062156,115.41273579882547,114.821252803471,0.0
6.642,1.333518552438726,-0.37237610327021387,0.9281345633581066,0.0,2.405384209866299,1.8892813241711044,115.38942208368329,114.821252803471,0.0
6.643,1.3000550660515702,-0.3838422034997109,0.9341097281270736,0.0,2.3922728026490456,1.904691465459735,115.55427617258569,114.821252803471,0.0
6.644,1.2809344288593216,-0.40186815080875227,0.8443524499847257,0.0,2.38388174348408,1.9090850348817054,115.81116611995976,114.821252803471,0.0
6.6450000000000005,1.267042396208348,-0.42169755659229624,0.7060083431327995,0.0,2.3787701223409083,1.8992167796923785,116.04312660864103,114.821252803471,0.0
6.646,1.2502741937835076,-0.43884141158572737,0.5778093607404657,0.0,2.3748703677845615,1.8788113228532517,116.18462426595782,114.821252803471,0.0
6.647,1.2263891963607458,-0.45095214927486477,0.49342681745720207,0.0,2.3704807855958085,1.8545160139974235,116.23216564456287,114.821252803471,0.0
6.648000000000001,1.1953868592862873,-0.4579617382665814,0.45554699974376,0.0,2.364750578152546,1.8320597303966193,116.16814465715616,114.821252803471,0.0
6.649,1.1600037781043353,-0.4612310326429428,0.4740885749102617,0.0,2.357637289585011,1.8172765414162895,116.06128188598531,114.821252803471,0.0
6.65,1.124886234564878,-0.46330231786562603,0.5151196696705451,0.0,2.3499521594069286,1.8110974461267255,115.98210678159712,114.821252803471,0.0
6.651,1.0938769503358254,-0.4663072043147384,0.5430986820833761,0.0,2.342727457374873,1.8104949735959195,115.96762856474352,114.821252803471,0.0
6.652,1.0684383268816529,-0.4710507684658487,0.5388740328974528,0.0,2.3366567214850735,1.8109739323180771,115.9586602625678,114.821252803471,0.0
6.6530000000000005,1.0476296975227524,-0.4769668996332695,0.5319841093943432,0.0,2.331844293843375,1.812116839480494,115.96456504855075,114.821252803471,0.0
6.654,1.0304944478208329,-0.4835249441840237,0.5175985939520711,0.0,2.328289623270997,1.8128274968725022,115.98227216196676,114.821252803471,0.0
6.655,1.0158208317305208,-0.4900360744342913,0.497134843659109,0.0,2.325812129377079,1.8124472093631838,115.99516942744079,114.821252803471,0.0
6.656000000000001,1.002428973383981,-0.4958215420803088,0.47894704468239935,0.0,2.324115646260181,1.8113875490881137,115.98732539837242,114.821252803471,0.0
6.657,0.9896505147706223,-0.5004890604347383,0.47120833326756806,0.0,2.322938417769992,1.810866538127,115.9752893518597,114.821252803471,0.0
6.658,0.9775633531007477,-0.5040476213183974,0.4656859910400404,0.0,2.3221715775463685,1.810951638079652,115.99775936175114,114.821252803471,0.0
6.659,0.9663159445369035,-0.5064964806476736,0.44268592051152145,0.0,2.3217237202577574,1.8095931030041383,115.98483058226711,114.821252803471,0.0
6.66,0.9551411846233734,-0.5074248250439694,0.43751453246557426,0.0,2.321262424480756,1.8091035332323964,115.94019617519797,114.821252803471,0.0
6.6610000000000005,0.944527923734523,-0.5070981869919128,0.4486423022828745,0.0,2.320753087674591,1.810948270519129,115.8802180166323,114.821252803471,0.0
6.662,0.9354985748296075,-0.5060906726050809,0.4680417294340964,0.0,2.3203715980756843,1.8154673554556857,115.82079654304641,114.821252803471,0.0
6.663,0.928963320266958,-0.5049117890771095,0.4877570288312849,0.0,2.320360563886116,1.8220996561137168,115.7685045097432,114.821252803471,0.0
6.664,0.9253461265609405,-0.503787770838551,0.5044305284201717,0.0,2.320902010010345,1.8300370940098278,115.71890695511046,114.821252803471,0.0
6.665,0.9246005132548292,-0.502669851619703,0.5202527642201471,0.0,2.322071324380075,1.8388544891974723,115.65949642687973,114.821252803471,0.0
6.666,0.9265024770431224,-0.5013979868757849,0.5415755921014239,0.0,2.3238767209019544,1.848877692862493,115.56517756186551,114.821252803471,0.0
6.667,0.9310356329689099,-0.4998963306646037,0.5812957770245869,0.0,2.3263514346023566,1.8617554803619802,115.3468210649247,114.821252803471,0.0
6.668,0.9389014898063531,-0.49846675592097595,0.6852183428804569,0.0,2.32972421902298,1.8838073281836127,115.10770757789665,114.821252803471,0.0
6.6690000000000005,0.9528088899387395,-0.49961701324601987,0.8019105386502251,0.0,2.335105733836896,1.9143370300950724,115.08116985035925,114.821252803471,0.0
6.67,0.9747013715805287,-0.5043242830603079,0.8125802319500438,0.0,2.343508364466887,1.9400895586227862,115.1771423019637,114.821252803471,0.0
6.671,1.0004648300955392,-0.5096372301960075,0.7610351111628901,0.0,2.3541833363734344,1.9557153815209096,115.29531908022297,114.821252803471,0.0
6.672,1.0246971738971384,-0.5122475815644922,0.6972060592657362,0.0,2.365587402558316,1.961932451586034,115.3541692405965,114.821252803471,0.0
6.673,1.043816731959772,-0.5100520057594105,0.6624518147077121,0.0,2.376205152278978,1.9636227169318494,115.31841052998591,114.821252803471,0.0
6.674,1.0574285975830435,-0.5028825780476192,0.6753595927478598,0.0,2.3851634722719095,1.9666670191072129,115.1992507596571,114.821252803471,0.0
6.675,1.0679078718454327,-0.49221109302482285,0.7311594983504022,0.0,2.392428221407694,1.9752950333875814,115.03647922375481,114.821252803471,0.0
6.676,1.0789088587011058,-0.48023922498153615,0.8103930020987112,0.0,2.3986191064234035,1.9908390916982794,114.8736552847519,114.821252803471,0.0
6.6770000000000005,1.0937142200774295,-0.46891852302778986,0.8912809467873547,0.0,2.404619750234133,2.0120345916749076,114.740218258686,114.821252803471,0.0
6.678,1.1141585746823164,-0.45932765422959987,0.9588098052681576,0.0,2.4111980911131883,2.0362290756281736,114.64727914155465,114.821252803471,0.0
6.679,1.1403827172405,-0.45154738974239705,1.0070191004529967,0.0,2.4187781258940535,2.060609467024191,114.59208816191969,114.821252803471,0.0
6.68,1.1712102387593888,-0.4449035748380778,1.0369062366859885,0.0,2.427385179341832,2.0829865288509777,114.56461145130163,114.821252803471,0.0
6.681,1.204784950551906,-0.4383593711202638,1.0532110055167125,0.0,2.436715809367595,2.102096299966926,114.55275106858389,114.821252803471,0.0
6.682,1.2391806045629596,-0.4308838099467912,1.0618262142244548,0.0,2.4462674838104723,2.1175650074201093,114.5444771518387,114.821252803471,0.0
6.683,1.2728338779030126,-0.421707972966474,1.0687309291133686,0.0,2.4554762750982806,2.1297574745956704,114.5264528303328,114.821252803471,0.0
6.684,1.3047901914140971,-0.41045912188162514,1.080691089597703,0.0,2.4638378187253336,2.1397194829340243,114.48264069310072,114.821252803471,0.0
6.6850000000000005,1.3348489496544922,-0.3972197108201185,1.1059832793174462,0.0,2.4710155621176,2.1491970837942436,114.39441674268996,114.821252803471,0.0
6.686,1.36366976590798,-0.38254080082394915,1.1543636151306391,0.0,2.476941005267696,2.1606439117444425,114.2468464916016,114.821252803471,0.0
6.687,1.392840585876527,-0.36742590734222563,1.2338928037935097,0.0,2.481902737714777,2.1768824265754088,114.03410717519863,114.821252803471,0.0
6.688,1.4247661407759644,-0.35322361125645657,1.3481339182777206,0.0,2.4865810447656274,2.20054439103537,113.76337310936397,114.821252803471,0.0
6.689,1.462358252015079,-0.34136944120271184,1.4940797481361205,0.0,2.4919957818123355,2.2334037432066927,113.45913862390768,114.821252803471,0.0
6.69,1.5084952202525326,-0.33308303897481595,1.6598181326598995,0.0,2.4993620178269746,2.2755912524708566,113.20149546198402,114.821252803471,0.0
6.691,1.565153359366976,-0.3292163312033358,1.8048372870365958,0.0,2.5098679073339807,2.322820331926053,113.14859873409816,114.821252803471,0.0
6.692,1.6318260157633773,-0.3291643946677108,1.848012191673257,0.0,2.524079069894603,2.362908729540236,113.34891450564807,114.821252803471,0.0
6.6930000000000005,1.7025887348460882,-0.3298927889704161,1.7625776888765314,0.0,2.5409585986992353,2.383462686759923,113.63210181085,114.821252803471,0.0
6.694,1.7674781956780883,-0.3268268154009343,1.632875546201774,0.0,2.5578610293097017,2.3838060969711554,113.67125205986244,114.821252803471,0.0
6.695,1.8189967386538963,-0.3167305614556813,1.6248004291316414,0.0,2.5720276296819637,2.381196022652325,113.19315225094378,114.821252803471,0.0
6.696,1.8596543800799559,-0.3008956372086316,1.8801313391162418,0.0,2.5828756834573925,2.4044736119445025,112.3583002628808,114.821252803471,0.0
6.697,1.9046425290188533,-0.2857864691585242,2.3221868585536334,0.0,2.5934630315414546,2.468038925754254,111.57265727593003,114.821252803471,0.0
6.698,1.9716725880865948,-0.2786526563892639,2.7474943073044313,0.0,2.608714548473968,2.561746282151589,112.13948529118335,114.821252803471,0.0
6.699,2.0687394858908146,-0.2826862548290587,2.4908979748006472,0.0,2.6323266833090346,2.60512232537173,113.94468931465588,114.821252803471,0.0
6.7,2.1633537573102557,-0.28706336866812565,1.5970615979525349,0.0,2.658356355520506,2.5413290387470124,114.34872317959199,114.821252803471,0.0
6.7010000000000005,2.2071193536168017,-0.2712462419956623,1.39976996172327,0.0,2.673620076775999,2.4698862589096504,111.78266457860232,114.821252803471,0.0
6.702,2.212022945563992,-0.23710492182430176,2.713185144466788,0.0,2.6766157739700804,2.5534609764945286,108.91147861534537,114.821252803471,0.0
6.703,2.261998870820777,-0.2163206085550293,4.207875867976519,0.0,2.685724511945335,2.7748113039401874,111.1010008211691,114.821252803471,0.0
6.704,2.4076894734287535,-0.23265841772089946,3.1503172848876777,0.0,2.718062411008569,2.828132914029626,118.53913761681292,114.821252803471,0.0
6.705,2.538285637306086,-0.25724384801869804,-0.6059299610676558,0.0,2.7550397004155225,2.4638358697918203,117.5788263224258,114.821252803471,0.0
6.706,2.453338344948859,-0.23035758015095115,-0.15335004906364103,0.0,2.7486862126895706,2.237662685496553,110.88273053554668,114.821252803471,0.0
6.707,2.2915522247442177,-0.16350485651911545,3.2340830670551584,0.0,2.713265818385861,2.4185103148101836,108.73247743616109,114.821252803471,0.0
6.708,2.260444332835326,-0.148753845757102,4.370097370421054,0.0,2.698518142496383,2.670622390879071,113.49923125609418,114.821252803471,0.0
6.7090000000000005,2.351863442877554,-0.19794137227538866,1.9999406759282794,0.0,2.716014579827374,2.613603931300524,118.72362957571272,114.821252803471,0.0
6.71,2.3883623662407443,-0.2376959119850165,-0.6512822516034098,0.0,2.729940651570286,2.2930033158598455,118.69957963680474,114.821252803471,0.0
6.711,2.2655216754298046,-0.214724945767658,-0.678040550482758,0.0,2.7074897029138354,2.04330165075895,114.27727364693244,114.821252803471,0.0
6.712,2.063084781274984,-0.15331096583717763,1.538552236018777,0.0,2.6557878544827593,2.0814574982553804,110.79820405955509,114.821252803471,0.0
6.713,1.9358933739891284,-0.12183529923183153,3.3183175171466126,0.0,2.610223592117151,2.296202515078005,110.99826802384524,114.821252803471,0.0
6.714,1.9430356765760646,-0.15327783593365266,3.2565153827977946,0.0,2.5944636933736205,2.4582631490347344,113.95403606300269,114.821252803471,0.0
6.715,2.022617946110188,-0.22245901690326497,1.7873035306237535,0.0,2.6037813524397544,2.4328638207028983,116.86156299297043,114.821252803471,0.0
6.716,2.0685580991944774,-0.27916954245172226,0.31313696374488686,0.0,2.615173658766725,2.2592123931319925,118.18733054372126,114.821252803471,0.0
6.7170000000000005,2.0210779075677077,-0.2946432263170971,-0.38340758903302863,0.0,2.6091965916736157,2.0478693264238808,117.07159586612357,114.821252803471,0.0
6.718,1.8888946396235533,-0.26951166755573436,0.15195631913928898,0.0,2.579763716316601,1.9369836926615922,114.93526083466958,114.821252803471,0.0
6.719,1.7418341921460394,-0.23471287328828477,1.218983754554301,0.0,2.5386090133372554,1.9611175300968453,113.4628563124705,114.821252803471,0.0
6.72,1.6457263177914028,-0.22317124911268504,1.9687699805638414,0.0,2.5030615736827255,2.0596299857017715,113.2315014368524,114.821252803471,0.0
6.721,1.6207182744872344,-0.24598025947377483,2.100344932039082,0.0,2.483544530935619,2.153501640202846,114.06162641671926,114.821252803471,0.0
6.722,1.6451655442792306,-0.29293558355792926,1.692878705973166,0.0,2.480303353458976,2.186958110486937,115.37306542285799,114.821252803471,0.0
6.723,1.6774227303875273,-0.34348471822038873,1.0316410767099327,0.0,2.4858227923304352,2.144779521262666,116.39064645997635,114.821252803471,0.0
6.724,1.6798989449909316,-0.37911084090457936,0.5071566215856984,0.0,2.489985810540958,2.056340009331643,116.98979193823628,114.821252803471,0.0
6.7250000000000005,1.6390390826799859,-0.3922666587085041,0.18589849110808165,0.0,2.485979454468916,1.9515865476137177,116.7354836001479,114.821252803471,0.0
6.726,1.5592662967396211,-0.3843169964251469,0.293910352185502,0.0,2.4708923668030778,1.8803680903140036,116.09768492964561,114.821252803471,0.0
6.727,1.4665077069599013,-0.3683598821037353,0.6000453661749019,0.0,2.4485163562213295,1.8567632199221018,115.50792328987549,114.821252803471,0.0
6.728,1.3862277953600282,-0.35768012404818905,0.8880594811959155,0.0,2.4250022574156707,1.8698046424018226,115.19859954821436,114.821252803471,0.0
6.729,1.3319451509085054,-0.3596823931960326,1.0389478845790476,0.0,2.405470757925368,1.898076387748608,115.22121784288515,114.821252803471,0.0
6.73,1.3037276749206748,-0.3744150618718689,1.02363908684951,0.0,2.3923201537816365,1.9209360527417512,115.47924117264182,114.821252803471,0.0
6.731,1.2920158047279884,-0.3968091749825282,0.8880475382794679,0.0,2.385086602307008,1.9264388394171141,115.82697484463262,114.821252803471,0.0
6.732,1.284144183938193,-0.4202727952379261,0.704123481872454,0.0,2.381483741744365,1.912541021143357,116.11349281009275,114.821252803471,0.0
6.7330000000000005,1.2699663236897174,-0.43924372483157165,0.547942099076169,0.0,2.378703551463357,1.8858128355166255,116.26268044909669,114.821252803471,0.0
6.734,1.2450809205251367,-0.45126206576607475,0.45893400311794164,0.0,2.374660869854637,1.8558459884426421,116.27733733954584,114.821252803471,0.0
6.735,1.2107362526143088,-0.45691675284454913,0.4370447125326202,0.0,2.3685276038686767,1.830482876348928,116.16810187864125,114.821252803471,0.0
6.736,1.171554590394465,-0.45859327490039076,0.4781939522332104,0.0,2.3605992238273,1.8157545943039821,116.02514815628783,114.821252803471,0.0
6.737,1.1336603179940634,-0.45964798220194225,0.5376318598817549,0.0,2.3520901061681774,1.8116095332455728,115.93144969320038,114.821252803471,0.0
6.738,1.101527826163107,-0.462569771973388,0.5733791225281857,0.0,2.3443282439709696,1.8135215177191144,115.9414364445852,114.821252803471,0.0
6.739,1.0763914593227024,-0.4680506421667961,0.5571839104246359,0.0,2.3381074442643985,1.814770847001862,115.95705380813926,114.821252803471,0.0
6.74,1.056162401701899,-0.47486298745650757,0.5380172186009178,0.0,2.3333282067366925,1.815300612075988,115.98146647561704,114.821252803471,0.0
6.7410000000000005,1.0391818371953305,-0.4820824487277238,0.5142087481405693,0.0,2.329805886756107,1.8145377835770444,116.00666671301903,114.821252803471,0.0
6.742,1.0239579729091701,-0.4888618298077742,0.48975449034409424,0.0,2.3272330532297785,1.8125519417033398,116.01928786692466,114.821252803471,0.0
6.743,1.0094364656840569,-0.4945896084290002,0.47146356275674406,0.0,2.325281180706247,1.8101850683596301,116.0063628088571,114.821252803471,0.0
6.744,0.9952388467425066,-0.499037359960529,0.4660749917366589,0.0,2.3237197829829537,1.808866384572922,115.9267036741029,114.821252803471,0.0
6.745,0.9817637015901965,-0.50237138421691,0.49485005040744445,0.0,2.3225049218062046,1.8120828613338806,115.97444430928,114.821252803471,0.0
6.746,0.9707979641930229,-0.5056290291890909,0.459447817760801,0.0,2.3220581951276036,1.8117456877853964,115.996274003873,114.821252803471,0.0
6.747,0.9602297041850658,-0.5075490857469378,0.4367827584602837,0.0,2.321801053533656,1.8103112759542128,115.97571074298835,114.821252803471,0.0
6.748,0.9495859472430284,-0.507850227055085,0.4355198095074315,0.0,2.321440109894301,1.81014744801849,115.92143869327495,114.821252803471,0.0
6.7490000000000006,0.9395850890295643,-0.5069324301287547,0.451653975466094,0.0,2.320994908750331,1.8127449530914448,115.85398858961601,114.821252803471,0.0
6.75,0.9314266810706662,-0.5054732790578536,0.4750516694341148,0.0,2.3207026495795193,1.8182480085129478,115.79048406371085,114.821252803471,0.0
6.751,0.9260618905893419,-0.5040053250291381,0.49711161978429597,0.0,2.320843038435489,1.825872692947415,115.73563028354951,114.821252803471,0.0
6.752,0.9238442202472752,-0.502710748374541,0.5153947350641798,0.0,2.3216041329575896,1.8347297868341323,115.68095848162926,114.821252803471,0.0
6.753,0.9246377859308748,-0.5014822160276179,0.5341335792427221,0.0,2.3230526346245366,1.844546253562613,115.60625645500767,114.821252803471,0.0
6.7540000000000004,0.9282202405044375,-0.5001425750887831,0.5636345560381525,0.0,2.3252028576178336,1.8561975084443953,115.45565035318646,114.821252803471,0.0
6.755,0.9348172526803189,-0.49871685081790423,0.6325936314516033,0.0,2.3281597505395717,1.8734993018712438,115.1540232844468,114.821252803471,0.0
6.756,0.9459903601061037,-0.4984826926695353,0.7800794610116767,0.0,2.3325396333582082,1.9037373840499758,115.07071772498553,114.821252803471,0.0
6.757000000000001,0.9656691539429905,-0.5024873539585767,0.8192375915271644,0.0,2.339948190436134,1.9321692461060032,115.14109427837,114.821252803471,0.0
6.758,0.9909567798597683,-0.5082210107364413,0.7808509000859355,0.0,2.350049733644543,1.9512998093880523,115.26619352966809,114.821252803471,0.0
6.759,1.0163380335903733,-0.5122296048363093,0.7138518671749239,0.0,2.3614377876435233,1.9600023823057404,115.35312451252364,114.821252803471,0.0
6.76,1.03732101956246,-0.5118398270338278,0.6650676586566231,0.0,2.3724743320351034,1.9622229148040318,115.34980933306687,114.821252803471,0.0
6.761,1.0524300337774162,-0.5062341396000363,0.6614396830890458,0.0,2.382016547397662,1.9639616515604763,115.25372832608673,114.821252803471,0.0
6.7620000000000005,1.063306280850858,-0.4964542707754135,0.7051554313529598,0.0,2.3897586862032387,1.9702804512063101,115.0987011010438,114.821252803471,0.0
6.763,1.0734430001832942,-0.48461711058527773,0.7798945608986961,0.0,2.396154202160172,1.9835194548796755,114.9304104976058,114.821252803471,0.0
6.764,1.0864603450615846,-0.47288261219036665,0.8629482856763457,0.0,2.40206164366721,2.003132087468195,114.78443014393099,114.821252803471,0.0
6.765000000000001,1.1047660742587415,-0.4626712711698766,0.9363066891091536,0.0,2.4083337017540907,2.026729631315494,114.67762771937747,114.821252803471,0.0
6.766,1.1290419673370942,-0.4543796141731424,0.9911441522268496,0.0,2.415528339557578,2.051405872548723,114.61083048372494,114.821252803471,0.0
6.767,1.158466066210201,-0.4475324090555457,1.026646993250575,0.0,2.423800861711071,2.0746969993751523,114.57542171446367,114.821252803471,0.0
6.768,1.1913153449329095,-0.44115620363968144,1.0468096887712817,0.0,2.4329423337872886,2.095029954160561,114.559388577189,114.821252803471,0.0
6.769,1.2256172914788261,-0.43417487545739947,1.0574448996714394,0.0,2.4424987700885326,2.1117672855860374,114.55078883923409,114.821252803471,0.0
6.7700000000000005,1.2596514113831587,-0.4257090540632291,1.0644494082912632,0.0,2.4519118688306643,2.1250499376142526,114.53727807897903,114.821252803471,0.0
6.771,1.2922446541307673,-0.41524418451303097,1.0740445356637127,0.0,2.460645445464824,2.1356861377354366,114.50461730169938,114.821252803471,0.0
6.772,1.3229302200177333,-0.4027050300936281,1.0935412793212513,0.0,2.468294626157055,2.145131286216433,114.4352135814521,114.821252803471,0.0
6.773000000000001,1.3520462443195556,-0.38847388616242595,1.1321035316650803,0.0,2.4746833693399224,2.1555478112254676,114.31199300192407,114.821252803471,0.0
6.774,1.3808236461703824,-0.3733862181412121,1.1988064194445687,0.0,2.4799575586623863,2.1696388992236186,114.1253350566405,114.821252803471,0.0
6.775,1.41136312706587,-0.35866998270703987,1.299094569554659,0.0,2.4846455286348723,2.1901413961085203,113.87600443166106,114.821252803471,0.0
6.776,1.4463979615780862,-0.3457528350019544,1.4332123657624762,0.0,2.48964122740538,2.21926407939655,113.58285384148691,114.821252803471,0.0
6.777,1.4888924474512761,-0.3359533295429141,1.5921716504693924,0.0,2.4961008505041997,2.257794362487583,113.28865541852963,114.821252803471,0.0
6.7780000000000005,1.541227885146262,-0.33028907838678456,1.7545968357974457,0.0,2.505242467029654,2.3040628038306936,113.14091347253881,114.821252803471,0.0
6.779,1.604283429914413,-0.3289440378565939,1.8452712021021758,0.0,2.5180054540901162,2.3485557355847315,113.24713355341281,114.821252803471,0.0
6.78,1.6744031019493797,-0.3298314398280364,1.8079023541657597,0.0,2.5340525002420953,2.377775747457194,113.52974134160164,114.821252803471,0.0
6.781000000000001,1.7427480315558899,-0.32877326369007276,1.67951357469004,0.0,2.5512915695712333,2.3851126399582765,113.70335728481749,114.821252803471,0.0
6.782,1.799912244363024,-0.3215998802533615,1.60388455826865,0.0,2.5667619308009058,2.380799832017849,113.45013459321655,114.821252803471,0.0
6.783,1.843801657915289,-0.30755596719813283,1.7442070861716643,0.0,2.5787808785118616,2.3904009158653,112.6808929542977,114.821252803471,0.0
6.784,1.884718879348982,-0.29116374574829895,2.1502315041228184,0.0,2.5888953346075367,2.4394412465725144,111.59757578332719,114.821252803471,0.0
6.785,1.9416860997921441,-0.2809033195387609,2.724126859809515,0.0,2.6019376534958147,2.5378000127301896,111.66069931941371,114.821252803471,0.0
6.7860000000000005,2.033938135370633,-0.28283931705307086,2.724170626606827,0.0,2.6238271810997027,2.6123149432425596,113.49744296917306,114.821252803471,0.0
6.787,2.1396730504903303,-0.2908958338238723,1.8190369000701283,0.0,2.651846105864084,2.57129386556969,114.7018899409254,114.821252803471,0.0
6.788,2.2013515515331736,-0.2828348577196921,1.218007042819418,0.0,2.671993757845572,2.474387555144818,112.81782832042883,114.821252803471,0.0
6.789,2.2071113784269247,-0.2498515130449459,2.1800720978981234,0.0,2.6768884554332444,2.501007299643863,109.67930980194356,114.821252803471,0.0
6.79,2.230888775608949,-0.2197431376455219,3.8007507871560327,0.0,2.680973569864863,2.691550629298268,109.93355960795802,114.821252803471,0.0
6.791,2.3440494079138094,-0.22221087580072996,3.722502816103934,0.0,2.704277040769829,2.8264241781403703,113.95951510885871,114.821252803471,0.0
6.792,2.4931694435324396,-0.24432691399650464,1.7181424425997105,0.0,2.741145606288491,2.7151719602188154,117.89600656586575,114.821252803471,0.0
6.793,2.5386783401926833,-0.2620704010069994,-0.28085082352775537,0.0,2.764932716652328,2.4153713868258615,115.53605315572212,114.821252803471,0.0
6.7940000000000005,2.432462509156389,-0.22207722360762128,0.8919778780215495,0.0,2.7517843742564505,2.30906950202088,111.0723495035259,114.821252803471,0.0
6.795,2.308328872614288,-0.17157253147366303,3.1613187371191085,0.0,2.72416509325892,2.462574720651316,110.8549740392003,114.821252803471,0.0
6.796,2.2900432508234143,-0.1672530736348341,3.309669256924615,0.0,2.714688168783255,2.5923627199381603,114.88886840060397,114.821252803471,0.0
6.797,2.3341649522669674,-0.2011218718333555,1.2920459202514512,0.0,2.722906499064066,2.479765911239951,118.27968842945391,114.821252803471,0.0
6.798,2.3117786379384926,-0.2172053992726347,-0.4379484504333502,0.0,2.720473815483311,2.2120311806216155,117.12188417473693,114.821252803471,0.0
6.799,2.171629237908398,-0.18637317222275696,0.1179473632124799,0.0,2.6879585469489173,2.064467708774952,113.46049672323461,114.821252803471,0.0
6.8,2.004085150950187,-0.14046585774517206,1.9622486497660043,0.0,2.6391969757612626,2.142751596209048,111.41540802741328,114.821252803471,0.0
6.801,1.9203025573486747,-0.13099360602671728,3.0188514454372486,0.0,2.602557075891529,2.3136548768658547,112.21075806154477,114.821252803471,0.0
6.8020000000000005,1.9388573656562917,-0.1706905841566091,2.647281375790767,0.0,2.591132884185921,2.409486249002328,114.59840475846256,114.821252803471,0.0
6.803,1.996695708588066,-0.23176979828461053,1.4556865077819525,0.0,2.5967559926373034,2.3610556603306705,116.70734466173566,114.821252803471,0.0
6.804,2.0164257004506836,-0.2771255896950473,0.3823556375627575,0.0,2.6013520762902482,2.210288078651722,117.49842346557388,114.821252803471,0.0
6.805,1.9606179215251383,-0.2885299040319746,-0.03995547097738017,0.0,2.5912127100729623,2.045672105869177,116.46496382126442,114.821252803471,0.0
6.806,1.8440164464791664,-0.26996922555429803,0.4603372409994153,0.0,2.563469965423237,1.9680271876118087,114.89879571626658,114.821252803471,0.0
6.807,1.723309483464702,-0.2474516928199061,1.2426458643703808,0.0,2.528445681596741,1.9885352593473735,113.9069563694926,114.821252803471,0.0
6.808,1.6444878046402283,-0.24422524332056977,1.7477085020971508,0.0,2.4988448992088674,2.058687214483515,113.83503641840392,114.821252803471,0.0
6.809,1.61882028534999,-0.26668514519829295,1.7935306414921655,0.0,2.4817222442749385,2.1208889151571197,114.54572583792879,114.821252803471,0.0
6.8100000000000005,1.6280685618098059,-0.30597292619305416,1.4409412013851532,0.0,2.476629081792409,2.134641134860769,115.46878830691118,114.821252803471,0.0
6.811,1.6400229078107582,-0.3463613514157664,0.9729346118595543,0.0,2.47747030649305,2.0973314906035467,116.2396682422766,114.821252803471,0.0
6.812,1.6299489496295188,-0.37534196774169337,0.5733104897887911,0.0,2.477280427841528,2.025786024569529,116.56235436410236,114.821252803471,0.0
6.813,1.5879418874874476,-0.3871012019760646,0.39455641326959334,0.0,2.4709587000542776,1.950229447331172,116.42096992050324,114.821252803471,0.0
6.814,1.5206445551233014,-0.38482899570090323,0.4492514638988321,0.0,2.4573459522893066,1.8963829873109694,116.02566815148994,114.821252803471,0.0
6.815,1.4448932982532707,-0.37699706742505823,0.6348581949252929,0.0,2.4388710432512193,1.8740893533549703,115.64418485965457,114.821252803471,0.0
6.816,1.3775327115231024,-0.37238386336699836,0.8173705202811403,0.0,2.419585128557714,1.877050032341259,115.43704654895588,114.821252803471,0.0
6.817,1.3279304894197008,-0.3760992232233722,0.9147817381756393,0.0,2.4029786948569694,1.8914588012384774,115.44465634589261,114.821252803471,0.0
6.8180000000000005,1.2965840324743143,-0.388437531000897,0.9047428042830561,0.0,2.390793841672985,1.9036397430117287,115.61371317192523,114.821252803471,0.0
6.819,1.2774726513356838,-0.40623910257575824,0.8122897875822059,0.0,2.382880357780185,1.905103450146884,115.85284515771066,114.821252803471,0.0
6.82,1.2621980967896995,-0.4250757752307379,0.6824078711470922,0.0,2.3777986112664773,1.8937560447270625,116.06085648192747,114.821252803471,0.0
6.821,1.2436949484504842,-0.4410293724316444,0.5660061722541212,0.0,2.3736568278277095,1.8734124382558295,116.1796617148421,114.821252803471,0.0
6.822,1.2185449835399473,-0.45218061354532313,0.4930194666830978,0.0,2.3689619626361895,1.8504059581207277,116.21437457134137,114.821252803471,0.0
6.823,1.1871947160627407,-0.4587142043568038,0.4617318207547598,0.0,2.3630431185284384,1.8297158952569643,116.1505995492411,114.821252803471,0.0
6.824,1.1523593733976591,-0.46199215411194383,0.4803258643471955,0.0,2.3559423911100374,1.816379560541641,116.05379580818165,114.821252803471,0.0
6.825,1.11830424899127,-0.46435308707587153,0.5164023048298121,0.0,2.3484450260904244,1.8108469648312255,116.03625810899925,114.821252803471,0.0
6.8260000000000005,1.0883666997505916,-0.4676654424760115,0.5130211013657286,0.0,2.341484887766107,1.8073377745764245,115.98956140250536,114.821252803471,0.0
6.827,1.062487051033983,-0.4718215557161083,0.52468636862233,0.0,2.3352938931511504,1.8073478668139595,115.94834641897931,114.821252803471,0.0
6.828,1.0411769099414225,-0.47711857057243806,0.5340229242302701,0.0,2.3302641177232393,1.8097335378435688,115.93358557244943,114.821252803471,0.0
6.829,1.0242517040784251,-0.48346190209727224,0.5302800198054267,0.0,2.326620683260248,1.812521250418617,115.94820128264502,114.821252803471,0.0
6.83,1.0106722841951714,-0.4902621892177471,0.5117026799158939,0.0,2.3243049617690636,1.8139842540747897,115.96932881805314,114.821252803471,0.0
6.831,0.9989052577429592,-0.49664413291867565,0.48965815206600927,0.0,2.3230011237285133,1.8139888392625452,115.92748761440798,114.821252803471,0.0
6.832,0.9877794286981557,-0.5019258218297169,0.49951640577922074,0.0,2.322345294353998,1.8162736062448286,116.00734578520765,114.821252803471,0.0
6.833,0.978097445081882,-0.5064811000244858,0.44772639056202057,0.0,2.3224317883274774,1.8134225892877505,116.04177611772039,114.821252803471,0.0
6.8340000000000005,0.967286346206576,-0.5088365671573265,0.4183059911631559,0.0,2.322438079810566,1.8092393806821456,116.01363634579934,114.821252803471,0.0
6.835,0.9551668883811436,-0.5088744681107993,0.4204520417003963,0.0,2.322006035718339,1.8072304210105397,115.94243439157427,114.821252803471,0.0
6.836,0.9431895007223694,-0.507410246576794,0.44484120293190066,0.0,2.321254856689898,1.8092368181911749,115.86071365118083,114.821252803471,0.0
6.837,0.9332506566594548,-0.5055219419040463,0.47530696465152034,0.0,2.320586363983703,1.8150482988980794,115.79250538447307,114.821252803471,0.0
6.838,0.9266565080501106,-0.5039460925236889,0.49969857219537794,0.0,2.3204114082337055,1.8232161693827007,115.74242577565067,114.821252803471,0.0
6.839,0.9237246870324051,-0.5028422629716913,0.5155266468847814,0.0,2.320965072350254,1.83230348821011,115.69763722936868,114.821252803471,0.0
6.84,0.9240453626801377,-0.501947547637903,0.5291570757668009,0.0,2.322284721546693,1.8418139154651334,115.6363646935007,114.821252803471,0.0
6.841,0.9270885443534739,-0.5009219600647123,0.5516422248004966,0.0,2.324319581069275,1.8525107837915953,115.51882319219334,114.821252803471,0.0
6.8420000000000005,0.9328019441544534,-0.49965554516504584,0.6034372715669519,0.0,2.327091591709016,1.8672160127302673,115.23851753802381,114.821252803471,0.0
6.843,0.9422752889768994,-0.49884774112853997,0.7394174513061857,0.0,2.3309807298836303,1.8941828552102393,115.09636058681954,114.821252803471,0.0
6.844,0.959296008027853,-0.501770342942051,0.8077448490748358,0.0,2.3375072027286308,1.9232205935694535,115.12691320492456,114.821252803471,0.0
6.845,0.9828591858406801,-0.5071034379950612,0.7894119360077902,0.0,2.3468422165627487,1.9448855685932835,115.23984076117571,114.821252803471,0.0
6.846,1.0080537039572826,-0.5116563156234399,0.7287622783051676,0.0,2.35785771210443,1.9562936490668263,115.33953526473292,114.821252803471,0.0
6.847,1.0300374053780978,-0.5125114930854788,0.6737322019139471,0.0,2.3689610068838385,1.9600493972460515,115.36168988447534,114.821252803471,0.0
6.848,1.0464813625106106,-0.5083296735877003,0.6572505212326921,0.0,2.3788609950838517,1.9616882177039001,115.29024353586031,114.821252803471,0.0
6.849,1.0581963781113168,-0.4996588111571556,0.6882837882163122,0.0,2.3870228898372665,1.9666074189662237,115.14979951833332,114.821252803471,0.0
6.8500000000000005,1.068219669567185,-0.48835268657843856,0.7552203298311831,0.0,2.3937035501622193,1.9779181645813178,114.98378060959871,114.821252803471,0.0
6.851,1.0801849653777784,-0.47658800018048586,0.8366045061372129,0.0,2.399666164758198,1.9958328460203065,114.83096754460551,114.821252803471,0.0
6.852,1.096852953137059,-0.46599945891745675,0.9129138912224661,0.0,2.405776893363525,2.0184186856758957,114.7130872507381,114.821252803471,0.0
6.853,1.119371274882596,-0.4572589739200938,0.9729356936835027,0.0,2.4126795651367976,2.0428859831319044,114.63492200350106,114.821252803471,0.0
6.854,1.1473129209522988,-0.4501183336200396,1.013881625301721,0.0,2.420640633895311,2.0666522546228205,114.59016556637802,114.821252803471,0.0
6.855,1.1791897569146979,-0.4437307683653223,1.0385707162341715,0.0,2.429550997152047,2.087917311031718,114.56774224376278,114.821252803471,0.0
6.856,1.2130959906506404,-0.4370435075178224,1.0523174831388733,0.0,2.4390251066833217,2.105801234224262,114.55608924299253,114.821252803471,0.0
6.857,1.2472470009638414,-0.4291215459159361,1.0607956191287842,0.0,2.44853565441299,2.120221754543429,114.54398102575082,114.821252803471,0.0
6.8580000000000005,1.2803190114807916,-0.4193460622589073,1.0696224455268375,0.0,2.4575411158153537,2.1317410360938007,114.51869246306224,114.821252803471,0.0
6.859,1.3116237551783785,-0.40750407088250407,1.0852923302752187,0.0,2.4655930950176854,2.141531552986148,114.46422558174092,114.821252803471,0.0
6.86,1.341212034034295,-0.3938189992454209,1.1160960431531786,0.0,2.4724319900227028,2.1514382624414106,114.36257325000166,114.821252803471,0.0
6.861,1.369968111496573,-0.3789546719651639,1.1715090045575018,0.0,2.478079441188288,2.1639582933450527,114.20059053687513,114.821252803471,0.0
6.862,1.3996569789587199,-0.3639898073836017,1.2587069837867275,0.0,2.482916658496509,2.181850499729848,113.97455744542525,114.821252803471,0.0
6.863,1.4327794348475273,-0.3502896100120954,1.3801904830921239,0.0,2.4877020016473375,2.2075818308651405,113.69600086780385,114.821252803471,0.0
6.864,1.4722450483010556,-0.33923190658552316,1.5307212912594963,0.0,2.4935025981934036,2.2425521241863415,113.39311474863665,114.821252803471,0.0
6.865,1.520731675227235,-0.33194275358177394,1.6964457313914387,0.0,2.501528934620838,2.2863909553355266,113.17352988254649,114.821252803471,0.0
6.8660000000000005,1.5798577717836138,-0.32906826895533553,1.8227153936457632,0.0,2.512893218741577,2.332861951107252,113.18031165220266,114.821252803471,0.0
6.867,1.6479983316646187,-0.3294492117018426,1.8357339203303606,0.0,2.527838822575793,2.369087416405294,113.41743103218998,114.821252803471,0.0
6.868,1.7180792597134324,-0.32959989531728495,1.731212448049511,0.0,2.544925178326626,2.3845298518526556,113.66784958273632,114.821252803471,0.0
6.869,1.7801643965674254,-0.3250197691643857,1.6175372049836865,0.0,2.561341821334138,2.3825490615424796,113.60538535233256,114.821252803471,0.0
6.87,1.8286292258231676,-0.313334096510849,1.660927994696952,0.0,2.574679098279523,2.3836074740136004,113.01001048129076,114.821252803471,0.0
6.871,1.868814299442923,-0.29705930472464004,1.9767278534396535,0.0,2.585115118407531,2.416262139691095,112.25372435432193,114.821252803471,0.0
6.872,1.9177455032862711,-0.2835682076114766,2.3805462014155596,0.0,2.596451730325904,2.4829763788169923,111.56804738169205,114.821252803471,0.0
6.873,1.9892459824877338,-0.2780416879069332,2.755916741948288,0.0,2.612853098768661,2.5740296905272517,112.30175294570074,114.821252803471,0.0
6.8740000000000006,2.0883424262016415,-0.282738822967723,2.414258958521647,0.0,2.637291611591899,2.6060961423119875,114.09833016866725,114.821252803471,0.0
6.875,2.1791493261387385,-0.2856009592644413,1.523199573386432,0.0,2.6627607819533203,2.5338020511140256,114.11171418925284,114.821252803471,0.0
6.876,2.216332533596005,-0.2669737936785552,1.5236029492358183,0.0,2.6763760165813864,2.4770571674458575,111.41048631852755,114.821252803471,0.0
6.877,2.2234683250692164,-0.23319012909635561,2.908324549447898,0.0,2.6794253079316475,2.579250532884666,108.74428356826685,114.821252803471,0.0
6.878,2.283922735038525,-0.21578810174354335,4.302195616930287,0.0,2.690812620327776,2.8044294651536723,111.69280169346759,114.821252803471,0.0
6.8790000000000004,2.4385347813982996,-0.23608672419874555,2.8592210654299532,0.0,2.725985963454792,2.819160543095647,119.24892719073134,114.821252803471,0.0
6.88,2.5509043909006577,-0.2680983603511311,-0.9631184270745248,0.0,2.7624333738155147,2.4190937123139746,116.13739836791744,114.821252803471,0.0
6.881,2.4426635878742182,-0.22825434872572603,0.5794845286879582,0.0,2.750526402421679,2.283618210133392,110.37577389486442,114.821252803471,0.0
6.882000000000001,2.305304260390148,-0.16898275460692225,3.504751554300533,0.0,2.7201411427123547,2.480880022284226,110.04838834574147,114.821252803471,0.0
6.883,2.2978009830469186,-0.165586645264293,3.716172973439304,0.0,2.712739734102545,2.648832580331097,114.95529476260951,114.821252803471,0.0
6.884,2.3667451826875756,-0.20806705354899546,1.261379345413899,0.0,2.7275805281631467,2.5194493337042134,118.97243027952543,114.821252803471,0.0
6.885,2.354081560871769,-0.22772020858130593,-0.7887001878046025,0.0,2.7297359611257077,2.2056101191684423,117.48719758546476,114.821252803471,0.0
6.886,2.199534681968989,-0.19021889780687673,-0.07274328859420476,0.0,2.6959702536029244,2.0394999440889805,113.12277664600454,114.821252803471,0.0
6.8870000000000005,2.0131786621513035,-0.13475960886890026,2.1264519427105686,0.0,2.6432445906490405,2.1403298156075268,110.77711173324235,114.821252803471,0.0
6.888,1.9262309477984987,-0.12220706668625814,3.3397258097939493,0.0,2.605048294391688,2.3449729951255844,111.87056354047257,114.821252803471,0.0
6.889,1.95789161128108,-0.16663267846825347,2.8225067988088215,0.0,2.5961482884297236,2.4519532470602927,114.75530561893927,114.821252803471,0.0
6.890000000000001,2.0302258725779776,-0.233797532271656,1.3807952314207885,0.0,2.60578018605798,2.3862892287946678,117.20140068395467,114.821252803471,0.0
6.891,2.0523490675195144,-0.2804358408907194,0.1339462201082522,0.0,2.612341057506912,2.2037083177173318,117.8424225683043,114.821252803471,0.0
6.892,1.9836723052024823,-0.28613148745724093,-0.21677641971489403,0.0,2.6001478887393428,2.0217062604294904,116.39235613547336,114.821252803471,0.0
6.893,1.8498734821830591,-0.25956034104390757,0.4925457633805508,0.0,2.5679940485486155,1.952248861441374,114.52237413310455,114.821252803471,0.0
6.894,1.7206099385209912,-0.23287974779190268,1.4305255512686228,0.0,2.5294406986845606,1.9954873747423623,113.4763263084908,114.821252803471,0.0
6.8950000000000005,1.6461207871812036,-0.23178597649214228,1.9669987285253003,0.0,2.4992130262265575,2.0870801245569566,113.56703213760649,114.821252803471,0.0
6.896,1.633593975218567,-0.26069830879297307,1.9341880206260995,0.0,2.484358690261903,2.158149980305304,114.4806516207153,114.821252803471,0.0
6.897,1.6564814530260645,-0.30691975750176215,1.4807842908992477,0.0,2.4828920095035074,2.1684382230129384,115.600531749663,114.821252803471,0.0
6.898000000000001,1.6767801341483324,-0.35152577643434324,0.9130514369634781,0.0,2.48704526868721,2.1176304165929296,116.50210622787921,114.821252803471,0.0
6.899,1.6664518700621198,-0.3805479274363033,0.44545566361129385,0.0,2.488448797731432,2.027899606064615,116.81150411465373,114.821252803471,0.0
6.9,1.6157603470967694,-0.38830586145323787,0.27085420711220665,0.0,2.4813020440502433,1.9382248118975032,116.52518456995566,114.821252803471,0.0
6.901,1.535644326439001,-0.37991446598247813,0.3969746617963972,0.0,2.46490185347851,1.880727933401937,115.95854539402274,114.821252803471,0.0
6.902,1.448965833809455,-0.3668358873791805,0.6689213238573397,0.0,2.443037264422738,1.8647271259612876,115.47767378341683,114.821252803471,0.0
6.9030000000000005,1.37663174284382,-0.3600876431083877,0.9027929193608326,0.0,2.421147532444724,1.878236314323825,115.25871550051954,114.821252803471,0.0
6.904,1.328380061786018,-0.36502485245348965,1.007897433838992,0.0,2.403408267971434,1.9020127352965714,115.3237828878185,114.821252803471,0.0
6.905,1.3024816124242733,-0.3807321858838317,0.9703384393460408,0.0,2.391499006626634,1.9188213658049225,115.57426137710782,114.821252803471,0.0
6.906000000000001,1.2896264288739046,-0.40228082912954133,0.8375691089650119,0.0,2.384674811889874,1.9196842564278984,115.88056964157022,114.821252803471,0.0
6.907,1.2787373280907541,-0.42386964691001316,0.6738218083528189,0.0,2.3807786092124825,1.9041631780020112,116.124593533866,114.821252803471,0.0
6.908,1.2615564424435017,-0.4409634901768813,0.5387764549009757,0.0,2.3773843535417916,1.8783680776907594,116.23937042620504,114.821252803471,0.0
6.909,1.2348833785167193,-0.4517284422221586,0.46720683250411676,0.0,2.372763219699358,1.8510530850899025,116.24089560470068,114.821252803471,0.0
6.91,1.200439050488511,-0.4570312136601995,0.4522478152439997,0.0,2.366348355318813,1.8285998281340778,116.13930389669153,114.821252803471,0.0
6.9110000000000005,1.1625179949819546,-0.4590946028145663,0.4898631583163706,0.0,2.3585035967733385,1.815864561171782,116.01639227911333,114.821252803471,0.0
6.912,1.1264638233183455,-0.46085368593589054,0.5393675723490459,0.0,2.350342652637986,1.8122744254919707,115.94462082023654,114.821252803471,0.0
6.913,1.0959412002252669,-0.4643489382712528,0.5640196216197886,0.0,2.343005676273863,1.8134408370696622,115.95194331756379,114.821252803471,0.0
6.914,1.071661618784448,-0.4699673342898444,0.5490514678152347,0.0,2.337102109742613,1.8142294201695237,115.96536636796004,114.821252803471,0.0
6.915,1.051843495137017,-0.4766666738486035,0.5308988069722167,0.0,2.3325485015657526,1.8144388749383968,115.98600939298969,114.821252803471,0.0
6.916,1.0350092666227264,-0.4836215529238448,0.5089297285622087,0.0,2.3291692429861537,1.813590535296124,116.00640405889986,114.821252803471,0.0
6.917,1.019847835001607,-0.4900842943224284,0.48688088305283284,0.0,2.326684429063379,1.8117828367313662,116.01333647058601,114.821252803471,0.0
6.918,1.005451184385858,-0.4955267185774658,0.4714938405386071,0.0,2.3248013659304747,1.8098673576608577,115.97667735152179,114.821252803471,0.0
6.9190000000000005,0.9915578748570898,-0.49977081486239083,0.478269154590212,0.0,2.3233274875526018,1.8102385726969352,115.95688808253536,114.821252803471,0.0
6.92,0.9790153630511768,-0.503329203782079,0.47680743629278277,0.0,2.322387100334439,1.811437479441747,115.99208853357293,114.821252803471,0.0
6.921,0.9679139174179339,-0.5061102444640676,0.4474988534729796,0.0,2.3219309730983975,1.8103088637646554,115.99247755459261,114.821252803471,0.0
6.922,0.9569340216931899,-0.5073991574312672,0.43559209545192057,0.0,2.321521567037821,1.8093276134509395,115.9552379769897,114.821252803471,0.0
6.923,0.9462305074494919,-0.5072708671553293,0.44287203251819274,0.0,2.3210279754919068,1.8103909958295978,115.89551245873672,114.821252803471,0.0
6.924,0.9367720086681659,-0.5062686104976771,0.46199219509202294,0.0,2.320581116008867,1.8142624990517657,115.83209446967291,114.821252803471,0.0
6.925,0.9296174129558362,-0.5049882307497057,0.48359277296190784,0.0,2.3204352735906477,1.8205794484839053,115.77579311786383,114.821252803471,0.0
6.926,0.9253885868818352,-0.5037706528763077,0.5021980457225208,0.0,2.3208145805888702,1.828474317866994,115.72512022219396,114.821252803471,0.0
6.9270000000000005,0.9241588521682157,-0.5026358590736154,0.5184958193702224,0.0,2.3218327922860182,1.837317315942996,115.66849936071176,114.821252803471,0.0
6.928,0.9257012175934244,-0.501423274609686,0.5383337845389156,0.0,2.3235114462680446,1.8472150762692818,115.58307887154248,114.821252803471,0.0
6.929,0.9298976716402706,-0.5000067285677648,0.5734257684428409,0.0,2.325868316664525,1.859506478247986,115.39500906714494,114.821252803471,0.0
6.93,0.9372492905347128,-0.49856536963146264,0.6617231080048729,0.0,2.3290742561966544,1.879399501043332,115.1215394763346,114.821252803471,0.0
6.931,0.9499505298026155,-0.4990857786253864,0.7954550366814048,0.0,2.3340205626338,1.910127734140629,115.07290183107567,114.821252803471,0.0
6.932,0.9710066153365837,-0.5035414485119102,0.8172573690348258,0.0,2.342029981334539,1.9371495548279654,115.16064066226018,114.821252803471,0.0
6.933,0.9967019302290376,-0.5090906379018153,0.7699940748546793,0.0,2.3525064943679626,1.9542372258504606,115.28373241206944,114.821252803471,0.0
6.934,1.021508369079925,-0.5123214361737362,0.7038234038640638,0.0,2.3639440191163046,1.9613858850822092,115.35516762893317,114.821252803471,0.0
6.9350000000000005,1.0414279744746842,-0.5108727955220862,0.6627666471775753,0.0,2.374760998858587,1.9631658021350957,115.33266419601073,114.821252803471,0.0
6.936,1.0556231598954082,-0.5043118411695939,0.6689042497134023,0.0,2.3839670537596733,1.9655728549603952,115.22215330888521,114.821252803471,0.0
6.937,1.0661979161447626,-0.4939523422259533,0.7201506882220171,0.0,2.3914192731129047,1.9732142688706409,115.0615393977685,114.821252803471,0.0
6.938,1.076778587746357,-0.48198384261914073,0.7980547778373983,0.0,2.3976774719545237,1.9878356224841092,114.8957115326586,114.821252803471,0.0
6.939,1.0908141407870848,-0.47045954696694475,0.8802241231004743,0.0,2.403623998747654,2.008442143584713,114.75678948177975,114.821252803471,0.0
6.94,1.1103836163009306,-0.46060339138970424,0.9503297817568102,0.0,2.4100675908145583,2.0324603074780203,114.65819611881136,114.821252803471,0.0
6.941,1.1358433021074643,-0.45262143726657544,1.0012570300876,0.0,2.4174891866663306,2.0570170842349302,114.59851931303588,114.821252803471,0.0
6.942,1.166147523502223,-0.44591220027690887,1.033322767879692,0.0,2.4259661040809855,2.0797994340797903,114.56817522705666,114.821252803471,0.0
6.9430000000000005,1.199478797749517,-0.4394554431034434,1.0510255866334468,0.0,2.4352304138194754,2.0994144954133684,114.55500840323037,114.821252803471,0.0
6.944,1.2338792472987843,-0.4321944812688864,1.060271442548994,0.0,2.4447956604874075,2.1153837608426618,114.54701598547747,114.821252803471,0.0
6.945,1.2677133970789627,-0.42331116201286295,1.0670100196053804,0.0,2.454096753531659,2.12798365733254,114.53116754080948,114.821252803471,0.0
6.946,1.299933236191626,-0.4123730739861655,1.0778350945659931,0.0,2.4626133704300974,2.138171205148369,114.49215386710307,114.821252803471,0.0
6.947,1.3302301434003427,-0.399399724852503,1.100632920782876,0.0,2.469979392895837,2.1475807086048757,114.41162861469797,114.821252803471,0.0
6.948,1.3591362877915927,-0.38487639268318863,1.144991788873154,0.0,2.476081930413368,2.158560654379119,114.27368317079947,114.821252803471,0.0
6.949,1.3881029486311012,-0.369743427042487,1.2194402071491204,0.0,2.4811528158577847,2.17390132540871,114.07101573405713,114.821252803471,0.0
6.95,1.4194243700564992,-0.35530820641606664,1.3282762962144317,0.0,2.4858141352482184,2.19628681374581,113.80804548378401,114.821252803471,0.0
6.9510000000000005,1.4559530559447584,-0.3430111691913647,1.4698934945478581,0.0,2.491039549644868,2.227684474880813,113.50735258366527,114.821252803471,0.0
6.952,1.5006230782825045,-0.33411401160204623,1.6333789468052893,0.0,2.4980264717527727,2.2684837235086928,113.23168504933119,114.821252803471,0.0
6.953,1.5555794890346044,-0.329546146677734,1.7871083915137254,0.0,2.5079811329468957,2.3155786189205765,113.13991863550473,114.821252803471,0.0
6.954,1.6209393487593975,-0.3290427542346076,1.8498049401066194,0.0,2.5216401230432925,2.357678796346612,113.30608788152614,114.821252803471,0.0
6.955,1.6916568052573207,-0.329929041846985,1.7818719663153622,0.0,2.5382457574344466,2.381709940819192,113.59578021613886,114.821252803471,0.0
6.956,1.7580866473539372,-0.327731114673259,1.6492805248823217,0.0,2.555343307968509,2.38449269739826,113.69359330910406,114.821252803471,0.0
6.957,1.8118131314031232,-0.3187755533492827,1.6116505733433928,0.0,2.570046246633173,2.38064793829343,113.30297927846192,114.821252803471,0.0
6.958,1.8534705956489783,-0.3035288974064093,1.8221403239145537,0.0,2.5813068389804115,2.3981430648172153,112.47250309304873,114.821252803471,0.0
6.9590000000000005,1.8964844916359247,-0.287738803440465,2.2608659137253713,0.0,2.5916064409684783,2.4568547013807183,111.578019212108,114.821252803471,0.0
6.96,1.9597611026686916,-0.27927516622968385,2.740540190109364,0.0,2.6059741472605635,2.552571760737074,111.99013904447601,114.821252803471,0.0
6.961,2.0550688682335427,-0.2826228726484703,2.562791411515311,0.0,2.6289296729372493,2.6059536882760104,113.80660336960634,114.821252803471,0.0
6.962,2.153085678326948,-0.28822867491132925,1.6647057432887946,0.0,2.6555109999848874,2.54945226845512,114.5525561982756,114.821252803471,0.0
6.963,2.2025957640375053,-0.2747524234397343,1.2944162950061184,0.0,2.672245606661168,2.4650421993650258,112.11445233755907,114.821252803471,0.0
6.964,2.2054554219400395,-0.2402369842621138,2.5405362300234997,0.0,2.6752038099659874,2.5317032236741333,109.112103486834,114.821252803471,0.0
6.965,2.2460389357289494,-0.21612394279755903,4.098802148552405,0.0,2.682225015201914,2.746506427633064,110.62203265106884,114.821252803471,0.0
6.966,2.382146788310181,-0.22843360281031977,3.3858297679590095,0.0,2.711619613326188,2.831955782023087,116.09761381987774,114.821252803471,0.0
6.9670000000000005,2.5240808984905923,-0.2502566855586935,0.6352755733904918,0.0,2.7488971295792313,2.602116749595898,118.8128713505539,114.821252803471,0.0
6.968,2.5072270799707206,-0.2498015581450697,-0.7622693774184217,0.0,2.7591946961212686,2.276038230532427,113.42873168659774,114.821252803471,0.0
6.969,2.3464911444107566,-0.18724592402261944,1.943725665728392,0.0,2.7289780856234214,2.312744639010142,109.03523143582593,114.821252803471,0.0
6.97,2.250297144699894,-0.1461092344228131,4.198336004790747,0.0,2.701554297508377,2.5726799130682867,111.39763243144887,114.821252803471,0.0
6.971,2.29995034582949,-0.17342600991388596,3.0513717106995006,0.0,2.7062826278106673,2.6487433130470883,116.82604256527537,114.821252803471,0.0
6.972,2.367741195731223,-0.22270534589292726,0.31711874616820523,0.0,2.7232920242833916,2.421414561422815,119.16027478675738,114.821252803471,0.0
6.973,2.309753710573048,-0.22719203825637038,-0.8933875844056645,0.0,2.7158683487466053,2.1197629897568446,116.19100113158896,114.821252803471,0.0
6.974,2.129392303724658,-0.17790536109713814,0.5775517598973672,0.0,2.6735554821857503,2.0407024787846053,112.0890223051835,114.821252803471,0.0
6.9750000000000005,1.9643731044199624,-0.13111961766774552,2.6558634780829706,0.0,2.6229142861781165,2.195570125665923,110.84641548590774,114.821252803471,0.0
6.976,1.9170642554050874,-0.13745838067181837,3.316915260896485,0.0,2.59398909582412,2.3853732485845662,112.69018748631797,114.821252803471,0.0
6.977,1.9702779955150027,-0.19330255440607588,2.4163399138629025,0.0,2.5930162082781147,2.4413031342718763,115.55895632150292,114.821252803471,0.0
6.978,2.0345630376726938,-0.2577928120435716,0.9745784610901074,0.0,2.604269084658223,2.335415519064937,117.6321950641422,114.821252803471,0.0
6.979,2.031993430750316,-0.2933963453116284,-0.09015033283624252,0.0,2.6070793979627376,2.1394649073955705,117.69037942412561,114.821252803471,0.0
6.98,1.9390962745561333,-0.28743783655495364,-0.1479337790344959,0.0,2.5890021474739493,1.9778744881931833,115.91992306258373,114.821252803471,0.0
6.981,1.7971572768347486,-0.2559900540933695,0.7263076991453143,0.0,2.553173909130593,1.942064101111328,114.18410421154563,114.821252803471,0.0
6.982,1.677263584551162,-0.23317478684241122,1.60058861058362,0.0,2.5151522543403986,2.0054493305537195,113.41360733025161,114.821252803471,0.0
6.9830000000000005,1.618721242268879,-0.23961745629383985,1.9999135059628252,0.0,2.488208134285629,2.099117521678397,113.74641752346636,114.821252803471,0.0
6.984,1.618689565244644,-0.27451173685605357,1.844256762155494,0.0,2.4770991895161334,2.1590270519623744,114.81947376498532,114.821252803471,0.0
6.985,1.6454683037257327,-0.32236650851590354,1.3077464317808731,0.0,2.4780071743289467,2.1514291878347067,115.82931098857172,114.821252803471,0.0
6.986,1.6601281924362215,-0.36411904717915683,0.7927472381366649,0.0,2.4821788057840712,2.0920523002306277,116.61205659134716,114.821252803471,0.0
6.987,1.641691256681496,-0.3885846997516158,0.38346639887018563,0.0,2.4822692817296126,2.001334025969724,116.77740114845452,114.821252803471,0.0
6.988,1.5845748107546236,-0.3924092224716721,0.28123263686667044,0.0,2.4734549236279917,1.9186421609961513,116.41685210439762,114.821252803471,0.0
6.989,1.502933616586095,-0.3824628087612914,0.4455511658858522,0.0,2.456120464103832,1.8708447894211881,115.87842732636634,114.821252803471,0.0
6.99,1.4195098582618482,-0.37037550275342257,0.7041918096725412,0.0,2.434509573850831,1.8612611960516312,115.45611992678613,114.821252803471,0.0
6.9910000000000005,1.3524524476986575,-0.36572005534795604,0.9089968382294926,0.0,2.4137101871316524,1.876959097275836,115.29569786160265,114.821252803471,0.0
6.992,1.3090108075385833,-0.3725300888736162,0.9844634202399172,0.0,2.397356187368689,1.8993685497532562,115.39339916094534,114.821252803471,0.0
6.993,1.2859333587224162,-0.3890698306712361,0.9298913069938295,0.0,2.386629804092246,1.9132481616976413,115.64863962609724,114.821252803471,0.0
6.994,1.2736953074636157,-0.4103190861065849,0.7939972061916172,0.0,2.3805360410177974,1.9113799553144677,115.93863765888099,114.821252803471,0.0
6.995,1.2619174073317097,-0.4307853332015031,0.637824341245639,0.0,2.3769036282385634,1.8944423076280534,116.15874507239387,114.821252803471,0.0
6.996,1.2433660349036166,-0.446465529379908,0.5143957117999713,0.0,2.3734608510772874,1.8687426348085636,116.24778731278982,114.821252803471,0.0
6.997,1.2156967628102564,-0.4559636124162431,0.45560924650880574,0.0,2.3686803715224025,1.842894532873313,116.2308669144491,114.821252803471,0.0
6.998,1.1811767879221449,-0.46045558194810843,0.4499733045693899,0.0,2.3621922655476233,1.8226416087324337,116.12445866960351,114.821252803471,0.0
6.9990000000000006,1.144195781337184,-0.4622430698904067,0.49014536833085565,0.0,2.3544793817345684,1.8119631638167844,116.01042808708617,114.821252803471,0.0
7.0,1.1097646772049385,-0.46409362442962554,0.535268906753376,0.0,2.346655627931144,1.8095607549889543,115.99079947997586,114.821252803471,0.0
7.001,1.0809733415208411,-0.4677422409644787,0.5333877435434804,0.0,2.3397568508987208,1.808780784210179,115.96059487496335,114.821252803471,0.0
7.002,1.0571642305269153,-0.47275470427421307,0.537096625334814,0.0,2.3339848392903866,1.8101468102876757,115.94494857041065,114.821252803471,0.0
7.003,1.0379706956063486,-0.47893767875776044,0.5336828199417694,0.0,2.3295566340107263,1.8122596229167631,115.95316201236956,114.821252803471,0.0
7.0040000000000004,1.0224562589755557,-0.4857679956487442,0.5182570068733259,0.0,2.326472035635114,1.8135702850515607,115.97644494306518,114.821252803471,0.0
7.005,1.0092313012723555,-0.4924527156439718,0.4950636201295766,0.0,2.3244939793411086,1.8133440077052327,115.98717802241715,114.821252803471,0.0
7.006,0.9969555965616835,-0.4982254738730322,0.47803782826412555,0.0,2.3232592571471153,1.8125197271675169,115.92038782205047,114.821252803471,0.0
7.007000000000001,0.9850933217582765,-0.5027345787996218,0.500441578261672,0.0,2.3225038530783833,1.815471166063825,115.99976605333482,114.821252803471,0.0
7.008,0.9751586825168435,-0.5068099748159353,0.4489673301208579,0.0,2.3225223358186833,1.8131399034366886,116.03363834508188,114.821252803471,0.0
7.009,0.964414777875882,-0.5088620952385474,0.4199073288312194,0.0,2.3224908233085646,1.8094442408039346,116.00541451765393,114.821252803471,0.0
7.01,0.9525938217991416,-0.508724821910489,0.42217762540336534,0.0,2.32205727451587,1.8078481919413094,115.93442194625969,114.821252803471,0.0
7.011,0.9410571755585457,-0.507163727945408,0.44654221967259966,0.0,2.3213371281133037,1.810176617015269,115.85277169997278,114.821252803471,0.0
7.0120000000000005,0.9316254468903447,-0.505213769628962,0.47705215385103805,0.0,2.3207229543832324,1.8162347554496083,115.78400503691563,114.821252803471,0.0
7.013,0.9255543305941135,-0.503582284978455,0.5018079630451653,0.0,2.3206160481412104,1.8246172078429796,115.73232039438008,114.821252803471,0.0
7.014,0.9231430078579514,-0.5024172366489221,0.5185396084038485,0.0,2.3212462372929843,1.8339481816083412,115.68434961752806,114.821252803471,0.0
7.015000000000001,0.9239952329544786,-0.501460906541989,0.5338940286892906,0.0,2.322652959077649,1.843812888702175,115.61611149002695,114.821252803471,0.0
7.016,0.9276280138240545,-0.5003927724367492,0.560064505574283,0.0,2.3247975479427243,1.8551659218749,115.47536020692496,114.821252803471,0.0
7.017,0.9341067153415505,-0.4991571609992866,0.623899073090739,0.0,2.327737745321496,1.871681878916591,115.17883138378929,114.821252803471,0.0
7.018,0.9448575516250802,-0.49887757625047224,0.768587698855393,0.0,2.3320171204585645,1.9009998581749235,115.08428238641828,114.821252803471,0.0
7.019,0.9638126454253924,-0.5026773786061427,0.8132319017114236,0.0,2.3392211301143715,1.9293004011224482,115.14571650960183,114.821252803471,0.0
7.0200000000000005,0.9884914652989425,-0.5082994777493928,0.7792702030583425,0.0,2.349115225981551,1.9487839426123146,115.26718879549519,114.821252803471,0.0
7.021,1.0135614139656206,-0.5123811859049864,0.71407470019142,0.0,2.3603610333166816,1.9579657450564822,115.35579778597368,114.821252803471,0.0
7.022,1.0345043582739257,-0.5122251343861571,0.6644247551271477,0.0,2.371342457414089,1.9604913846740988,115.35719622892569,114.821252803471,0.0
7.023000000000001,1.049691853789085,-0.5069187385367631,0.6583660993965961,0.0,2.3808961600352725,1.9622314549963913,115.26612044782796,114.821252803471,0.0
7.024,1.0605954308589474,-0.4974019795538007,0.6994553135018909,0.0,2.388674719896935,1.9682857701349281,115.11439615816445,114.821252803471,0.0
7.025,1.0706010396350103,-0.48572917617399086,0.7723860247867091,0.0,2.395092014504335,1.9811324146513858,114.94703722490272,114.821252803471,0.0
7.026,1.0833121344323269,-0.4740520261125274,0.8548076472032611,0.0,2.400984485629678,2.0003750311899666,114.80002084940163,114.821252803471,0.0
7.027,1.1011918279503672,-0.4638249969625971,0.9285281544944954,0.0,2.407203769590467,2.023728017426083,114.69099914971089,114.821252803471,0.0
7.0280000000000005,1.1250090226064224,-0.4554962163258154,0.9843415408774681,0.0,2.414322528200242,2.0483288063868943,114.62149566826373,114.821252803471,0.0
7.029,1.1540253047209055,-0.44863812655653235,1.0210908529531193,0.0,2.4225183877768686,2.071712063691062,114.58336322506656,114.821252803471,0.0
7.03,1.1865778500404558,-0.4423090986843363,1.042535970335749,0.0,2.4316053749579996,2.0922774338498034,114.56490305643077,114.821252803471,0.0
7.031000000000001,1.2207252453937196,-0.43544576200760093,1.0543295521240503,0.0,2.4411485236811727,2.1093471204980063,114.55455274828911,114.821252803471,0.0
7.032,1.2547507838007097,-0.4271640709531552,1.0621717067466958,0.0,2.450601973547627,2.123007519273078,114.54081008541094,114.821252803471,0.0
7.033,1.2874589394990865,-0.4169297361051211,1.0718474653663828,0.0,2.459433158382204,2.133975493316476,114.5104343870316,114.821252803471,0.0
7.034,1.3183256036309419,-0.4046303361022459,1.090143498720449,0.0,2.467227431485827,2.143577343024221,114.44670810608372,114.821252803471,0.0
7.035,1.347589833443661,-0.39059378357347174,1.1257520861682595,0.0,2.473781435471726,2.1538220207191925,114.3321592149882,114.821252803471,0.0
7.0360000000000005,1.3763435898566208,-0.3755868824993001,1.1879174676008495,0.0,2.4791941132356605,2.1673094662190646,114.1556544412418,114.821252803471,0.0
7.037,1.4065436184736935,-0.36077243988006497,1.2828258380963424,0.0,2.4839347480958156,2.186773236301774,113.91599105624014,114.821252803471,0.0
7.038,1.440816853029448,-0.34754715487636534,1.4117101480694751,0.0,2.4888410595540114,2.2145248277393548,113.62911260939617,114.821252803471,0.0
7.039000000000001,1.482096132446133,-0.33724771508814755,1.5670707734322091,0.0,2.4950312134834784,2.251594728478888,113.33022533600409,114.821252803471,0.0
7.04,1.5328749692060983,-0.33092848133348507,1.7314246848029196,0.0,2.5037172207788214,2.296929099285137,113.15213101100444,114.821252803471,0.0
7.041,1.5943620297384535,-0.32898022421875284,1.8371630652274091,0.0,2.51591694848018,2.3423305281823215,113.21807405279574,114.821252803471,0.0
7.042,1.663746806061151,-0.32969338584181107,1.8202233318385117,0.0,2.5315347766508065,2.374473577692728,113.48463540172739,114.821252803471,0.0
7.043,1.732882453186022,-0.3291612644516355,1.7003088313901251,0.0,2.5487394619862607,2.385031833933213,113.69266739602197,114.821252803471,0.0
7.0440000000000005,1.7920752583052502,-0.32304876565198115,1.607578688317322,0.0,2.564612450758157,2.3814337102578045,113.52071755575915,114.821252803471,0.0
7.045,1.8377397998492917,-0.309917625375847,1.7065589609258536,0.0,2.5771550278429456,2.3871666577261417,112.81707500611346,114.821252803471,0.0
7.046,1.8781116764422985,-0.2934739131789379,2.0784220137222755,0.0,2.5873391450271894,2.429511440227854,112.11670694517557,114.821252803471,0.0
7.047,1.9309555346217895,-0.2829293022524316,2.4556515027741748,0.0,2.599743858663234,2.50100766383175,111.27980557643511,114.821252803471,0.0
7.048,2.0083742044468367,-0.2789827805743543,2.909516659414762,0.0,2.6177290520207404,2.6047599936798465,112.40617715842087,114.821252803471,0.0
7.049,2.1174821256467977,-0.2871282498793363,2.3704816248723803,0.0,2.6452264258676346,2.624875419879071,114.5555659603315,114.821252803471,0.0
7.05,2.209696577489388,-0.29052576697709676,1.2984440923484595,0.0,2.6722778771374647,2.5241427521201687,114.23030278543025,114.821252803471,0.0
7.051,2.234763925996318,-0.2667118767540676,1.4669851799794928,0.0,2.6838974134089124,2.463613127411457,111.02316387342157,114.821252803471,0.0
7.0520000000000005,2.2316166010698444,-0.22778945931582828,3.1085355252843314,0.0,2.684258706566367,2.5897804251349648,108.60456828721087,114.821252803471,0.0
7.053,2.296227123743942,-0.21023573976658771,4.380000163552282,0.0,2.6956589152043926,2.8196740984148763,111.9984314422798,114.821252803471,0.0
7.054,2.455452505566875,-0.23273790525572757,2.71129679962973,0.0,2.731559245705906,2.8145777220426598,118.02091120109992,114.821252803471,0.0
7.055,2.5581643680972794,-0.26963317543602006,-0.33193966375662187,0.0,2.7671933635849855,2.4858059879644263,116.96940578256799,114.821252803471,0.0
7.056,2.478365113837283,-0.2415234085326734,0.17233151571837402,0.0,2.7629258692071637,2.289182070051941,112.08716122236444,114.821252803471,0.0
7.057,2.331451054136602,-0.18237002906590805,2.6407947116312123,0.0,2.7331969584035645,2.3936445882730606,110.20443198884571,114.821252803471,0.0
7.058,2.274782757330338,-0.16003360882534545,3.6283275365368306,0.0,2.715021718070643,2.573396314423878,113.58518424988115,114.821252803471,0.0
7.059,2.314652289256111,-0.18887931456183682,1.9503120915550092,0.0,2.720035566219515,2.5339459852493675,117.63009507959788,114.821252803471,0.0
7.0600000000000005,2.3226057200912584,-0.21623853884546895,-0.10023174606462315,0.0,2.723324054249884,2.289686224046247,118.01360124620298,114.821252803471,0.0
7.061,2.21455172024833,-0.1997974277173985,-0.3239083137944938,0.0,2.6997756028899795,2.0780477779834587,114.62362753690141,114.821252803471,0.0
7.062,2.0403377167823873,-0.1524925097175871,1.3730547935219877,0.0,2.6523790221910875,2.092204039255895,111.75137379186482,114.821252803471,0.0
7.063,1.9226383553126245,-0.12786493623961548,2.8398804561563433,0.0,2.6089017417867506,2.2557909978748274,111.68943299772761,114.821252803471,0.0
7.064,1.9135135009473703,-0.15418295051149156,2.902169051282385,0.0,2.5892721425894263,2.3906817617944345,113.80542382165417,114.821252803471,0.0
7.065,1.9693379678587095,-0.21370577875878094,1.8543319291372697,0.0,2.591378910668278,2.3880035801112243,116.15006659939442,114.821252803471,0.0
7.066,2.0087760275551494,-0.26804567440980165,0.6687224023079117,0.0,2.598389344010063,2.2620852747769478,117.52532822183763,114.821252803471,0.0
7.067,1.9789505615201772,-0.2914914583344132,-0.04594916309735675,0.0,2.5941425407594387,2.086377248244803,116.93347886076548,114.821252803471,0.0
7.0680000000000005,1.875999947872789,-0.2799215471227675,0.2288532568657735,0.0,2.5712424671081355,1.9762166387316706,115.38508068565038,114.821252803471,0.0
7.069,1.7502708936223292,-0.25544341471469867,0.9974140656015278,0.0,2.5370394444178794,1.969376437397099,114.15607386474852,114.821252803471,0.0
7.07,1.6552730823462305,-0.24446457636856783,1.618569265439682,0.0,2.504609812969196,2.0296338865196644,113.79393819917001,114.821252803471,0.0
7.071,1.613300786051091,-0.2589337768238618,1.8099102442719448,0.0,2.4831502900111824,2.099125557737977,114.2700600079968,114.821252803471,0.0
7.072,1.6140665075090452,-0.2941367357809911,1.577361267813292,0.0,2.4745135199515316,2.1315243600165563,115.19368975951686,114.821252803471,0.0
7.073,1.6285910240606438,-0.335776030287846,1.1118220224928068,0.0,2.4742085999318872,2.1093457382345493,116.01775804779402,114.821252803471,0.0
7.074,1.6274712356237369,-0.3693679986460616,0.6878228259109962,0.0,2.474995033310342,2.0476383893515595,116.51313116114659,114.821252803471,0.0
7.075,1.59653171364919,-0.38698740427748224,0.4232174856579549,0.0,2.471134303398526,1.9707059727655298,116.50446763813319,114.821252803471,0.0
7.0760000000000005,1.5367177227125446,-0.3887209715119574,0.4107170988180311,0.0,2.4599809031587676,1.9086218794803451,116.16963943893118,114.821252803471,0.0
7.077,1.4625907265513896,-0.381925423014566,0.5646473320644332,0.0,2.4429695876074087,1.876244014693567,115.7668830430174,114.821252803471,0.0
7.078,1.3917335487696443,-0.3756414906857648,0.7565692276258609,0.0,2.4237983400613126,1.872027930604005,115.49741323487581,114.821252803471,0.0
7.079,1.3362495434256163,-0.3763510903768772,0.8845425273826097,0.0,2.4062635041501803,1.8838688429964425,115.43513385159784,114.821252803471,0.0
7.08,1.2993864012739762,-0.3859012099790407,0.9095434085403251,0.0,2.3927096602287325,1.8977426500715446,115.55589741153413,114.821252803471,0.0
7.081,1.2770288937455638,-0.40210943011561406,0.8418151824915472,0.0,2.3835859844259413,1.9032642727766582,115.79115129866452,114.821252803471,0.0
7.082,1.2612586713223066,-0.4208657352763467,0.7144892539744203,0.0,2.3778279498402544,1.8955039451458595,116.00434815907465,114.821252803471,0.0
7.083,1.2441091768054875,-0.4376979594067976,0.5960598702133157,0.0,2.3735336675527985,1.8779186160636385,116.14945543343819,114.821252803471,0.0
7.0840000000000005,1.22124675527748,-0.45026308404088666,0.5102242067318741,0.0,2.3691241220543127,1.8557481339384592,116.21754203207549,114.821252803471,0.0
7.085,1.1919727636033675,-0.45811877917849475,0.4622180151271824,0.0,2.3636769581119528,1.8339229359031213,116.17488374622468,114.821252803471,0.0
7.086,1.158152937725568,-0.4621422747046964,0.47001084862504827,0.0,2.3569560183168017,1.8185002558077081,116.0812934684006,114.821252803471,0.0
7.087,1.1238943798628573,-0.46457526771947427,0.504205580887791,0.0,2.349592298767987,1.8110614850623659,116.06232624554337,114.821252803471,0.0
7.088,1.092934325577325,-0.4675072081949089,0.501278457895681,0.0,2.3425192576216696,1.8060293089776973,116.00353315913092,114.821252803471,0.0
7.089,1.065617215135085,-0.4710494450953506,0.5188521975453069,0.0,2.336010629635813,1.805450710584036,115.946150197332,114.821252803471,0.0
7.09,1.0429966541252342,-0.4758018095674027,0.5362947045061579,0.0,2.330582342332096,1.8082371382070128,115.91779896959605,114.821252803471,0.0
7.091,1.0253038726261199,-0.48190761251119707,0.5395048567128842,0.0,2.326599641200145,1.8121007863652556,115.92820081415046,114.821252803471,0.0
7.0920000000000005,1.0116554796590145,-0.48886932415070583,0.5232344543288854,0.0,2.324106305248122,1.8146823492215627,115.95698058716742,114.821252803471,0.0
7.093,1.0003444907101877,-0.49571394118207157,0.49748728998343883,0.0,2.3228037499339864,1.8151946629975777,115.93497792232392,114.821252803471,0.0
7.094,0.9897760913748238,-0.5015275252851338,0.4973513712166586,0.0,2.3222537296098893,1.8168174244810882,116.04307487419068,114.821252803471,0.0
7.095,0.9802319989835948,-0.5063223729185654,0.4310846745760841,0.0,2.3223902848652007,1.8118790965107234,116.04736264692421,114.821252803471,0.0
7.096,0.9685868243632947,-0.5084321198543169,0.4166796897747851,0.0,2.322203475484542,1.8077119037855107,116.00099316169918,114.821252803471,0.0
7.097,0.9558506771057276,-0.5083469817842785,0.42806702880501746,0.0,2.3215881651123667,1.806623930988221,115.92723274517475,114.821252803471,0.0
7.098,0.9438077225753536,-0.5070759344470916,0.453887437650198,0.0,2.3207866246712885,1.809506959541875,115.85391991867614,114.821252803471,0.0
7.099,0.9341827463833833,-0.505598096265218,0.4802171797474506,0.0,2.3202036894030504,1.8155979165741152,115.79689587214713,114.821252803471,0.0
7.1000000000000005,0.9279122860219495,-0.5044359541395356,0.49897277232519355,0.0,2.3201750861128536,1.823414803016725,115.75431481807499,114.821252803471,0.0
7.101,0.9250273012276499,-0.5035863984538492,0.5109326792152257,0.0,2.320849202091769,1.831829818041939,115.71217596480207,114.821252803471,0.0
7.102,0.9250439883386705,-0.5027504576302693,0.5230928742383734,0.0,2.3222139500415775,1.8406580801160135,115.65260134777877,114.821252803471,0.0
7.103,0.9275182277354863,-0.5016443024332486,0.5445666973069463,0.0,2.324211731740376,1.8507085099024334,115.54552639484376,114.821252803471,0.0
7.104,0.9324851315877388,-0.5002166413905014,0.5908614378607226,0.0,2.3268687970852047,1.864309741080541,115.29148332405519,114.821252803471,0.0
7.105,0.9409418359104578,-0.4990117115152508,0.7131806680491652,0.0,2.3305020133375103,1.8889281551535348,115.10827637235877,114.821252803471,0.0
7.106,0.9562579888293413,-0.5010480701857395,0.8019139082084973,0.0,2.3364697981243916,1.918385303782253,115.1114330720444,114.821252803471,0.0
7.107,0.9787368293723102,-0.5059700606589322,0.7974337556799468,0.0,2.3453075746608025,1.941793855916515,115.21443815623662,114.821252803471,0.0
7.1080000000000005,1.00389810321434,-0.5107601620303693,0.741999360056181,0.0,2.356080120003125,1.9551493967804694,115.3209565797754,114.821252803471,0.0
7.109,1.0267015120751382,-0.5123581904437458,0.6837431105237504,0.0,2.367238847009368,1.960136032363664,115.3592382102228,114.821252803471,0.0
7.11,1.044261972840528,-0.5090846840814421,0.659222441232532,0.0,2.377404298889319,1.9619215493668682,115.30435897804009,114.821252803471,0.0
7.111,1.056819713669787,-0.5011481942309215,0.6818309955781979,0.0,2.385891478461661,1.9660714606451188,115.17442716125521,114.821252803471,0.0
7.112,1.0670707263512562,-0.4902047967655733,0.7432651603927934,0.0,2.39282052238191,1.9761847373522579,115.01077702601202,114.821252803471,0.0
7.113,1.078618902087127,-0.47841943560402256,0.8231949857889771,0.0,2.3988810338277315,1.992989740722011,114.85402563314938,114.821252803471,0.0
7.114,1.0944363626816762,-0.4675558129102454,0.901242953923516,0.0,2.4049388495812467,2.014881834232167,114.7292293063162,114.821252803471,0.0
7.115,1.115975013496523,-0.4584662499305371,0.9645613523116526,0.0,2.4116888774095955,2.039163967124321,114.64404129745863,114.821252803471,0.0
7.1160000000000005,1.1430737430518427,-0.45105664951701774,1.0089274718005619,0.0,2.4194679553286345,2.063174504927056,114.59388134759784,114.821252803471,0.0
7.117,1.1744034840375266,-0.44456839623979383,1.0362811612896856,0.0,2.4282305673796833,2.0849518571774643,114.56831442005212,114.821252803471,0.0
7.118,1.2081007598160411,-0.4379664217168755,1.0515940088967368,0.0,2.437633318785921,2.103445208824042,114.5557428543072,114.821252803471,0.0
7.119,1.2423327465623122,-0.4302798585850097,1.0605348912608352,0.0,2.447165628016914,2.11843132324626,114.54487741504583,114.821252803471,0.0
7.12,1.2756748066338341,-0.4208244116607431,1.0687313647757697,0.0,2.456280084236681,2.1303589536719523,114.52304946670633,114.821252803471,0.0
7.121,1.307312920214646,-0.4093102250463639,1.0826273723131696,0.0,2.4645038518187006,2.1403050908778436,114.4745601032737,114.821252803471,0.0
7.122,1.3371633066598478,-0.39588487520264887,1.1103389810314541,0.0,2.4715382097464427,2.15002114663182,114.38112671911132,114.821252803471,0.0
7.123,1.3659718955399258,-0.381142326004497,1.1614569339562413,0.0,2.4773533105434487,2.161944450425362,114.2283939143873,114.821252803471,0.0
7.1240000000000006,1.395379679629817,-0.36610625596236235,1.2437519252090907,0.0,2.4822726894274547,2.1788514330667272,114.01118939362216,114.821252803471,0.0
7.125,1.427807464348498,-0.3521199846611853,1.3604548196901471,0.0,2.4870026995444885,2.2033010453345887,113.73823870381679,114.821252803471,0.0
7.126,1.4661463283468885,-0.3405869388988265,1.5077603055893742,0.0,2.4925758975557577,2.2369222746988355,113.43514353537094,114.821252803471,0.0
7.127,1.5131829815182698,-0.3326833209780397,1.6731689824932998,0.0,2.5001998311886613,2.2796699573193564,113.19198041635636,114.821252803471,0.0
7.128,1.5707524763239993,-0.3291822530979895,1.8110432658717373,0.0,2.511030058432729,2.3265550715467875,113.16096619977576,114.821252803471,0.0
7.1290000000000004,1.6379387418521123,-0.3292732800681468,1.8431532401989903,0.0,2.525510798020652,2.365173257158061,113.3742218941556,114.821252803471,0.0
7.13,1.7084096507224267,-0.3297651794791078,1.7509957021022249,0.0,2.5424584808764132,2.383839331912629,113.64451177775928,114.821252803471,0.0
7.131,1.7722350656113324,-0.3261222204846377,1.6276181705575015,0.0,2.5591723584385537,2.383367527839288,113.64585050611532,114.821252803471,0.0
7.132000000000001,1.8226260147126556,-0.31543425837235795,1.6387028293530352,0.0,2.57302842159474,2.3821626294601943,113.12534291020046,114.821252803471,0.0
7.133,1.8631318980188378,-0.29944603656246405,1.9159157262431727,0.0,2.583726563819433,2.4088946616319227,112.31716024490494,114.821252803471,0.0
7.134,1.90960616683036,-0.2849127558502321,2.345047984476593,0.0,2.594589316378583,2.4737486135095157,111.5798528394243,114.821252803471,0.0
7.135,1.9783520670448465,-0.27840572164613797,2.7461156868573773,0.0,2.610280747914249,2.5659322637993376,112.20874595824071,114.821252803471,0.0
7.136,2.075960331967007,-0.28262208215637363,2.4577941959014766,0.0,2.634150271323498,2.6046912010454957,113.9960805853157,114.821252803471,0.0
7.1370000000000005,2.1688246869200105,-0.28630498932377213,1.5723786045455377,0.0,2.6598716922997485,2.538209700372759,114.24253464979947,114.821252803471,0.0
7.138,2.2101234430729817,-0.269438863710158,1.4549387538403675,0.0,2.674480718221929,2.4732700445736144,111.63533204981586,114.821252803471,0.0
7.139,2.2163276853911826,-0.23562142953570464,2.790399261368723,0.0,2.6775836194689235,2.564090832188302,108.8051634986408,114.821252803471,0.0
7.140000000000001,2.270663965482867,-0.21634252675008814,4.265644430004556,0.0,2.6876758043880136,2.789147246253975,111.34981243845353,114.821252803471,0.0
7.141,2.4210909790467925,-0.23467241410510775,3.028034363748366,0.0,2.7214734888586714,2.8258140697393346,119.29677183476706,114.821252803471,0.0
7.142,2.5446831219619677,-0.2622646035244105,-0.9902005247213601,0.0,2.7584099291933724,2.420473376669088,116.83682811892928,114.821252803471,0.0
7.143,2.43817977455559,-0.22557892595942075,0.2196155800429478,0.0,2.746807309761235,2.2455738069919575,110.13961491812515,114.821252803471,0.0
7.144,2.2847733340519394,-0.16031624380075538,3.6150385592984704,0.0,2.7120629570427965,2.4642119739911292,109.10614565065711,114.821252803471,0.0
7.1450000000000005,2.2764513103106734,-0.15528292681317246,4.188924264560628,0.0,2.702755818249071,2.686066445011326,114.44401113092265,114.821252803471,0.0
7.146,2.3697664150659024,-0.20703031835742602,1.5237639411533435,0.0,2.7223073866764813,2.5755503806622198,119.25856655042053,114.821252803471,0.0
7.147,2.383145081124848,-0.2378216781640634,-0.9278869060650912,0.0,2.731721767489528,2.2344725874118785,118.20791316220271,114.821252803471,0.0
7.148000000000001,2.2345160932603125,-0.20347335400046196,-0.4364268155435034,0.0,2.702000701640173,2.023504105323122,113.45388365170297,114.821252803471,0.0
7.149,2.031608721915343,-0.14095265939363844,1.954261631224051,0.0,2.647621101001764,2.1095550140668244,110.47220794157944,114.821252803471,0.0
7.15,1.9260421344597374,-0.11905070494303804,3.4885899349047294,0.0,2.605500543258067,2.3360153517161795,111.33688744288571,114.821252803471,0.0
7.151,1.9541498946086564,-0.16066007463272391,3.0910938378574473,0.0,2.5950341252640476,2.472402226623286,114.47733893463997,114.821252803471,0.0
7.152,2.037241472978165,-0.23199360584253104,1.524307230668626,0.0,2.6066836312963235,2.416873210400825,117.28260438243048,114.821252803471,0.0
7.1530000000000005,2.0716890727861688,-0.28408195602045594,0.0970609909837794,0.0,2.616631668310598,2.223774505915207,118.14484010153838,114.821252803471,0.0
7.154,2.0070263379774564,-0.29167746574885234,-0.3672927415508449,0.0,2.606589653743228,2.0216314042246566,116.68150494512986,114.821252803471,0.0
7.155,1.8667683535033126,-0.2622655582549447,0.34577231523682594,0.0,2.574026265541926,1.936560855762484,114.5939610391514,114.821252803471,0.0
7.156000000000001,1.7256409998319713,-0.2300131105784795,1.3918171858692538,0.0,2.5329585111450656,1.9787967375871944,113.34060083569618,114.821252803471,0.0
7.157,1.642125747812086,-0.22451186446806137,2.0333038072746104,0.0,2.4999385077749805,2.080580739623486,113.33050351586371,114.821252803471,0.0
7.158,1.627771605865369,-0.25252552325057265,2.0532599600669172,0.0,2.4835354198727133,2.1654084548061805,114.28915486577867,114.821252803471,0.0
7.159,1.6557551624249403,-0.3012313557611942,1.5792552644863609,0.0,2.482332917267285,2.1845512789975743,115.39572719667562,114.821252803471,0.0
7.16,1.683840658242611,-0.3498875056313987,1.0202243551058385,0.0,2.4880300655021563,2.142096648458886,116.4301997196856,114.821252803471,0.0
7.1610000000000005,1.6830231614518953,-0.38364447066189145,0.4868986244387019,0.0,2.492138740514323,2.0517524541231293,117.02947338444555,114.821252803471,0.0
7.162,1.6387373071456093,-0.39489820032303047,0.165179586248982,0.0,2.4877024692041183,1.9456609788337518,116.77300693776904,114.821252803471,0.0
7.163,1.5557665767218067,-0.3852195353603429,0.2738952682442577,0.0,2.4719234870534885,1.8735948611472244,116.11290446179338,114.821252803471,0.0
7.164000000000001,1.4602939893071192,-0.36777522204301105,0.5910299896488653,0.0,2.4486937035339906,1.8506273968602185,115.49967810439415,114.821252803471,0.0
7.165,1.378354018356489,-0.3561935884480588,0.8908589153392474,0.0,2.4243906153754695,1.865502206192282,115.17826258375587,114.821252803471,0.0
7.166,1.3237657015068873,-0.35798912617136996,1.0479965778555402,0.0,2.4043186424515213,1.8959313945391245,115.20124987357475,114.821252803471,0.0
7.167,1.296381143000259,-0.3731137460703605,1.0327029622450596,0.0,2.390942538466307,1.9205232106838055,115.46728437380746,114.821252803471,0.0
7.168,1.2861356281082037,-0.3962248783405947,0.893225396425342,0.0,2.3837542048448186,1.926981799784493,115.82539383987485,114.821252803471,0.0
7.1690000000000005,1.2798248774881384,-0.42043931549173974,0.7041292530276086,0.0,2.380363040259472,1.9132616239166957,116.12245751980451,114.821252803471,0.0
7.17,1.266897220975822,-0.4399921392976284,0.5425853658994413,0.0,2.3778476407930156,1.8860544177371765,116.27770662299052,114.821252803471,0.0
7.171,1.2427219218189722,-0.45229463151631255,0.45039627611124167,0.0,2.37402080656125,1.8553210375656741,116.29149898411565,114.821252803471,0.0
7.172,1.2085541515895137,-0.45793299814565513,0.4287976337422319,0.0,2.3680005131425514,1.8293410539591082,116.17654100654983,114.821252803471,0.0
7.173,1.169221808016268,-0.459406265407415,0.47272374049435495,0.0,2.360089926437566,1.8143897776285147,116.02670193481052,114.821252803471,0.0
7.174,1.1311136253555596,-0.4602185078956465,0.5355887850506136,0.0,2.3515498847711074,1.8104170407510944,115.92831032022238,114.821252803471,0.0
7.175,1.0989000336270047,-0.4629696352145071,0.5737140171771689,0.0,2.343761075163746,1.8127151117466636,115.93417569180765,114.821252803471,0.0
7.176,1.0738788371670767,-0.4683864451380473,0.5596521025011658,0.0,2.3375492914350775,1.8145066274396198,115.95007652702054,114.821252803471,0.0
7.1770000000000005,1.0539767093100907,-0.4752529640532599,0.5404134476592257,0.0,2.33283898663001,1.8154612024042298,115.97777022376289,114.821252803471,0.0
7.178,1.0374243409023096,-0.4825831391612264,0.5150014250851336,0.0,2.329432823874634,1.8148680927034266,116.00691326844816,114.821252803471,0.0
7.179,1.0225877645792725,-0.4894489783153331,0.48857329809272687,0.0,2.326989906980588,1.8128072036651992,116.0214438720488,114.821252803471,0.0
7.18,1.0083139149708147,-0.4951826848551536,0.4693060856066251,0.0,2.3251472421999626,1.8102747574315425,115.99330704697446,114.821252803471,0.0
7.181,0.9942276050989499,-0.49954332709739313,0.4716539557087609,0.0,2.3236579328552827,1.8096689827691055,115.90732259812945,114.821252803471,0.0
7.182,0.9811147317347176,-0.5029818824296659,0.5037854821846817,0.0,2.3225916116429537,1.8137873968211213,115.97999553636171,114.821252803471,0.0
7.183,0.9708070831856184,-0.5064652819403254,0.4558615857396453,0.0,2.32239255234991,1.8127971060797479,116.01370612970402,114.821252803471,0.0
7.184,0.9604264226025118,-0.5083414635979376,0.4270817558061619,0.0,2.322285915899264,1.8102381923336257,115.99048439280662,114.821252803471,0.0
7.1850000000000005,0.9494252969772738,-0.5082871766358473,0.4270003083615044,0.0,2.3219093183366635,1.8093096626104181,115.92552467022169,114.821252803471,0.0
7.186,0.938835587112356,-0.5068803904208016,0.4484374509864628,0.0,2.3213233239439686,1.811850083095352,115.8474636797506,114.821252803471,0.0
7.187,0.9302394496244137,-0.5050186781776433,0.4772058374592104,0.0,2.320859250554439,1.8178676912032998,115.77845542395708,114.821252803471,0.0
7.188,0.9248070204659798,-0.5033598842573408,0.5021379391511095,0.0,2.320879495105856,1.8262035843154303,115.72337363307916,114.821252803471,0.0
7.189,0.9228848329730343,-0.5020788199591627,0.5206576262939883,0.0,2.321606975379749,1.8356528734729263,115.67006743970022,114.821252803471,0.0
7.19,0.924189367802915,-0.5009792649990028,0.5388225766211681,0.0,2.323098496139364,1.8458802087004067,115.5927085793299,114.821252803471,0.0
7.191,0.9283588277839595,-0.49979965265967025,0.5697874490477414,0.0,2.3253448365380427,1.858012853695136,115.42250807748216,114.821252803471,0.0
7.192,0.9356198329874066,-0.4985663344806257,0.6488751472314951,0.0,2.3284559385200234,1.8767898503336382,115.13691438983021,114.821252803471,0.0
7.1930000000000005,0.9478286719926318,-0.4989409385983884,0.7885153751938798,0.0,2.3331871696024016,1.9072994433619734,115.07685724333885,114.821252803471,0.0
7.194,0.9684048651660944,-0.5033445498325052,0.8159879040408813,0.0,2.3409768880739503,1.93471548323023,115.15909247565972,114.821252803471,0.0
7.195,0.9939071599695433,-0.5090342367433314,0.7714918911585594,0.0,2.35131106813302,1.9524001137566462,115.28331452024803,114.821252803471,0.0
7.196,1.0188151260565157,-0.5125851102838835,0.7047602516966354,0.0,2.3627139924591765,1.9599693257028064,115.36029283467886,114.821252803471,0.0
7.197,1.038967577175338,-0.5115316393179332,0.6608806941691407,0.0,2.373582155005672,1.9617947839913605,115.34429473710885,114.821252803471,0.0
7.198,1.0533201390988576,-0.5053153728044816,0.6636493236177647,0.0,2.382872792519555,1.9638906002199332,115.23843779128246,114.821252803471,0.0
7.199,1.063834612954324,-0.49516608910099097,0.7124059466528445,0.0,2.3903896893626575,1.9710283743115438,115.07942215597149,114.821252803471,0.0
7.2,1.07410761227545,-0.483257496473662,0.7893320707833291,0.0,2.3966602215786392,1.9851534829155368,114.91255060971129,114.821252803471,0.0
7.2010000000000005,1.0876565906756113,-0.47168492430882847,0.8718548658510246,0.0,2.402562314421563,2.0054137224660633,114.77110896118475,114.821252803471,0.0
7.202,1.1066753475885667,-0.4617407747570455,0.9430771285371559,0.0,2.4089220912062,2.0292907948142043,114.66957802889574,114.821252803471,0.0
7.203,1.1316293967605944,-0.4536948094090822,0.995359342427413,0.0,2.4162479828544283,2.0539002006672678,114.60717574754192,114.821252803471,0.0
7.204,1.1615477443112023,-0.4469870390195855,1.0287012536636169,0.0,2.4246448308337767,2.0768845654580814,114.57456455893194,114.821252803471,0.0
7.205,1.1946468964931023,-0.44061294835464193,1.0474737304139958,0.0,2.4338663582250213,2.0968000086334255,114.55966776816837,114.821252803471,0.0
7.206,1.228969804396304,-0.43351056200323396,1.0575379761488084,0.0,2.443439755602671,2.113120874146151,114.55075673786746,114.821252803471,0.0
7.207,1.2628593379607596,-0.42484243298232904,1.0646984519552976,0.0,2.4528054294650428,2.126069383113677,114.53551681171888,114.821252803471,0.0
7.208,1.2952267103980564,-0.41414655255689053,1.0751757749471094,0.0,2.461439521281341,2.136518993709264,114.49965211066984,114.821252803471,0.0
7.2090000000000005,1.3256962595878845,-0.4014013117355123,1.0963241323996389,0.0,2.468960147289471,2.1459806218302746,114.42549210194134,114.821252803471,0.0
7.21,1.3546969661682815,-0.3870375296553888,1.1373617437791843,0.0,2.4752223098882884,2.1566654211852763,114.29644759089898,114.821252803471,0.0
7.211,1.3835459569515285,-0.37193141407385516,1.2071320514260875,0.0,2.480408701269557,2.1712889326716693,114.1037386849709,114.821252803471,0.0
7.212,1.4144096973996312,-0.35733608429763186,1.310661645575124,0.0,2.485084379541769,2.1925527628860166,113.84943658981624,114.821252803471,0.0
7.213,1.4500537681533725,-0.34467666272225894,1.4475308552890072,0.0,2.4901722899326657,2.2225658846547574,113.55388342623321,114.821252803471,0.0
7.214,1.4934179928663267,-0.33524210047333824,1.6079811308528964,0.0,2.496841513829719,2.2619536994897143,113.26673961406203,114.821252803471,0.0
7.215,1.546778635818592,-0.3300101065909328,1.7670981688325764,0.0,2.506301423115989,2.3085319981753867,113.14052875180798,114.821252803471,0.0
7.216,1.6107294684504074,-0.3289938361221027,1.8470108404762342,0.0,2.5194137015294507,2.3520966962621492,113.26990662052555,114.821252803471,0.0
7.2170000000000005,1.6810824365007995,-0.3298809015423672,1.7978353679469041,0.0,2.5356789618111595,2.3793084055276923,113.55555267089582,114.821252803471,0.0
7.218,1.7486877446102929,-0.3283803197810539,1.6676693440875185,0.0,2.552864932343306,2.384865907784073,113.70027748228044,114.821252803471,0.0
7.219,1.804515058336648,-0.3205121153322865,1.606516691607114,0.0,2.5680375593761227,2.380696173904975,113.39460381908883,114.821252803471,0.0
7.22,1.8475181281303281,-0.30599242993153464,1.773620013046742,0.0,2.579757466968154,2.3932815034601904,112.59871221675961,114.821252803471,0.0
7.221,1.8891986072020326,-0.2898122513979163,2.193791220078466,0.0,2.589929293971813,2.44617326837823,111.5861618953597,114.821252803471,0.0
7.222,1.948691281591342,-0.280138236212342,2.7324172898595362,0.0,2.6034707748818335,2.5437128057183256,111.82275348351071,114.821252803471,0.0
7.223,2.0422027967670022,-0.28271266736749867,2.644106488983631,0.0,2.625791989013784,2.6080607486958236,113.65026886740243,114.821252803471,0.0
7.224,2.1440575136716826,-0.2895980661554982,1.7420586363984563,0.0,2.653047525585418,2.5595949593053975,114.54638183846076,114.821252803471,0.0
7.2250000000000005,2.199747418622414,-0.2789797159267636,1.2967508605193938,0.0,2.671494057047805,2.4736305833148005,112.47369122821948,114.821252803471,0.0
7.226,2.2063576856025473,-0.24605951067594256,2.3565717813925495,0.0,2.6759844586895905,2.5189704468060308,109.50902177368745,114.821252803471,0.0
7.227,2.239481217036089,-0.21947780535756287,3.8920288189563994,0.0,2.681965020983807,2.714949943247721,110.31733908712269,114.821252803471,0.0
7.228,2.361705062547338,-0.22595021379379088,3.532909299402263,0.0,2.7079232586739397,2.8239584410561682,114.42511015543687,114.821252803471,0.0
7.229,2.5054489390758237,-0.2461188391026307,1.4829851917255148,0.0,2.7443403470755134,2.688171868240863,118.71432009082498,114.821252803471,0.0
7.23,2.534642584036857,-0.2595193252934001,-0.7005504488420826,0.0,2.7648094365832963,2.3481421199811465,115.06577454915976,114.821252803471,0.0
7.231,2.3985871116267985,-0.2081817295007482,1.121277104533644,0.0,2.7434475019152296,2.2816566811899044,110.13198027362105,114.821252803471,0.0
7.232,2.2722169060546293,-0.15571211890842368,3.6350669676014946,0.0,2.712314935627616,2.4905223701035237,110.63031105209656,114.821252803471,0.0
7.2330000000000005,2.2774626513467835,-0.16221035574307513,3.4278109958774863,0.0,2.7064216970178614,2.6256114439388423,115.36991860884959,114.821252803471,0.0
7.234,2.3408274668850013,-0.20635766797906954,1.0525205594471858,0.0,2.7194179116302255,2.4804752259832763,118.82911097470107,114.821252803471,0.0
7.235,2.317469516495387,-0.22371650183520023,-0.7171542051908544,0.0,2.718068881587612,2.1834439542368638,117.08322316402106,114.821252803471,0.0
7.236,2.1634480074336557,-0.18718040411637915,0.13316999654364658,0.0,2.682959068286988,2.0439221029908996,113.04384019684528,114.821252803471,0.0
7.237,1.989685576523225,-0.13800501782877508,2.170635606197795,0.0,2.6323641196773795,2.1480330828936114,111.04800982122323,114.821252803471,0.0
7.238,1.9131268296515518,-0.1313755584911204,3.2062832238312975,0.0,2.597002277254738,2.336903889635014,112.1688583279721,114.821252803471,0.0
7.239,1.9449827484250801,-0.17700826475384168,2.672382915211851,0.0,2.5891495920307777,2.4299961828017342,114.80608005743967,114.821252803471,0.0
7.24,2.011058420113823,-0.2418262117631617,1.3539237779383795,0.0,2.5980650517542827,2.3663527114174707,117.07131302606143,114.821252803471,0.0
7.2410000000000005,2.0294800055161564,-0.2867222679117018,0.1988066914015949,0.0,2.604015005073257,2.1947212273203056,117.72004948651758,114.821252803471,0.0
7.242,1.9629999334262207,-0.29311740753039617,-0.15454950565694525,0.0,2.592461319447189,2.021026899937598,116.43476827606229,114.821252803471,0.0
7.243,1.8344223114269542,-0.2686501900661975,0.4719559448447894,0.0,2.5619382243282076,1.9494745359553505,114.70897974743326,114.821252803471,0.0
7.244,1.7077837255952253,-0.243005460673011,1.3359729397196791,0.0,2.52473595426429,1.9834463820121482,113.69914901378321,114.821252803471,0.0
7.245,1.6308168482168008,-0.24051863650310418,1.852109344441581,0.0,2.4946339924476866,2.0656356216808436,113.71108376150131,114.821252803471,0.0
7.246,1.6120478671868803,-0.2662722526517823,1.8572436610022272,0.0,2.478618916797668,2.1332940711149684,114.53900789457813,114.821252803471,0.0
7.247,1.6288222848633092,-0.3092374069164845,1.446104043552746,0.0,2.4754398244636935,2.1452755912009227,115.54195992715698,114.821252803471,0.0
7.248,1.6454082452806313,-0.351880415900715,0.9374209560264626,0.0,2.4780378728173305,2.1022405951223466,116.36355833060124,114.821252803471,0.0
7.2490000000000006,1.6360173095035684,-0.3810780057890878,0.5111986990330322,0.0,2.4788579215256243,2.023170148632628,116.68636294122281,114.821252803471,0.0
7.25,1.590941369053154,-0.3912229242091602,0.3311452923447269,0.0,2.472512885841442,1.9414095435887064,116.48788230418404,114.821252803471,0.0
7.251,1.5185174991658075,-0.3862415520126698,0.41371931585698163,0.0,2.45797689309547,1.8855900384170936,116.01963093262768,114.821252803471,0.0
7.252,1.4381213320070922,-0.3758937580368307,0.6358612203435963,0.0,2.4382241054915577,1.8656280934350349,115.59144305567528,114.821252803471,0.0
7.253,1.3684564452203158,-0.3699746344012655,0.8422532562977498,0.0,2.4179027764896754,1.8730279449758398,115.37169806836681,114.821252803471,0.0
7.2540000000000004,1.319226477285421,-0.37383387708976673,0.9466212973030284,0.0,2.4008372734741545,1.891790890218386,115.39694301435522,114.821252803471,0.0
7.255,1.2901891650503756,-0.3873344204886299,0.9282419221999838,0.0,2.388801082631429,1.9066073836302435,115.59819526235762,114.821252803471,0.0
7.256,1.2740045424125892,-0.40662283202573035,0.8198463736099153,0.0,2.3814368800492547,1.9084888273905716,115.86592748496926,114.821252803471,0.0
7.257000000000001,1.2610782688418773,-0.42662545438157007,0.6755335154891118,0.0,2.3770046464451013,1.895915291475663,116.09366014609549,114.821252803471,0.0
7.258,1.2437201323129037,-0.44310962681271865,0.5489431114997543,0.0,2.3733715153537407,1.8734542022166873,116.214692074824,114.821252803471,0.0
7.259,1.2184283966863396,-0.45408368835082596,0.4744927544219677,0.0,2.368897893490499,1.848560783089444,116.23576611238988,114.821252803471,0.0
7.26,1.1861015855316914,-0.459970669957767,0.44981060254983807,0.0,2.3629201192622395,1.8270418424241897,116.15334915994268,114.821252803471,0.0
7.261,1.1501615117504058,-0.462524271140616,0.4776981152087232,0.0,2.3556102547043243,1.8140216063182275,116.0423843903329,114.821252803471,0.0
7.2620000000000005,1.1154318039504991,-0.46439685523176194,0.5209691841449939,0.0,2.347909801229803,1.809514216943648,116.01947730353842,114.821252803471,0.0
7.263,1.0854607669394163,-0.46757813894990136,0.5204404825415576,0.0,2.340859869533359,1.8071461702865548,115.9744298122178,114.821252803471,0.0
7.264,1.0600725442573244,-0.4718974757557979,0.5314324581143977,0.0,2.3347214405523173,1.8080173335794916,115.94032751133395,114.821252803471,0.0
7.265000000000001,1.0395096249437557,-0.4775031245348851,0.5372928614776977,0.0,2.329857398796314,1.8107303011569362,115.93483758375567,114.821252803471,0.0
7.266,1.023275667117909,-0.4841241360740689,0.5289019774639918,0.0,2.326423312755175,1.8132840726936048,115.95588682438766,114.821252803471,0.0
7.267,1.0100931052605417,-0.49103470038464453,0.5070310169388272,0.0,2.324281964430588,1.8142049038809125,115.97671808842853,114.821252803471,0.0
7.268,0.9983691775107266,-0.4973255554401364,0.4850607320688194,0.0,2.323069722470189,1.813779301820487,115.92354918105688,114.821252803471,0.0
7.269,0.9870825645392641,-0.5023887683523154,0.5006222219787817,0.0,2.3224301893695722,1.8163307906582233,116.0072309391367,114.821252803471,0.0
7.2700000000000005,0.9773900506102946,-0.5068164936815903,0.44692156158221485,0.0,2.3225461761198893,1.8134538001618745,116.04295834718,114.821252803471,0.0
7.271,0.9665619508018952,-0.50903828000671,0.41684080212347463,0.0,2.32256298438801,1.80919839629333,116.0137690786577,114.821252803471,0.0
7.272,0.9544061388078111,-0.5089296877777916,0.4195102736327585,0.0,2.322118408434031,1.8071935214203272,115.94047825954537,114.821252803471,0.0
7.273000000000001,0.9424161553702062,-0.5073310569693312,0.4449634286281796,0.0,2.3213430391215093,1.8093151688318245,115.85693220420549,114.821252803471,0.0
7.274,0.9325340354174184,-0.5053470488812499,0.4763796622907749,0.0,2.3206551168997858,1.815315502084283,115.78778721896393,114.821252803471,0.0
7.275,0.9260817080140569,-0.5037232426587779,0.5012868107566277,0.0,2.320477241621888,1.8236835685987822,115.73742125717308,114.821252803471,0.0
7.276,0.9233601367379325,-0.5026087792276042,0.5173081071150296,0.0,2.321047607608026,1.832945161615148,115.69211978048112,114.821252803471,0.0
7.277,0.9239300733239277,-0.5017225551878705,0.5312501756909088,0.0,2.3224007562871285,1.842621137771033,115.6286707590094,114.821252803471,0.0
7.2780000000000005,0.9272470165440772,-0.5007137923160208,0.5549005068713878,0.0,2.3244840860384017,1.8535677825349766,115.50246685239583,114.821252803471,0.0
7.279,0.93328824709738,-0.4994846569297273,0.6111903196889237,0.0,2.3273286300271705,1.8689521059671161,115.2126418346664,114.821252803471,0.0
7.28,0.9432704425636532,-0.49889333702422123,0.7521889382416833,0.0,2.3313743981245314,1.896991772171789,115.09199216767361,114.821252803471,0.0
7.281000000000001,0.9611108686438979,-0.5022159197914032,0.8098063780960522,0.0,2.3381909533360687,1.9256973558500199,115.13634040143165,114.821252803471,0.0
7.282,0.9851368337476216,-0.50768878443282,0.784481385237424,0.0,2.3477652006771605,1.9463876611679816,115.25323695818582,114.821252803471,0.0
7.283,1.0102466534165473,-0.5120453807086394,0.7217132653131905,0.0,2.3588755507598647,1.956793296912633,115.3482060164395,114.821252803471,0.0
7.284,1.031737491618083,-0.5124633339734104,0.6689592040566645,0.0,2.36991783830513,1.9599812445466331,115.36127693456581,114.821252803471,0.0
7.285,1.0475883218733588,-0.507790879616161,0.657023503682565,0.0,2.3796565423473237,1.9616405567971094,115.28114165907861,114.821252803471,0.0
7.2860000000000005,1.0589031780521938,-0.49874995359421703,0.6924922528700859,0.0,2.387639529891505,1.967042601764007,115.13563416046351,114.821252803471,0.0
7.287,1.0688767190936312,-0.48728496327473453,0.7621021886077125,0.0,2.394193683503034,1.979021205475127,114.96894393260696,114.821252803471,0.0
7.288,1.0811327820097636,-0.4755636195746873,0.8439703912446272,0.0,2.4001155842207114,1.9975183355986117,114.81863567950475,114.821252803471,0.0
7.289000000000001,1.0983024439125222,-0.4651420721142876,0.9191506890353949,0.0,2.4062658510953265,2.0204429913319895,114.70461194416225,114.821252803471,0.0
7.29,1.1213662834921434,-0.4565934541041328,0.977328965299732,0.0,2.4132574243493043,2.0449726898559284,114.6301804243611,114.821252803471,0.0
7.291,1.1497595754036514,-0.449590060549455,1.016455448991407,0.0,2.421317923019365,2.0685780825818427,114.58819947213811,114.821252803471,0.0
7.292,1.1819174521077664,-0.4432431298650076,1.0397764584162288,0.0,2.4303047826552695,2.089549598583649,114.56732319482546,114.821252803471,0.0
7.293,1.2159196942970183,-0.4364954363191913,1.0527538931590101,0.0,2.439811330944568,2.107098288802545,114.55603949550948,114.821252803471,0.0
7.2940000000000005,1.2500133605100434,-0.4284347520946996,1.0610478758966162,0.0,2.4493028950975906,2.12121504772065,114.54313039173881,114.821252803471,0.0
7.295,1.2829319443129845,-0.41847924331953346,1.0702836518992718,0.0,2.4582424796040994,2.1325221751389702,114.51579704660718,114.821252803471,0.0
7.296,1.314056549007894,-0.40645810265950105,1.0870048820337286,0.0,2.4661960480169354,2.1422450051424615,114.45785345041716,114.821252803471,0.0
7.297,1.3435121908755574,-0.39263611885262006,1.1196106736592744,0.0,2.472926335776681,2.1522814592058594,114.35148706185593,114.821252803471,0.0
7.298,1.3722598887913247,-0.37771532779592304,1.1774915253560385,0.0,2.4784841729886242,2.165160442057223,114.18426055892209,114.821252803471,0.0
7.299,1.4021327080470178,-0.3628040872517192,1.2674746992684491,0.0,2.483283096215215,2.1836281178190737,113.9533210839223,114.821252803471,0.0
7.3,1.4356742827975102,-0.3492777366856027,1.3916237539638292,0.0,2.488110108538499,2.2100946375747688,113.6718048417441,114.821252803471,0.0
7.301,1.4758004466074028,-0.33849767369382844,1.5438763546701977,0.0,2.4940505281815923,2.245825039846386,113.36996694190984,114.821252803471,0.0
7.3020000000000005,1.525120690769397,-0.33156181749342994,1.7093081632029437,0.0,2.50231480253541,2.2902274515669685,113.16499637466805,114.821252803471,0.0
7.303,1.585113758389693,-0.32903030269773315,1.8283560111118666,0.0,2.5139837825603824,2.3363509597389163,113.19328400175766,114.821252803471,0.0
7.304,1.6537321316091476,-0.3295440980302736,1.8304918855841945,0.0,2.5291800480345885,2.3711253924310967,113.44197849878637,114.821252803471,0.0
7.305,1.723503024166784,-0.32946086926979967,1.7199373801166866,0.0,2.5463198371136144,2.384771039606185,113.67821352050022,114.821252803471,0.0
7.306,1.7845513705668,-0.32432851685836894,1.613250262089468,0.0,2.562546485524594,2.3821184538649223,113.57744606247564,114.821252803471,0.0
7.307,1.8319715426406336,-0.3121015724897209,1.6760720585117101,0.0,2.5755915701639127,2.3847253248614813,112.9414843513143,114.821252803471,0.0
7.308,1.8721335427944603,-0.29572950910897855,2.012850598613949,0.0,2.5859141759107596,2.420849820373157,112.2418160587051,114.821252803471,0.0
7.309,1.9225434062311475,-0.28303100861047126,2.3884791123662095,0.0,2.597583856213062,2.487202013043579,111.53048998312043,114.821252803471,0.0
7.3100000000000005,1.995090951230638,-0.2778203289181336,2.7770497783620476,0.0,2.6142755979910026,2.5795963112836318,112.30284852425294,114.821252803471,0.0
7.311,2.0955990219158673,-0.2829143140040339,2.416054550587976,0.0,2.6391500405715287,2.6104947598369863,114.16287776575173,114.821252803471,0.0
7.312,2.1868296652250216,-0.2859118710363574,1.4926236802157722,0.0,2.664905675172033,2.5337930742727015,114.1228356800982,114.821252803471,0.0
7.313,2.2222815511915357,-0.2665409973014822,1.5196288942762624,0.0,2.6782548060749,2.476554601952048,111.33802663496445,114.821252803471,0.0
7.314,2.2279831853369862,-0.23201401771799635,2.946865678528206,0.0,2.680940917638579,2.58282822318452,108.80917941870364,114.821252803471,0.0
7.315,2.2894541700034177,-0.2145511942241124,4.271410020506286,0.0,2.6924101393806454,2.8034658112533295,111.74716198517233,114.821252803471,0.0
7.316,2.4425246788608974,-0.23440224874775517,2.833159645454928,0.0,2.727154441987926,2.815510531886376,118.78280369440319,114.821252803471,0.0
7.317,2.550711607057395,-0.26881413383799047,-0.7242767180698235,0.0,2.763215583212472,2.4425198574665963,116.06325812792664,114.821252803471,0.0
7.3180000000000005,2.453618919036664,-0.23261890207994462,0.6230760119238903,0.0,2.754045948528298,2.3059795935100498,110.90048992508483,114.821252803471,0.0
7.319,2.322755104834649,-0.17744729019283545,3.243667742128661,0.0,2.726432325926886,2.470392048185344,110.40854763588868,114.821252803471,0.0
7.32,2.3049430938802704,-0.17022655521724805,3.5337659384025573,0.0,2.7177787463247003,2.62195746248401,114.85156262074302,114.821252803471,0.0
7.321,2.359011882629672,-0.20611874274237807,1.3119553478026649,0.0,2.7291674140901208,2.5040751435918853,118.6328381023341,114.821252803471,0.0
7.322,2.3409335119155754,-0.2229610786002767,-0.6167982459815065,0.0,2.7291227182589037,2.2117044426212997,117.37347557955809,114.821252803471,0.0
7.323,2.1923043096636485,-0.1879029343701497,-0.012639212354369711,0.0,2.695820602689857,2.050479800342049,113.3162625232585,114.821252803471,0.0
7.324,2.0124013647933685,-0.13573115793127855,2.0310172185975492,0.0,2.644337920483815,2.139111059715469,111.05612935750851,114.821252803471,0.0
7.325,1.9245437282795361,-0.12340107745095763,3.19873503593217,0.0,2.6060320413472735,2.329608631096052,111.97540496275565,114.821252803471,0.0
7.3260000000000005,1.9491674316087981,-0.16509025155662782,2.767555711715755,0.0,2.595315617218871,2.4345317698564135,114.65918011128245,114.821252803471,0.0
7.327,2.0155717402988382,-0.2297887866653735,1.4272888643742374,0.0,2.602863096500249,2.3777151554398834,116.9714102059483,114.821252803471,0.0
7.328,2.0376331480269245,-0.2763813867897348,0.24967224301653945,0.0,2.60845236707443,2.209437078754023,117.68122752051848,114.821252803471,0.0
7.329,1.9755594161595893,-0.28511292988205933,-0.13383616143902222,0.0,2.5971494466615184,2.0351847031003203,116.41785813220184,114.821252803471,0.0
7.33,1.850114861333804,-0.2625373968924841,0.4818824794319858,0.0,2.566980956664751,1.9619695712232261,114.67866090775435,114.821252803471,0.0
7.331,1.7251567574818778,-0.23804994194735363,1.3529070106128993,0.0,2.5300399377658827,1.9952055614308097,113.66040895548662,114.821252803471,0.0
7.332,1.6491959792297208,-0.23627894206232175,1.8736414252266091,0.0,2.500166684339758,2.0771004955926644,113.68306255896738,114.821252803471,0.0
7.333,1.6310986502767924,-0.2625051473450138,1.8736965259312643,0.0,2.484372842252376,2.143848426329397,114.5348367764121,114.821252803471,0.0
7.3340000000000005,1.6479790410908273,-0.3056712680384771,1.4506735774794892,0.0,2.4813191886708608,2.1537712881679023,115.56287371590894,114.821252803471,0.0
7.335,1.6637365668031618,-0.3480734197335784,0.9292388986066955,0.0,2.483795762110874,2.1077043893527,116.38090997568875,114.821252803471,0.0
7.336,1.6523736336697883,-0.3765735498023578,0.5046241969946097,0.0,2.48412898111598,2.0264060652762126,116.67314517739226,114.821252803471,0.0
7.337,1.6048906498041564,-0.38585747572497486,0.3399876724036446,0.0,2.477035276363728,1.9445165237128847,116.4457126459013,114.821252803471,0.0
7.338,1.5307059017870446,-0.3803914591097462,0.43745933972482254,0.0,2.461767886843466,1.8901603069251305,115.96424687777785,114.821252803471,0.0
7.339,1.4497627333695338,-0.3701884720859578,0.666762283043475,0.0,2.4415239461899905,1.8721234810017193,115.5433670558631,114.821252803471,0.0
7.34,1.380636887184483,-0.36499582753486576,0.8699810514769302,0.0,2.4210315559791384,1.8807213900959765,115.34167670355048,114.821252803471,0.0
7.341,1.3324110304429289,-0.3698074953100801,0.9656219886324477,0.0,2.404029405599583,1.899512170442215,115.38686727953214,114.821252803471,0.0
7.3420000000000005,1.304170559887656,-0.3841375920494143,0.9373705558810044,0.0,2.39213474225618,1.9132837839353245,115.60137063074055,114.821252803471,0.0
7.343,1.2881317735748943,-0.40389665732783575,0.8223177020041053,0.0,2.3848369028096625,1.9135973319346904,115.87261997017322,114.821252803471,0.0
7.344,1.274620997387215,-0.4239890549566905,0.6761793606207473,0.0,2.3803127751941227,1.899550849693584,116.09419252470532,114.821252803471,0.0
7.345,1.2561836543833178,-0.440305487552062,0.5526636861423531,0.0,2.3764302957252283,1.8762242621047962,116.2054533848236,114.821252803471,0.0
7.346,1.2297190537396216,-0.45108277871690095,0.4831912502696878,0.0,2.371625743146524,1.8511620067675565,116.22009475484242,114.821252803471,0.0
7.347,1.1964617478095323,-0.4569322671212003,0.4618821457465625,0.0,2.3653310911047907,1.8298699022132257,116.13733195948613,114.821252803471,0.0
7.348,1.1599479668290134,-0.459663140144314,0.4901027518645553,0.0,2.3577785949602963,1.8170788434769214,116.0298742950491,114.821252803471,0.0
7.349,1.1249062507498138,-0.46186988544827634,0.531745369167292,0.0,2.349917675809827,1.8125995738008265,115.96433015453825,114.821252803471,0.0
7.3500000000000005,1.0947267506738578,-0.4654362870024036,0.5530866659120455,0.0,2.342765158324708,1.812682583493752,115.96457812249095,114.821252803471,0.0
7.351,1.0702121463407697,-0.4707960056984778,0.5415294287454946,0.0,2.336890098598421,1.812952142888986,115.96857491352289,114.821252803471,0.0
7.352,1.0499853929347933,-0.4771381592423482,0.5280578121290067,0.0,2.33227354048715,1.8132207317472453,115.98087593946998,114.821252803471,0.0
7.353,1.0328780669582864,-0.48381070857232783,0.510311067795469,0.0,2.328816055963693,1.812862918521384,115.99695274083486,114.821252803471,0.0
7.354,1.0177391432405418,-0.4901570264380173,0.4905156677393929,0.0,2.32629990804192,1.8116893199521165,116.00361550688662,114.821252803471,0.0
7.355,1.0036468302912191,-0.49564280409280176,0.4753606576793561,0.0,2.3244579874187683,1.810311134528803,115.97179441554665,114.821252803471,0.0
7.356,0.9902176934841569,-0.5000264044947903,0.47976578722858165,0.0,2.323089778583271,1.8108589718558057,115.98696248180403,114.821252803471,0.0
7.357,0.9781209429907121,-0.503658375556457,0.4605246573165642,0.0,2.3222688551767865,1.8102509801669517,115.99728810469429,114.821252803471,0.0
7.3580000000000005,0.9665624528182546,-0.5060469440433334,0.4436014928591996,0.0,2.3216956477650053,1.8091030249291808,115.9788566235939,114.821252803471,0.0
7.359,0.9552563783661325,-0.5070157519190676,0.44124119520816696,0.0,2.3211476487520875,1.8090502266649775,115.9353233588421,114.821252803471,0.0
7.36,0.9447387737478509,-0.5068581408864953,0.4518671220303565,0.0,2.3206221445216997,1.8111842390163433,115.87994755051301,114.821252803471,0.0
7.361,0.9359022964586606,-0.5060741208852342,0.46896807872448065,0.0,2.3202779258596755,1.8156939821332947,115.82503077156389,114.821252803471,0.0
7.362,0.9294954590358596,-0.505080615150856,0.4863886885181121,0.0,2.3203176579447775,1.822079973926322,115.77506135164802,114.821252803471,0.0
7.363,0.9258511769307647,-0.5040528324805092,0.5018353129942761,0.0,2.3208888949642805,1.829693065000331,115.72575873021101,114.821252803471,0.0
7.364,0.9249271796292388,-0.5029466037397056,0.5174415644453796,0.0,2.3220529100544485,1.838229388965867,115.66639506702812,114.821252803471,0.0
7.365,0.9265576088512468,-0.501637506598754,0.5386719734012548,0.0,2.323821217634055,1.8480191773270638,115.5751436781681,114.821252803471,0.0
7.3660000000000005,0.9307719779967215,-0.5000797672808569,0.5767587590842917,0.0,2.326233412938264,1.8605367836318962,115.37253030768895,114.821252803471,0.0
7.367,0.9382368014003933,-0.49854864929151443,0.6725526692816903,0.0,2.329503303756885,1.8814213242186002,115.11399249132447,114.821252803471,0.0
7.368,0.9514007920720413,-0.4992827960808889,0.798894180585396,0.0,2.3346307268790385,1.9121106362300844,115.07495014894036,114.821252803471,0.0
7.369,0.9728002574890482,-0.5038044528562448,0.8158783783227559,0.0,2.3428043796675215,1.9386263047015537,115.16625929388898,114.821252803471,0.0
7.37,0.9985346069150616,-0.5092233036561025,0.7667737409442636,0.0,2.3533630910445336,1.955119635733026,115.28717275405344,114.821252803471,0.0
7.371,1.0231214913411182,-0.5121682539144063,0.7016578113562096,0.0,2.364785020407407,1.9619005851255444,115.35309003065808,114.821252803471,0.0
7.372,1.042737124586353,-0.5103868337898094,0.6633808007820204,0.0,2.375517446056955,1.9636744698351034,115.32481188939016,114.821252803471,0.0
7.373,1.0567308331891028,-0.5035584363965497,0.6724842805567881,0.0,2.384620708100492,1.9663852099057766,115.2105690247607,114.821252803471,0.0
7.3740000000000006,1.0673193775599468,-0.4930627171188905,0.7257125506586213,0.0,2.391998472800134,1.974474474292426,115.04906239361192,114.821252803471,0.0
7.375,1.078136841918607,-0.48109198172461864,0.8041877703316032,0.0,2.3982355637678827,1.9895085445376393,114.88458023365285,114.821252803471,0.0
7.376,1.0925568397324181,-0.46965347832570814,0.8857955760093167,0.0,2.4042138246434392,2.0103769981669926,114.74807559672193,114.821252803471,0.0
7.377,1.112550731172752,-0.4599071493867676,0.9547796665422686,0.0,2.4107233936450814,2.034473476342515,114.65198831168462,114.821252803471,0.0
7.378,1.138380842725598,-0.45200444730622247,1.0045159539787893,0.0,2.4182198196246425,2.058951040956927,114.59435657091262,114.821252803471,0.0
7.3790000000000004,1.1689445729643773,-0.445312393437584,1.0356007866903707,0.0,2.4267572605629426,2.0815487512210264,114.5654240224919,114.821252803471,0.0
7.38,1.2024068655940836,-0.4388034582288172,1.0526253487105253,0.0,2.4360516660995453,2.1009270731607663,114.55305380401909,114.821252803471,0.0
7.381,1.2368219094077681,-0.43143176660712834,1.0614924479414494,0.0,2.4456086665501626,2.1166511068621845,114.5451591302413,114.821252803471,0.0
7.382000000000001,1.2705835572378277,-0.4224002025165957,1.0682007215626386,0.0,2.45486261519212,2.1290380455213747,114.52843915137936,114.821252803471,0.0
7.383,1.3026839701330137,-0.4113028842248893,1.0794888475145261,0.0,2.463299473464617,2.1390928673571667,114.48706778412902,114.821252803471,0.0
7.384,1.332865320021741,-0.3981893358548435,1.1035163813331132,0.0,2.470566610955656,2.1485170959383475,114.40244142829177,114.821252803471,0.0
7.385,1.361726202054286,-0.3835792592309129,1.1500176730035347,0.0,2.476573484610777,2.1597275986313815,114.25915234120392,114.821252803471,0.0
7.386,1.390795192041167,-0.36844912677676084,1.227283221170131,0.0,2.4815825073659714,2.1755429557240156,114.05074318775381,114.821252803471,0.0
7.3870000000000005,1.422433558465618,-0.35413274321719856,1.3391928940523559,0.0,2.4862486626879003,2.1986255575114626,113.78314780407867,114.821252803471,0.0
7.388,1.4595342289015996,-0.3420721256275707,1.4833716358838507,0.0,2.4915729585571174,2.2308423894412868,113.48005756099222,114.821252803471,0.0
7.389,1.505009911911011,-0.3335084228158023,1.6483287098518606,0.0,2.498765106898997,2.27244214005654,113.21356211426641,114.821252803471,0.0
7.390000000000001,1.5609182666374273,-0.3293334891758837,1.7976533401068129,0.0,2.5090244097959404,2.3196821068430107,113.1432685984786,114.821252803471,0.0
7.391,1.627044457187602,-0.32909812588053877,1.849579940050642,0.0,2.522997638455748,2.360727889518544,113.32944787553294,114.821252803471,0.0
7.392,1.6978428384315811,-0.3299212637320591,1.7714083508028546,0.0,2.539771021313749,2.3828217159444742,113.61722769392817,114.821252803471,0.0
7.393,1.763454701599858,-0.32725662422313284,1.6395586927006647,0.0,2.5567751068040447,2.3841524303787773,113.68346484539218,114.821252803471,0.0
7.394,1.8159372912925433,-0.3176585200773492,1.6178179965494486,0.0,2.571182710127795,2.380860535688556,113.24316990236781,114.821252803471,0.0
7.3950000000000005,1.856965394171993,-0.30205246877693126,1.853746297072665,0.0,2.582199679048561,2.4015198453989846,112.40494970847146,114.821252803471,0.0
7.396,1.9010034005088006,-0.28660285871446556,2.2970194249708342,0.0,2.592637485454424,2.4631817824257594,111.57374093265267,114.821252803471,0.0
7.397,1.9664322411088884,-0.2788934596097038,2.745098931588415,0.0,2.6075041671214807,2.5578205284367526,112.0760410473615,114.821252803471,0.0
7.398000000000001,2.0627781024107477,-0.2826523052574126,2.521400991795094,0.0,2.630838622235225,2.605450743232709,113.88767020001468,114.821252803471,0.0
7.399,2.1588561321498383,-0.2875702914806352,1.624922241503066,0.0,2.6571060433452707,2.5446705742679723,114.43791464722806,114.821252803471,0.0
7.4,2.205035792961376,-0.2727481884710806,1.353633399458809,0.0,2.672989094254553,2.467599196796887,111.920713743921,114.821252803471,0.0
7.401,2.2090022196848738,-0.23841796795991654,2.6412392417078374,0.0,2.6759485990996663,2.544198282900205,109.03183334883227,114.821252803471,0.0
7.402,2.255046247179834,-0.21621728310289623,4.143573633798591,0.0,2.6841732889414387,2.760788956827984,110.88701443647898,114.821252803471,0.0
7.4030000000000005,2.3957711345140202,-0.2305351295317435,3.255325473645155,0.0,2.7150315471475563,2.828793093477567,117.4499011492174,114.821252803471,0.0
7.404,2.531175304803275,-0.25364954421662667,-0.05240436618151789,0.0,2.752003800349069,2.5246276316449277,118.07837001709156,114.821252803471,0.0
7.405,2.4764164958207546,-0.2385800043023334,-0.39920997225480437,0.0,2.7529734885097454,2.256882133736878,112.02055903417099,114.821252803471,0.0
7.406000000000001,2.316389761352695,-0.17416165030520703,2.6577024568984817,0.0,2.720136334523008,2.372791930404957,108.89676080232773,114.821252803471,0.0
7.407,2.256834509499238,-0.14800422672482338,4.278846492831541,0.0,2.6999407425478816,2.6265345620278566,112.58916991426506,114.821252803471,0.0
7.408,2.3292037970817967,-0.18730622478579217,2.4549627657549387,0.0,2.7117237669550676,2.627488546800582,117.85751958227294,114.821252803471,0.0
7.409,2.3787140086008276,-0.2309262695687624,-0.20957473603702415,0.0,2.7268290723443256,2.3499427172191365,118.93419264069685,114.821252803471,0.0
7.41,2.2847237660398125,-0.22028938686478328,-0.7890406636212361,0.0,2.711063006691245,2.0754001529153174,115.08017525880008,114.821252803471,0.0
7.4110000000000005,2.0913680358271476,-0.16394413431246413,1.1353788027738567,0.0,2.663327682219376,2.064545266953659,111.32241774924317,114.821252803471,0.0
7.412,1.9483062596544103,-0.12592927452199498,3.04924590809459,0.0,2.615662219547098,2.2550867621391832,110.98049978019466,114.821252803471,0.0
7.413,1.9329839965743856,-0.14697513737522172,3.2586124228516082,0.0,2.5945126461723618,2.425954038286068,113.44512751931933,114.821252803471,0.0
7.414000000000001,2.0004551761500027,-0.21013943089651532,2.040059806130792,0.0,2.599302371408597,2.433910124109812,116.2606682102706,114.821252803471,0.0
7.415,2.0530244997103893,-0.26957124859958204,0.6178953065871631,0.0,2.6103145897157063,2.292189091296327,117.96787154334383,114.821252803471,0.0
7.416,2.025206628474491,-0.2938217761134403,-0.2671725473481845,0.0,2.6081267227602507,2.086191223729003,117.31194908575745,114.821252803471,0.0
7.417,1.909598431525676,-0.2767977693080512,0.0358817186221434,0.0,2.583442709719878,1.9551997269709656,115.33379273350184,114.821252803471,0.0
7.418,1.765306385023062,-0.24366643854547554,1.0198344954496399,0.0,2.5446537419919086,1.9547592845218162,113.77151232728691,114.821252803471,0.0
7.4190000000000005,1.659918014723918,-0.22772684887410322,1.811472103318943,0.0,2.5082775852355956,2.037874398910012,113.31728903775988,114.821252803471,0.0
7.42,1.6210187607221405,-0.2438055591065501,2.0536233857395723,0.0,2.485778609616017,2.130985685408538,113.96196875906908,114.821252803471,0.0
7.421,1.6350584859932193,-0.2855447826478631,1.7398763655289902,0.0,2.479271187695469,2.1736688983280463,115.1672755140632,114.821252803471,0.0
7.422000000000001,1.664033910336438,-0.33449128719384313,1.133762760926005,0.0,2.4826495525235694,2.1448511220342823,116.16287445655779,114.821252803471,0.0
7.423,1.670385024148376,-0.37210593211313625,0.6225470731478464,0.0,2.486456449135148,2.068671501967258,116.81130577697533,114.821252803471,0.0
7.424,1.6380816408122938,-0.3896113035387999,0.2784308832040314,0.0,2.483814138486496,1.9713667928571432,116.71485056160398,114.821252803471,0.0
7.425,1.5679452261933,-0.3866476399595853,0.3077225133083763,0.0,2.4712045312837265,1.897583536578819,116.2028019970777,114.821252803471,0.0
7.426,1.480970224475671,-0.37379870778584146,0.5499313036354503,0.0,2.4510938132700826,1.865133581885735,115.65267293067451,114.821252803471,0.0
7.4270000000000005,1.4007993059445532,-0.36324428168034884,0.8166816355650088,0.0,2.4287166740386277,1.8687870504908224,115.31427665147292,114.821252803471,0.0
7.428,1.3422292714219681,-0.3630154053409114,0.9809495366857841,0.0,2.409022963454544,1.8908804187284178,115.26941120331134,114.821252803471,0.0
7.429,1.307984078110647,-0.37460165511785126,0.9989006767681745,0.0,2.3947847369914865,1.9123082964007212,115.46135645435686,114.821252803471,0.0
7.43,1.2911740166796557,-0.39436733090657716,0.8965270147365538,0.0,2.3861714827809553,1.920235604259481,115.76699567405568,114.821252803471,0.0
7.431,1.2807093616635092,-0.4165115806905077,0.7342499761812977,0.0,2.3814504954956974,1.9106651297280164,116.04246810586963,114.821252803471,0.0
7.432,1.266653762366065,-0.4356304700002434,0.5843016072503353,0.0,2.37812619481205,1.8881495230968752,116.21152185264337,114.821252803471,0.0
7.433,1.2438227152213837,-0.44885909054627543,0.4858720433717407,0.0,2.3741467229006203,1.8605961379160894,116.26330828255517,114.821252803471,0.0
7.434,1.2121138570089092,-0.4560583066025307,0.4455582736249988,0.0,2.3684694872229834,1.8352095889608089,116.18639012837222,114.821252803471,0.0
7.4350000000000005,1.1748737319762665,-0.4589050331951559,0.47036597746746067,0.0,2.361062467982207,1.8187052816248968,116.0584660521727,114.821252803471,0.0
7.436,1.1376049987729595,-0.4604021363234104,0.5219558830802034,0.0,2.3528819340101,1.8122646750795126,115.96022586357952,114.821252803471,0.0
7.437,1.1048909827358007,-0.46309083518664274,0.5596862467757084,0.0,2.345156178624338,1.8125103711738888,115.96075518278936,114.821252803471,0.0
7.438,1.0785679123881868,-0.4680006926111209,0.5480265633776089,0.0,2.33874076571465,1.8128674508873714,115.96034338123786,114.821252803471,0.0
7.439,1.057068716573372,-0.47419252568325493,0.5368415583756869,0.0,2.333634605130969,1.8135352084584597,115.97019165127507,114.821252803471,0.0
7.44,1.0392276064180714,-0.4810203007024501,0.5204280348790409,0.0,2.329794973284155,1.8136794668383938,115.98871049893252,114.821252803471,0.0
7.441,1.0237907939537443,-0.4877746254431139,0.49949403409570237,0.0,2.3270284284312965,1.8128063696139758,116.00439207059928,114.821252803471,0.0
7.442,1.0096204823683355,-0.493799638781235,0.4798218555910392,0.0,2.3250464365610686,1.8111936941487856,115.99912744448903,114.821252803471,0.0
7.4430000000000005,0.996020812972053,-0.4986897806481484,0.47067542223598213,0.0,2.3235790418033258,1.810088961676819,115.89941038130566,114.821252803471,0.0
7.444,0.9830696441802594,-0.5024400305895951,0.5097523780493238,0.0,2.322511539349048,1.814626524322427,115.97867180643915,114.821252803471,0.0
7.445,0.9730385363570849,-0.5063346509954101,0.45854747545289465,0.0,2.322395449149984,1.8135541817869374,116.02071851388297,114.821252803471,0.0
7.446,0.9627997186849797,-0.5085460148452462,0.4255294646268666,0.0,2.3223880375367036,1.8104834911858918,116.00259778849744,114.821252803471,0.0
7.447,0.9516459185665668,-0.5086601147279791,0.4227763774693667,0.0,2.322064735373247,1.8088709988408622,115.93805034854805,114.821252803471,0.0
7.448,0.940609767772133,-0.5072543444780215,0.44388212199329313,0.0,2.321456738465311,1.8108390268694001,115.85733497768881,114.821252803471,0.0
7.449,0.9314019124470722,-0.50529990572185,0.47387898568073406,0.0,2.320905413490343,1.816540552542483,115.78542953435522,114.821252803471,0.0
7.45,0.925351821503202,-0.5035472308376568,0.5001899400386874,0.0,2.3208061237304816,1.8247844609438357,115.72950875351756,114.821252803471,0.0
7.4510000000000005,0.9229090638918985,-0.5022311796580864,0.5190677709570481,0.0,2.321413914905829,1.8342157038143116,115.67836028579288,114.821252803471,0.0
7.452,0.9237989792604143,-0.5011617079185878,0.5360709299961729,0.0,2.3227995698711412,1.8443238524337446,115.60748362748416,114.821252803471,0.0
7.453,0.9275868672150747,-0.5000411904363137,0.5636469509104011,0.0,2.3249449119962096,1.8560153138766131,115.45891204283957,114.821252803471,0.0
7.454,0.9343508160891946,-0.4988161206654121,0.6315561508390082,0.0,2.327921313553084,1.8732402596740991,115.16128667084695,114.821252803471,0.0
7.455,0.9456007543488849,-0.49874231007215647,0.7769684981615603,0.0,2.3323267010664672,1.9031867635338935,115.07897432964178,114.821252803471,0.0
7.456,0.9652030741088833,-0.5028060864117485,0.815547453502436,0.0,2.3397339537177806,1.9313249615823151,115.1488103438854,114.821252803471,0.0
7.457,0.9902948520413243,-0.5085300412441898,0.777353870976482,0.0,2.3498032981769774,1.9502389090847934,115.2726795190609,114.821252803471,0.0
7.458,1.0154257263134465,-0.5124989653385018,0.710905016232833,0.0,2.3611364450425527,1.9588274796957925,115.3583306093086,114.821252803471,0.0
7.4590000000000005,1.0361639287816997,-0.5120740466648288,0.66270869305061,0.0,2.3721087039876227,1.961023507400855,115.3541097508472,114.821252803471,0.0
7.46,1.051072281309577,-0.5064592770388923,0.6594905528075452,0.0,2.381589964336575,1.962792589281619,115.25769477207027,114.821252803471,0.0
7.461,1.0618045858219116,-0.49670279605627027,0.7033336225100197,0.0,2.3892829416268806,1.9691563381078265,115.10287406433197,114.821252803471,0.0
7.462,1.0718450034663813,-0.48491541240517927,0.7779277637705577,0.0,2.395643948678982,1.9824228117263103,114.93509471283947,114.821252803471,0.0
7.463,1.0847923619431608,-0.4732441294037882,0.8606790204231223,0.0,2.40152953509408,2.0020316302513317,114.78961283831138,114.821252803471,0.0
7.464,1.1030322823660281,-0.4630964061079006,0.9337363573387623,0.0,2.4077879079876356,2.025600002397807,114.68303585970803,114.821252803471,0.0
7.465,1.1272327039490881,-0.4548607606004067,0.9884070160780705,0.0,2.4149728370336194,2.0502409265412505,114.6160441092486,114.821252803471,0.0
7.466,1.1565700047020755,-0.4480607927532562,1.0239549782500055,0.0,2.423237725581236,2.07351472155947,114.57999484482102,114.821252803471,0.0
7.4670000000000005,1.1893307343738033,-0.4417277584311756,1.0443921900503002,0.0,2.4323748706789567,2.093869932350582,114.56297837430807,114.821252803471,0.0
7.468,1.2235590980391238,-0.43479347836050464,1.0554831695984004,0.0,2.4419343818814623,2.110681459498175,114.5533247431888,114.821252803471,0.0
7.469,1.2575524098509865,-0.4263862478992438,1.0629892657608613,0.0,2.4513636421284457,2.124085565170997,114.53924026931217,114.821252803471,0.0
7.47,1.2901485555257155,-0.41599493347881544,1.0728516280407607,0.0,2.4601314146363773,2.134856342284298,114.50711732958767,114.821252803471,0.0
7.471,1.3208736646928187,-0.4035382028928964,1.092054452641845,0.0,2.4678331603846013,2.1443867054687487,114.43989169610052,114.821252803471,0.0
7.472,1.3500330122267086,-0.38938029891580994,1.1294808804591272,0.0,2.474284965744825,2.1547588085864104,114.32036130221779,114.821252803471,0.0
7.473,1.378798409331381,-0.37432735356058305,1.1942549924130226,0.0,2.47961455593149,2.1686171697589076,114.13821772724587,114.821252803471,0.0
7.474,1.4092026449670896,-0.3595757318208278,1.2921571306612323,0.0,2.484324874278917,2.1886873359717045,113.89332518202234,114.821252803471,0.0
7.4750000000000005,1.4439242173771087,-0.34653488910861957,1.4238826794874868,0.0,2.489284200931935,2.217216975777627,113.60324804316606,114.821252803471,0.0
7.476,1.485904668922052,-0.33652677416154475,1.5811012965186744,0.0,2.495630074683188,2.2550957427075815,113.30721581063841,114.821252803471,0.0
7.477,1.5375662186583374,-0.3305806866031491,1.7442577827108257,0.0,2.504575249270359,2.3009332816749497,113.14624104071218,114.821252803471,0.0
7.478,1.599930562038017,-0.32897033357762556,1.8414952853015274,0.0,2.517091982338325,2.3458026823529523,113.23460570182999,114.821252803471,0.0
7.479,1.669715712839113,-0.3297755468301584,1.8131794257590335,0.0,2.5329486591553287,2.376296973540046,113.50988150233076,114.821252803471,0.0
7.48,1.7383951996847398,-0.3289418610832962,1.6886552385200533,0.0,2.5501693398446617,2.3850561092442595,113.69840673375748,114.821252803471,0.0
7.481,1.7964447579677831,-0.322230816246963,1.605621083503827,0.0,2.5658139879609547,2.381074227724911,113.4814406648773,114.821252803471,0.0
7.482,1.8411178378997561,-0.30858835293149306,1.7275022393298554,0.0,2.5780624225973443,2.3889587246504655,112.74104955150926,114.821252803471,0.0
7.4830000000000005,1.8817896858671872,-0.29217247732766943,2.1184998285334897,0.0,2.588205141779385,2.4350433661241455,111.67824341759828,114.821252803471,0.0
7.484,1.9369387059268803,-0.28177801290553656,2.6813329893477076,0.0,2.6009628208601936,2.529875813439298,111.48793700364594,114.821252803471,0.0
7.485,2.02652210588051,-0.28250156903685786,2.809819354322129,0.0,2.622111512583103,2.615703268675758,113.23256250124095,114.821252803471,0.0
7.486,2.1357222094748654,-0.2913964946533645,1.953393508546925,0.0,2.6506992869138695,2.5884549634800025,114.80633390119097,114.821252803471,0.0
7.487,2.2059903457165673,-0.2868413914954585,1.1666569975947159,0.0,2.6731134426884497,2.482176014539265,113.25661908792885,114.821252803471,0.0
7.488,2.2134323976578263,-0.2548914777750738,1.9571607413811942,0.0,2.6791893485138347,2.483473208644973,109.96735335639862,46.99284459569536,0.0
7.489,2.2266010545752613,-0.2208743378208346,-10.0,0.0,2.6813649969094895,1.160681423191346,93.90273533899979,46.99284459569536,0.0
7.49,1.648421943852773,0.07280896916187053,-10.0,0.0,2.5190789095516606,0.15368937728510773,68.00743853007712,46.99284459569536,0.0
7.4910000000000005,0.79300541251928,0.49412929896505375,-9.96339785884978,0.0,2.2289138231304686,-0.6764918099003057,42.02460491833416,46.99284459569536,0.0
7.492,-0.1720885691218005,0.9602148385543683,3.077701343795313,0.0,1.8376909205760616,0.07908967653734483,37.838814991136644,46.99284459569536,0.0
7.493,-0.48963462914074396,1.1210439476242116,5.262136603439659,0.0,1.5481181103190702,0.8551467373958895,50.136849773604276,46.99284459569536,0.0
7.494,-0.34078861682899014,1.0075054411782782,-0.9183208395732455,0.0,1.3792058139733832,0.8033976178605357,55.02159334340704,46.99284459569536,0.0
7.495,-0.22807339278515387,0.8626060342069657,-3.440980111951745,0.0,1.2368133850111154,0.5133340205909377,45.93785865538134,46.99284459569536,0.0
7.496,-0.24000241130689978,0.7758376338496253,1.1114370914642455,0.0,1.0877493691877083,0.7664693695294473,37.57560098925252,46.99284459569536,0.0
7.497,-0.09081782521895379,0.6461477781826405,5.386738360593084,0.0,0.9923034899602882,1.3876141549068863,41.5297217631152,46.99284459569536,0.0
7.498,0.3327002104274061,0.40750269981949283,3.4643092019875468,0.0,0.9934707372566302,1.6377845156257214,51.13841914842966,46.99284459569536,0.0
7.4990000000000006,0.7707437345948046,0.15519001611729136,-1.3814952361970283,0.0,1.0449062403188318,1.3052907610861093,53.76703407863437,46.99284459569536,0.0
7.5,0.9453794854783886,0.01806639463874039,-2.763544596128771,0.0,1.0705092891464714,0.8927930497405123,47.65279685184495,46.99284459569536,0.0
7.501,0.8924627303096232,0.00028041589876440925,0.28697449470444325,0.0,1.0528874834033983,0.88105020858061,41.54781151967286,46.99284459569536,0.0
7.502,0.8570787257575349,-0.0025223957026762056,3.3939174915507104,0.0,1.0359840236074018,1.18334108265619,42.35865562052031,46.99284459569536,0.0
7.503,0.9737735263795954,-0.06298299612675876,3.0348373308787373,0.0,1.057622635129197,1.3699540075882848,47.98386237048802,46.99284459569536,0.0
7.5040000000000004,1.1424780316024576,-0.1498643143122646,0.21232377814695613,0.0,1.1047110169881873,1.2157932644172795,51.78514215986365,46.99284459569536,0.0
7.505,1.189890228178382,-0.1881169337025519,-1.736239092182544,0.0,1.1350134612952554,0.8921123569692238,49.81672236567784,46.99284459569536,0.0
7.506,1.0724753605668724,-0.1507405730281379,-0.7802679727894622,0.0,1.1254236445587211,0.7418619939362392,45.04346039950184,46.99284459569536,0.0
7.507000000000001,0.9175562277757153,-0.08788826232909763,1.6258568522604735,0.0,1.0952277826223924,0.8766586610253742,42.65275031074646,46.99284459569536,0.0
7.508,0.8672421337166007,-0.06566028395217309,2.864612839487651,0.0,1.0797146190741385,1.1111433445750438,44.645610967790425,46.99284459569536,0.0
7.509,0.9376894605112965,-0.09879722763780456,1.891654847244719,0.0,1.0930685838248662,1.1929629575079193,48.42185639879756,46.99284459569536,0.0
7.51,1.0245204398283563,-0.14452601156943778,-0.010757986289869792,0.0,1.1179679101894318,1.0595532393992748,50.3197652941424,46.99284459569536,0.0
7.511,1.0239950601361694,-0.15471259473722254,-0.9929816409467607,0.0,1.127699568415816,0.8538800536203505,48.8510824411409,46.99284459569536,0.0
7.5120000000000005,0.9277578636969097,-0.12083909960639302,-0.2772225929004679,0.0,1.1120627919456003,0.7688839218850146,45.86401492140014,46.99284459569536,0.0
7.513,0.8188739731643426,-0.07729304845942836,1.2275994637128653,0.0,1.085038749274015,0.8602114174173845,44.23090646606654,46.99284459569536,0.0
7.514,0.7824999524500974,-0.06399598792336768,2.0717730726759527,0.0,1.0688226442753281,1.0204269389224063,45.02488422107067,46.99284459569536,0.0
7.515000000000001,0.8301911328219801,-0.0896766644581229,1.6944637989201352,0.0,1.0732075469511955,1.1074437715262375,47.2184434832828,46.99284459569536,0.0
7.516,0.9047751162887584,-0.12994464450760618,0.5954281789381977,0.0,1.0900283136599551,1.0613492592991893,48.98522509443523,46.99284459569536,0.0
7.517,0.9372013421567867,-0.15266594720080054,-0.30788643162541696,0.0,1.1026542159708907,0.9303509789927291,49.1179033188789,46.99284459569536,0.0
7.518,0.8995681401617518,-0.14384653430464428,-0.39547613107908874,0.0,1.099720351574577,0.817577310591875,47.627042838713294,46.99284459569536,0.0
7.519,0.8199353487309846,-0.11423362109231994,0.3436121265735361,0.0,1.082633280453416,0.8063465029652345,45.951154549201064,46.99284459569536,0.0
7.5200000000000005,0.7569913676363156,-0.09055137700434758,1.191973171794594,0.0,1.0638229179641527,0.8865864113930377,45.311616997811456,46.99284459569536,0.0
7.521,0.7485209292563688,-0.0914239259763599,1.5285542234682372,0.0,1.0552503853943973,0.9857639063718721,45.93650390935069,46.99284459569536,0.0
7.522,0.7883148292189887,-0.11520979455416014,1.2266741745620662,0.0,1.0600605756333388,1.0331317493197447,47.23321316444271,46.99284459569536,0.0
7.523000000000001,0.8390590863085436,-0.14495794766203732,0.5759158613285835,0.0,1.072160969299262,1.0024952837498775,48.32314257117855,46.99284459569536,0.0
7.524,0.8614792229628487,-0.1619971770634241,0.017648178205830978,0.0,1.0815645107446794,0.9192718696313436,48.6338365719865,46.99284459569536,0.0
7.525,0.8386851374360796,-0.1581673838800113,-0.15410874196105495,0.0,1.081113687089513,0.8347321174565627,47.99518172094159,46.99284459569536,0.0
7.526,0.7824979695587861,-0.13834556767187353,0.15519531230893868,0.0,1.070111868731324,0.8002949209163458,46.910923653415,46.99284459569536,0.0
7.527,0.7255489845482693,-0.11728765607917531,0.6981435554950377,0.0,1.0546483604418169,0.8305350450744866,46.172439782513045,46.99284459569536,0.0
7.5280000000000005,0.6980830655767941,-0.10973585487409983,1.0755895390778367,0.0,1.043135096380443,0.8947461429868664,46.08663203680209,46.99284459569536,0.0
7.529,0.7078057189359339,-0.12000749819192581,1.1275555375222488,0.0,1.0403996672934561,0.9519824536357082,46.609852331943365,46.99284459569536,0.0
7.53,0.7414142941141235,-0.14172686450739974,0.8697753125891293,0.0,1.045947826041576,0.9707463888478709,47.38797194873874,46.99284459569536,0.0
7.531000000000001,0.7743976040338968,-0.16326304292175628,0.47676423066100937,0.0,1.0549693483985247,0.9442432513114736,48.034226612067,46.99284459569536,0.0
7.532,0.7857517719915079,-0.17440920597995754,0.14322307883316077,0.0,1.0614491209183976,0.8876140385064893,48.33332851560668,46.99284459569536,0.0
7.533,0.7671304899896189,-0.17136886200796253,-0.019732712135791863,0.0,1.061172095438283,0.8248678814454684,48.019860588684026,46.99284459569536,0.0
7.534,0.7239720635535204,-0.15651823017515168,0.1267310913956491,0.0,1.0530449907381882,0.7906704279286381,47.37389562155908,46.99284459569536,0.0
7.535,0.6764244526891676,-0.13922821698925314,0.44590306469948515,0.0,1.0405574560242996,0.7975229412523068,46.79134570547994,46.99284459569536,0.0
7.5360000000000005,0.6448826394660748,-0.12945395800050885,0.7391930116412084,0.0,1.029101657757264,0.8345057475486677,46.56164065588202,46.99284459569536,0.0
7.537,0.6389847570053726,-0.1322800546603677,0.8583575758383007,0.0,1.02289833316904,0.877153244919398,46.63601783853993,46.99284459569536,0.0
7.538,0.6544099231091306,-0.14567865294525276,0.8247372520809025,0.0,1.0230256756214495,0.908270031742928,46.973362625725414,46.99284459569536,0.0
7.539000000000001,0.6799985961607038,-0.16382022357089537,0.6562596781878587,0.0,1.0281135492969433,0.9154310418640493,47.430308262105804,46.99284459569536,0.0
7.54,0.7016208129874991,-0.17983808472684565,0.42341222333355955,0.0,1.0349892856378982,0.8963337369251337,47.83843167217756,46.99284459569536,0.0
7.541,0.7079519985538107,-0.18818808519317998,0.2108946475328578,0.0,1.0400260392906029,0.8583050690806449,48.06888313651243,46.99284459569536,0.0
7.542,0.6942387096284856,-0.18661822596964905,0.08490852995725229,0.0,1.0405000662743364,0.8144214198480147,47.99234350889912,46.99284459569536,0.0
7.543,0.6633079231492808,-0.17648088639014528,0.11318335463187201,0.0,1.0354389168749238,0.782608883750444,47.67447319459923,46.99284459569536,0.0
7.5440000000000005,0.6256055032623915,-0.16293231771159236,0.2653022257927775,0.0,1.0263136596468498,0.7737597722264087,47.263219333303326,46.99284459569536,0.0
7.545,0.5938551898406793,-0.1522058716155667,0.46822540906465004,0.0,1.016171593605402,0.7887989178577859,46.99323567040004,46.99284459569536,0.0
7.546,0.5775857254579135,-0.149255188736784,0.6032133297692461,0.0,1.0083303380755313,0.8156115197145544,46.94992894797222,46.99284459569536,0.0
7.547000000000001,0.5780444548221737,-0.15491795584996298,0.6252958474603885,0.0,1.0046068794955614,0.839824778697742,47.0542040619172,46.99284459569536,0.0
7.548,0.5895218153382118,-0.16614843630999798,0.5725446958256806,0.0,1.0048558178513798,0.8539629917047635,47.23983973247211,46.99284459569536,0.0
7.549,0.6042713439532366,-0.17885045760213705,0.47725690918045505,0.0,1.0077786012098529,0.8552504576895446,47.443859338499976,46.99284459569536,0.0
7.55,0.6152419947858712,-0.1894390980161336,0.37073695873847723,0.0,1.0115755830635758,0.8448778624240898,47.5939476688135,46.99284459569536,0.0
7.551,0.6178519023998571,-0.19561796071822696,0.2896817628505346,0.0,1.0145293956984707,0.8278939694980868,47.79466473405997,46.99284459569536,0.0
7.5520000000000005,0.6111312151908066,-0.1969957007493678,0.1813050288436523,0.0,1.0155792005536806,0.8025583330154316,47.80631885751007,46.99284459569536,0.0
7.553,0.5939841480950873,-0.19269671748418848,0.16734322450045525,0.0,1.0135037957156225,0.7812281800373181,47.7313631720251,46.99284459569536,0.0
7.554,0.5710895617991816,-0.18539898865188464,0.1974358814796442,0.0,1.008743155724658,0.7676202460059458,47.52551002960142,46.99284459569536,0.0
7.555,0.5477848500074354,-0.17777254933369427,0.29503579835242244,0.0,1.002331855292974,0.7676666780989612,47.34948889652947,46.99284459569536,0.0
7.556,0.5305394113992915,-0.17329441135494167,0.37947992188005564,0.0,0.9961499973292796,0.7770441424877966,47.29418789060511,46.99284459569536,0.0
7.557,0.5220642038007959,-0.17347099591362145,0.40411699189313977,0.0,0.9915882772820798,0.7874911295572952,47.27879177373207,46.99284459569536,0.0
7.558,0.5205993906079237,-0.1772439886727746,0.40895557854929365,0.0,0.9889406913044704,0.7967994971224008,47.33206791620216,46.99284459569536,0.0
7.559,0.5236658659901812,-0.18332462502194424,0.3789252741091773,0.0,0.9881198407519499,0.8012085895542835,47.42839160748511,46.99284459569536,0.0
7.5600000000000005,0.5276875833397753,-0.18983477526100756,0.3264079583498062,0.0,0.9884772946606746,0.7992063618439635,47.52473481522265,46.99284459569536,0.0
7.561,0.529377908393971,-0.19498271160090933,0.27291745228576325,0.0,0.9890999519024937,0.7919356012036314,47.58310198283551,46.99284459569536,0.0
7.562,0.5268785644499817,-0.19774913526821794,0.23783129460793306,0.0,0.9891860945961021,0.7824214411519743,47.590987160135256,46.99284459569536,0.0
7.563,0.5202338361889377,-0.19817781483326904,0.22790728031366003,0.0,0.9883316975306664,0.773832458048527,47.56261451948367,46.99284459569536,0.0
7.564,0.5109628624478598,-0.19710271014846495,0.23639590140157174,0.0,0.9865812935504512,0.7680032818404019,47.517094662474,46.99284459569536,0.0
7.565,0.5010541113566781,-0.195598962956487,0.2539133292386181,0.0,0.9842683512031749,0.7654212665888829,47.47256478899784,46.99284459569536,0.0
7.566,0.4922012781798806,-0.1945823190042029,0.27138106404367224,0.0,0.9818317082026433,0.76548715931651,47.443758667356825,46.99284459569536,0.0
7.567,0.48536501445946223,-0.19457451868151537,0.2812749841475668,0.0,0.9796546271789546,0.766879913012177,47.43848126389401,46.99284459569536,0.0
7.5680000000000005,0.4806294414740251,-0.1956230687422777,0.2794573191969867,0.0,0.9779499481371123,0.7680693512814992,47.453614278072884,46.99284459569536,0.0
7.569,0.477342684214182,-0.19737256373052683,0.2672831152837756,0.0,0.976716639774486,0.7679625796074862,47.47705058493821,46.99284459569536,0.0
7.57,0.47451888720371216,-0.19928121795547307,0.25072290195868296,0.0,0.9757884420955829,0.7663210229365368,47.495841105648104,46.99284459569536,0.0
7.571,0.4713213947514602,-0.20088750294216207,0.2362976765042094,0.0,0.9749465133237614,0.7636531156976941,47.50317691132661,46.99284459569536,0.0
7.572,0.467367538184344,-0.20197970741658822,0.22752645050864279,0.0,0.974026066347558,0.7607501729984467,47.49934974249307,46.99284459569536,0.0
7.573,0.4627406561848084,-0.20260321660043581,0.2243749834574385,0.0,0.9729650337645288,0.7582559492101038,47.48888428908479,46.99284459569536,0.0
7.574,0.4578007924679611,-0.2029565406341953,0.2246473132276841,0.0,0.9717933126128431,0.7564636316763895,47.47726867656803,46.99284459569536,0.0
7.575,0.45295063929984064,-0.2032622513373579,0.22561087867733554,0.0,0.9705896267599654,0.7553207608939623,47.468578433532734,46.99284459569536,0.0
7.5760000000000005,0.44846462251161767,-0.20367219027202355,0.22519866181661002,0.0,0.9694340585899139,0.7545617894103368,47.4642754993957,46.99284459569536,0.0
7.577,0.44442389041506436,-0.20423101428589038,0.2226358198481252,0.0,0.9683755213406842,0.7538849881728814,47.46331591463186,46.99284459569536,0.0
7.578,0.4407498205945469,-0.20489456885297666,0.218410899040677,0.0,0.9674225604548723,0.7530946408244052,47.463295349089904,46.99284459569536,0.0
7.579,0.4372940448274747,-0.20557996422411035,0.21371667427771113,0.0,0.966554618867948,0.7521573112425167,47.461771663299416,46.99284459569536,0.0
7.58,0.43393064098542,-0.20621707904680064,0.20978924649691466,0.0,0.9657429671583118,0.7511772623168217,47.45679538482827,46.99284459569536,0.0
7.581,0.43061256378925866,-0.20678058017073586,0.20763787784115934,0.0,0.9649700897024756,0.7503480312915649,47.4425984685038,46.99284459569536,0.0
7.582,0.42738856040829154,-0.20730369729902667,0.2102387972753076,0.0,0.9642434847625705,0.7501535100475087,47.426614028683126,46.99284459569536,0.0
7.583,0.4245058190999207,-0.20792475319975703,0.21389332285576856,0.0,0.9636331731700474,0.7505666305634882,47.401131438628546,46.99284459569536,0.0
7.5840000000000005,0.42213377906323135,-0.20872883917356821,0.22255174945372647,0.0,0.9632074436864859,0.7520253865295395,47.43914732105913,46.99284459569536,0.0
7.585,0.420581017608048,-0.20987227057231866,0.19908078098479615,0.0,0.9630878993420107,0.7507743865127718,47.479269384205985,46.99284459569536,0.0
7.586,0.41844095403745984,-0.21055798169176154,0.17415550152626325,0.0,0.9629192033394575,0.7473493403856967,47.48680494201566,46.99284459569536,0.0
7.587,0.4149110452197743,-0.21036767971635983,0.16544811915822288,0.0,0.9623970819959636,0.743908259339414,47.4665692030183,46.99284459569536,0.0
7.588,0.41038035851446975,-0.20951033959463494,0.17082874258367198,0.0,0.9614906602885546,0.7419010931132969,47.43489227006935,46.99284459569536,0.0
7.589,0.4057837092558575,-0.20850965024042684,0.1822467323144094,0.0,0.9603726617015296,0.7416664985265711,47.40715022071952,46.99284459569536,0.0
7.59,0.4019568017408005,-0.20783808383594543,0.19197470073908052,0.0,0.9592791381035832,0.7426744535032925,47.39158403962499,46.99284459569536,0.0
7.591,0.39927066442287884,-0.20770448104429523,0.19577039684705155,0.0,0.9583877817200672,0.7440497135399977,47.38799643742815,46.99284459569536,0.0
7.5920000000000005,0.3975976959914834,-0.2080345392614783,0.19361267952814254,0.0,0.95776072941038,0.7450801712227956,47.39077928644854,46.99284459569536,0.0
7.593,0.3965160481581237,-0.20858946795394132,0.1882419081104149,0.0,0.9573571696739402,0.7454779218009393,47.39371745475209,46.99284459569536,0.0
7.594,0.3955800205911901,-0.2091192427721063,0.18276409536807214,0.0,0.9570864669120325,0.7453388362141734,47.39299833361364,46.99284459569536,0.0
7.595,0.394503273285272,-0.2094633679820202,0.17912211855811544,0.0,0.9568614818925476,0.7449498315162032,47.38769320711754,46.99284459569536,0.0
7.596,0.39320641199922923,-0.20957643206362553,0.17782619569194208,0.0,0.9566290907020918,0.7446029843073076,47.378905087290235,46.99284459569536,0.0
7.597,0.3917661985567258,-0.2095002330824533,0.17835965068964738,0.0,0.9563757413810468,0.7444846768444804,47.36852348620726,46.99284459569536,0.0
7.598,0.39032656121348,-0.20931449070390085,0.1797936623260164,0.0,0.9561162265739946,0.7446492298991867,47.35815380139846,46.99284459569536,0.0
7.599,0.38902035955135983,-0.20909299935694198,0.1813254126733857,0.0,0.9558766119287385,0.7450548143989648,47.348569539526345,46.99284459569536,0.0
7.6000000000000005,0.38792769600867094,-0.20888008142825654,0.18256029417113262,0.0,0.9556803111392999,0.7456235294185927,47.33972737527112,46.99284459569536,0.0
7.601,0.3870724269269726,-0.20868853476001115,0.18351254850298887,0.0,0.955541570976548,0.7462912949824009,47.33110585218652,46.99284459569536,0.0
7.602,0.38644248645791524,-0.2085109085555282,0.18444069748037695,0.0,0.9554658579706411,0.747031724578526,47.322044791865885,46.99284459569536,0.0
7.603,0.38601607703916235,-0.20833391185763445,0.1856792256789882,0.0,0.9554540658502144,0.747858102157894,47.31187111385488,46.99284459569536,0.0
7.604,0.3857821284153159,-0.2081494467603914,0.1875757995028967,0.0,0.9555075695060488,0.7488183708603616,47.299719915791066,46.99284459569536,0.0
7.605,0.3857530585031784,-0.2079611485877667,0.19058264533384556,0.0,0.9556328815185304,0.7500006085654278,47.283888285022186,46.99284459569536,0.0
7.606,0.38597610529371584,-0.20778989858733993,0.1955880238250169,0.0,0.95584693158195,0.7515728510308746,47.26009408736404,46.99284459569536,0.0
7.607,0.38655750561026025,-0.20768763019592051,0.20481262773740416,0.0,0.9561872638625202,0.7539122033346549,47.218225862138105,46.99284459569536,0.0
7.6080000000000005,0.3877277341143819,-0.20778855217844955,0.2234929276859432,0.0,0.9567396222474038,0.7578913294590417,47.16861014411085,46.99284459569536,0.0
7.609,0.38995653364499483,-0.20850262241100614,0.2465431312154157,0.0,0.9577121959119939,0.7636430325349084,47.15654014561384,46.99284459569536,0.0
7.61,0.3936324356842281,-0.2101276691829255,0.2509411749647367,0.0,0.9593342969602969,0.7687880442177687,47.183730228648635,46.99284459569536,0.0
7.611,0.3980712065111923,-0.2121473314402854,0.235437277117806,0.0,0.9615146014526463,0.7713798498659441,47.22918071307071,46.99284459569536,0.0
7.612,0.40192555575962524,-0.21370290565414513,0.21034867373301425,0.0,0.9638869726015291,0.7709462072956212,47.26829361617781,46.99284459569536,0.0
7.613,0.40401698600693264,-0.21407788812489187,0.1880377319746418,0.0,0.966004434708135,0.768398334702926,47.28404707807997,46.99284459569536,0.0
7.614,0.4039090603262846,-0.21301539995386637,0.1772489761997133,0.0,0.9675347398212903,0.765386127989847,47.27232632154015,46.99284459569536,0.0
7.615,0.4020341505386664,-0.2107816975132566,0.18031453721117696,0.0,0.9683757113650657,0.7634784325482333,47.242541810674275,46.99284459569536,0.0
7.6160000000000005,0.39941839528176326,-0.20799429010730675,0.1927098204943245,0.0,0.9686575384200535,0.7634474133365731,47.21061815806115,46.99284459569536,0.0
7.617,0.39716479060638227,-0.20530579563461487,0.20649391117722837,0.0,0.96864022053044,0.7650617148555885,47.186825826805965,46.99284459569536,0.0
7.618,0.39598130104001755,-0.203126868231027,0.21645026449371585,0.0,0.9685732675120212,0.7675778601972718,47.17276901998054,46.99284459569536,0.0
7.619,0.39604828959943295,-0.20155881408701365,0.2216794236635753,0.0,0.9686139276478078,0.7702921360412656,47.16540613344554,46.99284459569536,0.0
7.62,0.3971697463914744,-0.2004862872915706,0.2236352515535729,0.0,0.9688196519483564,0.7727792094291095,47.16051033622136,46.99284459569536,0.0
7.621,0.398996688945698,-0.19970700066582242,0.2244064927604062,0.0,0.9691785148967564,0.774913677049031,47.154627054236144,46.99284459569536,0.0
7.622,0.40120456116095327,-0.19903374356663897,0.22573030916760473,0.0,0.9696486728976557,0.7767838950763879,47.14592532652013,46.99284459569536,0.0
7.623,0.40358628112329575,-0.19834744270614335,0.22855036571736492,0.0,0.9701900763775384,0.778571164683796,47.13419478878117,46.99284459569536,0.0
7.6240000000000006,0.40606622685487015,-0.19760455894276446,0.23300213265598457,0.0,0.9707812122648067,0.7804463646453519,47.12031072093155,46.99284459569536,0.0
7.625,0.40866311184251547,-0.19681537483534145,0.23866950532843456,0.0,0.9714213731453214,0.7825111936327375,47.10555337418145,46.99284459569536,0.0
7.626,0.4114351440320673,-0.19601264391330409,0.24492109091862463,0.0,0.9721235922761725,0.7847856018066578,47.09106517386303,46.99284459569536,0.0
7.627,0.41443327632547045,-0.19522517136139103,0.2511829852961569,0.0,0.9729044356398413,0.7872270093715193,47.07755255025674,46.99284459569536,0.0
7.628,0.41767525174236264,-0.19446317616690714,0.25709221755368744,0.0,0.9737753906777551,0.7897631211478906,47.065217356020554,46.99284459569536,0.0
7.6290000000000004,0.4211414121359016,-0.1937158537241807,0.26253608706852877,0.0,0.9747382758727594,0.7923235926853527,47.053857523422366,46.99284459569536,0.0
7.63,0.4247860463018345,-0.192957728237239,0.26760587409035286,0.0,0.9757849991228731,0.794861295311504,47.04305808453913,46.99284459569536,0.0
7.631,0.4285553650464733,-0.19215885284158082,0.2725034586435313,0.0,0.9769005252719378,0.7973597577104322,47.03239077599903,46.99284459569536,0.0
7.632000000000001,0.4324039879712521,-0.191294238762376,0.27744165111054453,0.0,0.9780672262512328,0.7998284964759346,47.02155882134408,46.99284459569536,0.0
7.633,0.43630479419985263,-0.19034951240683934,0.28257048618153424,0.0,0.9792688572508316,0.8022912189400561,47.01045714358819,46.99284459569536,0.0
7.634,0.4402506567352847,-0.18932190415698627,0.2879451995805503,0.0,0.9804930077529539,0.804772725564296,46.99915325759798,46.99284459569536,0.0
7.635,0.4442496473588621,-0.18821746738153433,0.29353405595662857,0.0,0.981731681904487,0.8072890933004637,46.98781856739171,46.99284459569536,0.0
7.636,0.44831697468373477,-0.18704641428411986,0.2992516613427994,0.0,0.9829803539415227,0.8098433236073855,46.97664814484141,46.99284459569536,0.0
7.6370000000000005,0.4524670483250457,-0.18581853795128264,0.3049988371264891,0.0,0.9842362259399088,0.8124261765423672,46.96579854762853,46.99284459569536,0.0
7.638,0.4567080304104191,-0.18454009275286878,0.31069409621359845,0.0,0.9854964458234574,0.8150203308324566,46.955355622878926,46.99284459569536,0.0
7.639,0.4610397532694912,-0.18321264022786266,0.31629044831656494,0.0,0.9867568238218936,0.8176056581287031,46.94534571095269,46.99284459569536,0.0
7.640000000000001,0.46545462493851486,-0.1818336358057396,0.3217703931271114,0.0,0.9880112807889272,0.8201630022482969,46.935767625537906,46.99284459569536,0.0
7.641,0.4699400633296207,-0.18039791249553647,0.3271302055360762,0.0,0.9892518869513157,0.8226755880631841,46.92662742840578,46.99284459569536,0.0
7.642,0.4744809821902562,-0.17889920234848516,0.332362475775035,0.0,0.9904691901958804,0.8251282808242583,46.91793026062053,46.99284459569536,0.0
7.643,0.47906135687526086,-0.17733108901363454,0.3374602030184085,0.0,0.9916525270267333,0.8275074299013191,46.90974860533396,46.99284459569536,0.0
7.644,0.4836652801333413,-0.1756877189932756,0.34238199056530766,0.0,0.9927903555133158,0.8297967892999453,46.90223540261139,46.99284459569536,0.0
7.6450000000000005,0.48827596865679457,-0.1739633503504086,0.3470446838574327,0.0,0.9938700902405908,0.8319735374890328,46.8956046726549,46.99284459569536,0.0
7.646,0.4928733432623843,-0.17215106329066943,0.3513324480660829,0.0,0.9948774184239046,0.834006007140589,46.89015396805401,46.99284459569536,0.0
7.647,0.4974313161409988,-0.17024134769670252,0.35508470664294106,0.0,0.9957953149093035,0.8358504301760975,46.886363041953935,46.99284459569536,0.0
7.648000000000001,0.5019144504455937,-0.1682205004065731,0.3580449852303921,0.0,0.996602668003739,0.8374427435707265,46.88516619740353,46.99284459569536,0.0
7.649,0.5062718434366502,-0.1660682366381513,0.35972019148851375,0.0,0.9972719765865683,0.8386767489518844,46.88852402298108,46.99284459569536,0.0
7.65,0.5104218650204781,-0.16375392882238074,0.35908448442688035,0.0,0.9977647036271804,0.8393546763695384,46.899259415342215,46.99284459569536,0.0
7.651,0.514211494387098,-0.16123737013599568,0.3546526400498447,0.0,0.9980222723281519,0.8391575789241409,46.90404612004408,46.99284459569536,0.0
7.652,0.5173477195498374,-0.15850753031034012,0.35314727245542543,0.0,0.9979592576205283,0.8385775876275293,46.85283506915291,46.99284459569536,0.0
7.6530000000000005,0.5198803920457897,-0.1556047209377237,0.3801528931664344,0.0,0.9975525346212746,0.8407877342210441,46.758600778467134,46.99284459569536,0.0
7.654,0.523300747375702,-0.15315158472892415,0.4296124766816046,0.0,0.9971666816920557,0.84755577947351,46.67964083806456,46.99284459569536,0.0
7.655,0.5294212925228825,-0.15202719550710014,0.47222448445920095,0.0,0.9973970671286929,0.8571621035153005,46.66456388417639,46.99284459569536,0.0
7.656000000000001,0.5388543599917294,-0.15230879507543188,0.48304576851847514,0.0,0.9986072662705804,0.8656186228952186,46.48640629379242,46.99284459569536,0.0
7.657,0.5501761995989468,-0.1532529985098581,0.5771889467294885,0.0,1.0006431438183743,0.8824469753318468,46.533655212780104,46.99284459569536,0.0
7.658,0.5661270228356232,-0.15692020417901179,0.5581563810647991,0.0,1.0045522194443142,0.8931196941144033,46.651347663444106,46.99284459569536,0.0
7.659,0.5827920303325407,-0.1607326094949356,0.5027251250553106,0.0,1.0095203519139762,0.8955352934846077,46.79169295927137,46.99284459569536,0.0
7.66,0.5962214391199846,-0.16259965697917353,0.4345639935059172,0.0,1.014400482243799,0.8899521493627693,46.8993803206186,46.99284459569536,0.0
7.6610000000000005,0.6036951180885568,-0.16114445135662472,0.38165495558307255,0.0,1.018055542035133,0.8795891392314096,46.947724854969614,46.99284459569536,0.0
7.662,0.6047143475674635,-0.1562485157558891,0.35793388581482155,0.0,1.0197847939743419,0.868510330344046,46.84683865655825,46.99284459569536,0.0
7.663,0.6007321918184197,-0.14898484700495926,0.40983704441187596,0.0,1.0194831956242991,0.8651071151098824,46.63324948540471,46.99284459569536,0.0
7.664000000000001,0.596756013704091,-0.1417434882237847,0.5202275810915507,0.0,1.018147522807424,0.8740355470480099,46.393352453481214,46.99284459569536,0.0
7.665,0.5984256682482005,-0.13738223378758904,0.6461710184754409,0.0,1.0174309360658798,0.8944640174750733,46.18044646789744,46.99284459569536,0.0
7.666,0.6093145556945405,-0.13783997085041044,0.760747992545307,0.0,1.0189228186624686,0.9229409338854659,46.17727901898854,46.99284459569536,0.0
7.667,0.6307066047471905,-0.14301285508475725,0.7704873727668238,0.0,1.0236776445355873,0.9464006724768184,46.42709015026356,46.99284459569536,0.0
7.668,0.65725231431165,-0.1504594678071859,0.6512393515836332,0.0,1.0310703602376534,0.9520691361024172,46.86314589439708,46.99284459569536,0.0
7.6690000000000005,0.6793650740065214,-0.15553025367327047,0.43450846652985664,0.0,1.0387739710501176,0.9330951613207878,47.21266583181314,46.99284459569536,0.0
7.67,0.6870913866327087,-0.15347334664605447,0.25755028546064784,0.0,1.0435328556715182,0.8988620872395611,47.21081542054077,46.99284459569536,0.0
7.671,0.677562440320195,-0.14303400979281988,0.2562957828483796,0.0,1.043264786439072,0.8712852427725775,46.71796058435213,46.99284459569536,0.0
7.672000000000001,0.6587403214903531,-0.1280975358942647,0.5054720410561326,0.0,1.0387272209228635,0.875836352866181,46.09130750417383,46.99284459569536,0.0
7.673,0.6478788379328512,-0.11702277246601955,0.8278139520604983,0.0,1.0340296637295148,0.9134509850302327,45.642327617302755,46.99284459569536,0.0
7.674,0.6578086876013068,-0.11611910524620633,1.0658090652799603,0.0,1.033574669712009,0.9685895433035362,45.74383444082469,46.99284459569536,0.0
7.675,0.6908906266670318,-0.12600815952326289,1.0275457550676985,0.0,1.0397758635662586,1.0080401162916703,46.492614481282686,46.99284459569536,0.0
7.676,0.7332875059033577,-0.1405502529750286,0.658158035982828,0.0,1.0508027350708207,0.9995828980438641,47.28342812614926,46.99284459569536,0.0
7.6770000000000005,0.7606450856650455,-0.14798885515848387,0.25984537824500176,0.0,1.0605540229058072,0.95036820862956,47.58328905249118,46.99284459569536,0.0
7.678,0.7585807293896866,-0.14141040868839738,0.10401047050608297,0.0,1.063610697882322,0.8943920586541891,46.934101551684705,46.99284459569536,0.0
7.679,0.732254805457352,-0.12317887426574353,0.4291916513494279,0.0,1.058824406041856,0.8845226782139666,45.88131027619595,46.99284459569536,0.0
7.68,0.7095351641035308,-0.10612010690153068,0.966702632288801,0.0,1.0518356562755784,0.9332719040382145,45.13076067603637,46.99284459569536,0.0
7.681,0.7162092213576957,-0.10245004790554613,1.360598271565181,0.0,1.050187585252437,1.0134394001029217,45.54132050892207,46.99284459569536,0.0
7.682,0.7584070604718914,-0.11529245560432971,1.1698335959900628,0.0,1.058170436374906,1.0559272470227972,46.72982463152751,46.99284459569536,0.0
7.683,0.8088220059369952,-0.13281487051219526,0.5782117343290227,0.0,1.071402828639993,1.0266701707259491,47.686164017481424,46.99284459569536,0.0
7.684,0.8324673598787795,-0.13853624680879384,0.09310884713420331,0.0,1.080840401292434,0.9521201028315298,47.48839960025985,46.99284459569536,0.0
7.6850000000000005,0.8161377114034271,-0.1258679998277804,0.18703550569934718,0.0,1.0804284889593117,0.9031844751776172,46.22432824182306,46.99284459569536,0.0
7.686,0.7829313635311219,-0.10439860886751912,0.8267563484564638,0.0,1.0729292545582914,0.9320206469546154,44.9570874649369,46.99284459569536,0.0
7.687,0.773303590424063,-0.09231253356613905,1.4807343082071294,0.0,1.0679487864015238,1.0234906368218668,45.1048363878707,46.99284459569536,0.0
7.688,0.8092162554227396,-0.10050392142014081,1.4257399288184758,0.0,1.073635277464112,1.0886797486755326,46.56758721781578,46.99284459569536,0.0
7.689,0.8654381645017674,-0.11950329793929004,0.6986170876247317,0.0,1.0872800481443743,1.062659746363959,47.84014912629897,46.99284459569536,0.0
7.69,0.8946165462728111,-0.12776661870115708,0.053863088077100385,0.0,1.0976773130440676,0.974307106909243,47.48126035733186,46.99284459569536,0.0
7.691,0.8758552111535131,-0.11486448785245007,0.22842331494428808,0.0,1.0966977199073429,0.9238341535216679,45.735203109215355,46.99284459569536,0.0
7.692,0.8405865922995641,-0.09241097475549026,1.114028353867342,0.0,1.0884279256133547,0.9776734228947832,44.51509189974415,46.99284459569536,0.0
7.6930000000000005,0.8413447146338722,-0.08384737276059306,1.748861485562457,0.0,1.085651576597608,1.085841300353107,45.46376028999897,46.99284459569536,0.0
7.694,0.8924813244308005,-0.09789141983885974,1.289818133492009,0.0,1.0956001314278268,1.120454209265004,47.39844624613006,46.99284459569536,0.0
7.695,0.9455700578522646,-0.11551488972277846,0.31841913892212015,0.0,1.1098132628826611,1.0450088323083582,48.043503863757685,46.99284459569536,0.0
7.696,0.9494508760172466,-0.11371843070659254,-0.014616262572317407,0.0,1.1146866983057282,0.9517133993102381,46.24531593939353,46.99284459569536,0.0
7.697,0.9107643274687165,-0.09145640652652315,0.8919529861727795,0.0,1.1073123888170313,0.9755821530531299,44.32155803786668,46.99284459569536,0.0
7.698,0.8958288404068289,-0.07590932693196267,1.8805448025144904,0.0,1.1015748271378918,1.0972620458743219,45.000102001771566,46.99284459569536,0.0
7.699,0.9425881947899161,-0.08595681651753084,1.561200246501285,0.0,1.1098397055591431,1.1558934900678528,47.38000090877509,46.99284459569536,0.0
7.7,1.0034541098829999,-0.10574289276183307,0.36737922986872695,0.0,1.1252172340486406,1.0751337542982984,48.24517978546338,46.99284459569536,0.0
7.7010000000000005,1.00987641057693,-0.10600718843679569,-0.07773356037309842,0.0,1.1308122478740352,0.9668657542689723,45.92911822746522,46.99284459569536,0.0
7.702,0.9662562922648206,-0.08228234484300673,1.0909344823082834,0.0,1.1224085845618919,1.0078511042437597,43.89729732812516,46.99284459569536,0.0
7.703,0.9564559719410812,-0.067511606628466,2.137800404654013,0.0,1.1175562898107796,1.1480079579735611,45.3894022604571,46.99284459569536,0.0
7.704,1.0154972194286358,-0.08180009406006067,1.4077823618404248,0.0,1.1289243509073803,1.1763007124954503,48.09470916729855,46.99284459569536,0.0
7.705,1.0705798955207944,-0.10035922637979039,0.04411026270367158,0.0,1.1438835010273634,1.0547285653026421,48.2414478973698,46.99284459569536,0.0
7.706,1.0532699966365335,-0.09315287498871139,-0.041745135348700835,0.0,1.1442112314398516,0.9534570906849095,45.233600654117645,46.99284459569536,0.0
7.707,0.994221928511437,-0.06778448405940185,1.4797709256931553,0.0,1.1316605818610042,1.036893045770245,44.16887221541298,46.99284459569536,0.0
7.708,0.9919626555731249,-0.06182326611462213,2.04037486884831,0.0,1.128306542683943,1.156839652867774,46.66335854224941,46.99284459569536,0.0
7.7090000000000005,1.0449218660378743,-0.08334222882855324,0.7964265659645546,0.0,1.139709266212321,1.1161677367085736,48.966180105315956,46.99284459569536,0.0
7.71,1.062483128274865,-0.09658878585225172,-0.3747175706649235,0.0,1.1471464574174086,0.9629147657763051,47.62069607449154,46.99284459569536,0.0
7.711,1.0038173937769335,-0.07870702013369751,0.2917459299593226,0.0,1.136415172609482,0.917382080909876,44.84819577921244,46.99284459569536,0.0
7.712,0.9420510154075414,-0.05424539970842773,1.6994425657637025,0.0,1.1196917872061114,1.0297191752571906,44.533267489539625,46.99284459569536,0.0
7.713,0.9504922131155977,-0.057544932253799086,1.8815024816616668,0.0,1.1164820145620533,1.1335536504885886,46.90128727994036,46.99284459569536,0.0
7.714,1.0039450829768635,-0.08421444733665806,0.6984081596188483,0.0,1.1268773180392013,1.0889273226410925,48.86439127336319,46.99284459569536,0.0
7.715,1.0209261592618808,-0.09976188277251902,-0.3018593038692434,0.0,1.133213981131001,0.9502712904700599,47.89984280855051,46.99284459569536,0.0
7.716,0.96886298363126,-0.08612579515748509,0.17134494640854492,0.0,1.1233959307045045,0.8940664300729664,45.52223945138199,46.99284459569536,0.0
7.7170000000000005,0.9064109777205552,-0.06387474315231528,1.3748526764359374,0.0,1.1066279444365308,0.9765031473670395,44.658805647491086,46.99284459569536,0.0
7.718,0.9003496439436007,-0.0636209255331035,1.8299099678634334,0.0,1.0999750191067004,1.0870828457180166,46.15705397894894,46.99284459569536,0.0
7.719,0.9470320031873631,-0.08811567291487421,1.0891437083019717,0.0,1.1077423165331366,1.094708747380293,48.16065096170746,46.99284459569536,0.0
7.72,0.9836689311106142,-0.11156872115651323,0.075667153262589,0.0,1.11783036221592,0.9947107916811487,48.616002291875134,46.99284459569536,0.0
7.721,0.963380165798756,-0.11159096602041113,-0.1682400887830453,0.0,1.116677724213123,0.8916245385091081,47.09024483603215,46.99284459569536,0.0
7.722,0.9012579639881473,-0.09135335240220432,0.5936646367350794,0.0,1.1031053647467597,0.89161079362749,45.434714279658316,46.99284459569536,0.0
7.723,0.8568636991708323,-0.0762289872420307,1.4370112180823664,0.0,1.089427562707434,0.9796524110922165,45.245479892988044,46.99284459569536,0.0
7.724,0.8657630584714684,-0.08397080907217214,1.5491020584445754,0.0,1.0869245466714312,1.0599957410616647,46.59916535654679,46.99284459569536,0.0
7.7250000000000005,0.9091874081286001,-0.10856613806434384,0.8761961190566873,0.0,1.0953342332068106,1.052226189825,48.10446516227115,46.99284459569536,0.0
7.726,0.9366144935879874,-0.12791734894190523,0.11243001052875157,0.0,1.1040086758715957,0.9662066139173842,48.48724948550657,46.99284459569536,0.0
7.727,0.9161940130249419,-0.12671774998897017,-0.0939061999870704,0.0,1.1028882486855422,0.8771176415120765,47.49060695026413,46.99284459569536,0.0
7.728,0.8599951845903949,-0.10857748120954766,0.39943744408846016,0.0,1.0909875334013561,0.8591343529043303,46.077535023415415,46.99284459569536,0.0
7.729,0.8111906531691522,-0.0918924111485282,1.1151265032356175,0.0,1.0768246057658963,0.9203581918663636,45.52376009715266,46.99284459569536,0.0
7.73,0.804287492877818,-0.09344649101204583,1.4067048113524216,0.0,1.0705381542757824,0.9992313797878585,46.15242589981951,46.99284459569536,0.0
7.731,0.8357941000273952,-0.11291130472578531,1.100776096977754,0.0,1.0748932554367063,1.0294859037164443,47.37270434976609,46.99284459569536,0.0
7.732,0.8724525371147505,-0.1357537403274994,0.4868382744637586,0.0,1.0841563186534469,0.9889592500273579,48.2915764934761,46.99284459569536,0.0
7.7330000000000005,0.8799288712395508,-0.14598525923931316,0.014414883630945563,0.0,1.089337452903888,0.9071285608795302,48.26720618806718,46.99284459569536,0.0
7.734,0.8469682060058118,-0.13796334995532572,0.013856420411688553,0.0,1.0848326796041445,0.8423622935426982,47.3613399819604,46.99284459569536,0.0
7.735,0.7928598554926474,-0.1194068958968672,0.46310456960242774,0.0,1.0723407660471023,0.83866736855686,46.36714555113717,46.99284459569536,0.0
7.736,0.7518096928561583,-0.10606243975687091,0.9664587754596237,0.0,1.059446225712365,0.8889436602511674,45.93718013723639,46.99284459569536,0.0
7.737,0.7452966146891613,-0.10844858464610627,1.191998126994604,0.0,1.0532646890797481,0.9529845923248509,46.22547248022212,46.99284459569536,0.0
7.738,0.7702729099496748,-0.12556269502741307,1.0555256766564693,0.0,1.0559640900108127,0.9899233912150338,47.111200941668045,46.99284459569536,0.0
7.739,0.8053667350089854,-0.14778164868272406,0.6114778824737815,0.0,1.0643603745360606,0.9723471596486715,47.9432348610726,46.99284459569536,0.0
7.74,0.8224278742253961,-0.16179330541449707,0.1859570201177333,0.0,1.0714785001560891,0.9134755757109194,48.345193367465,46.99284459569536,0.0
7.7410000000000005,0.8070075912766564,-0.16081512334855372,-0.02854572079616513,0.0,1.0717499382257685,0.8437297123685027,47.999497791576914,46.99284459569536,0.0
7.742,0.763002279261983,-0.14633144439889434,0.13423553518906262,0.0,1.063436223290434,0.8057229262269361,47.21418392811465,46.99284459569536,0.0
7.743,0.7131903206453606,-0.12857046466103633,0.5246790735960016,0.0,1.0503443302528097,0.8170456861985856,46.54161686835605,46.99284459569536,0.0
7.744,0.6821586823498749,-0.11935121842070937,0.8654748807486943,0.0,1.0388573952270546,0.8624254448983719,46.333348199756045,46.99284459569536,0.0
7.745,0.6805572421391304,-0.12432020934612024,0.9762041790080904,0.0,1.0336959110380528,0.9107566410028374,46.50333685194411,46.99284459569536,0.0
7.746,0.7017888572881641,-0.14035422189717978,0.8961049303515692,0.0,1.03559774634976,0.9414688666746441,47.004877383465036,46.99284459569536,0.0
7.747,0.7313919081364392,-0.1602364650092099,0.6452143367134107,0.0,1.0424073273142895,0.9394590610549882,47.616211748792885,46.99284459569536,0.0
7.748,0.7516400982260641,-0.17552689809907718,0.3333134825185109,0.0,1.0498180948291655,0.9045997356673179,48.08505315617009,46.99284459569536,0.0
7.7490000000000006,0.7496168198451855,-0.18009600943869628,0.08797069322516093,0.0,1.0533515509702467,0.8505237638123755,48.16090235849542,46.99284459569536,0.0
7.75,0.7224412068474524,-0.17254094386015098,0.03836551443449554,0.0,1.0502473159846888,0.8021746776289377,47.80820763813304,46.99284459569536,0.0
7.751,0.6797851921938843,-0.1573631465590385,0.20655924419130833,0.0,1.0410245888320069,0.7817678441083591,47.276071662702016,46.99284459569536,0.0
7.752,0.6390168221648217,-0.142951352986109,0.46979496123675424,0.0,1.0292499317225237,0.7938113733586623,46.82930585310721,46.99284459569536,0.0
7.753,0.6148790802084402,-0.1365107235015516,0.6948132534600399,0.0,1.019292741941447,0.8278402068620049,46.69122221927654,46.99284459569536,0.0
7.7540000000000004,0.6130042089784302,-0.14122320223655205,0.766871294139562,0.0,1.0143169334445081,0.8631114980051576,46.79099652185838,46.99284459569536,0.0
7.755,0.6279352564472941,-0.15435018776470905,0.7190026235870106,0.0,1.0147626785323256,0.8867107810828504,47.0681233421492,46.99284459569536,0.0
7.756,0.6496348258744061,-0.17061811296334312,0.5796864259770635,0.0,1.0191819793356989,0.890910973167693,47.40949296096262,46.99284459569536,0.0
7.757000000000001,0.6670284563568681,-0.18453545663719098,0.4048351329176789,0.0,1.0249475978193558,0.8755962922051562,47.68159628161739,46.99284459569536,0.0
7.758,0.6720354753069474,-0.1920482860114605,0.2618959557310764,0.0,1.0292924241528245,0.8480380088476223,47.90349452254084,46.99284459569536,0.0
7.759,0.6622118186243166,-0.1919607420999198,0.14184033600089585,0.0,1.0303621813931807,0.813023982485325,47.937874884337795,46.99284459569536,0.0
7.76,0.6381255899685201,-0.18481507217765733,0.11519985221599371,0.0,1.0270384120209382,0.7824396860495666,47.729463714618284,46.99284459569536,0.0
7.761,0.6059572944466306,-0.17351805709925217,0.21203924588652012,0.0,1.0198173749829427,0.7687978306826171,47.407629131696645,46.99284459569536,0.0
7.7620000000000005,0.5759265515224847,-0.1632204806101435,0.3688086919873267,0.0,1.0109344928490334,0.7750560010493833,47.149334917841976,46.99284459569536,0.0
7.763,0.5567814229833837,-0.158429682986006,0.4963908956931947,0.0,1.0031417039914274,0.7940720708227792,47.08202657207185,46.99284459569536,0.0
7.764,0.5514727236443403,-0.16087164443285162,0.5291532488144947,0.0,0.9983463247323165,0.8131277971812627,47.11859624678826,46.99284459569536,0.0
7.765000000000001,0.5563790293896579,-0.16849314272415766,0.5096108949453603,0.0,0.9967500012325395,0.8267283498957937,47.2379220433655,46.99284459569536,0.0
7.766,0.5660987779545272,-0.1785400479083348,0.4474972221800373,0.0,0.9977023099415403,0.8311520252387176,47.37783834138382,46.99284459569536,0.0
7.767,0.5749513156140457,-0.18799629755923913,0.3736891357139924,0.0,0.9999414737236911,0.8268542294777388,47.51475598220803,46.99284459569536,0.0
7.768,0.5789595592817646,-0.19480206705709113,0.3000112014367615,0.0,1.0021810136997833,0.8154912563383843,47.64895389009474,46.99284459569536,0.0
7.769,0.5760707095087769,-0.19783991455315347,0.22635115454941357,0.0,1.0033264078939197,0.7984805646074443,47.68564357911335,46.99284459569536,0.0
7.7700000000000005,0.565584962121708,-0.19666695052196956,0.20107832020592586,0.0,1.002496788977157,0.7823666138749492,47.64117745361297,46.99284459569536,0.0
7.771,0.5499589054944999,-0.19272145572310617,0.2168280543769423,0.0,0.9997164620912584,0.7713803041813965,47.56180289078785,46.99284459569536,0.0
7.772,0.5330182636308382,-0.18803727853669133,0.25082575283857533,0.0,0.9956397323820771,0.7665040522964092,47.47356770422117,46.99284459569536,0.0
7.773000000000001,0.5180458945660661,-0.1843459984049769,0.2901361150366597,0.0,0.9911238514126909,0.767169469664664,47.393534196385396,46.99284459569536,0.0
7.774,0.5071608182729667,-0.182765247266249,0.32614597294764525,0.0,0.9869891304531256,0.7719323726489751,47.34091075815845,46.99284459569536,0.0
7.775,0.5011933876723036,-0.18372809866013035,0.34897703043648687,0.0,0.9838658930526627,0.7785043975867041,47.3374338520896,46.99284459569536,0.0
7.776,0.4996341320348776,-0.18696415140207753,0.3472695909069682,0.0,0.9820585191736937,0.7838026111815876,47.38638402944516,46.99284459569536,0.0
7.777,0.5006530086468839,-0.19150796167070727,0.3188591078916915,0.0,0.9814291626442403,0.7851545183090064,47.458265490570966,46.99284459569536,0.0
7.7780000000000005,0.5016886015239254,-0.19597157805725102,0.27826416838003276,0.0,0.9814434921803071,0.7820232341042533,47.51653844721833,46.99284459569536,0.0
7.779,0.5006337467934323,-0.1991935135625873,0.24389075154112083,0.0,0.9814530370840139,0.7759577747655434,47.541071414233116,46.99284459569536,0.0
7.78,0.4966626972563917,-0.20072282203837521,0.22614199984835048,0.0,0.9809910861407622,0.7693174542350291,47.53352993292688,46.99284459569536,0.0
7.781000000000001,0.4902659853723508,-0.20083322448699298,0.2245058871291522,0.0,0.9799081494233746,0.7639564135929309,47.50623189513444,46.99284459569536,0.0
7.782,0.48267403386966695,-0.2001992479550606,0.23302103303098204,0.0,0.9783265608705167,0.760747358066152,47.474193616785875,46.99284459569536,0.0
7.783,0.4752038511977988,-0.19954192633365053,0.2442266819943596,0.0,0.976516260007231,0.7595943197425968,47.449979360479965,46.99284459569536,0.0
7.784,0.4687820356497599,-0.19936962452966023,0.25176246249946876,0.0,0.974759305415694,0.7597241324145629,47.44050073474968,46.99284459569536,0.0
7.785,0.46373132708458953,-0.1998599002854502,0.2520252139740663,0.0,0.9732466809016838,0.7601101730040212,47.445025548810506,46.99284459569536,0.0
7.7860000000000005,0.4598131112655818,-0.20088065378758682,0.24524099741250371,0.0,0.9720313030256976,0.7599379524010541,47.456684459873365,46.99284459569536,0.0
7.787,0.4564741467510908,-0.20212517291662835,0.23477314323929382,0.0,0.9710469304461862,0.7589058982157515,47.467324088918566,46.99284459569536,0.0
7.788,0.4531656357260988,-0.20328878259628438,0.2247085337844612,0.0,0.970173341579568,0.7572067302603329,47.47191015485574,46.99284459569536,0.0
7.789000000000001,0.44956969130754953,-0.20419447211230585,0.21762484522426961,0.0,0.9693051845540351,0.7552740293425118,47.46969640870007,46.99284459569536,0.0
7.79,0.44565042341728417,-0.20482154712920014,0.21396320017206022,0.0,0.9683904944959718,0.7535109987675226,47.4628631464276,46.99284459569536,0.0
7.791,0.4415670210901441,-0.20525792074863536,0.21267964580097054,0.0,0.9674327007341851,0.7521382092910104,47.45443956078625,46.99284459569536,0.0
7.792,0.4375391453481776,-0.20562560437889793,0.212275488970738,0.0,0.9664694888640598,0.7511775299867014,47.44654987355678,46.99284459569536,0.0
7.793,0.43373951777113334,-0.20602102506878284,0.2116832798068562,0.0,0.965546349690101,0.7505331762621409,47.43926016293866,46.99284459569536,0.0
7.7940000000000005,0.4302509618544753,-0.2064914874242787,0.21086397944348545,0.0,0.9646988857132878,0.750122487919371,47.42666799412316,46.99284459569536,0.0
7.795,0.4270919425632672,-0.20705335494346908,0.2128218298669583,0.0,0.9639522001034347,0.7502042851262782,47.412509306979686,46.99284459569536,0.0
7.796,0.42438368691790235,-0.20777620490278792,0.21570452632585063,0.0,0.9633622575955912,0.7507670700858314,47.391615670682576,46.99284459569536,0.0
7.797000000000001,0.4222071045587304,-0.20869627073943203,0.22216363372453357,0.0,0.9629815665769247,0.7521085986509662,47.42999106449879,46.99284459569536,0.0
7.798,0.4207472884247151,-0.20989527577795405,0.1986044721283906,0.0,0.9628957874125095,0.7507606203593082,47.47096934027789,46.99284459569536,0.0
7.799,0.4186305974658791,-0.21059634183282736,0.1733340867930171,0.0,0.9627489155510208,0.7472129490535768,47.4781613441,46.99284459569536,0.0
7.8,0.4150606109619002,-0.21038640509934448,0.16488491739791455,0.0,0.9622318600438761,0.7437001845180118,47.45713852306205,46.99284459569536,0.0
7.801,0.4104662566617891,-0.2094961976185115,0.17075338864322398,0.0,0.9613194101783319,0.7416866935241956,47.42485405741929,46.99284459569536,0.0
7.8020000000000005,0.40581818435300804,-0.20846971831933617,0.18257552684736494,0.0,0.9601928455518606,0.7414904015441743,47.396967851793086,46.99284459569536,0.0
7.803,0.40196921984541145,-0.20778919614780725,0.19247739709948908,0.0,0.9590947155441574,0.7425489720179478,47.381709933289095,46.99284459569536,0.0
7.804,0.39928841937408593,-0.20766227241633,0.19621770297554736,0.0,0.9582050991958546,0.7439606857941888,47.37866812181502,46.99284459569536,0.0
7.805000000000001,0.39763468661058293,-0.20800691057033993,0.19388037345138925,0.0,0.9575847952942621,0.7450028598508295,47.38198763105144,46.99284459569536,0.0
7.806,0.39657130539922025,-0.20857595569199147,0.18832918847961866,0.0,0.9571898877703343,0.7453919636656084,47.38531672058629,46.99284459569536,0.0
7.807,0.395643507284761,-0.20911436278417614,0.18273992246328363,0.0,0.9569269157092013,0.7452347829149146,47.38482533285422,46.99284459569536,0.0
7.808,0.39456324129427683,-0.20946068400443604,0.1790658089577295,0.0,0.9567072340424188,0.7448283144855379,47.37963330508941,46.99284459569536,0.0
7.809,0.3932544994629707,-0.20957136102555884,0.17779393574619218,0.0,0.9564775849594979,0.7444705187557457,47.37091276905119,46.99284459569536,0.0
7.8100000000000005,0.3917992677929365,-0.20949108375549255,0.17837352203174678,0.0,0.956225183941971,0.7443489989795576,47.36061079357718,46.99284459569536,0.0
7.811,0.39034590650051676,-0.20930204314673992,0.17984684778993232,0.0,0.9559658793543162,0.7445159784752465,47.3503610706636,46.99284459569536,0.0
7.812,0.3890295904700672,-0.20907932815044314,0.1813965444970388,0.0,0.9557265949314906,0.7449263240932262,47.340935952349696,46.99284459569536,0.0
7.813,0.3879306080279202,-0.20886736310899,0.18262819008744868,0.0,0.9555311845081486,0.7454994156633313,47.3322741588888,46.99284459569536,0.0
7.814,0.3870716831415269,-0.2086783110135696,0.18356479118596192,0.0,0.9553939482040695,0.7461698586121055,47.32383436864656,46.99284459569536,0.0
7.815,0.3864392812356585,-0.20850389994967755,0.1844747885775711,0.0,0.955320185129202,0.7469112422984678,47.314943053191136,46.99284459569536,0.0
7.816,0.3860104825731819,-0.20833020997869628,0.1856994617303243,0.0,0.9553105749442882,0.7477375692154076,47.3049204888277,46.99284459569536,0.0
7.817,0.38577369942294937,-0.20814884688307161,0.18758998498072033,0.0,0.9553663454287511,0.7486977714080792,47.29289643602094,46.99284459569536,0.0
7.8180000000000005,0.3857414071940365,-0.20796346549220018,0.19060149298084367,0.0,0.9554939807619952,0.7498810753911173,47.277153947770074,46.99284459569536,0.0
7.819,0.38596138812941205,-0.20779524236109648,0.19562964358552903,0.0,0.9557105322297059,0.75145727317051,47.253371098606415,46.99284459569536,0.0
7.82,0.3865409942283047,-0.20769680555556083,0.20491580313824803,0.0,0.956053902511287,0.7538071455019624,47.21143040037352,46.99284459569536,0.0
7.821,0.38771273899931546,-0.2078042917148931,0.2237002942079125,0.0,0.9566107308434373,0.7578067041867409,47.16228648443882,46.99284459569536,0.0
7.822,0.38994879096773577,-0.20853052117436677,0.24657783328782762,0.0,0.9575906425897989,0.7635564259555345,47.15087275604,46.99284459569536,0.0
7.823,0.3936276981520396,-0.2101636906579507,0.2507044158837919,0.0,0.9592199216870034,0.7686719961462528,47.17848834507098,46.99284459569536,0.0
7.824,0.39805453039903027,-0.21218154385232108,0.2350401838745459,0.0,0.9614034620501042,0.771224443405317,47.22406202312992,46.99284459569536,0.0
7.825,0.401881717561047,-0.21372604353470903,0.2099411705707322,0.0,0.9637736095359203,0.770759028566106,47.26306109673638,46.99284459569536,0.0
7.8260000000000005,0.4039384298727039,-0.21408558284334223,0.18773946875709113,0.0,0.9658843051163594,0.7681980064102731,47.27861542752044,46.99284459569536,0.0
7.827,0.4037987415741189,-0.21300964824759175,0.1771045950468087,0.0,0.9674058807245526,0.7651922697740339,47.26676862197937,46.99284459569536,0.0
7.828,0.40190309900469834,-0.21076930800712756,0.18028875755450657,0.0,0.9682390470278087,0.7633029947748375,47.237049038269184,46.99284459569536,0.0
7.829,0.3992800934782477,-0.20798341957967276,0.1927065049838596,0.0,0.9685159248762043,0.7632896486802542,47.20535317497295,46.99284459569536,0.0
7.83,0.39702887773795903,-0.2053021108472046,0.2064293508392014,0.0,0.9684966952540054,0.7649120642259295,47.181824650854054,46.99284459569536,0.0
7.831,0.3958506058925363,-0.20313191321284796,0.2163038123470618,0.0,0.9684297214961392,0.7674263753077226,47.16798307538866,46.99284459569536,0.0
7.832,0.3959203562492136,-0.20157105706678297,0.22147321528282482,0.0,0.9684708840225148,0.7701329923557159,47.16076396265939,46.99284459569536,0.0
7.833,0.3970400271418803,-0.20050303511166231,0.2234035779778215,0.0,0.9686767181474502,0.7726112435240133,47.15595414635238,46.99284459569536,0.0
7.8340000000000005,0.3988611881281123,-0.19972593354970433,0.22417739062475606,0.0,0.9690349930244572,0.7747389377526284,47.150127856418656,46.99284459569536,0.0
7.835,0.4010611565028679,-0.19905365940562458,0.22551770298438417,0.0,0.969504030696396,0.7766056013678118,47.14148157092998,46.99284459569536,0.0
7.836,0.40343478479670186,-0.198368264323253,0.2283544759763746,0.0,0.9700441602450393,0.7783920448656189,47.12982086193987,46.99284459569536,0.0
7.837,0.40590767755292356,-0.1976269018451034,0.23281506780898636,0.0,0.9706342252668259,0.780267872419931,47.11602359179138,46.99284459569536,0.0
7.838,0.40849888850645805,-0.19684002587562988,0.2384819129222696,0.0,0.9712737238100048,0.7823335664877991,47.10136392674445,46.99284459569536,0.0
7.839,0.4112663270367156,-0.1960401968516258,0.24472655213524613,0.0,0.9719757294727066,0.7846083767367001,47.0869761695466,46.99284459569536,0.0
7.84,0.4142604020009205,-0.19525589602792276,0.2509791149956562,0.0,0.9727567407936613,0.7870495681887362,47.07356101089943,46.99284459569536,0.0
7.841,0.4174983765496442,-0.1944970655855155,0.2568795301672006,0.0,0.9736281417872962,0.7895850252172124,47.06131814149026,46.99284459569536,0.0
7.8420000000000005,0.4209603145139943,-0.1937527465678109,0.2623162294138371,0.0,0.9745916615968919,0.7921446759770279,47.05004599846378,46.99284459569536,0.0
7.843,0.4246004223914012,-0.1929974233993712,0.2673802868993935,0.0,0.9756391521431582,0.794681600485895,47.03933122758652,46.99284459569536,0.0
7.844,0.42836494831103855,-0.1922011769855669,0.2722728060191105,0.0,0.9767555522118507,0.7971794213544294,47.028747009338176,46.99284459569536,0.0
7.845,0.4322085880301169,-0.19133906578185267,0.27720589100685594,0.0,0.9779232245922567,0.7996476591905319,47.01799718387347,46.99284459569536,0.0
7.846,0.4361042855329081,-0.19039675383682986,0.2823292778574283,0.0,0.9791259203163171,0.8021099918566343,47.00697639188566,46.99284459569536,0.0
7.847,0.44004495452247644,-0.18937149276484716,0.28769835588943066,0.0,0.9803512241361135,0.8045912089297222,46.995751264657294,46.99284459569536,0.0
7.848,0.444038696444564,-0.18826934905566856,0.2932818528139935,0.0,0.9815911360839495,0.8071074236373291,46.98449213107368,46.99284459569536,0.0
7.849,0.44810076061232496,-0.18710055310711496,0.29899494425201745,0.0,0.9828411321905132,0.8096617235186628,46.97339311154825,46.99284459569536,0.0
7.8500000000000005,0.45224562559703374,-0.18587493122032622,0.3047389688562044,0.0,0.984098428226493,0.8122449903079596,46.9626103194096,46.99284459569536,0.0
7.851,0.4564815569003556,-0.18459878917053937,0.3104327076883864,0.0,0.9853602019311956,0.8148400272539046,46.95222977080619,46.99284459569536,0.0
7.852,0.4608085145866495,-0.18327375199935342,0.3160291302389819,0.0,0.98662230929169,0.81742680093551,46.942277386131046,46.99284459569536,0.0
7.853,0.46521903745765625,-0.1818973377744414,0.3215109946721977,0.0,0.9878787280912673,0.8199862609082041,46.93275160608702,46.99284459569536,0.0
7.854,0.4697006788673553,-0.180464441391478,0.3268748145902958,0.0,0.989121596548279,0.8225017429838886,46.923657879628514,46.99284459569536,0.0
7.855,0.47423849167175236,-0.1789688547345447,0.3321135449802154,0.0,0.990341540798725,0.8249582428470292,46.91500371737103,46.99284459569536,0.0
7.856,0.4788165974853201,-0.17740422504018247,0.33721903489220145,0.0,0.9915279872106302,0.8273420902238708,46.90685664546538,46.99284459569536,0.0
7.857,0.4834191788640939,-0.17576472032113405,0.34215245034732467,0.0,0.9926694744968771,0.8296373154116331,46.89936715301455,46.99284459569536,0.0
7.8580000000000005,0.4880296236090381,-0.17404466258292628,0.34683197099954777,0.0,0.9937535242692634,0.8318214568182815,46.89274579358657,46.99284459569536,0.0
7.859,0.492628117452126,-0.1722372432721796,0.3511436387346264,0.0,0.9947659676582755,0.8338633474305496,46.887283240101,46.99284459569536,0.0
7.86,0.49718896322107853,-0.17033312533068146,0.35493052903335587,0.0,0.9956899769891561,0.8357200264798473,46.88344306780272,46.99284459569536,0.0
7.861,0.5016773380663099,-0.1683188787335593,0.35794463046142,0.0,0.99650472734561,0.8373290080361178,46.88212113077821,46.99284459569536,0.0
7.862,0.5060434701645512,-0.16617467720823564,0.35971283362284845,0.0,0.9971831811202313,0.8385875370235286,46.88520094867344,46.99284459569536,0.0
7.863,0.5102082002259316,-0.16387060283354826,0.3592493611454507,0.0,0.997687636250169,0.8393049354997633,46.895556085042756,46.99284459569536,0.0
7.864,0.5140244046414592,-0.1613666377621562,0.3550446780673203,0.0,0.9979609903006301,0.8391650240424529,46.90210341783239,46.99284459569536,0.0
7.865,0.5172067802993685,-0.15864854713567939,0.35267842345113143,0.0,0.9979190674821155,0.838536298680706,46.8543682037042,46.99284459569536,0.0
7.8660000000000005,0.5197451649080791,-0.155746570329916,0.3779307944351408,0.0,0.9975264278669086,0.8405202783773063,46.7611642989572,46.99284459569536,0.0
7.867,0.5230659706821206,-0.15324472543854503,0.4268495497760224,0.0,0.9971252670128892,0.8470552307313252,46.67967607924248,46.99284459569536,0.0
7.868,0.5290094661507454,-0.15203446824996847,0.4707253447979083,0.0,0.9973096076378434,0.8566131452197301,46.66342650829353,46.99284459569536,0.0
7.869,0.5382774059041241,-0.1522715875479068,0.48214431114640177,0.0,0.9984694913438023,0.8650909922517207,46.50075866291484,46.99284459569536,0.0
7.87,0.549488094935598,-0.15319828766426793,0.5683990931635531,0.0,1.0004607372021843,0.881070382913581,46.5250520551994,46.99284459569536,0.0
7.871,0.5650140925898641,-0.15663784024760347,0.5609303224262315,0.0,1.0042198813239178,0.8923710936421622,46.629224522804506,46.99284459569536,0.0
7.872,0.5816540114229508,-0.16043511430980015,0.5124802893525884,0.0,1.009116486727344,0.8959877006842346,46.76760027547748,46.99284459569536,0.0
7.873,0.5956005631465213,-0.16256969096903176,0.44554485621828177,0.0,1.0140819229865286,0.8914861887471424,46.88329075619474,46.99284459569536,0.0
7.8740000000000006,0.603924535615903,-0.16155588194966647,0.3887951542546568,0.0,1.017967799667363,0.8815820872906266,46.94411192402989,46.99284459569536,0.0
7.875,0.6057694548035158,-0.15704370844565796,0.358871897053736,0.0,1.019988477539215,0.8702132209894367,46.86796762925403,46.99284459569536,0.0
7.876,0.6022294141106439,-0.14998286587088713,0.3981928141060784,0.0,1.0199386300455784,0.8652156962214105,46.668763707345065,46.99284459569536,0.0
7.877,0.59784074927514,-0.14251548472107564,0.5010355839440651,0.0,1.018643211323771,0.8720797874174544,46.42168638937338,46.99284459569536,0.0
7.878,0.5982765575712616,-0.13751877951561403,0.6302858249931286,0.0,1.0176887798326464,0.891225200877802,46.219958880823675,46.99284459569536,0.0
7.8790000000000004,0.6076270725009842,-0.13734819881428936,0.7388784364166963,0.0,1.018775536011577,0.9179891161297962,46.153308314224454,46.99284459569536,0.0
7.88,0.6272109296889501,-0.1416421547913211,0.7805990825310163,0.0,1.0229040490623016,0.9436279412914446,46.351751791811154,46.99284459569536,0.0
7.881,0.6534565313936564,-0.1489480267097224,0.6877882717765083,0.0,1.029944299675372,0.9537981619822237,46.76648807588659,46.99284459569536,0.0
7.882000000000001,0.6774113705663322,-0.15489916919552932,0.48268369493687685,0.0,1.0378791142504686,0.9396494140284698,47.16236944200141,46.99284459569536,0.0
7.883,0.6886451881335889,-0.154524331534676,0.2830477634164057,0.0,1.0435048290051274,0.906803944088074,47.28725646323572,46.99284459569536,0.0
7.884,0.6822810270427466,-0.14553733446497297,0.21766013412384821,0.0,1.0442986039892226,0.8734217086058723,46.84669132001666,46.99284459569536,0.0
7.885,0.6630639945894579,-0.13044745168030236,0.43940423849016563,0.0,1.040104760791071,0.8705530339024742,46.194893255861025,46.99284459569536,0.0
7.886,0.648546708095095,-0.11761811029235561,0.7732827839663264,0.0,1.0347831057175676,0.9034657724981624,45.67176937624879,46.99284459569536,0.0
7.8870000000000005,0.6537238968624302,-0.11438273622894496,1.0480554759669098,0.0,1.0330572922778871,0.9587266187628832,45.6358435636435,46.99284459569536,0.0
7.888,0.6834284293847106,-0.12268725845652151,1.0795883925900744,0.0,1.037975995994315,1.0057939662759285,46.33118014102818,46.99284459569536,0.0
7.889,0.7268742961802539,-0.13774756142659456,0.7385367484444065,0.0,1.0486831521948363,1.0063334393647707,47.165562395654995,46.99284459569536,0.0
7.890000000000001,0.7591141891030729,-0.14751693041263075,0.3196184431314016,0.0,1.0592975676429532,0.9621072540682517,47.61881167153453,46.99284459569536,0.0
7.891,0.7628937279062454,-0.14364523625620634,0.08673413443324202,0.0,1.0639043429695394,0.901843687603408,47.104896992700965,46.99284459569536,0.0
7.892,0.7387581440335267,-0.1265998561056601,0.34257094987996856,0.0,1.060187809241987,0.88123075771786,46.064547836198116,46.99284459569536,0.0
7.893,0.7127065991979823,-0.10812064927915901,0.8720284957263654,0.0,1.052919376949225,0.9206137434299303,45.21395929485657,46.99284459569536,0.0
7.894,0.7127713492305386,-0.10128459610545659,1.3151116194055255,0.0,1.0497489126761042,0.9985085175358245,45.33007573966935,46.99284459569536,0.0
7.8950000000000005,0.7491978793747429,-0.1113194729193151,1.273681085559398,0.0,1.0558571692221463,1.0553023070284144,46.49302104183455,46.99284459569536,0.0
7.896,0.8019251730064388,-0.12982949268484906,0.6972066700154034,0.0,1.0689697324689136,1.0385939258569272,47.585478428592026,46.99284459569536,0.0
7.897,0.8329562403119231,-0.13898831748506663,0.14505163830769996,0.0,1.0799225718042236,0.9670091853275715,47.63065046090487,46.99284459569536,0.0
7.898000000000001,0.8233165605091324,-0.12948709821652987,0.11608756349918425,0.0,1.081484930785526,0.9073843803241849,46.47361977142388,46.99284459569536,0.0
7.899,0.7900265693391011,-0.10816109302838595,0.6997951564823943,0.0,1.074677724990349,0.9219412699261806,45.11210362425498,46.99284459569536,0.0
7.9,0.7737481452216183,-0.09324385450235173,1.3993606397812477,0.0,1.068579292548907,1.0069346039627236,44.90288862163966,46.99284459569536,0.0
7.901,0.8019937727124103,-0.09777727689997456,1.5248677008294629,0.0,1.0722378856042625,1.0863590799686214,46.30338464471244,46.99284459569536,0.0
7.902,0.8591987031333144,-0.11685958373393562,0.831514288802904,0.0,1.0855267864824312,1.0746729356746698,47.73171541426312,46.99284459569536,0.0
7.9030000000000005,0.895558270150081,-0.1282895920054707,0.1099601958418846,0.0,1.0973846606849178,0.9896193767248485,47.68145460974761,46.99284459569536,0.0
7.904,0.8834669650268753,-0.11846423473051443,0.1282044979591171,0.0,1.0983563021892127,0.925173014486484,46.02410413643978,46.99284459569536,0.0
7.905,0.8465256984256306,-0.09559937088183551,0.9665671392055877,0.0,1.0903692618686367,0.96324852641323,44.57430373406274,46.99284459569536,0.0
7.906000000000001,0.8388182109687626,-0.08351989743197552,1.7156527490104356,0.0,1.0858883833317947,1.0712119847355552,45.19257503640372,46.99284459569536,0.0
7.907,0.8839379631232732,-0.09450682828439405,1.4245197934328626,0.0,1.0939812956091346,1.1233752805488169,47.127461702268924,46.99284459569536,0.0
7.908,0.9407351247194804,-0.11336370518711553,0.4557302894345233,0.0,1.1084456333908415,1.0616795318704075,48.16517594143668,46.99284459569536,0.0
7.909,0.9536348316568292,-0.11526769645626633,-0.07485014360676745,0.0,1.115314832797116,0.958072843096305,46.58119093133782,46.99284459569536,0.0
7.91,0.9164700004705226,-0.09428369788188223,0.7212588980862364,0.0,1.1088091636294797,0.9626086705567506,44.4548698118786,46.99284459569536,0.0
7.9110000000000005,0.8937444947996344,-0.07586919913219381,1.8097992056540142,0.0,1.1015918892479286,1.079946849081848,44.698090949678765,46.99284459569536,0.0
7.912,0.9331363684132019,-0.08243774018916117,1.7111361732140988,0.0,1.107736844660807,1.1585307845180108,47.053266429340965,46.99284459569536,0.0
7.913,0.9978426162092212,-0.10358626963885725,0.5329442150465424,0.0,1.12338635090491,1.094532568356387,48.22656123063142,46.99284459569536,0.0
7.914000000000001,1.0148883300549607,-0.10801935871473056,-0.06604035194804458,0.0,1.1313472394122897,0.9831647756025357,46.3589754256654,46.99284459569536,0.0
7.915,0.9772046563366733,-0.08733349721962813,0.8740912422352646,0.0,1.1250554841383258,0.9974498332523858,44.09530829748275,46.99284459569536,0.0
7.916,0.9591081517075538,-0.06998701870179325,2.034900169308714,0.0,1.1191201561347326,1.1295786544181214,45.05033669698044,46.99284459569536,0.0
7.917,1.008913362020912,-0.07972140992948384,1.5768110485470206,0.0,1.1282354908682968,1.1802436299316428,47.797539844407034,46.99284459569536,0.0
7.918,1.0678454358236693,-0.0987188158592362,0.1951625223466058,0.0,1.1434981604198524,1.0733687186775704,48.46426623520697,46.99284459569536,0.0
7.9190000000000005,1.0599515451009842,-0.09503472992909112,-0.15291488944847886,0.0,1.1459518483792317,0.9556931841861281,45.65498519105731,46.99284459569536,0.0
7.92,0.9996286416818658,-0.070121484619038,1.2651042266727337,0.0,1.1336889979687248,1.0160500292999286,44.087582472816614,46.99284459569536,0.0
7.921,0.985949468784187,-0.05972485547593176,2.0778582070218676,0.0,1.1277936203580077,1.1452691315230443,46.219139875513754,46.99284459569536,0.0
7.922000000000001,1.0353804025224629,-0.07890080340396505,1.0198165528751135,0.0,1.1376230112941879,1.1308904695629556,48.770184921027706,46.99284459569536,0.0
7.923,1.0625797365107825,-0.09555916482836391,-0.273479373135186,0.0,1.146672257218145,0.9847528601714955,47.97979150243283,46.99284459569536,0.0
7.924,1.0138630641553277,-0.0823280294602905,0.11184786709487637,0.0,1.1385808091058283,0.9150837192959705,45.22746492866588,46.99284459569536,0.0
7.925,0.9479436121523555,-0.057007341452060545,1.5056649506486464,0.0,1.121678627389966,1.0078029274821527,44.417614845753526,46.99284459569536,0.0
7.926,0.9445085287651587,-0.05534009859990613,1.9363422896042422,0.0,1.1158083948306539,1.1227149977802706,46.484144073243066,46.99284459569536,0.0
7.9270000000000005,0.9947696568330544,-0.07988767037949085,0.9081646810839956,0.0,1.1247332978813604,1.1025794525445214,48.6436049261167,46.99284459569536,0.0
7.928,1.0207768378259825,-0.09874476811244182,-0.18807334865703584,0.0,1.1325809611362503,0.9726873663225639,48.180725471514684,46.99284459569536,0.0
7.929,0.9790690339189793,-0.08984716178200397,0.03148756988577972,0.0,1.1254873417697775,0.8965312666251108,45.91221546615421,46.99284459569536,0.0
7.930000000000001,0.9147241438922553,-0.06749460879716129,1.176548863861429,0.0,1.1091176696051783,0.9577034079765188,44.6996978497713,46.99284459569536,0.0
7.931,0.8975316267236275,-0.06267044851228676,1.8057391395121252,0.0,1.1001950466906925,1.0701294133464274,45.83304470435556,46.99284459569536,0.0
7.932,0.9372048739975418,-0.08366042056160156,1.250663711133393,0.0,1.1057644251329193,1.0985343736379127,47.85703162854466,46.99284459569536,0.0
7.933,0.9784988067660577,-0.10848790883147397,0.23002837871034854,0.0,1.1161384857492647,1.013791043329927,48.704158567827825,46.99284459569536,0.0
7.934,0.9685198537089359,-0.11297070538458781,-0.21064823065255833,0.0,1.117245640011321,0.9018020025726533,47.405285215805,46.99284459569536,0.0
7.9350000000000005,0.9095941027338073,-0.09468695212139805,0.4346640391577571,0.0,1.104987133946962,0.8828957401667696,45.62988241556105,46.99284459569536,0.0
7.936,0.8587945173297533,-0.07715051886430219,1.3359950610810765,0.0,1.090317682122802,0.9623462399931949,45.145487803231106,46.99284459569536,0.0
7.937,0.8591620970857479,-0.08112250657270997,1.5966659351706904,0.0,1.085672508444196,1.051496800957986,46.31481760521671,46.99284459569536,0.0
7.938,0.9005798031372609,-0.10451756626985259,1.0187813040826748,0.0,1.092940644919532,1.060541498429753,47.90016963818037,46.99284459569536,0.0
7.939,0.9343943822771015,-0.1263855634097339,0.2170320371759935,0.0,1.1025579665829262,0.9836895401081549,48.60082886577459,46.99284459569536,0.0
7.94,0.9227873822006516,-0.12913292623143474,-0.1493774193219064,0.0,1.1036118901868095,0.8848118780391616,47.74281574227386,46.99284459569536,0.0
7.941,0.8683708175406898,-0.11211752732216812,0.2721294309626714,0.0,1.0927734877151687,0.8518269747455702,46.24555743181499,46.99284459569536,0.0
7.942,0.8138519371694529,-0.09321249875081111,1.0282314578309126,0.0,1.0778110360075766,0.905465787181071,45.47481099778302,46.99284459569536,0.0
7.9430000000000005,0.7993878585134215,-0.09127601302827237,1.4287850108260214,0.0,1.0696847475705278,0.989790203611493,45.943157736161716,46.99284459569536,0.0
7.944,0.8279512361743224,-0.10922291233386222,1.2051085102320083,0.0,1.0727970534010662,1.0329729866306154,47.17870721058781,46.99284459569536,0.0
7.945,0.8684625752575719,-0.13368224534498097,0.5854751468700368,0.0,1.0824274645886305,1.0020552034444545,48.2236253151966,46.99284459569536,0.0
7.946,0.8831987173471418,-0.14716358621358205,0.05070828737062938,0.0,1.0892414105042572,0.9213483565453313,48.37813264093293,46.99284459569536,0.0
7.947,0.856013613992505,-0.14178072121190072,-0.040398255949912754,0.0,1.0865763485795377,0.8478572605473231,47.5932508021183,46.99284459569536,0.0
7.948,0.801932856990347,-0.1234553614801841,0.346038601393175,0.0,1.0748667223270174,0.8305449199342799,46.504122597901805,46.99284459569536,0.0
7.949,0.7546183611586803,-0.1072531265455427,0.8954899234793572,0.0,1.0609978323929514,0.8750319145847998,45.930114779941334,46.99284459569536,0.0
7.95,0.7408784903139314,-0.10618615136865023,1.1931211306171328,0.0,1.0530091859972326,0.9419664811757605,46.09089230807395,46.99284459569536,0.0
7.9510000000000005,0.76192001164497,-0.12143876287742711,1.1217518894270406,0.0,1.0542013179179157,0.9881298318109037,46.93702763928686,46.99284459569536,0.0
7.952,0.7984756517021658,-0.14428793092148906,0.6992423933846689,0.0,1.062251454079804,0.9802230032288589,47.813492474437744,46.99284459569536,0.0
7.953,0.8211433730153043,-0.1608509987636524,0.25280349702180316,0.0,1.0702993395494964,0.9269007945378436,48.34770416409309,46.99284459569536,0.0
7.954,0.8124005726497747,-0.16292979358852988,-0.02785094348984596,0.0,1.072273252355433,0.8544963810235854,48.12635733823842,46.99284459569536,0.0
7.955,0.7719602421396328,-0.15018763036608662,0.07148734201205698,0.0,1.0653869066266326,0.807624564304133,47.38098431544413,46.99284459569536,0.0
7.956,0.7205818271517508,-0.13178093019794312,0.4402924562117142,0.0,1.0526046984124955,0.8095736967342547,46.64684963604129,46.99284459569536,0.0
7.957,0.6840075426906678,-0.12005526612181577,0.8108197455096761,0.0,1.0401898682160917,0.85062903292157,46.320756145541,46.99284459569536,0.0
7.958,0.6764136121715769,-0.12211035920703278,0.9805873752613653,0.0,1.033465371538195,0.9017761083627088,46.41684884680631,46.99284459569536,0.0
7.9590000000000005,0.6945801066285627,-0.13666870981175383,0.9383009821175993,0.0,1.0341088997078691,0.9387125933531538,46.87996865360693,46.99284459569536,0.0
7.96,0.7248754963413013,-0.15689543018254992,0.7078698381381736,0.0,1.0404610792943603,0.9439443928313908,47.49475612697828,46.99284459569536,0.0
7.961,0.7490392699652422,-0.17405714631178876,0.39545698613966895,0.0,1.0483867424405346,0.9148720668389055,48.0256557522523,46.99284459569536,0.0
7.962,0.7525677027485302,-0.18126863219260791,0.11967906193709088,0.0,1.0532342529584406,0.862141606748066,48.224270275354826,46.99284459569536,0.0
7.963,0.7300327498786844,-0.17591731087064844,0.008057543589232385,0.0,1.0516632062112488,0.8081624850853784,47.92308111552388,46.99284459569536,0.0
7.964,0.6881024427229058,-0.16109622067373724,0.14934975830642094,0.0,1.0432745452640662,0.7804695139750464,47.394940473509,46.99284459569536,0.0
7.965,0.6444324984265198,-0.14528495080155435,0.40939912053572225,0.0,1.0313644245165976,0.7862838723801255,46.88506335186089,46.99284459569536,0.0
7.966,0.6152923367584058,-0.1363489981398584,0.6654154937981218,0.0,1.0204019095903194,0.8186558086470493,46.683200661535786,46.99284459569536,0.0
7.9670000000000005,0.6090078427602138,-0.13884051817573087,0.7694432783022713,0.0,1.0141362665139242,0.8559770850806057,46.74072637638866,46.99284459569536,0.0
7.968,0.6216701411433635,-0.15090330692380313,0.7432016030689023,0.0,1.0135313069504532,0.8835571096803261,46.99332026223493,46.99284459569536,0.0
7.969,0.6436204585643688,-0.16734939373233124,0.6168999034803697,0.0,1.017433287464759,0.8923999537288435,47.34140403097901,46.99284459569536,0.0
7.97,0.6634051846957586,-0.18250523693836712,0.43937242475549554,0.0,1.0233320362170644,0.880526889059846,47.63499397647432,46.99284459569536,0.0
7.971,0.6717853119948717,-0.1917493765427831,0.28615595820004935,0.0,1.028318900551665,0.85462850245754,47.86736205802412,46.99284459569536,0.0
7.972,0.6652024128432635,-0.19329360867782164,0.16122674280186133,0.0,1.030294663931385,0.8204165121003465,47.93838713743488,46.99284459569536,0.0
7.973,0.6438027343969164,-0.18748262139019795,0.11625877767908643,0.0,1.0279970010144248,0.7884142487449032,47.78823199577098,46.99284459569536,0.0
7.974,0.6128635694683933,-0.1767857466200083,0.1833824745102811,0.0,1.0216103317017717,0.7704050430936412,47.48217279705758,46.99284459569536,0.0
7.9750000000000005,0.5816567974552425,-0.16587061462949035,0.3315187918533583,0.0,1.0129677129840025,0.7723052022878283,47.20835832865181,46.99284459569536,0.0
7.976,0.5595992185211753,-0.1595775152624733,0.46627088872667743,0.0,1.0047962824469625,0.7886067171360697,47.080155801868834,46.99284459569536,0.0
7.977,0.550936821007257,-0.1601950483003917,0.5294990400564318,0.0,0.9992030060762913,0.808800801060513,47.10353628170754,46.99284459569536,0.0
7.978,0.5538680971435388,-0.16681421032021992,0.5167018832769564,0.0,0.9969103982269335,0.8239671158462749,47.21772833008159,46.99284459569536,0.0
7.979,0.5628960337991833,-0.1765258247910405,0.45735702174606885,0.0,0.99736576861268,0.8300238148971643,47.35622478765185,46.99284459569536,0.0
7.98,0.5720389144139735,-0.1861735259724617,0.38447499104137617,0.0,0.9993454028501888,0.8271813688182613,47.49384507064345,46.99284459569536,0.0
7.981,0.5769813899398116,-0.1934976257360613,0.3106548447960926,0.0,1.0015520030182383,0.8169774914893712,47.63150679691569,46.99284459569536,0.0
7.982,0.575338388922509,-0.19722765199069672,0.2354373596477719,0.0,1.0028546173269675,0.8007090948734739,47.682166112000516,46.99284459569536,0.0
7.9830000000000005,0.5661231339447758,-0.19674451017581682,0.20321448694230593,0.0,1.0023096846810509,0.7844027062412988,47.6461652394622,46.99284459569536,0.0
7.984,0.55134500619117,-0.19325333938850978,0.21468171677379588,0.0,0.9998094090680537,0.7727895287193878,47.57073449275095,46.99284459569536,0.0
7.985,0.5347277259568252,-0.1887430101232547,0.24661819115886408,0.0,0.9959366187528598,0.7671661008206517,47.48383011371801,46.99284459569536,0.0
7.986,0.5196322315264195,-0.18498722697509468,0.28516052549510973,0.0,0.9915207318256667,0.7671323602984081,47.40316145362011,46.99284459569536,0.0
7.987,0.5083195759354421,-0.1831797405562736,0.3213916869648119,0.0,0.9873817938643803,0.7713538467246781,47.347601479572546,46.99284459569536,0.0
7.988,0.5017798099999892,-0.18383937522220883,0.3456241051498208,0.0,0.9841695330192903,0.7776487927948359,47.33851297113692,46.99284459569536,0.0
7.989,0.4996716328220533,-0.18678420033936827,0.34671167561321736,0.0,0.9822253272819533,0.7830368285728113,47.3819029605653,46.99284459569536,0.0
7.99,0.5003325581303176,-0.19113805824312205,0.3211260972503296,0.0,0.9814638218143891,0.7847725673190153,47.45128879397325,46.99284459569536,0.0
7.9910000000000005,0.5012861865515154,-0.1955623687126704,0.28184873856357595,0.0,0.9813951763408139,0.782095638098679,47.51054483631765,46.99284459569536,0.0
7.992,0.5003843981720442,-0.19887447676832823,0.24704371498515243,0.0,0.9813857912739898,0.7763524912522138,47.53791194275248,46.99284459569536,0.0
7.993,0.49667839749029086,-0.20055487381102993,0.22790948829716595,0.0,0.9809547526233423,0.7698246480750165,47.53334590153237,46.99284459569536,0.0
7.994,0.4905313369888539,-0.20080733508907944,0.22478749584885016,0.0,0.9799250002901981,0.7643935250963799,47.508087664314196,46.99284459569536,0.0
7.995,0.4830920088225033,-0.2002619112693752,0.23226418377174918,0.0,0.9783925896595564,0.7610130502715787,47.476806651850886,46.99284459569536,0.0
7.996,0.47565510906104685,-0.19962747571619052,0.24306506944184902,0.0,0.9766110389368461,0.7596743781027726,47.452134115326324,46.99284459569536,0.0
7.997,0.4691716662479673,-0.1994257345181391,0.2508084425078206,0.0,0.9748579288932724,0.7596739899709558,47.44142465946672,46.99284459569536,0.0
7.998,0.4640149453574557,-0.19986202084000976,0.2516773697999093,0.0,0.9733300999482603,0.7600188827892586,47.444657961255686,46.99284459569536,0.0
7.9990000000000006,0.4599991226920343,-0.20083342463773202,0.24554258524982253,0.0,0.9720920347341104,0.7598831611420909,47.455568384201506,46.99284459569536,0.0
8.0,0.45660462266416346,-0.20205191229884267,0.23546013589185122,0.0,0.971088523481404,0.7589227203307607,47.46616641358948,46.99284459569536,0.0
8.001,0.4532879587995327,-0.20321577652669925,0.22542790301892446,0.0,0.9702051594612882,0.7572861393776812,47.47118644357786,46.99284459569536,0.0
8.002,0.44971486586777276,-0.20413895222015638,0.21813446954590954,0.0,0.9693363844318775,0.755382798348443,47.46953046743925,46.99284459569536,0.0
8.003,0.445826166946404,-0.20478782726879044,0.2141955988977745,0.0,0.9684262973008994,0.753614598434656,47.46311496386593,46.99284459569536,0.0
8.004,0.44176317594000974,-0.20524035814756403,0.21270064700272995,0.0,0.9674736885378192,0.7522151958186656,47.4548661931266,46.99284459569536,0.0
8.005,0.4377383203804184,-0.20561449800767284,0.2122048163980818,0.0,0.9665130304652719,0.7512229849418967,47.44695722169689,46.99284459569536,0.0
8.006,0.43392657882236085,-0.20600789549526022,0.21161817585291992,0.0,0.9655887494373365,0.7505534002074192,47.43961107753404,46.99284459569536,0.0
8.007,0.4304176761748859,-0.20647163409691574,0.21082358311595928,0.0,0.9647370153100527,0.7501246689236232,47.42735017356895,46.99284459569536,0.0
8.008000000000001,0.4272358654059717,-0.2070249742310665,0.21260897931976608,0.0,0.9639838114958579,0.7501728870233729,47.41257859833154,46.99284459569536,0.0
8.009,0.4244963745850534,-0.2077351151977484,0.21579742691210985,0.0,0.963383331978051,0.7507433640874595,47.3864099430702,46.99284459569536,0.0
8.01,0.4223020319550235,-0.20864736367720585,0.2249461010690335,0.0,0.9629931940415072,0.7523851979557895,47.42743895603667,46.99284459569536,0.0
8.011000000000001,0.42095823178616865,-0.2099173540185288,0.200085650982386,0.0,0.9629368297382015,0.7511235729848049,47.471171713929856,46.99284459569536,0.0
8.012,0.41896261608843577,-0.21069123286894084,0.1734360008534468,0.0,0.96283236613826,0.7475056967923335,47.48090283194151,46.99284459569536,0.0
8.013,0.41544640058365584,-0.21051699269865456,0.16368985948515635,0.0,0.9623496560718299,0.7438004103584409,47.46053840682572,46.99284459569536,0.0
8.014,0.4108024397890038,-0.20960458958229586,0.16919513393174973,0.0,0.961446066427557,0.7415960966964672,47.427297879252855,46.99284459569536,0.0
8.015,0.40603085821346185,-0.20851389586080737,0.18147086488260705,0.0,0.9603015521033144,0.7412955674617547,47.39778273146138,46.99284459569536,0.0
8.016,0.4020441294649123,-0.20776095281791507,0.19217905742068253,0.0,0.9591695194905205,0.7423566079343535,47.38116200539895,46.99284459569536,0.0
8.017,0.39926406205224985,-0.20758344485115177,0.196606246354864,0.0,0.9582447977403512,0.7438441900837002,47.37754714734664,46.99284459569536,0.0
8.018,0.3975731719601609,-0.20791255994432087,0.19456664986450567,0.0,0.9575992841200499,0.7449801115758172,47.38104160198741,46.99284459569536,0.0
8.019,0.39652676013337557,-0.20849640040523598,0.18893745248119875,0.0,0.9571928453107593,0.7454372702094575,47.38493019671483,46.99284459569536,0.0
8.02,0.3956440233783451,-0.20906529662467632,0.18307229910729356,0.0,0.9569295064252912,0.7453058311262937,47.38501988590367,46.99284459569536,0.0
8.021,0.3946098649283647,-0.20944277021002228,0.17910570161079387,0.0,0.9567151906522472,0.7448884579339712,47.38020814048087,46.99284459569536,0.0
8.022,0.3933308449999585,-0.20957552457792117,0.17763793887433837,0.0,0.9564913973818906,0.7444999531651563,47.371604926146006,46.99284459569536,0.0
8.023,0.3918838367405095,-0.20950532146513423,0.17815194273726281,0.0,0.9562420830756028,0.7443455183077288,47.36121989890499,46.99284459569536,0.0
8.024000000000001,0.39042156133426986,-0.20931673840051604,0.17966070332567352,0.0,0.9559822146082204,0.7444887993436027,47.35080473260047,46.99284459569536,0.0
8.025,0.3890877361132655,-0.2090896316733039,0.18128868510888174,0.0,0.9557395651818172,0.7448878538396683,47.341235466204424,46.99284459569536,0.0
8.026,0.38797051379108244,-0.2088728304350463,0.18258940960181563,0.0,0.9555395090787243,0.7454590940231078,47.332502369282565,46.99284459569536,0.0
8.027000000000001,0.3870971411449887,-0.2086810360199026,0.1835593803268728,0.0,0.9553976532310015,0.7461317928805693,47.32406590515936,46.99284459569536,0.0
8.028,0.3864550149838216,-0.20850651731366238,0.18446539929383637,0.0,0.9553199737402623,0.7468748987978954,47.31523052229771,46.99284459569536,0.0
8.029,0.38601977518445724,-0.2083345888974099,0.18565923145863666,0.0,0.9553072058516037,0.7476996426391915,47.305298041180095,46.99284459569536,0.0
8.03,0.385777486445273,-0.20815560511268927,0.18750093756259734,0.0,0.9553602202037843,0.7486535840205967,47.29340408408223,46.99284459569536,0.0
8.031,0.3857382649368584,-0.20797198834028638,0.19044232122765914,0.0,0.9554849192517704,0.7498244593197304,47.27788854541951,46.99284459569536,0.0
8.032,0.3859475278161744,-0.2078037097073309,0.19534965106178054,0.0,0.9556975614429698,0.7513776983070429,47.2546028321401,46.99284459569536,0.0
8.033,0.3865091481702488,-0.20770144487481712,0.2043749253370365,0.0,0.9560346969685333,0.7536808988765261,47.21362499535185,46.99284459569536,0.0
8.034,0.3876485181842708,-0.20779528230787636,0.22265603973459702,0.0,0.956579783764451,0.757588448284595,47.16375446673795,46.99284459569536,0.0
8.035,0.3898261783905547,-0.20848445172781097,0.24588220533112182,0.0,0.9575359870834459,0.7633036695805397,47.15048123230973,46.99284459569536,0.0
8.036,0.39344935993422303,-0.21008538627773435,0.2509424561790876,0.0,0.9591373033064279,0.7684905816483597,47.176794625749885,46.99284459569536,0.0
8.037,0.3978677067351847,-0.21210283423994775,0.2359462591584648,0.0,0.9613030890442381,0.7711689636182788,47.2221014643699,46.99284459569536,0.0
8.038,0.40174465663376036,-0.21368291193658992,0.21100027116171222,0.0,0.9636737684722675,0.7708197082347166,47.26177613746992,46.99284459569536,0.0
8.039,0.4038885650451595,-0.2141004774441379,0.1884736191939549,0.0,0.9658025858480013,0.7683169140695596,47.27848261129834,46.99284459569536,0.0
8.040000000000001,0.40383685520815205,-0.21308274277600228,0.17726400212371812,0.0,0.9673521156010764,0.7652966168666281,47.26768344925989,46.99284459569536,0.0
8.041,0.40199675453657174,-0.2108809064973656,0.1799151946072955,0.0,0.9682126380145817,0.7633389236786969,47.23840955678337,46.99284459569536,0.0
8.042,0.3993811824940093,-0.20810478498947732,0.19209649123467776,0.0,0.9685079838648619,0.7632457946730514,47.20654202846563,46.99284459569536,0.0
8.043000000000001,0.39709682065661805,-0.20540948247571864,0.20589328106584498,0.0,0.968495760168115,0.7648124711498409,47.18260420374305,46.99284459569536,0.0
8.044,0.3958664400046154,-0.20321441982012697,0.21596459734665818,0.0,0.9684269226217446,0.7673036327552005,47.16840535413267,46.99284459569536,0.0
8.045,0.395885199150138,-0.2016294567112631,0.2213084145674718,0.0,0.9684616896751278,0.7700115338643413,47.16099343767109,46.99284459569536,0.0
8.046,0.39696626103351124,-0.2005445324177085,0.22333288437850707,0.0,0.9686602780928848,0.7725026458591963,47.156158246201244,46.99284459569536,0.0
8.047,0.3987636714563591,-0.19975911355987563,0.22411734360837038,0.0,0.9690125720369248,0.7746436467858363,47.150419930829734,46.99284459569536,0.0
8.048,0.4009514387382138,-0.1990851710549939,0.22541074794278132,0.0,0.9694774571922662,0.7765175266019274,47.14190394253065,46.99284459569536,0.0
8.049,0.403318895141998,-0.1984015727933415,0.22817814862397245,0.0,0.9700147854299507,0.778303444451933,47.13035739579416,46.99284459569536,0.0
8.05,0.4057867202383014,-0.19766265364376756,0.23257629399122942,0.0,0.9706025275050297,0.7801728391277369,47.116626458718066,46.99284459569536,0.0
8.051,0.40837109458991644,-0.1968772313126718,0.23820394389904753,0.0,0.9712394275752564,0.7822295256519413,47.10198001676876,46.99284459569536,0.0
8.052,0.4111292791346311,-0.19607749187743118,0.24443581066296494,0.0,0.9719381891763156,0.7844959058192982,47.08756499701689,46.99284459569536,0.0
8.053,0.4141126097636594,-0.19529243017010628,0.2506961165256859,0.0,0.9727153532405513,0.7869312545835394,47.07410265151713,46.99284459569536,0.0
8.054,0.41733992128823455,-0.19453286824443955,0.25661470871734865,0.0,0.9735826345800372,0.7894640559988231,47.0618127068803,46.99284459569536,0.0
8.055,0.42079268063017117,-0.19378863670545515,0.2620699999239125,0.0,0.9745421980770713,0.7920236711049649,47.050507354060066,46.99284459569536,0.0
8.056000000000001,0.4244258431502165,-0.19303464131857284,0.267146048750384,0.0,0.9755862695578497,0.7945619732252565,47.03977835668823,46.99284459569536,0.0
8.057,0.4281856380499864,-0.19224094690367752,0.27204120982637287,0.0,0.9766999976708091,0.7970613136979163,47.02919628365353,46.99284459569536,0.0
8.058,0.43202615469738875,-0.19138225875016052,0.27696872946414,0.0,0.9778657682670004,0.7995303096017845,47.01845770123622,46.99284459569536,0.0
8.059000000000001,0.4359194728067925,-0.19044373928537883,0.2820818896173868,0.0,0.9790672111343691,0.801992295569804,47.007448996216375,46.99284459569536,0.0
8.06,0.43985771282808844,-0.1894221797565036,0.28744019812210025,0.0,0.9802917219582742,0.8044722363404959,46.9962304991777,46.99284459569536,0.0
8.061,0.44384847497409485,-0.18832335524892424,0.29301558760661506,0.0,0.9815311206763128,0.8069867424389106,46.98496960510711,46.99284459569536,0.0
8.062,0.44790687059763656,-0.18715741459558588,0.29872478454779167,0.0,0.9827807649055982,0.8095394796708428,46.97386070109703,46.99284459569536,0.0
8.063,0.4520475444960131,-0.1859342774953363,0.30446907549881463,0.0,0.9840378327606536,0.8121217974651247,46.96306231062918,46.99284459569536,0.0
8.064,0.45627910063858607,-0.1846604408238923,0.31016609358340386,0.0,0.9852995349467752,0.8147167549085799,46.95266362197472,46.99284459569536,0.0
8.065,0.46060186597132513,-0.1833377345708067,0.3157672476478376,0.0,0.9865618033375054,0.8173043549673673,46.942692404132906,46.99284459569536,0.0
8.066,0.46500866551479475,-0.18196383191748605,0.32125437848437005,0.0,0.9878187026657071,0.8198654744142696,46.9331475725018,46.99284459569536,0.0
8.067,0.46948722715729996,-0.18053371453830383,0.3266237645318574,0.0,0.989062450120602,0.8223833592209189,46.92403360437487,46.99284459569536,0.0
8.068,0.47402268589751506,-0.17904120355888653,0.33186885850852854,0.0,0.9902837362767284,0.8248429819243532,46.915358919718656,46.99284459569536,0.0
8.069,0.4785992035710808,-0.1774799505318692,0.33698105759640234,0.0,0.9914720433644076,0.8272305995762661,46.907185649161555,46.99284459569536,0.0
8.07,0.483200954780288,-0.1758440918215209,0.3419242823402911,0.0,0.9926159495806421,0.8295304914464275,46.899661460518615,46.99284459569536,0.0
8.071,0.4878114201501872,-0.17412797189280085,0.34661820801352833,0.0,0.9937030397572135,0.8317205506492162,46.89299396132673,46.99284459569536,0.0
8.072000000000001,0.4924109970811271,-0.172324867347823,0.3509504639531569,0.0,0.9947192465357463,0.8337700730373059,46.88746874491888,46.99284459569536,0.0
8.073,0.49697433105386724,-0.17042559301334922,0.3547668306648486,0.0,0.995647895743892,0.8356367706756374,46.88353708201125,46.99284459569536,0.0
8.074,0.5014671270923875,-0.16841695441966192,0.3578257372555024,0.0,0.9964683922930959,0.8372594053042957,46.88206431457219,46.99284459569536,0.0
8.075,0.5058405415677676,-0.1662795010455101,0.3596699237862647,0.0,0.9971540691650256,0.8385379499455793,46.884871001711176,46.99284459569536,0.0
8.076,0.5100173998698874,-0.16398388221108573,0.3593463161566139,0.0,0.9976678892758453,0.8392874488368789,46.89485907919871,46.99284459569536,0.0
8.077,0.5138553261505444,-0.16149023911752164,0.35533213257781315,0.0,0.9979539327127651,0.8391946524249079,46.902715420659,46.99284459569536,0.0
8.078,0.5170757455249669,-0.1587815604616762,0.3523052535980319,0.0,0.9979290739435884,0.838531058277458,46.85801783978417,46.99284459569536,0.0
8.079,0.5196213858862551,-0.1558808609198001,0.3760023115945598,0.0,0.997548351473537,0.8403204665912539,46.7658072867682,46.99284459569536,0.0
8.08,0.5228582521398244,-0.1533377814206546,0.42437796119181487,0.0,0.9971339103323825,0.8466466138181179,46.68220316533478,46.99284459569536,0.0
8.081,0.5286471975144492,-0.15205227441583707,0.4692864362121293,0.0,0.9972775530524915,0.8561504626357693,46.66394453732131,46.99284459569536,0.0
8.082,0.5377676148186048,-0.1522450367082416,0.4817047508026048,0.0,0.9983912753045674,0.8646898642487046,46.51083875717879,46.99284459569536,0.0
8.083,0.5488984113269635,-0.15316085040219773,0.5630776992590328,0.0,1.0003463773761405,0.8801803556669787,46.519096662260154,46.99284459569536,0.0
8.084,0.5641725668311789,-0.15646558515832823,0.5636862260527025,0.0,1.0040093810686181,0.8920016674729416,46.61496350777919,46.99284459569536,0.0
8.085,0.5808634428014583,-0.16028814028102437,0.5195316141723474,0.0,1.0088756492883801,0.8964608010910919,46.753380092349246,46.99284459569536,0.0
8.086,0.5952217449681881,-0.16263507586505768,0.4527179669207789,0.0,1.0139211414109974,0.8926401886118966,46.876034085530186,46.99284459569536,0.0
8.087,0.6041421005028854,-0.16192915992739287,0.3925590754319608,0.0,1.0179789029644495,0.882919188914479,46.944384713383684,46.99284459569536,0.0
8.088000000000001,0.6064969028495689,-0.15766306265345395,0.3588683603283287,0.0,1.020196576852059,0.8713018508928492,46.88475850146523,46.99284459569536,0.0
8.089,0.6032035317510526,-0.15070303718597228,0.38976232722985793,0.0,1.0203078077200602,0.865189076416651,46.6946934250187,46.99284459569536,0.0
8.09,0.5984793706835427,-0.1430498645050691,0.4877763771598894,0.0,1.0190243893134172,0.870658032304602,46.443436291406485,46.99284459569536,0.0
8.091,0.5980388405930118,-0.13760265744125907,0.6188990270088849,0.0,1.0178935472860233,0.8888963184464661,46.26018227087832,46.99284459569536,0.0
8.092,0.6063522577699373,-0.13690258745052247,0.717852660521139,0.0,1.0186770824472124,0.9138524837688953,46.1522607254781,46.99284459569536,0.0
8.093,0.6243785801638383,-0.14048373812717033,0.78021927192342,0.0,1.022278807898864,0.9403624157027692,46.305696867469976,46.99284459569536,0.0
8.094,0.6499217727786539,-0.147485822548715,0.7103726782097362,0.0,1.0289057717783416,0.9536452476022019,46.687709615911,46.99284459569536,0.0
8.095,0.674805732551057,-0.15390708156725647,0.5224176537870695,0.0,1.0368346401076387,0.9438041023014665,47.10721577060312,46.99284459569536,0.0
8.096,0.6886611116778434,-0.15482055935527575,0.3115208646919307,0.0,1.0430227770404294,0.9131456097012728,47.27979578215287,46.99284459569536,0.0
8.097,0.6851496979015621,-0.1472660923298095,0.22236134705248167,0.0,1.04468612486924,0.8789980103116489,46.91870106003413,46.99284459569536,0.0
8.098,0.6676344435502429,-0.13297876684832413,0.40365014346846195,0.0,1.0412723168434983,0.8711564322669031,46.301181266683194,46.99284459569536,0.0
8.099,0.6520637116651685,-0.1196160484600884,0.719326673434052,0.0,1.0360887060479655,0.8982067895199577,45.762534831457764,46.99284459569536,0.0
8.1,0.6537850304463627,-0.11472050981963863,1.0009529886891433,0.0,1.0337236099907243,0.9495108269617752,45.603661968691675,46.99284459569536,0.0
8.101,0.6792020337090309,-0.12096621018413509,1.0942812463422245,0.0,1.037461409709887,1.0001191390718933,46.20751601913837,46.99284459569536,0.0
8.102,0.7211944882767835,-0.13524005554896007,0.8002075068844482,0.0,1.0473939266546324,1.008394006056204,47.037222241424814,46.99284459569536,0.0
8.103,0.7559206833664676,-0.14609927291707273,0.3849106192839302,0.0,1.058212454060178,0.9706927608808913,47.53513310761928,46.99284459569536,0.0
8.104000000000001,0.7643510203847047,-0.14463859062441084,0.13053230106745778,0.0,1.0639097369817638,0.9134347717147482,47.182359381738394,46.99284459569536,0.0
8.105,0.7450112170757042,-0.1298061115643479,0.30502401614747093,0.0,1.0616945268208964,0.8864218633325165,46.255825095044024,46.99284459569536,0.0
8.106,0.719458667038213,-0.11160169269114643,0.7756613545011692,0.0,1.0551453855524413,0.914531297311562,45.362944830507935,46.99284459569536,0.0
8.107,0.7147079396610089,-0.10258346740596046,1.2384004844210879,0.0,1.0512521412160971,0.985636859184629,45.287122923525885,46.99284459569536,0.0
8.108,0.7445971969847581,-0.10948124167893572,1.2933686546338077,0.0,1.0557077149235736,1.0473263222815705,46.312579262756714,46.99284459569536,0.0
8.109,0.7948731451129875,-0.12662592680511325,0.7874431383477798,0.0,1.067703615191146,1.0418594462251076,47.431110641145864,46.99284459569536,0.0
8.11,0.8292644828360286,-0.13717529895637853,0.22379478869869968,0.0,1.078942221911693,0.9779164968342573,47.68438616051261,46.99284459569536,0.0
8.111,0.8255288609106676,-0.13039743066676618,0.09024161336715442,0.0,1.08181161378773,0.9131921690535876,46.64827256315689,46.99284459569536,0.0
8.112,0.7941573238329498,-0.11017339940620954,0.6117441323704004,0.0,1.0757647689423309,0.9173415349415566,45.26362236898962,46.99284459569536,0.0
8.113,0.7745078645227597,-0.09396377136758403,1.3213614517210899,0.0,1.0691567263986261,0.9951618848480757,44.84779118371387,46.99284459569536,0.0
8.114,0.7970913877869955,-0.09599770508495872,1.5507275784787793,0.0,1.0713773520892405,1.079992814107244,46.10060995246279,46.99284459569536,0.0
8.115,0.8527757476501767,-0.11417271463179623,0.9332405405366468,0.0,1.0838379198496886,1.0804460332160375,47.59141280403365,46.99284459569536,0.0
8.116,0.8935937429470959,-0.12743878469732278,0.18185343266783277,0.0,1.0963752703567111,1.0016891398198187,47.765684875629454,46.99284459569536,0.0
8.117,0.8875763437464846,-0.12035485470270813,0.08698899407059107,0.0,1.0988713034733464,0.9302105475119524,46.273065493211405,46.99284459569536,0.0
8.118,0.8516401944959412,-0.09839618273574771,0.840496476304455,0.0,1.0916252594311122,0.9538566876037876,44.66301614582871,46.99284459569536,0.0
8.119,0.8380973141849793,-0.0839656165553799,1.6688194344944671,0.0,1.0861006582421142,1.0591244152024784,44.99784087983865,46.99284459569536,0.0
8.120000000000001,0.8779068139755902,-0.09234148687678481,1.5213571046480667,0.0,1.0927209413290433,1.1242943502773195,46.90303568216393,46.99284459569536,0.0
8.121,0.9368485184609746,-0.11178656003787912,0.5696577926207395,0.0,1.1072513889592697,1.0743115266333412,48.185012527405206,46.99284459569536,0.0
8.122,0.9567024296753451,-0.11644721522708439,-0.08325230931699634,0.0,1.1156487308012768,0.9668823988351787,46.85613591409105,46.99284459569536,0.0
8.123,0.9225760760578018,-0.09718976222788263,0.5825530841561257,0.0,1.1102984992974634,0.9547560503125276,44.63861646363916,46.99284459569536,0.0
8.124,0.894330725858673,-0.0768395925949877,1.714855090702632,0.0,1.1022247119621398,1.0639682052628736,44.50009174414535,46.99284459569536,0.0
8.125,0.9261691588471177,-0.08000179723745239,1.8090449789650365,0.0,1.1064308630623834,1.1567049524973319,46.762341480293685,46.99284459569536,0.0
8.126,0.992076466051126,-0.10110719849321188,0.6802251420448862,0.0,1.1217800458677567,1.108545139711971,48.30703323911639,46.99284459569536,0.0
8.127,1.0172726918608628,-0.10871481578867867,-0.10526262380067819,0.0,1.1314041130040005,0.9895082588448425,46.66478471695452,46.99284459569536,0.0
8.128,0.9816373156814348,-0.0895763689749704,0.7191422360676659,0.0,1.1259807800174453,0.9860487386598593,44.18530920171247,46.99284459569536,0.0
8.129,0.9568339205998448,-0.06994563889973035,1.9869553476285202,0.0,1.118785832470907,1.11598025056491,44.73777040148823,46.99284459569536,0.0
8.13,1.0010797250513797,-0.07696337030823737,1.7332754896827134,0.0,1.1262717886252163,1.1865011285946692,47.5531176228737,46.99284459569536,0.0
8.131,1.0652466215191232,-0.09761618258898859,0.3199991487181937,0.0,1.1422628690038676,1.0911790149433083,48.63330899222043,46.99284459569536,0.0
8.132,1.0665119711545308,-0.09741478383781733,-0.2365011799204212,0.0,1.1468939479940823,0.9604084284591292,46.01697968770361,46.99284459569536,0.0
8.133000000000001,1.006333757619609,-0.07333928839324759,1.081422121417905,0.0,1.1353385699254657,1.0003468319411868,44.06583125635068,46.99284459569536,0.0
8.134,0.9834046814461831,-0.05935432320059561,2.0862664704878187,0.0,1.1276349787951712,1.1344099188962113,45.86137591446886,46.99284459569536,0.0
8.135,1.028717564750529,-0.07605375369751007,1.1998088282409929,0.0,1.136084842479995,1.141523845979642,48.574975842327355,46.99284459569536,0.0
8.136000000000001,1.0628653372028114,-0.09504391927957731,-0.1728124481545752,0.0,1.146323036413738,1.0033444766054604,48.24456365633425,46.99284459569536,0.0
8.137,1.0226197936992933,-0.08558266829352344,-0.020123545764411888,0.0,1.1404888347524023,0.9152973430988541,45.5569541928499,46.99284459569536,0.0
8.138,0.9541346032333746,-0.05983370978828871,1.3380400900062175,0.0,1.1236955669808235,0.9904735292038584,44.36927366652592,46.99284459569536,0.0
8.139,0.9408399868670865,-0.054084681763691245,1.958116062459902,0.0,1.1157243410992503,1.1118570464290365,46.1540192224082,46.99284459569536,0.0
8.14,0.9871875394210124,-0.07634792737055066,1.0741315382516328,0.0,1.1231950368253527,1.1116348550114976,48.428530454392025,46.99284459569536,0.0
8.141,1.0195663964378867,-0.09748489555945652,-0.07748093632724518,0.0,1.1319988778818018,0.9912462266004126,48.37062813490053,46.99284459569536,0.0
8.142,0.9867313296462344,-0.09251189254212912,-0.062307611973548616,0.0,1.1271250719777026,0.900897681478027,46.23422127038003,46.99284459569536,0.0
8.143,0.9220982682520316,-0.0705822144733774,1.0134820535398523,0.0,1.1113412575943848,0.9440630263258524,44.779626826110714,46.99284459569536,0.0
8.144,0.8964077716061344,-0.06233097394406629,1.762911453370358,0.0,1.100764019456645,1.0551924165938924,45.59901017704843,46.99284459569536,0.0
8.145,0.9294822293358548,-0.08014204408810047,1.367158122087971,0.0,1.1043991742806205,1.0992288882652583,47.58714680351929,46.99284459569536,0.0
8.146,0.9732533122234174,-0.1057105265000162,0.3671467867743008,0.0,1.114708883153205,1.0286974401398705,48.718901562263575,46.99284459569536,0.0
8.147,0.9717121996495723,-0.11359438575068183,-0.21599116226352444,0.0,1.1175460160194461,0.9127122798852543,47.648583651044554,46.99284459569536,0.0
8.148,0.9168677580507263,-0.09749201858696718,0.3126104027924943,0.0,1.1066508205930865,0.878604378039399,45.826693710935714,46.99284459569536,0.0
8.149000000000001,0.8619856526727254,-0.07852211743732501,1.2352168816945104,0.0,1.091508689069954,0.9485070310397464,45.12028858828032,46.99284459569536,0.0
8.15,0.855039093204804,-0.07931074394478779,1.6071450030963592,0.0,1.0851474839264865,1.0418065346406202,46.09883381055493,46.99284459569536,0.0
8.151,0.8931598732020811,-0.10101764088177209,1.1268124998104576,0.0,1.0911322220554471,1.0643213593972125,47.69456906032346,46.99284459569536,0.0
8.152000000000001,0.9308892982054237,-0.12431956070271045,0.32192763027991145,0.0,1.1011161110581038,0.9976801359251463,48.6466179821027,46.99284459569536,0.0
8.153,0.926840819125102,-0.1303212749503224,-0.17063456447378056,0.0,1.1038646581823166,0.8933910579218203,47.94909843831525,46.99284459569536,0.0
8.154,0.8752938966044166,-0.11489237828661264,0.16856266899374583,0.0,1.0941522470182907,0.8476727367466848,46.417500481142774,46.99284459569536,0.0
8.155,0.8169538236528607,-0.09453820726389003,0.9401150887255079,0.0,1.078754575007292,0.892935739207943,45.47675989717397,46.99284459569536,0.0
8.156,0.7958822638186264,-0.08965990741237906,1.4256462276951236,0.0,1.0690898991700801,0.9795600461635664,45.780702776314754,46.99284459569536,0.0
8.157,0.8207471440336553,-0.10583983257156931,1.2857962063185377,0.0,1.0708826963781775,1.0333707886767902,46.99430730753526,46.99284459569536,0.0
8.158,0.8635191108370696,-0.1312155776585924,0.6789793135898865,0.0,1.0805068208247681,1.01217211112689,48.13414814779325,46.99284459569536,0.0
8.159,0.8844168498156382,-0.14744779448473466,0.0976458579399131,0.0,1.0885804514717152,0.9343061709628198,48.45839882762768,46.99284459569536,0.0
8.16,0.8630124622816866,-0.1447155602200755,-0.07913502429662767,0.0,1.0875972571001862,0.8539650854088517,47.76072404208601,46.99284459569536,0.0
8.161,0.8099051043862582,-0.12694014900575853,0.26202357401030174,0.0,1.0767503007194859,0.8264828091024131,46.63660286641295,46.99284459569536,0.0
8.162,0.7585540069564537,-0.10893305453128364,0.8276465791396561,0.0,1.0624367860661623,0.8645885565080325,45.96235594447684,46.99284459569536,0.0
8.163,0.7389292506913803,-0.10506790146671524,1.1750749266198963,0.0,1.0531201017263747,0.9316584780941499,46.00996128325795,46.99284459569536,0.0
8.164,0.7557158685635176,-0.11835534545288713,1.1611010903537151,0.0,1.0529423483483031,0.9840355580950093,46.794854561910554,46.99284459569536,0.0
8.165000000000001,0.7921016208985188,-0.1410826014318728,0.7706343513652614,0.0,1.0603872020259508,0.9845109852537786,47.677318809361,46.99284459569536,0.0
8.166,0.8185851393922519,-0.15935424830531417,0.3225574855033836,0.0,1.0689177216479995,0.9377502376985524,48.300071880646826,46.99284459569536,0.0
8.167,0.8156652481822648,-0.16412253394553758,-0.0018913229890451522,0.0,1.0722609095040103,0.8658960398035419,48.207572531812175,46.99284459569536,0.0
8.168000000000001,0.7796755767260546,-0.15350063705111702,0.03221107206711171,0.0,1.066868267270131,0.8124869969728181,47.55614947686577,46.99284459569536,0.0
8.169,0.7284130205551387,-0.1353125262495811,0.35228955072861057,0.0,1.0547795117573429,0.8040261873682206,46.76204657786396,46.99284459569536,0.0
8.17,0.687131694249756,-0.12135669816556724,0.7516489804078279,0.0,1.0417002908541475,0.8399596559827861,46.338711668247036,46.99284459569536,0.0
8.171,0.6737476758565923,-0.12056550807018256,0.9698577644907744,0.0,1.0335748662730755,0.8920606563581015,46.3827607265748,46.99284459569536,0.0
8.172,0.6881235264075576,-0.13329639876195495,0.9539340740180975,0.0,1.0328803940646916,0.9324901367004164,46.774225714558945,46.99284459569536,0.0
8.173,0.7173147626707581,-0.1530506786016554,0.7603877688373899,0.0,1.038343978986826,0.9446090876390683,47.36625960163846,46.99284459569536,0.0
8.174,0.743929421125668,-0.1714211559389053,0.46063667523820084,0.0,1.0462963102193135,0.9223896446645559,47.93258261444871,46.99284459569536,0.0
8.175,0.7524580460040644,-0.18104459301691506,0.16807778864554168,0.0,1.0521063373363093,0.873331410369469,48.22306501210982,46.99284459569536,0.0
8.176,0.7352750238529393,-0.1782361420530169,0.010534385650842859,0.0,1.0520243743352882,0.8173312354375077,48.00145038474462,46.99284459569536,0.0
8.177,0.696251591400505,-0.1648353383145113,0.11125564144294953,0.0,1.0449045862395758,0.7836984012139756,47.510002265635364,46.99284459569536,0.0
8.178,0.651889442214431,-0.14869822706176633,0.3518081242981783,0.0,1.0334924193306652,0.7826600342453235,46.97287356816541,46.99284459569536,0.0
8.179,0.6190277543606535,-0.13793096567454213,0.6205721833084543,0.0,1.0220946047757131,0.8109139731172783,46.71023032356849,46.99284459569536,0.0
8.18,0.6081045874730362,-0.13810401210978182,0.7547199483281845,0.0,1.0147886732852,0.84814428168771,46.72424296556631,46.99284459569536,0.0
8.181000000000001,0.6173436575216864,-0.1484463801421215,0.7503996436305634,0.0,1.0130722958199865,0.8779787257108844,46.938492603021444,46.99284459569536,0.0
8.182,0.6378617831491589,-0.16421861243457977,0.6438183448297362,0.0,1.016142522375459,0.890812744645569,47.270306746682174,46.99284459569536,0.0
8.183,0.6585018680531557,-0.17983984311333237,0.47513665148950346,0.0,1.0217497412205907,0.8831159829797505,47.57553303123545,46.99284459569536,0.0
8.184000000000001,0.6694793337219948,-0.1904258315181172,0.3166966248574635,0.0,1.0270348084323662,0.8600069129943726,47.81193088566234,46.99284459569536,0.0
8.185,0.6661075480900016,-0.19360384932378463,0.1903068347443485,0.0,1.0297241839990021,0.8278994511587957,47.93223945768851,46.99284459569536,0.0
8.186,0.6480087920680115,-0.18942392485031234,0.12075860011133277,0.0,1.028442303955278,0.794842410461038,47.84287115049566,46.99284459569536,0.0
8.187,0.6189323849118992,-0.17966639429264597,0.15694248815975442,0.0,1.0229513787295421,0.7726560130872928,47.58365038108269,46.99284459569536,0.0
8.188,0.5870973434758588,-0.16847057864786752,0.28064481501236604,0.0,1.0146569418736557,0.7685956704880552,47.27271731592899,46.99284459569536,0.0
8.189,0.5618453771812896,-0.16052201142495248,0.43331262038687857,0.0,1.0060235302053622,0.782127719663865,47.08701837868825,46.99284459569536,0.0
8.19,0.5495830516247373,-0.15923079201319468,0.5252203511773217,0.0,0.9995441161584141,0.803122731236743,47.080389538193614,46.99284459569536,0.0
8.191,0.5502341462636529,-0.1646882758614097,0.5276593219996566,0.0,0.9964253800908702,0.8205252660643447,47.1760506294616,46.99284459569536,0.0
8.192,0.5586706750966166,-0.1740873284469313,0.47799671602800176,0.0,0.9963380920587657,0.8294668902120894,47.31264021335717,46.99284459569536,0.0
8.193,0.5687462027327996,-0.18423679857046932,0.4065039679035982,0.0,0.9981761464323804,0.829114104156231,47.45336300352178,46.99284459569536,0.0
8.194,0.5755580690500398,-0.1925386001739818,0.3315373887430293,0.0,1.0006068202381986,0.8208004558983666,47.59228018614078,46.99284459569536,0.0
8.195,0.5761417364607118,-0.1974793817449936,0.2560844415290733,0.0,1.0024235297944248,0.80601499669294,47.686090316238655,46.99284459569536,0.0
8.196,0.5692035657832716,-0.19822157287172618,0.2022469192747045,0.0,1.0026122556827164,0.7884911918364628,47.672947306396715,46.99284459569536,0.0
8.197000000000001,0.5555163163093446,-0.19528657003296018,0.20201739708866107,0.0,1.0006994562729996,0.7746879835718985,47.60446333422485,46.99284459569536,0.0
8.198,0.5386516277219359,-0.1906261755219697,0.23014319578929698,0.0,0.9971143226099766,0.7668881925216252,47.51641402304307,46.99284459569536,0.0
8.199,0.5223358973972443,-0.18620904747273143,0.2689321571067119,0.0,0.992668443067922,0.7651214784178281,47.428742305046185,46.99284459569536,0.0
8.2,0.5093107077853561,-0.18348412680973314,0.3084090390116455,0.0,0.9882349100772557,0.7683110287206345,47.3593726410209,46.99284459569536,0.0
8.201,0.5010435671385176,-0.18322433118333462,0.33942859057103414,0.0,0.9845623571036632,0.7745347861216108,47.330518061337365,46.99284459569536,0.0
8.202,0.4976598556309134,-0.1854914285412301,0.3504791457563802,0.0,0.98213141383316,0.7809638148992923,47.35831859489776,46.99284459569536,0.0
8.203,0.49789423499885865,-0.18962038560429664,0.3329241389841586,0.0,0.9810179820708336,0.7844056713298072,47.42548916978215,46.99284459569536,0.0
8.204,0.4993414433417313,-0.19432233642611554,0.295012405801094,0.0,0.9808360041475606,0.7832404092345866,47.49419295985453,46.99284459569536,0.0
8.205,0.4995121597533307,-0.19823057260409288,0.255647027123314,0.0,0.9809385842784522,0.7782180945119884,47.5345634316367,46.99284459569536,0.0
8.206,0.4969361968167064,-0.2005352964666402,0.23004460287281647,0.0,0.9807431121870954,0.7715707194811074,47.53988573247254,46.99284459569536,0.0
8.207,0.4915685558734249,-0.2012172295718979,0.22191304108712312,0.0,0.9799544152047388,0.7654947680646517,47.51912044858042,46.99284459569536,0.0
8.208,0.48440266307124047,-0.2008232581729172,0.22703292450433138,0.0,0.9785868365940322,0.7613266166841635,47.4872125239217,46.99284459569536,0.0
8.209,0.4767979466379846,-0.20009829253488076,0.23804320755143055,0.0,0.9768633942001529,0.7593633147612985,47.45831615258991,46.99284459569536,0.0
8.21,0.46989700042286286,-0.19966905283591277,0.24783667764837997,0.0,0.9750759991428691,0.7590742345908564,47.44213686179112,46.99284459569536,0.0
8.211,0.46429510741750457,-0.19986295688510647,0.2514334003868167,0.0,0.9734640574166705,0.7594802265004268,47.441216337927095,46.99284459569536,0.0
8.212,0.4599762735857561,-0.2006709197203148,0.2474099448965118,0.0,0.9721408459254294,0.759624930506541,47.45077697587826,46.99284459569536,0.0
8.213000000000001,0.4564857592491798,-0.20184082611951323,0.23805030211909883,0.0,0.9710850360594842,0.7589742850510136,47.46253620385532,46.99284459569536,0.0
8.214,0.4532403958046678,-0.2030489665102184,0.22747377204896968,0.0,0.9701909390135661,0.7575353861100347,47.46982746201861,46.99284459569536,0.0
8.215,0.4498113000693559,-0.20405683742171493,0.21905831430409473,0.0,0.9693411461744992,0.755675779203766,47.47019296330479,46.99284459569536,0.0
8.216,0.44604978072011975,-0.20478112202337959,0.21410207998490904,0.0,0.9684599645257805,0.7538355986776187,47.46482905635214,46.99284459569536,0.0
8.217,0.4420482769003848,-0.20527252362173992,0.21206418885466755,0.0,0.9675296943191218,0.7523192625847582,47.456609703095204,46.99284459569536,0.0
8.218,0.4380154894791448,-0.20564683755024468,0.21153621440913584,0.0,0.966577078039995,0.7512274263809506,47.448102295026324,46.99284459569536,0.0
8.219,0.4341522775100634,-0.20601608581650152,0.21123734145026613,0.0,0.9656474139384033,0.7505065413309777,47.44008714618708,46.99284459569536,0.0
8.22,0.4305818951151229,-0.20644999151889887,0.21077249036496976,0.0,0.9647826648865745,0.7500707434298013,47.427751084477535,46.99284459569536,0.0
8.221,0.42735185559223954,-0.20698049404051408,0.2125914563319216,0.0,0.9640148271701647,0.7501163857043451,47.41228342136537,46.99284459569536,0.0
8.222,0.42457650318904905,-0.20767529210110397,0.2161308996313024,0.0,0.9633994602142992,0.7507248174521782,47.38606250511637,46.99284459569536,0.0
8.223,0.4223734658813143,-0.20858806044069209,0.2253091786615934,0.0,0.962999929665552,0.7523996661697985,47.42562106134917,46.99284459569536,0.0
8.224,0.42103830168360223,-0.2098700290322314,0.20120213588865632,0.0,0.9629397259051153,0.7512483571541269,47.47043981966505,46.99284459569536,0.0
8.225,0.4190985821242682,-0.2106796767931884,0.1740168044910173,0.0,0.9628466531869446,0.7476568601475176,47.48138154132853,46.99284459569536,0.0
8.226,0.41563439002639013,-0.2105393681342898,0.1636605742029465,0.0,0.9623802076098419,0.7439095374872139,47.46168631946466,46.99284459569536,0.0
8.227,0.4110087444026984,-0.20964222889934192,0.16881976789718844,0.0,0.961488392095164,0.741635555242105,47.42847737970528,46.99284459569536,0.0
8.228,0.40621832661319235,-0.20854586528673896,0.18106790993678096,0.0,0.9603467313024059,0.7412761828580607,47.39857100628068,46.99284459569536,0.0
8.229000000000001,0.4021904394884729,-0.2077746538351638,0.19196383254322513,0.0,0.9592094297269722,0.7423098151052823,47.38145699349944,46.99284459569536,0.0
8.23,0.3993671487388736,-0.20757780532979375,0.1966347149558053,0.0,0.9582752803127287,0.7438014749207663,47.377513058797206,46.99284459569536,0.0
8.231,0.39764595428264704,-0.20789496496324633,0.19475999767590446,0.0,0.9576205678661915,0.7449587245710513,47.380932255567096,46.99284459569536,0.0
8.232,0.39658677116523783,-0.20847673135525518,0.18916952269224196,0.0,0.9572078743361232,0.745437871134603,47.38493166642245,46.99284459569536,0.0
8.233,0.395704602637191,-0.20905102717519708,0.1832489465572925,0.0,0.9569417196916905,0.7453189217706963,47.385201481052796,46.99284459569536,0.0
8.234,0.3946765340444829,-0.20943701916764085,0.17919047038854663,0.0,0.9567270017362792,0.7449022911214418,47.38054602599641,46.99284459569536,0.0
8.235,0.3934022700208791,-0.20957759424319317,0.1776411836137296,0.0,0.9565036958498705,0.7445059033146986,47.37202942153499,46.99284459569536,0.0
8.236,0.3919550306733135,-0.20951246162397819,0.17810763758604314,0.0,0.9562545114325589,0.7443400801926876,47.3616614076928,46.99284459569536,0.0
8.237,0.39048718263124194,-0.2093259874347453,0.1796034763871634,0.0,0.9559938023101541,0.7444727895606985,47.351222521088445,46.99284459569536,0.0
8.238,0.38914417218498565,-0.20909899242305552,0.18123914043541,0.0,0.9557493303273968,0.7448641744056315,47.34162350175181,46.99284459569536,0.0
8.239,0.3880164069142297,-0.20888157079939834,0.18255086104316215,0.0,0.9555467975989238,0.7454305302694866,47.332878351873624,46.99284459569536,0.0
8.24,0.38713277192294376,-0.20868934628865576,0.1835230984204732,0.0,0.9554021832497381,0.7460997483758693,47.32445618691906,46.99284459569536,0.0
8.241,0.38648126163581686,-0.2085149344330803,0.18441806498551966,0.0,0.9553216890871037,0.7468391369667483,47.31566157537598,46.99284459569536,0.0
8.242,0.38603721806353564,-0.20834350959242975,0.185587200960254,0.0,0.9553060705859046,0.7476585222639256,47.305799141653914,46.99284459569536,0.0
8.243,0.38578585300731294,-0.2081649970223865,0.18738887236169982,0.0,0.9553560303302449,0.7486041093961391,47.29402443247712,46.99284459569536,0.0
8.244,0.3857360564785276,-0.2079812139982325,0.19026442858227777,0.0,0.955477121806416,0.7497613922274178,47.278743260101294,46.99284459569536,0.0
8.245000000000001,0.3859313864392186,-0.20781121243511216,0.19504602812613292,0.0,0.9556849700763963,0.751290292049841,47.255993450845445,46.99284459569536,0.0
8.246,0.386472102153233,-0.20770364590569637,0.20378944420255662,0.0,0.956014791199016,0.7535435210610528,47.21609687914405,46.99284459569536,0.0
8.247,0.38757564093495334,-0.20778207951982242,0.2215052072187687,0.0,0.9565466564733432,0.7573497269455755,47.165498255837946,46.99284459569536,0.0
8.248,0.3896891173825003,-0.20842985380447607,0.24507798227039324,0.0,0.9574764266438609,0.7630228993731824,47.15010183849045,46.99284459569536,0.0
8.249,0.39324956727387667,-0.20999357972577193,0.2512036185161904,0.0,0.9590460691485831,0.768289309088026,47.17490403505877,46.99284459569536,0.0
8.25,0.39765806888534305,-0.21200968209317372,0.2369819258383945,0.0,0.9611915223755187,0.7711110688464942,47.21987708906236,46.99284459569536,0.0
8.251,0.4015916108423503,-0.21362952006429745,0.21222507390293233,0.0,0.9635626274087574,0.7708955565665302,47.260300981157286,46.99284459569536,0.0
8.252,0.4038354876138429,-0.21411287316310718,0.18933856400084892,0.0,0.9657120411718334,0.7684612674227175,47.27831288492882,46.99284459569536,0.0
8.253,0.40388550667372747,-0.21316164344839347,0.17747792922274575,0.0,0.967293615844614,0.7654264805141512,47.26871698474453,46.99284459569536,0.0
8.254,0.4021107780484367,-0.21100422224074092,0.17951715542440116,0.0,0.9681857503235655,0.7633919713330632,47.239969665414385,46.99284459569536,0.0
8.255,0.39950577845863844,-0.20823975707405284,0.1914195643922828,0.0,0.9685027034802536,0.7632078019110549,47.20791321647929,46.99284459569536,0.0
8.256,0.3971851970828158,-0.20552868886030598,0.20529710265199064,0.0,0.968498971527227,0.7647104638212476,47.183502042086516,46.99284459569536,0.0
8.257,0.3958964028624117,-0.20330513233412403,0.21559611538446638,0.0,0.9684283984247793,0.7671751639135796,47.16888565667862,46.99284459569536,0.0
8.258000000000001,0.3958577644910217,-0.20169239952650123,0.2211438974785827,0.0,0.9684561875982333,0.7698849648681105,47.161245816545986,46.99284459569536,0.0
8.259,0.39689557646120655,-0.2005879450536996,0.2232798053363929,0.0,0.9686468152858629,0.7723914909875182,47.15637734439093,46.99284459569536,0.0
8.26,0.39866684032825633,-0.19979288197725542,0.22407871392696366,0.0,0.9689926204229895,0.7745484872244581,47.15073824560218,46.99284459569536,0.0
8.261000000000001,0.4008417825297371,-0.1991169647622069,0.22531932682227318,0.0,0.9694531444072065,0.7764313116805034,47.142371547022115,46.99284459569536,0.0
8.262,0.403203354524834,-0.1984353790346114,0.2280074065990365,0.0,0.9699876831807216,0.7782171652384109,47.13095629937743,46.99284459569536,0.0
8.263,0.4056665224611572,-0.19769918963582034,0.23233391338455817,0.0,0.9705731884560848,0.780079589513474,47.1173017786275,46.99284459569536,0.0
8.264,0.4082441234815364,-0.19691531249890978,0.2379166019302023,0.0,0.9712075210403452,0.782126248127854,47.10267076370782,46.99284459569536,0.0
8.265,0.4109926522495513,-0.19611549485931992,0.2441338477099173,0.0,0.9719029450586323,0.7843831821352567,47.08822476053486,46.99284459569536,0.0
8.266,0.4139645042199373,-0.1953293211530273,0.25040304764800414,0.0,0.9726760391445345,0.786811986250078,47.0747085669357,46.99284459569536,0.0
8.267,0.4171803233763598,-0.1945686274318815,0.2563425047351803,0.0,0.9735388896610657,0.7893418460547135,47.06236470291698,46.99284459569536,0.0
8.268,0.42062319944403365,-0.19382415745252393,0.2618192356723228,0.0,0.9744941563458891,0.7919014925868718,47.05102094619859,46.99284459569536,0.0
8.269,0.42424896755778513,-0.1930713115286437,0.2669093505264852,0.0,0.9755344926636128,0.7944414407270476,47.040274873558175,46.99284459569536,0.0
8.27,0.42800386282543484,-0.19228015129632806,0.2718080840680648,0.0,0.976645290997266,0.7969426064277068,47.02969416916012,46.99284459569536,0.0
8.271,0.43184130959770406,-0.19142499421482645,0.27672994053244315,0.0,0.9778089703909777,0.7994125820750578,47.018967283018576,46.99284459569536,0.0
8.272,0.43573242336284446,-0.19049044294362158,0.28183215672998485,0.0,0.9790090303410358,0.8018743052676878,47.00797138721561,46.99284459569536,0.0
8.273,0.4396684322513268,-0.18947277099728158,0.28717883671626415,0.0,0.9802326582139659,0.8043529249324942,46.996759784178394,46.99284459569536,0.0
8.274000000000001,0.443656366020459,-0.18837742213138275,0.2927454863500427,0.0,0.981471473610298,0.8068655974522461,46.98549661113175,46.99284459569536,0.0
8.275,0.4477111692451817,-0.1872144471678621,0.2984505527190004,0.0,0.9827207009616437,0.8094166260468757,46.974376586920734,46.99284459569536,0.0
8.276,0.45184765897183055,-0.1859938629551164,0.3041952449122553,0.0,0.9839774739235512,0.811997874157061,46.96356093930072,46.99284459569536,0.0
8.277000000000001,0.4560748036127267,-0.18472237275140796,0.3098959052862085,0.0,0.9852390363200055,0.8145926794583886,46.9531423862241,46.99284459569536,0.0
8.278,0.46039332696089985,-0.18340202901596256,0.31550220391923045,0.0,0.986501400098086,0.8171810805932318,46.94315086089817,46.99284459569536,0.0
8.279,0.4647963624349589,-0.1820306730056521,0.3209949039301672,0.0,0.9877587218880622,0.8197438633386068,46.93358589116823,46.99284459569536,0.0
8.28,0.4692718209449248,-0.18060337817790179,0.3263699758404103,0.0,0.9890033009026296,0.8222641608171037,46.92445095897337,46.99284459569536,0.0
8.281,0.47380491581526674,-0.17911399278148735,0.3316213783050609,0.0,0.9902258923182613,0.8247269041505785,46.91575518074249,46.99284459569536,0.0
8.282,0.4783798384270528,-0.17755616643655608,0.3367401615700297,0.0,0.9914160318816995,0.8271182738881766,46.90755527010804,46.99284459569536,0.0
8.283,0.4829807459043897,-0.17592399855892607,0.3416930101431256,0.0,0.9925623342594633,0.8294227955223599,46.89999597638799,46.99284459569536,0.0
8.284,0.4875912038466148,-0.17421185165147896,0.3464011431962241,0.0,0.9936524440818265,0.8316187200821401,46.89328196520538,46.99284459569536,0.0
8.285,0.4921918173631639,-0.17241308531877747,0.3507537750924285,0.0,0.9946723925504086,0.8336758084388317,46.88769394177167,46.99284459569536,0.0
8.286,0.49675757303347046,-0.17051866572436467,0.35459929334852014,0.0,0.995605656515743,0.8355524365073519,46.883671403139225,46.99284459569536,0.0
8.287,0.5012546988276452,-0.16851563264609754,0.35770229459030545,0.0,0.996431867448731,0.8371885768389333,46.88205032000138,46.99284459569536,0.0
8.288,0.5056352580789427,-0.16638490628497646,0.359620778916166,0.0,0.9971247217526378,0.8384868372343809,46.88458945139761,46.99284459569536,0.0
8.289,0.5098239934315314,-0.16409769974690447,0.35943376466103055,0.0,0.9976478312101218,0.8392678453130794,46.89420143891581,46.99284459569536,0.0
8.290000000000001,0.5136831093849944,-0.1616143790774307,0.35561420246972686,0.0,0.9979464373214657,0.8392221664298092,46.90318746795665,46.99284459569536,0.0
8.291,0.5169410996624926,-0.1589152713603961,0.3520177592266935,0.0,0.9979385462911694,0.8385337151401896,46.861586585618,46.99284459569536,0.0
8.292,0.5194983765492218,-0.15601756299610794,0.37413078049679166,0.0,0.9975708423920395,0.8401329960938784,46.77053531736832,46.99284459569536,0.0
8.293000000000001,0.5226562470424992,-0.15343563973711954,0.42187950740490143,0.0,0.9971448025033455,0.846245015324083,46.68497706125541,46.99284459569536,0.0
8.294,0.528291836343495,-0.15207523928634326,0.4677373108057564,0.0,0.9972487437095457,0.8556817636292339,46.664027549280576,46.99284459569536,0.0
8.295,0.5372613275554208,-0.15221828674721993,0.4815002372573213,0.0,0.9983153048508454,0.8643102869598517,46.518441510456704,46.99284459569536,0.0
8.296,0.5483225672184903,-0.1531238956576841,0.5590372875216437,0.0,1.000236248716619,0.879447018885279,46.51350844584946,46.99284459569536,0.0
8.297,0.5634080283337534,-0.1563290202094494,0.5662971813237244,0.0,1.0038222789999474,0.891736601494278,46.60305502288687,46.99284459569536,0.0
8.298,0.5801720742167422,-0.1601897525892217,0.5254217885331043,0.0,1.0086712938321003,0.8968937462897452,46.74208794599152,46.99284459569536,0.0
8.299,0.5948938749466046,-0.16272469544013057,0.4584128934778172,0.0,1.0137913580503868,0.8936060959392504,46.871094679771204,46.99284459569536,0.0
8.3,0.6043104891431389,-0.16227468610852935,0.39512702574721736,0.0,1.0179958003568101,0.8839792509915004,46.945764597813834,46.99284459569536,0.0
8.301,0.6070606680522241,-0.15820400256096856,0.3582628667047174,0.0,1.0203738388409007,0.8721049824137651,46.899150958275875,46.99284459569536,0.0
8.302,0.6039323571035126,-0.15130422811885513,0.3825066228478919,0.0,1.0206083782656517,0.8650630153018356,46.71603037558339,46.99284459569536,0.0
8.303,0.5988988129238335,-0.1434804380325988,0.4768350563952559,0.0,1.019323647871667,0.8694047957226297,46.46171434378005,46.99284459569536,0.0
8.304,0.5977220925313892,-0.13765600568460754,0.6093043748160761,0.0,1.018039118901744,0.8868913695541347,46.27950742225235,46.99284459569536,0.0
8.305,0.6052053313417322,-0.13645689503255648,0.7075412073143568,0.0,1.0185580423637186,0.9111472680230379,46.15376151305245,46.99284459569536,0.0
8.306000000000001,0.6222834928910709,-0.13962736454235963,0.7788049927407357,0.0,1.0218114060789842,0.9380823516808425,46.2846245454975,46.99284459569536,0.0
8.307,0.6473566653970606,-0.14644979024327362,0.7204556770201899,0.0,1.0281517039205066,0.9529309334007046,46.6456683692437,46.99284459569536,0.0
8.308,0.672632572543046,-0.15310427446996458,0.5434055274116061,0.0,1.0360065991577898,0.9455070453719949,47.07081281135429,46.99284459569536,0.0
8.309000000000001,0.6878757944842684,-0.15472628625789595,0.33005362419972395,0.0,1.042445492522879,0.9164888324705887,47.26772624665287,46.99284459569536,0.0
8.31,0.686105290961561,-0.14804906235944756,0.2288480900408572,0.0,1.0445879605146104,0.8823644280773859,46.95264037685579,46.99284459569536,0.0
8.311,0.66985124928897,-0.1343749999980137,0.3867930671277931,0.0,1.041666366647075,0.872022953292586,46.35818822965196,46.99284459569536,0.0
8.312,0.6540439211081843,-0.12089408831197865,0.690365704390143,0.0,1.0366566250259635,0.8958132726106621,45.81730188860004,46.99284459569536,0.0
8.313,0.6541080114212331,-0.11517573209402415,0.9725643019870541,0.0,1.034032679431656,0.9445645819816131,45.61560165135099,46.99284459569536,0.0
8.314,0.6771455732739222,-0.12030430699184902,1.0871868500550226,0.0,1.037167586134815,0.9954313692668804,46.093020997888594,46.99284459569536,0.0
8.315,0.7176283964744212,-0.13369008471682992,0.8574754127642894,0.0,1.046496830696954,1.010887749977748,46.96325369183647,46.99284459569536,0.0
8.316,0.7544494713467615,-0.14551486513314815,0.42265497482894,0.0,1.0576056569425116,0.9765527932698096,47.574463614888984,46.99284459569536,0.0
8.317,0.765995443846195,-0.14537908112844694,0.11123382311074714,0.0,1.064036920848039,0.9159522463213587,47.30454921998307,46.99284459569536,0.0
8.318,0.747281599482089,-0.13104088377481654,0.24307397432082534,0.0,1.0621891597993163,0.8818454912136422,46.34496628036556,46.99284459569536,0.0
8.319,0.7190011481935333,-0.11167146621951146,0.7293442272828793,0.0,1.0551282453871473,0.9060596730236504,45.353067087408135,46.99284459569536,0.0
8.32,0.7105208043621078,-0.1009880055397096,1.2416915988444646,0.0,1.0502133540979703,0.9792918868621657,45.16872920043175,46.99284459569536,0.0
8.321,0.7387148008183818,-0.10711322189732497,1.352101696285294,0.0,1.0538937817276988,1.048544884142283,46.181865866261525,46.99284459569536,0.0
8.322000000000001,0.7912348347613197,-0.12528882635862132,0.8536431506647443,0.0,1.0660695306496322,1.0498108196955322,47.38832996539745,46.99284459569536,0.0
8.323,0.8303272962139785,-0.13801931738842732,0.2464562473997592,0.0,1.078372896203363,0.9865867922623437,47.805115463801116,46.99284459569536,0.0
8.324,0.8303042729537357,-0.13299680718177825,0.02994078951687046,0.0,1.082443741425372,0.9135641299665327,46.79976688334273,46.99284459569536,0.0
8.325,0.7977809380821835,-0.11239173656945134,0.5345458568695911,0.0,1.0765889032303102,0.9094998670134004,45.31808570265338,46.99284459569536,0.0
8.326,0.7735476924549466,-0.09412433557023764,1.2921340361446858,0.0,1.0691097591556509,0.9858856192530886,44.74220331326113,46.99284459569536,0.0
8.327,0.7921622448185993,-0.0942873451187376,1.602581643665152,0.0,1.0702177097727534,1.0781683036795682,45.9349641719147,46.99284459569536,0.0
8.328,0.8484195438105833,-0.11252908675990925,1.0167800185761733,0.0,1.0824480952558375,1.0877887025246358,47.53115715597665,46.99284459569536,0.0
8.329,0.8938365742379386,-0.12774751929315376,0.21330040094238506,0.0,1.0959090922373653,1.0107120579875892,47.900737312627896,46.99284459569536,0.0
8.33,0.8918557418633053,-0.1225617652561512,0.019431395447436828,0.0,1.0995937077976328,0.930070445039777,46.44011557798194,46.99284459569536,0.0
8.331,0.8545989238242212,-0.10022187020637152,0.7552695529475482,0.0,1.0924401695919865,0.9448207839832868,44.700996059076765,46.99284459569536,0.0
8.332,0.8360150582118474,-0.08367341422319036,1.6477477977663226,0.0,1.0858800878936037,1.049866617603916,44.83390111734128,46.99284459569536,0.0
8.333,0.8721641858742457,-0.0902547774223117,1.6028847034176072,0.0,1.091370032238857,1.12572989416711,46.73592830431517,46.99284459569536,0.0
8.334,0.9333912844861421,-0.11046757666675688,0.6544402728444612,0.0,1.1060549040908025,1.084302091518266,48.19105928805501,46.99284459569536,0.0
8.335,0.9588215012853769,-0.11746078368830626,-0.08510736594905288,0.0,1.1156956332725951,0.9744347074961492,47.06511247194624,46.99284459569536,0.0
8.336,0.9274714638474082,-0.09970139230420078,0.4771433633428209,0.0,1.1113620860115296,0.9494639976906336,44.79252576925337,46.99284459569536,0.0
8.337,0.8952794807191702,-0.07797370316857566,1.6354399029536757,0.0,1.1027523706049411,1.0515747339735644,44.36318478220282,46.99284459569536,0.0
8.338000000000001,0.9211058668251719,-0.07845385615511502,1.8764069946138766,0.0,1.1054847940871801,1.1543740174711143,46.53593514439532,46.99284459569536,0.0
8.339,0.9874183572613235,-0.09928311113969124,0.7946009080306294,0.0,1.1205103200893884,1.1187221644394576,48.298527201901095,46.99284459569536,0.0
8.34,1.0186433785018116,-0.10922357637617441,-0.09975194678431665,0.0,1.1313532668143775,0.9978056687152835,46.9089111048392,46.99284459569536,0.0
8.341,0.9862952720955573,-0.09187598424204624,0.5958954366551932,0.0,1.1270126295073317,0.979400399879614,44.335722523216226,46.99284459569536,0.0
8.342,0.956899885495081,-0.07079497817365776,1.9090609481914704,0.0,1.1191200943012414,1.1028033380933924,44.52823704744681,46.99284459569536,0.0
8.343,0.9950161233760566,-0.0750407204674895,1.8374497615586651,0.0,1.125034948150144,1.1875811032873005,47.3139005861197,46.99284459569536,0.0
8.344,1.0614678011396053,-0.09611195392209687,0.4414074323179755,0.0,1.1411114713906154,1.1046955108213798,48.668837572052084,46.99284459569536,0.0
8.345,1.0702807354591357,-0.09843518184814215,-0.2528209904117833,0.0,1.1473366257977664,0.9689965207207182,46.35623451867547,46.99284459569536,0.0
8.346,1.0128337745026443,-0.07612642138528114,0.9098466370467219,0.0,1.1368921698239616,0.9887329633669808,44.14652332923888,46.99284459569536,0.0
8.347,0.982523032558754,-0.05954856311245016,2.0431654444295813,0.0,1.1278653269067802,1.121249420693029,45.56242721155109,46.99284459569536,0.0
8.348,1.0221052573508511,-0.0733309458833169,1.3495176771149204,0.0,1.134674654701445,1.1473199533697434,48.31760431879914,46.99284459569536,0.0
8.349,1.0609211147848985,-0.09371842441258599,-0.0413184737401433,0.0,1.1455149017948267,1.0215349445675184,48.40870503490477,46.99284459569536,0.0
8.35,1.0296516279998302,-0.08801217289580271,-0.10102743618505194,0.0,1.141861060846508,0.9205806391151627,45.88413829901478,46.99284459569536,0.0
8.351,0.9614650977901079,-0.06297689152480312,1.1723429947267494,0.0,1.125780355012144,0.9772120405931766,44.415896240397444,46.99284459569536,0.0
8.352,0.9398503875080284,-0.05394742615562753,1.9322335075883958,0.0,1.1162279715321182,1.0991222362745474,45.88658153529496,46.99284459569536,0.0
8.353,0.9806332161891619,-0.07336253763338074,1.2079534907436429,0.0,1.1220478028844765,1.1159142088004934,48.17705046589201,46.99284459569536,0.0
8.354000000000001,1.0168499973293494,-0.09573378117668718,0.05087696674315123,0.0,1.1312315340291803,1.0079973320988653,48.489102008904474,46.99284459569536,0.0
8.355,0.9924991458127042,-0.0943376360334432,-0.12011137889517276,0.0,1.1283279159880604,0.9075933248798923,46.511810971377436,46.99284459569536,0.0
8.356,0.9292026749534885,-0.07343365567279597,0.8733444761115257,0.0,1.1133887826409168,0.9346484873651719,44.88997317171847,46.99284459569536,0.0
8.357,0.8970440270710021,-0.06265020456614007,1.7052920901807793,0.0,1.10167193905889,1.0419883858232417,45.43367783048272,46.99284459569536,0.0
8.358,0.9238077460078598,-0.07750075339947582,1.449031428450778,0.0,1.1036021645636056,1.0976488655844296,47.35815291753982,46.99284459569536,0.0
8.359,0.9684413654468139,-0.10308665788929355,0.48314080170378493,0.0,1.1135713594995158,1.039608896646185,48.659092494509494,46.99284459569536,0.0
8.36,0.9733406324165683,-0.11352285454415284,-0.183991465769194,0.0,1.1176317606351467,0.9245516177685145,47.83483478172014,46.99284459569536,0.0
8.361,0.9234485337436307,-0.09985224837768114,0.21971748876523522,0.0,1.1081722651245864,0.8780225380894118,46.03231495897431,46.99284459569536,0.0
8.362,0.866372541551818,-0.08026716071559259,1.1305826965053603,0.0,1.0929881576160074,0.9371379382876026,45.1447103631131,46.99284459569536,0.0
8.363,0.8528881272213122,-0.0782769855128031,1.592866336761789,0.0,1.0852109324824195,1.03147846172036,45.93003250607813,46.99284459569536,0.0
8.364,0.8868326516725358,-0.09795452974644897,1.2108333861754468,0.0,1.089829913823195,1.0650920074964816,47.51001360427712,46.99284459569536,0.0
8.365,0.9266452045350495,-0.12210489859429549,0.4156711469901332,0.0,1.0998081167384317,1.0081186444541828,48.556187240599606,46.99284459569536,0.0
8.366,0.9286830814965591,-0.13062615363297975,-0.12304909762015226,0.0,1.1037869974236914,0.9067067925552186,48.07050287901242,46.99284459569536,0.0
8.367,0.8828053188825978,-0.11780622022121076,0.10901650034026833,0.0,1.0957313996248477,0.8518153647935769,46.6178900118191,46.99284459569536,0.0
8.368,0.8243176980448275,-0.09747922329781433,0.8390724797756928,0.0,1.080884448502268,0.8855678824525224,45.60588047935137,46.99284459569536,0.0
8.369,0.7977309042312123,-0.09028153097939812,1.3589468871729975,0.0,1.0703089680720494,0.9666857493637846,45.67942702165844,46.99284459569536,0.0
8.370000000000001,0.8160756475784822,-0.10348224990924909,1.3353077917598313,0.0,1.0704268783814463,1.0285514472651418,46.82715885576629,46.99284459569536,0.0
8.371,0.857870147886156,-0.12823955505603787,0.7630987321051961,0.0,1.079310863826887,1.0171218131990531,48.01630780595211,46.99284459569536,0.0
8.372,0.8825977313981342,-0.1461060730189643,0.15828962490971987,0.0,1.0878812312456299,0.9446145407059203,48.49580568658287,46.99284459569536,0.0
8.373,0.8664626062733802,-0.14577734847764315,-0.0964889263145351,0.0,1.0881290097940097,0.8602596222401049,47.887335963520016,46.99284459569536,0.0
8.374,0.8153030248951303,-0.12903535548782516,0.1988010215386451,0.0,1.0780781866575035,0.824860855952161,46.7593732506487,46.99284459569536,0.0
8.375,0.7616793342312432,-0.11014691639759602,0.7651170914247696,0.0,1.0635822608358267,0.8567257623475479,45.98891982130515,46.99284459569536,0.0
8.376,0.7375516044732858,-0.10421138191363682,1.1603830538404454,0.0,1.0532583938335227,0.923888494054828,45.94699628592075,46.99284459569536,0.0
8.377,0.7511072224418993,-0.11599102860948918,1.1918033046303944,0.0,1.052038303183561,0.9810737385797603,46.68366176631904,46.99284459569536,0.0
8.378,0.7874036741754808,-0.13863499429671014,0.8265623927250105,0.0,1.0590317858097242,0.9880706932587038,47.56747949526225,46.99284459569536,0.0
8.379,0.8168796673041675,-0.15825198568131904,0.3789071792577383,0.0,1.0679570450365998,0.9465982416432033,48.26041970461087,46.99284459569536,0.0
8.38,0.8185810930559556,-0.16517179989645298,0.019761323494273064,0.0,1.072407542829057,0.8752436722112221,48.271310987681886,46.99284459569536,0.0
8.381,0.7861634585276054,-0.15622750822865683,0.0015310180388987682,0.0,1.0682244636734612,0.8166386885148649,47.673847949664506,46.99284459569536,0.0
8.382,0.735050085638748,-0.13814047058073436,0.29345250350789764,0.0,1.0566990628391961,0.8010678564012181,46.86349848754634,46.99284459569536,0.0
8.383000000000001,0.6905422006849248,-0.12269258463038822,0.6999206956484718,0.0,1.0432507217989335,0.8320785873123148,46.3680427809924,46.99284459569536,0.0
8.384,0.6725277046463395,-0.11967750415203257,0.9538965670724717,0.0,1.034071107960691,0.8840525906782156,46.32608207788349,46.99284459569536,0.0
8.385,0.6834543963099634,-0.13079256697006308,0.9815445438050433,0.0,1.0322596635576304,0.9290306700066606,46.686941382077826,46.99284459569536,0.0
8.386000000000001,0.7122739643479579,-0.15035880845893226,0.8041739238440511,0.0,1.0371683074633156,0.9464816634313767,47.32365665488007,46.99284459569536,0.0
8.387,0.7410889624225783,-0.16986689268686145,0.4825081668510831,0.0,1.045281413171087,0.9261874407267456,47.89203344300073,46.99284459569536,0.0
8.388,0.7521928273703301,-0.1807409364244291,0.18932788431769976,0.0,1.0515548500064713,0.8787675021911052,48.2000723563148,46.99284459569536,0.0
8.389,0.7376483471719315,-0.17922125932101585,0.023236150054469773,0.0,1.052183044386002,0.8230895447202473,48.02658225334683,46.99284459569536,0.0
8.39,0.7006811222138866,-0.1667899978051001,0.09964382496193891,0.0,1.0458283815847778,0.7870289139602833,47.56581393075094,46.99284459569536,0.0
8.391,0.6566536996311477,-0.1508013725266326,0.32429829290932777,0.0,1.0348686858222067,0.7823601389558519,47.029457340737075,46.99284459569536,0.0
8.392,0.6223181330022943,-0.1393054012619584,0.592110460465844,0.0,1.0234334115491206,0.8076117037306958,46.74126917951207,46.99284459569536,0.0
8.393,0.6089165892951314,-0.13823195487413223,0.7387202952401811,0.0,1.015663701790813,0.8437743588918584,46.73178568158428,46.99284459569536,0.0
8.394,0.6158584846418281,-0.14739673997911504,0.7460726333451865,0.0,1.0133060893498786,0.8739888124796725,46.92029355936646,46.99284459569536,0.0
8.395,0.6348791084042998,-0.16244544905447528,0.6525442048173824,0.0,1.0157693936590593,0.8885615592850986,47.23301923821937,46.99284459569536,0.0
8.396,0.6552643054613118,-0.17796567164118254,0.493779618965689,0.0,1.0210003796116485,0.8833423762438455,47.537369790780005,46.99284459569536,0.0
8.397,0.6672341935225331,-0.1890767368864195,0.336159090734525,0.0,1.0262533636159623,0.8623047621389008,47.77032683213456,46.99284459569536,0.0
8.398,0.6655710802083705,-0.19313483524839656,0.21190574769285675,0.0,1.0292125679767155,0.8321071867377806,47.92273232804679,46.99284459569536,0.0
8.399000000000001,0.6496131498240614,-0.19001100085896677,0.12640412241322552,0.0,1.0284718915948245,0.7988013851716376,47.86894281124771,46.99284459569536,0.0
8.4,0.6219615225248684,-0.18098434687900852,0.1445378986572412,0.0,1.0235130091006068,0.7744839274626252,47.6193295204601,46.99284459569536,0.0
8.401,0.5901731916949529,-0.1698109657905353,0.263079694803401,0.0,1.0154794637049775,0.7681807872070292,47.30477007932994,46.99284459569536,0.0
8.402000000000001,0.5638993353198622,-0.16134250077213794,0.41724016053213386,0.0,1.0067991614822125,0.7800490805990895,47.10191582651312,46.99284459569536,0.0
8.403,0.550116415383939,-0.15925953984241958,0.5175765746323664,0.0,1.000029277768845,0.8006112979526061,47.084583621472156,46.99284459569536,0.0
8.404,0.5494464170475675,-0.1640457690919143,0.525325286895081,0.0,0.9965399189889075,0.8182251700249722,47.165968845258554,46.99284459569536,0.0
8.405,0.5570366401108309,-0.17300108645422285,0.48290143250624984,0.0,0.9960981059115592,0.8281429833863864,47.298154095468625,46.99284459569536,0.0
8.406,0.5669582243130723,-0.1830841940466847,0.41375571240348163,0.0,0.9977118441396352,0.8288275714048947,47.43778522221963,46.99284459569536,0.0
8.407,0.5741605497086997,-0.19160397337009216,0.33949074276273605,0.0,1.0000690119964046,0.8214343450334086,47.575275857079184,46.99284459569536,0.0
8.408,0.5754765019237148,-0.1969349799453165,0.2649211127191212,0.0,1.0019523533603887,0.8074834169866626,47.67626023624227,46.99284459569536,0.0
8.409,0.5694585095693602,-0.1981796620187498,0.20759476673210853,0.0,1.0023358727456257,0.7902308528039836,47.67167467049759,46.99284459569536,0.0
8.41,0.5565707623313565,-0.19566885924347416,0.20309924885642805,0.0,1.0006671486480563,0.7761781257442785,47.608432293017806,46.99284459569536,0.0
8.411,0.5401661717289638,-0.1912503622831936,0.22856456062309438,0.0,0.9972990976163949,0.7678855659477597,47.523122250598824,46.99284459569536,0.0
8.412,0.5239430339504375,-0.1868798356511228,0.26591680528355066,0.0,0.9930020227483229,0.7655600500723245,47.43667117880127,46.99284459569536,0.0
8.413,0.5107094428050422,-0.18404151433650734,0.304704075351269,0.0,0.9886335937012276,0.7682239192066778,47.367016548463276,46.99284459569536,0.0
8.414,0.5020322396888394,-0.1835616874346485,0.3357896709925864,0.0,0.9849439967262189,0.7740382577740829,47.335680376603484,46.99284459569536,0.0
8.415000000000001,0.4981510523620388,-0.18556314077736194,0.34802939911340103,0.0,0.9824297514421685,0.7802778754989087,47.358932752344714,46.99284459569536,0.0
8.416,0.497932494253692,-0.18944981603535832,0.3327423296762927,0.0,0.9811984122039585,0.7838233615222073,47.42215081290418,46.99284459569536,0.0
8.417,0.49909797649149135,-0.19400202534146938,0.2968402372244725,0.0,0.9809066317629914,0.782964416916784,47.48930986168268,46.99284459569536,0.0
8.418000000000001,0.49920695467787757,-0.19788185927059637,0.25829606017534945,0.0,0.9809393945447216,0.7782810173987967,47.530545038808135,46.99284459569536,0.0
8.419,0.49674651713786094,-0.20025594022338528,0.2323014671814928,0.0,0.9807228916619952,0.7718670085632142,47.53790056625322,46.99284459569536,0.0
8.42,0.491576138249881,-0.201051797311837,0.22317314375337155,0.0,0.9799504416541852,0.7658727179780397,47.519202543575965,46.99284459569536,0.0
8.421,0.4845966779847662,-0.2007654881428548,0.22725857561319363,0.0,0.9786163550091667,0.7616573290297464,47.48872977791031,46.99284459569536,0.0
8.422,0.47710960889864273,-0.20011019732634847,0.23753610662387248,0.0,0.9769249192356946,0.7595735274011796,47.460351350099096,46.99284459569536,0.0
8.423,0.4702408138908684,-0.19970342689757226,0.24705025298544125,0.0,0.9751560550377127,0.7591534399077817,47.44379673578587,46.99284459569536,0.0
8.424,0.46460266421471924,-0.19988193755042347,0.25081803874115066,0.0,0.9735457723862905,0.7594692982277366,47.441969159285215,46.99284459569536,0.0
8.425,0.4602156915807796,-0.2006568057812241,0.24724058135557814,0.0,0.9722115542308654,0.7595875297735554,47.450638977371014,46.99284459569536,0.0
8.426,0.4566626665385726,-0.20179671653914072,0.23832772849592193,0.0,0.9711402225466276,0.7589628401368467,47.46192580941095,46.99284459569536,0.0
8.427,0.4533830172041025,-0.2029905102304045,0.22799350033879817,0.0,0.9702334732656027,0.7575710809030679,47.469227520462546,46.99284459569536,0.0
8.428,0.4499502647862392,-0.20400104094576763,0.2195788155653282,0.0,0.9693774434310792,0.7557503558936743,47.46990558810669,46.99284459569536,0.0
8.429,0.4462039875751028,-0.20473850447772246,0.21446917181914227,0.0,0.9684959597604305,0.7539259494064682,47.46492048530662,46.99284459569536,0.0
8.43,0.4422211114749627,-0.20524498236783362,0.21224096432306477,0.0,0.9675685217407187,0.7524024824127151,47.45697942762908,46.99284459569536,0.0
8.431000000000001,0.4381989392126978,-0.205629903558596,0.21157014484249836,0.0,0.9666187573756857,0.7512897204363127,47.44859932739877,46.99284459569536,0.0
8.432,0.4343340892404566,-0.20600289105888853,0.21120264764062024,0.0,0.9656898726626401,0.7505444534979699,47.440629915582186,46.99284459569536,0.0
8.433,0.4307514839143048,-0.20643453188680988,0.21070950035004288,0.0,0.9648231003431332,0.7500856916383666,47.42865763340895,46.99284459569536,0.0
8.434000000000001,0.42750235682448207,-0.20695850539132712,0.21233751105952314,0.0,0.9640504497468346,0.7500917193103402,47.412607413013696,46.99284459569536,0.0
8.435,0.42469568890575726,-0.20764039901598577,0.21616499308396853,0.0,0.9634254355410301,0.7507008642712426,47.386389221548285,46.99284459569536,0.0
8.436,0.42247022007088436,-0.20854580681052204,0.22533864255814462,0.0,0.9630166131730493,0.752374154830038,47.42410086407145,46.99284459569536,0.0
8.437,0.42111803147033106,-0.20982508691318713,0.20217025861280202,0.0,0.9629476688310933,0.7513254614251381,47.469644869381945,46.99284459569536,0.0
8.438,0.419211844435558,-0.2106579523414787,0.17463025322068793,0.0,0.9628595719789287,0.7477731848606732,47.48154597577665,46.99284459569536,0.0
8.439,0.41578928627722705,-0.2105455778531416,0.16379268622252363,0.0,0.9624043673075339,0.7440080134786301,47.462490528013824,46.99284459569536,0.0
8.44,0.41118546510576937,-0.2096654909983267,0.168623950780751,0.0,0.9615224801559282,0.7416858482863152,47.429445140634684,46.99284459569536,0.0
8.441,0.4063886618331022,-0.20857032146791893,0.18078063902092767,0.0,0.9603848974204545,0.7412782441071876,47.399331496608454,46.99284459569536,0.0
8.442,0.40233366650465496,-0.20778861635306303,0.19177259202491165,0.0,0.9592452766732859,0.7422832714738644,47.381863333874165,46.99284459569536,0.0
8.443,0.3994769697359023,-0.2075777948194914,0.19661648601026815,0.0,0.9583047474199572,0.7437704295287841,47.37763866856774,46.99284459569536,0.0
8.444,0.3977287611469715,-0.20788468153187412,0.19488087793475634,0.0,0.9576428526511509,0.7449391990018138,47.38095433684258,46.99284459569536,0.0
8.445,0.3966546848834439,-0.20846302717761658,0.18934194638586566,0.0,0.9572245734604361,0.7454336419641363,47.38500223445678,46.99284459569536,0.0
8.446,0.395768385072389,-0.20903993521499603,0.18339642119115163,0.0,0.9569552429126797,0.745324946471806,47.38539282539105,46.99284459569536,0.0
8.447000000000001,0.39474185954979324,-0.20943173216676902,0.17927564342705798,0.0,0.9567393044547868,0.7449104119812047,47.380857665046406,46.99284459569536,0.0
8.448,0.3934695838300841,-0.20957839746299756,0.17766309290586996,0.0,0.9565157216066907,0.7445092493881266,47.37241904924863,46.99284459569536,0.0
8.449,0.39202148242656587,-0.20951779597595957,0.17808665626922676,0.0,0.9562662479675598,0.744335130641918,47.362078983160416,46.99284459569536,0.0
8.45,0.3905490147469484,-0.20933377950121734,0.179564345438682,0.0,0.9560046740203698,0.7444592770121461,47.351634454681516,46.99284459569536,0.0
8.451,0.38919845165276223,-0.20910762912302394,0.18119871108827013,0.0,0.9557586357280679,0.7448436919439572,47.342020735347525,46.99284459569536,0.0
8.452,0.38806167751841614,-0.20889026902552216,0.18251380935874417,0.0,0.955553994651234,0.7454049182304491,47.33327100778046,46.99284459569536,0.0
8.453,0.38716880291645756,-0.20869801433388868,0.18348440902142532,0.0,0.9554069658956278,0.7460700212256708,47.3248634628108,46.99284459569536,0.0
8.454,0.3865083687234298,-0.20852379754252406,0.18436799283510297,0.0,0.9553239090149712,0.7468051182839008,47.316105428958885,46.99284459569536,0.0
8.455,0.3860555895677739,-0.2083527454128642,0.18551440142842357,0.0,0.955305593961854,0.7476188704205625,47.306306587253545,46.99284459569536,0.0
8.456,0.38579506329006524,-0.20817448375775754,0.18727920236551177,0.0,0.9553525873669495,0.7485562099543841,47.29464258029875,46.99284459569536,0.0
8.457,0.3857346691738968,-0.20799034033875016,0.19009322599687561,0.0,0.9554701422253778,0.749700447555414,47.27958134564393,46.99284459569536,0.0
8.458,0.38591628863465777,-0.20781854550889828,0.19475647582479783,0.0,0.9556733093609728,0.7512062520450961,47.25733565440734,46.99284459569536,0.0
8.459,0.38643679530120506,-0.20770587705530427,0.20323441085597366,0.0,0.9559960646503796,0.7534122936158067,47.218495870437884,46.99284459569536,0.0
8.46,0.3875060462320592,-0.20776992277712283,0.2203977900932772,0.0,0.9565153202818527,0.7571207863884504,47.167316390417014,46.99284459569536,0.0
8.461,0.38955786633303696,-0.20837802704500344,0.2442428121564959,0.0,0.9574197506396919,0.7627466663797591,47.14982999012282,46.99284459569536,0.0
8.462,0.3930553280112962,-0.20990401586042806,0.25141615835931924,0.0,0.9589581036878956,0.7680868166858001,47.17309866978416,46.99284459569536,0.0
8.463000000000001,0.39745125736529835,-0.21191686644618835,0.23797927778776018,0.0,0.9610827901381623,0.7710484193290003,47.21768838990479,46.99284459569536,0.0
8.464,0.4014378669449226,-0.2135741527697184,0.21343597978535261,0.0,0.9634533411974532,0.770966368618139,47.25881042131144,46.99284459569536,0.0
8.465,0.40377907673577124,-0.2141215463762029,0.19021530582586632,0.0,0.965622272513207,0.7686030699475769,47.27809396757188,46.99284459569536,0.0
8.466,0.4039300826904816,-0.21323621955934519,0.17772103897688152,0.0,0.9672351209444099,0.7655576331047429,47.26969995426613,46.99284459569536,0.0
8.467,0.402221968892338,-0.2111237980223938,0.17914949204404718,0.0,0.9681586277473131,0.7634494998725335,47.24150685032725,46.99284459569536,0.0
8.468,0.39962995016666986,-0.20837224487477876,0.1907594214671694,0.0,0.9684974239158366,0.7631753792715491,47.20928798675517,46.99284459569536,0.0
8.469,0.3972754739383384,-0.20564659011307276,0.20470441934260947,0.0,0.9685026219150983,0.7646134730174428,47.18441406425254,46.99284459569536,0.0
8.47,0.39592977304289195,-0.20339523524001724,0.21522568590835184,0.0,0.9684307170006039,0.767050648868366,47.169379553021066,46.99284459569536,0.0
8.471,0.39583439048049684,-0.20175493574135872,0.2209775919508331,0.0,0.9684518007665293,0.7697614487146722,47.161505642153735,46.99284459569536,0.0
8.472,0.39682903607855063,-0.20063082763585222,0.22322793691991527,0.0,0.9686346072438737,0.7722829309977046,47.15659640892532,46.99284459569536,0.0
8.473,0.39857401054870534,-0.1998258684624272,0.2240450354018244,0.0,0.9689739768737652,0.7744559223477511,47.151050572716606,46.99284459569536,0.0
8.474,0.40073602310496487,-0.19914774786523431,0.22523589373596742,0.0,0.9694301650017156,0.7763480033212318,47.142830023705095,46.99284459569536,0.0
8.475,0.4030917762496156,-0.19846804357767658,0.2278463139616258,0.0,0.9699619561485591,0.7781342199312912,47.13154563032592,46.99284459569536,0.0
8.476,0.4055505316808972,-0.19773455443581667,0.23210150030490923,0.0,0.9705453030789952,0.7799900547245392,47.11796886798156,46.99284459569536,0.0
8.477,0.40812171597785696,-0.19695225624600202,0.2376386387542257,0.0,0.9711771808862517,0.7820269313791453,47.10335534510386,46.99284459569536,0.0
8.478,0.4108609673768428,-0.1961524069252241,0.24384029269899204,0.0,0.9718693981348556,0.7842745128875286,47.088880281519884,46.99284459569536,0.0
8.479000000000001,0.4138216667724798,-0.19536513917166756,0.25011746763273324,0.0,0.9726385508497541,0.7866967462536677,47.07531147843367,46.99284459569536,0.0
8.48,0.4170262282713938,-0.19460328109739788,0.2560772003484579,0.0,0.9734970799191427,0.789223575633151,47.062914059635666,46.99284459569536,0.0
8.481,0.4204593624354758,-0.19385848841962403,0.2615752151080561,0.0,0.974448130405728,0.7917831601349637,47.05153151133949,46.99284459569536,0.0
8.482,0.4240778097089232,-0.19310667050353436,0.26667962009970264,0.0,0.975484782249844,0.7943246977782996,47.040767541764474,46.99284459569536,0.0
8.483,0.42782784903261306,-0.19231790754711423,0.2715823754265198,0.0,0.9765926769278369,0.7968276860248764,47.030187317047414,46.99284459569536,0.0
8.484,0.4316622752795449,-0.1914661496642896,0.27649906057152934,0.0,0.9777542752251412,0.7992986862333515,47.01947145929167,46.99284459569536,0.0
8.485,0.43555126275976574,-0.19053545307728512,0.28159072081343683,0.0,0.9789529546678208,0.8017602176655145,47.00848806763007,46.99284459569536,0.0
8.486,0.4394851542666945,-0.18952157763758487,0.28692598192489177,0.0,0.980175699976952,0.8042375878276099,46.997283410347364,46.99284459569536,0.0
8.487,0.44347040232100626,-0.18842963190495435,0.29248392241972376,0.0,0.9814139324951867,0.8067484779768213,46.98601826289026,46.99284459569536,0.0
8.488,0.44752176998582044,-0.18726956026747682,0.2981847594763259,0.0,0.9826627423537233,0.8092978170716262,46.974887544305055,46.99284459569536,0.0
8.489,0.451654230300609,-0.18605146749329754,0.3039296892828324,0.0,0.9839192156471015,0.8118779801929754,46.964055069272256,46.99284459569536,0.0
8.49,0.45587710308267065,-0.18478225595608372,0.30963382206346324,0.0,0.9851806255819253,0.8144725882364532,46.95361702010562,46.99284459569536,0.0
8.491,0.46019150156962313,-0.18346419667452457,0.31524512240267943,0.0,0.986443060922015,0.8170617230728285,46.94360553966597,46.99284459569536,0.0
8.492,0.4645908656922574,-0.18209529838177715,0.32074325318279895,0.0,0.9877007679923464,0.819626083273376,46.93402084150953,46.99284459569536,0.0
8.493,0.46906328995952096,-0.1806707272746766,0.3261238398028762,0.0,0.9889461265368459,0.8221486883531368,46.92486550017997,46.99284459569536,0.0
8.494,0.47359406641666657,-0.17918435972201613,0.3313813014228101,0.0,0.9901699550151499,0.82461442252375,46.91614924343726,46.99284459569536,0.0
8.495000000000001,0.4781674143035307,-0.1776298430926834,0.3365063833167453,0.0,0.9913618409089852,0.8270093900142822,46.90792364026785,46.99284459569536,0.0
8.496,0.48276747218415383,-0.1760012403932685,0.341468394455724,0.0,0.9925104338318474,0.8293183468634928,46.90033060284516,46.99284459569536,0.0
8.497,0.4873778834290481,-0.17429292924145284,0.34619005309557316,0.0,0.993603434947639,0.8315198850009301,46.89357197402082,46.99284459569536,0.0
8.498,0.49197944864732013,-0.1724983466671591,0.3505620937244866,0.0,0.9946269687939411,0.833584209257424,46.88792388782961,46.99284459569536,0.0
8.499,0.49654747802892996,-0.17060860205794193,0.3544353438987516,0.0,0.9955646555999916,0.8354703240059845,46.8838149285539,46.99284459569536,0.0
8.5,0.5010486947917461,-0.16861095729378373,0.35758012020801844,0.0,0.9963963417223277,0.8371193353024768,46.88205377663715,46.99284459569536,0.0
8.501,0.5054360139093375,-0.16648668337268752,0.35956860435697713,0.0,0.9970960666784001,0.8384363066395395,46.88434082635436,46.99284459569536,0.0
8.502,0.5096359629364934,-0.1642075321111961,0.3595101171917817,0.0,0.997628052373019,0.839247113707031,46.893584516682004,46.99284459569536,0.0
8.503,0.5135150045556491,-0.1617341433868761,0.3558808728180935,0.0,0.9979386389578644,0.8392467115399455,46.90349761528437,46.99284459569536,0.0
8.504,0.5168086841333124,-0.15904440732597416,0.3518177933210193,0.0,0.9979469895880608,0.838543247609761,46.86492075812044,46.99284459569536,0.0
8.505,0.5193810624568291,-0.15615105289725326,0.37238546027873437,0.0,0.9975927871356693,0.8399640144761233,46.77513711854458,46.99284459569536,0.0
8.506,0.5224675217705722,-0.15353396925113183,0.4194543548381737,0.0,0.9971571359583666,0.845865399401295,46.68785062882464,46.99284459569536,0.0
8.507,0.527956806644267,-0.1521019326252478,0.4661475393668491,0.0,0.9972238351989255,0.8552256853258103,46.66385713680838,46.99284459569536,0.0
8.508000000000001,0.5367779818263949,-0.15219250153108546,0.48143415996384875,0.0,0.9982441760537808,0.8639557725810159,46.52473402002631,46.99284459569536,0.0
8.509,0.5477776930259354,-0.1530869835678039,0.5556768241115759,0.0,1.0001329788836517,0.878806955566338,46.50886807911024,46.99284459569536,0.0
8.51,0.5627069350168132,-0.15621136365952631,0.5684495597354595,0.0,1.00365275671879,0.8914922553062639,46.59326190903329,46.99284459569536,0.0
8.511000000000001,0.5795355041517783,-0.1601073989581808,0.530248471640558,0.0,1.0084864068263422,0.8972293056240954,46.73277682903055,46.99284459569536,0.0
8.512,0.5945624399103839,-0.16280147574766846,0.46309168930857575,0.0,1.0136677850487792,0.8943861035032337,46.86708828716511,46.99284459569536,0.0
8.513,0.6043947845060772,-0.16256656918948773,0.3971935233265974,0.0,1.0179939247475915,0.8848368404340636,46.947182588605834,46.99284459569536,0.0
8.514,0.6074746840381264,-0.15866196234603552,0.35760299267713075,0.0,1.020505366482408,0.8727386754275019,46.91116506261895,46.99284459569536,0.0
8.515,0.6044814683631881,-0.15181013145795963,0.37642855100133754,0.0,1.020841192213832,0.8649282405367986,46.7336837394963,46.99284459569536,0.0
8.516,0.5991905047422973,-0.1438447217785776,0.4677608211246525,0.0,1.0195547151271929,0.8683427996801797,46.47755140805364,46.99284459569536,0.0
8.517,0.5974057477600674,-0.13770945880317,0.6009799187223983,0.0,1.0181431168330544,0.8851714468669138,46.28761716116683,46.99284459569536,0.0
8.518,0.6041891641670637,-0.13608730245667308,0.7029993165110908,0.0,1.0184384585186426,0.9093019889117474,46.152462142316466,46.99284459569536,0.0
8.519,0.620673741921709,-0.13900620316773363,0.7789806504700608,0.0,1.0214546208818371,0.9366412942893155,46.27121046295677,46.99284459569536,0.0
8.52,0.6455162415007374,-0.14575557767930508,0.7268228314772931,0.0,1.027616339735631,0.9524832827605052,46.621146190026565,46.99284459569536,0.0
8.521,0.6710909455427879,-0.15259284933588724,0.5555719519990854,0.0,1.035430691688273,0.9464764332684444,47.04956636801833,46.99284459569536,0.0
8.522,0.6872012039407476,-0.1546657376543906,0.3407946452799716,0.0,1.042022568494914,0.9184223275931792,47.26199535691075,46.99284459569536,0.0
8.523,0.6864959685891256,-0.14852479912399633,0.2318886432216079,0.0,1.0444536149318364,0.8842396114795338,46.973839925000455,46.99284459569536,0.0
8.524000000000001,0.6709801790857465,-0.13521511070822162,0.3761564058837057,0.0,1.0418206287732703,0.8723764700262149,46.39183296956219,46.99284459569536,0.0
8.525,0.6550085501183912,-0.12165647134416777,0.6731699998641709,0.0,1.036906273639341,0.8942668831049763,45.84794819440411,46.99284459569536,0.0
8.526,0.6540887574492487,-0.11545014085061414,0.9565613514561218,0.0,1.0341252853660303,0.9416211930017109,45.621601906080954,46.99284459569536,0.0
8.527000000000001,0.6757648436241234,-0.11994404386356275,1.0834469225138441,0.0,1.0369142195460843,0.9926919049759434,46.059216633983745,46.99284459569536,0.0
8.528,0.7153675207005705,-0.13290504748345774,0.873975838179565,0.0,1.045912102873615,1.0104842305667496,46.9086376934156,46.99284459569536,0.0
8.529,0.752634150244239,-0.14489782430782516,0.45010737748643537,0.0,1.0569790258419542,0.9791629896192876,47.54375752608965,46.99284459569536,0.0
8.53,0.7658478118271488,-0.14556973147878124,0.12703833184546742,0.0,1.0637611144392753,0.9197008181711475,47.33207183777688,46.99284459569536,0.0
8.531,0.7488562517540888,-0.1320549232431317,0.22948890358103702,0.0,1.062425429054419,0.8833645342987413,46.40757252741603,46.99284459569536,0.0
8.532,0.7207965524024571,-0.11281761936182333,0.6975912794442557,0.0,1.0556087284762206,0.9039117172306378,45.40581599441555,46.99284459569536,0.0
8.533,0.7107919327162233,-0.10145776233638423,1.2143398319572944,0.0,1.0504712050150466,0.9747037400012957,45.155386045030255,46.99284459569536,0.0
8.534,0.7367756229511133,-0.10655612609645804,1.357929392156592,0.0,1.053601054760918,1.0455719221228625,46.11568931770136,46.99284459569536,0.0
8.535,0.7884544296814894,-0.12427361801979031,0.8865493086009795,0.0,1.0654026782183244,1.0509537343757573,47.3292887844438,46.99284459569536,0.0
8.536,0.8288216523502029,-0.13752475644022416,0.27638513334227655,0.0,1.0778427708622949,0.990649662879947,47.828491509839786,46.99284459569536,0.0
8.537,0.8310493182478729,-0.1335143948925785,0.01842730150283778,0.0,1.0824347959378409,0.915504917026307,46.873914478934125,46.99284459569536,0.0
8.538,0.7991521558860218,-0.11330202719279847,0.4969051181232805,0.0,1.0768698870889695,0.9070769509310097,45.37411324951543,46.99284459569536,0.0
8.539,0.7733855313441678,-0.09442061580495292,1.2629930462944265,0.0,1.0691438409397906,0.9809355415689617,44.7158104830473,46.99284459569536,0.0
8.540000000000001,0.7897459625790837,-0.09359483507375382,1.6149147706549734,0.0,1.0696742367027707,1.0756288652448895,45.84897091819628,46.99284459569536,0.0
8.541,0.8455153026779956,-0.11153081431637463,1.0597732898554741,0.0,1.0816021407810466,1.090350092899441,47.476108402147545,46.99284459569536,0.0
8.542,0.8929246774626806,-0.127552204804861,0.24137190981531925,0.0,1.095392370378257,1.0156619133746172,47.965936559542676,46.99284459569536,0.0
8.543000000000001,0.8934425400920727,-0.12351849132581366,-0.013273088520719345,0.0,1.0997308366756835,0.9304117676040478,46.53348977366068,46.99284459569536,0.0
8.544,0.8558463928678149,-0.10118250590265826,0.7075438526406239,0.0,1.0926938205045542,0.9400975513723482,44.72426109641087,46.99284459569536,0.0
8.545,0.8347075708973346,-0.08358075636092638,1.6348440262583752,0.0,1.085616251732009,1.0448552137775553,44.74702707125811,46.99284459569536,0.0
8.546,0.8689219639856838,-0.08922911276967782,1.6459192140791281,0.0,1.0905195427776189,1.1263996505296692,46.644087528547274,46.99284459569536,0.0
8.547,0.931374074872013,-0.10985168152214664,0.7008765561060266,0.0,1.1052989473925636,1.089686940189271,48.18853556143353,46.99284459569536,0.0
8.548,0.9598414092629161,-0.11812916144710961,-0.0833043699944842,0.0,1.1156334376161945,0.9788070803789458,47.17745158884856,46.99284459569536,0.0
8.549,0.9301568815446637,-0.10123073133354132,0.4203915463664688,0.0,1.1119048907246885,0.9468469870256435,44.88342383951192,46.99284459569536,0.0
8.55,0.8959213144662638,-0.07878952017533702,1.5884996285966244,0.0,1.1030536402607358,1.0446340453016698,44.29620732281931,46.99284459569536,0.0
8.551,0.9183271114761072,-0.07775807130252255,1.909074259671688,0.0,1.104977173406353,1.1525324079577866,46.40933564886215,46.99284459569536,0.0
8.552,0.9845815560797995,-0.09830976181856488,0.8583451861186037,0.0,1.1197691899485132,1.123983412324956,48.34157253688862,46.99284459569536,0.0
8.553,1.019077925164055,-0.10938128199288011,-0.12126053730656561,0.0,1.1312394555871887,0.9993871229151552,47.04750912076396,46.99284459569536,0.0
8.554,0.987195188293046,-0.09258929466919369,0.5252245255050773,0.0,1.1271452319136679,0.9731589679003882,44.35990191936456,46.99284459569536,0.0
8.555,0.9545572519374105,-0.07038037583138862,1.8953575529680862,0.0,1.118562553907101,1.0966653340429706,44.37475083980916,46.99284459569536,0.0
8.556000000000001,0.9905117349317745,-0.07357143715370801,1.9141140303046484,0.0,1.123761886249282,1.1910433055100929,47.215407192810275,46.99284459569536,0.0
8.557,1.059891730432332,-0.09563075762095535,0.4915602278329416,0.0,1.1402736971421308,1.1125626753443498,48.59096397488804,46.99284459569536,0.0
8.558,1.0728738625357965,-0.09956586597973499,-0.21219935699786807,0.0,1.147498532643914,0.9796590384014188,46.54092070897745,46.99284459569536,0.0
8.559000000000001,1.0196545371317907,-0.07905445263223937,0.8173415148246052,0.0,1.1384149143494136,0.9870392875672146,44.3093514435271,46.99284459569536,0.0
8.56,0.9865118277350686,-0.06162781103792353,1.9599610790714646,0.0,1.1292658663590425,1.1112793981155094,45.4703364371683,46.99284459569536,0.0
8.561,1.0203450898906372,-0.07278357709888672,1.394693663836135,0.0,1.1348571349051872,1.1445218955605037,48.14618254166128,46.99284459569536,0.0
8.562,1.058472166688826,-0.09222313980459945,0.045237232129984095,0.0,1.1452403205782362,1.0283560909540443,48.43529039882658,46.99284459569536,0.0
8.563,1.0309975065965962,-0.08798318232181779,-0.11374115448397726,0.0,1.1423078162731706,0.9242556105431885,46.02752672768539,46.99284459569536,0.0
8.564,0.9639838572781484,-0.06373116777572896,1.0997938597667174,0.0,1.1266331923322848,0.9724473180007351,44.46432876915248,46.99284459569536,0.0
8.565,0.9393366984907396,-0.05362944970349365,1.9066779972986017,0.0,1.1164765326887567,1.0929153482778697,45.78086970640014,46.99284459569536,0.0
8.566,0.977376786382439,-0.07174818367235086,1.2605272775677243,0.0,1.1214764199545917,1.116744607761261,48.06693253272791,46.99284459569536,0.0
8.567,1.0149404110586029,-0.09443063894735793,0.106754985033513,0.0,1.1306731271827446,1.0144858872059814,48.513998014482105,46.99284459569536,0.0
8.568,0.9941288591446621,-0.09455215746731727,-0.13198929003145166,0.0,1.1285108341169994,0.9113134690545355,46.62248370662406,46.99284459569536,0.0
8.569,0.9320547293825048,-0.07439829887499377,0.8174714727882841,0.0,1.114029388912329,0.9316902288271791,44.94552528295688,46.99284459569536,0.0
8.57,0.897701096789594,-0.06282827161350751,1.6764238777492593,0.0,1.10196259979255,1.0367294833071996,45.372823678829285,46.99284459569536,0.0
8.571,0.9218686523982669,-0.07649708306236847,1.4789748889817171,0.0,1.1032256845647401,1.0967472531703173,47.261311449012155,46.99284459569536,0.0
8.572000000000001,0.9666690328771774,-0.10200586037536746,0.5320463353571141,0.0,1.1130335152359643,1.044015537216718,48.620311946889736,46.99284459569536,0.0
8.573,0.9741530110661463,-0.1134618014695068,-0.16372858709362004,0.0,1.1175924569919318,0.9300965861962689,47.903589321107546,46.99284459569536,0.0
8.574,0.9266023353422733,-0.10090355566327736,0.18552527854335288,0.0,1.1088076430206313,0.8787065130095519,46.12034135406099,46.99284459569536,0.0
8.575000000000001,0.8689492848655614,-0.08120357128204309,1.0858742944829747,0.0,1.0937208873039153,0.9329891476365644,45.1656778857635,46.99284459569536,0.0
8.576,0.8528215897751368,-0.07808765892478231,1.5814776957310381,0.0,1.085425320106086,1.0270452431622743,45.867725455944516,46.99284459569536,0.0
8.577,0.8847446361222161,-0.09679248536769997,1.2417051020380387,0.0,1.0894536092129037,1.064862341047837,47.43183673020808,46.99284459569536,0.0
8.578,0.9250431162212353,-0.1210705915229251,0.45525954356112797,0.0,1.099344322610242,1.0120756702125735,48.515650770000285,46.99284459569536,0.0
8.579,0.9293813556816465,-0.13055823733334454,-0.10187553807802208,0.0,1.1037681575619136,0.912062112865378,48.11468020982464,46.99284459569536,0.0
8.58,0.8857963206256337,-0.11879547306375549,0.08739138586850692,0.0,1.0963594727559398,0.8537207434493443,46.69729653113238,46.99284459569536,0.0
8.581,0.8273498866101723,-0.09857884191775801,0.799038705860267,0.0,1.0817513177055957,0.8828544358450854,45.64961660663664,46.99284459569536,0.0
8.582,0.7986523178855758,-0.09047788254767425,1.3363109479987236,0.0,1.0708284081806112,0.9621696851510816,45.65886016388124,46.99284459569536,0.0
8.583,0.8146340089597743,-0.10259851586865149,1.345029013694564,0.0,1.0703435937977333,1.0260024216737302,46.762704074924486,46.99284459569536,0.0
8.584,0.8556434896197878,-0.12693285731981996,0.7954084633806515,0.0,1.0788461057318268,1.0185067359524778,47.9585995393855,46.99284459569536,0.0
8.585,0.8816374321072911,-0.14531253562268204,0.1878031817132415,0.0,1.0875272190991885,0.9488212556494581,48.49783281550286,46.99284459569536,0.0
8.586,0.8677317156191227,-0.14598375035626615,-0.09686333854351237,0.0,1.0882617099371779,0.8635247385404816,47.93303000318338,46.99284459569536,0.0
8.587,0.8177412324611236,-0.12983774884075722,0.17613621354134623,0.0,1.078610327666429,0.8250678341406024,46.7996370301959,46.99284459569536,0.0
8.588000000000001,0.7635928655979789,-0.11066570893237415,0.7447647756900806,0.0,1.0641309288079996,0.8547670437925137,46.01837286412602,46.99284459569536,0.0
8.589,0.7380309134719679,-0.10412546309063297,1.1451415760407149,0.0,1.0535416841570973,0.9206738860757036,45.944235129497976,46.99284459569536,0.0
8.59,0.7499666722059581,-0.11518717944171392,1.1926965380167114,0.0,1.0518842394566397,0.9785898444973381,46.646357870374736,46.99284459569536,0.0
8.591,0.7854447705297727,-0.13744710787733888,0.8451000348315377,0.0,1.0585221100327997,0.9880540644083551,47.55893709878152,46.99284459569536,0.0
8.592,0.8154166518382483,-0.15743796900158652,0.38314949559728406,0.0,1.0674190109817563,0.9469549291412759,48.22458625081233,46.99284459569536,0.0
8.593,0.817751850578814,-0.16461266208613096,0.038007503030709655,0.0,1.0719056159371672,0.8775521306574422,48.24540627694607,46.99284459569536,0.0
8.594,0.7866974282725394,-0.15628682451746695,0.01507187315133196,0.0,1.0680156914852548,0.819906111597563,47.67329901331356,46.99284459569536,0.0
8.595,0.737007767795341,-0.138865586198626,0.29432096079140524,0.0,1.0569170797331595,0.8037377763671112,46.886008376557676,46.99284459569536,0.0
8.596,0.6932385868821103,-0.12377168414428852,0.689034641360724,0.0,1.04382537879044,0.8330201407664029,46.39587992234557,46.99284459569536,0.0
8.597,0.6749426452858974,-0.12061613444446018,0.9400685152002742,0.0,1.034774912935484,0.8833065497146019,46.34527000895815,46.99284459569536,0.0
8.598,0.6848651261098644,-0.13123138200055484,0.9718492177613557,0.0,1.032857367289012,0.92737037741921,46.689528109451786,46.99284459569536,0.0
8.599,0.7125170594750247,-0.15021240518750906,0.802753332376975,0.0,1.0375197190526526,0.9449752255088901,47.26727292591675,46.99284459569536,0.0
8.6,0.7405821125211096,-0.16925774508150976,0.511136640842279,0.0,1.045381497605367,0.9280883102495754,47.86515934494835,46.99284459569536,0.0
8.601,0.7526653623970736,-0.18057312887618265,0.2034702838339476,0.0,1.0518226455953528,0.8817006250599989,48.20733108315964,46.99284459569536,0.0
8.602,0.7393019906541395,-0.17962092981352912,0.020239549853662497,0.0,1.0527630145325442,0.8251079094111131,48.0590094365633,46.99284459569536,0.0
8.603,0.7027634119793613,-0.1674223385478793,0.08373872474315147,0.0,1.046617751962532,0.7869713287352778,47.60337317158462,46.99284459569536,0.0
8.604000000000001,0.6580892503441905,-0.15114519889127942,0.30545157147359847,0.0,1.0356048581323685,0.7803360732546001,47.05308540243894,46.99284459569536,0.0
8.605,0.6223784229821789,-0.13900282309760995,0.5799930479790042,0.0,1.0238568381964162,0.8047269372807337,46.74143442097316,46.99284459569536,0.0
8.606,0.6075963146584387,-0.13726006617907702,0.7383326404591171,0.0,1.0156524271535703,0.8414447769604081,46.71826890599341,46.99284459569536,0.0
8.607,0.6138130909562963,-0.14606857995637232,0.7526611548460089,0.0,1.0129266052676644,0.8728314657495858,46.89764127624215,46.99284459569536,0.0
8.608,0.6328642424936392,-0.16116766818049733,0.6639270029161732,0.0,1.0151848490161477,0.8888694027089754,47.20984144510957,46.99284459569536,0.0
8.609,0.6539775008702309,-0.1770779728999358,0.505656949988321,0.0,1.0204202047226179,0.8848750591384571,47.52349178597205,46.99284459569536,0.0
8.61,0.6670635106972653,-0.1887686261233305,0.3435253076543139,0.0,1.0258594593087687,0.8643235768709675,47.76380056949381,46.99284459569536,0.0
8.611,0.6664466926680209,-0.1933700288897411,0.21566135615544857,0.0,1.029088887981627,0.8341261601287944,47.9284278151718,46.99284459569536,0.0
8.612,0.6512533884762213,-0.19062375225678166,0.12399190112168856,0.0,1.0286275276556922,0.8001315226702046,47.88407464454712,46.99284459569536,0.0
8.613,0.6238240031258624,-0.18171192861353672,0.1372561859455117,0.0,1.0238600017820643,0.7747312781524601,47.634093691267395,46.99284459569536,0.0
8.614,0.5916841239036998,-0.17035962708645896,0.2558341716296535,0.0,1.0158695691124793,0.7675663339370788,47.31446079232275,46.99284459569536,0.0
8.615,0.5647419675337217,-0.16155057490750424,0.4124344591357032,0.0,1.0071062125638996,0.7790013310535773,47.10294315321306,46.99284459569536,0.0
8.616,0.5502653209357169,-0.15910823285589962,0.5170922931153695,0.0,1.0001821242779416,0.7996858612283518,47.082145319691634,46.99284459569536,0.0
8.617,0.5491391060315529,-0.1636660076693075,0.5265982026361207,0.0,0.9965446764880471,0.8175877184380164,47.158469665277764,46.99284459569536,0.0
8.618,0.5565373059379265,-0.17252238937302322,0.4867797791472317,0.0,0.9959897834373838,0.8280354953299979,47.28974681814697,46.99284459569536,0.0
8.619,0.5665685391239559,-0.1826665230634486,0.41817218048811067,0.0,0.9975624482698943,0.8292048999587,47.42997076841653,46.99284459569536,0.0
8.620000000000001,0.5740813581775555,-0.19135086619419278,0.34368894362612,0.0,0.9999486234895021,0.8221814527755202,47.56704439960476,46.99284459569536,0.0
8.621,0.575796155067049,-0.19689499294279547,0.26941012999291114,0.0,1.0019168469798687,0.8085596312342775,47.67545998127263,46.99284459569536,0.0
8.622,0.5702111486703394,-0.1983806785938555,0.20837618530320334,0.0,1.0024340501212061,0.7911573670891932,47.67622748826606,46.99284459569536,0.0
8.623,0.5575694312759563,-0.19600005522971217,0.20115860288078302,0.0,1.0008825811073345,0.7766981939025968,47.614786595605175,46.99284459569536,0.0
8.624,0.5411512330973969,-0.1915742708667795,0.22565962921212646,0.0,0.997577311629909,0.7679766644796424,47.529488557803475,46.99284459569536,0.0
8.625,0.5247135664765206,-0.18709096614748788,0.262942208491895,0.0,0.9932815104824384,0.765296795855213,47.44191081765388,46.99284459569536,0.0
8.626,0.511155442209661,-0.18408235274751308,0.30224041634710885,0.0,0.9888611881604673,0.7677323280529009,47.369821743275196,46.99284459569536,0.0
8.627,0.5021355609586424,-0.18342351038316448,0.334515182060651,0.0,0.9850840647643837,0.7734961226435041,47.33472015026268,46.99284459569536,0.0
8.628,0.4979843982540651,-0.18528484835906742,0.3486472230212343,0.0,0.9824723687679617,0.7799040313689606,47.35443800821485,46.99284459569536,0.0
8.629,0.49765157644204616,-0.189113923362699,0.3351723599199562,0.0,0.9811652181143676,0.7837815230437591,47.41667178329923,46.99284459569536,0.0
8.63,0.498890514285536,-0.19371054308887886,0.29981720050172767,0.0,0.9808438691134566,0.7832466201998219,47.485494792609224,46.99284459569536,0.0
8.631,0.4992051521165381,-0.19770773964888178,0.26047919387759166,0.0,0.980894890152581,0.7787372228227392,47.529511562097284,46.99284459569536,0.0
8.632,0.49697759165960353,-0.20021371290824763,0.23310413946954245,0.0,0.9807255544430153,0.7723141693972061,47.53912422952463,46.99284459569536,0.0
8.633000000000001,0.4919748371594907,-0.20110520187019196,0.22283500941757584,0.0,0.9800038510150729,0.7661886613720771,47.521561115890535,46.99284459569536,0.0
8.634,0.485057551011375,-0.20085667102050425,0.22632940103267252,0.0,0.978705513844327,0.7618014821161386,47.49108862765271,46.99284459569536,0.0
8.635,0.4775357719117168,-0.20018610884583626,0.23658320483201234,0.0,0.9770270159343452,0.7595743844099772,47.46188063325343,46.99284459569536,0.0
8.636000000000001,0.4705741283643572,-0.19973220697008992,0.2464968416560711,0.0,0.9752504344601599,0.7590806716952992,47.444152220194134,46.99284459569536,0.0
8.637,0.4648327800889753,-0.19985795712367616,0.25084797194073094,0.0,0.9736205113975771,0.7594000919425613,47.44136677401756,46.99284459569536,0.0
8.638,0.46037087577695346,-0.20059575606778546,0.24775547324579605,0.0,0.9722654230482953,0.7595742876911182,47.44966820552663,46.99284459569536,0.0
8.639,0.4567881290723478,-0.20172369008765872,0.2390365213929494,0.0,0.9711799578615421,0.7590168784074136,47.461167607720256,46.99284459569536,0.0
8.64,0.45351751935434687,-0.202927036299243,0.22860359017588627,0.0,0.9702683870081693,0.7576701702199896,47.46897267610957,46.99284459569536,0.0
8.641,0.45011233501833564,-0.20395744274897354,0.21993977517708574,0.0,0.9694146136687458,0.7558601496080546,47.4701301612265,46.99284459569536,0.0
8.642,0.44639156537968716,-0.2047136805066137,0.21458817696331073,0.0,0.9685380976909146,0.754018948886735,47.465420582915236,46.99284459569536,0.0
8.643,0.44242001071327447,-0.20523107142143984,0.2122172062467439,0.0,0.9676144638617887,0.7524665891599981,47.457527561609794,46.99284459569536,0.0
8.644,0.4383930695036795,-0.20561795426596507,0.21151688724032058,0.0,0.9666653406466515,0.751327024625873,47.44905841030257,46.99284459569536,0.0
8.645,0.43451249473570486,-0.20598677981400723,0.21118932474786062,0.0,0.965733875281455,0.7505640693519217,47.44101472694246,46.99284459569536,0.0
8.646,0.4309103077244384,-0.20641203368526334,0.2107294651154431,0.0,0.9648623505957407,0.750094388957764,47.429399544209964,46.99284459569536,0.0
8.647,0.427642174464009,-0.20692953308441042,0.21217150699654624,0.0,0.9640836827343752,0.7500712201262307,47.41281696459406,46.99284459569536,0.0
8.648,0.424809034425395,-0.20760126827410735,0.21626307311551268,0.0,0.9634492806528683,0.7506871173176326,47.38704428537672,46.99284459569536,0.0
8.649000000000001,0.4225673562877076,-0.20850311768486157,0.22520741582736914,0.0,0.9630323945819387,0.7523391998136177,47.422728655413884,46.99284459569536,0.0
8.65,0.4211944618096821,-0.2097774488864317,0.2030663902116004,0.0,0.9629535633057653,0.7513880308192643,47.46884301564996,46.99284459569536,0.0
8.651,0.4193169061990352,-0.21063086975487413,0.17524922589401692,0.0,0.9628686312412869,0.747878419950343,47.481575208283274,46.99284459569536,0.0
8.652000000000001,0.41593408871507054,-0.21054538471754325,0.16399582345148012,0.0,0.9624232937335735,0.7441049087034929,47.46313317230058,46.99284459569536,0.0
8.653,0.4113550441466559,-0.20968401206169882,0.16851395567677513,0.0,0.961551242710177,0.7417436101274498,47.43030672944231,46.99284459569536,0.0
8.654,0.4065580815938649,-0.20859356498825732,0.18055255576844198,0.0,0.9604189314799955,0.7412921764296246,47.40007199370744,46.99284459569536,0.0
8.655,0.4024824631790657,-0.2078050500662091,0.1915976496557537,0.0,0.9592788758323589,0.7422675777053517,47.38231853809409,46.99284459569536,0.0
8.656,0.3995965530019465,-0.20758263977851993,0.19657963803844258,0.0,0.9583337858946332,0.7437456950073001,47.37783965564117,46.99284459569536,0.0
8.657,0.3978222240226204,-0.20787977704240332,0.19496912866544547,0.0,0.9576659258827792,0.7449208327563793,47.38104062160244,46.99284459569536,0.0
8.658,0.3967314362025492,-0.20845370951315711,0.18948668542573988,0.0,0.9572425268461623,0.7454269504371418,47.3851080206583,46.99284459569536,0.0
8.659,0.3958378992177898,-0.20903152091418473,0.18353035164817888,0.0,0.9569698994106888,0.7453271253531549,47.38559069050562,46.99284459569536,0.0
8.66,0.3948099102933547,-0.20942746686710997,0.17936155577641505,0.0,0.9567523281511756,0.744915159237741,47.38115782213537,46.99284459569536,0.0
8.661,0.39353756560561326,-0.20957909370841132,0.17769485769714077,0.0,0.9565280368990862,0.7445106618043218,47.3727924654805,46.99284459569536,0.0
8.662,0.3920877101271848,-0.209522546634039,0.17807805732672466,0.0,0.9562779885822702,0.7443297645848324,47.3624855438533,46.99284459569536,0.0
8.663,0.3906106418041629,-0.20934102393870924,0.179535108658744,0.0,0.956015453349444,0.7444463748665847,47.352044595299,46.99284459569536,0.0
8.664,0.3892530024307894,-0.2091160140850369,0.1811635829398598,0.0,0.9557678968111251,0.7448242019023225,47.34242434299712,46.99284459569536,0.0
8.665000000000001,0.38810774172845164,-0.20889904099268664,0.18247791161778165,0.0,0.9555612616885898,0.7453801842759382,47.33367470213756,46.99284459569536,0.0
8.666,0.3872059558568019,-0.2087069768508165,0.183444430983141,0.0,0.9554119309909876,0.7460408225822075,47.32528296357814,46.99284459569536,0.0
8.667,0.3865366729973471,-0.2085330374536798,0.18431591658402208,0.0,0.9553263845015063,0.7467712654663564,47.316560435498474,46.99284459569536,0.0
8.668000000000001,0.3860750390405473,-0.20836233350071398,0.1854400222258239,0.0,0.955305398908533,0.7475791330843851,47.30682299407335,46.99284459569536,0.0
8.669,0.3858051395524218,-0.20818424652698275,0.18716895895460572,0.0,0.9553494161090793,0.7485081299691874,47.2952665702364,46.99284459569536,0.0
8.67,0.38573393965637864,-0.20799966701290923,0.18992295112767038,0.0,0.9554634084012401,0.7496394116509966,47.28041948589046,46.99284459569536,0.0
8.671,0.3859017266791199,-0.20782604940641997,0.19447074439868828,0.0,0.955661877490793,0.7511225131604607,47.2586641876713,46.99284459569536,0.0
8.672,0.3864020900564136,-0.20770836963782544,0.20269019758850987,0.0,0.9559776012238562,0.753282451244829,47.22088717673439,46.99284459569536,0.0
8.673,0.38743743344312365,-0.20775856884841404,0.21929827724657647,0.0,0.9564844451029006,0.7568937779857903,47.169257526643506,46.99284459569536,0.0
8.674,0.3894280912106863,-0.20832751035771618,0.24334897298253544,0.0,0.9573638188420546,0.7624655332543703,47.149649604910685,46.99284459569536,0.0
8.675,0.3928602284587122,-0.2098140209702607,0.2515848837567924,0.0,0.9588702574864376,0.767875865078209,47.17131278118683,46.99284459569536,0.0
8.676,0.39724033471420056,-0.2118215740380326,0.23896861376380651,0.0,0.9609730511800958,0.7709781684615078,47.215456188705026,46.99284459569536,0.0
8.677,0.40127805577281994,-0.2135151608837444,0.21467079407461043,0.0,0.9633420148650681,0.7710335751560672,47.257246836656215,46.99284459569536,0.0
8.678,0.4037169816842964,-0.21412688605247213,0.1911314476894077,0.0,0.9655299767511027,0.7687460830045119,47.277808619631045,46.99284459569536,0.0
8.679,0.4039714159263516,-0.21330898749464072,0.17800091596263556,0.0,0.967174307140329,0.7656935727231111,47.27065376838886,46.99284459569536,0.0
8.68,0.40233328575810323,-0.21124363511201094,0.1788002498567926,0.0,0.9681299436859823,0.7635127172153257,47.243061419251305,46.99284459569536,0.0
8.681000000000001,0.3997570906370012,-0.20850672352120772,0.1900942561900114,0.0,0.9684915242751292,0.7631468584322356,47.2107032736067,46.99284459569536,0.0
8.682,0.3973699684381784,-0.2057672484129712,0.20409474223320195,0.0,0.9685063877810547,0.7645176784784473,47.185363437587675,46.99284459569536,0.0
8.683,0.3959670093690723,-0.2034879268663207,0.2148394718237897,0.0,0.9684335163219597,0.7669252725407768,47.169897138581206,46.99284459569536,0.0
8.684000000000001,0.3958136360524326,-0.2018193796763064,0.22080209589816585,0.0,0.9684479444395719,0.7696361028773787,47.16177546092915,46.99284459569536,0.0
8.685,0.3967637058695205,-0.2006748475321123,0.22317362607185615,0.0,0.9686227997151217,0.7721724936573975,47.156816512924806,46.99284459569536,0.0
8.686,0.39848128940828964,-0.19985940227723623,0.2240133809017335,0.0,0.9689555548845241,0.7743619551254253,47.15136086579843,46.99284459569536,0.0
8.687,0.400629747070289,-0.1991787638667593,0.22515604176389037,0.0,0.9694072649111856,0.776263886602697,47.14328805473754,46.99284459569536,0.0
8.688,0.40297947211008095,-0.19850086561481908,0.22768801270391437,0.0,0.969936234659299,0.7780509009519314,47.13213846348462,46.99284459569536,0.0
8.689,0.40543384812155076,-0.19777013970259377,0.23186986965248002,0.0,0.9705174079996992,0.7799003112851319,47.11864357848143,46.99284459569536,0.0
8.69,0.4079987098448269,-0.19698951831535627,0.23735932232621448,0.0,0.9711468439459057,0.781927328114232,47.104050458298275,46.99284459569536,0.0
8.691,0.4107287154086643,-0.19618970023931953,0.24354382379176398,0.0,0.9718358642059102,0.7841653354947266,47.08954755440458,46.99284459569536,0.0
8.692,0.41367818410572876,-0.1954013399862085,0.249828246151518,0.0,0.9726010617308816,0.7865807441070508,47.075925853074345,46.99284459569536,0.0
8.693,0.41687131594204596,-0.1946382664515794,0.25580828424284674,0.0,0.9734552258783098,0.789104341762064,47.06347363718572,46.99284459569536,0.0
8.694,0.42029449245909917,-0.19389307543976222,0.2613281017722542,0.0,0.9744019931005432,0.7916637575151275,47.05205076074379,46.99284459569536,0.0
8.695,0.42390541496594675,-0.19314221678077775,0.2664474783427368,0.0,0.9754348826334895,0.7942068719519846,47.041267607754875,46.99284459569536,0.0
8.696,0.42765044629193427,-0.19235581201365698,0.2713548247165986,0.0,0.9765397987190336,0.7967117340130803,47.03068712663789,46.99284459569536,0.0
8.697000000000001,0.43148176706198904,-0.19150745255407506,0.2762666399656642,0.0,0.9776992539092498,0.7991838327188334,47.0199821464555,46.99284459569536,0.0
8.698,0.4353686023367777,-0.19058064345292441,0.2813477545492609,0.0,0.9788965080444894,0.8016452328522113,47.0090115296909,46.99284459569536,0.0
8.699,0.439300386863383,-0.18957061773125283,0.28667139359160315,0.0,0.9801183420411703,0.8041213795894188,46.997814260046646,46.99284459569536,0.0
8.700000000000001,0.4432829695398534,-0.1884821334820957,0.2922203317702185,0.0,0.9813559743017127,0.8066304756126517,46.98654752290633,46.99284459569536,0.0
8.701,0.447330910908229,-0.18732501652899486,0.29791667106826764,0.0,0.9826043549161751,0.8091780854768583,46.975406302056626,46.99284459569536,0.0
8.702,0.45145932909852804,-0.186109453309735,0.3036616644295057,0.0,0.9838605176710243,0.8117571117055971,46.96455696355787,46.99284459569536,0.0
8.703,0.45567789462527275,-0.1848425449877481,0.30936921000025974,0.0,0.9851217624900368,0.8143514736400785,46.954099205210426,46.99284459569536,0.0
8.704,0.45998811670832807,-0.18352678500405906,0.3149855430788302,0.0,0.98638425450561,0.8169413062720801,46.944067495990026,46.99284459569536,0.0
8.705,0.46438375120600983,-0.18216035509097703,0.32048916868608324,0.0,0.987642330892224,0.819507222754536,46.93446283036954,46.99284459569536,0.0
8.706,0.46885308408168125,-0.1807385187887903,0.32587531914958456,0.0,0.9888884535943123,0.8220321252509734,46.92528693076266,46.99284459569536,0.0
8.707,0.4733814902701667,-0.17925518304032498,0.3311388456023518,0.0,0.9901135057065259,0.8245008448211686,46.91655009203692,46.99284459569536,0.0
8.708,0.4779532172278341,-0.17770399307270834,0.33627021000180546,0.0,0.9913071270255851,0.8268994065615195,46.908298801389265,46.99284459569536,0.0
8.709,0.4825523838303752,-0.17607897491902819,0.34124131326869467,0.0,0.9924580022895442,0.8292127909184014,46.90067210329529,46.99284459569536,0.0
8.71,0.4871627077336748,-0.1743745192949719,0.3459763872396814,0.0,0.9935538885256867,0.8314199275067933,46.89386901686889,46.99284459569536,0.0
8.711,0.4917651811263398,-0.17258413838703177,0.35036768624114695,0.0,0.994581002453421,0.8334914623762513,46.88816121479244,46.99284459569536,0.0
8.712,0.49633543380511214,-0.1706990826390291,0.35426842108840145,0.0,0.9955231061521268,0.8353870199339819,46.88396673434063,46.99284459569536,0.0
8.713000000000001,0.5008406775197437,-0.16870683320246502,0.3574544399278528,0.0,0.9963602583561929,0.8370488125478555,46.8820678332326,46.99284459569536,0.0
8.714,0.5052346607412586,-0.16658900684594874,0.359511658106498,0.0,0.997066836196389,0.8383842892147846,46.884107567234786,46.99284459569536,0.0
8.715,0.5094456432568965,-0.16431789101103245,0.35957916139000934,0.0,0.9976076594409828,0.8392244609339352,46.89297778288585,46.99284459569536,0.0
8.716,0.5133442120112537,-0.1618544514353062,0.356142721692572,0.0,0.9979301503380512,0.8392692816682537,46.903671411148196,46.99284459569536,0.0
8.717,0.5166731564027194,-0.1591742719604152,0.35168763940687103,0.0,0.9979546888723637,0.8385589765688768,46.86815482720288,46.99284459569536,0.0
8.718,0.5192642490501281,-0.15628658760239741,0.37069282906445405,0.0,0.9976148995586747,0.8398055467707599,46.77978632023514,46.99284459569536,0.0
8.719,0.5222836298625284,-0.1536364256828385,0.41700766530292616,0.0,0.9971711052289715,0.8454918401478518,46.690917735399964,46.99284459569536,0.0
8.72,0.5276277236708079,-0.1521331421024072,0.4644612263234679,0.0,0.9972014600952959,0.8547642115933524,46.663568103249496,46.99284459569536,0.0
8.721,0.5362973981782833,-0.15216697728444148,0.48142880732316057,0.0,0.9981747713253661,0.8636040564229568,46.53101364103416,46.99284459569536,0.0
8.722,0.5472374723325939,-0.15304784771111202,0.552324347977442,0.0,1.000031293310503,0.878169370142682,46.50512977319782,46.99284459569536,0.0
8.723,0.5620099845617046,-0.15609257786433994,0.5701434301205847,0.0,1.003484806081687,0.8911993727144925,46.5846102688435,46.99284459569536,0.0
8.724,0.5788803109234049,-0.16001388861540597,0.5344855255662653,0.0,1.0082968647140191,0.8974631552063378,46.72409591137956,46.99284459569536,0.0
8.725,0.5941729492118968,-0.16284851198009614,0.46743019114139406,0.0,1.0135266911949072,0.895048770622922,46.862853263105606,46.99284459569536,0.0
8.726,0.6043866501527209,-0.1628124118935664,0.3993514286042669,0.0,1.0179597793262003,0.8856101158904957,46.94794206149726,46.99284459569536,0.0
8.727,0.6077866449903941,-0.15907177686888382,0.3572560547504219,0.0,1.0205945843192712,0.8733370695231535,46.921722018586124,46.99284459569536,0.0
8.728,0.604945187504401,-0.15227793928501998,0.3710773019770815,0.0,1.021028688392323,0.8648426594971601,46.749611425536735,46.99284459569536,0.0
8.729000000000001,0.5994470706819938,-0.14419837235126262,0.4595649302033623,0.0,1.0197491270685952,0.8674129057893,46.492857494773475,46.99284459569536,0.0
8.73,0.5971279811599106,-0.13779016793362342,0.5929417665942112,0.0,1.0182304396898518,0.8835848657197889,46.292624527288055,46.99284459569536,0.0
8.731,0.603256490057692,-0.13578595563627313,0.700060451020994,0.0,1.0183244357334993,0.9077397209684153,46.14944163710817,46.99284459569536,0.0
8.732,0.6192537171820065,-0.1384961014022478,0.7800859256968091,0.0,1.021142675854875,0.935521695771919,46.25899583985936,46.99284459569536,0.0
8.733,0.643955949706705,-0.14520813145587244,0.7326473118795735,0.0,1.027168511292703,0.9522315215340821,46.60130573128432,46.99284459569536,0.0
8.734,0.6698341737734071,-0.15222350717835909,0.5654077548112036,0.0,1.034967316791902,0.9473514008023732,47.03385024446022,46.99284459569536,0.0
8.735,0.6866813921175199,-0.1546779000515535,0.34872544173560593,0.0,1.041698059126836,0.9199821020489376,47.260346827478266,46.99284459569536,0.0
8.736,0.6868213063790171,-0.1489594786164482,0.2328021279087532,0.0,1.0443652270663402,0.8855911476288176,46.993359124375594,46.99284459569536,0.0
8.737,0.6718168392805423,-0.13590310843530726,0.3662908341732867,0.0,1.041947566264307,0.8724008867954742,46.41932323516217,46.99284459569536,0.0
8.738,0.6556072049435863,-0.12223106009128623,0.659043992385332,0.0,1.0370792838431122,0.8927888614120222,45.87032051443669,46.99284459569536,0.0
8.739,0.6538335280556967,-0.11559950913552597,0.9447705935606564,0.0,1.0341438770039986,0.9391866129862593,45.623855724628285,46.99284459569536,0.0
8.74,0.6744438509915432,-0.11960025497247438,1.0816928771755305,0.0,1.0366481835578414,0.9905703616132222,46.03083582179755,46.99284459569536,0.0
8.741,0.7134276897499338,-0.13226735316767185,0.887822916329875,0.0,1.0453938076620986,1.0102891284696378,46.86416258558247,46.99284459569536,0.0
8.742,0.751140219916731,-0.1444401127781,0.47244635453854505,0.0,1.0564490786167662,0.981399318931484,47.5212485454267,46.99284459569536,0.0
8.743,0.7657596752633251,-0.14579829148900078,0.13861933511911612,0.0,1.0635375135842475,0.9227057961379312,47.35696806924568,46.99284459569536,0.0
8.744,0.7501355724775086,-0.1329356428690611,0.2171183384741227,0.0,1.0626192796403224,0.8844284755436322,46.459302983781164,46.99284459569536,0.0
8.745000000000001,0.7221726453138803,-0.11376480986004182,0.6712862973255234,0.0,1.0559849718865675,0.901980230014616,45.448289857253215,46.99284459569536,0.0
8.746,0.7108625244734351,-0.10182065694452086,1.1922384079739192,0.0,1.0506471218646691,0.970840914866748,45.143529867055776,46.99284459569536,0.0
8.747,0.7350223521266351,-0.10607565033510116,1.3631115503590348,0.0,1.0533166161322924,1.0430975885370994,46.059797338190265,46.99284459569536,0.0
8.748,0.786033577741991,-0.12342980364000983,0.9143082873668412,0.0,1.0648112352698234,1.051948817373028,47.279330651098235,46.99284459569536,0.0
8.749,0.8275076585193998,-0.13713322095365954,0.3016767703588275,0.0,1.077375349748646,0.994110914368796,47.847048198582236,46.99284459569536,0.0
8.75,0.8316595558779759,-0.13398314255626237,0.009275960587958099,0.0,1.0824157196823134,0.9172334713064849,46.93930087729428,46.99284459569536,0.0
8.751,0.8003312325570247,-0.1141223040505788,0.46368505841594726,0.0,1.0771111168647316,0.9049444529414493,45.42504083526083,46.99284459569536,0.0
8.752,0.7732177163964893,-0.09470154919434719,1.236493117037017,0.0,1.0691703978432756,0.9764878751456464,44.69372533199218,46.99284459569536,0.0
8.753,0.7875519898831209,-0.09299246328304739,1.6251420613083758,0.0,1.0691843010427047,1.0732582812657823,45.77235608245663,46.99284459569536,0.0
8.754,0.8428429368629905,-0.11063745987854579,1.0980315712085353,0.0,1.080831895018822,1.092545732307232,47.42521491291999,46.99284459569536,0.0
8.755,0.8920094087803002,-0.12735881237117566,0.26727845280460966,0.0,1.0949063735097069,1.0201020570776094,48.02303174813452,46.99284459569536,0.0
8.756,0.8947954454502303,-0.12436118020190987,-0.04193183632704711,0.0,1.0998320835649953,0.9307897972850756,46.620220124810075,46.99284459569536,0.0
8.757,0.8569416232327279,-0.10205581739518427,0.6632002200440288,0.0,1.0929103830484543,0.9357497443800833,44.74843042710668,46.99284459569536,0.0
8.758000000000001,0.8334615903327739,-0.08349452461583022,1.6215392105816113,0.0,1.0853581587154069,1.04009176050618,44.66847088815146,46.99284459569536,0.0
8.759,0.8658327552610119,-0.08826597127856613,1.6847627171346615,0.0,1.0897058304889677,1.1268199199307154,46.557093759104745,46.99284459569536,0.0
8.76,0.9293500448697444,-0.10923909917446897,0.7448087900239254,0.0,1.1045508806295485,1.0946196733347637,48.181817804437344,46.99284459569536,0.0
8.761000000000001,0.9606447286799074,-0.11871853565641441,-0.07944296472979373,0.0,1.1155244078305306,0.9830485603376338,47.279564512852055,46.99284459569536,0.0
8.762,0.9326314735489466,-0.10266752692690383,0.3688164818912839,0.0,1.1123830656866365,0.9446773729386773,44.97105264613705,46.99284459569536,0.0
8.763,0.8966231298871187,-0.07961764148908695,1.5432903347443676,0.0,1.103343761706371,1.038219484664347,44.239529928788464,46.99284459569536,0.0
8.764,0.9158316694735306,-0.07718452458737085,1.9365848400877312,0.0,1.1045254552918888,1.150548089087539,46.29131696939399,46.99284459569536,0.0
8.765,0.9818789280165928,-0.09741302501918692,0.9177065960479825,0.0,1.1190713061776907,1.1286793374852848,48.312469991535956,46.99284459569536,0.0
8.766,1.0192874119486095,-0.10959046030457666,-0.10606616898140664,0.0,1.1311129296917615,1.0045713637719096,47.170474393391885,46.99284459569536,0.0
8.767,0.9896429790151613,-0.0938999154739207,0.46315533211366344,0.0,1.1276918591988618,0.9705654150140304,44.46377625547445,46.99284459569536,0.0
8.768,0.9549762454550561,-0.07109866996301518,1.84179508447459,0.0,1.1188610693215713,1.0890930081936772,44.28288730966685,46.99284459569536,0.0
8.769,0.9872512223169614,-0.07269492874288266,1.9593391302386765,0.0,1.1231697186708687,1.19013129578766,47.07714733696388,46.99284459569536,0.0
8.77,1.0571503779603617,-0.0946427752750367,0.5613660891774737,0.0,1.1395496323753733,1.1191779872306455,48.52940427148252,46.99284459569536,0.0
8.771,1.0740267695235504,-0.09991494425584313,-0.18012797483971643,0.0,1.147556683976293,0.9882159727529881,46.694977168105275,46.99284459569536,0.0
8.772,1.0243998138960104,-0.08099319545974659,0.7400642511248066,0.0,1.139532714911976,0.9854146794141192,44.3760253236056,46.99284459569536,0.0
8.773,0.9889382194601009,-0.06311088662162402,1.92570836609554,0.0,1.1302531769359714,1.106714554721515,45.36034120096519,46.99284459569536,0.0
8.774000000000001,1.0200163827497006,-0.07271544688836591,1.4498754613630496,0.0,1.1352669050060296,1.1469852141240744,48.071961418896805,46.99284459569536,0.0
8.775,1.0594323450690308,-0.09219279299771646,0.08327418416522636,0.0,1.145852788678699,1.0341373947267183,48.568579471728995,46.99284459569536,0.0
8.776,1.034238686765143,-0.08893484539530606,-0.18079219101120503,0.0,1.1435421543470075,0.921417119175556,46.12632102487719,46.99284459569536,0.0
8.777000000000001,0.964820048500394,-0.0638925037211271,1.049002268122878,0.0,1.127468477785233,0.9650399756289375,44.40538059164921,46.99284459569536,0.0
8.778,0.9364112333971426,-0.05214283177304351,1.9353471247773295,0.0,1.1163224140274268,1.0903239517001624,45.64923649478174,46.99284459569536,0.0
8.779,0.9740441512861427,-0.06985556874837917,1.3268552542202023,0.0,1.120885252039292,1.1217436603418338,48.02868873716282,46.99284459569536,0.0
8.78,1.0148420744480715,-0.09378686702251271,0.12677069161498888,0.0,1.1305890925545388,1.0204418563706004,48.60855368070946,46.99284459569536,0.0
8.781,0.996755443135602,-0.09523158046448424,-0.179318871008475,0.0,1.1291119741170133,0.9109691192614764,46.723606706955515,46.99284459569536,0.0
8.782,0.9337175284336191,-0.07490310853892107,0.7658469947558975,0.0,1.114584714766096,0.9260783891839216,44.93769379011866,46.99284459569536,0.0
8.783,0.896279995582571,-0.06205853131956815,1.6793549612300929,0.0,1.1018114895676414,1.0327459733001434,45.272982289168525,46.99284459569536,0.0
8.784,0.9190243630970558,-0.0749970905699046,1.528909334770428,0.0,1.1025340325903858,1.098909122154489,47.18196312199964,46.99284459569536,0.0
8.785,0.9656526612959168,-0.10119622698670709,0.572527733091829,0.0,1.1125531556096349,1.0499290213788948,48.62458800467081,46.99284459569536,0.0
8.786,0.9761945374317684,-0.11397128628310331,-0.16510214233351328,0.0,1.1178156214078347,0.9345800493098292,48.03418231355187,46.99284459569536,0.0
8.787,0.9301066241145414,-0.10227780178103393,0.1196873260473944,0.0,1.109602909531117,0.8751704505298964,46.175587088971746,46.99284459569536,0.0
8.788,0.8698460504579744,-0.0815250177566058,1.0571575134046909,0.0,1.0941046375664116,0.9273221503348288,45.11927633921755,46.99284459569536,0.0
8.789,0.8508755149727217,-0.07708123308865016,1.6040485708465673,0.0,1.0850900743054388,1.0249763205746432,45.77461497766134,46.99284459569536,0.0
8.790000000000001,0.8824140373339014,-0.09549656244598087,1.2885615478050139,0.0,1.0888125084705302,1.0681321915408062,47.37667149279437,46.99284459569536,0.0
8.791,0.924895703406332,-0.12069069943085993,0.48369502126750585,0.0,1.0990654880904929,1.0176066730937972,48.52544353669386,46.99284459569536,0.0
8.792,0.9318652399321795,-0.13134655845885346,-0.10601699009222121,0.0,1.1041608210269884,0.9159975161121708,48.18972276248495,46.99284459569536,0.0
8.793000000000001,0.889425351415876,-0.12015039525878128,0.049874615344337236,0.0,1.0972475684293843,0.8528420879360271,46.76743247628057,46.99284459569536,0.0
8.794,0.8295603118106232,-0.09935922794566203,0.763273879640675,0.0,1.0825350315014834,0.8783866358073839,45.66063672348997,46.99284459569536,0.0
8.795,0.7981711942471929,-0.09004527508000468,1.329993834758027,0.0,1.0710315799114174,0.9579648301546849,45.61119998420205,46.99284459569536,0.0
8.796,0.8123227260391488,-0.10130317709802865,1.3685286505169199,0.0,1.069967801665727,1.025135930417805,46.694536267524924,46.99284459569536,0.0
8.797,0.8535663121582874,-0.12569010934018543,0.8298435921371882,0.0,1.078297494797375,1.0214475590954986,47.91596624808095,46.99284459569536,0.0
8.798,0.8815114370410231,-0.14491626752833028,0.2098973853353201,0.0,1.0872963895619019,0.9534922341782699,48.519615409340894,46.99284459569536,0.0
8.799,0.8698291208536701,-0.14659561925370762,-0.10719490343110771,0.0,1.0885923294661628,0.8661161475623642,47.992046179617866,46.99284459569536,0.0
8.8,0.820471685641481,-0.1308035747305103,0.14659769559118108,0.0,1.0792671483036023,0.8240078670900587,46.848280016462475,46.99284459569536,0.0
8.801,0.7650898011617765,-0.11111127086703934,0.7199264229612053,0.0,1.064655424230317,0.8513045635098535,46.026084404169886,46.99284459569536,0.0
8.802,0.7375221004209269,-0.10365066356507151,1.1406918310227545,0.0,1.0536107984417584,0.9174399537301065,45.91662465907015,46.99284459569536,0.0
8.803,0.7481065670034638,-0.11407962521434196,1.2061839029388737,0.0,1.0515059661085202,0.9774138478481486,46.59904458084547,46.99284459569536,0.0
8.804,0.7835688626183291,-0.1363192563189044,0.8689119421997124,0.0,1.0579510762254185,0.9896300250687837,47.521655605686455,46.99284459569536,0.0
8.805,0.8148102656103534,-0.15691014555245056,0.4023183196793101,0.0,1.0670158945573363,0.9502345853362185,48.20781884585,46.99284459569536,0.0
8.806000000000001,0.8188710944825343,-0.16489244763644376,0.04708695709599142,0.0,1.0719068314197084,0.8811413806051206,48.263772256973134,46.99284459569536,0.0
8.807,0.7892118998144717,-0.15721765344730976,0.006400974921646485,0.0,1.0684753037410895,0.8218265653222342,47.71264542239428,46.99284459569536,0.0
8.808,0.7397458789939716,-0.1399125214980951,0.27476638394408337,0.0,1.057628630729521,0.8031718039575603,46.922656491732546,46.99284459569536,0.0
8.809000000000001,0.6949679917703809,-0.12435696035386114,0.6704627303145791,0.0,1.0444630884762687,0.8305717028251173,46.40773350067429,46.99284459569536,0.0
8.81,0.675063448109222,-0.12042545466790858,0.933775336793918,0.0,1.0350771803210848,0.8806642017601068,46.336928675798646,46.99284459569536,0.0
8.811,0.6837215111180248,-0.13042562957412843,0.9757369084307072,0.0,1.0327784471714623,0.925640074433753,46.66344073467264,46.99284459569536,0.0
8.812,0.7108806096752212,-0.14917336759548241,0.8157749176039369,0.0,1.037169424037453,0.9449721316065558,47.236994330028956,46.99284459569536,0.0
8.813,0.7393995588905463,-0.16844397464507443,0.5265566225824432,0.0,1.0449867983293666,0.9297301947764668,47.840586779806884,46.99284459569536,0.0
8.814,0.7525910919191517,-0.18029264225872488,0.216282975852364,0.0,1.0516088888760855,0.8843903917274916,48.19832577937801,46.99284459569536,0.0
8.815,0.7405216760302853,-0.17996786609379045,0.02535866422997457,0.0,1.0528805780089558,0.8278073913049846,48.07349146735688,46.99284459569536,0.0
8.816,0.7049218774915378,-0.16822498865381616,0.07696935152392381,0.0,1.0470783294295405,0.7883915622369471,47.63077014124362,46.99284459569536,0.0
8.817,0.660325594886719,-0.15199038671394255,0.2919507591250702,0.0,1.0362463453622768,0.7800185322821012,47.079000003251934,46.99284459569536,0.0
8.818,0.6238530360504634,-0.1394825274643201,0.5669742740453487,0.0,1.024446738208195,0.8030683981271727,46.75319748072264,46.99284459569536,0.0
8.819,0.6078928212441452,-0.1371538707162062,0.7322720064597229,0.0,1.0160010047042323,0.8394567301290395,46.71689667230231,46.99284459569536,0.0
8.82,0.6131027749211772,-0.14544916351544537,0.7531818899038177,0.0,1.0129744465262496,0.8712760683824937,46.88555563893129,46.99284459569536,0.0
8.821,0.6316210089980477,-0.1602953520154473,0.669925296156971,0.0,1.0149826057984188,0.8882585866345243,47.191563628545836,46.99284459569536,0.0
8.822000000000001,0.6527976146046807,-0.1762495565504166,0.5149341110211915,0.0,1.0200947015824207,0.8853829602851406,47.507730808821236,46.99284459569536,0.0
8.823,0.6664611025083118,-0.18824111790530823,0.3517016587522327,0.0,1.0255675548567726,0.865609230637535,47.74999996866521,46.99284459569536,0.0
8.824,0.6666345665164303,-0.19325113535620042,0.22299552510054865,0.0,1.028946936144978,0.8359523629412727,47.92697182776259,46.99284459569536,0.0
8.825000000000001,0.6522745610394628,-0.1909123137397044,0.12516832323118365,0.0,1.0287153219824126,0.8017065245168911,47.89590915059463,46.99284459569536,0.0
8.826,0.6253248010469965,-0.18224873539937275,0.13166901626617067,0.0,1.0241526799923946,0.7753763303156354,47.64859405427085,46.99284459569536,0.0
8.827,0.5930994354852298,-0.17085625876249425,0.2487690698423064,0.0,1.0162467461345994,0.7673141829103979,47.326349049573324,46.99284459569536,0.0
8.828,0.565671715601008,-0.16180329024241147,0.4065565276522909,0.0,1.0074432891512193,0.7781480722148881,47.10733137346276,46.99284459569536,0.0
8.829,0.5505600744814678,-0.15903410876376603,0.5149204979298971,0.0,1.0003894865191767,0.7987483923673359,47.0812538117605,46.99284459569536,0.0
8.83,0.5489291528468149,-0.16333407372819,0.5270751866203787,0.0,0.9966017841264556,0.8168649612631276,47.15247042475398,46.99284459569536,0.0
8.831,0.5560633351802639,-0.17205565028513298,0.48987062183305174,0.0,0.9959208826342054,0.8277759847435313,47.282556154724524,46.99284459569536,0.0
8.832,0.5661212137683848,-0.1822193163472512,0.42193064125748736,0.0,0.9974299611404845,0.8293914386898724,47.42295091973603,46.99284459569536,0.0
8.833,0.5738671723367316,-0.19103067175614455,0.3474321955113271,0.0,0.9998172896251266,0.822729349209248,47.55974632015105,46.99284459569536,0.0
8.834,0.5759241750463227,-0.19675829848228413,0.27336547805926126,0.0,1.0018416016990281,0.8094210363505131,47.67320747280703,46.99284459569536,0.0
8.835,0.5707282179872627,-0.19846126409463552,0.2098312729601548,0.0,1.0024627012297642,0.7919900159022533,47.67858043896364,46.99284459569536,0.0
8.836,0.5583574782027284,-0.1962258621017809,0.20028743144916505,0.0,1.0010156648872623,0.7772585487423833,47.61905488495585,46.99284459569536,0.0
8.837,0.5420074355796223,-0.19183726647139565,0.22378810556045592,0.0,0.9977797939636104,0.7682108345222988,47.53420494091638,46.99284459569536,0.0
8.838000000000001,0.5254630876023344,-0.1872989744643962,0.2607994741279802,0.0,0.9935074125458486,0.7652369262844426,47.44617168889378,46.99284459569536,0.0
8.839,0.5116863334935147,-0.18417636089310038,0.30028282920729843,0.0,0.989066773873305,0.7674562255738426,47.372632318749346,46.99284459569536,0.0
8.84,0.502404692807339,-0.1833811085841545,0.33325463704897396,0.0,0.9852358773786848,0.7731248093132309,47.334948669746126,46.99284459569536,0.0
8.841,0.4980192990263346,-0.18512085217240973,0.3486754208100765,0.0,0.9825542532252631,0.7795995900735719,47.35181955302572,46.99284459569536,0.0
8.842,0.4975491338226925,-0.18887948804202637,0.33665022959697577,0.0,0.9811843220729931,0.7836896157060749,47.412794686522965,46.99284459569536,0.0
8.843,0.4987882093008721,-0.19348015946765582,0.30196316194007755,0.0,0.9808288740973228,0.7833973201753363,47.482360123976676,46.99284459569536,0.0
8.844,0.4992165978736727,-0.19754410261245262,0.26228528793040873,0.0,0.9808807683978173,0.7790462819473837,47.52822083296728,46.99284459569536,0.0
8.845,0.4971470183001447,-0.2001409751638799,0.23400117106238827,0.0,0.9807373859946763,0.7726530004957071,47.53955369697001,46.99284459569536,0.0
8.846,0.4922750124573221,-0.20110812663391117,0.22286764804827586,0.0,0.9800494316228705,0.7664580874329858,47.52302587329756,46.99284459569536,0.0
8.847,0.4854219324322123,-0.20089873748800116,0.22582974710847759,0.0,0.9787780770612233,0.7619561551104541,47.49278317712754,46.99284459569536,0.0
8.848,0.47789397341097595,-0.20022875892346406,0.23595170937916604,0.0,0.9771120609728475,0.7596206201152691,47.463145053387805,46.99284459569536,0.0
8.849,0.47087715827480625,-0.19974855698004393,0.24606776667211006,0.0,0.9753329705656597,0.7590601537650488,47.44463053619414,46.99284459569536,0.0
8.85,0.46506393711182215,-0.19983882804538647,0.2508071658639549,0.0,0.9736904744007907,0.7593672845238713,47.44110603292952,46.99284459569536,0.0
8.851,0.4605431286227666,-0.20054834312015987,0.24808680312392417,0.0,0.9723200848758626,0.7595719754191694,47.449036592535585,46.99284459569536,0.0
8.852,0.45693086714037523,-0.20166430065911256,0.23955960335248877,0.0,0.9712228635714939,0.7590605106031595,47.460596013726786,46.99284459569536,0.0
8.853,0.4536596451890651,-0.2028717226847075,0.22910237857657395,0.0,0.9703058747633869,0.7577491592104978,47.46872233287523,46.99284459569536,0.0
8.854000000000001,0.45027040218354175,-0.20391542373151977,0.2202804416305526,0.0,0.9694521825917184,0.7559515077710828,47.4702350902513,46.99284459569536,0.0
8.855,0.44656726529943236,-0.20468593318331998,0.2147501579969585,0.0,0.9685784135225046,0.7541015930554041,47.46576319366961,46.99284459569536,0.0
8.856,0.4426048896501983,-0.20521292198735788,0.21225692030806165,0.0,0.9676572935625708,0.7525291695475038,47.457949112078886,46.99284459569536,0.0
8.857,0.43857563466042815,-0.2056030129022443,0.211512915939588,0.0,0.9667086833604372,0.7513685625831394,47.449450778230165,46.99284459569536,0.0
8.858,0.43468379013230357,-0.20597003935588729,0.21119602103860025,0.0,0.9657753454828325,0.7505895472477704,47.44138136143601,46.99284459569536,0.0
8.859,0.43106605582723245,-0.20639103900406064,0.21074536177827236,0.0,0.9649000795562142,0.7501077284168278,47.43013882428835,46.99284459569536,0.0
8.86,0.4277813132424164,-0.20690329242782005,0.21199368806617197,0.0,0.9641162962192951,0.7500535317018693,47.41304969615648,46.99284459569536,0.0
8.861,0.4249225933129599,-0.20756521908123365,0.21633620112749663,0.0,0.9634731609422102,0.7506731812649734,47.38687196149849,46.99284459569536,0.0
8.862,0.42266438938080714,-0.2084621886694831,0.22548479479845762,0.0,0.9630483515373174,0.7523492877504933,47.42123862942411,46.99284459569536,0.0
8.863,0.4212896977706896,-0.20974191621398847,0.20401752049836147,0.0,0.962965434055479,0.751491050575043,47.468132074130665,46.99284459569536,0.0
8.864,0.4194520990670453,-0.2106223015396195,0.175817923360731,0.0,0.9628890297146535,0.7480114513681152,47.48195773092017,46.99284459569536,0.0
8.865,0.4161111522055156,-0.21056491041730113,0.16401396361372939,0.0,0.9624571890105065,0.744204860214736,47.46417963701956,46.99284459569536,0.0
8.866,0.4115470025743258,-0.20971671259265146,0.16818966015079223,0.0,0.961595145411948,0.741781757313642,47.43143115307666,46.99284459569536,0.0
8.867,0.4067323467476756,-0.20862106660725555,0.1801780365484309,0.0,0.9604649568029889,0.7412756954257911,47.400861543228004,46.99284459569536,0.0
8.868,0.40261848134095485,-0.20781572544264826,0.19138267199743192,0.0,0.9593195497978879,0.7422242256377156,47.38265124204545,46.99284459569536,0.0
8.869,0.3996919132188436,-0.20757519151484852,0.19658975612520901,0.0,0.9583651311940777,0.7437048788668684,47.37784986833776,46.99284459569536,0.0
8.870000000000001,0.39788863225186866,-0.20786089270316063,0.19514039025262786,0.0,0.9576880522435558,0.7448996190506092,47.380962423836465,46.99284459569536,0.0
8.871,0.3967854186522415,-0.20843270454724522,0.18970293422186546,0.0,0.9572581974974261,0.7454268715025545,47.3851226172844,46.99284459569536,0.0
8.872,0.39589242613163766,-0.2090156587577983,0.18370005728200628,0.0,0.9569824603158243,0.7453396683728861,47.385771501090204,46.99284459569536,0.0
8.873,0.3948706631065893,-0.2094199472221257,0.17944634632515688,0.0,0.9567642187283866,0.7449291964097187,47.381488096025556,46.99284459569536,0.0
8.874,0.39360359674471146,-0.20957942703380328,0.17770161385417876,0.0,0.9565402539980166,0.7445177236914412,47.3732085792363,46.99284459569536,0.0
8.875,0.3921543767001836,-0.2095281692827078,0.1780377324133986,0.0,0.9562903053181192,0.7443261656794576,47.36292090747509,46.99284459569536,0.0
8.876,0.3906727630982434,-0.2093490590688155,0.17948080517620368,0.0,0.9560270061589957,0.7444326307147673,47.35245840571087,46.99284459569536,0.0
8.877,0.3893069370060065,-0.2091244431637892,0.1811159179581604,0.0,0.9557777667719014,0.7448029757431475,47.34280871834397,46.99284459569536,0.0
8.878,0.38815199171451986,-0.20890704834717272,0.18244112041512556,0.0,0.9555688185555771,0.7453541691935681,47.33404516697315,46.99284459569536,0.0
8.879,0.38724064709691997,-0.20871466081719148,0.18341089038775732,0.0,0.9554168958257956,0.7460114696047548,47.325664055348085,46.99284459569536,0.0
8.88,0.3865625831574919,-0.2085408720008301,0.18427325160376157,0.0,0.9553287025156108,0.7467384833230404,47.31697684074186,46.99284459569536,0.0
8.881,0.3860927337105754,-0.20837069726987614,0.18537553645640964,0.0,0.955305048576032,0.7475415068598766,47.30730090972914,46.99284459569536,0.0
8.882,0.3858144315675062,-0.208193139497073,0.1870689388224296,0.0,0.9553462327763957,0.7484630288020752,47.29584778407186,46.99284459569536,0.0
8.883000000000001,0.3857335495014155,-0.2080085494862155,0.18976546976730618,0.0,0.9554569214274764,0.749582315356206,47.281199254709094,46.99284459569536,0.0
8.884,0.3858887622952008,-0.20783358990434797,0.19420618785855193,0.0,0.9556510702149656,0.7510443735726428,47.25989172245993,46.99284459569536,0.0
8.885,0.3863706107660294,-0.20771158103557746,0.20218948271548648,0.0,0.9559603385656035,0.7531619448956819,47.22311107369622,46.99284459569536,0.0
8.886000000000001,0.38737465962786244,-0.2077494904560771,0.2182771423173363,0.0,0.956455827338424,0.7566828686390216,47.1711905984234,46.99284459569536,0.0
8.887,0.38930854504549894,-0.20828245852840888,0.24245391992646376,0.0,0.9573121070020477,0.7621971309189732,47.149576644959296,46.99284459569536,0.0
8.888,0.392677169218133,-0.20973040133687337,0.2516935761658766,0.0,0.9587881289555125,0.7676689795427227,47.169670362235436,46.99284459569536,0.0
8.889,0.39703890657506313,-0.2117308851743407,0.2398784598624058,0.0,0.9608693073700423,0.7709030812761318,47.21333253667385,46.99284459569536,0.0
8.89,0.40112194001654283,-0.21345707665467817,0.21584249323341242,0.0,0.9632356543409222,0.7710905692065053,47.2557150570857,46.99284459569536,0.0
8.891,0.40365203038039055,-0.21412902015583868,0.1920225284135847,0.0,0.9654407672780758,0.7688786269714295,47.277474096746516,46.99284459569536,0.0
8.892,0.4040051154851668,-0.2133755244179369,0.1782967135726659,0.0,0.967114570731826,0.7658232118113871,47.271511764155214,46.99284459569536,0.0
8.893,0.40243548141186125,-0.21135619825873628,0.1784912081837185,0.0,0.9681008614040637,0.7635755616674604,47.24452738264253,46.99284459569536,0.0
8.894,0.3998768280360331,-0.2086347816607807,0.1894665710705885,0.0,0.9684845954305019,0.7631224061072029,47.212065072402375,46.99284459569536,0.0
8.895,0.3974604744166838,-0.2058833090120385,0.20350552142359635,0.0,0.9685091926728885,0.7644276827799477,47.18629032118169,46.99284459569536,0.0
8.896,0.39600368360462707,-0.20357783353343237,0.21445843977907686,0.0,0.9684357702821513,0.7668054064783622,47.1704092126577,46.99284459569536,0.0
8.897,0.3957948097295475,-0.2018823036626134,0.22062334787144577,0.0,0.9684440089693259,0.7695150344926056,47.16204315786249,46.99284459569536,0.0
8.898,0.3967016440530526,-0.2007179467142693,0.22311438964737984,0.0,0.9686112626235972,0.7720650485742345,47.157028515290214,46.99284459569536,0.0
8.899000000000001,0.39839227972633773,-0.19989209764739363,0.22397987173756995,0.0,0.9689375924927318,0.7742701776444633,47.151653256660424,46.99284459569536,0.0
8.9,0.40052716509941055,-0.19920875983921094,0.22507941444281448,0.0,0.9693848936137439,0.7761817906369519,47.143719308624895,46.99284459569536,0.0
8.901,0.4028707818542138,-0.19853245045329626,0.22753764133128346,0.0,0.9699110652675351,0.7779699329836749,47.132699220372125,46.99284459569536,0.0
8.902000000000001,0.40532087291377344,-0.19780436970735343,0.23164913921090113,0.0,0.9704901082024251,0.7798134869099742,47.119284961667894,46.99284459569536,0.0
8.903,0.40787974018935913,-0.1970254388841008,0.23709186490329104,0.0,0.9711172006533577,0.7818312000947806,47.10471406371935,46.99284459569536,0.0
8.904,0.4106009927665522,-0.19622575844434267,0.2432586191973236,0.0,0.9718031796375366,0.7840600178108839,47.09018665857805,46.99284459569536,0.0
8.905,0.41353976551758614,-0.19543643547080328,0.2495489011391473,0.0,0.9725646137722163,0.7864687626476132,47.076515446808855,46.99284459569536,0.0
8.906,0.4167219313235817,-0.19467223586039575,0.2555477985126087,0.0,0.9734146102496914,0.7889891017946509,47.06401087422596,46.99284459569536,0.0
8.907,0.4201354769731166,-0.19392665838082548,0.2610884220187519,0.0,0.9743572694674745,0.7915482179232847,47.0525487881046,46.99284459569536,0.0
8.908,0.4237390554825567,-0.19317668843010594,0.26622242315533706,0.0,0.9753865334565588,0.794092764071253,47.041746419557626,46.99284459569536,0.0
8.909,0.4274791486066447,-0.19239250935843516,0.2711345891902024,0.0,0.9764885656631548,0.796599405797247,47.03116499595987,46.99284459569536,0.0
8.91,0.4313073786854562,-0.19154738639843608,0.2760420969864354,0.0,0.9776459370868078,0.79907258639111,47.02047011704722,46.99284459569536,0.0
8.911,0.4351920750487732,-0.19062430448747605,0.2811132812292428,0.0,0.9788418016468758,0.8015339069575215,47.00951183545527,46.99284459569536,0.0
8.912,0.4391217995870945,-0.18961799022321596,0.286425749627617,0.0,0.9800627480576195,0.8040089188691097,46.99832204187784,46.99284459569536,0.0
8.913,0.4431018090018792,-0.18853285786256538,0.2919658719545069,0.0,0.9812997996014188,0.8065163092123446,46.9870542983994,46.99284459569536,0.0
8.914,0.4471464526788807,-0.18737860970129855,0.2976576466666873,0.0,0.9825477690510283,0.8090622489603845,46.975903480955196,46.99284459569536,0.0
8.915000000000001,0.4512709740274726,-0.1861655024804714,0.3034024665361908,0.0,0.9838036362178029,0.8116401532055296,46.96503828907393,46.99284459569536,0.0
8.916,0.45548537279603213,-0.18490082393886165,0.3091131255430378,0.0,0.9850647235250454,0.8142342393838403,46.95456176181544,46.99284459569536,0.0
8.917,0.45979153818588947,-0.18358728100228608,0.31473421751108194,0.0,0.986327267781788,0.8168247049962621,46.944510655526344,46.99284459569536,0.0
8.918000000000001,0.464183534480621,-0.18222322451648193,0.32024311005732076,0.0,0.9875856933900254,0.819392087795,46.93488678810767,46.99284459569536,0.0
8.919,0.4686498382505609,-0.18080401546753286,0.3256346218425352,0.0,0.9888325422867866,0.8219191787938527,46.92569113292811,46.99284459569536,0.0
8.92,0.47317590971677415,-0.1793235934936713,0.33090398405998794,0.0,0.9900587610671218,0.8243907554849798,46.916934526685154,46.99284459569536,0.0
8.921,0.47774602652355264,-0.17777560346947768,0.33604138787156723,0.0,0.9912540409556134,0.8267927650480433,46.90865866528366,46.99284459569536,0.0
8.922,0.4823442898875313,-0.17615403672103377,0.341021177876431,0.0,0.9924071013694752,0.8291103967040991,46.90099983205785,46.99284459569536,0.0
8.923,0.4869544867369146,-0.17445329534240392,0.3457690421257117,0.0,0.9935057530233918,0.8313228993835154,46.89415433733581,46.99284459569536,0.0
8.924,0.4915577895133084,-0.17266696153278643,0.35017869207032515,0.0,0.9945363004745866,0.833401338474887,46.88838965959872,46.99284459569536,0.0
8.925,0.4961301302896346,-0.17078641863056518,0.35410558029983685,0.0,0.9954826407086509,0.8353059251504088,46.884114025932604,46.99284459569536,0.0
8.926,0.5006391826307445,-0.1687993550453021,0.35733070283052365,0.0,0.9963250340215045,0.8369799094281066,46.88208510581071,46.99284459569536,0.0
8.927,0.505039478027038,-0.16668771437960234,0.3594527577903173,0.0,0.9970381765934679,0.8383329674594096,46.883891915251525,46.99284459569536,0.0
8.928,0.5092608914739032,-0.16442429481061527,0.35963887987434817,0.0,0.9975874509654334,0.8392009342992311,46.89240020700328,46.99284459569536,0.0
8.929,0.5131778468598538,-0.16197041976471968,0.35638917788539276,0.0,0.9979213025248267,0.8392890524946565,46.903713196825855,46.99284459569536,0.0
8.93,0.5165402156377453,-0.15929959312639147,0.3516239969627989,0.0,0.9979613285680655,0.8385793801331738,46.87115619311454,46.99284459569536,0.0
8.931000000000001,0.5191524521317101,-0.15641846382571636,0.3691193828442661,0.0,0.9976361688141409,0.8396630995417933,46.7842818317729,46.99284459569536,0.0
8.932,0.5221114919502776,-0.15373848964732115,0.4146421911543085,0.0,0.9971859111098542,0.8451391140743459,46.6940324957838,46.99284459569536,0.0
8.933,0.5273174041826847,-0.15216727271929634,0.46275498014797395,0.0,0.9971822465089528,0.8543166201420382,46.66326471321444,46.99284459569536,0.0
8.934000000000001,0.5358387672270228,-0.15214298341925214,0.48143467025746467,0.0,0.9981097393211862,0.8632643563524253,46.537648406603786,46.99284459569536,0.0
8.935,0.5467210232800384,-0.15300784553268823,0.5487947854537066,0.0,0.9999346341987132,0.8775210494581007,46.502403912168774,46.99284459569536,0.0
8.936,0.5613267366991497,-0.1559683312849271,0.5713214395064787,0.0,1.0033197137106673,0.8908410876192314,46.57700346267482,46.99284459569536,0.0
8.937,0.5782073788491247,-0.1599001862547202,0.5381800755836623,0.0,1.0081011882766933,0.8975859998411007,46.71579672490705,46.99284459569536,0.0
8.938,0.5937234006477025,-0.16285530419708175,0.47155392317542855,0.0,1.013364751032266,0.8955991491953645,46.85804618903998,46.99284459569536,0.0
8.939,0.6042884434686339,-0.16300417081487917,0.40177717517551687,0.0,1.0178900965962416,0.8863211646415345,46.94766903690963,46.99284459569536,0.0
8.94,0.6080100383331235,-0.15943059346494545,0.3574175068285499,0.0,1.020640526973766,0.8739379920544332,46.930756187162714,46.99284459569536,0.0
8.941,0.6053518712344845,-0.15271224612623158,0.36649481578733434,0.0,1.0211743146210688,0.8648398947622258,46.763998263812574,46.99284459569536,0.0
8.942,0.5997054918092818,-0.14455046207515823,0.4521622407812321,0.0,1.0199143010021894,0.8666321496894962,46.507764202734045,46.99284459569536,0.0
8.943,0.596924516103978,-0.13790620929283162,0.5851300752501102,0.0,1.0183102642723803,0.8821384088371205,46.29697217743096,46.99284459569536,0.0
8.944,0.6024383820365685,-0.13555560890185206,0.6974848120842969,0.0,1.0182251336151298,0.906328646094435,46.145885567443926,46.99284459569536,0.0
8.945,0.617987699289554,-0.13806995200736807,0.7814977073603276,0.0,1.020867623494852,0.9345539314338125,46.24718631907864,46.99284459569536,0.0
8.946,0.6425760412322326,-0.14475033806701762,0.7383039143091398,0.0,1.0267780919560467,0.9520802665976686,46.58324461617248,46.99284459569536,0.0
8.947000000000001,0.6687508636635063,-0.15193406473900148,0.5743707655574475,0.0,1.0345735531608287,0.9482109596110706,47.02050984849233,46.99284459569536,0.0
8.948,0.6862756868017126,-0.154735631744873,0.3554614968695516,0.0,1.041438872650399,0.9214014590545694,47.260717911806886,46.99284459569536,0.0
8.949,0.6871605537952257,-0.14938638447332028,0.23267873205115908,0.0,1.0443202772654328,0.8867203419216265,47.012671052266725,46.99284459569536,0.0
8.950000000000001,0.672557715563161,-0.13652818257865376,0.3565038972555256,0.0,1.0420845199699706,0.8722592336596078,46.44453257321003,46.99284459569536,0.0
8.951,0.6560571671752368,-0.12271632164099042,0.646056257008725,0.0,1.0372355048936566,0.8913022003554042,45.88888928951387,46.99284459569536,0.0
8.952,0.6534645415670235,-0.11567552399112843,0.9349174519186216,0.0,1.0341393188624457,0.9369553600495704,45.6241263116642,46.99284459569536,0.0
8.953,0.6731314652819407,-0.11924153173393182,1.0809861236837686,0.0,1.036380736231979,0.988723239251543,46.004566967411996,46.99284459569536,0.0
8.954,0.7116168275687177,-0.13167505293038828,0.9006485720927034,0.0,1.0449068270389394,1.0102039342632072,46.82464600670865,46.99284459569536,0.0
8.955,0.7497844642455855,-0.14404320757367278,0.49229103833424503,0.0,1.0559645400651656,0.983459629245293,47.50207538226678,46.99284459569536,0.0
8.956,0.7656910732188521,-0.14603130446481266,0.1484840426894639,0.0,1.0633370603985715,0.9253922812281609,47.38001711294177,46.99284459569536,0.0
8.957,0.7512855291844192,-0.13374732924918092,0.20564145217950447,0.0,1.0627944756542922,0.8853379809799551,46.50589204941598,46.99284459569536,0.0
8.958,0.7233863722870643,-0.11462431908783871,0.6475735094051924,0.0,1.0563200279940288,0.900200656300432,45.48640527659696,46.99284459569536,0.0
8.959,0.7108878743626326,-0.1021455509997719,1.1723812890056873,0.0,1.0507978582437656,0.9673349977093465,45.13330816609103,46.99284459569536,0.0
8.96,0.7333998322448287,-0.10564113919541673,1.367525208554698,0.0,1.053050641991822,1.0408201410104436,46.009101373287464,46.99284459569536,0.0
8.961,0.7837970159392671,-0.12266288260483815,0.9394660371805583,0.0,1.064264097588262,1.0528255296820248,47.23298722126486,46.99284459569536,0.0
8.962,0.8262742368756686,-0.13677280916828727,0.32512168693616716,0.0,1.0769386209801015,0.9972859157668904,47.85787805617602,46.99284459569536,0.0
8.963000000000001,0.8321977990170405,-0.13441434921410317,0.004025934875779014,0.0,1.082391200780649,0.9191638067320678,47.000037830192056,46.99284459569536,0.0
8.964,0.8015520709946314,-0.11494439509978965,0.43287411552279376,0.0,1.0773682013446266,0.9032136896764361,45.478164646022975,46.99284459569536,0.0
8.965,0.773261267426495,-0.09505886433310551,1.2089575071040581,0.0,1.069259781303451,0.9722425067625055,44.6774370089189,46.99284459569536,0.0
8.966,0.7855967626805047,-0.09248605071421362,1.63247540152386,0.0,1.0687809307845892,1.0707439220925936,45.70013515628717,46.99284459569536,0.0
8.967,0.840272777514145,-0.1097776202651688,1.1340534222338086,0.0,1.080127907637416,1.0943947074925227,47.37295518664735,46.99284459569536,0.0
8.968,0.8910083300613121,-0.12710367005556683,0.29384230114419596,0.0,1.094438215126387,1.0243419578789326,48.070429178529636,46.99284459569536,0.0
8.969,0.8959950487461933,-0.12509962358546328,-0.06567054062528843,0.0,1.0999185112954875,0.9315400290619862,46.70603262651307,46.99284459569536,0.0
8.97,0.8580937864832932,-0.10291406271492942,0.619395855074817,0.0,1.0931502137349245,0.9317377607241187,44.780102848193415,46.99284459569536,0.0
8.971,0.8324049262328441,-0.08346222317598456,1.6044881617096642,0.0,1.0851606723560532,1.0351951412417342,44.59677276471736,46.99284459569536,0.0
8.972,0.862812691595157,-0.08731886204434303,1.7201139217574732,0.0,1.088934571837739,1.126773997316253,46.468200430307775,46.99284459569536,0.0
8.973,0.9271611121915744,-0.1085397951316529,0.7896465306161405,0.0,1.1037847032296288,1.0992904384934805,48.16554508033548,46.99284459569536,0.0
8.974,0.9612067372315014,-0.11918922132378995,-0.07075279924411171,0.0,1.1153606931503144,0.987599461770532,47.37599126587799,46.99284459569536,0.0
8.975,0.9350791250814576,-0.104066034854917,0.3201926412828041,0.0,1.1128399416331392,0.9430576670554145,45.063790873055396,46.99284459569536,0.0
8.976,0.8975597602633331,-0.08052506150731492,1.495583374920502,0.0,1.103678810592622,1.0319673569634622,44.192268383047654,46.99284459569536,0.0
8.977,0.91357685699562,-0.07671089311971763,1.9593503820508498,0.0,1.1041406128578017,1.1481933539358817,46.17458892485866,46.99284459569536,0.0
8.978,0.9791789878690369,-0.09651801283188838,0.9763726678537136,0.0,1.1183957594459204,1.1330216493758358,48.275966559747324,46.99284459569536,0.0
8.979000000000001,1.019337156035925,-0.10972403225318256,-0.08714736923113786,0.0,1.1309628118584432,1.0098738258036204,47.2868588217435,46.99284459569536,0.0
8.98,0.992035864974182,-0.0951606085329324,0.4044663575102927,0.0,1.128224339869052,0.9684149238407457,44.591075990091014,46.99284459569536,0.0
8.981,0.9557012967136757,-0.07162053649393024,1.7763754593925796,0.0,1.119170051195224,1.0805457184128944,44.25745350515275,46.99284459569536,0.0
8.982,0.9836937705070452,-0.07162981783505817,1.9705406127671359,0.0,1.1224706925139083,1.1847545627129488,46.90856530269058,46.99284459569536,0.0
8.983,1.0521121380111877,-0.092760134817654,0.6458275069282686,0.0,1.1381863961854037,1.1239663978513226,48.4053217704454,46.99284459569536,0.0
8.984,1.072701815523064,-0.09930241502310838,-0.11667549869663874,0.0,1.146760060656361,0.9986197394313923,46.793707169438676,46.99284459569536,0.0
8.985,1.0283020041331834,-0.08257122201551181,0.6911231760692887,0.0,1.140035838805339,0.9882378736090578,44.54922297433044,46.99284459569536,0.0
8.986,0.9929719592945712,-0.06510435774466516,1.8378014898370556,0.0,1.1311918094174693,1.0997207067689982,45.34092338076092,46.99284459569536,0.0
8.987,1.0196816564402311,-0.07288395996924513,1.4584704987711605,0.0,1.1354108911717926,1.1426862943848226,47.917001358832785,46.99284459569536,0.0
8.988,1.0573442684833254,-0.09112292561247254,0.16118994210385362,0.0,1.1454331137107752,1.0389938897384687,48.53732606563105,46.99284459569536,0.0
8.989,1.0350323252337492,-0.08884005401890627,-0.16441722599463549,0.0,1.1436503679994994,0.9266599047643715,46.23733541489892,46.99284459569536,0.0
8.99,0.9677540849215905,-0.06486169616623705,0.9931331911793924,0.0,1.128197707714084,0.9631451482885265,44.48618943924596,46.99284459569536,0.0
8.991,0.9375596629893734,-0.052577256554812435,1.8937727305703667,0.0,1.1168273330308947,1.0845800506024137,45.59456181685919,46.99284459569536,0.0
8.992,0.9722006806670482,-0.06895884095080318,1.3535693695521136,0.0,1.1206623047270867,1.1201932039468088,47.92265017889659,46.99284459569536,0.0
8.993,1.0128483695267383,-0.09257444928816377,0.18022713270140223,0.0,1.1301089956612493,1.024838091085199,48.58853535050532,46.99284459569536,0.0
8.994,0.9973731572231271,-0.09504988914551776,-0.16867236065106161,0.0,1.1291116485167696,0.9154263869448966,46.80199825067385,46.99284459569536,0.0
8.995000000000001,0.9361939069675231,-0.07566005021088035,0.7265046527148886,0.0,1.1151152289913238,0.925389550313036,45.006621508396506,46.99284459569536,0.0
8.996,0.8977097206168064,-0.06252446990284616,1.6440552547265477,0.0,1.1022637523106993,1.028557019475463,45.2514037752567,46.99284459569536,0.0
8.997,0.9181173422407525,-0.07444861959093485,1.5390785295008385,0.0,1.1024571824831502,1.0967699680164982,47.10726243215916,46.99284459569536,0.0
8.998,0.9640360146882325,-0.10021882505468444,0.6100050226849691,0.0,1.112168045596591,1.0521856684702036,48.567651042075084,46.99284459569536,0.0
8.999,0.9761001139923758,-0.11356673673896395,-0.13593734673679014,0.0,1.1176599606746913,0.9394000954226664,48.06162572708744,46.99284459569536,0.0
9.0,0.9322780890449238,-0.1028757530870062,0.10638749944311199,0.0,1.1100146396216695,0.8774984916989615,46.248513037717615,46.99284459569536,0.0
9.001,0.8724742413053386,-0.0824284567758331,1.0203871597078014,0.0,1.0948013975438706,0.9252794334115214,45.15986898797541,46.99284459569536,0.0
9.002,0.8518107171487361,-0.07730244363767746,1.5830389406561045,0.0,1.0855281853630219,1.021187605226542,45.74613028256861,46.99284459569536,0.0
9.003,0.8813347591241444,-0.09478555692815516,1.302375436490772,0.0,1.0887475141750942,1.0666238555154455,47.31728584530414,46.99284459569536,0.0
9.004,0.9234211932675378,-0.11972502680017391,0.5135532426269174,0.0,1.0987570456878668,1.0195403400372758,48.479516311417974,46.99284459569536,0.0
9.005,0.9316991335446607,-0.13091664620638094,-0.08242870758722531,0.0,1.1040389559375081,0.9200066275842338,48.20416497873578,46.99284459569536,0.0
9.006,0.8911617905368873,-0.12057806898890885,0.04313375492346627,0.0,1.0975901442288964,0.8552680549134035,46.820079095070966,46.99284459569536,0.0
9.007,0.8319267017696653,-0.10013779526045005,0.7369043517621185,0.0,1.0831673120861078,0.877528085700257,45.701095741780385,46.99284459569536,0.0
9.008000000000001,0.7994723536886581,-0.09039229248491129,1.3093135169465588,0.0,1.0715451636682585,0.9551247597972867,45.61067545498605,46.99284459569536,0.0
9.009,0.8119362818584412,-0.1008896726799414,1.3683453517508188,0.0,1.0700970643511056,1.0228733862399664,46.65677656785707,46.99284459569536,0.0
9.01,0.8522361558546941,-0.12480208337836438,0.8486554755936911,0.0,1.0780940289848124,1.021637788523446,47.872830300091394,46.99284459569536,0.0
9.011000000000001,0.8806433989062037,-0.14418431060261533,0.23182875243256984,0.0,1.0870606582711795,0.955949608260093,48.50896323848104,46.99284459569536,0.0
9.012,0.8703480994611278,-0.14647750520827482,-0.10139890319010858,0.0,1.0886202357369548,0.868656689434302,48.01531540091973,46.99284459569536,0.0
9.013,0.8220267243450547,-0.1312002853795559,0.13520030753830015,0.0,1.079591137446358,0.8248196082423369,46.881698185538376,46.99284459569536,0.0
9.014,0.7665963373867449,-0.111532022279165,0.7031203793305483,0.0,1.0650705041228687,0.8501826699446249,46.044202318114515,46.99284459569536,0.0
9.015,0.7381014175228945,-0.10366473221167052,1.1313547358182874,0.0,1.0538695210255364,0.9155640779555043,45.9127644239752,46.99284459569536,0.0
9.016,0.7476639890667263,-0.11362224536693646,1.2078744846051475,0.0,1.0515007763867796,0.9760852435887799,46.57484898587575,46.99284459569536,0.0
9.017,0.7826447564338113,-0.1356239358053697,0.8810121597530691,0.0,1.0577416335919008,0.9898451062783138,47.4955646237402,46.99284459569536,0.0
9.018,0.8142532877087781,-0.15638123989498057,0.4156271405403936,0.0,1.066797677890936,0.9518022087879576,48.19059045743269,46.99284459569536,0.0
9.019,0.8192141121459278,-0.1647822381220598,0.05613676507677512,0.0,1.071860364775115,0.8833495089923327,48.26937675239251,46.99284459569536,0.0
9.02,0.7905053819295936,-0.1575567434885909,0.0039782960298939685,0.0,1.0686926985993608,0.8233133885923354,47.732273688079424,46.99284459569536,0.0
9.021,0.7413906528870696,-0.1404301967396428,0.26513553726259664,0.0,1.0580265218051335,0.8033285277333428,46.943744997713814,46.99284459569536,0.0
9.022,0.6962434448667678,-0.12471497933104603,0.6598908784252169,0.0,1.0448710681569726,0.829562095988196,46.41673635485068,46.99284459569536,0.0
9.023,0.6755290125896916,-0.1203960614665546,0.9291562822652324,0.0,1.035336587908106,0.8793555185337989,46.33481268067652,46.99284459569536,0.0
9.024000000000001,0.6834568603860498,-0.13004049972902293,0.9766984385024988,0.0,1.0328389753262022,0.9246739263672835,46.6506456484391,46.99284459569536,0.0
9.025,0.7102443540753333,-0.14860955369057502,0.8222039440937707,0.0,1.0370691163389827,0.944873570384039,47.22076501660639,46.99284459569536,0.0
9.026,0.7389004726822493,-0.16794750546192827,0.5348650558010152,0.0,1.0448376918073954,0.9305296332224133,47.82653626287151,46.99284459569536,0.0
9.027000000000001,0.7526158188176958,-0.18004781058791314,0.2236425159966967,0.0,1.0515326700589478,0.8858137299394139,48.19237768572804,46.99284459569536,0.0
9.028,0.7412185858638783,-0.18004958352990752,0.028726473668103214,0.0,1.0529657521294054,0.8293012246380422,48.0798778198093,46.99284459569536,0.0
9.029,0.706137394405565,-0.16856192838184925,0.07410607438633521,0.0,1.0473406156669736,0.7892691533070211,47.64414177714558,46.99284459569536,0.0
9.03,0.6616274138083144,-0.15237581173296466,0.28546112390369305,0.0,1.036609189437786,0.7800183208537002,47.0920020684513,46.99284459569536,0.0
9.031,0.6248048149623279,-0.1397038020502014,0.560539403523272,0.0,1.0247937626875696,0.8023698753528588,46.759211347174,46.99284459569536,0.0
9.032,0.6082653711099645,-0.1370891085713269,0.729271096647135,0.0,1.016234137876443,0.838565548009809,46.716070110137146,46.99284459569536,0.0
9.033,0.6129660337297295,-0.14512579305882528,0.7536094600211451,0.0,1.013060225040537,0.8705931266331566,46.87941541799933,46.99284459569536,0.0
9.034,0.6312095148050153,-0.15984108238393194,0.673071097867012,0.0,1.0149447763314428,0.8880381763477998,47.18248375762711,46.99284459569536,0.0
9.035,0.652406865699783,-0.17581137917154044,0.5196405364338055,0.0,1.0199949572181088,0.8857059242962868,47.50005724795663,46.99284459569536,0.0
9.036,0.6663435768610106,-0.1879455807968157,0.3557816647464317,0.0,1.0254819540218612,0.8663006805485249,47.74372982690237,46.99284459569536,0.0
9.037,0.6668914022715291,-0.19315038532094145,0.22643652296149452,0.0,1.028930913251863,0.8368743902929006,47.926144348473514,46.99284459569536,0.0
9.038,0.6529150399728447,-0.1910008014835411,0.12589626464813963,0.0,1.0288038452659467,0.8025125260961796,47.90129585211212,46.99284459569536,0.0
9.039,0.6261858222906954,-0.18245413266901223,0.12923600026466864,0.0,1.024334659927726,0.7757473653435404,47.65518520232448,46.99284459569536,0.0
9.040000000000001,0.5939177448755878,-0.17104487982547362,0.24566791909219676,0.0,1.0164663259234192,0.7672681121860463,47.331622225757165,46.99284459569536,0.0
9.041,0.5662624219118141,-0.16188061536138854,0.40406163107523707,0.0,1.0076429234411801,0.777828344825594,47.10903623170772,46.99284459569536,0.0
9.042,0.5508572184521382,-0.1589627012949496,0.5141927117398364,0.0,1.000528556568452,0.7983987148571653,47.07993100086805,46.99284459569536,0.0
9.043000000000001,0.5489978880935281,-0.16314651060362373,0.5278744631079438,0.0,0.9966720615507728,0.8166547673470026,47.14923001668731,46.99284459569536,0.0
9.044,0.5560309287734589,-0.1718187061393517,0.49166110098839355,0.0,0.9959389246996883,0.8277870499608786,47.278976747851786,46.99284459569536,0.0
9.045,0.5661195899697294,-0.18200223487697503,0.4239264138845924,0.0,0.9974257960008808,0.8296046863432447,47.419645620648495,46.99284459569536,0.0
9.046,0.5739845558595648,-0.19087897258992043,0.34932396723670633,0.0,0.9998203496712388,0.8230960643213454,47.556365656606935,46.99284459569536,0.0
9.047,0.5762008300908967,-0.1966933421173295,0.2753287386483705,0.0,1.0018753990432567,0.8099191686838849,47.67265223054802,46.99284459569536,0.0
9.048,0.571177895161528,-0.19849591369736008,0.21038737532930296,0.0,1.0025473930928557,0.7924365554527031,47.680335890072094,46.99284459569536,0.0
9.049,0.55890971659002,-0.19631779681005462,0.19967063262349738,0.0,1.0011463078409726,0.7775392451787229,47.621608157675425,46.99284459569536,0.0
9.05,0.5425561821010647,-0.19193038250841332,0.2227468632020312,0.0,0.9979347656825726,0.7683133172057195,47.53681194752249,46.99284459569536,0.0
9.051,0.525924719952654,-0.18734940320897503,0.25970529476022863,0.0,0.9936617513627906,0.7651894184712283,47.448369971032065,46.99284459569536,0.0
9.052,0.5120137278554753,-0.1841593459156608,0.2993710292520728,0.0,0.9891985520922669,0.7673081491659342,47.373857384151364,46.99284459569536,0.0
9.053,0.5025879223562888,-0.1832915528527872,0.3328171948078632,0.0,0.9853299891542836,0.7729488364142747,47.33455738726337,46.99284459569536,0.0
9.054,0.4980862857978745,-0.18497345343808755,0.349050065336182,0.0,0.9826060382299446,0.7794906747129737,47.34978730416033,46.99284459569536,0.0
9.055,0.49756473199112233,-0.1887082954403564,0.3378656798030505,0.0,0.9812026798423058,0.7837256775285999,47.41023322410199,46.99284459569536,0.0
9.056000000000001,0.4988348375897409,-0.19332978851638438,0.3034688335481559,0.0,0.9808341733933337,0.7835801078372767,47.480527025184585,46.99284459569536,0.0
9.057,0.4993544656422162,-0.19744784815511862,0.26344510871196414,0.0,0.9808947322496273,0.7793091451709707,47.527707496323735,46.99284459569536,0.0
9.058,0.4973892346151476,-0.20010595107969184,0.23450624413610544,0.0,0.9807733496789764,0.772909668495444,47.54013875882649,46.99284459569536,0.0
9.059000000000001,0.4925911082601472,-0.20111748316247172,0.22281767125341845,0.0,0.9801088451976983,0.7666497884478478,47.52417986122095,46.99284459569536,0.0
9.06,0.4857619567402056,-0.2009251585014581,0.22548376740093062,0.0,0.9788535321262488,0.7620628276655795,47.49395311286538,46.99284459569536,0.0
9.061,0.47821174210048306,-0.2002470169387937,0.23558605640701735,0.0,0.9771923819584348,0.7596558545787584,47.46392040822829,46.99284459569536,0.0
9.062,0.4711450447440854,-0.19974353406779266,0.24589165060023144,0.0,0.9754080477985366,0.7590578908178366,47.44483331011497,46.99284459569536,0.0
9.063,0.46527746777779855,-0.1998080871520896,0.25091531251269394,0.0,0.9737544863465183,0.7593656033781837,47.440834084232165,46.99284459569536,0.0
9.064,0.46071673310476036,-0.20049987823972698,0.24843503056872984,0.0,0.972372503784534,0.7595971259487044,47.448580668518325,46.99284459569536,0.0
9.065,0.4570873774474858,-0.20161077879578274,0.24000437769742022,0.0,0.9712671528860896,0.7591183507851407,47.46025109220052,46.99284459569536,0.0
9.066,0.4538186754135911,-0.20282404375477017,0.2294951008912699,0.0,0.970346809701062,0.7578284677952806,47.468639886658615,46.99284459569536,0.0
9.067,0.45044131634698786,-0.20387881714959744,0.22054275075259122,0.0,0.969493404959392,0.7560346955156985,47.47040542354124,46.99284459569536,0.0
9.068,0.4467488985118156,-0.20465979004112075,0.21488437403282112,0.0,0.9686213227480499,0.7541744544233226,47.4660834766174,46.99284459569536,0.0
9.069,0.4427898292145924,-0.20519315042842917,0.2123129586855198,0.0,0.9677012845622932,0.7525853307423871,47.45830521199296,46.99284459569536,0.0
9.07,0.43875544697571167,-0.20558493206205222,0.2115474848347646,0.0,0.9667521002028439,0.751408818994164,47.44977961968727,46.99284459569536,0.0
9.071,0.4348526034364716,-0.20595036768508906,0.21124093074768935,0.0,0.9658164632067151,0.7506179427406758,47.44171186743116,46.99284459569536,0.0
9.072000000000001,0.43122144675023855,-0.20636836307619907,0.21078613415838654,0.0,0.9649376274216424,0.7501260271290637,47.43088442350026,46.99284459569536,0.0
9.073,0.42792260087949735,-0.2068768312898811,0.21181945784578748,0.0,0.9641492352035095,0.7500401945505321,47.413372276300066,46.99284459569536,0.0
9.074,0.42503990856366963,-0.20752984073224115,0.21637025463983706,0.0,0.9634978453058595,0.7506584681145452,47.38697610879334,46.99284459569536,0.0
9.075000000000001,0.42276403116643807,-0.20842147732251787,0.22562702326221978,0.0,0.9630649716848824,0.752344031503451,47.40755792056943,46.99284459569536,0.0
9.076,0.4213715460890355,-0.20971833107448468,0.21118898412543413,0.0,0.9629776793117071,0.7522674137846402,47.466014789267916,46.99284459569536,0.0
9.077,0.4198701651578446,-0.21077972445188678,0.177228847840466,0.0,0.9629952391379633,0.7487497210520712,47.48809094288577,46.99284459569536,0.0
9.078,0.41675077337998157,-0.21084761746463346,0.16123830755963542,0.0,0.962656128005965,0.7444943147935962,47.47274593312124,46.99284459569536,0.0
9.079,0.4121434011710159,-0.2099787514618216,0.1641117990676419,0.0,0.9618291331708821,0.7415821445416653,47.43782217623788,46.99284459569536,0.0
9.08,0.4070756213547729,-0.2087440174730126,0.17712390170389603,0.0,0.9606664887153735,0.7407924702640243,47.40310069613891,46.99284459569536,0.0
9.081,0.40264869831581757,-0.2077658282372897,0.19038208074894714,0.0,0.9594458878016104,0.7417300613733125,47.38126338430497,46.99284459569536,0.0
9.082,0.39948943422467087,-0.20739852593273517,0.19741654877981824,0.0,0.9584104847290082,0.7433962927928768,47.37481904459617,46.99284459569536,0.0
9.083,0.3976025061103182,-0.20764203539416531,0.19681897414521005,0.0,0.957675704169426,0.7448322523247766,47.378255637700335,46.99284459569536,0.0
9.084,0.3965511936578033,-0.20824780628154413,0.19124656717307925,0.0,0.9572221973219895,0.7455409239155731,47.3837834402422,46.99284459569536,0.0
9.085,0.3957825324674352,-0.20890521674726023,0.1845732774566794,0.0,0.9569511657607311,0.7455290794698787,47.385901201749014,46.99284459569536,0.0
9.086,0.39488922706114,-0.2093864878567087,0.17958383064273442,0.0,0.9567524186284112,0.7450997870430467,47.38260956777838,46.99284459569536,0.0
9.087,0.39370961763841644,-0.20960030260973317,0.17733199790722087,0.0,0.9565493238783781,0.7446165659953357,47.37466396629446,46.99284459569536,0.0
9.088000000000001,0.39229258286212754,-0.20957256614021963,0.17748660494318885,0.0,0.9563130273394008,0.7443449604098689,47.36418555768478,46.99284459569536,0.0
9.089,0.39079801062473724,-0.20939166016100885,0.17901239962813748,0.0,0.9560535776027564,0.7443934096723853,47.35329368049611,46.99284459569536,0.0
9.09,0.3893956853699977,-0.20915196488081275,0.18085384737446464,0.0,0.9558003603449987,0.74473768039588,47.34324188421709,46.99284459569536,0.0
9.091,0.38820141974978944,-0.20891780189806392,0.18237577262875476,0.0,0.955583530910066,0.7452885455874332,47.33424510495243,46.99284459569536,0.0
9.092,0.3872605700649487,-0.20871403348554368,0.18346015716851566,0.0,0.9554233980422314,0.745958255172299,47.32581156049675,46.99284459569536,0.0
9.093,0.3865662583735297,-0.2085361978058361,0.18434725974834026,0.0,0.9553287251790248,0.7466986837394858,47.31719370721267,46.99284459569536,0.0
9.094,0.38609055441851925,-0.20836776331055298,0.18541269527521032,0.0,0.9553008130211734,0.7475093133639279,47.307643896824665,46.99284459569536,0.0
9.095,0.3858114762941802,-0.2081948423749009,0.18703960745791814,0.0,0.9553394180835824,0.7484303363490964,47.29634241589687,46.99284459569536,0.0
9.096,0.38572985834326556,-0.20801506438134104,0.18965536971979874,0.0,0.9554482185683324,0.7495407694623262,47.281896571168744,46.99284459569536,0.0
9.097,0.3858805437708121,-0.20784306117004822,0.19398777232912967,0.0,0.9556400597426238,0.7509840544005766,47.26096731687982,46.99284459569536,0.0
9.098,0.3863506862163067,-0.20772032291106154,0.20177117226174657,0.0,0.9559452641169354,0.7530648361141966,47.22501400377837,46.99284459569536,0.0
9.099,0.3873304217798971,-0.20775002453509478,0.21742613473164224,0.0,0.9564325207864111,0.7565092024787079,47.17298577837196,46.99284459569536,0.0
9.1,0.3892173506915666,-0.20825446992699329,0.2416388356080812,0.0,0.9572706804022592,0.7619669405207773,47.14972420598915,46.99284459569536,0.0
9.101,0.39252956770354935,-0.20966881667879944,0.25170082569654706,0.0,0.9587213315495088,0.7674819380389902,47.16846153061131,46.99284459569536,0.0
9.102,0.3968697534057665,-0.21166038369598536,0.24057599403630842,0.0,0.9607833462382276,0.7708218512794718,47.21164903645351,46.99284459569536,0.0
9.103,0.40098411819422486,-0.21341070821475205,0.2167941967076279,0.0,0.963145770809015,0.7711200470055162,47.2544629693361,46.99284459569536,0.0
9.104000000000001,0.40358572021784095,-0.21413102685910512,0.19277104652992305,0.0,0.9653635043010189,0.768974904495061,47.277189995413465,46.99284459569536,0.0
9.105,0.40401943874550683,-0.21343113609268577,0.1785640794940609,0.0,0.9670607590220275,0.7659218216948769,47.272233369885086,46.99284459569536,0.0
9.106,0.4025078204756056,-0.2114516032278414,0.17824850451635327,0.0,0.968072230283448,0.7636217442645885,47.24579897138191,46.99284459569536,0.0
9.107,0.39996587665249234,-0.20874520912700273,0.18893616001107638,0.0,0.9684746386532539,0.7630961171955111,47.21329158660639,46.99284459569536,0.0
9.108,0.3975267757955202,-0.20598554421184795,0.20298538248972642,0.0,0.9685077442795129,0.7643447132440624,47.18717529099561,46.99284459569536,0.0
9.109,0.3960253223359986,-0.20365924373751032,0.21410022334211232,0.0,0.9684341025449756,0.7666946693913379,47.1709518099099,46.99284459569536,0.0
9.11,0.39576897452165344,-0.20194136931627946,0.22043089174282188,0.0,0.9684371174170275,0.7694006745909692,47.16237485962054,46.99284459569536,0.0
9.111,0.39663762290573834,-0.2007600891872785,0.22302406424824994,0.0,0.9685976692518596,0.7719602082490394,47.15730255785578,46.99284459569536,0.0
9.112,0.39830332023549,-0.19992497827745262,0.2239156355090271,0.0,0.9689180698702244,0.7741774446159855,47.151984304093396,46.99284459569536,0.0
9.113,0.4004245825770074,-0.19923889737324255,0.22498336530623803,0.0,0.9693610362730827,0.7760968500888894,47.14416036531564,46.99284459569536,0.0
9.114,0.4027612345374104,-0.19856367245073703,0.2273821769989124,0.0,0.9698842326505119,0.7778859845507815,47.133247192393036,46.99284459569536,0.0
9.115,0.40520635838853,-0.19783783171605207,0.23143473749323884,0.0,0.9704609326047973,0.7797247216376574,47.11990229697811,46.99284459569536,0.0
9.116,0.4077591951573783,-0.19706055095090708,0.23683660818787355,0.0,0.9710855937955226,0.7817345743766789,47.10535300415607,46.99284459569536,0.0
9.117,0.41047230753354513,-0.19626133059873885,0.242986170514286,0.0,0.9717686327099904,0.7839554271161397,47.09080730152355,46.99284459569536,0.0
9.118,0.41340136690290347,-0.19547157059093542,0.24927939477226646,0.0,0.972526571609621,0.7863581921113474,47.07709510560905,46.99284459569536,0.0
9.119,0.41657356800090983,-0.1947067747450804,0.25529298763037983,0.0,0.973372763175843,0.7888753859417226,47.06454547848484,46.99284459569536,0.0
9.120000000000001,0.41997823250307054,-0.19396119215669866,0.2608507923645893,0.0,0.9743116888422172,0.7914339110536069,47.05304838901209,46.99284459569536,0.0
9.121,0.4235748441241285,-0.1932122764607144,0.2659972991677959,0.0,0.9753376495524677,0.7939794332886563,47.04222770517854,46.99284459569536,0.0
9.122,0.4273100264298955,-0.19243028775649107,0.27091380998973935,0.0,0.9764370368146932,0.7964874465561833,47.03164388554893,46.99284459569536,0.0
9.123,0.43113495895711806,-0.19158823291895305,0.2758177269060082,0.0,0.9775924805323621,0.7989614722208139,47.02095672382494,46.99284459569536,0.0
9.124,0.43501721834522694,-0.19066866004364405,0.280880186486709,0.0,0.9787870499768188,0.8014226718680427,47.01000873665692,46.99284459569536,0.0
9.125,0.4389446109452904,-0.18966585731651475,0.28618253866110166,0.0,0.9800071698703214,0.8038966520462447,46.99882546656261,46.99284459569536,0.0
9.126,0.44292186484907087,-0.1885839318308961,0.29171436499958614,0.0,0.9812436920161471,0.806402499568051,46.98755698104429,46.99284459569536,0.0
9.127,0.4469631265823431,-0.18743246691988102,0.2974014839052541,0.0,0.9824913048142152,0.8089469131168757,46.976397708302386,46.99284459569536,0.0
9.128,0.45108373488995934,-0.18622177207227414,0.3031455891501372,0.0,0.9837469359032328,0.8115237726820002,46.965518130063266,46.99284459569536,0.0
9.129,0.4552939746577176,-0.18495929594626112,0.308858642926018,0.0,0.9850079244144755,0.8141175839710347,46.95502412693152,46.99284459569536,0.0
9.13,0.4595960777275031,-0.18364793732015022,0.3144838491795298,0.0,0.9862705705158852,0.8167086261924186,46.94495445998309,46.99284459569536,0.0
9.131,0.46398439764288235,-0.18228620514950977,0.31999758401086864,0.0,0.9875293792767832,0.8192773934107234,46.93531172234835,46.99284459569536,0.0
9.132,0.4684476015337435,-0.18086955798290721,0.3253942815617062,0.0,0.988776970016802,0.8218065949367254,46.92609627986164,46.99284459569536,0.0
9.133000000000001,0.4729712479312315,-0.17939197584231686,0.33066948596340007,0.0,0.9900043542716201,0.8242809718279921,46.91731970896047,46.99284459569536,0.0
9.134,0.4775396617893808,-0.17784711319722155,0.33581302028133353,0.0,0.9912012787205284,0.8266863971261477,46.90901918594953,46.99284459569536,0.0
9.135,0.48213694062013096,-0.17622893491186686,0.3408015358842607,0.0,0.9923565022694233,0.8290082571797206,46.901328369760115,46.99284459569536,0.0
9.136000000000001,0.4867469454683108,-0.17453185736683285,0.3455621062383215,0.0,0.993457892721686,0.8312261034207511,46.894440922523906,46.99284459569536,0.0
9.137,0.4913510248619795,-0.1727495304998532,0.3499898665881409,0.0,0.994491843572908,0.8333114033330221,46.88862020092357,46.99284459569536,0.0
9.138,0.49592540224598547,-0.1708734645432392,0.3539424713360272,0.0,0.9954423853436771,0.8352249365396534,46.88426489620325,46.99284459569536,0.0
9.139,0.5004381966727303,-0.16889154686407895,0.3572059206911085,0.0,0.9962899759728912,0.8369109603711771,46.882108891605974,46.99284459569536,0.0
9.14,0.5048446961950207,-0.16678603767911404,0.35939128003063975,0.0,0.9970096230887814,0.8382813089130824,46.88368846377187,46.99284459569536,0.0
9.141,0.5090763339234711,-0.16453023732964828,0.35969305526692735,0.0,0.9975672574006818,0.8391765138400765,46.89183488930132,46.99284459569536,0.0
9.142,0.5130112320183177,-0.16208586430813793,0.356629939566141,0.0,0.9979123257452198,0.8393074788129629,46.90364518974202,46.99284459569536,0.0
9.143,0.5164063801233205,-0.15942449468215789,0.35161678340532415,0.0,0.9979676768239503,0.8386049207917308,46.87403805730329,46.99284459569536,0.0
9.144,0.5190424957008419,-0.15655082425266684,0.36760841500861197,0.0,0.9976577469417001,0.8395313434859876,46.78877671489566,46.99284459569536,0.0
9.145,0.5219454819213553,-0.15384308056611887,0.4122797650204223,0.0,0.9972023372158751,0.8447950957793783,46.697288693772734,46.99284459569536,0.0
9.146,0.5270153929626631,-0.15220488772957502,0.4609793346011123,0.0,0.9971657199168176,0.8538685106722665,46.66300481055092,46.99284459569536,0.0
9.147,0.5353867417153105,-0.1521196045780521,0.4814196740634619,0.0,0.9980471066186521,0.8629222147386338,46.54513920296345,46.99284459569536,0.0
9.148,0.5462092978292309,-0.15296544871607903,0.5448295317845188,0.0,0.9998396207436386,0.8768226003382361,46.50042319428055,46.99284459569536,0.0
9.149000000000001,0.5606255558457345,-0.15583000311652478,0.5721117501401155,0.0,1.003149564558755,0.8904015814116053,46.56985458250016,46.99284459569536,0.0
9.15,0.577486360475701,-0.15975830452032966,0.5416259561622612,0.0,1.0078898797101112,0.897616873308898,46.70730916154202,46.99284459569536,0.0
9.151,0.5931998883865768,-0.16282243836290858,0.47575402098286557,0.0,1.0131754642447066,0.8960837325777453,46.85237719207151,46.99284459569536,0.0
9.152000000000001,0.6041102333435141,-0.16315491466129436,0.4046246797543607,0.0,1.0177851073071238,0.8870239535236718,46.94636477983353,46.99284459569536,0.0
9.153,0.6081754280865014,-0.1597616799686378,0.35809568403196784,0.0,1.0206512275787156,0.8745861525919099,46.93887946165259,46.99284459569536,0.0
9.154,0.6057426372102426,-0.15314032262343646,0.36237799446286567,0.0,1.0212925387689271,0.8649233468289241,46.77785149066971,46.99284459569536,0.0
9.155,0.5999952563467166,-0.14492184919501844,0.4450419110045616,0.0,1.020065619760144,0.8659490444627612,46.52312424952545,46.99284459569536,0.0
9.156,0.5967915193450581,-0.1380613090239314,0.5771027350383902,0.0,1.0183914877310882,0.8807444691721881,46.30167092573084,46.99284459569536,0.0
9.157,0.6016934017460013,-0.13537518411423582,0.6947411336353417,0.0,1.0181374430375245,0.9049413093789717,46.14214675197674,46.99284459569536,0.0
9.158,0.6167864673186197,-0.1376867200721036,0.7830101989495781,0.0,1.0206096170384584,0.933615055905339,46.23500807845152,46.99284459569536,0.0
9.159,0.6412561966398216,-0.14432862727457993,0.7441579008846253,0.0,1.026409442724629,0.95197146216927,46.56506748508487,46.99284459569536,0.0
9.16,0.6677287211813024,-0.15167736696215176,0.5834059686740571,0.0,1.0342068687621842,0.9491107404065606,47.00754729636917,46.99284459569536,0.0
9.161,0.6859297965575647,-0.15482199506613045,0.3620190360251687,0.0,1.0412109017142748,0.9228333971086318,47.26203603157663,46.99284459569536,0.0
9.162,0.6875455148490215,-0.14983190839907704,0.23208275406262624,0.0,1.0443064412269476,0.8878093514880165,47.034478592343504,46.99284459569536,0.0
9.163,0.6733075209254034,-0.13715699551390634,0.3454451337127066,0.0,1.0422456826755933,0.8719488254763768,46.46975954660639,46.99284459569536,0.0
9.164,0.6564339867714037,-0.12316478069571415,0.6330355070721532,0.0,1.0373925528770607,0.8896833023015076,45.90462929926195,46.99284459569536,0.0
9.165000000000001,0.6529816857978898,-0.11569123907544807,0.9264827837087082,0.0,1.0341160163108478,0.9347733329262458,45.621679879560524,46.99284459569536,0.0
9.166,0.6717574363351615,-0.11884639615224118,1.0816691407207686,0.0,1.0360979391583796,0.9870628777680146,45.97824706887061,46.99284459569536,0.0
9.167,0.7098440648813906,-0.13109532623803594,0.9135315213339741,0.0,1.0444264549440048,1.0102728870729794,46.787285764587565,46.99284459569536,0.0
9.168000000000001,0.748522503512578,-0.1436917320114778,0.5110677617865734,0.0,1.055506235415784,0.9855313477056953,47.48571301337818,46.99284459569536,0.0
9.169,0.7656937360402116,-0.14629990283193886,0.15692545321443757,0.0,1.063164818636174,0.927938872783129,47.403820461678144,46.99284459569536,0.0
9.17,0.7524231236212371,-0.13455252032216736,0.193761970404628,0.0,1.0629800022579885,0.8860964233428645,46.55092205764097,46.99284459569536,0.0
9.171,0.7245217259423936,-0.11544442067804414,0.6246303978037603,0.0,1.0566450054378393,0.8983833466712934,45.52209794258927,46.99284459569536,0.0
9.172,0.7108396968709074,-0.10242956045574209,1.1537499218606704,0.0,1.050931647004536,0.963928550578208,45.12294778314107,46.99284459569536,0.0
9.173,0.731768357634211,-0.1051970654845702,1.3720239697103118,0.0,1.0527787189606488,1.0386278752993148,45.9596086862115,46.99284459569536,0.0
9.174,0.7815919565171894,-0.12190835526247312,0.9640258772699349,0.0,1.0637215830185411,1.0537081348274886,47.187291942989454,46.99284459569536,0.0
9.175,0.82506751544916,-0.1364219520324631,0.3482397754080186,0.0,1.0765075693703827,1.0004340890345413,47.86333400285425,46.99284459569536,0.0
9.176,0.8327411991582652,-0.13485088626058178,0.0015138514040305417,0.0,1.0823695993051377,0.9213747062155708,47.06000373602607,46.99284459569536,0.0
9.177,0.8029047465670629,-0.11582182856820616,0.4025073934148151,0.0,1.077662002276078,0.9017427601553225,45.535670388453674,46.99284459569536,0.0
9.178,0.7735153492324622,-0.0955067687434798,1.1792458092734293,0.0,1.069417604340103,0.9679690085034268,44.71650676831773,46.99284459569536,0.0
9.179,0.7837983850018252,-0.09199957711423984,1.6115909976151783,0.0,1.0684376305515668,1.0651137508741535,45.63186273434138,46.99284459569536,0.0
9.18,0.8363879583846885,-0.10834339370541463,1.1675228332168912,0.0,1.0791030201202787,1.0935930489473034,47.27042913062577,46.99284459569536,0.0
9.181000000000001,0.8878860658499488,-0.1258813210804393,0.3454637897253925,0.0,1.0933155343847756,1.029166246942578,48.07391772376607,46.99284459569536,0.0
9.182,0.8959857477867339,-0.12524012546225022,-0.06709123812546519,0.0,1.0994182062305986,0.9350669299977015,46.79719057999616,46.99284459569536,0.0
9.183,0.8596822201326229,-0.10395754355296061,0.5732288739164821,0.0,1.093166007143512,0.9296229593963374,44.85445645162377,46.99284459569536,0.0
9.184000000000001,0.832557656630956,-0.08405798933036246,1.5659798195433947,0.0,1.0850185057596051,1.0295182355535846,44.547706941299325,46.99284459569536,0.0
9.185,0.8603378333967018,-0.0867694453699297,1.7438059512495772,0.0,1.088172537836392,1.1249155339088788,46.36021630832878,46.99284459569536,0.0
9.186,0.9245807233584213,-0.10779441399370243,0.8438775506085149,0.0,1.1028365285292483,1.1035292041206115,48.111064648247954,46.99284459569536,0.0
9.187,0.9613289559444742,-0.11953619428951312,-0.04272881987659771,0.0,1.1149768333202936,0.993820612948656,47.46710549823487,46.99284459569536,0.0
9.188,0.938009503017541,-0.10569572024645918,0.274508146104548,0.0,1.1132923785673454,0.9429916634836013,45.1838459602287,46.99284459569536,0.0
9.189,0.8996893781633386,-0.08173132851344495,1.4342279014622998,0.0,1.1041957959929856,1.0254559861239918,44.22097081294268,46.99284459569536,0.0
9.19,0.9120118609974128,-0.07653529991494046,1.9433842129328367,0.0,1.103923384711595,1.1414355405907977,46.0541398166518,46.99284459569536,0.0
9.191,0.9749270904616014,-0.0950686792006023,1.0361867588687141,0.0,1.1173668020124319,1.134109165008305,48.15228643859207,46.99284459569536,0.0
9.192,1.0168090545785906,-0.10878862850457233,-0.02448097053038978,0.0,1.130057100655516,1.0172804292626594,47.352953043047854,46.99284459569536,0.0
9.193,0.9936061974551627,-0.09599713282784306,0.3715846427681937,0.0,1.1282512318422475,0.9705486256374679,44.74133817120255,46.99284459569536,0.0
9.194,0.9577013327209267,-0.07297017755215734,1.6999071429357742,0.0,1.1195477194242287,1.0741817409284489,44.24542741035197,46.99284459569536,0.0
9.195,0.9821131984086593,-0.07162932549431311,1.9753366952144968,0.0,1.1221606456035034,1.1805508653245205,46.76553766368069,46.99284459569536,0.0
9.196,1.0490717330364723,-0.09187121530609454,0.7175546378702851,0.0,1.1373892080043322,1.1283127279160796,48.31327172320255,46.99284459569536,0.0
9.197000000000001,1.072589325248081,-0.09932867548555474,-0.0695166631657157,0.0,1.1464890021458574,1.0069038881510495,46.87378846593496,46.99284459569536,0.0
9.198,1.0320749786244676,-0.08413967961196905,0.651415526765683,0.0,1.1407925687488372,0.9904109197302018,44.69050043918837,46.99284459569536,0.0
9.199,0.9966013326685419,-0.06682918882396466,1.766082981704047,0.0,1.1322642178214903,1.0938986605445586,45.32771562757427,46.99284459569536,0.0
9.200000000000001,1.019559473579396,-0.0729963066532322,1.464126677192307,0.0,1.1357889639374128,1.1389427921793167,47.784439203827226,46.99284459569536,0.0
9.201,1.055465838016874,-0.0903453762496112,0.22784894298451097,0.0,1.1453123750825283,1.0431438788654372,48.45793289615232,46.99284459569536,0.0
9.202,1.035644709703541,-0.08870912289819283,-0.12354878618260645,0.0,1.1439500752171243,0.9341256128899941,46.33319925866855,46.99284459569536,0.0
9.203,0.9715763136395814,-0.06609549212228766,0.9454144859295475,0.0,1.129351041888881,0.9638221930334647,44.613623529395,46.99284459569536,0.0
9.204,0.9404769415377001,-0.05365448347577145,1.8289945612293264,0.0,1.1180391952644513,1.0783736343621857,45.59088516233473,46.99284459569536,0.0
9.205,0.9713343088229184,-0.06842415594626777,1.354383339093068,0.0,1.1210627514935565,1.1155904075852126,47.81522324559897,46.99284459569536,0.0
9.206,1.0100744636493109,-0.09096652958291246,0.23399051096191026,0.0,1.12983759379738,1.0269379168777313,48.519873853247404,46.99284459569536,0.0
9.207,0.9963152396937798,-0.09401580475713656,-0.13360508543782612,0.0,1.128979699332871,0.9206974883320933,46.849233916694885,46.99284459569536,0.0
9.208,0.9377976105425199,-0.07585397634298119,0.7031509896284378,0.0,1.1155552575829493,0.9270137843829381,45.09221011687078,46.99284459569536,0.0
9.209,0.8995334330975157,-0.06300982746533534,1.6006692343287356,0.0,1.1028736515207054,1.0253393360475143,45.2692798069361,46.99284459569536,0.0
9.21,0.9178979796857241,-0.07413014992855987,1.52937003718367,0.0,1.1026444381908747,1.0933433359072955,47.0519951118717,46.99284459569536,0.0
9.211,0.962288508155887,-0.09916626961190256,0.6374208795541068,0.0,1.11188131612054,1.052423286414478,48.49716478352066,46.99284459569536,0.0
9.212,0.974956831120627,-0.11269442724179535,-0.10020715814862724,0.0,1.1173402374504127,0.943349726851484,48.054610933168945,46.99284459569536,0.0
9.213000000000001,0.9332858564811045,-0.10292759188121092,0.11045210365249414,0.0,1.1101362772250347,0.8809887049929221,46.30156589051391,46.99284459569536,0.0
9.214,0.8748030382545551,-0.08314885017356982,0.9938874120318244,0.0,1.0953386176021043,0.9252310808599191,45.21050695550399,46.99284459569536,0.0
9.215,0.8534542823257611,-0.07780628310003884,1.557240255938701,0.0,1.086055066567154,1.018467447893788,45.746142132606444,46.99284459569536,0.0
9.216000000000001,0.8812615706186026,-0.09452553106975958,1.301889692018362,0.0,1.0889160502864907,1.0644574433789686,47.27889237886066,46.99284459569536,0.0
9.217,0.9223693799581117,-0.11897080706551832,0.5326540910596004,0.0,1.0986117230622479,1.0198283410768871,48.435583514613626,46.99284459569536,0.0
9.218,0.9310728250879534,-0.1303080876512015,-0.06011886600606453,0.0,1.103877566434689,0.9225727461440665,48.19662181727726,46.99284459569536,0.0
9.219,0.8918967405387601,-0.12056944907469291,0.04732421044629853,0.0,1.0977066429273308,0.8577121667738978,46.84741798758748,46.99284459569536,0.0
9.22,0.8335818876046448,-0.10058702091657407,0.7233803913722697,0.0,1.0835660731220635,0.8780351751046047,45.7332082144936,46.99284459569536,0.0
9.221,0.8008972255519184,-0.09078056800413942,1.2930816417312252,0.0,1.0719929755916073,0.9538305656483981,45.622483900155906,46.99284459569536,0.0
9.222,0.812362352010749,-0.10083705463781978,1.362147405855467,0.0,1.070361004927405,1.021201318403845,46.6418891406795,46.99284459569536,0.0
9.223,0.8517699833612301,-0.12431736176745328,0.8559543401438274,0.0,1.0781115755230908,1.0210797157638394,47.84685514879545,46.99284459569536,0.0
9.224,0.8800502023366069,-0.14360623699600417,0.24493123055485344,0.0,1.0869619019990517,0.9568779712759456,48.494004393936095,46.99284459569536,0.0
9.225,0.8703507878173447,-0.1461593074232011,-0.09365498999787703,0.0,1.0885949703733333,0.8701969185063992,48.01900623656665,46.99284459569536,0.0
9.226,0.8227429137128991,-0.13122925356167225,0.1335824722781307,0.0,1.0797287900041919,0.8258691329134208,46.896214530041505,46.99284459569536,0.0
9.227,0.7676046964786856,-0.11172446660994889,0.6959446261972437,0.0,1.0653202230865924,0.8502640953058869,46.056534346696886,46.99284459569536,0.0
9.228,0.7388766473352789,-0.10376679876234285,1.125147820359538,0.0,1.0541117135062799,0.9149761378194403,45.91627112066398,46.99284459569536,0.0
9.229000000000001,0.7479609983156361,-0.11350573822173726,1.2060451681263054,0.0,1.0516461191543636,0.9754162423370549,46.56743248976203,46.99284459569536,0.0
9.23,0.7825596273353721,-0.13532056325155645,0.8847186046366146,0.0,1.0577733360480868,0.9896958758238162,47.48457533494744,46.99284459569536,0.0
9.231,0.8141310360815612,-0.1560544640349643,0.42122987465138517,0.0,1.0667783754369904,0.9522629043159113,48.18154915428044,46.99284459569536,0.0
9.232,0.8193492374554925,-0.1645750565230143,0.06085591939903645,0.0,1.071869539902064,0.8842091980561108,48.2686338600681,46.99284459569536,0.0
9.233,0.791013005950524,-0.1575301461055567,0.004555673861478926,0.0,1.06878607122385,0.8240498588914756,47.736770968647946,46.99284459569536,0.0
9.234,0.7421122654078922,-0.14051468621047225,0.26304785584202994,0.0,1.058193764012709,0.8036909683933586,46.94970082114441,46.99284459569536,0.0
9.235,0.696946176964208,-0.12480018174394852,0.6570143673393067,0.0,1.0450663575805037,0.8295393929922128,46.419830440027575,46.99284459569536,0.0
9.236,0.6760397462051126,-0.1203919579631687,0.9276796994544029,0.0,1.0355087746801832,0.879171802404713,46.33473512097414,46.99284459569536,0.0
9.237,0.683752511694559,-0.12993124231240988,0.9768084537283336,0.0,1.0329635945273699,0.9245252537234825,46.64766977651779,46.99284459569536,0.0
9.238,0.7103994295010059,-0.14843038974594225,0.8237928741482844,0.0,1.0371477908959106,0.944911807294734,47.21693301203251,46.99284459569536,0.0
9.239,0.7390407373325025,-0.16775962833600655,0.5369203722275502,0.0,1.0448934477552942,0.9307682310468339,47.823340810943556,46.99284459569536,0.0
9.24,0.7528398750920332,-0.17990044154243617,0.22541151061954667,0.0,1.0515923783707561,0.886184836276756,48.19101166547306,46.99284459569536,0.0
9.241,0.741566025977886,-0.1799649581149722,0.029594412657016234,0.0,1.0530487651385785,0.8296829966655854,48.08057201532415,46.99284459569536,0.0
9.242,0.7065796614492259,-0.16852928558438712,0.0739369635351842,0.0,1.047450760124412,0.7895485928755489,47.64565523682043,46.99284459569536,0.0
9.243,0.6620912267297618,-0.15236036870607567,0.2848672463757933,0.0,1.03673489110135,0.7801705987406391,47.09310254593082,46.99284459569536,0.0
9.244,0.6252252064015684,-0.13967260884816715,0.560141012318245,0.0,1.0249188451515163,0.8024400064310838,46.759167990931694,46.99284459569536,0.0
9.245000000000001,0.6086163547141568,-0.13702634682153103,0.7294450558654442,0.0,1.0163471333413596,0.8386298893706017,46.71514569762986,46.99284459569536,0.0
9.246,0.6132639881849249,-0.1450374290924185,0.7542331914970173,0.0,1.0131592626762351,0.870699939120495,46.87809651989709,46.99284459569536,0.0
9.247,0.6314886293478976,-0.1597438909486738,0.6739052611213828,0.0,1.0150347840340905,0.8882020089380313,47.18144550183544,46.99284459569536,0.0
9.248,0.6526993048566458,-0.17572110343446623,0.5203447610908075,0.0,1.0200833889927894,0.8859021203156603,47.49972786430428,46.99284459569536,0.0
9.249,0.6666613344954437,-0.1878690263839026,0.35613474717029703,0.0,1.0255736439929608,0.8664858680152654,47.74428467975875,46.99284459569536,0.0
9.25,0.6672230539919518,-0.19308328651520465,0.22634193860243013,0.0,1.0290253376480247,0.837002988793439,47.926598431066544,46.99284459569536,0.0
9.251,0.6532309877683753,-0.190930568093431,0.12584752459482074,0.0,1.0288946323876915,0.802601853883702,47.90115487666457,46.99284459569536,0.0
9.252,0.6264728109916302,-0.182374173346084,0.12948619898611569,0.0,1.0244172079244276,0.7758364390452297,47.654651806160835,46.99284459569536,0.0
9.253,0.5941835284197732,-0.1709598038783997,0.24611966213332837,0.0,1.0165409677296713,0.767377356761696,47.33072616637093,46.99284459569536,0.0
9.254,0.5665226008975737,-0.16179762761779057,0.40470366632152555,0.0,1.0077127476320464,0.7779742737179925,47.10807232541889,46.99284459569536,0.0
9.255,0.5511307676396344,-0.15889051819643019,0.514878309500311,0.0,1.0005988809660704,0.7985785400598329,47.07896475276823,46.99284459569536,0.0
9.256,0.549297170693475,-0.16309069837467802,0.5285708942549119,0.0,0.9967479185146969,0.8168632083236077,47.148685564499445,46.99284459569536,0.0
9.257,0.5563618893013093,-0.17178214219357338,0.4921520787012631,0.0,0.9960245761531344,0.8279958629410973,47.27864134122298,46.99284459569536,0.0
9.258000000000001,0.5664737362119876,-0.18197953516227716,0.4243162228842199,0.0,0.997521632277845,0.8298035059022467,47.41954584027979,46.99284459569536,0.0
9.259,0.5743504169738783,-0.19086367370049323,0.34959696090997094,0.0,0.999925028395717,0.8232740135060547,47.556270774454894,46.99284459569536,0.0
9.26,0.5765642720659178,-0.19667917749585725,0.27560023203482253,0.0,1.0019859996942897,0.8100806051522393,47.673267372304394,46.99284459569536,0.0
9.261000000000001,0.57153008917709,-0.19847993408160444,0.21029770534398218,0.0,1.002661461214103,0.7925452227851135,47.681134155972345,46.99284459569536,0.0
9.262,0.55922913699495,-0.19628824220610033,0.19948141790723728,0.0,1.001256744673059,0.7775969213666949,47.622300229733106,46.99284459569536,0.0
9.263,0.5428280174537272,-0.1918800798846175,0.22260382468647888,0.0,0.9980346887076691,0.768335719683811,47.53733985379483,46.99284459569536,0.0
9.264,0.5261460016534351,-0.18727712393816057,0.2596390600746208,0.0,0.9937464746396348,0.7651920949401999,47.44867624561897,46.99284459569536,0.0
9.265,0.5121901899161765,-0.18406820596340884,0.2994125476633165,0.0,0.9892657680862845,0.7673070616781168,47.37377926483865,46.99284459569536,0.0
9.266,0.5027317342030945,-0.18318787759400987,0.3330516913620417,0.0,0.9853798819211749,0.7729659040289465,47.33388408076275,46.99284459569536,0.0
9.267,0.49821671703211634,-0.184867066402128,0.34958888854931913,0.0,0.982641982660246,0.7795550411134722,47.34864304791709,46.99284459569536,0.0
9.268,0.4977089171533372,-0.1886131786017589,0.33865142044993035,0.0,0.981232067487741,0.7838536889156028,47.409145148719475,46.99284459569536,0.0
9.269,0.4990191805925828,-0.1932602091777175,0.3042373645184986,0.0,0.9808667208540582,0.7837561019717014,47.47997057638308,46.99284459569536,0.0
9.27,0.4995903602313782,-0.19741022463346827,0.26395339087981795,0.0,0.980938181583727,0.7794949153920064,47.52781083480026,46.99284459569536,0.0
9.271,0.49766715729509153,-0.20009505749553552,0.234683599280178,0.0,0.9808302090427289,0.7730674203230533,47.54067899430764,46.99284459569536,0.0
9.272,0.49288648431500404,-0.20111988908154108,0.22277117554036663,0.0,0.9801761673947756,0.76676085080996,47.524859873186045,46.99284459569536,0.0
9.273,0.4860480098406129,-0.20092634497190437,0.2253605833262573,0.0,0.9789253347923883,0.7621279186396089,47.49451445695845,46.99284459569536,0.0
9.274000000000001,0.4784692031221952,-0.20023654749743203,0.23551659282742482,0.0,0.9772623499521087,0.7596897473876055,47.46420618839077,46.99284459569536,0.0
9.275,0.4713667612651782,-0.19971754221863636,0.24595711118431063,0.0,0.9754716538647339,0.7590814722381082,47.44481781254274,46.99284459569536,0.0
9.276,0.46546801532052323,-0.1997691094071813,0.25113156693985245,0.0,0.9738100623146749,0.7593975775797057,47.440624239207224,46.99284459569536,0.0
9.277000000000001,0.46088822900282705,-0.20045461292388733,0.2487505571724904,0.0,0.972421130168734,0.7596470466356724,47.44835183510455,46.99284459569536,0.0
9.278,0.4572532067545058,-0.2015666474538971,0.24033168682973405,0.0,0.9713115069061172,0.7591844645155567,47.46014461485661,46.99284459569536,0.0
9.279,0.453987924059889,-0.20278610343085018,0.22976229676209325,0.0,0.9703896075699157,0.7579015649511032,47.468702410496796,46.99284459569536,0.0
9.28,0.4506164524658446,-0.20384846791138903,0.2207248207939857,0.0,0.9695362737439788,0.7561045460020577,47.470601002134366,46.99284459569536,0.0
9.281,0.44692701960568987,-0.2046354553924371,0.2149979609108108,0.0,0.9686645163838409,0.7542344386365317,47.466341726456,46.99284459569536,0.0
9.282,0.44296571975214494,-0.20517196075877364,0.21239262744238674,0.0,0.9677440697386505,0.752633696844138,47.458566996006326,46.99284459569536,0.0
9.283,0.43892442817395916,-0.2055643006469842,0.21162276866411478,0.0,0.9667933859127801,0.7514472825106039,47.45002807792064,46.99284459569536,0.0
9.284,0.4350120112391603,-0.20592880612296915,0.21132039288470378,0.0,0.9658553012396192,0.7506488314269296,47.44199498969807,46.99284459569536,0.0
9.285,0.43137044391856527,-0.20634535088907158,0.21084543305596432,0.0,0.9649733547949184,0.7501486433968572,47.431607164124294,46.99284459569536,0.0
9.286,0.4280605370527016,-0.20685161796140428,0.21165172015856126,0.0,0.9641811081219755,0.7500313947869338,47.41420847086463,46.99284459569536,0.0
9.287,0.4251564011540321,-0.2074964887504289,0.21613742803670094,0.0,0.963522234371405,0.7506183672464731,47.38838034789648,46.99284459569536,0.0
9.288,0.4228510951034627,-0.20837722143142798,0.22509613199876471,0.0,0.9630783771288646,0.7522458977486228,47.40644876986971,46.99284459569536,0.0
9.289,0.4214129738909916,-0.20965381043835857,0.2119258792704048,0.0,0.9629732761247451,0.7522631149094293,47.464720111160936,46.99284459569536,0.0
9.290000000000001,0.4199202910107434,-0.21072519714009352,0.17807145347013698,0.0,0.9629854935842405,0.7488256298477001,47.487327532315916,46.99284459569536,0.0
9.291,0.4168435089368667,-0.21082147998349773,0.1618229135264414,0.0,0.9626526180373701,0.7446078391016135,47.472755442555844,46.99284459569536,0.0
9.292,0.4122838749521099,-0.2099840671384493,0.1643098499378728,0.0,0.9618381727291885,0.741685380197727,47.43842431838477,46.99284459569536,0.0
9.293000000000001,0.40724570070040916,-0.2087706871812108,0.17701961479651623,0.0,0.9606878283945912,0.7408555302515872,47.40393697066073,46.99284459569536,0.0
9.294,0.4028214005534362,-0.2077986116190188,0.1901523649088817,0.0,0.9594747389865711,0.7417474270040261,47.38200117462596,46.99284459569536,0.0
9.295,0.39964236535790765,-0.2074247850199577,0.19722869713695967,0.0,0.9584407480243218,0.7433813450544217,47.37529371851267,46.99284459569536,0.0
9.296,0.3977252863842805,-0.20765600052454403,0.19675793396543145,0.0,0.9577027199348319,0.7448050132675478,47.37849096249283,46.99284459569536,0.0
9.297,0.39664540980549634,-0.20825045059832745,0.19130284830737643,0.0,0.957243938828674,0.7455167756936713,47.38389726230272,46.99284459569536,0.0
9.298,0.39585656358641597,-0.20890125064395423,0.18468917173636074,0.0,0.9569678555800254,0.7455145045186466,47.38600854471237,46.99284459569536,0.0
9.299,0.3949523916665939,-0.2093811169738576,0.1797018910413654,0.0,0.9567654308345723,0.7450939584745101,47.38278125320731,46.99284459569536,0.0
9.3,0.393768521820872,-0.20959723837352365,0.17741617021877365,0.0,0.9565601686499152,0.7446148520405378,47.374921901276586,46.99284459569536,0.0
9.301,0.39235003029583915,-0.20957341628642703,0.17752507312832444,0.0,0.9563227403967491,0.74434216192907,47.36451586093022,46.99284459569536,0.0
9.302,0.39085369824610705,-0.20939630050410518,0.17901138064915972,0.0,0.9560625414425685,0.7443858144118487,47.3536675953508,46.99284459569536,0.0
9.303,0.38944767413404024,-0.20915935540353997,0.18082728344231486,0.0,0.9558084348288448,0.7447236673148003,47.343634612910236,46.99284459569536,0.0
9.304,0.38824751358563614,-0.20892676017794998,0.18233587449044775,0.0,0.9555903081429795,0.7452680676726513,47.33464561538177,46.99284459569536,0.0
9.305,0.3872991127656394,-0.2087236828995396,0.18341236305781827,0.0,0.9554284216131167,0.7459318656427756,47.32622304420677,46.99284459569536,0.0
9.306000000000001,0.3865962861676331,-0.20854605593926148,0.18428986416020243,0.0,0.9553315953404056,0.7466666823160705,47.317630050130305,46.99284459569536,0.0
9.307,0.3861115204316023,-0.20837759669435982,0.1853385066540859,0.0,0.9553011791149593,0.7474712063230513,47.30812903893201,46.99284459569536,0.0
9.308,0.3858227997761112,-0.2082044325631875,0.1869361678208673,0.0,0.9553368934507753,0.7483844042249405,47.296919438894506,46.99284459569536,0.0
9.309000000000001,0.38573040006927967,-0.20802394500465463,0.1895002194076275,0.0,0.9554422341530718,0.7494831995942947,47.28265972784795,46.99284459569536,0.0
9.31,0.3858678521768865,-0.2078501382107378,0.19373192360937952,0.0,0.9556296064503289,0.7509064527143633,47.2621547502633,46.99284459569536,0.0
9.311,0.38631943769084576,-0.2077229639139948,0.20129131085602536,0.0,0.9559283157251647,0.7529470334218048,47.22718527839458,46.99284459569536,0.0
9.312,0.3872686238871756,-0.20774108920639808,0.2164326399633934,0.0,0.9564044776683922,0.756303484688873,47.17508405295798,46.99284459569536,0.0
9.313,0.38910028025077764,-0.2082108249397258,0.2406608581090679,0.0,0.9572201582217461,0.7616936073904744,47.149787608659544,46.99284459569536,0.0
9.314,0.3923462035586363,-0.20958418499017434,0.25173965012864286,0.0,0.9586396552381405,0.7672639358177195,47.166847670877296,46.99284459569536,0.0
9.315,0.3966633152189809,-0.21156551009736016,0.24146958826794762,0.0,0.9606784475569063,0.7707362633294478,47.2094529790707,46.99284459569536,0.0
9.316,0.4008198954267612,-0.2133464501875347,0.2180008503374935,0.0,0.963036683553816,0.7711723240618846,47.252806559939465,46.99284459569536,0.0
9.317,0.40351303840013525,-0.2141271496058791,0.19372444026066848,0.0,0.9652707695593944,0.7691102046666293,47.27673331589315,46.99284459569536,0.0
9.318,0.4040490526151609,-0.21349378731504465,0.17892217508184632,0.0,0.9669977581787136,0.7660601906086357,47.27302159107312,46.99284459569536,0.0
9.319,0.40261125614065624,-0.21156339814615424,0.17797626753808676,0.0,0.9680410373446322,0.763695367394694,47.24726850838192,46.99284459569536,0.0
9.32,0.400091639314025,-0.20887525357184134,0.18830856975681914,0.0,0.9684671142610796,0.7630801466244208,47.21469808773804,46.99284459569536,0.0
9.321,0.39762574783069304,-0.20610491839116776,0.2023752451583316,0.0,0.9685112059847237,0.7642591187896991,47.188144269544615,46.99284459569536,0.0
9.322000000000001,0.39607035510454336,-0.20375229826123673,0.21369915751655277,0.0,0.9684377008900458,0.7665760008012461,47.1714846250666,46.99284459569536,0.0
9.323,0.3957569002165413,-0.20200641692407514,0.2202425794618495,0.0,0.9684347137602017,0.76927930750299,47.16264117551199,46.99284459569536,0.0
9.324,0.3965803771736728,-0.2008041063321296,0.22296633844098518,0.0,0.968587560661774,0.7718524470756625,47.157498449465876,46.99284459569536,0.0
9.325000000000001,0.39821763268581756,-0.19995764631150745,0.22389116292633837,0.0,0.9689013493341074,0.7740861871480577,47.15225527257189,46.99284459569536,0.0
9.326,0.4003245600131236,-0.19926834420020742,0.22491864460456507,0.0,0.9693397745144099,0.776016317369316,47.14457245468982,46.99284459569536,0.0
9.327,0.40265499089083956,-0.19859455978218873,0.22724277495565565,0.0,0.9698601469339393,0.7778073784850406,47.13379497569742,46.99284459569536,0.0
9.328,0.4050960978402975,-0.19787143316999756,0.23122201065183617,0.0,0.9704347821399272,0.7796406278985517,47.12053735050997,46.99284459569536,0.0
9.329,0.4076433017791097,-0.19709596546721464,0.23657389569741488,0.0,0.9710572085854834,0.7816411495255875,47.106015181687695,46.99284459569536,0.0
9.33,0.41034791653284775,-0.19629694658986585,0.24270327424862892,0.0,0.9717373071497071,0.7838525388411299,47.091447348004195,46.99284459569536,0.0
9.331,0.41326634874334267,-0.19550618448084786,0.24900116356729074,0.0,0.9724915411458439,0.7862482917254641,47.07768569410753,46.99284459569536,0.0
9.332,0.41642748510270156,-0.19474013074331398,0.25503357953150174,0.0,0.9733335687407617,0.7887619389064305,47.06508221427689,46.99284459569536,0.0
9.333,0.4198223281713629,-0.19399397981094896,0.26061294326100537,0.0,0.9742683422291,0.7913200086054364,47.05354381861522,46.99284459569536,0.0
9.334,0.4234114016481051,-0.1932457706281212,0.26577514886264375,0.0,0.9752906038377176,0.7938669480105054,47.042702044736416,46.99284459569536,0.0
9.335,0.4271415163271675,-0.1924658638141527,0.2706974613116342,0.0,0.976387025568272,0.7963768300693728,47.032116132543756,46.99284459569536,0.0
9.336,0.43096332570236334,-0.19162695835148041,0.2755977020394802,0.0,0.9775403127989031,0.7988520715665008,47.021438774758956,46.99284459569536,0.0
9.337,0.4348435067423123,-0.19071107981843793,0.2806504391412444,0.0,0.9787334378721766,0.8013133144902522,47.01050350523641,46.99284459569536,0.0
9.338000000000001,0.43876896389734565,-0.18971199316055237,0.285941484807108,0.0,0.9799526339834606,0.8037862348045294,46.999328446204174,46.99284459569536,0.0
9.339,0.44274379450723717,-0.18863343938488147,0.2914641758181364,0.0,0.9811885524662988,0.8062903914575238,46.98805971690244,46.99284459569536,0.0
9.34,0.44678189979313226,-0.18748485866807865,0.2971463892569321,0.0,0.982435736425061,0.8088330975863104,46.97689142784321,46.99284459569536,0.0
9.341000000000001,0.45089872232195266,-0.18627661860283318,0.30289006546506736,0.0,0.983691052000817,0.8114087643212898,46.9659963184772,46.99284459569536,0.0
9.342,0.45510486904531494,-0.18501635058660754,0.3086061029202545,0.0,0.9849518556113628,0.8140022153840548,46.955483654458654,46.99284459569536,0.0
9.343,0.4594029558292539,-0.18370716959645234,0.314236044341896,0.0,0.9862145167383753,0.8165938068044267,46.9453946616225,46.99284459569536,0.0
9.344,0.4637876543880961,-0.18234775979112608,0.3197550401007008,0.0,0.9874736276260399,0.8191639593410819,46.935732915056526,46.99284459569536,0.0
9.345,0.46824783093422795,-0.18093368260354187,0.3251570301900765,0.0,0.9887218882860227,0.8216952642305948,46.92649814409015,46.99284459569536,0.0
9.346,0.47276913275480836,-0.17945895339119572,0.3304378801893185,0.0,0.989950373927476,0.8241723968613752,46.91770233707026,46.99284459569536,0.0
9.347,0.4773359126088085,-0.17791722532002083,0.33558720628551286,0.0,0.9911488814721563,0.8265811493980779,46.909378128550905,46.99284459569536,0.0
9.348,0.4819322472449088,-0.1763024277272484,0.34058397521663475,0.0,0.9923062030615453,0.8289070997456083,46.90165643337062,46.99284459569536,0.0
9.349,0.4865420575743147,-0.17460898389712212,0.34535670443002553,0.0,0.993410256681363,0.8311301039516134,46.89472827943979,46.99284459569536,0.0
9.35,0.49114685952963155,-0.17283060748847426,0.34980194455799585,0.0,0.9944475183931486,0.833222032109151,46.88885314911239,46.99284459569536,0.0
9.351,0.495723162730591,-0.17095893392445316,0.35377942418752373,0.0,0.9954021464215539,0.8351442186475297,46.8844208665494,46.99284459569536,0.0
9.352,0.5002395227575857,-0.1689820467936377,0.35707980276048074,0.0,0.9962547894522074,0.8368418796106811,46.88214302568032,46.99284459569536,0.0
9.353,0.5046519560227705,-0.16688251411494065,0.3593257388951696,0.0,0.9969807545527615,0.8382288839107688,46.88350576526403,46.99284459569536,0.0
9.354000000000001,0.5088933714394913,-0.164634122317124,0.35973775740762687,0.0,0.9975464958022964,0.8391502156027388,46.89129975819065,46.99284459569536,0.0
9.355,0.5128453735638389,-0.16219900759243305,0.35685620931936646,0.0,0.9979024173943375,0.8393225916961213,46.90348757965984,46.99284459569536,0.0
9.356,0.5162718973020697,-0.159547010482583,0.35165586874512644,0.0,0.9979726159016757,0.8386327027671241,46.8767420740068,46.99284459569536,0.0
9.357,0.5189337143037135,-0.15668140098596117,0.3661896467885318,0.0,0.9976781085918505,0.8394110069394787,46.793169231750554,46.99284459569536,0.0
9.358,0.5217859554426442,-0.15394846641363885,0.40997282155610254,0.0,0.9972189157222537,0.8444657130523481,46.700608184645745,46.99284459569536,0.0
9.359,0.52672510025933,-0.15224581047227498,0.4591757092190031,0.0,0.9971511499430772,0.853428731643768,46.662845019372305,46.99284459569536,0.0
9.36,0.5349482124917014,-0.15209842890075867,0.48135728761895336,0.0,0.9979872771875068,0.8625814656480999,46.55332597764046,46.99284459569536,0.0
9.361,0.5457092825776063,-0.15292264953825038,0.540511994665424,0.0,0.999747203193766,0.876086254380428,46.499025518518195,46.99284459569536,0.0
9.362,0.5599173831952888,-0.15568106972123205,0.5726004149983291,0.0,1.0029767994863856,0.889899455639218,46.5630655903949,46.99284459569536,0.0
9.363,0.5767336835454563,-0.15959408209904327,0.5448781691129818,0.0,1.0076676034353511,0.897576253118332,46.69878885541095,46.99284459569536,0.0
9.364,0.5926233288871025,-0.1627578090558444,0.4799570940077988,0.0,1.0129658865788014,0.8965106574576354,46.84615690705383,46.99284459569536,0.0
9.365,0.6038704822611974,-0.16327109993722638,0.4077399450727747,0.0,1.0176526065692215,0.8877084836278186,46.94433782533604,46.99284459569536,0.0
9.366,0.6082914000489158,-0.16006607064797934,0.3591345536352627,0.0,1.0206327510469861,0.875256948188341,46.946114984287924,46.99284459569536,0.0
9.367,0.6061122086330247,-0.15355632387849205,0.3587132702733962,0.0,1.0213857056812765,0.8650722137187832,46.79105819102161,46.99284459569536,0.0
9.368,0.6003029408707572,-0.14530245213961604,0.4382595309532894,0.0,1.0202020629816002,0.8653527772077073,46.53857382155023,46.99284459569536,0.0
9.369,0.5967143315313787,-0.1382448296362868,0.5690444234304318,0.0,1.0184710411428057,0.8794144499931672,46.306789536076366,46.99284459569536,0.0
9.370000000000001,0.6010169790258824,-0.1352373590597947,0.6917971167635539,0.0,1.018059043228057,0.9035826233402844,46.138456717294254,46.99284459569536,0.0
9.371,0.6156491386675335,-0.1373421782240136,0.7845074049386209,0.0,1.020366667253323,0.9326968732415049,46.222618384266056,46.99284459569536,0.0
9.372,0.6399927502592397,-0.14393812379962034,0.7501288335670129,0.0,1.0260594596878594,0.9518902391438306,46.54680891467136,46.99284459569536,0.0
9.373,0.6667592437036148,-0.15144680211937933,0.5924939251746011,0.0,1.0338623046285917,0.9500366153269643,46.99473710116493,46.99284459569536,0.0
9.374,0.6856322569428878,-0.15492939978161768,0.36851090687312044,0.0,1.0410075016532134,0.9242784889347426,47.263846930611656,46.99284459569536,0.0
9.375,0.6879692561651382,-0.15029112921900178,0.23124596880059411,0.0,1.0443173305976403,0.8888830420971876,47.05731914794812,46.99284459569536,0.0
9.376,0.674075408827818,-0.13778869255877427,0.33386511460983415,0.0,1.0424277466368703,0.8715705714569004,46.49528145950006,46.99284459569536,0.0
9.377,0.6567906148953158,-0.12359690010409519,0.619859590195816,0.0,1.037559801204736,0.8879959792001317,45.91890021931482,46.99284459569536,0.0
9.378,0.6524487302970291,-0.11568084702710513,0.9187896540522424,0.0,1.0340923431762161,0.9326191732606608,45.61704011743987,46.99284459569536,0.0
9.379,0.6703580971407903,-0.11843416191834522,1.0834777497722725,0.0,1.0358159755254075,0.9855462428041271,45.95152764595173,46.99284459569536,0.0
9.38,0.7081159099033343,-0.13053034848389827,0.9266471550137801,0.0,1.0439629989673243,1.0104804565120895,46.751423904990624,46.99284459569536,0.0
9.381,0.7473514607798075,-0.143380353802439,0.5291132324013798,0.0,1.0550812801552307,0.9876371931848814,47.471735927431496,46.99284459569536,0.0
9.382,0.7657748980712729,-0.14660169348711768,0.16416830786358233,0.0,1.0630292542037545,0.9303872592428547,47.430198888157484,46.99284459569536,0.0
9.383000000000001,0.7535693021460583,-0.13535867583399558,0.18056328457596682,0.0,1.0631884921145325,0.8866368627083118,46.59374436650129,46.99284459569536,0.0
9.384,0.7255638017049554,-0.11621295412090127,0.6027815476960043,0.0,1.0569631673688695,0.8965160378836499,45.55462559250422,46.99284459569536,0.0
9.385,0.710701008373223,-0.10265870087074633,1.1367231247264495,0.0,1.051048781974921,0.960651006171116,45.112288668061204,46.99284459569536,0.0
9.386000000000001,0.7301287322384735,-0.10473680547889921,1.3766971462243005,0.0,1.0525034659885117,1.0365530881264053,45.91188684706789,46.99284459569536,0.0
9.387,0.7794329870025793,-0.1211671025575837,0.9877076342072321,0.0,1.0631894414288463,1.0545926529652696,47.1428080923629,46.99284459569536,0.0
9.388,0.8238956679775908,-0.1360800806218238,0.3707473765930528,0.0,1.0760869004253135,1.0035232732872816,47.86622917354276,46.99284459569536,0.0
9.389,0.833279903367937,-0.1352866202676658,0.00030299022464636005,0.0,1.0823512651347351,0.9236836584691679,47.11815691503006,46.99284459569536,0.0
9.39,0.8042996034765241,-0.11671363155599883,0.37308599628764916,0.0,1.0779701377366617,0.9004466914763813,45.59512700994166,46.99284459569536,0.0
9.391,0.7738721268108769,-0.09600807076084553,1.148578124689386,0.0,1.0696115445787668,0.9637288319409343,44.711048536176236,46.99284459569536,0.0
9.392,0.7820715007333113,-0.09158215178783471,1.613435322167291,0.0,1.0681372293040368,1.06202006358367,45.56251294666779,46.99284459569536,0.0
9.393,0.8337108225323584,-0.10742411565196724,1.2020064334117908,0.0,1.0784263439358381,1.0948306591381047,47.20784830185042,46.99284459569536,0.0
9.394,0.8865171550417286,-0.12545837351545186,0.3771887187589248,0.0,1.092792955386245,1.0334811435179756,48.10035370656879,46.99284459569536,0.0
9.395,0.8969626190201371,-0.12583878565805293,-0.08013907470899484,0.0,1.099449456886649,0.9370244227574259,46.88621109765207,46.99284459569536,0.0
9.396,0.8612241030895949,-0.10494130272833799,0.5279985647297964,0.0,1.0934921089172633,0.9263831338880615,44.908843319224495,46.99284459569536,0.0
9.397,0.8321240356051642,-0.08428075241735547,1.5375224667082938,0.0,1.085002681152969,1.0240201141959242,44.49049670268491,46.99284459569536,0.0
9.398,0.8574767398541923,-0.08590154512312048,1.7717192539081918,0.0,1.087510786896634,1.123631063126537,46.26149630355468,46.99284459569536,0.0
9.399000000000001,0.9219359528876162,-0.106889290854805,0.893532936394713,0.0,1.1020216210624216,1.1077522785487879,48.072812544736365,46.99284459569536,0.0
9.4,0.9613523779315128,-0.11974937340996704,-0.02292486368654001,0.0,1.1146982249776072,0.9991927463870942,47.58968611300376,46.99284459569536,0.0
9.401,0.9404171145426817,-0.10709957781138957,0.2126699370066797,0.0,1.1137311369437086,0.9405338771333659,45.26372561412977,46.99284459569536,0.0
9.402000000000001,0.9002288632040216,-0.08246754798581057,1.3929413762593303,0.0,1.1044118454629996,1.0193294513258442,44.164922986512565,46.99284459569536,0.0
9.403,0.9095406326998838,-0.0759552944092835,1.97062190615976,0.0,1.103434012954447,1.1396295056895929,45.93878023354002,46.99284459569536,0.0
9.404,0.9723330110587797,-0.09421185371272421,1.0942339262675846,0.0,1.1166573131922686,1.1388082443544478,48.122289298331005,46.99284459569536,0.0
9.405,1.0170955131891126,-0.10905627832672092,-0.008815053154263008,0.0,1.1299264783872982,1.022523979788371,47.46962839161801,46.99284459569536,0.0
9.406,0.996152043619863,-0.09735239673368623,0.31274756224300826,0.0,1.1288044293848434,0.968348842360243,44.83995428738812,46.99284459569536,0.0
9.407,0.9584050014332006,-0.07375036843507486,1.6491135174410267,0.0,1.1198978872429048,1.0672063826373324,44.172209608091286,46.99284459569536,0.0
9.408,0.9793280905026986,-0.07092495829471787,2.011192206965483,0.0,1.121692978510416,1.1790735007487179,46.63772898546765,46.99284459569536,0.0
9.409,1.0464019934403166,-0.09091854245836087,0.7819836743795764,0.0,1.1367228208217184,1.1339307922635784,48.38182082733743,46.99284459569536,0.0
9.41,1.0732872435624445,-0.09958127678060219,-0.10395200887173162,0.0,1.1464883729871873,1.0073578605422404,46.93371767502597,46.99284459569536,0.0
9.411,1.0327213103415778,-0.0845577782265477,0.6206908364906928,0.0,1.1408808645798068,0.9877199521874795,44.66037588679562,46.99284459569536,0.0
9.412,0.9958280724575219,-0.06662811956091635,1.7806864176948638,0.0,1.1320482887100094,1.0934907661413287,45.25925157307645,46.99284459569536,0.0
9.413,1.0188770252808954,-0.07263761126548335,1.4985845047806392,0.0,1.1355163924967349,1.142265757690795,47.7782291118222,46.99284459569536,0.0
9.414,1.0565397516913908,-0.09064358727269936,0.23124189024649489,0.0,1.1454357475034833,1.0460109816174532,48.51427315611469,46.99284459569536,0.0
9.415000000000001,1.0377404681154458,-0.08947178464728156,-0.15199441750394405,0.0,1.144428731353354,0.9333355994023723,46.37280016299117,46.99284459569536,0.0
9.416,0.9726956592364453,-0.06650767537932974,0.9249425233848587,0.0,1.1297405446035091,0.9610894165099897,44.58880549501611,46.99284459569536,0.0
9.417,0.9400173962553838,-0.053336646758055106,1.8409802483791804,0.0,1.1180773861837505,1.077537974411475,45.53969945482533,46.99284459569536,0.0
9.418000000000001,0.9706310855650372,-0.06787268681625375,1.3800647198832698,0.0,1.1209560740887299,1.1176199868424703,47.80079190926404,46.99284459569536,0.0
9.419,1.010513388749792,-0.09082560775060822,0.24143901952822788,0.0,1.1299345553485083,1.0292610786095415,48.56480015369198,46.99284459569536,0.0
9.42,0.997682357390382,-0.09432080791604025,-0.15628465826570548,0.0,1.1293342404678701,0.9200827982534847,46.88229973047252,46.99284459569536,0.0
9.421,0.9384692539846248,-0.07593942814282723,0.6860710019962524,0.0,1.1158192252629817,0.9247838049127631,45.07715211217499,46.99284459569536,0.0
9.422,0.8989804892191768,-0.0625569494330971,1.6078017359802186,0.0,1.1028375533841726,1.0243816666113832,45.228593676741,46.99284459569536,0.0
9.423,0.9170657157937918,-0.07349529405105884,1.5497234628867589,0.0,1.1024508775581785,1.094731395001278,47.02992439658082,46.99284459569536,0.0
9.424,0.9623395879611044,-0.09888131908376357,0.6486873049579953,0.0,1.1118209214611918,1.0546750146556962,48.50795061196222,46.99284459569536,0.0
9.425,0.9760418595140157,-0.11287492023218822,-0.10547686289537594,0.0,1.1175337588153458,0.944559068701244,48.0856704388571,46.99284459569536,0.0
9.426,0.934628953542713,-0.10326549018116622,0.09473496522556768,0.0,1.110466744521542,0.880283386221862,46.31819312396492,46.99284459569536,0.0
9.427,0.8754471725955784,-0.08320703766852303,0.9852201373889636,0.0,1.0955685279332998,0.9237756880622738,45.19991125848367,46.99284459569536,0.0
9.428,0.8532522990127819,-0.07747490616751514,1.562290403501706,0.0,1.0860794132479388,1.017851433895224,45.72106238594693,46.99284459569536,0.0
9.429,0.8808391621978314,-0.09406275797831497,1.314432661867559,0.0,1.0888287696286068,1.0652791357492764,47.26261073812417,46.99284459569536,0.0
9.43,0.9224515475627807,-0.11871476378366166,0.5409608243546522,0.0,1.098591802677093,1.0213341845876183,48.43612265731126,46.99284459569536,0.0
9.431000000000001,0.9318368784188986,-0.1303604792952724,-0.06022791585505294,0.0,1.1040185459527891,0.9237477262585122,48.21298316625406,46.99284459569536,0.0
9.432,0.8929991636610153,-0.12079168856908093,0.03914044396795824,0.0,1.0979749449330076,0.857770997004443,46.86235856670298,46.99284459569536,0.0
9.433,0.8344100828543735,-0.10070545418364288,0.7157576040334231,0.0,1.0838242332146608,0.8772782063239257,45.73450963936493,46.99284459569536,0.0
9.434000000000001,0.8011503119534018,-0.0906398730141838,1.2922654172657526,0.0,1.0721329620153115,0.953141995385567,45.611714351711164,46.99284459569536,0.0
9.435,0.8122306666142137,-0.1005104447781081,1.3674743635324773,0.0,1.0703836155477868,1.0212067476564268,46.628275024802356,46.99284459569536,0.0
9.436,0.8516829149780116,-0.1239964480762466,0.8628397226958114,0.0,1.0781004335992568,1.0217992463253385,47.83927941565877,46.99284459569536,0.0
9.437,0.8803292145174303,-0.14344319146960646,0.24887317906796902,0.0,1.0870091014527594,0.9578576330761116,48.49784259332138,46.99284459569536,0.0
9.438,0.8710163615647073,-0.1461759044007312,-0.09545838973959475,0.0,1.088738872184479,0.8707751176247979,48.02866075516614,46.99284459569536,0.0
9.439,0.8235004438636342,-0.13130478417793012,0.12877436774331574,0.0,1.0799242639440758,0.8258163722205738,46.90249624394292,46.99284459569536,0.0
9.44,0.7681377024983237,-0.11170836441874411,0.6927601068724516,0.0,1.0654883470160081,0.8498828866352812,46.05527989926327,46.99284459569536,0.0
9.441,0.7390960973299724,-0.10360693775376628,1.1257439261765985,0.0,1.0542074804866621,0.9147284698027414,45.910129961418825,46.99284459569536,0.0
9.442,0.7480153951441079,-0.11326524216383908,1.2091460414415856,0.0,1.0516826866787548,0.9755342636753898,46.56066691857759,46.99284459569536,0.0
9.443,0.7826649598315659,-0.13509989737242215,0.8881993396333815,0.0,1.0577961806677465,0.9901465812909511,47.481146848981815,46.99284459569536,0.0
9.444,0.814428379997267,-0.15592462121505557,0.42307635189840354,0.0,1.0668319300899989,0.9528074743397376,48.18158612827054,46.99284459569536,0.0
9.445,0.8198310748268035,-0.1645357818396751,0.06096929692829012,0.0,1.0719691743051865,0.8846486446269162,48.27151103745471,46.99284459569536,0.0
9.446,0.7915803666927832,-0.15753680943189657,0.003220177918611844,0.0,1.068920812556471,0.8242496946085693,47.73926164549984,46.99284459569536,0.0
9.447000000000001,0.7426300943285513,-0.14050409081825446,0.2618807033980023,0.0,1.05833378265737,0.8037179752887406,46.9498331206124,46.99284459569536,0.0
9.448,0.6973471998260179,-0.12473782183445557,0.6570250805925488,0.0,1.0451883214141147,0.8295516168192276,46.417577479855304,46.99284459569536,0.0
9.449,0.6763489075089035,-0.12028533631867531,0.9289055721294993,0.0,1.0356086597313354,0.8792997415793169,46.33170497503635,46.99284459569536,0.0
9.450000000000001,0.6840482401800542,-0.1298159725806649,0.978453220745565,0.0,1.0330546715368203,0.9247896146105186,46.645873660044934,46.99284459569536,0.0
9.451,0.7107487612204522,-0.1483383281134837,0.8248385875977782,0.0,1.0372472222108666,0.9452219513989996,47.21715933439365,46.99284459569536,0.0
9.452,0.7394505638262121,-0.16769580423501945,0.5369526030364378,0.0,1.0450078503143974,0.931008804529538,47.82503257468804,46.99284459569536,0.0
9.453,0.7532620704856476,-0.17984353595194483,0.2246941030993168,0.0,1.0517137766482747,0.8862912123034249,48.19322343809663,46.99284459569536,0.0
9.454,0.7419354377150786,-0.17988595608172162,0.02859488297100765,0.0,1.0531605400232598,0.8296516873899256,48.08099617574377,46.99284459569536,0.0
9.455,0.7068470834676774,-0.16840772029735138,0.07382699834695361,0.0,1.0475356444318178,0.7895037688374202,47.64375884075552,46.99284459569536,0.0
9.456,0.6622794082397343,-0.15220642415537217,0.2859365233904789,0.0,1.0367910863264953,0.7802394399146488,47.08966094226375,46.99284459569536,0.0
9.457,0.6254098688554773,-0.13952121993416672,0.5620173091706793,0.0,1.0249611916365153,0.8026848518389984,46.75586648766067,46.99284459569536,0.0
9.458,0.6088807387575232,-0.13691750164865155,0.7312843175525661,0.0,1.016399270638774,0.8390108050830529,46.7129880274205,46.99284459569536,0.0
9.459,0.6136493517600883,-0.14499166613340791,0.7555221133553985,0.0,1.01324033234139,0.8711316196261587,46.877537965968216,46.99284459569536,0.0
9.46,0.6319862947376429,-0.15975311126628006,0.6744002103788124,0.0,1.0151523866478238,0.8885892940022574,47.182957375926186,46.99284459569536,0.0
9.461,0.6532571273116495,-0.17575880316343778,0.519789377597519,0.0,1.0202320146185822,0.8861400116418479,47.50236468983944,46.99284459569536,0.0
9.462,0.6671924032754526,-0.1878927742401748,0.35499051969945183,0.0,1.025733431455694,0.8665416822433026,47.74818373094446,46.99284459569536,0.0
9.463000000000001,0.66764916412054,-0.19305546519824612,0.22452760779444947,0.0,1.0291714299638601,0.8368395048044317,47.92821105430002,46.99284459569536,0.0
9.464,0.6534777877156749,-0.19082096005749505,0.12516028153062286,0.0,1.028997988402259,0.8023889872032797,47.89917107565931,46.99284459569536,0.0
9.465,0.6265688156149156,-0.18219292512100999,0.13061700605133875,0.0,1.0244701004450973,0.7757783633330346,47.65135790549729,46.99284459569536,0.0
9.466000000000001,0.5942416609321075,-0.17076519743275562,0.24793845803432868,0.0,1.0165631692002841,0.7675137028211212,47.32718303732344,46.99284459569536,0.0
9.467,0.5666449599429386,-0.16164068466853207,0.4066825077049757,0.0,1.0077310459015787,0.778285811741839,47.10569941398156,46.99284459569536,0.0
9.468,0.5513820102196706,-0.15880441063078682,0.5162957711930513,0.0,1.0006386008083061,0.7989704733872647,47.07777303502334,46.99284459569536,0.0
9.469,0.5496802044962205,-0.16307628353635614,0.5294096762788816,0.0,0.9968221351488928,0.8172583904157277,47.14895599382074,46.99284459569536,0.0
9.47,0.5568416911475493,-0.17182082201554905,0.4922570828989272,0.0,0.9961352882619234,0.8283131632638692,47.279423585929656,46.99284459569536,0.0
9.471,0.5669871530694611,-0.18203666656365816,0.4241574969421271,0.0,0.9976589008639649,0.8300299596721543,47.420636571957935,46.99284459569536,0.0
9.472,0.5748442201817244,-0.19091087638419243,0.34927308416536196,0.0,1.0000758364814086,0.8234083253908084,47.55739769050068,46.99284459569536,0.0
9.473,0.5769983226064065,-0.19669718484729243,0.275246993945937,0.0,1.0021366669417084,0.8101381417073804,47.67458037503709,46.99284459569536,0.0
9.474,0.5718833683077983,-0.1984581761724251,0.20983829388431507,0.0,1.0028002419487696,0.7925305493308347,47.68187959337908,46.99284459569536,0.0
9.475,0.5594897329678045,-0.19622148940320847,0.19929833473648217,0.0,1.001373054759605,0.7775569155314177,47.62254321351531,46.99284459569536,0.0
9.476,0.5430096831688306,-0.1917766051910535,0.2226695384901689,0.0,0.9981246525137698,0.7683030275218966,47.53725522693398,46.99284459569536,0.0
9.477,0.5262750058954422,-0.18715121478323432,0.2598694254684467,0.0,0.9938113575888278,0.7651839776209011,47.44834088702127,46.99284459569536,0.0
9.478,0.5122945419417716,-0.18393478039047143,0.2997716325115437,0.0,0.9893099332871547,0.7673332513846388,47.37314675971499,46.99284459569536,0.0
9.479000000000001,0.5028367601987994,-0.18306016692704186,0.33356567452448516,0.0,0.9854095356549728,0.773036329245018,47.33287923105175,46.99284459569536,0.0
9.48,0.49834530652608433,-0.1847566965787851,0.35029909250254276,0.0,0.9826648499683732,0.7796812772001673,47.347514702661236,46.99284459569536,0.0
9.481,0.49788224690965616,-0.18853093057398654,0.33943465562814024,0.0,0.9812573280889033,0.7840308615762561,47.408345751101706,46.99284459569536,0.0
9.482,0.49924927083420595,-0.19321258237064695,0.3048641198538419,0.0,0.98090275619267,0.783955617532496,47.47978039692981,46.99284459569536,0.0
9.483,0.49987204995359863,-0.19739453864272685,0.2642774389274445,0.0,0.980989315753646,0.7796787756954399,47.5281861241603,46.99284459569536,0.0
9.484,0.4979788394676436,-0.2000994442739547,0.23472116002755106,0.0,0.9808952552315333,0.7732074310731123,47.54132714626624,46.99284459569536,0.0
9.485,0.4931991434341012,-0.2011285274111753,0.22266582346887165,0.0,0.9802496163881806,0.7668501250871799,47.52549814589043,46.99284459569536,0.0
9.486,0.4863371283330966,-0.20092599786206752,0.22525378815482577,0.0,0.9790002417487964,0.7621762399973224,47.494941442593145,46.99284459569536,0.0
9.487,0.47872146782163694,-0.20022007163577507,0.2355111713344909,0.0,0.9773327894749638,0.7597163409606665,47.46433408886132,46.99284459569536,0.0
9.488,0.4715815406578732,-0.19968466759146034,0.24609995326874334,0.0,0.9755342573422368,0.7591071141641633,47.44468161573296,46.99284459569536,0.0
9.489,0.46565467678186434,-0.19972501733880713,0.2514078196325475,0.0,0.9738644482557834,0.759437490069437,47.440363390839906,46.99284459569536,0.0
9.49,0.4610608290233492,-0.20040707290868903,0.24909174412762947,0.0,0.9724692802837165,0.7597060551210355,47.44813629550913,46.99284459569536,0.0
9.491,0.4574243835835958,-0.20152266614006775,0.24065237479487966,0.0,0.9713563803137691,0.7592571475195024,47.46008387898399,46.99284459569536,0.0
9.492,0.4541645180516373,-0.2027494931445972,0.23000619022456487,0.0,0.9704336746188471,0.7579773748258378,47.46880851856727,46.99284459569536,0.0
9.493,0.45079864762873245,-0.2038193627641865,0.22088423120420325,0.0,0.9695806796121611,0.7561740022767115,47.47081747514874,46.99284459569536,0.0
9.494,0.4471105612607499,-0.2046115294467521,0.21510002411893436,0.0,0.9687090864901169,0.754292655088902,47.46659487068041,46.99284459569536,0.0
9.495000000000001,0.44314518469780734,-0.20515023090821718,0.2124738236032498,0.0,0.9677878534554314,0.7526805538800405,47.45880613321026,46.99284459569536,0.0
9.496,0.4390957330401127,-0.20554251428189788,0.21170857696317597,0.0,0.9668352977598191,0.7514854102800619,47.450248547850165,46.99284459569536,0.0
9.497,0.43517335310186117,-0.20590595786355853,0.21141333012167507,0.0,0.9658945392340159,0.7506806680609867,47.442253623207904,46.99284459569536,0.0
9.498,0.43152167302156097,-0.2063213076820836,0.21091670216768033,0.0,0.9650094363831063,0.7501731086141645,47.43232399778435,46.99284459569536,0.0
9.499,0.42820133712897346,-0.20682581001693212,0.21148672085856668,0.0,0.9642134296312539,0.7500241833098525,47.415062607869515,46.99284459569536,0.0
9.5,0.4252761147175592,-0.20746282337140787,0.21589523569424313,0.0,0.9635471574697992,0.750578357412132,47.38726710073834,46.99284459569536,0.0
9.501,0.42294239812652534,-0.20833003314044332,0.22584876420940014,0.0,0.9630919528757675,0.7522887464772485,47.405817795424966,46.99284459569536,0.0
9.502,0.4215192416536193,-0.20962004409499738,0.21244368486879206,0.0,0.9629865367549608,0.7523416922099405,47.46373424445112,46.99284459569536,0.0
9.503,0.42005285894714206,-0.2107126057101703,0.17877656386815854,0.0,0.9630042384876274,0.7489565397736027,47.48726429136196,46.99284459569536,0.0
9.504,0.4170180223615325,-0.21083748104828076,0.16206734345607132,0.0,0.9626844654744341,0.7447294979161941,47.47357787160126,46.99284459569536,0.0
9.505,0.41248367874708924,-0.21001946989619868,0.16410322057736354,0.0,0.9618827355967093,0.7417526510624028,47.43959690843714,46.99284459569536,0.0
9.506,0.4074384751313186,-0.2088072347247163,0.17662617903200517,0.0,0.9607383282640354,0.7408601115266061,47.404943593621525,46.99284459569536,0.0
9.507,0.4029799154976982,-0.2078207954276793,0.18983184646055057,0.0,0.9595227217400899,0.7417097685672562,47.382568703065495,46.99284459569536,0.0
9.508000000000001,0.39975607336896624,-0.20742661604302962,0.19712205066486416,0.0,0.9584801462332628,0.7433328020774598,47.375447055876656,46.99284459569536,0.0
9.509,0.3978008324288147,-0.20764128779104798,0.19685684965747074,0.0,0.9577316873142677,0.7447700386152333,47.37844095019908,46.99284459569536,0.0
9.51,0.3966989902524233,-0.20822833226375762,0.19150393895122236,0.0,0.9572642261154669,0.7455041876697182,47.383862040193755,46.99284459569536,0.0
9.511000000000001,0.3959042847526355,-0.20888073187549433,0.18488321950890002,0.0,0.9569828194545589,0.745519824850494,47.386113166403184,46.99284459569536,0.0
9.512,0.3950041382338003,-0.20936772502795614,0.1798249706971069,0.0,0.9567781624284726,0.7451066265343014,47.38304924417049,46.99284459569536,0.0
9.513,0.3938267259264584,-0.20959236633072809,0.17745488532870113,0.0,0.9565724918851559,0.7446246693333323,47.37530844780386,46.99284459569536,0.0
9.514,0.3924117507185299,-0.2095754564253978,0.1775006449909327,0.0,0.9563350861734601,0.7443429483644566,47.364952658807205,46.99284459569536,0.0
9.515,0.39091385496895237,-0.20940243602230113,0.17895745885814185,0.0,0.956074385790759,0.7443760696304438,47.35410027556716,46.99284459569536,0.0
9.516,0.3895017552843908,-0.20916708081988442,0.180771093679445,0.0,0.9558189087046914,0.7447050924310393,47.344040388618346,46.99284459569536,0.0
9.517,0.3882929123336234,-0.20893463799634182,0.1822890792246234,0.0,0.9555986664487248,0.7452433590324639,47.33503058563792,46.99284459569536,0.0
9.518,0.387335114190282,-0.20873133895631318,0.18337212081541254,0.0,0.9554342366123298,0.7459029988339445,47.326608937359396,46.99284459569536,0.0
9.519,0.3866232709516719,-0.20855373758547574,0.18424530153803265,0.0,0.9553347105793306,0.7466341759100315,47.318042661619074,46.99284459569536,0.0
9.52,0.38613003135637225,-0.20838566165599626,0.1852764587489561,0.0,0.9553015425187055,0.7474341160842818,47.30859595287554,46.99284459569536,0.0
9.521,0.38583284364691217,-0.20821297736036376,0.18684229954892023,0.0,0.9553343707683429,0.7483404346030194,47.2974806419458,46.99284459569536,0.0
9.522,0.3857309888186293,-0.20803257648780785,0.1893535945512853,0.0,0.9554364307918659,0.7494282202911239,47.28340027115574,46.99284459569536,0.0
9.523,0.3858564737701199,-0.20785771663643005,0.19348822319171233,0.0,0.9556196328069209,0.7508323077202465,47.26329317746044,46.99284459569536,0.0
9.524000000000001,0.38629078810600614,-0.20772686758127334,0.20083728422171232,0.0,0.9559122785658293,0.752834837307426,47.229259652244615,46.99284459569536,0.0
9.525,0.3872111424293376,-0.20773464364323882,0.2154898962641325,0.0,0.9563780765649326,0.7561077793939366,47.17721907904432,46.99284459569536,0.0
9.526,0.3889903086211557,-0.20817203967615583,0.23966643803079002,0.0,0.9571726247757772,0.7614263958077476,47.14997038314848,46.99284459569536,0.0
9.527000000000001,0.3921704016314769,-0.20950466690099598,0.2517195281041801,0.0,0.9585617948413228,0.7670446613224517,47.16535982930348,46.99284459569536,0.0
9.528,0.3964614924139104,-0.21147395252066153,0.24229965269059622,0.0,0.9605771695976981,0.7706430810400473,47.207339371734285,46.99284459569536,0.0
9.529,0.40065533864742797,-0.2132825715692156,0.21916493371480594,0.0,0.9629301040893403,0.7712141637504571,47.25116853907635,46.99284459569536,0.0
9.53,0.40343519453259535,-0.21412082866323695,0.19466711060996206,0.0,0.965178975492716,0.7692361726021822,47.276238051607734,46.99284459569536,0.0
9.531,0.4040705495771654,-0.21355231414983764,0.1792984197851477,0.0,0.966934241473512,0.7661931994533399,47.27374701912487,46.99284459569536,0.0
9.532,0.4027062724657801,-0.21167098405121162,0.1777349117922853,0.0,0.9680084223756298,0.7637681752791927,47.24869324902465,46.99284459569536,0.0
9.533,0.40021087800566735,-0.20900230163457245,0.1877033103091032,0.0,0.9684579410052769,0.7630660811489496,47.21609470139369,46.99284459569536,0.0
9.534,0.3977208910952009,-0.20622295245394215,0.20177008306759692,0.0,0.968513256773232,0.7641757539285114,47.18912759859978,46.99284459569536,0.0
9.535,0.39611375175421437,-0.20384536081447982,0.21329080443550824,0.0,0.9684402666538134,0.7664584880882017,47.17204163595764,46.99284459569536,0.0
9.536,0.39574435621540116,-0.202072221906956,0.22004181535395634,0.0,0.9684315795988725,0.769157615923191,47.16293061647613,46.99284459569536,0.0
9.537,0.3965228672454357,-0.20084907380052663,0.22289646488690296,0.0,0.9685768591302928,0.7717431334399351,47.157710225209215,46.99284459569536,0.0
9.538,0.3981312788871243,-0.19999110748582027,0.22385800422522295,0.0,0.968884017646692,0.7739927098197472,47.152533454109175,46.99284459569536,0.0
9.539,0.40022326787960705,-0.19929831229526934,0.22484950119110453,0.0,0.969317790141619,0.7759334590133252,47.14498512861143,46.99284459569536,0.0
9.540000000000001,0.4025469776108077,-0.1986257567065153,0.2271022586108159,0.0,0.9698352071435534,0.7777267107030403,47.13434024708788,46.99284459569536,0.0
9.541,0.4049838108410161,-0.1979052716520413,0.2310097428586676,0.0,0.9704076798141614,0.7795548600590333,47.12117004374996,46.99284459569536,0.0
9.542,0.4075253605637276,-0.19713167780649749,0.2363115900470787,0.0,0.971027829680843,0.7815463679575381,47.1066771396218,46.99284459569536,0.0
9.543000000000001,0.41022159743451336,-0.1963330002504009,0.24241971667189494,0.0,0.9717049967579918,0.7837484449511474,47.09208987545982,46.99284459569536,0.0
9.544,0.4131295496682805,-0.19554139012919325,0.24872089595524122,0.0,0.9724555644890147,0.7861371670310234,47.07828093337713,46.99284459569536,0.0
9.545,0.41627971043724415,-0.1947741981280562,0.2547710036197686,0.0,0.9732934726360096,0.7886471355640309,47.06562470353522,46.99284459569536,0.0
9.546,0.4196647260864299,-0.19402754288339502,0.26037131746232445,0.0,0.9742241266647047,0.7912045813907519,47.05404503909736,46.99284459569536,0.0
9.547,0.42324616815362137,-0.19328005334086934,0.26554914524723466,0.0,0.9752427025759711,0.7937527974846855,47.04318151129024,46.99284459569536,0.0
9.548,0.42697106993748457,-0.19250221119393374,0.2704775399948447,0.0,0.9763361547647661,0.7962644699291875,47.032592630566924,46.99284459569536,0.0
9.549,0.43078960049699566,-0.19166643175040368,0.2753745000077883,0.0,0.9774872716618137,0.7987409126583591,47.02192439865899,46.99284459569536,0.0
9.55,0.43466756862819855,-0.19075423638214342,0.28041781793211973,0.0,0.9786789374459997,0.8012022269870277,47.01100158141738,46.99284459569536,0.0
9.551,0.4385909905261049,-0.1897588746945779,0.28569765669570285,0.0,0.9798972002526847,0.8036741288185416,46.99983488468951,46.99284459569536,0.0
9.552,0.4425633294402593,-0.18868371962303887,0.29121110216969603,0.0,0.9811325135208588,0.806176624300498,46.988566333528446,46.99284459569536,0.0
9.553,0.44659822750438305,-0.1875380601396119,0.29688816037189836,0.0,0.9823792740179494,0.808717628110666,46.97738951968127,46.99284459569536,0.0
9.554,0.4507112151012196,-0.1863323126201158,0.3026311180556287,0.0,0.9836342832140378,0.8112920826977045,46.96647926310938,46.99284459569536,0.0
9.555,0.4549132095525541,-0.1850742844027212,0.3083498996674335,0.0,0.9848949113205026,0.8138851396324305,46.95594811890921,46.99284459569536,0.0
9.556000000000001,0.4592072065963416,-0.18376730424167698,0.31398443653537744,0.0,0.9861575947742526,0.8164772451933827,46.94583978433751,46.99284459569536,0.0
9.557,0.46358819911860305,-0.18241023321870356,0.31950865193480815,0.0,0.9874170124278063,0.8190487576618618,46.936158872259504,46.99284459569536,0.0
9.558,0.46804525949265763,-0.18099873970544342,0.3249159652081685,0.0,0.9886659459866238,0.8215821562390004,46.92690455091335,46.99284459569536,0.0
9.559000000000001,0.4725641316351802,-0.17952687886453425,0.3302025263290663,0.0,0.9898955362899059,0.8240620515729353,46.918089262135396,46.99284459569536,0.0
9.56,0.47712920225199223,-0.1779883058978424,0.3353577240536424,0.0,0.991095632678326,0.8264741534958748,46.909741176567245,46.99284459569536,0.0
9.561,0.4817245309679417,-0.17637691658597077,0.3403628010289993,0.0,0.9922550625255594,0.8288042259028201,46.90198845967627,46.99284459569536,0.0
9.562,0.48633409862729693,-0.17468714090931384,0.3451477208346786,0.0,0.9933617951974503,0.8310324253072952,46.89501948964173,46.99284459569536,0.0
9.563,0.4909395866114984,-0.1729127548190276,0.3496104569124824,0.0,0.9944023898294345,0.8331310218073451,46.88908990716967,46.99284459569536,0.0
9.564,0.4955177879639242,-0.1710455170765574,0.353612795033771,0.0,0.9953611323574569,0.8350619006842276,46.88458084988461,46.99284459569536,0.0
9.565,0.5000376907702843,-0.16907370539685052,0.35694996113440985,0.0,0.9962188616130219,0.8367712235209059,46.8821821094076,46.99284459569536,0.0
9.566,0.5044560300710637,-0.16698019280390053,0.3592559562357901,0.0,0.9969511819582707,0.8381748565045961,46.8833303410398,46.99284459569536,0.0
9.567,0.5087071615999044,-0.16473925091595903,0.3597769829662456,0.0,0.9975250650856199,0.839122170138614,46.89076923222173,46.99284459569536,0.0
9.568,0.5126760932332999,-0.1623134676028182,0.3570782910100184,0.0,0.9978918645180695,0.83933600317509,46.903239808062004,46.99284459569536,0.0
9.569,0.5161337586704651,-0.1596710778035976,0.3517390509662142,0.0,0.9979769622661393,0.8386641494841531,46.879361073619734,46.99284459569536,0.0
9.57,0.518823773293893,-0.15681427873764373,0.36481325340810566,0.0,0.9976985408710456,0.839298220651958,46.79760761221116,46.99284459569536,0.0
9.571,0.5216286010570317,-0.15405772594173545,0.4076423539472349,0.0,0.9972367159153512,0.8441398706906466,46.70409507225068,46.99284459569536,0.0
9.572000000000001,0.5264375360703712,-0.152290812405803,0.45728611916192097,0.0,0.9971384434981018,0.8529827618242856,46.662802835944774,46.99284459569536,0.0
9.573,0.534509020412127,-0.15207830805445186,0.4812326549123802,0.0,0.9979285810926519,0.8622294439557798,46.562318184815275,46.99284459569536,0.0
9.574,0.5452038883249055,-0.15287754572431822,0.5357802445859303,0.0,0.999654414328095,0.8752955205131772,46.49790693290406,46.99284459569536,0.0
9.575000000000001,0.5591820146411903,-0.15551751192646812,0.5729352471694519,0.0,1.0027966758012712,0.8893385019101673,46.55646055359872,46.99284459569536,0.0
9.576,0.575935612193057,-0.15940711760475654,0.5480222772430883,0.0,1.0074304662294196,0.8974763201294985,46.690106893084184,46.99284459569536,0.0
9.577,0.5919885269262398,-0.16266550204342023,0.484226484526467,0.0,1.0127341856681564,0.8968970434250153,46.83938411813447,46.99284459569536,0.0
9.578,0.6035723055179145,-0.1633611209325274,0.411122476776934,0.0,1.017493539725986,0.8883888969118191,46.94169134980371,46.99284459569536,0.0
9.579,0.6083656510019042,-0.16035435350885277,0.36048039340122867,0.0,1.020588443121218,0.8759564811445716,46.95265200082163,46.99284459569536,0.0
9.58,0.6064678933458434,-0.15397020707312925,0.3554019938410071,0.0,1.0214584261665085,0.8652812809727107,46.803938172591685,46.99284459569536,0.0
9.581,0.6006302474038887,-0.14569911805686483,0.4316479721870159,0.0,1.0203279125626525,0.8648216042132827,46.55437328245236,46.99284459569536,0.0
9.582,0.596683087219513,-0.13845766024722284,0.5608151303891085,0.0,1.0185506331743417,0.8781165825490441,46.31266908866476,46.99284459569536,0.0
9.583,0.60038734695585,-0.13513502360237256,0.6884689823532134,0.0,1.0179875041056008,0.9022076470735879,46.1349959325903,46.99284459569536,0.0
9.584,0.614538277765195,-0.13702333320129775,0.7858840470214951,0.0,1.020130734818518,0.9317528510410085,46.20975650526671,46.99284459569536,0.0
9.585,0.6387369633601946,-0.14356124313852553,0.7563346415875762,0.0,1.0257144498539923,0.9518129263312085,46.527993113607295,46.99284459569536,0.0
9.586,0.66579612018437,-0.15122714945996588,0.601864852238165,0.0,1.033523671510925,0.9509946624271307,46.981368061602,46.99284459569536,0.0
9.587,0.6853524407202876,-0.15505103734469047,0.37529214358174695,0.0,1.0408141132158617,0.9257802433297329,47.26560059480309,46.99284459569536,0.0
9.588000000000001,0.6884295450391099,-0.15077146084012927,0.2304483169901239,0.0,1.0443450765462157,0.8900062982043424,47.081251208652496,46.99284459569536,0.0
9.589,0.6748896752917372,-0.13844450371434572,0.32173894393584923,0.0,1.0426323795122054,0.871173407869872,46.52203018839138,46.99284459569536,0.0
9.59,0.6571693773538643,-0.12404077462841168,0.6060575981394454,0.0,1.037746522519954,0.8862285166340783,45.93319302453723,46.99284459569536,0.0
9.591000000000001,0.6518887335559785,-0.11566659496859488,0.9110726957781023,0.0,1.0340776396316276,0.9304016708592434,45.610510028680714,46.99284459569536,0.0
9.592,0.6689076179728038,-0.1180035502049519,1.0862375393765076,0.0,1.035533767327248,0.984083719468668,45.923230968165775,46.99284459569536,0.0
9.593,0.7063722657648097,-0.12996089311134496,0.940573205909273,0.0,1.0435044252815886,1.0108175284563798,46.71532109665773,46.99284459569536,0.0
9.594,0.7462231279347866,-0.14309338773296348,0.5473033766536709,0.0,1.05467639931858,0.9898630360965335,47.459223403037036,46.99284459569536,0.0
9.595,0.7659374867631527,-0.1469445794080172,0.1706884353906019,0.0,1.0629280328539281,0.9328561742805688,47.46119451575309,46.99284459569536,0.0
9.596,0.7547770899162048,-0.13620048264561507,0.1650193798319965,0.0,1.0634334542935295,0.8869425025423672,46.63672392808896,46.99284459569536,0.0
9.597,0.7265405595128926,-0.1169558078588418,0.5808158803401258,0.0,1.0572874931564296,0.894459460109321,45.58395771224904,46.99284459569536,0.0
9.598,0.7104276005255423,-0.102823828064671,1.1212878570945508,0.0,1.0511457528602441,0.9573941384283506,45.09950760696749,46.99284459569536,0.0
9.599,0.7283990412768229,-0.10423076364511141,1.3824462796226025,0.0,1.0522077371373704,1.0346058935238858,45.86400596783771,46.99284459569536,0.0
9.6,0.7772644395108023,-0.12042003816186986,1.0114854854660686,0.0,1.062651449337376,1.0555899205568553,47.09878819178752,46.99284459569536,0.0
9.601,0.8227681954795136,-0.13575686687282806,0.3930349375302435,0.0,1.0756743514337166,1.006683204600935,47.86909223573286,46.99284459569536,0.0
9.602,0.8338777641704218,-0.1357584734818511,-0.00087956084280022,0.0,1.0823511001647137,0.9260563461122515,47.17675728459958,46.99284459569536,0.0
9.603,0.8057652477921572,-0.11764296465159624,0.34344878783479554,0.0,1.0783047661363248,0.8991785841723203,45.65745578455637,46.99284459569536,0.0
9.604000000000001,0.7742849892681201,-0.0965492307028068,1.1164534259677916,0.0,1.0698361336707172,0.9593528950052584,44.655942025987116,46.99284459569536,0.0
9.605,0.7802829731137537,-0.09122617527239701,1.6405793309495005,0.0,1.0678571967771067,1.0616121338667395,45.482013782257546,46.99284459569536,0.0
9.606,0.8322173915748274,-0.10703303689612348,1.2426517609486636,0.0,1.0780940627919198,1.0987814572105412,47.184694873094706,46.99284459569536,0.0
9.607,0.8872091682878902,-0.12594090135144725,0.38939271275609016,0.0,1.09294597101348,1.0378485639664425,48.17424318782463,46.99284459569536,0.0
9.608,0.8993904077654542,-0.1270956842602987,-0.11719543053016407,0.0,1.1001573465638945,0.9365120270139463,46.985396830363506,46.99284459569536,0.0
9.609,0.8626282405211395,-0.10584610841495445,0.4773022258537163,0.0,1.0941649296919416,0.9206565557384807,44.92994027563384,46.99284459569536,0.0
9.61,0.8304128014291514,-0.08383483306953615,1.5256595464191647,0.0,1.0849774628500948,1.0183377952294024,44.40396484325044,46.99284459569536,0.0
9.611,0.8535705522044652,-0.08440690538903745,1.8145360601353124,0.0,1.0867599073501246,1.1237555004139648,46.16530266681842,46.99284459569536,0.0
9.612,0.9191383640825359,-0.10576482837064383,0.9421425676400931,0.0,1.101249528723389,1.1129767484196036,48.06389377360402,46.99284459569536,0.0
9.613,0.9616812546307891,-0.12000762421711358,-0.017863477531794736,0.0,1.1145654410731862,1.0038240638765226,47.691246593044994,46.99284459569536,0.0
9.614,0.9427097554776328,-0.108344367251759,0.16147609277422292,0.0,1.1142091075090426,0.9387579460204396,45.351865222795944,46.99284459569536,0.0
9.615,0.9009822347324439,-0.08319778095198721,1.3475765716277421,0.0,1.1047323035923833,1.0132407758548165,44.12587911298239,46.99284459569536,0.0
9.616,0.9072157068622131,-0.07538533693205701,1.9892392813616493,0.0,1.1030435600716326,1.1369465784545585,45.823602180014525,46.99284459569536,0.0
9.617,0.969425005706638,-0.09319037819722825,1.1520701720023894,0.0,1.1159309501423,1.1428270091638042,48.074710020521614,46.99284459569536,0.0
9.618,1.0168355664632736,-0.10905831967405188,0.015697597500582416,0.0,1.129685067426624,1.0281857750127998,47.5742920655035,46.99284459569536,0.0
9.619,0.9985044964320211,-0.09856636348888104,0.2600921003115585,0.0,1.1292868549722779,0.9671217203705585,44.94773552204785,46.99284459569536,0.0
9.620000000000001,0.9594199779829131,-0.07461367868614949,1.5938214627758582,0.0,1.1202921825326937,1.060506521119159,44.11662655361612,46.99284459569536,0.0
9.621,0.9768846987753874,-0.0703639709310136,2.0381381274125148,0.0,1.12130751640689,1.1768789495626668,46.50910608323962,46.99284459569536,0.0
9.622,1.0436457380537782,-0.08994409919151092,0.8467357477253218,0.0,1.1360548709242237,1.139049173024588,48.37661611110342,46.99284459569536,0.0
9.623,1.0736732279784889,-0.09975177695229431,-0.1008569813606559,0.0,1.1464275556070973,1.01152051969053,47.00037512760478,46.99284459569536,0.0
9.624,1.0348864466105416,-0.0855374535496577,0.5871882050695699,0.0,1.14134845413638,0.9875097188060713,44.70901282839801,46.99284459569536,0.0
9.625,0.9972467563511683,-0.06736116083162702,1.755707672345927,0.0,1.1325189337593315,1.0908012755139351,45.22333324001559,46.99284459569536,0.0
9.626,1.018656561688771,-0.07256212811431345,1.5162425800939336,0.0,1.13565539041905,1.1421228942030954,47.72420197946216,46.99284459569536,0.0
9.627,1.0563255341117825,-0.09038401637198173,0.2584946365329823,0.0,1.1455187613172297,1.0487388849069712,48.51897967874895,46.99284459569536,0.0
9.628,1.038842800066784,-0.08965241788178768,-0.15415556394094865,0.0,1.1447986994794805,0.9351653614829344,46.42962362349806,46.99284459569536,0.0
9.629,0.9742761772064712,-0.06695375758865801,0.8961546734064687,0.0,1.1303037548357604,0.959465313504666,44.615284057657306,46.99284459569536,0.0
9.63,0.9403405738913626,-0.05331218605415261,1.8271000617072264,0.0,1.1184147135927212,1.0748739163355205,45.50279383322734,46.99284459569536,0.0
9.631,0.9696044230490548,-0.06720942521532158,1.398245681546891,0.0,1.120920548780145,1.1175109396178442,47.751936690878175,46.99284459569536,0.0
9.632,1.0097279957335987,-0.09013296026390522,0.2660833317696438,0.0,1.129822119240791,1.0317645749130606,48.58330199821676,46.99284459569536,0.0
9.633000000000001,0.9982525301454629,-0.09420507482542112,-0.16550389592486348,0.0,1.1294775934361758,0.9209935691177376,46.92058825672112,46.99284459569536,0.0
9.634,0.9392641784688704,-0.0760219049533648,0.6665755382127008,0.0,1.116049549800948,0.923483785382106,45.08650311252737,46.99284459569536,0.0
9.635,0.8989352934830895,-0.062329085247116,1.6026815251412558,0.0,1.1028889536867124,1.02287933370895,45.200344768778294,46.99284459569536,0.0
9.636000000000001,0.9163444005522875,-0.07295252592523,1.5636856952849634,0.0,1.1022894786882402,1.0950503758107388,46.99828461367344,46.99284459569536,0.0
9.637,0.9619838464816903,-0.09845427571941862,0.6646613726576089,0.0,1.1116660134703742,1.0565954010305134,48.49934310688986,46.99284459569536,0.0
9.638,0.9766895929797063,-0.11287626266465012,-0.10093285906254568,0.0,1.1175907983623055,0.9465372172880927,48.109715085189094,46.99284459569536,0.0
9.639,0.9360207725642681,-0.1036211937077739,0.08271244689289992,0.0,1.1107550089360925,0.8805548840920858,46.34573885893968,46.99284459569536,0.0
9.64,0.8765795888723199,-0.08349075069185552,0.9711716173851626,0.0,1.0958827670907183,0.9225131029696128,45.204180179873184,46.99284459569536,0.0
9.641,0.8534896519922696,-0.0773701022736793,1.5598376010766337,0.0,1.086221604421794,1.016602423495875,45.70009830025246,46.99284459569536,0.0
9.642,0.880440498361752,-0.09364568458311512,1.3248060038414229,0.0,1.0887870106106081,1.065381067700387,47.23900864367279,46.99284459569536,0.0
9.643,0.9222179174889904,-0.11833918841508279,0.5528891916514853,0.0,1.0985272701994135,1.0226518470944868,48.425352340146574,46.99284459569536,0.0
9.644,0.9322838306864969,-0.1302792691586541,-0.05460773402991892,0.0,1.1040870556122222,0.925374604544549,48.22532608227608,46.99284459569536,0.0
9.645,0.8940796039287995,-0.12100467259208347,0.033080580039522745,0.0,1.0982235317989972,0.8584048726706599,46.8828503672288,46.99284459569536,0.0
9.646,0.8354842543895635,-0.10094245110834951,0.7054183798478277,0.0,1.0841352887821616,0.8766894826227956,45.744489952001,46.99284459569536,0.0
9.647,0.8016545254422407,-0.09063110101476318,1.287082133898672,0.0,1.0723507047667655,0.952131758914357,45.60556829736554,46.99284459569536,0.0
9.648,0.812127339607838,-0.10022038817665413,1.3704157241997004,0.0,1.0704467418708083,1.0207110997201378,46.61200560597271,46.99284459569536,0.0
9.649000000000001,0.8513815435811452,-0.12359722594426945,0.8710054597933392,0.0,1.0780666686278448,1.0222604108726279,47.82501923413687,46.99284459569536,0.0
9.65,0.8803318585371708,-0.14316399203501623,0.2561768993268463,0.0,1.0869981097167323,0.9589877519728922,48.497381793063745,46.99284459569536,0.0
9.651,0.8715497807988815,-0.14613680436867327,-0.09504975211027644,0.0,1.0888404825025517,0.8717043887193716,48.039312016767944,46.99284459569536,0.0
9.652000000000001,0.8243224992197747,-0.13141764861745325,0.12352046182689813,0.0,1.0801214464284674,0.8259957693135652,46.913393259317424,46.99284459569536,0.0
9.653,0.7688228577258364,-0.11177644758639188,0.6872743539159377,0.0,1.0656901114653055,0.8494460219798953,46.058345017586795,46.99284459569536,0.0
9.654,0.7393985026452373,-0.10350424194380872,1.1241434705623377,0.0,1.0543334046547193,0.9142078624374161,45.90554784098529,46.99284459569536,0.0
9.655,0.7480019658020793,-0.11301419380270492,1.2114150264101897,0.0,1.0517173693318482,0.9753484036468678,46.55146567216539,46.99284459569536,0.0
9.656,0.7825796462084218,-0.134809966536043,0.8928699000554396,0.0,1.057779427144288,0.9904830975324567,47.47366497161336,46.99284459569536,0.0
9.657,0.8145338192763001,-0.1557232612901093,0.42696204657227577,0.0,1.0668312532596564,0.9534769329577271,48.178146005518045,46.99284459569536,0.0
9.658,0.8202315708870447,-0.16447502726124463,0.06286851552170647,0.0,1.0720308416152995,0.8853781466247731,48.274584933173294,46.99284459569536,0.0
9.659,0.7922231415269173,-0.15759496542380094,0.0018316483193023814,0.0,1.0690562680402524,0.8246739824246413,47.74454909641787,46.99284459569536,0.0
9.66,0.7433064280605292,-0.14058524082586693,0.25933252168978915,0.0,1.0585064663152988,0.8037789962174973,46.953676303621904,46.99284459569536,0.0
9.661,0.6978777385946995,-0.1247555143798423,0.6551606010085067,0.0,1.0453509734790425,0.8293925971565035,46.417530272582226,46.99284459569536,0.0
9.662,0.6766712952550351,-0.12020334902847706,0.928986759759477,0.0,1.0357299490961223,0.8791703072601079,46.32912057162626,46.99284459569536,0.0
9.663,0.684232321646993,-0.1296649279728483,0.9798288504781498,0.0,1.0331350934992494,0.9248187349700923,46.64232249573365,46.99284459569536,0.0
9.664,0.7109058559736902,-0.14817233036826927,0.8267331094240724,0.0,1.037305764707115,0.9454354034142385,47.21450017236698,46.99284459569536,0.0
9.665000000000001,0.7396745474415711,-0.16756146415569054,0.5384277153406909,0.0,1.0450687663312708,0.9313270154779254,47.82382999521264,46.99284459569536,0.0
9.666,0.7535850337837126,-0.17975737952021761,0.2254529499226885,0.0,1.0517922883516029,0.8866191296595562,48.193836170610844,46.99284459569536,0.0
9.667,0.7423355504793531,-0.17983982401398083,0.028439946474432265,0.0,1.0532597793287344,0.8298892499268296,48.082425179866945,46.99284459569536,0.0
9.668000000000001,0.7072610417612996,-0.16837414969196757,0.07324963600466572,0.0,1.0476454846145207,0.7896240042738397,47.644664606368835,46.99284459569536,0.0
9.669,0.6626490443802823,-0.1521571158127601,0.2856117226469862,0.0,1.0368968778229364,0.7802921609748115,47.089341532955444,46.99284459569536,0.0
9.67,0.6257160191029085,-0.13944537402635335,0.5623082899810805,0.0,1.0250538261228952,0.8027481556735558,46.75442830465398,46.99284459569536,0.0
9.671,0.6091459926455214,-0.13682389249683435,0.7321490670422278,0.0,1.0164794335123495,0.8391431381933458,46.71120603407497,46.99284459569536,0.0
9.672,0.6139170316597167,-0.1449005499625543,0.7565765879479358,0.0,1.0133166255513617,0.8713392881729831,46.87603708509762,46.99284459569536,0.0
9.673,0.6322910926824454,-0.15968079295401194,0.675329137542587,0.0,1.0152347735388398,0.8888446112825543,47.18251255207964,46.99284459569536,0.0
9.674,0.6536113684825169,-0.17571097633913146,0.5201947244877334,0.0,1.0203271567809757,0.8863774162201552,47.50302611037743,46.99284459569536,0.0
9.675,0.667574438714598,-0.1878594364751831,0.3548361301920211,0.0,1.0258396109737724,0.8667053427787016,47.7500588947848,46.99284459569536,0.0
9.676,0.668017226291023,-0.19301716460627838,0.2237475949974399,0.0,1.029279477896204,0.8368764932411406,47.929286705677164,46.99284459569536,0.0
9.677,0.653776785912095,-0.19075356976471794,0.12476926845143987,0.0,1.0290919004587538,0.8023686610989104,47.89861693354109,46.99284459569536,0.0
9.678,0.626792061869892,-0.1820916527263968,0.13104643114101866,0.0,1.024542122625026,0.7757990408293254,47.65002224088452,46.99284459569536,0.0
9.679,0.5944285895635825,-0.17065079824984425,0.24877200101741426,0.0,1.0166184857256753,0.7676085805761057,47.32542626211124,46.99284459569536,0.0
9.68,0.5668405625648455,-0.1615352660221603,0.4077441737398926,0.0,1.0077798664906574,0.7784655342057794,47.10420222300442,46.99284459569536,0.0
9.681000000000001,0.5516237796507057,-0.15872657136699975,0.5172426170202131,0.0,1.0006930034523178,0.7992060034331625,47.076642441078455,46.99284459569536,0.0
9.682,0.549981842327188,-0.16303242278020688,0.5301845295293651,0.0,0.9968906042425549,0.8175208106536224,47.14859172184997,46.99284459569536,0.0
9.683,0.5571989516106461,-0.17180854646486377,0.4926524178820626,0.0,0.9962222407669948,0.8285556444303499,47.2793910457287,46.99284459569536,0.0
9.684000000000001,0.5673754528203389,-0.18204189402993942,0.42438729144236254,0.0,0.9977621040119746,0.8302390716497228,47.420894285769165,46.99284459569536,0.0
9.685,0.5752386511914956,-0.19092009336523943,0.34935517452139253,0.0,1.0001905921056262,0.8235740740660162,47.557669672312684,46.99284459569536,0.0
9.686,0.5773753179013436,-0.19669938115060015,0.27531923048345974,0.0,1.0022566712945793,0.8102683910207111,47.67548468315402,46.99284459569536,0.0
9.687,0.5722292446466403,-0.19844759964914338,0.20958532418820652,0.0,1.002920085417092,0.7925969486718489,47.68275551280635,46.99284459569536,0.0
9.688,0.5597831487062627,-0.1961867615331525,0.19905080019092936,0.0,1.0014838395147232,0.7775751432142712,47.623176152816534,46.99284459569536,0.0
9.689,0.5432425754128893,-0.1917142161850423,0.22253716461462691,0.0,0.998219666049701,0.7682957411416607,47.53765091896483,46.99284459569536,0.0
9.69,0.5264527405840274,-0.18706436287138162,0.25985171830778464,0.0,0.9938872113128984,0.7651690752900604,47.4484801534883,46.99284459569536,0.0
9.691,0.5124301125897879,-0.18383044537013032,0.2998807454681208,0.0,0.9893661030726151,0.7673264687317234,47.37289622389672,46.99284459569536,0.0
9.692,0.5029475045534464,-0.18294742279959925,0.3338721939818975,0.0,0.9854480516927805,0.7730576416741591,47.332059475527444,46.99284459569536,0.0
9.693,0.4984532568575187,-0.18464681725623625,0.3508984193682131,0.0,0.9826906863611085,0.7797564036579129,47.346296491964964,46.99284459569536,0.0
9.694,0.49801481364741873,-0.18843802829005946,0.3402453921867573,0.0,0.9812789730301332,0.7841707439424526,47.40727034606567,46.99284459569536,0.0
9.695,0.4994304379670741,-0.1931496193354314,0.30561420763269975,0.0,0.9809302279653623,0.7841394757290463,47.479293079465855,46.99284459569536,0.0
9.696,0.5001090167235608,-0.1973656326100714,0.2647383560949038,0.0,0.9810298761354839,0.7798659405868692,47.52837052566495,46.99284459569536,0.0
9.697000000000001,0.49825784297587616,-0.2000970200694107,0.2348443736956617,0.0,0.9809504984621569,0.7733605591271937,47.54192385747921,46.99284459569536,0.0
9.698,0.4934926926778592,-0.20113754721037758,0.22257691517069078,0.0,0.9803156645211082,0.7669529522277037,47.52619648016008,46.99284459569536,0.0
9.699,0.486617423449893,-0.20093139054248849,0.22510708498560883,0.0,0.9790704707793378,0.7622322440010444,47.495486046845286,46.99284459569536,0.0
9.700000000000001,0.47896979100497483,-0.20021171435243373,0.23543588713150693,0.0,0.9774006227748513,0.7597424406374351,47.464580957837235,46.99284459569536,0.0
9.701,0.47179216913394384,-0.19965948851792978,0.24617106801411387,0.0,0.9755952311545577,0.7591252767667301,47.44462165445906,46.99284459569536,0.0
9.702,0.4658337634657502,-0.19968642753876667,0.25163294911556305,0.0,0.9739171478598597,0.7594663936381906,47.44011800990658,46.99284459569536,0.0
9.703,0.4612216579126337,-0.20036241744345729,0.24941203724969374,0.0,0.9725150740810857,0.759754418930936,47.44788780870857,46.99284459569536,0.0
9.704,0.45758082491329577,-0.2014796354510641,0.2409767057185641,0.0,0.971398144291253,0.75932212754116,47.45997149447026,46.99284459569536,0.0
9.705,0.4543255184439325,-0.20271306660954902,0.2302635938499712,0.0,0.9704741835887836,0.7580489587027807,47.46887126904749,46.99284459569536,0.0
9.706,0.4509662042483136,-0.2037906786433681,0.2210534398278347,0.0,0.9696215050848582,0.7562416963510677,47.47101172251271,46.99284459569536,0.0
9.707,0.44728130147139133,-0.20458874980731923,0.21520154182704943,0.0,0.9687503799038508,0.7543500313077743,47.466845646235775,46.99284459569536,0.0
9.708,0.4433136318042328,-0.2051303410330363,0.2125445694601144,0.0,0.9678287950598037,0.7527262669059721,47.459052935976935,46.99284459569536,0.0
9.709,0.4392571999387446,-0.20552292390864885,0.21177884118671886,0.0,0.9668747604640413,0.7515215908820736,47.450474254012754,46.99284459569536,0.0
9.71,0.43532535670663747,-0.2058852828098441,0.21149188558563548,0.0,0.9659315953758412,0.7507100096044805,47.44250288577323,46.99284459569536,0.0
9.711,0.43166366840483805,-0.20629919997995533,0.21098098680461863,0.0,0.9650434959684016,0.7501954079168025,47.43298963522603,46.99284459569536,0.0
9.712,0.42833309290552685,-0.20680177472676917,0.21133616168291236,0.0,0.964243890383387,0.7500173811034769,47.41586195193366,46.99284459569536,0.0
9.713000000000001,0.42538801363001716,-0.2074313584509857,0.21566982976671556,0.0,0.9635706711377366,0.7505410011187308,47.3877223378849,46.99284459569536,0.0
9.714,0.4230269052115291,-0.2082872513462946,0.22579085936919735,0.0,0.9631049881994187,0.752245184916608,47.404387430842036,46.99284459569536,0.0
9.715,0.42158119182677817,-0.20957034743539463,0.213342884539164,0.0,0.9629888735755678,0.752397311901675,47.462494901063494,46.99284459569536,0.0
9.716000000000001,0.4201424448029667,-0.21068322089920177,0.1795926463747537,0.0,0.9630091682327369,0.7490783733148366,47.48701231999426,46.99284459569536,0.0
9.717,0.4171570813842321,-0.21084013291342193,0.16239225966638304,0.0,0.9627016711524312,0.7448528204019453,47.47422360561468,46.99284459569536,0.0
9.718,0.4126587844818707,-0.21004691648589466,0.16397282675697722,0.0,0.9619135455616967,0.7418298983444344,47.44064365979361,46.99284459569536,0.0
9.719,0.40761837752337393,-0.2088419185883114,0.17628480902653193,0.0,0.9607773227198262,0.7408784301087569,47.40589992327344,46.99284459569536,0.0
9.72,0.40313592981627744,-0.2078464643034533,0.18952612401083613,0.0,0.9595621253462158,0.7416845764162335,47.38315118266631,46.99284459569536,0.0
9.721,0.3998741842415629,-0.20743536893525433,0.19699742844469037,0.0,0.9585137963930611,0.7432919862296303,47.37564491351162,46.99284459569536,0.0
9.722,0.3978834947047395,-0.207634600093602,0.1969225598438723,0.0,0.9577570676976617,0.7447372319692465,47.37842807889254,46.99284459569536,0.0
9.723,0.39675891763941584,-0.2082134101562477,0.19167514232144112,0.0,0.9572822132410711,0.7454896096057196,47.38383581454205,46.99284459569536,0.0
9.724,0.3959556661790364,-0.2088655233486987,0.1850613623082178,0.0,0.9569960263443306,0.7455213342966445,47.3861959254721,46.99284459569536,0.0
9.725,0.3950565456918059,-0.2093575871484814,0.17994779354542612,0.0,0.956789236492408,0.7451157838040195,47.383274090172755,46.99284459569536,0.0
9.726,0.393883370227819,-0.20958912823131276,0.17750441625032554,0.0,0.9565831194575286,0.7446325316567977,47.375644755323385,46.99284459569536,0.0
9.727,0.3924708756210731,-0.20957817687034555,0.17749108207872988,0.0,0.9563457688508805,0.744343602686988,47.365343863436784,46.99284459569536,0.0
9.728,0.39097140735073843,-0.20940887953682483,0.1789165353446161,0.0,0.9560847472148384,0.7443675813181272,47.354497420149485,46.99284459569536,0.0
9.729000000000001,0.3895538063379768,-0.20917507537751404,0.18072322874372448,0.0,0.9558282001213256,0.7446884830924917,47.344419916439335,46.99284459569536,0.0
9.73,0.3883369916629865,-0.20894282868324857,0.1822462273913597,0.0,0.9556061888198241,0.7452207765014386,47.33539441088562,46.99284459569536,0.0
9.731,0.3873703673705258,-0.20873927871737527,0.18333348201631489,0.0,0.9554395399600646,0.7458761679870306,47.326974204538324,46.99284459569536,0.0
9.732,0.38664986764094994,-0.20856155927978476,0.18420228910153313,0.0,0.9553375814963638,0.7466036403985398,47.318431781004016,46.99284459569536,0.0
9.733,0.3861483748792369,-0.20839364571430474,0.18521762901560074,0.0,0.9553018728223571,0.7473991282487165,47.30903419780116,46.99284459569536,0.0
9.734,0.38584293183635354,-0.20822121168577298,0.18675452459597008,0.0,0.955331995193285,0.7482989853682749,47.298005226768744,46.99284459569536,0.0
9.735,0.38573196050436703,-0.20804072925391018,0.18921740380144458,0.0,0.9554309623118563,0.7493765691858582,47.28408957609922,46.99284459569536,0.0
9.736,0.3858460864153027,-0.2078647811894802,0.19326277933216818,0.0,0.9556102416375601,0.7507629902863421,47.26434699115169,46.99284459569536,0.0
9.737,0.38626423162403056,-0.20773048220613285,0.20041904785136966,0.0,0.9558972217332182,0.7527305782773028,47.23118255267073,46.99284459569536,0.0
9.738,0.3871578156422357,-0.20772883864441238,0.21461788752209554,0.0,0.9563534248164509,0.7559263023674055,47.17930059598866,46.99284459569536,0.0
9.739,0.38888833468302003,-0.20813649663684444,0.23869430586019952,0.0,0.9571284388151551,0.761173070723001,47.15021217718097,46.99284459569536,0.0
9.74,0.39200530340713385,-0.20942972574913402,0.2516648394491878,0.0,0.9584888068719759,0.7668330967850707,47.16398011361659,46.99284459569536,0.0
9.741,0.396269594733426,-0.21138611710530233,0.24306951605216542,0.0,0.960481411487377,0.770550063778402,47.205320987430724,46.99284459569536,0.0
9.742,0.40049679593702664,-0.2132196944551216,0.220274315227744,0.0,0.96282858193549,0.7712507264580911,47.249569655023215,46.99284459569536,0.0
9.743,0.40335814840276174,-0.21411203093129091,0.19558273083821986,0.0,0.9650909228456411,0.7693554408808241,47.275712139311665,46.99284459569536,0.0
9.744,0.4040885059348128,-0.2136054320862197,0.17968281325783209,0.0,0.9668728518693305,0.7663221170584835,47.27439226430665,46.99284459569536,0.0
9.745000000000001,0.4027958707037453,-0.21177171587338556,0.17752727407422741,0.0,0.9679766128134557,0.7638417018370908,47.25003184519975,46.99284459569536,0.0
9.746,0.40032561775660963,-0.20912271159167467,0.18713561113263266,0.0,0.9684489028321699,0.7630569781723852,47.21742940506826,46.99284459569536,0.0
9.747,0.39781426549647947,-0.20633560739227505,0.20119098310464917,0.0,0.9685154000634247,0.764099509641502,47.19007417320797,46.99284459569536,0.0
9.748,0.3961584957690041,-0.20393451245649408,0.21289630325966857,0.0,0.968443251317524,0.7663484903315855,47.17257745027298,46.99284459569536,0.0
9.749,0.39573573674038864,-0.20213526760716463,0.2198473361813854,0.0,0.9684293095311534,0.7690428642937825,47.16320389983382,46.99284459569536,0.0
9.75,0.39647099356378696,-0.20089193331941632,0.22283051835958306,0.0,0.9685674249964803,0.7716399405506471,47.15790286631989,46.99284459569536,0.0
9.751,0.39805149976124565,-0.20002266694941703,0.22383045241030303,0.0,0.968868250583139,0.773904778538669,47.152785492417735,46.99284459569536,0.0
9.752,0.40012901164702913,-0.19932631120212949,0.2247897303941554,0.0,0.969297570941432,0.7758560152788091,47.14536441805732,46.99284459569536,0.0
9.753,0.4024462993137715,-0.1986548239810932,0.22697506935074352,0.0,0.9698121829010687,0.7776517283616671,47.134847116883385,46.99284459569536,0.0
9.754,0.40487921454639053,-0.19793685147079593,0.23081369472583024,0.0,0.9703826428691049,0.7794752789349758,47.12176238748984,46.99284459569536,0.0
9.755,0.4074156087751229,-0.19716508284094048,0.23606688150465915,0.0,0.9710006970734877,0.7814583105268434,47.1072994958659,46.99284459569536,0.0
9.756,0.4101040864066896,-0.19636676587065355,0.24215377831492152,0.0,0.9716751518361857,0.7836515025641178,47.09269523065806,46.99284459569536,0.0
9.757,0.41300221492411515,-0.1955743492801159,0.24845740456921628,0.0,0.972422297671085,0.7860334414332033,47.07884193544036,46.99284459569536,0.0
9.758000000000001,0.4161420031148214,-0.19480603204273278,0.25452407878061634,0.0,0.9732563320791965,0.788539803483778,47.06613542065507,46.99284459569536,0.0
9.759,0.4195176778572208,-0.19405882136601715,0.26014442792366227,0.0,0.9741830892494892,0.7910965780939704,47.05451593533842,46.99284459569536,0.0
9.76,0.4230918389138454,-0.19331192516515724,0.2653374571855569,0.0,0.9751981616884444,0.793645979718746,47.04363101762414,46.99284459569536,0.0
9.761000000000001,0.4268117631683296,-0.19253595845217927,0.27027205182340835,0.0,0.9762887796695626,0.7961593734850577,47.03303875251647,46.99284459569536,0.0
9.762,0.43062718133491856,-0.19170307953957128,0.27516624280903496,0.0,0.9774378182159433,0.7986370079791102,47.022378926296874,46.99284459569536,0.0
9.763,0.43450308518415526,-0.19079433522946593,0.28020081261281704,0.0,0.9786280832721055,0.801098448405205,47.01146798376919,46.99284459569536,0.0
9.764,0.43842464223470184,-0.18980248275608727,0.2854700499959223,0.0,0.9798454495362903,0.8035694294713427,47.000309498703025,46.99284459569536,0.0
9.765,0.44239470085504934,-0.18873053818640936,0.2909746434989264,0.0,0.9810801819027395,0.8060703710910516,46.98904148355057,46.99284459569536,0.0
9.766,0.4464266426761776,-0.18758763859626654,0.2966466821966007,0.0,0.9823265356852959,0.8086097570930282,46.97785693268131,46.99284459569536,0.0
9.767,0.45053606983560346,-0.18638424006047644,0.302388834261371,0.0,0.9835812478467588,0.8111830386438851,46.96693258055554,46.99284459569536,0.0
9.768,0.4547341877590571,-0.1851283133215137,0.30811013047565394,0.0,0.9848416989912332,0.8137756856187404,46.95638409333053,46.99284459569536,0.0
9.769,0.4590243513047631,-0.1838233894199291,0.3137489791118102,0.0,0.986104387356961,0.8163682365875989,46.946257573355716,46.99284459569536,0.0
9.77,0.4634018602710916,-0.1824684988272242,0.31927810932261225,0.0,0.9873640732568205,0.8189409927821321,46.936558685892415,46.99284459569536,0.0
9.771,0.4678559854249287,-0.18105941331335168,0.32469041215229233,0.0,0.9886136156855478,0.8214763252790955,46.92728612712203,46.99284459569536,0.0
9.772,0.472372563783866,-0.1795902270187584,0.32998227622321763,0.0,0.9898442174838326,0.8239587784207958,46.9184527159777,46.99284459569536,0.0
9.773,0.4769360133871186,-0.178054596887127,0.3351429005925593,0.0,0.9910457769649251,0.8263739827953045,46.91008252759814,46.99284459569536,0.0
9.774000000000001,0.48153037649424474,-0.17644638679888458,0.3401556154633107,0.0,0.9922071541269695,0.8287078696268095,46.90230114398994,46.99284459569536,0.0
9.775,0.4861396862246252,-0.17476003105060217,0.3449517417844671,0.0,0.9933163652245306,0.8309408717987173,46.89529447403513,46.99284459569536,0.0
9.776,0.49074577403317887,-0.1729893614317704,0.3494305779784719,0.0,0.9943600453289378,0.8330456290196826,46.88931466604965,46.99284459569536,0.0
9.777000000000001,0.4953256928447275,-0.1711262494662033,0.3534557812676704,0.0,0.9953225975249769,0.8349845323376786,46.88473505988571,46.99284459569536,0.0
9.778,0.4998488274598305,-0.16915915099439868,0.35682667970773513,0.0,0.9961850351209691,0.8367046017194488,46.88222586613146,46.99284459569536,0.0
9.779,0.5042725673704992,-0.1670712182494022,0.359187463880499,0.0,0.9969232342783072,0.8381235051532214,46.88317888747618,46.99284459569536,0.0
9.78,0.5085325743002048,-0.16483716843131438,0.35980761029033403,0.0,0.997504637710749,0.8390945830595444,46.89028963420849,46.99284459569536,0.0
9.781,0.5125169151094101,-0.16242003244246966,0.35727778653904474,0.0,0.9978814641299874,0.8393465340220233,46.90294114451731,46.99284459569536,0.0
9.782,0.5160029783629424,-0.15978668853716793,0.35185106589641835,0.0,0.9979803065338546,0.8386957079472056,46.88169150696043,46.99284459569536,0.0
9.783,0.5187209805203481,-0.15693857792832505,0.3635874155622065,0.0,0.9977172233619338,0.8392009947851401,46.80172740413417,46.99284459569536,0.0
9.784,0.5214852275971831,-0.1541617305797906,0.4054806388909483,0.0,0.9972540050887482,0.8438434485347148,46.70745104219079,46.99284459569536,0.0
9.785,0.5261750813334233,-0.15233600572764533,0.4554727553976835,0.0,0.9971282927575877,0.8525672942242492,46.66289563044744,46.99284459569536,0.0
9.786,0.5341042084233969,-0.15206110364138473,0.4810499509218393,0.0,0.9978755542475299,0.861894449011769,46.57109244629325,46.99284459569536,0.0
9.787,0.544733469876865,-0.1528341704701965,0.5311690644929542,0.0,0.9995685914392617,0.8745310175181308,46.49694536668017,46.99284459569536,0.0
9.788,0.5584858843033634,-0.15535641765076486,0.5732015965896445,0.0,1.0026256982840305,0.8887891473155739,46.55061925417391,46.99284459569536,0.0
9.789,0.5751725511173308,-0.15922079196578637,0.5507869062579905,0.0,1.0072027661269138,0.8973432243550292,46.68223485256755,46.99284459569536,0.0
9.790000000000001,0.591365850811098,-0.16256263609962943,0.4880852044924502,0.0,1.0125064940010269,0.8972121638857595,46.832978636413905,46.99284459569536,0.0
9.791,0.6032531572283789,-0.16342419625673388,0.4143119721620854,0.0,1.0173280962167441,0.8889908730031806,46.93893997421608,46.99284459569536,0.0
9.792,0.6083925402514955,-0.1606027353711408,0.36187034947578917,0.0,1.0205264328236463,0.8765965661898719,46.95791945114968,46.99284459569536,0.0
9.793000000000001,0.6067660156088852,-0.15434096347954396,0.3527298624544486,0.0,1.021504924789307,0.8655107979140186,46.815184147891955,46.99284459569536,0.0
9.794,0.6009291218411253,-0.1460686507363159,0.4258741185613441,0.0,1.0204296540479774,0.8643945217723157,46.56873854793694,46.99284459569536,0.0
9.795,0.5966825083689572,-0.13867343263504436,0.5533379790164368,0.0,1.0186195319029032,0.8769806868039026,46.31874810633324,46.99284459569536,0.0
9.796,0.599854046077894,-0.13507419134649776,0.6850741647119079,0.0,1.0179270741147677,0.900952229657069,46.132338025610544,46.99284459569536,0.0
9.797,0.6135536730022566,-0.13675995050662962,0.7868842707741033,0.0,1.019922442311262,0.9308638786714025,46.197878180949644,46.99284459569536,0.0
9.798,0.6375996611029686,-0.1432325666105064,0.7620638572520104,0.0,1.0254045687693651,0.9517274906340638,46.5118741037726,46.99284459569536,0.0
9.799,0.6649149753333342,-0.1510367086345947,0.6098756007597609,0.0,1.0332185732395356,0.9517962252830109,46.96883791838014,46.99284459569536,0.0
9.8,0.685061668960782,-0.15515488886591486,0.3816337602291428,0.0,1.0406330091327876,0.9271117838639189,47.26577648441726,46.99284459569536,0.0
9.801,0.6888054034625893,-0.15119711939604635,0.2304351583233637,0.0,1.0443610208508065,0.8910774585128072,47.10217647966148,46.99284459569536,0.0
9.802,0.6756208997707522,-0.1390436168840396,0.31114184186159183,0.0,1.0428154912802907,0.8708968208279917,46.54641302177122,46.99284459569536,0.0
9.803,0.657543958928661,-0.12446553995343843,0.5934878865459622,0.0,1.0379243974610985,0.8846873104902163,45.94729027724256,46.99284459569536,0.0
9.804,0.6514295140533739,-0.11568379759414751,0.9035048019948222,0.0,1.034081251099832,0.9283798615846907,45.60602112527199,46.99284459569536,0.0
9.805,0.6676199049084506,-0.11763387649987764,1.0880076126843419,0.0,1.035294000587363,0.9826718955121382,45.89806281194198,46.99284459569536,0.0
9.806000000000001,0.7047702139704602,-0.12944120723999136,0.9529345871868773,0.0,1.0430939841112412,1.011028309995708,46.68227977641633,46.99284459569536,0.0
9.807,0.7451383987860273,-0.14281249278015756,0.5639317531424943,0.0,1.054302378833105,0.9918205026543084,47.44674075148681,46.99284459569536,0.0
9.808,0.7660115437162838,-0.14722675935473725,0.17716230404934125,0.0,1.062821009816445,0.9351073403652599,47.48831584939539,46.99284459569536,0.0
9.809000000000001,0.7558242994632842,-0.13694499558967835,0.1514200425580488,0.0,1.0636413247926433,0.8872827314474718,46.67566508676868,46.99284459569536,0.0
9.81,0.7274188190989237,-0.11763140989791568,0.5609172189606706,0.0,1.0575754705910003,0.8926474573358334,45.6113738030108,46.99284459569536,0.0
9.811,0.7101976612150569,-0.102988326357454,1.1068775687664572,0.0,1.0512350710658245,0.9544400644933866,45.08929250205752,46.99284459569536,0.0
9.812,0.726841880823573,-0.10378605497979054,1.3869537401794765,0.0,1.0519421531927828,1.0327650706042657,45.82082725819258,46.99284459569536,0.0
9.813,0.7752714459811814,-0.11973962652834397,1.0329065354869733,0.0,1.0621579433022514,1.0564215201151959,47.05820836949946,46.99284459569536,0.0
9.814,0.8216855810780506,-0.13546072493998962,0.4135623420954917,0.0,1.075287584461661,1.0095252552507616,47.86577637934773,46.99284459569536,0.0
9.815,0.8343636908626422,-0.13618322173652014,0.0010490193348341448,0.0,1.0823368986821889,0.9285181066936185,47.22698167519634,46.99284459569536,0.0
9.816,0.8071953966672873,-0.11854215520970668,0.3181050006155177,0.0,1.0786328243390342,0.898433189042059,45.71840871990046,46.99284459569536,0.0
9.817,0.7749138923873269,-0.0971609123271236,1.085135837021408,0.0,1.0701151396132231,0.9554684704420229,44.678253644295836,46.99284459569536,0.0
9.818,0.7789253338296656,-0.09092672850667977,1.6283592843377148,0.0,1.0676808037085668,1.0572686524686878,45.42311454159655,46.99284459569536,0.0
9.819,0.8292274476432583,-0.10595828999026285,1.2716261362283474,0.0,1.0773857331984409,1.0984793838319546,47.10086636816131,46.99284459569536,0.0
9.82,0.884933144088053,-0.12505851429198855,0.43167000522130494,0.0,1.0921919519340086,1.0420870866074103,48.1721196795041,46.99284459569536,0.0
9.821,0.8996885535122137,-0.1273370362055164,-0.11574940128817574,0.0,1.0999379542410357,0.9399320295006945,47.07187637795729,46.99284459569536,0.0
9.822000000000001,0.8643630553858279,-0.10686915916320866,0.43358193166261066,0.0,1.0944195989128993,0.918701077913179,45.00734417413661,46.99284459569536,0.0
9.823,0.8307131442053658,-0.08437859125293518,1.4857030377885359,0.0,1.085060700259118,1.0126296295445316,44.36719304130367,46.99284459569536,0.0
9.824,0.851145814752755,-0.08377230219483917,1.832035119748923,0.0,1.0861887605165623,1.1212206612297368,46.060948307348724,46.99284459569536,0.0
9.825000000000001,0.916249099703632,-0.10478672674937423,0.9944764496098634,0.0,1.1003807675083626,1.116513586598143,48.003391991407995,46.99284459569536,0.0
9.826,0.9612258508826919,-0.12002252431309957,0.013149133623101772,0.0,1.1141486598242878,1.009829592291548,47.76359994609936,46.99284459569536,0.0
9.827,0.9451198242537109,-0.10964065686453578,0.12533760277337813,0.0,1.1145770000829816,0.9395662218545807,45.46815788553145,46.99284459569536,0.0
9.828,0.9030161026328714,-0.08450582565019082,1.2883055001589745,0.0,1.105275156513017,1.0076469556200958,44.1257463926489,46.99284459569536,0.0
9.829,0.9060280724260554,-0.07539786960833128,1.988182228630713,0.0,1.1029610438241397,1.132593838916639,45.710884304238775,46.99284459569536,0.0
9.83,0.9665654325032842,-0.09227708452136468,1.2084328757503413,0.0,1.1153208239346566,1.145414436602519,47.993153587512566,46.99284459569536,0.0
9.831,1.015953146563107,-0.10882128517245898,0.05729514419527337,0.0,1.1293777557251994,1.0345340206428002,47.65897544708577,46.99284459569536,0.0
9.832,1.0007365042462952,-0.09966727852003815,0.21772290589476606,0.0,1.1297685700024394,0.9674734783560505,45.0758838914647,46.99284459569536,0.0
9.833,0.9610613389608293,-0.07568935464823179,1.5284382907476097,0.0,1.1208682170639053,1.0539445882007505,44.08844302290011,46.99284459569536,0.0
9.834,0.9749233354294358,-0.07001841159678274,2.0512027407578572,0.0,1.1211209859067535,1.1733539161553241,46.37553555894776,46.99284459569536,0.0
9.835,1.0406047894597816,-0.08886895344546913,0.9138295631015074,0.0,1.1354196796946443,1.143422554177773,48.35075963866119,46.99284459569536,0.0
9.836,1.0735146081422604,-0.09965055311629073,-0.08736162718486473,0.0,1.1462928384512945,1.0161936331070587,47.0682748301484,46.99284459569536,0.0
9.837,1.036886767508693,-0.08639283584805696,0.5531264747270005,0.0,1.141789624328994,0.9875986837887674,44.76865173034761,46.99284459569536,0.0
9.838000000000001,0.9986685066741068,-0.06807689396685335,1.7251799532808731,0.0,1.1329950602528451,1.0877716398973514,45.18880781169172,46.99284459569536,0.0
9.839,1.0182713854048457,-0.07242612297566925,1.5331422804488544,0.0,1.1357588228049504,1.1416646659216738,47.66157900715662,46.99284459569536,0.0
9.84,1.0558516235249986,-0.09001412127286534,0.2900693386017913,0.0,1.1455266992268816,1.051689321318009,48.5328388061934,46.99284459569536,0.0
9.841000000000001,1.0398593461668164,-0.08980442472702393,-0.16096050302158194,0.0,1.145121306943238,0.9366406985474045,46.483532100119454,46.99284459569536,0.0
9.842,0.9756325056846566,-0.06732815195079439,0.8687859749711517,0.0,1.1307812985709718,0.9577438395003864,44.63323412148454,46.99284459569536,0.0
9.843,0.9404691799447106,-0.053217341620612035,1.8175310690307165,0.0,1.1186581787226726,1.0725928585140403,45.46359973687625,46.99284459569536,0.0
9.844,0.9686256644972585,-0.06657475372278404,1.4176407099230546,0.0,1.1208426961951097,1.1178204266408813,47.70815366732528,46.99284459569536,0.0
9.845,1.0091793476662778,-0.089555297641218,0.28821065398224044,0.0,1.129725804442993,1.0343259468368018,48.60552661707812,46.99284459569536,0.0
9.846,0.9990269321699351,-0.09419702404591473,-0.17660264110800838,0.0,1.1296519383510122,0.9217563664736873,46.96130174710429,46.99284459569536,0.0
9.847,0.9401420946943143,-0.07616071128129853,0.6458252223648188,0.0,1.1162980891637635,0.9219273634379549,45.09402513605885,46.99284459569536,0.0
9.848,0.8988343729450965,-0.06209269027496861,1.5984517224839006,0.0,1.1029296054086162,1.021265513183099,45.16842271342943,46.99284459569536,0.0
9.849,0.9155336537534613,-0.07237905453744486,1.579497152621272,0.0,1.1021039652824336,1.0954717337857218,46.964848619914356,46.99284459569536,0.0
9.85,0.9616122326141285,-0.09802428537730401,0.6815641591366184,0.0,1.1114996229788914,1.0586900338641887,48.492085761443626,46.99284459569536,0.0
9.851,0.9774065152036524,-0.11291302984352336,-0.09704682328549907,0.0,1.1176588544964354,0.9485816062766275,48.13674923371619,46.99284459569536,0.0
9.852,0.9374928271467942,-0.10401983271110687,0.06918239419801164,0.0,1.1110641809742414,0.8807197168591339,46.37491238202897,46.99284459569536,0.0
9.853,0.8777199470066406,-0.08378724472622678,0.956280142178286,0.0,1.0962061331555042,0.9210788890690133,45.20743111648756,46.99284459569536,0.0
9.854000000000001,0.8536528617371721,-0.0772405709710598,1.5578749097410662,0.0,1.0863519991064094,1.0152704368063743,45.67666777346919,46.99284459569536,0.0
9.855,0.8799496814395413,-0.09319317451588033,1.3364183494725137,0.0,1.0887226863634423,1.0655479260399658,47.21371693871532,46.99284459569536,0.0
9.856,0.9219477128175713,-0.1179511468160761,0.5656850434192484,0.0,1.098447904735704,1.024111821758168,48.414698347385645,46.99284459569536,0.0
9.857,0.932770070121292,-0.13022003613858285,-0.0490241984328158,0.0,1.1041589889450338,0.927110687208953,48.23965774954717,46.99284459569536,0.0
9.858,0.8952390596583699,-0.12125817143927425,0.02602796894790349,0.0,1.09849035726836,0.859020240089951,46.90547603502656,46.99284459569536,0.0
9.859,0.8366064351287137,-0.10120772307553555,0.6939925118148969,0.0,1.0844636133744356,0.8759718311503768,45.75507891792781,46.99284459569536,0.0
9.86,0.8021330828296451,-0.09061764949806861,1.2815687271419465,0.0,1.0725702993660615,0.950985069480274,45.5983153057642,46.99284459569536,0.0
9.861,0.8119413888503793,-0.0998992969696923,1.3738958261230623,0.0,1.0704945225491684,1.020164224125725,46.593708828453615,46.99284459569536,0.0
9.862,0.8509962226005049,-0.12316492187622602,0.880190422450774,0.0,1.0780106411435117,1.022789071578872,47.809095099781324,46.99284459569536,0.0
9.863,0.8803055564296858,-0.14287433547177897,0.26433478174605973,0.0,1.0869730118701812,0.9602625013216343,48.496973770798895,46.99284459569536,0.0
9.864,0.8721297500371101,-0.1461209282432155,-0.09464584551376154,0.0,1.0889465195673622,0.8727479446127292,48.051996287397714,46.99284459569536,0.0
9.865,0.8252310279186827,-0.131573473703682,0.11725137926980589,0.0,1.0803385348968717,0.8261577967123249,46.92655583689655,46.99284459569536,0.0
9.866,0.7695620694338869,-0.1118744798217991,0.6806344921083772,0.0,1.0659109191217782,0.8488736335114621,46.06232647108985,46.99284459569536,0.0
9.867,0.7396766970747248,-0.10339609247458253,1.1220543562577825,0.0,1.0544620159347327,0.9135281803558852,45.90031903150288,46.99284459569536,0.0
9.868,0.7478965673873912,-0.11272642885440698,1.2139833316931898,0.0,1.0517345786260868,0.975067331395577,46.54034125371485,46.99284459569536,0.0
9.869,0.782383307655877,-0.13447399707666918,0.898497254007011,0.0,1.0577327292929255,0.990845722574195,47.46430765834312,46.99284459569536,0.0
9.870000000000001,0.8145709368141143,-0.15549580217125464,0.4317994210663999,0.0,1.0668038268891236,0.954268417050308,48.17363332696315,46.99284459569536,0.0
9.871,0.8206397852755897,-0.16442354077098814,0.06532869944370612,0.0,1.0720819173683382,0.8862654537501593,48.27848685179494,46.99284459569536,0.0
9.872,0.7929454299470508,-0.15769581508977498,4.5514466815888e-05,0.0,1.0692025752586858,0.8251812202674706,47.75165511024149,46.99284459569536,0.0
9.873,0.7440792912235019,-0.14071747560735332,0.2558732800980801,0.0,1.0587024039254753,0.8038096936975978,46.95931724938979,46.99284459569536,0.0
9.874,0.6984639277108013,-0.12480561610162605,0.6523774839869836,0.0,1.045534575917793,0.8291115160220198,46.41815897298821,46.99284459569536,0.0
9.875,0.6769770247369574,-0.12011891127125113,0.9287034784148461,0.0,1.035857294007037,0.878904596353403,46.32627484093256,46.99284459569536,0.0
9.876,0.684340413898164,-0.12948250008976925,0.9813112419902975,0.0,1.0332039101388357,0.924749392672122,46.637597653194604,46.99284459569536,0.0
9.877,0.710961408690725,-0.14796302603353245,0.8292023052842845,0.0,1.037339566254955,0.9456316347631635,47.21036735538207,46.99284459569536,0.0
9.878,0.7398165834277487,-0.16739361394714192,0.540642226593685,0.0,1.0451024403796263,0.9317108396946606,47.82133159280665,46.99284459569536,0.0
9.879,0.7538793978289171,-0.17966323566568448,0.22687523791028097,0.0,1.051852300094883,0.8870712857404474,48.19391832322348,46.99284459569536,0.0
9.88,0.7427731323045651,-0.17981725156610873,0.02857113542658607,0.0,1.0533574639750547,0.8302572091184997,48.084574558898254,46.99284459569536,0.0
9.881,0.7077629289226599,-0.16838816387986372,0.07232571795716924,0.0,1.0477719640005232,0.7898111613667307,47.64703748437013,46.99284459569536,0.0
9.882,0.6631132103144759,-0.15215842498507948,0.28455232633448313,0.0,1.037029428846704,0.7803199165019657,47.09049050724523,46.99284459569536,0.0
9.883000000000001,0.6260781698852524,-0.13940140923933395,0.5618493557814358,0.0,1.0251710483787062,0.8027113070248197,46.7537296250752,46.99284459569536,0.0
9.884,0.6094042235373645,-0.13673066551283386,0.7326209465726503,0.0,1.0165714333573357,0.8391534088351282,46.70942368691184,46.99284459569536,0.0
9.885,0.6141218388318224,-0.14478127460836293,0.7576081247421664,0.0,1.0133882644569066,0.8714465355071337,46.873930092079895,46.99284459569536,0.0
9.886000000000001,0.6325023134306099,-0.15956569090437364,0.6765440671942936,0.0,1.015298504815327,0.8890504384570128,47.181067243345105,46.99284459569536,0.0
9.887,0.6538739963747051,-0.17562200470444542,0.5210932650851915,0.0,1.0203964617879406,0.8866289471133609,47.50277888854863,46.99284459569536,0.0
9.888,0.6678964613917154,-0.18780132386903703,0.3551380995548945,0.0,1.025921635899032,0.8669300860916636,47.75109012098641,46.99284459569536,0.0
9.889,0.6683705316165115,-0.1929772690812391,0.22340002808309478,0.0,1.0293719672785413,0.837010069302093,47.93021797352476,46.99284459569536,0.0
9.89,0.6541108734534387,-0.1907084918846798,0.12446236803562549,0.0,1.0291839388973991,0.8024346285391125,47.8987698878371,46.99284459569536,0.0
9.891,0.6270811898975488,-0.18202819319646893,0.1311271579580402,0.0,1.024625024194335,0.7758511011157732,47.64959017858896,46.99284459569536,0.0
9.892,0.5946781450832056,-0.17057232850626552,0.24914955675317385,0.0,1.0166903060902033,0.7676798890267209,47.32445008174674,46.99284459569536,0.0
9.893,0.5670704789945028,-0.1614511990152492,0.4084035503137695,0.0,1.00784317299047,0.7785828544614888,47.103043749786266,46.99284459569536,0.0
9.894,0.5518610587154466,-0.15864982573547035,0.5180047247530971,0.0,1.0007541099783208,0.799371358865336,47.07547276993691,46.99284459569536,0.0
9.895,0.5502469996426325,-0.16297290087316924,0.5309639329353606,0.0,0.9969563557057161,0.8177270599784576,47.14789193639875,46.99284459569536,0.0
9.896,0.5575030456125747,-0.1717719216729841,0.4932038762974059,0.0,0.9962986085082869,0.8287699115935877,47.27895591375138,46.99284459569536,0.0
9.897,0.5677116464302729,-0.182023517748099,0.4248107744405297,0.0,0.9978506065523781,0.8304466770593376,47.42075897221408,46.99284459569536,0.0
9.898,0.5755945667846718,-0.190912994063399,0.349630101443993,0.0,1.0002904077725672,0.8237599875410645,47.55753902849912,46.99284459569536,0.0
9.899000000000001,0.5777341378105828,-0.1966958952454852,0.27559312897343513,0.0,1.0023647842857861,0.8104371632455358,47.67623765387072,46.99284459569536,0.0
9.9,0.5725800055374578,-0.19844397855632,0.20940988570588148,0.0,1.0030339008705011,0.7927026222564583,47.683740755033654,46.99284459569536,0.0
9.901,0.5600986777683143,-0.19616793026819168,0.1987493735310324,0.0,1.0015948055530348,0.7776190278500774,47.62402949553249,46.99284459569536,0.0
9.902000000000001,0.5435036642341582,-0.19167067672206098,0.22229315428324303,0.0,0.9983193229194838,0.7682969425681453,47.53829650636622,46.99284459569536,0.0
9.903,0.5266548349406963,-0.18699406415480213,0.2597051297596681,0.0,0.9939697251741574,0.765146818132875,47.4488531985533,46.99284459569536,0.0
9.904,0.5125795886108769,-0.1837368781262347,0.29986669763754914,0.0,0.9894285504223672,0.7673001878817477,47.3728181195609,46.99284459569536,0.0
9.905,0.503058702079959,-0.18283811465683267,0.3340845018950961,0.0,0.9854905379992945,0.7730529910252082,47.33129386462815,46.99284459569536,0.0
9.906,0.49854881382189553,-0.1845334086591106,0.3514621366721411,0.0,0.9827170771078195,0.7798069532379923,47.3449798085899,46.99284459569536,0.0
9.907,0.4981263512842681,-0.1883368606968664,0.3410978125623224,0.0,0.9812977853109013,0.7842956931370586,47.406009442737776,46.99284459569536,0.0
9.908,0.49958883500407614,-0.19307737453255144,0.30645134701795895,0.0,0.9809527186851288,0.7843210640631895,47.47863296469319,46.99284459569536,0.0
9.909,0.5003278736723422,-0.19732995517109153,0.2652817023502736,0.0,0.9810650745464294,0.780060525559817,47.528462484923345,46.99284459569536,0.0
9.91,0.49852671090112144,-0.2000921430357291,0.23501076334291626,0.0,0.9810014558299873,0.7735246879402962,47.54251434292977,46.99284459569536,0.0
9.911,0.4937836812360621,-0.20114818250494484,0.22248813686735952,0.0,0.9803791576862046,0.7670650143242901,47.52694834914631,46.99284459569536,0.0
9.912,0.4868999282602573,-0.2009409162539329,0.2249300962245807,0.0,0.9791397623128968,0.7622927025802443,47.49610692047422,46.99284459569536,0.0
9.913,0.47922160382689827,-0.20020809133111028,0.23531818731283732,0.0,0.9774685372235146,0.7597677310573197,47.464893247904016,46.99284459569536,0.0
9.914,0.4720047606553991,-0.19963810475229904,0.24620453707585233,0.0,0.9756565672163368,0.7591388212453296,47.44459366485118,46.99284459569536,0.0
9.915000000000001,0.4660118947811185,-0.19964992959706163,0.2518368379107103,0.0,0.9739699038273898,0.7594893418224808,47.43986637756632,46.99284459569536,0.0
9.916,0.46137873621402065,-0.20031822034540164,0.2497302637344333,0.0,0.9725603525689225,0.7597978166189212,47.4476078886908,46.99284459569536,0.0
9.917,0.45773189115152935,-0.20143607908478461,0.24131187524223946,0.0,0.9714388854697945,0.7593843531886952,47.45982297305175,46.99284459569536,0.0
9.918000000000001,0.4544809534152364,-0.20267592552417582,0.23053454928819894,0.0,0.9705134232584957,0.7581199021219237,47.46890853004088,46.99284459569536,0.0
9.919,0.45112902584352227,-0.20376165712460986,0.22123113145018003,0.0,0.969661094173304,0.7563099498935836,47.471196060918444,46.99284459569536,0.0
9.92,0.4474484748309417,-0.20456619743008786,0.21530385135916585,0.0,0.9687906448913955,0.7544081346835938,47.467098565083376,46.99284459569536,0.0
9.921,0.44347945613876,-0.2051111183819574,0.2126100595828201,0.0,0.9678689549183301,0.7527721983179386,47.459306439853066,46.99284459569536,0.0
9.922,0.4394165101748744,-0.20550417455087938,0.21184150375639804,0.0,0.9669136272750678,0.7515573172375045,47.45070361747047,46.99284459569536,0.0
9.923,0.4354752381564206,-0.2058653827266279,0.21156432472994652,0.0,0.965968146625732,0.7507384978285336,47.442746639861305,46.99284459569536,0.0
9.924,0.43180337745924113,-0.20627769365872853,0.21104379309286792,0.0,0.9650770742212059,0.7502170175622173,47.43363404845518,46.99284459569536,0.0
9.925,0.4284624989969744,-0.20677823225714295,0.2111921942683309,0.0,0.9642738971670052,0.7500108855516289,47.41664282775064,46.99284459569536,0.0
9.926,0.4254979378835818,-0.20740052696171102,0.21544982230004806,0.0,0.9635938716486844,0.750504597046264,47.3881918718549,46.99284459569536,0.0
9.927,0.42311000202496185,-0.20824529641153403,0.22572182748632386,0.0,0.9631179215240941,0.7522013064630914,47.40145825707565,46.99284459569536,0.0
9.928,0.42164061472011216,-0.209522977736125,0.21500249826214446,0.0,0.9629913346048521,0.7525366569042015,47.46097867701078,46.99284459569536,0.0
9.929,0.4202661361418113,-0.2106751731226251,0.18056094748142737,0.0,0.9630249061009147,0.7492809350862041,47.48741673011655,46.99284459569536,0.0
9.93,0.4173548043116504,-0.2108773367541587,0.16239619958432994,0.0,0.9627402643111748,0.7450069375542737,47.475827921998906,46.99284459569536,0.0
9.931000000000001,0.41288761610379304,-0.21010596409569626,0.16336077038011632,0.0,0.9619698143184696,0.7418819032476326,47.44241388570027,46.99284459569536,0.0
9.932,0.40782304017230825,-0.20889169972310712,0.17557209562938597,0.0,0.9608380505399708,0.7408383589122317,47.40710460677428,46.99284459569536,0.0
9.933,0.4032806384448129,-0.20786669928584095,0.18908413498158982,0.0,0.9596145013014082,0.7415992221394803,47.383554308888776,46.99284459569536,0.0
9.934000000000001,0.39995403947405517,-0.20742336459863264,0.196952186792409,0.0,0.9585508764982067,0.7432125112953243,47.375458049006234,46.99284459569536,0.0
9.935,0.39791830730300626,-0.20760167805008567,0.19717418220057137,0.0,0.9577789909174418,0.7446945125811613,47.37805600348833,46.99284459569536,0.0
9.936,0.3967775271210183,-0.20817583877324233,0.19202309088159247,0.0,0.9572938685683691,0.7454874136794766,47.383603863371235,46.99284459569536,0.0
9.937,0.3959811782123842,-0.20883622982115993,0.18534156826338244,0.0,0.957003449972075,0.7455452464363699,47.386243819578084,46.99284459569536,0.0
9.938,0.3950993966604825,-0.20934243043040715,0.1800875979211306,0.0,0.9567969346676377,0.7451461650281017,47.383582933010175,46.99284459569536,0.0
9.939,0.3939421635322931,-0.20958739215070013,0.17751065783193715,0.0,0.9565930465359568,0.7446538943524096,47.37610799151567,46.99284459569536,0.0
9.94,0.3925373598232955,-0.2095852984832144,0.17741549462098782,0.0,0.9563576402292491,0.7443487194555141,47.365841739976396,46.99284459569536,0.0
9.941,0.39103606529396084,-0.2094195558702296,0.17881864894781285,0.0,0.9560970463127684,0.7443569143868345,47.35494986880637,46.99284459569536,0.0
9.942,0.3896097347088672,-0.20918545112925865,0.18064353180171477,0.0,0.9558392371856912,0.7446668194231025,47.34480379852906,46.99284459569536,0.0
9.943,0.3883812371148348,-0.20895125924176827,0.1821969749120354,0.0,0.9556147794147342,0.7451934543861248,47.335729959749294,46.99284459569536,0.0
9.944,0.38740318923551637,-0.2087459208095708,0.18330504066137748,0.0,0.9554451856085089,0.7458466331678588,47.327299262493476,46.99284459569536,0.0
9.945,0.38667306336325363,-0.2085674377518528,0.18417584262130537,0.0,0.9553402893090516,0.7465727756160508,47.318782410998416,46.99284459569536,0.0
9.946,0.3861637177843238,-0.2083997917566327,0.18517489021580458,0.0,0.9553018406554625,0.7473657281602333,47.30944011459768,46.99284459569536,0.0
9.947000000000001,0.385851223050134,-0.2082281507954923,0.1866800832271508,0.0,0.9553293280758776,0.7482604023049131,47.298500511128225,46.99284459569536,0.0
9.948,0.38573262880312653,-0.20804828132677966,0.18909332580754845,0.0,0.9554254649367719,0.7493286829507257,47.28474285006758,46.99284459569536,0.0
9.949,0.38583690809953924,-0.20787193668997536,0.1930531737941485,0.0,0.9556012169607967,0.7506985434056932,47.265337265720085,46.99284459569536,0.0
9.950000000000001,0.38624046573181087,-0.20773490833470967,0.2000310392676491,0.0,0.9558830701552047,0.7526336111931997,47.23297927448995,46.99284459569536,0.0
9.951,0.3871093742201088,-0.20772499829572486,0.21380868809477088,0.0,0.9563305249881869,0.7557575758802547,47.18134467584625,46.99284459569536,0.0
9.952,0.38879471344772837,-0.20810552512317862,0.23774098661511284,0.0,0.9570875878579864,0.7609319677007137,47.15053596673127,46.99284459569536,0.0
9.953,0.3918508528419096,-0.20936071662330585,0.25156842746224306,0.0,0.9584206494195908,0.7666270001930038,47.162733334702565,46.99284459569536,0.0
9.954,0.3960869981668968,-0.21130325004778366,0.24377085608652277,0.0,0.9603910348359549,0.7704544137406177,47.20342058094939,46.99284459569536,0.0
9.955,0.4003429657546499,-0.2131588846043566,0.2213214731105696,0.0,0.9627318175324228,0.7712788730801063,47.248028910977595,46.99284459569536,0.0
9.956,0.4032799371501707,-0.2141016537040887,0.1964654649436452,0.0,0.9650061161485971,0.769464790509061,47.27517121094735,46.99284459569536,0.0
9.957,0.40410042758232195,-0.2136539502509756,0.18007104880624858,0.0,0.9668129015752103,0.766443836129712,47.274970909872216,46.99284459569536,0.0
9.958,0.40287720686441564,-0.2118664245683758,0.1773499362020462,0.0,0.9679447622306722,0.7639130366891617,47.251297770416045,46.99284459569536,0.0
9.959,0.40043283364268145,-0.20923743983383633,0.18660197418292507,0.0,0.968439043812559,0.7630500874093632,47.218718576193,46.99284459569536,0.0
9.96,0.3979027701548579,-0.20644402956721047,0.20063283148947209,0.0,0.9685166170262944,0.7640275983910878,47.191004467916585,46.99284459569536,0.0
9.961,0.39620139915531116,-0.2040210819852104,0.21250828690546641,0.0,0.9684455938854748,0.7662429572937794,47.17311553388613,46.99284459569536,0.0
9.962,0.3957276578490351,-0.20219699964086724,0.21965004453878478,0.0,0.9684267893669483,0.7689316146113196,47.16348568785237,46.99284459569536,0.0
9.963000000000001,0.39642104035015896,-0.20093416650549817,0.222758556634095,0.0,0.9685580602105817,0.7715390350112181,47.158100708942236,46.99284459569536,0.0
9.964,0.3979741448699251,-0.20005378166121002,0.2237984849566944,0.0,0.9688527320083238,0.7738182397778597,47.15303457786839,46.99284459569536,0.0
9.965,0.400037165242485,-0.1993537493588802,0.22472965067188722,0.0,0.9692776573981419,0.7757796189972728,47.14573229208649,46.99284459569536,0.0
9.966000000000001,0.402347872980235,-0.19868313273537075,0.22685191659892434,0.0,0.969789460665357,0.7775779427811214,47.13533674593339,46.99284459569536,0.0
9.967,0.4047768250499995,-0.19796753914540402,0.23062476817309696,0.0,0.9703579068555742,0.7793973278768989,47.12233525219655,46.99284459569536,0.0
9.968,0.4073082275301406,-0.19719758015805058,0.23583060847650372,0.0,0.9709739073836382,0.7813723682476355,47.10790315694785,46.99284459569536,0.0
9.969,0.40998928513232125,-0.1963997068657113,0.24189607048832917,0.0,0.9716457454236858,0.7835570447409329,47.093284405085164,46.99284459569536,0.0
9.97,0.41287800431593596,-0.1956066087961131,0.2482010483257734,0.0,0.9723896052543259,0.7859323817967302,47.07938964117106,46.99284459569536,0.0
9.971,0.4160078033258402,-0.19483727320223038,0.25428297982806747,0.0,0.9732199168728506,0.7884351431176364,47.066635087989475,46.99284459569536,0.0
9.972,0.4193744179081629,-0.19408955533005565,0.2599223514959198,0.0,0.9741429178516129,0.7909911414227889,47.05497692127232,46.99284459569536,0.0
9.973,0.42294145369230435,-0.19334322960749023,0.2651301115987274,0.0,0.9751545999122534,0.7935415920995001,47.04407068940331,46.99284459569536,0.0
9.974,0.42665645160263305,-0.1925690564565299,0.2700709665961518,0.0,0.9762424630451219,0.7960566029509984,47.03347443345797,46.99284459569536,0.0
9.975,0.4304687485434877,-0.19173896313015518,0.27496279619119796,0.0,0.9773894724154613,0.7985353890517235,47.0228222162208,46.99284459569536,0.0
9.976,0.4343425668061539,-0.19083354947918485,0.2799891286045263,0.0,0.9785783648904963,0.8009969787094412,47.0119225688636,46.99284459569536,0.0
9.977,0.4382622599484024,-0.18984510050266704,0.2852481725514434,0.0,0.9797948518328924,0.8034671020958974,47.000772147090544,46.99284459569536,0.0
9.978,0.4422300763309892,-0.1887762840116917,0.2907441079240215,0.0,0.9810290170954523,0.8059665614188001,46.98950496009201,46.99284459569536,0.0
9.979000000000001,0.4462591335861931,-0.18763608316297203,0.29641109777932023,0.0,0.982274977835597,0.8085043827317789,46.978313272186035,46.99284459569536,0.0
9.98,0.45036509065107194,-0.18643498511231332,0.30215225496740233,0.0,0.9835294058559401,0.811076510675026,46.967375543013745,46.99284459569536,0.0
9.981,0.45455942301168006,-0.185181113675365,0.30787581008036385,0.0,0.9847896889910156,0.8136687311275091,46.95681038420021,46.99284459569536,0.0
9.982000000000001,0.4588458302627816,-0.1838781940504956,0.3135187316020826,0.0,0.9860523834134657,0.8162616821904962,46.94666624065163,46.99284459569536,0.0
9.983,0.463219911795923,-0.18252542215269468,0.31905258692680966,0.0,0.98731232778746,0.8188356175637976,46.936949844596626,46.99284459569536,0.0
9.984,0.4676711357602879,-0.18111867294776057,0.3244697324652994,0.0,0.9885624565678202,0.8213728074724063,46.92765949501839,46.99284459569536,0.0
9.985,0.4721854349382853,-0.17965208156828552,0.3297667582611874,0.0,0.9897940339013129,0.8238577319804166,46.91880839409963,46.99284459569536,0.0
9.986,0.47674726180931987,-0.17811930891784278,0.3349326707365254,0.0,0.9909970068745035,0.8262759439212699,46.91041672718289,46.99284459569536,0.0
9.987,0.48134064422938,-0.17651418937659807,0.33995278288001834,0.0,0.9921602683214271,0.8286135313788913,46.9026075745237,46.99284459569536,0.0
9.988,0.4859496653691141,-0.1748311610150317,0.34475972942133093,0.0,0.9932718804450611,0.8308511907323822,46.89556444880464,46.99284459569536,0.0
9.989,0.49055629969960224,-0.17306410826114776,0.34925409374976696,0.0,0.9943185517723692,0.832961916408646,46.88953615865058,46.99284459569536,0.0
9.99,0.49513784865125765,-0.17120500996120333,0.35330132319724633,0.0,0.9952847982491178,0.8349085842045758,46.884888676474986,46.99284459569536,0.0
9.991,0.49966407656323547,-0.16924249214811676,0.3567046234772462,0.0,0.9961518008813441,0.8366390310241112,46.88227374112893,46.99284459569536,0.0
9.992,0.5040929963489961,-0.16715997400119273,0.3591177996959403,0.0,0.9968956961142709,0.8380726309088582,46.88304053770257,46.99284459569536,0.0
9.993,0.508361505732028,-0.16493260083955846,0.3598324419890466,0.0,0.9974843759460689,0.8390664923842017,46.889834180127906,46.99284459569536,0.0
9.994,0.5123605560216957,-0.16252385377922657,0.35746572493205314,0.0,0.9978708854972018,0.8393551399579577,46.90259261622287,46.99284459569536,0.0
9.995000000000001,0.5158737537699227,-0.15989941607088667,0.35198902667929677,0.0,0.9979830081732826,0.8387283428428098,46.8838599564594,46.99284459569536,0.0
9.996,0.5186204735790132,-0.15706014202924612,0.3624452029533889,0.0,0.9977351631027435,0.8391133768779446,46.80572654118652,46.99284459569536,0.0
9.997,0.5213484296714874,-0.15426505580094,0.4033830911349174,0.0,0.9972715391980744,0.8435611209676579,46.710817969806705,46.99284459569536,0.0
9.998,0.525924272286103,-0.1523829881742706,0.45365764308371315,0.0,0.9971199755161931,0.8521624869638025,46.6631200024702,46.99284459569536,0.0
9.999,0.5337136377621018,-0.15204580769413192,0.48080387268421654,0.0,0.9978254356255658,0.8615608279524982,46.57979926853632,46.99284459569536,0.0
