timestamp,iq,id,iq_ref,id_ref,vq,vd,omega,omega_ref,r
0.0,0.0,0.0,0.0,0.0,0.0,0.0,0.0,365.1521199188202,0.0
0.001,0.0,0.0,10.0,0.0,0.0,1.0999999999999999,8.763621726552303,365.1521199188202,0.0
0.002,0.5856907042314444,-0.32268711408613016,10.0,0.0,0.14549558254947428,1.9255740225345408,20.442067326360142,365.1521199188202,0.0
0.003,1.3852501139784372,-0.7639527012083253,10.0,0.0,0.40431135254003536,2.6010455730407207,33.555050602072086,365.1521199188202,0.0
0.004,2.217758115275216,-1.222833856846461,10.0,0.0,0.7508569718311314,3.1512712594501626,47.41626690305012,365.1521199188202,0.0
0.005,2.979090404148314,-1.6403619375651606,10.0,0.0,1.1591098751567375,3.605707467384698,61.63419250494739,365.1521199188202,0.0
0.006,3.620417026361818,-1.989012034914091,10.0,0.0,1.6061573388444323,3.9925927393035843,75.95473497728203,365.1521199188202,0.0
0.007,4.129594494046202,-2.2622564618180974,10.0,0.0,2.0737589693411977,4.335897975176205,90.20041151932233,365.1521199188202,0.0
0.008,4.516752169191549,-2.465162938712179,10.0,0.0,2.548518228564857,4.654137280922096,104.25143356438045,365.1521199188202,0.0
0.009000000000000001,4.8027921543946555,-2.608914278622343,10.0,0.0,3.021409075061917,4.960435760394875,118.02306978307368,365.1521199188202,0.0
0.01,5.012040333434393,-2.7063700680952385,10.0,0.0,3.486923308299465,5.263236576727743,131.45223400751843,365.1521199188202,0.0
0.011,5.1677469350674885,-2.769433854194319,10.0,0.0,3.9421286584227158,5.567273490361836,144.48697570047776,365.1521199188202,0.0
0.012,5.2897632253049345,-2.8077160778318246,10.0,0.0,4.385797571636184,5.874562521735054,157.0370631409252,365.1521199188202,0.0
0.013000000000000001,5.394073747938271,-2.8274936580717855,10.0,0.0,4.81762120825565,6.185235546705006,169.13152787581666,365.1521199188202,0.0
0.014,5.4915996932744084,-2.8339900365374495,10.0,0.0,5.237846609538986,6.498338884079271,180.6875169592296,365.1521199188202,0.0
0.015,5.590564389055294,-2.828883483565509,10.0,0.0,5.646733119819846,6.812243570761902,191.64103366123504,365.1521199188202,0.0
0.016,5.6963586231587096,-2.812362366565928,10.0,0.0,6.044355190400649,7.124998721010791,201.93237321044768,365.1521199188202,0.0
0.017,5.81240171437378,-2.7835573253894816,10.0,0.0,6.430487225588845,7.434533765600247,211.50435759876922,365.1521199188202,0.0
0.018000000000000002,5.940819432948157,-2.7410228946165764,10.0,0.0,6.804568824743914,7.738762991118549,220.3044195707387,365.1521199188202,0.0
0.019,6.082918629423009,-2.683195680006465,10.0,0.0,7.165729537235926,8.035630719574035,228.28468108584846,365.1521199188202,0.0
0.02,6.239504194142224,-2.6087371316954027,10.0,0.0,7.512848783156163,8.32312432627881,235.40124516613696,365.1521199188202,0.0
0.021,6.411046680185442,-2.5167832337654596,10.0,0.0,7.844635121865675,8.599276679087566,241.61218615607214,365.1521199188202,0.0
0.022,6.597747996713544,-2.407087196908514,10.0,0.0,8.159711036910148,8.86217071052874,246.87599445320222,365.1521199188202,0.0
0.023,6.799549044897605,-2.2800556904544518,10.0,0.0,8.45669225825291,9.109951828195282,251.15363109520038,365.1521199188202,0.0
0.024,7.016113643664242,-2.136692019719192,10.0,0.0,8.734253780511715,9.340848860846956,254.4173067392644,365.1521199188202,0.0
0.025,7.246810827955441,-1.9784705670649476,10.0,0.0,8.991178130725189,9.553201298174974,256.61944635260295,365.1521199188202,0.0
0.026000000000000002,7.49012976631192,-1.8081242166389475,10.0,0.0,9.2264894056298,9.745552815415236,257.6260332047144,365.1521199188202,0.0
0.027,7.744577816490881,-1.6280603892793097,10.0,0.0,9.439401147262686,9.916644212285819,257.4333078801685,365.1521199188202,0.0
0.028,8.00912464059502,-1.439457716797977,10.0,0.0,9.629185198719979,10.06536197348296,256.2915082430248,365.1521199188202,0.0
0.029,8.282041190119743,-1.244037552287994,10.0,0.0,9.795252429779977,10.190811011499438,256.3334637972963,365.1521199188202,0.0
0.03,8.559425684003157,-1.04657009146645,10.0,0.0,9.937490622490355,10.292538739988345,270.09169980894023,365.1521199188202,0.0
0.031,8.711754972705887,-1.0553132775875742,10.0,0.0,10.078614193860117,10.384335138080926,279.67311954021227,365.1521199188202,0.0
0.032,8.808266196515971,-1.1452232409191145,10.0,0.0,10.224607712007428,10.471971311769149,287.68681557095186,365.1521199188202,0.0
0.033,8.867263217115829,-1.278376029987514,10.0,0.0,10.378513202873036,10.559918659875395,298.7457620065599,365.1521199188202,0.0
0.034,8.893656145438104,-1.4415912606934347,10.0,0.0,10.542445026949673,10.652148570348128,310.4765051107801,365.1521199188202,0.0
0.035,8.88411346006129,-1.6388254975236456,10.0,0.0,10.719270273410185,10.752862296855918,322.2891202586127,365.1521199188202,0.0
0.036000000000000004,8.845379570711728,-1.8589019953655916,10.0,0.0,10.910720440269735,10.865352476333666,334.57958601586785,365.1521199188202,0.0
0.037,8.781151643864135,-2.0961293154523544,10.0,0.0,11.118168848622233,10.992416387609337,347.45277493271163,365.1521199188202,0.0
0.038,8.694289566223521,-2.346248104306964,10.0,0.0,11.342719600840184,11.136431297864677,360.80290274901483,365.1521199188202,0.0
0.039,8.587857447537615,-2.6043363841403746,6.767497503426887,0.0,11.585105291755008,10.943763429972288,371.28039551105735,365.1521199188202,0.0
0.04,8.276987708980354,-2.76587033749193,1.4674683664832582,0.0,11.799173478859444,10.277054087916984,374.9572469095084,365.1521199188202,0.0
0.041,7.579321164129145,-2.724505013972529,-0.4690086026491489,0.0,11.918998387927257,9.61204494609059,373.41817216214065,365.1521199188202,0.0
0.042,6.65654098892438,-2.5286246195780104,0.21786824860152,0.0,11.939206701757445,9.214969586506525,370.3688979918572,365.1521199188202,0.0
0.043000000000000003,5.758635824615997,-2.2963573796098444,1.690337553012884,0.0,11.894096055793657,9.104267215558504,367.7752739782349,365.1521199188202,0.0
0.044,5.055989128733313,-2.1124058047706447,2.960918019229875,0.0,11.824514236498812,9.193475260252674,365.8573918227173,365.1521199188202,0.0
0.045,4.608202992853849,-2.0047460536881143,3.912806377949698,0.0,11.760808346732183,9.401036241332863,364.9261532560321,365.1521199188202,0.0
0.046,4.402277924223694,-1.9688959679043536,4.380685327920197,0.0,11.721362232124854,9.641592232428453,364.1094959404634,365.1521199188202,0.0
0.047,4.381369559309776,-1.972200122483167,4.799440225488118,0.0,11.710638285949313,9.895772931640742,362.4918354729611,365.1521199188202,0.0
0.048,4.496474311284668,-1.9854397595403377,5.634873303697846,0.0,11.727828122843066,10.198302649575272,361.545326153161,365.1521199188202,0.0
0.049,4.7330770316266575,-1.999154498757414,6.144195901254489,0.0,11.774928172784197,10.495094282636977,360.39238119539294,365.1521199188202,0.0
0.05,5.051189889216929,-1.9959978309975457,6.768265767372789,0.0,11.846513000191628,10.797844829552563,358.89379309116873,365.1521199188202,0.0
0.051000000000000004,5.433263829383276,-1.967589689005808,7.580143087761408,0.0,11.938121070608387,11.121697606256507,357.1876710495121,365.1521199188202,0.0
0.052000000000000005,5.87691957675009,-1.9150276051318562,8.512848597282797,0.0,12.047455863847642,11.471823352366508,355.4257552412787,365.1521199188202,0.0
0.053,6.384184072259615,-1.8428154869913864,9.491070148174924,0.0,12.173452040217262,11.844784781659978,353.6803229103035,365.1521199188202,0.0
0.054,6.955226464095915,-1.7550355041611168,10.0,0.0,12.315211064949343,12.181507735706008,351.48980283575366,365.1521199188202,0.0
0.055,7.5591970152652355,-1.6414340594703618,10.0,0.0,12.46484812352514,12.43291866159212,348.102557037471,365.1521199188202,0.0
0.056,8.150760907966996,-1.4864104851287467,10.0,0.0,12.608745990101296,12.615119878061705,343.25022325359714,365.1521199188202,0.0
0.057,8.711099022493693,-1.287278218183368,10.0,0.0,12.73611987804622,12.73776920587103,337.1330481953608,365.1521199188202,0.0
0.058,9.232718725691804,-1.0512746046842962,10.0,0.0,12.839052235162137,12.809116203487385,328.9310217360021,365.1521199188202,0.0
0.059000000000000004,9.716551696866464,-0.7870138957843146,10.0,0.0,12.912117414484097,12.83561630725647,343.4371240928524,365.1521199188202,0.0
0.06,9.992514394735773,-0.7847334568511299,10.0,0.0,12.982917845057113,12.841255351526959,359.5878560502456,365.1521199188202,0.0
0.061,10.124554415674377,-0.9345362292703195,8.145512231067475,0.0,13.063703246355322,12.637652104520576,370.47711680362164,365.1521199188202,0.0
0.062,10.04375796110606,-1.1238665568317658,2.6476318855314354,0.0,13.135378091130635,11.886473772236908,374.8418906387805,365.1521199188202,0.0
0.063,9.523012195840662,-1.1897482101039076,0.36834726075239566,0.0,13.130121296784381,11.078312322022319,375.9976494638759,365.1521199188202,0.0
0.064,8.689037161414648,-1.1558876977035621,-0.31798744724586303,0.0,13.040190563954527,10.384267161896755,375.5508121394911,365.1521199188202,0.0
0.065,7.7226205277516335,-1.084887394408008,-0.19855570726015692,0.0,12.882376960156595,9.86860036233784,374.3829475857384,365.1521199188202,0.0
0.066,6.778729401758608,-1.0328907022679108,0.29306829294700076,0.0,12.683768403680109,9.535767062500554,372.8505352864806,365.1521199188202,0.0
0.067,5.9597395506430395,-1.033958996225827,0.9822902888993106,0.0,12.472374852124315,9.367904388914816,371.6840100209731,365.1521199188202,0.0
0.068,5.320448452036108,-1.099212077798154,1.5002340206315106,0.0,12.272501544398903,9.307902340398696,370.92592195675314,365.1521199188202,0.0
0.069,4.860676630957436,-1.2178977033634448,1.8215400323621687,0.0,12.09901825059088,9.30825937926728,370.36092444628565,365.1521199188202,0.0
0.07,4.550922747491938,-1.367725945594945,2.05195074232126,0.0,11.95821324044033,9.342839711816818,369.7585214036153,365.1521199188202,0.0
0.07100000000000001,4.356340971315342,-1.5246780418394175,2.3070882488084816,0.0,11.850713212724363,9.403948985255123,369.0202626066046,365.1521199188202,0.0
0.07200000000000001,4.249721098070365,-1.6703447203302333,2.6375362204359885,0.0,11.774527928795372,9.491777598687335,368.0961207389765,365.1521199188202,0.0
0.073,4.214427332699251,-1.7926040673123986,3.0701671460484867,0.0,11.726735895985627,9.610305859942898,367.0260528739151,365.1521199188202,0.0
0.074,4.24410490311957,-1.8839083089012871,3.586461749028233,0.0,11.704396765687374,9.76105071846363,365.2440101540378,365.1521199188202,0.0
0.075,4.336313597356529,-1.942463071202513,4.47656420661469,0.0,11.704894015708263,9.977389321745317,363.35776377429085,365.1521199188202,0.0
0.076,4.5070197210897325,-1.9806034487900095,5.4376309579334725,0.0,11.730585294966843,10.25110452110184,361.5439923832889,365.1521199188202,0.0
0.077,4.76833140085457,-1.996538358996301,6.380597928789745,0.0,11.782450402582036,10.567095804192771,360.250536251021,365.1521199188202,0.0
0.078,5.11466208104417,-1.996386843169713,7.076341831601698,0.0,11.860552111901812,10.888293371313672,358.89360617153613,365.1521199188202,0.0
0.079,5.525946761719125,-1.972033395632524,7.817392008816973,0.0,11.960286042930882,11.217961425047676,357.3205506046907,365.1521199188202,0.0
0.08,5.9925403607800565,-1.9206721134820763,8.68223548538098,0.0,12.077607179669263,11.565145898071117,355.60020181083013,365.1521199188202,0.0
0.081,6.5140845608992555,-1.8454964452386178,9.637929063391171,0.0,12.210158939350878,11.933117970259033,353.8205216761623,365.1521199188202,0.0
0.082,7.092955028461125,-1.7518440876093995,10.0,0.0,12.356702727626342,12.249358569012578,351.41094954916906,365.1521199188202,0.0
0.083,7.692592384160514,-1.627288426337667,10.0,0.0,12.507451597786009,12.484837372900902,347.7141718905519,365.1521199188202,0.0
0.084,8.27495538278938,-1.4600772168963014,10.0,0.0,12.649525784892719,12.653779627124191,342.60260034094847,365.1521199188202,0.0
0.085,8.82491350021425,-1.2495156205614002,10.0,0.0,12.772797115208654,12.765363311705366,335.9396902798256,365.1521199188202,0.0
0.08600000000000001,9.336005192049672,-1.0054993274349329,10.0,0.0,12.870163504670554,12.827395255932373,331.8317721480983,365.1521199188202,0.0
0.08700000000000001,9.808601408483531,-0.7393776828633203,10.0,0.0,12.937163231637353,12.8460859777935,350.7563017455513,365.1521199188202,0.0
0.088,10.034531163035636,-0.798105026791164,10.0,0.0,13.008453282371361,12.849481289328802,363.1213322237549,365.1521199188202,0.0
0.089,10.136847805638965,-0.9806395671895007,6.548272308749242,0.0,13.09244538519004,12.470980495605541,370.9223008172423,365.1521199188202,0.0
0.09,9.947589426811167,-1.1337849487082643,2.590086203021336,0.0,13.145208844917606,11.759687384916012,375.20008239470485,365.1521199188202,0.0
0.091,9.379314240713283,-1.1849221368781508,0.3507157895312014,0.0,13.12566028448696,10.978668733524039,376.52453957546817,365.1521199188202,0.0
0.092,8.529048626292518,-1.150901115720634,-0.4252369974169383,0.0,13.025711030751157,10.298682454524112,375.98224423023873,365.1521199188202,0.0
0.093,7.560972040259648,-1.0833354534963988,-0.26239056791640714,0.0,12.86066606185585,9.800358281484545,374.5923705528045,365.1521199188202,0.0
0.094,6.627002953238355,-1.0367985926515697,0.3381437644608756,0.0,12.657849774475427,9.492848174837913,372.9909621889022,365.1521199188202,0.0
0.095,5.829931816707586,-1.0453994533114057,1.0604595237112022,0.0,12.445975568449413,9.347594974459836,371.8339930113259,365.1521199188202,0.0
0.096,5.218193684554261,-1.1185245428396482,1.5721253815742884,0.0,12.2487212142297,9.304060243460963,371.0952195203645,365.1521199188202,0.0
0.097,4.78573205101799,-1.2432017232913894,1.8820811310395555,0.0,12.079822061286487,9.315585422370006,370.5300166884299,365.1521199188202,0.0
0.098,4.499896333180985,-1.395911729835979,2.110903579310751,0.0,11.944516670443882,9.35825639253571,369.9088922324951,365.1521199188202,0.0
0.099,4.325265890562773,-1.5524917833361012,2.3738980841414117,0.0,11.842705621521675,9.42612188915888,369.124089179456,365.1521199188202,0.0
0.1,4.23534696949869,-1.6951742480640863,2.726579918054588,0.0,11.771991497739084,9.52132956480052,368.05142386877515,365.1521199188202,0.0
0.101,4.215515158399075,-1.8123391497106451,3.2339195338954694,0.0,11.729330868432758,9.653507909913424,366.76454489734766,365.1521199188202,0.0
0.10200000000000001,4.262790255994397,-1.9000959823154135,3.8612347698239367,0.0,11.712635739138415,9.826735058531643,365.40195714792634,365.1521199188202,0.0
0.10300000000000001,4.378529356808658,-1.9590376619162124,4.540030272243536,0.0,11.720538854065367,10.037105782151862,363.2053381423227,365.1521199188202,0.0
0.10400000000000001,4.562614144102102,-1.9906674627457452,5.657807592810323,0.0,11.751578591156884,10.324305359546765,361.603674555143,365.1521199188202,0.0
0.105,4.840913386435956,-2.0019409593274915,6.494123840036944,0.0,11.809158098894441,10.637933898116803,360.29291649287666,365.1521199188202,0.0
0.106,5.198209607008893,-1.9947780228997791,7.198094905429559,0.0,11.891441851742378,10.958511596484833,358.8467527597914,365.1521199188202,0.0
0.107,5.618123378809367,-1.9625364366378364,7.984230443562476,0.0,11.994080054017786,11.292077546149219,357.20558971647245,365.1521199188202,0.0
0.108,6.094593570142905,-1.9045654239372765,8.88427726724543,0.0,12.113756635497651,11.645481932969822,355.4545709221676,365.1521199188202,0.0
0.109,6.628311428080833,-1.8248037324416386,9.856762154364384,0.0,12.248611921574074,12.019542146142769,353.6653964841789,365.1521199188202,0.0
0.11,7.220942343858965,-1.7282752518936273,10.0,0.0,12.397567184414829,12.31586095859858,351.03285377979546,365.1521199188202,0.0
0.111,7.821465375412796,-1.5960037797222535,10.0,0.0,12.54767422508372,12.535879813323389,347.0030362892606,365.1521199188202,0.0
0.112,8.399213328555337,-1.4196445808213563,10.0,0.0,12.686695650000807,12.691360442112458,341.664395176175,365.1521199188202,0.0
0.113,8.942418183695956,-1.2001781809191083,10.0,0.0,12.80498528330486,12.791220095980293,334.46615674259397,365.1521199188202,0.0
0.114,9.445666137966558,-0.9498953687486558,10.0,0.0,12.896095473325566,12.84299752137339,344.56192627039974,365.1521199188202,0.0
0.115,9.879877684564587,-0.7310743359124228,10.0,0.0,12.96170490139323,12.855977432646165,354.35851364962974,365.1521199188202,0.0
0.116,10.061354386087352,-0.8447863946111047,10.0,0.0,13.036747914566618,12.858599973896904,364.18081222961825,365.1521199188202,0.0
0.117,10.150164847560458,-1.0329861368612132,6.13722804035435,0.0,13.124113731608272,12.43560526303208,373.00651146002826,365.1521199188202,0.0
0.11800000000000001,9.922690663492357,-1.1807450951964515,1.6458345097372646,0.0,13.174814983853652,11.634131301048702,376.97253550648736,365.1521199188202,0.0
0.11900000000000001,9.275154523129894,-1.2096206755639543,-0.45538166936895585,0.0,13.141997438933224,10.800609249691874,377.29351630653537,365.1521199188202,0.0
0.12,8.345116165643155,-1.1464412481075694,-0.7372860332701094,0.0,13.021870950545278,10.132989188660538,376.0424605112105,365.1521199188202,0.0
0.121,7.335007118852642,-1.061188532015028,-0.2206615415315767,0.0,12.838249100397386,9.681577834195883,374.2909505900281,365.1521199188202,0.0
0.122,6.402679585968352,-1.0146436839553696,0.563705112347539,0.0,12.623580893692171,9.430514455321582,372.7412338198529,365.1521199188202,0.0
0.123,5.640580562110582,-1.0368600632632763,1.2626723584248243,0.0,12.408182419974523,9.32664094148942,371.7097817762155,365.1521199188202,0.0
0.124,5.077007883380013,-1.1263326104433975,1.7128217616695638,0.0,12.21355625864215,9.308513697986637,371.10417741629595,365.1521199188202,0.0
0.125,4.690793277690978,-1.2650997620669082,1.9561033666545757,0.0,12.050949650299525,9.331843925055285,370.59075221776357,365.1521199188202,0.0
0.126,4.44185041006487,-1.425770047708754,2.1584296429313365,0.0,11.923222785402395,9.379925112305385,369.94437073669934,365.1521199188202,0.0
0.127,4.294267427938402,-1.583870964508749,2.4336978752846576,0.0,11.82886112371157,9.45242643649451,369.1320807016522,365.1521199188202,0.0
0.128,4.224262365527802,-1.7239415018422677,2.8000432849798935,0.0,11.765012510547423,9.552011501882482,368.03786903993546,365.1521199188202,0.0
0.129,4.2201331784196485,-1.8351850869260518,3.3182916246271255,0.0,11.728343354224375,9.68835122263728,366.61930497404495,365.1521199188202,0.0
0.13,4.280728356289484,-1.914881390811983,4.012901807020132,0.0,11.71662924318572,9.871907930914281,365.13956771100186,365.1521199188202,0.0
0.131,4.4116301689803405,-1.966935361231527,4.752895960619861,0.0,11.729371187785926,10.096597564714468,362.8098512813012,365.1521199188202,0.0
0.132,4.615568575405411,-1.9920955780305796,5.941176861845391,0.0,11.765554985449828,10.402279180613618,361.4272991007979,365.1521199188202,0.0
0.133,4.917135694452335,-2.0018905476570774,6.6697011602772625,0.0,11.829514409428178,10.718132879473579,360.14090691635283,365.1521199188202,0.0
0.134,5.292329860726603,-1.9908237035184981,7.36300938252446,0.0,11.917347958343186,11.039520125208556,358.6396378410364,365.1521199188202,0.0
0.135,5.726281782304003,-1.9528954284856386,8.178768740960512,0.0,12.024475435127954,11.376369678756253,356.94959929600844,365.1521199188202,0.0
0.136,6.2158410212380755,-1.8893115329214083,9.10581321970261,0.0,12.147960173827283,11.734552326637955,355.1744973189549,365.1521199188202,0.0
0.137,6.763035354757988,-1.804950858993502,10.0,0.0,12.286270868268419,12.103059500348865,353.28854867260856,365.1521199188202,0.0
0.138,7.364068546092819,-1.7023819978950148,10.0,0.0,12.437162242654983,12.37896345061819,350.37681823799693,365.1521199188202,0.0
0.139,7.961908835717619,-1.5602758627992361,10.0,0.0,12.585948888380267,12.582614043353862,345.9905723631141,365.1521199188202,0.0
0.14,8.532464180577163,-1.373381460845322,10.0,0.0,12.721084605942618,12.723995556350188,340.46183495593266,365.1521199188202,0.0
0.14100000000000001,9.066892987651576,-1.1446756124269568,10.0,0.0,12.83355620374189,12.81167087447353,332.7349620120849,365.1521199188202,0.0
0.14200000000000002,9.561070883950368,-0.8879718273158461,10.0,0.0,12.917597815695524,12.852810540042343,346.4146518959283,365.1521199188202,0.0
0.14300000000000002,9.91869083063214,-0.7782105977885803,10.0,0.0,12.987842535613794,12.86384398507763,353.7848826080745,365.1521199188202,0.0
0.14400000000000002,10.093875052845545,-0.883946391983185,10.0,0.0,13.064894677700439,12.865104492624551,366.62256534734894,365.1521199188202,0.0
0.145,10.165827665388651,-1.079845510398487,4.973270668549492,0.0,13.15485920141685,12.314840992008293,375.6659460173091,365.1521199188202,0.0
0.146,9.847139774620091,-1.2132709050701609,0.34644207258450876,0.0,13.19351872492973,11.405691635693623,377.8634368596985,365.1521199188202,0.0
0.147,9.082308424794187,-1.2029984933722193,-0.879416518018953,0.0,13.13493314122636,10.583691577928146,377.1047042794757,365.1521199188202,0.0
0.148,8.086500435216376,-1.114272106386253,-0.6195760715141159,0.0,12.990348931665304,9.980764567945744,375.5227802920427,365.1521199188202,0.0
0.149,7.072964590206334,-1.028868342069259,0.06767931847016673,0.0,12.791423291857106,9.598202389494025,373.7838503336023,365.1521199188202,0.0
0.15,6.179695107662171,-0.999417283603744,0.8508269935425421,0.0,12.571748419396515,9.40140183989454,372.48760255746794,365.1521199188202,0.0
0.151,5.475240770257142,-1.0447839805468384,1.4255960552232398,0.0,12.359645826470434,9.326264260332206,371.64071128684714,365.1521199188202,0.0
0.152,4.966126947339861,-1.1531681252912458,1.7841557768533711,0.0,12.172708323833175,9.320082035342852,371.1135119169247,365.1521199188202,0.0
0.153,4.621919297597285,-1.302815209866719,1.9881415418335324,0.0,12.01922368681657,9.347448822762733,370.5846234203918,365.1521199188202,0.0
0.154,4.402117479537469,-1.4662089999405732,2.198260755084288,0.0,11.900301038305983,9.398539847035906,369.8773875356843,365.1521199188202,0.0
0.155,4.274622427133327,-1.6212661731214089,2.5046260212693827,0.0,11.813802108222925,9.476054928762416,369.14508473703944,365.1521199188202,0.0
0.156,4.21994225130882,-1.755440392925229,2.8308477724096237,0.0,11.756913171767435,9.574729218088189,367.82008072714905,365.1521199188202,0.0
0.157,4.226280002378148,-1.8559217445410303,3.4666701692715307,0.0,11.725291764369771,9.72328147660338,366.25486304597695,365.1521199188202,0.0
0.158,4.30096931944224,-1.9270101486011115,4.238251578586014,0.0,11.718502634493843,9.924179652216901,364.7469260639321,365.1521199188202,0.0
0.159,4.450939446066053,-1.9744708002810039,4.996272008157314,0.0,11.736992022811048,10.164225709683198,362.5237445685851,365.1521199188202,0.0
0.16,4.67796854384263,-1.9946126271120868,6.134146509333182,0.0,11.77937807247778,10.476228591579025,361.1542928720611,365.1521199188202,0.0
0.161,4.998666016922183,-2.000131245914662,6.858850628062764,0.0,11.849131435167397,10.79660206723946,359.8363263811923,365.1521199188202,0.0
0.162,5.390549729284133,-1.983830093069848,7.570991808873442,0.0,11.942098496153143,11.123101786675676,358.3072014333868,365.1521199188202,0.0
0.163,5.840173121728389,-1.9406697967646362,8.404003467630519,0.0,12.053834201918809,11.465218374876763,356.6056966050219,365.1521199188202,0.0
0.164,6.345021484811555,-1.8724373883820697,9.340220114950968,0.0,12.181534033968981,11.827913503437278,354.82669573528665,365.1521199188202,0.0
0.165,6.907030727176025,-1.7841084004583476,10.0,0.0,12.32369953108241,12.173550190199691,352.7076353399286,365.1521199188202,0.0
0.166,7.508119134231952,-1.6716678780946563,10.0,0.0,12.474726979579964,12.431742326794208,349.44891374250216,365.1521199188202,0.0
0.167,8.09965568320491,-1.5181586455186036,10.0,0.0,12.62070928652749,12.620159858262564,344.7149587535601,365.1521199188202,0.0
0.168,8.661546181931781,-1.3204432990071298,10.0,0.0,12.750721520136594,12.748441277908615,338.81593030256226,365.1521199188202,0.0
0.169,9.186117196766913,-1.0844902704130037,10.0,0.0,12.856582992669153,12.824811872306368,330.6667331690817,365.1521199188202,0.0
0.17,9.672509618286783,-0.8209994616306893,10.0,0.0,12.932870918708124,12.85587409829877,342.6889150464687,365.1521199188202,0.0
0.171,9.973037817956238,-0.786321210372936,10.0,0.0,13.003456575191905,12.863264716547388,357.1954245639584,365.1521199188202,0.0
0.17200000000000001,10.12541491453698,-0.9106839908279167,9.748325294697892,0.0,13.081749416214791,12.8355344224091,371.1056705169349,365.1521199188202,0.0
0.17300000000000001,10.152816761375204,-1.1306674666894598,2.7336668122285044,0.0,13.172394498261784,12.04782032358192,376.54030297800017,365.1521199188202,0.0
0.17400000000000002,9.676241027656834,-1.215243586028358,-0.09753124889594034,0.0,13.182307200590024,11.159354290120572,377.2774699512414,365.1521199188202,0.0
0.17500000000000002,8.825570953984204,-1.172256020456773,-0.587368235840775,0.0,13.09680763593304,10.423963993052297,376.4210683721362,365.1521199188202,0.0
0.176,7.82508999256735,-1.0840825240248912,-0.27185693082131657,0.0,12.937049789083131,9.894713587665866,375.1045860274512,365.1521199188202,0.0
0.177,6.851326495019594,-1.0186893995550372,0.28685958043485904,0.0,12.734031177652213,9.55782531643716,373.52180205494176,365.1521199188202,0.0
0.178,6.010749049853582,-1.0125184949686936,0.994554745328367,0.0,12.517600731981712,9.389309198206737,372.3677572215317,365.1521199188202,0.0
0.179,5.357528193189088,-1.0756927192014132,1.4994207890062867,0.0,12.312972592766684,9.32790848016938,371.63766257846265,365.1521199188202,0.0
0.18,4.888556111743947,-1.195457170304346,1.79961268394438,0.0,12.135209543048417,9.325212188412987,371.09166297932273,365.1521199188202,0.0
0.181,4.571729726306502,-1.3479047648693672,2.0132170529093143,0.0,11.990524760017463,9.355664964080834,370.49294500801506,365.1521199188202,0.0
0.182,4.370748253695004,-1.5080557251000428,2.2591677876712044,0.0,11.879445862536109,9.412462219145851,369.790327403092,365.1521199188202,0.0
0.183,4.25784099126251,-1.6572109653057794,2.5640945152900034,0.0,11.799960147129724,9.493964275788139,368.8435588373743,365.1521199188202,0.0
0.184,4.215271432528981,-1.7821234401081067,3.0005644089633217,0.0,11.748822028754399,9.607883555089801,367.6531004188243,365.1521199188202,0.0
0.185,4.237967718326496,-1.8756340410175794,3.5707838132382843,0.0,11.723226691498791,9.760734243132209,365.93382486761215,365.1521199188202,0.0
0.186,4.326451062290319,-1.9383724069936799,4.422604539356439,0.0,11.721442071021256,9.974232209497027,364.17819591306665,365.1521199188202,0.0
0.187,4.492969380315451,-1.9799565728726822,5.310158256686725,0.0,11.745132583814897,10.237882437279627,362.21583171517864,365.1521199188202,0.0
0.188,4.74566871913473,-1.9969890174674827,6.320703237667144,0.0,11.794276795354063,10.553689360208011,360.87782286603505,365.1521199188202,0.0
0.189,5.086079367562105,-1.9984125330812519,7.032450632766791,0.0,11.870073540303718,10.876098597709806,359.52287153668067,365.1521199188202,0.0
0.19,5.493689291588484,-1.9763863345843915,7.766218781265375,0.0,11.968094417517797,11.206010623181609,357.9563273696804,365.1521199188202,0.0
0.191,5.957462486888587,-1.9273312681978203,8.621448790256895,0.0,12.084128614240095,11.552532201088969,356.2337852818835,365.1521199188202,0.0
0.192,6.47619940040949,-1.8539428687860742,9.571903180524718,0.0,12.215629375809474,11.919579395183074,354.44424903829787,365.1521199188202,0.0
0.193,7.052097352076615,-1.7614542895639986,10.0,0.0,12.361244920911012,12.242496646716134,352.08664818820785,365.1521199188202,0.0
0.194,7.652732467345152,-1.6393322484163488,10.0,0.0,12.512082097921683,12.483091876248423,348.47305157338116,365.1521199188202,0.0
0.195,8.237735644124871,-1.474743875700256,10.0,0.0,12.655011579597224,12.656367302235465,343.42283386707925,365.1521199188202,0.0
0.196,8.790902143156174,-1.2665185605095455,10.0,0.0,12.779716754760095,12.771609850665712,336.90573864799137,365.1521199188202,0.0
0.197,9.305456537091441,-1.0238467742428887,10.0,0.0,12.878864023912278,12.836729343426653,328.6324175303749,365.1521199188202,0.0
0.198,9.785299477360727,-0.751687296125783,10.0,0.0,12.94709769069512,12.857614434336448,349.0447960904641,365.1521199188202,0.0
0.199,10.031167335506135,-0.7843316277866093,10.0,0.0,13.016908971154525,12.86098734784025,362.9868171547664,365.1521199188202,0.0
0.2,10.139994400987726,-0.9616073343587361,6.834314470603241,0.0,13.099250299324689,12.513266391184441,370.9582956872101,365.1521199188202,0.0
0.201,9.971760083137145,-1.1214710727835495,2.790513446697486,0.0,13.15439765317327,11.814984451293949,375.2778896589225,365.1521199188202,0.0
0.202,9.425526075761498,-1.179570303309137,0.5294587634402728,0.0,13.138994355621506,11.042170833490944,376.802114238253,365.1521199188202,0.0
0.203,8.594057490580205,-1.152471808663866,-0.349153469419309,0.0,13.044288199328388,10.357060653227268,376.4284393694576,365.1521199188202,0.0
0.20400000000000001,7.634542238370737,-1.0889040843349456,-0.27507922952796715,0.0,12.883820175908477,9.845157155968513,375.1427440678973,365.1521199188202,0.0
0.20500000000000002,6.697800948740108,-1.041994708327696,0.26786217976140225,0.0,12.683684250987179,9.520826408053837,373.52228906061265,365.1521199188202,0.0
0.20600000000000002,5.888727104078599,-1.0469612739405756,0.9943879919858016,0.0,12.472144259744033,9.363034277706756,372.31110169074884,365.1521199188202,0.0
0.20700000000000002,5.261783920500492,-1.115364147764921,1.5283918591984191,0.0,12.27345370505504,9.312215540288179,371.525973019932,365.1521199188202,0.0
0.20800000000000002,4.8151991391321625,-1.2362622926291642,1.8572176635957236,0.0,12.102165099289913,9.32029531506888,370.9366533229163,365.1521199188202,0.0
0.209,4.5182670930786415,-1.3870114553054145,2.0940321780626103,0.0,11.964186758025113,9.361396267594582,370.3069349304224,365.1521199188202,0.0
0.21,4.335619874457295,-1.5434461061938678,2.3573432241935306,0.0,11.859816666110333,9.428307234258781,369.5262019157348,365.1521199188202,0.0
0.211,4.24010887449874,-1.6871923364963255,2.7039689115681833,0.0,11.786822418877835,9.522265548024214,368.47510504094964,365.1521199188202,0.0
0.212,4.215873132512091,-1.8063484764353606,3.1962874977394753,0.0,11.742193140835399,9.651928214913891,367.458582647822,365.1521199188202,0.0
0.213,4.258735910000765,-1.896272514817741,3.6814840670132645,0.0,11.723693140108846,9.807652861125145,365.7056826241744,365.1521199188202,0.0
0.214,4.362804340602501,-1.952140844923,4.552398451783528,0.0,11.727861880003823,10.025884759683299,363.5935300040353,365.1521199188202,0.0
0.215,4.543200542830786,-1.9857738994364031,5.624060661000934,0.0,11.756577888460548,10.313081143602261,361.92042038441974,365.1521199188202,0.0
0.216,4.819108346484093,-1.9994065047458864,6.492932466152718,0.0,11.812305190502403,10.630742870069936,360.62912528835295,365.1521199188202,0.0
0.217,5.176834911011896,-1.995738462511734,7.183809960490785,0.0,11.89368612428799,10.952928116359177,359.21971361430457,365.1521199188202,0.0
0.218,5.597484726299209,-1.9668838823946584,7.947839860560134,0.0,11.9960101659334,11.285473231425966,357.5967934299737,365.1521199188202,0.0
0.219,6.073370035377887,-1.9112368293308255,8.834853217614047,0.0,12.115523684885103,11.636786523580081,355.84347978319573,365.1521199188202,0.0
0.22,6.605017335883951,-1.8326123406442467,9.804596442359262,0.0,12.250124957932162,12.00899910960051,354.0419995039485,365.1521199188202,0.0
0.221,7.194731345485625,-1.7363903635116729,10.0,0.0,12.398689189678837,12.309695455365498,351.44526920637986,365.1521199188202,0.0
0.222,7.795164127411158,-1.605316853078513,10.0,0.0,12.54901076645102,12.533074088236463,347.4758676533046,365.1521199188202,0.0
0.223,8.374045751450078,-1.4303824865540316,10.0,0.0,12.688706003619727,12.691474364672523,342.1689384381937,365.1521199188202,0.0
0.224,8.918910896184325,-1.2122583124712256,10.0,0.0,12.808027429231297,12.793857787501462,335.0632872995377,365.1521199188202,0.0
0.225,9.424121636597205,-0.9627660235906748,10.0,0.0,12.900392144528578,12.8478104806106,341.64717981715296,365.1521199188202,0.0
0.226,9.873344462743459,-0.722513483061413,10.0,0.0,12.964982801037628,12.861241972466589,354.4996809919692,365.1521199188202,0.0
0.227,10.060001305788118,-0.8314543867927123,10.0,0.0,13.038843565897109,12.863749356314434,364.43494921786544,365.1521199188202,0.0
0.228,10.150710892901568,-1.0205898797636326,6.131037765674629,0.0,13.125284487844912,12.43969474633562,372.65167461414654,365.1521199188202,0.0
0.229,9.926016094653969,-1.1670791114815955,1.9476795205808113,0.0,13.174898317159323,11.670833428610772,376.74207612532007,365.1521199188202,0.0
0.23,9.299639746699333,-1.2024277035540558,-0.21342079707094985,0.0,13.145088084580596,10.854586623391627,377.3983974651689,365.1521199188202,0.0
0.231,8.392528589044769,-1.1487122325303827,-0.6640442424588526,0.0,13.030372007004502,10.182544363482826,376.35268754604715,365.1521199188202,0.0
0.232,7.393989607126323,-1.069179105008218,-0.2531949591702487,0.0,12.851711821877934,9.71670255385741,374.6940141102777,365.1521199188202,0.0
0.233,6.4604228405289845,-1.0226615895674704,0.48072281679990425,0.0,12.640011878878223,9.448908323712228,373.0962889073436,365.1521199188202,0.0
0.234,5.687345311728132,-1.0410936183364699,1.20014372838172,0.0,12.42519520548296,9.334223505298013,371.9994452814963,365.1521199188202,0.0
0.23500000000000001,5.110144417414033,-1.1258006902921307,1.680092287678594,0.0,12.229525175213233,9.31088695687907,371.3482453853692,365.1521199188202,0.0
0.23600000000000002,4.711967974769879,-1.2608371553701267,1.9437309810766727,0.0,12.065095433567613,9.332545230703591,370.8180447785914,365.1521199188202,0.0
0.23700000000000002,4.454261262887374,-1.4196235828146568,2.152172035867852,0.0,11.93539063583712,9.380252805954775,370.1748113115547,365.1521199188202,0.0
0.23800000000000002,4.300808385102965,-1.5774683936407154,2.4235618554588463,0.0,11.839202140321218,9.452290362952352,369.3634037030132,365.1521199188202,0.0
0.23900000000000002,4.22679250605269,-1.7182993125763728,2.7871528218876733,0.0,11.773749203031324,9.551393640727527,368.31337434969913,365.1521199188202,0.0
0.24,4.219646395006169,-1.8311813726650168,3.280554954235921,0.0,11.735760604668332,9.68472553531483,366.86540350426776,365.1521199188202,0.0
0.241,4.276720253777988,-1.911873266372322,3.98740754109713,0.0,11.722651343307286,9.867395558262988,365.38517832958473,365.1521199188202,0.0
0.242,4.404763803632071,-1.9651595137409896,4.725189544330998,0.0,11.734174578650643,10.09106109537111,363.0648365190996,365.1521199188202,0.0
0.243,4.605947640931308,-1.9919016387159953,5.906233283570785,0.0,11.769320815444038,10.395199606982416,361.67070316914965,365.1521199188202,0.0
0.244,4.904817725451183,-2.002731732159791,6.638114126042453,0.0,11.832290168748292,10.710271475467222,360.3823431961178,365.1521199188202,0.0
0.245,5.277576661824242,-1.9926676680672757,7.329991879785399,0.0,11.919254425585986,11.030906054765143,358.88004859387615,365.1521199188202,0.0
0.246,5.709237375351381,-1.9556353501743893,8.143859894155664,0.0,12.025612800342412,11.367025216736085,357.1863882040768,365.1521199188202,0.0
0.247,6.19658879718672,-1.8927774683280987,9.070347406202764,0.0,12.148403209996124,11.724651196900442,355.40643591359776,365.1521199188202,0.0
0.248,6.741706039156622,-1.8089851847225162,10.0,0.0,12.286088604322755,12.096701147812622,353.54934553370003,365.1521199188202,0.0
0.249,7.342918450889274,-1.707826437290791,10.0,0.0,12.436920914926503,12.37533592425738,350.68243565270734,365.1521199188202,0.0
0.25,7.941917922838251,-1.5673065286123964,10.0,0.0,12.586087869634044,12.581312636320973,346.3429827619712,365.1521199188202,0.0
0.251,8.514003608668457,-1.3818621068463282,10.0,0.0,12.72194211276971,12.72466894192714,340.8382938606217,365.1521199188202,0.0
0.252,9.050064128627,-1.1541799694742503,10.0,0.0,12.835355971259157,12.814029240949111,333.1761177854145,365.1521199188202,0.0
0.253,9.545752433652554,-0.8981105596823689,10.0,0.0,12.92047366009847,12.8566297875646,346.69064672177035,365.1521199188202,0.0
0.254,9.915566820035886,-0.7707723340347608,10.0,0.0,12.989893123992083,12.867759348950564,354.02185122182135,365.1521199188202,0.0
0.255,10.09137595369868,-0.878211294976964,10.0,0.0,13.06657526559505,12.86907703974822,366.24621536572585,365.1521199188202,0.0
0.256,10.166213061337395,-1.072350719630896,5.2362256065476425,0.0,13.156001909219995,12.34744200184302,375.46937483917714,365.1521199188202,0.0
0.257,9.866670832501397,-1.2099817150816365,0.5214733206184281,0.0,13.197520399944969,11.449626140821486,377.98541265376906,365.1521199188202,0.0
0.258,9.119887011298381,-1.2063065177789274,-0.8648785140270245,0.0,13.143324873837486,10.619543334066869,377.35839990388405,365.1521199188202,0.0
0.259,8.130662288509027,-1.1202568347697979,-0.6734349389351566,0.0,13.002111906507311,10.003318448278327,375.7716307468847,365.1521199188202,0.0
0.26,7.113440965910465,-1.0333866660715816,0.013754531283881377,0.0,12.80470252560459,9.610273258566743,374.00320098239655,365.1521199188202,0.0
0.261,6.2116278543643775,-1.0003618118701847,0.8094586028921835,0.0,12.584965531545807,9.406474431954852,372.6622891924585,365.1521199188202,0.0
0.262,5.497497982299402,-1.0420655393616236,1.4048128051248243,0.0,12.371740012797787,9.328149864939466,371.78775529602865,365.1521199188202,0.0
0.263,4.980274793181348,-1.1479131565813947,1.7757233995676653,0.0,12.183230789842293,9.320935078199538,371.2500162403129,365.1521199188202,0.0
0.264,4.63031312318054,-1.2964212319906006,1.9836139642106119,0.0,12.028128422631172,9.348073255813258,370.7226126652758,365.1521199188202,0.0
0.265,4.40677503721721,-1.4598723938482645,2.191610824264613,0.0,11.907744656952783,9.398877700659963,370.0208557274468,365.1521199188202,0.0
0.266,4.276827246251173,-1.6157280359233608,2.4938019350928338,0.0,11.819989321336587,9.47578325419135,369.2911370299534,365.1521199188202,0.0
0.267,4.220284925947698,-1.751092965130759,2.817271112728207,0.0,11.762031660427214,9.573702594563315,367.947341953734,365.1521199188202,0.0
0.268,4.225028736577484,-1.852868498268661,3.461216430488772,0.0,11.729503358999068,9.72254628561214,366.4252622419577,365.1521199188202,0.0
0.269,4.298694821964693,-1.9256687082541384,4.209524863145554,0.0,11.72210252458564,9.921071420541619,364.9395559214492,365.1521199188202,0.0
0.27,4.44666406514235,-1.9740532622639753,4.954503663373505,0.0,11.739888585947737,10.157928586339636,362.679991575135,365.1521199188202,0.0
0.271,4.670388197294808,-1.9946757230832008,6.109007119967468,0.0,11.781366382903435,10.469294271812124,361.3018188203724,365.1521199188202,0.0
0.272,4.988536942275776,-2.0006259604134757,6.836596508333248,0.0,11.850281270208956,10.789401845960853,359.9839964292984,365.1521199188202,0.0
0.273,5.378425603681079,-1.984950082379422,7.5471889387654665,0.0,11.942531577241745,11.11557315958437,358.45562525716946,365.1521199188202,0.0
0.274,5.826355167563007,-1.9424557120940824,8.37833947144643,0.0,12.053656362982565,11.457299641426443,356.7531372251741,365.1521199188202,0.0
0.275,6.329652889003972,-1.8748202966898537,9.31357331438057,0.0,12.180826366341895,11.819646717334644,354.9720579998233,365.1521199188202,0.0
0.276,6.8902101854257385,-1.7869820649774832,10.0,0.0,12.322528225621795,12.168002357584774,352.8767481895499,365.1521199188202,0.0
0.277,7.491536554248919,-1.6756570884640132,10.0,0.0,12.473528097899358,12.428288025275348,349.65458524780985,365.1521199188202,0.0
0.278,8.084026087842851,-1.5233949417384287,10.0,0.0,12.619820963343546,12.618484528417532,344.95534021017863,365.1521199188202,0.0
0.279,8.64712163105912,-1.326827769290734,10.0,0.0,12.750404425055537,12.748275053372055,339.11033405213414,365.1521199188202,0.0
0.28,9.173045709728235,-1.09154434989048,10.0,0.0,12.856993088682232,12.825924178780884,330.99110723230854,365.1521199188202,0.0
0.281,9.6604639791206,-0.828781799508318,10.0,0.0,12.934136752139114,12.858110489165044,342.34380355036234,365.1521199188202,0.0
0.28200000000000003,9.966565057803747,-0.7875462317228568,10.0,0.0,13.00487639333614,12.865995598895243,356.58585485939983,365.1521199188202,0.0
0.28300000000000003,10.124187926568135,-0.9056104842896993,10.0,0.0,13.082730004846685,12.865888656994876,371.13641622213726,365.1521199188202,0.0
0.28400000000000003,10.169754761246594,-1.1292303555554906,2.763133292173748,0.0,13.176205104329712,12.074086309447722,376.70215928138146,365.1521199188202,0.0
0.28500000000000003,9.70155817204909,-1.21701018465063,-0.13523863107396394,0.0,13.188572041597524,11.17631675528311,377.37768720613144,365.1521199188202,0.0
0.28600000000000003,8.851236762774604,-1.1734472822604056,-0.5952582663220696,0.0,13.104255612168227,10.436795798745154,376.4967109873332,365.1521199188202,0.0
0.28700000000000003,7.848629120311923,-1.083796986647517,-0.2682160676080727,0.0,12.944992826534538,9.905153759707224,375.1907053532715,365.1521199188202,0.0
0.28800000000000003,6.872017174716671,-1.0171072128250107,0.2844008950782655,0.0,12.742052743396084,9.565668327508932,373.6058786508426,365.1521199188202,0.0
0.289,6.027974909078997,-1.009972303322015,0.9922766589724761,0.0,12.525340183044541,9.395256124382316,372.46333927339276,365.1521199188202,0.0
0.29,5.371459433373239,-1.0724293871295942,1.490434154151676,0.0,12.320199286729357,9.33170873203523,371.73618674476273,365.1521199188202,0.0
0.291,4.89914571652338,-1.1917324487276453,1.7881697502072642,0.0,12.141716506748686,9.327160684002086,371.1882514793702,365.1521199188202,0.0
0.292,4.5791580858162035,-1.3439711199562687,2.0017760672980334,0.0,11.99618042318194,9.35621400390291,370.58695323063233,365.1521199188202,0.0
0.293,4.375394878932431,-1.504218711477578,2.248076858548843,0.0,11.884208128317008,9.411979483773797,369.8270103721907,365.1521199188202,0.0
0.294,4.260297281406208,-1.6535083447001497,2.5812993832359394,0.0,11.803828994664928,9.495785759633225,368.94796154631143,365.1521199188202,0.0
0.295,4.2173124121723955,-1.7800918404870734,2.982865379900675,0.0,11.752299690168332,9.60759088856821,367.646833007606,365.1521199188202,0.0
0.296,4.238648693699589,-1.8744115403742259,3.6084825183655296,0.0,11.726213161044612,9.765087959764191,366.09492155686775,365.1521199188202,0.0
0.297,4.328342797047037,-1.939753505208667,4.375010227354184,0.0,11.724729411085782,9.972635558979363,364.38567848381956,365.1521199188202,0.0
0.298,4.4923112085448595,-1.9815965209372552,5.2372961782282825,0.0,11.748098108126152,10.22932661655211,362.33464597254493,365.1521199188202,0.0
0.299,4.739430593840033,-1.9972589954356863,6.2909871733283484,0.0,11.796103483257301,10.544425139756395,360.9580490063722,365.1521199188202,0.0
0.3,5.075828657906427,-1.9978101447769403,7.021226365539184,0.0,11.870722174878313,10.868071156151206,359.6003159998507,365.1521199188202,0.0
0.301,5.481402183864142,-1.9759419548352093,7.7556109079896425,0.0,11.967832586589706,11.199045240601391,358.04239774045527,365.1521199188202,0.0
0.302,5.944305148918011,-1.9276332481304324,8.605667259471002,0.0,12.083234089736868,11.545931720119798,356.32739727925554,365.1521199188202,0.0
0.303,6.462526444526927,-1.855102817453672,9.551414716466518,0.0,12.214288830213764,11.912826045889325,354.5407750152507,365.1521199188202,0.0
0.304,7.037830948892303,-1.763322731897716,10.0,0.0,12.359557024115535,12.23792203722422,352.20435554477456,365.1521199188202,0.0
0.305,7.6390492466604805,-1.6423052934869904,10.0,0.0,12.510413880390992,12.480168428269623,348.6214726647246,365.1521199188202,0.0
0.306,8.225063902977709,-1.4788495657042575,10.0,0.0,12.653639734471454,12.654826436620818,343.5959915850848,365.1521199188202,0.0
0.307,8.779331108488782,-1.2716241410782987,10.0,0.0,12.778848564547962,12.771231983501895,337.1336198943286,365.1521199188202,0.0
0.308,9.29499704616827,-1.029580182554643,10.0,0.0,12.878624485113585,12.837337277612882,329.54311583475,365.1521199188202,0.0
0.309,9.775180537876706,-0.7588374884351923,10.0,0.0,12.947672086265836,12.859146109658196,348.20158529347407,365.1521199188202,0.0
0.31,10.027909179380721,-0.782484190569146,10.0,0.0,13.017304374683325,12.862680502965844,362.7975592568464,365.1521199188202,0.0
0.311,10.139969034282784,-0.9561154487137049,6.953834904158339,0.0,13.099189844964393,12.527947227617712,370.94003491372035,365.1521199188202,0.0
0.312,9.980148981192738,-1.1186880414556557,2.82471792577236,0.0,13.155560113302709,11.829835414557381,375.2594714644582,365.1521199188202,0.0
0.313,9.439720195678083,-1.1784457804100492,0.5639261349470477,0.0,13.141429798858729,11.057624848305702,376.8097791725281,365.1521199188202,0.0
0.314,8.612402459709543,-1.1525119935172476,-0.3278043116249858,0.0,13.048041165286222,10.371340539121519,376.4726530674946,365.1521199188202,0.0
0.315,7.654756062036262,-1.0895738276334235,-0.2724465905949707,0.0,12.888699103774254,9.8564203776619,375.21928873250215,365.1521199188202,0.0
0.316,6.717368227346418,-1.0424619965023552,0.2535638887644369,0.0,12.689246312501945,9.527901799555432,373.6017227970472,365.1521199188202,0.0
0.317,5.905353916845026,-1.0464941899718951,0.9778508277096334,0.0,12.477801602139175,9.366648954431007,372.37968502924923,365.1521199188202,0.0
0.318,5.274455728548442,-1.1137254006090271,1.5165940605043353,0.0,12.27873118953563,9.313674466608326,371.58468957040776,365.1521199188202,0.0
0.319,4.8240625189571045,-1.2336826085922443,1.849766093409194,0.0,12.106793350181963,9.320586148771227,370.9910066235752,365.1521199188202,0.0
0.32,4.524012229729294,-1.3839588941923908,2.088218699777938,0.0,11.968071282316128,9.361012544873132,370.3610745297082,365.1521199188202,0.0
0.321,4.338981334404285,-1.5404035322800953,2.3510952006025354,0.0,11.862970208180714,9.427408879198753,369.6224486192616,365.1521199188202,0.0
0.322,4.241555861070628,-1.6846879328434543,2.6757048688214287,0.0,11.789325712572499,9.518600264287555,368.5314399189341,365.1521199188202,0.0
0.323,4.214729434471542,-1.8036952255448575,3.1874160189840426,0.0,11.743812763225506,9.648326843334916,367.3632727719811,365.1521199188202,0.0
0.324,4.25608949528457,-1.893775603752868,3.7493880639289383,0.0,11.724542535393812,9.812411412029729,365.8094587530488,365.1521199188202,0.0
0.325,4.363222758168126,-1.9530061393535014,4.51972168505281,0.0,11.72922234234876,10.025906420637007,363.7253410834348,365.1521199188202,0.0
0.326,4.54290539034425,-1.987751286494422,5.576048308213657,0.0,11.758013330298438,10.308318744504973,362.0218689899952,365.1521199188202,0.0
0.327,4.815641106221741,-2.0009215284182638,6.4590868642217005,0.0,11.813267726980154,10.62373580728562,360.7034626508557,365.1521199188202,0.0
0.328,5.169961743869155,-1.9965321570438892,7.1627766064710805,0.0,11.893923857001347,10.945464176561288,359.2815358895733,365.1521199188202,0.0
0.329,5.588016833328934,-1.9673378997306334,7.932445827404752,0.0,11.995519736357272,11.278269185327616,357.655994730691,365.1521199188202,0.0
0.33,6.06222431112624,-1.9117960322020262,8.820177658727193,0.0,12.114418865799225,11.629924818725927,355.9046777981151,365.1521199188202,0.0
0.331,6.592826636653779,-1.8335548263986534,9.788310546222217,0.0,12.248542531673724,12.002297920009775,354.1061391604752,365.1521199188202,0.0
0.332,7.181793155428247,-1.7377995535849258,10.0,0.0,12.396740473137683,12.304970294983377,351.52909788707944,365.1521199188202,0.0
0.333,7.782633700416387,-1.6076252666838502,10.0,0.0,12.547024239121631,12.529875537307289,347.58761324910625,365.1521199188202,0.0
0.334,8.36238434500788,-1.4336841750923695,10.0,0.0,12.686938375533513,12.689554466542017,342.2973680176865,365.1521199188202,0.0
0.335,8.90824677852871,-1.2164768319716783,10.0,0.0,12.806675594400328,12.793009555253086,335.23529045469223,365.1521199188202,0.0
0.336,9.414474957704355,-0.9676150183865557,10.0,0.0,12.899581874188408,12.84786638160562,340.13951733458225,365.1521199188202,0.0
0.337,9.869143748632036,-0.7201703843433305,10.0,0.0,12.96395291702403,12.861576868091419,354.44190106605777,365.1521199188202,0.0
0.338,10.058690751510841,-0.82614966282532,10.0,0.0,13.037390071198118,12.86404992780481,364.4401144501044,365.1521199188202,0.0
0.339,10.150009854586445,-1.0159953127309675,6.140626363083676,0.0,13.12355404463094,12.44093866559394,372.4567608639977,365.1521199188202,0.0
0.34,9.927228321235127,-1.1621885836208272,2.0592567466852305,0.0,13.172973297798222,11.683817165212183,376.5960483577897,365.1521199188202,0.0
0.341,9.309047353704008,-1.1999322028751518,-0.12482628460045664,0.0,13.144428341019676,10.873686394002796,377.37444516334955,365.1521199188202,0.0
0.342,8.410501876562801,-1.1495843742145386,-0.636247939825676,0.0,13.031809105452831,10.199956845284792,376.4037732982388,365.1521199188202,0.0
0.343,7.416265963196114,-1.0720254905511333,-0.26342854106447433,0.0,12.855050839654506,9.728843173996815,374.7609755579436,365.1521199188202,0.0
0.34400000000000003,6.48214310241649,-1.0256869912725008,0.46188177269188113,0.0,12.644535387223204,9.45603213933548,373.1672195788485,365.1521199188202,0.0
0.34500000000000003,5.7057674186938945,-1.0427742949888676,1.1786087656391366,0.0,12.430133364970484,9.337097625585479,372.0603837137751,365.1521199188202,0.0
0.34600000000000003,5.123799502235059,-1.1257723900539158,1.6629440602263053,0.0,12.234237010988027,9.310978687433563,371.3935325537068,365.1521199188202,0.0
0.34700000000000003,4.720873289936025,-1.259252237329171,1.9339555139115845,0.0,12.069171200838246,9.331352118846409,370.8535992937349,365.1521199188202,0.0
0.34800000000000003,4.459335581733541,-1.417066052963646,2.146907350148396,0.0,11.938674036091774,9.37863609933147,370.20896835435826,365.1521199188202,0.0
0.34900000000000003,4.303172166690202,-1.5745978538461634,2.418654335481321,0.0,11.841705345809185,9.450467213890374,369.39740047375363,365.1521199188202,0.0
0.35000000000000003,4.227308197889388,-1.715617241905658,2.7819854702343,0.0,11.775553450688465,9.549450705352287,368.27362645290395,365.1521199188202,0.0
0.35100000000000003,4.219060949686825,-1.8287629189092667,3.312657415318302,0.0,11.736950924815812,9.686809818381915,366.9414004136115,365.1521199188202,0.0
0.352,4.277208048480103,-1.9116469405387597,3.960877630016607,0.0,11.723930348442593,9.866091618338006,365.4835489498041,365.1521199188202,0.0
0.353,4.404067528651813,-1.9656450862621422,4.686489071610469,0.0,11.735250965515581,10.086105165258552,363.14585411607067,365.1521199188202,0.0
0.354,4.602257738023494,-1.992363152752036,5.875399146504689,0.0,11.769839881429979,10.388241084787596,361.7130045141252,365.1521199188202,0.0
0.355,4.898188712292592,-2.002617663501127,6.62621510152437,0.0,11.832044313223344,10.703752453182517,360.4186880535469,365.1521199188202,0.0
0.356,5.269172317665546,-1.9925924025616641,7.320707650466268,0.0,11.918374114866033,11.024970261902363,358.92367360637024,365.1521199188202,0.0
0.357,5.699863590735161,-1.9560377990009257,8.130499337179081,0.0,12.024271963434149,11.361165225979551,357.23674285369555,365.1521199188202,0.0
0.358,6.186480647556032,-1.8937488143161427,9.053118484167678,0.0,12.146713281273456,11.718499704287856,355.4593558322715,365.1521199188202,0.0
0.359,6.730801936447194,-1.8104266395120427,10.0,0.0,12.28410136577806,12.092266470611108,353.61956561280556,365.1521199188202,0.0
0.36,7.3322316838093915,-1.7101246696840176,10.0,0.0,12.434927323531486,12.37221249427324,350.7771196049385,365.1521199188202,0.0
0.361,7.931853845455463,-1.570520789224764,10.0,0.0,12.584311880723542,12.579302371037057,346.4632286112131,365.1521199188202,0.0
0.362,8.504686161480393,-1.3859014559921632,10.0,0.0,12.720554882021784,12.723606382697419,340.97176559208157,365.1521199188202,0.0
0.363,9.041494857286226,-1.1588263175815707,10.0,0.0,12.834471912463398,12.813783659943175,333.3456441343446,365.1521199188202,0.0
0.364,9.537856092579213,-0.9031390588533759,10.0,0.0,12.920160120509436,12.857103263584346,347.16768379581737,365.1521199188202,0.0
0.365,9.912248749165393,-0.7694339847932401,10.0,0.0,12.989460782555643,12.868440147794454,353.8999652619441,365.1521199188202,0.0
0.366,10.089187759148066,-0.876358742200634,10.0,0.0,13.066063840873664,12.869854045255936,365.98166646966854,365.1521199188202,0.0
0.367,10.16616168755648,-1.0683081333244502,5.378095488464812,0.0,13.155193168555574,12.36367962050911,375.3891032383664,365.1521199188202,0.0
0.368,9.876518804979362,-1.2086514745974304,0.5720072709204329,0.0,13.198310394623398,11.46721536855819,378.0076670724436,365.1521199188202,0.0
0.369,9.13665466491923,-1.2074753863115335,-0.8658301176544203,0.0,13.14593666976517,10.633096660422195,377.40995277457927,365.1521199188202,0.0
0.37,8.149504804216965,-1.1220784181060761,-0.6895512972798397,0.0,13.006006540959428,10.01210933801758,375.81788192376706,365.1521199188202,0.0
0.371,7.130777212600151,-1.0344995050869548,-0.00017349192320459395,0.0,12.809190982043749,9.615485041829164,374.0467518137629,365.1521199188202,0.0
0.372,6.225880670208113,-1.0001527226902325,0.7964452441294432,0.0,12.589492192467347,9.408927246027202,372.69528362121196,365.1521199188202,0.0
0.373,5.508111011772912,-1.0405325958993115,1.396747703381001,0.0,12.375892756145351,9.329028131008897,371.81404166645547,365.1521199188202,0.0
0.374,4.987616314951841,-1.1454365728543054,1.7707494632828942,0.0,12.186798990686686,9.320972872922875,371.2736696789891,365.1521199188202,0.0
0.375,4.635088044118694,-1.293479989112993,1.9797199594143828,0.0,12.031044811984193,9.347633663898472,370.7472824435449,365.1521199188202,0.0
0.376,4.40965956111237,-1.456912751819978,2.1869619518892307,0.0,11.91002929998469,9.39803172253954,370.048159424962,365.1521199188202,0.0
0.377,4.278302758672978,-1.6130596358600724,2.487563066119259,0.0,11.821696974666583,9.474477090195379,369.31961455830094,365.1521199188202,0.0
0.378,4.220606388037233,-1.7489119365128483,2.8101605530549936,0.0,11.763224702877272,9.571957433719993,367.96816308775465,365.1521199188202,0.0
0.379,4.224358763132602,-1.851262467092488,3.4577258566387954,0.0,11.73024772797659,9.720858999271222,366.46857669276835,365.1521199188202,0.0
0.38,4.297318161696162,-1.9248832545035457,4.194354486392462,0.0,11.722533388430513,9.918138196923287,364.9947850398915,365.1521199188202,0.0
0.381,4.444110936863542,-1.9737253443301759,4.9328236616201755,0.0,11.739954824611079,10.153365752550279,362.71952328780947,365.1521199188202,0.0
0.382,4.6660236355970905,-1.9946243059415039,6.094780503971299,0.0,11.780967337615262,10.464300788029954,361.33860493610666,365.1521199188202,0.0
0.383,4.982715148426718,-2.000818854815657,6.823374829649835,0.0,11.84944451362704,10.784152439239286,360.0221914397894,365.1521199188202,0.0
0.384,5.371393861965351,-1.9854852734697142,7.532880862598763,0.0,11.941310497721773,11.110038619935509,358.4953515511034,365.1521199188202,0.0
0.385,5.818242709203196,-1.9433554414889596,8.362868490618943,0.0,12.052097555772235,11.451459773663537,356.7934216941317,365.1521199188202,0.0
0.386,6.320519875773677,-1.8760537886221766,9.297420401351665,0.0,12.178966139894918,11.813536351873822,355.0123524612312,365.1521199188202,0.0
0.387,6.880102489709045,-1.788501005261362,10.0,0.0,12.320397733785336,12.163499051552158,352.9328789630955,365.1521199188202,0.0
0.388,7.481476564548856,-1.6778605123563586,10.0,0.0,12.4713875118686,12.425027522572195,349.7344719069651,365.1521199188202,0.0
0.389,8.074450714108998,-1.5263814911423612,10.0,0.0,12.617874871841053,12.616288708595333,345.0582226956493,365.1521199188202,0.0
0.39,8.638189205252324,-1.3305522718993295,10.0,0.0,12.748813190513985,12.746991019483236,339.2465434400799,365.1521199188202,0.0
0.391,9.164852249151357,-1.0957255984047483,10.0,0.0,12.855855266516445,12.825421381232188,331.15002397222366,365.1521199188202,0.0
0.392,9.652816549719605,-0.8334599240633737,10.0,0.0,12.933535213650938,12.858303471782971,342.2207639884157,365.1521199188202,0.0
0.393,9.96212405232947,-0.7884415541442737,10.0,0.0,13.004406011179377,12.866521165710722,356.1661580236825,365.1521199188202,0.0
0.394,10.122776450406942,-0.9028826195989218,10.0,0.0,13.082050199246948,12.866425481236119,370.9366619156987,365.1521199188202,0.0
0.395,10.170293467177254,-1.1244399902329518,2.8684004271576047,0.0,13.175147300175505,12.086007483139108,376.63630230390027,365.1521199188202,0.0
0.396,9.70927309639081,-1.214730035404406,-0.09626159079396857,0.0,13.188609222464018,11.18933157965262,377.3571389129138,365.1521199188202,0.0
0.397,8.864261490086164,-1.1731522652269903,-0.5787300852416708,0.0,13.105580907003798,10.448585617519544,376.50676817749707,365.1521199188202,0.0
0.398,7.864351380499643,-1.0845137878057767,-0.26709120012007403,0.0,12.947446372061737,9.91425637835308,375.2203897526794,365.1521199188202,0.0
0.399,6.887841665153772,-1.0178821150198976,0.2754153139501616,0.0,12.745249267465002,9.571522904897744,373.64425015516133,365.1521199188202,0.0
0.4,6.041920985044007,-1.0100523671470396,0.9785638103457899,0.0,12.528803570444257,9.398050515449707,372.49143022014175,365.1521199188202,0.0
0.401,5.382332696779886,-1.0715315638393663,1.4815806748423634,0.0,12.323496213295659,9.332676670283012,371.75601568066946,365.1521199188202,0.0
0.402,4.906952552591696,-1.1899855220698423,1.7832489869600145,0.0,12.144597350783688,9.32715875258417,371.20532423171466,365.1521199188202,0.0
0.403,4.584417136544033,-1.3417436166613534,1.9980626683084743,0.0,11.998545433575783,9.355640656554524,370.6054183461634,365.1521199188202,0.0
0.404,4.378679882325646,-1.501901573332002,2.2434826268106747,0.0,11.886046692773562,9.41092298083236,369.8450413999853,365.1521199188202,0.0
0.405,4.262057266868795,-1.6513503063650063,2.5767418850880723,0.0,11.805163839546276,9.494402632585755,368.9790429285461,365.1521199188202,0.0
0.406,4.217845766826583,-1.778405260119901,2.971471890710405,0.0,11.753198794399758,9.60523078072683,367.8363439932816,365.1521199188202,0.0
0.40700000000000003,4.237613588192089,-1.8734885705939142,3.515979117598036,0.0,11.726701683196596,9.75311152908994,366.06801587632197,365.1521199188202,0.0
0.40800000000000003,4.321567409598476,-1.9363931102116798,4.390984216502844,0.0,11.72361102420328,9.965322737966027,364.35815169283154,365.1521199188202,0.0
0.40900000000000003,4.4843453238786255,-1.9784135196278534,5.253855990507943,0.0,11.746043751636503,10.225103571849935,362.3273136142838,365.1521199188202,0.0
0.41000000000000003,4.7321904374683665,-1.9957373524815596,6.297523092827172,0.0,11.793696707234538,10.541689075251767,360.983193162604,365.1521199188202,0.0
0.41100000000000003,5.069759391210532,-1.9981286626679453,7.011272586229248,0.0,11.868332723404919,10.864802963348513,359.640579818305,365.1521199188202,0.0
0.41200000000000003,5.475636324891159,-1.9775465826000753,7.737694659383884,0.0,11.96552858485861,11.194567224198169,358.08490204463044,365.1521199188202,0.0
0.41300000000000003,5.937875130233843,-1.9298880220961259,8.586205724963069,0.0,12.080944665397144,11.540359142339504,356.3668186900036,365.1521199188202,0.0
0.41400000000000003,6.45484490148873,-1.8575794792440123,9.533100414564663,0.0,12.211920975587253,11.906542495136325,354.57718532507346,365.1521199188202,0.0
0.41500000000000004,7.028716213319273,-1.765824236805385,10.0,0.0,12.357047998798313,12.233139004585537,352.2564167066941,365.1521199188202,0.0
0.41600000000000004,7.629571528929393,-1.6452361092311598,10.0,0.0,12.50797482902441,12.476564197957773,348.69865909974345,365.1521199188202,0.0
0.417,8.21572205797906,-1.4823501852299148,10.0,0.0,12.651439925200723,12.652271549976032,343.69439482523546,365.1521199188202,0.0
0.418,8.770359735322758,-1.275707565483617,10.0,0.0,12.777027418029155,12.76960603719279,337.27704089989305,365.1521199188202,0.0
0.419,9.28655424674274,-1.0340460434971694,10.0,0.0,12.87727326907537,12.83653080548795,329.44866678438507,365.1521199188202,0.0
0.42,9.766994623079887,-0.7640294765831146,10.0,0.0,12.9469018047058,12.859101185775334,347.43123033185014,365.1521199188202,0.0
0.421,10.024269342215783,-0.7817628952203695,10.0,0.0,13.016475366521165,12.86288156625545,362.59484468549556,365.1521199188202,0.0
0.422,10.139397232103253,-0.9515771158113098,7.058335179079714,0.0,13.097971840281632,12.539566813871582,370.91367811793594,365.1521199188202,0.0
0.423,9.986742817141307,-1.116654715131339,2.841302880868364,0.0,13.155447585146959,11.840219544052797,375.2198408103986,365.1521199188202,0.0
0.424,9.450473382648715,-1.1775958801161215,0.5875443257212627,0.0,13.142293780699001,11.068274551262922,376.77844636988766,365.1521199188202,0.0
0.425,8.626077010660197,-1.1523694445624812,-0.3080217185339533,0.0,13.049876537856106,10.381554904564446,376.4685272720083,365.1521199188202,0.0
0.426,7.669966052129881,-1.089883788272963,-0.2662262431261624,0.0,12.891407896791343,9.864746902707388,375.2441436153467,365.1521199188202,0.0
0.427,6.732387178812157,-1.0426996393433399,0.24504534823939395,0.0,12.692539919827986,9.533167323705342,373.6326390989611,365.1521199188202,0.0
0.428,5.918394345431451,-1.0461060352901244,0.9659924146307812,0.0,12.4812473277042,9.36921378923526,372.4046562312006,365.1521199188202,0.0
0.429,5.284607967496957,-1.1124828459915446,1.5074584853872217,0.0,12.281956026563474,9.31445471935809,371.6032497132841,365.1521199188202,0.0
0.43,4.831305172979781,-1.2317116134481254,1.8436504464008419,0.0,12.109569344862315,9.320334324976042,371.0067670568989,365.1521199188202,0.0
0.431,4.528785426760476,-1.3815883259859625,2.083345303212629,0.0,11.970303442597661,9.360135960640196,370.3775422043652,365.1521199188202,0.0
0.432,4.3418108768945025,-1.5379922265942563,2.3457035066240257,0.0,11.864649956067424,9.42603529934167,369.6066429573059,365.1521199188202,0.0
0.433,4.242852487159721,-1.6825123113811082,2.686607899768836,0.0,11.790484922380829,9.518670934103952,368.56775943207344,365.1521199188202,0.0
0.434,4.2157184068680715,-1.802551087062715,3.1718932672525284,0.0,11.74475902001623,9.646594013447839,367.3402147780742,365.1521199188202,0.0
0.435,4.2559828148354715,-1.8929106998801601,3.7637846456596105,0.0,11.725137185475578,9.812706966891488,365.87464710465144,365.1521199188202,0.0
0.436,4.36318352176751,-1.9534989417600135,4.489343210512675,0.0,11.72984994021197,10.022749536203621,363.8227063154359,365.1521199188202,0.0
0.437,4.540894536017179,-1.9884803063437424,5.5286077411543,0.0,11.758337744091348,10.30084643228209,362.05576711786307,365.1521199188202,0.0
0.438,4.810005256048084,-2.0007592138001353,6.443040867950276,0.0,11.812787323364995,10.616352348720884,360.71585384288335,365.1521199188202,0.0
0.439,5.16197381928621,-1.9960388914392588,7.157360166199505,0.0,11.892700511820907,10.939157988226736,359.2986827477027,365.1521199188202,0.0
0.44,5.578981013319744,-1.9672198636492344,7.924480085501012,0.0,11.993780055548513,11.272563275056957,357.6833474491017,365.1521199188202,0.0
0.441,6.052706997066135,-1.9123420764196988,8.806835459498695,0.0,12.112343807269033,11.624184093251882,355.9388182156179,365.1521199188202,0.0
0.442,6.582830825377865,-1.8347178043090326,9.771233093272603,0.0,12.246223373577113,11.996183029497692,354.1424420685933,365.1521199188202,0.0
0.443,7.171117316144116,-1.7394021988262578,10.0,0.0,12.394206402996968,12.300480136450835,351.5827261530102,365.1521199188202,0.0
0.444,7.772209082763164,-1.6099884497956451,10.0,0.0,12.544538483831612,12.526620937162946,347.66657747660884,365.1521199188202,0.0
0.445,8.3525637748313,-1.4368616251999438,10.0,0.0,12.684701623438784,12.687352767426,342.39249327895345,365.1521199188202,0.0
0.446,8.899128750865975,-1.2203996436518456,10.0,0.0,12.804842082387209,12.79170912818033,335.3703241453224,365.1521199188202,0.0
0.447,9.406087661588678,-0.9720419865086831,10.0,0.0,12.89824940904596,12.847344068334927,338.8106725230076,365.1521199188202,0.0
0.448,9.865347444201657,-0.7183272023377141,10.0,0.0,12.962454447366918,12.861307260159734,354.3778658467554,365.1521199188202,0.0
0.449,10.05729428044165,-0.8217272293618034,10.0,0.0,13.03554645185262,12.863773082473887,364.4122261673089,365.1521199188202,0.0
0.45,10.149151669088837,-1.0120480645279857,6.1546443749970186,0.0,13.121477129719207,12.442127559866075,372.2707403840034,365.1521199188202,0.0
0.451,9.928373848069047,-1.1580562831826677,2.1542010619979566,0.0,13.170807883238703,11.694848583324486,376.45440171728353,365.1521199188202,0.0
0.452,9.317313888167952,-1.1978483197915963,-0.05065242262675529,0.0,13.143394705592533,10.889709946989202,377.33548765033163,365.1521199188202,0.0
0.453,8.426035751706923,-1.1503012838595983,-0.6130290664659181,0.0,13.032580887758838,10.214460955958472,376.4274517619273,365.1521199188202,0.0
0.454,7.435403704182088,-1.0743471943473457,-0.2717644406948114,0.0,12.857444073118414,9.738875101383774,374.8090808601718,365.1521199188202,0.0
0.455,6.500920570103382,-1.0278601197715238,0.44085140076942153,0.0,12.647908317176347,9.461196071379272,373.19363173300786,365.1521199188202,0.0
0.456,5.72170227059616,-1.0430943203228429,1.168160846209501,0.0,12.433698866634435,9.339578430969787,372.09815696204987,365.1521199188202,0.0
0.457,5.135718582095503,-1.1252646075447863,1.6464378612562003,0.0,12.237634986694667,9.310705009487792,371.4149380369054,365.1521199188202,0.0
0.458,4.728658949989235,-1.2576261927943748,1.92541914264757,0.0,12.07202822410591,9.32993443560929,370.86432827436187,365.1521199188202,0.0
0.459,4.463814401773925,-1.4146948746105266,2.143601940363932,0.0,11.940859019535466,9.376952841777273,370.21946161211287,365.1521199188202,0.0
0.46,4.305373333630024,-1.5720430357051645,2.4153618545555053,0.0,11.843246186941105,9.448644321468992,369.4099177690769,365.1521199188202,0.0
0.461,4.227970228397478,-1.7133000038709802,2.7775557975709146,0.0,11.77652857046265,9.547459035416026,368.2926022446041,365.1521199188202,0.0
0.462,4.2185981853079335,-1.8269949559772423,3.304808736549483,0.0,11.737458062076778,9.684353293865524,366.96616701450915,365.1521199188202,0.0
0.463,4.275721329106029,-1.9104908539226417,3.949885880640065,0.0,11.724031629627369,9.862959765842978,365.5169493179989,365.1521199188202,0.0
0.464,4.401481480880493,-1.9650482244063394,4.670846434903393,0.0,11.7349748393944,10.081955451648598,363.18600203317084,365.1521199188202,0.0
0.465,4.598236857283897,-1.9923000914312814,5.855981256173929,0.0,11.769175428433197,10.382915624760852,361.74111330993037,365.1521199188202,0.0
0.466,4.892569396686509,-2.0027498423085226,6.612535683883061,0.0,11.830928929805586,10.698160452730805,360.4457383887458,365.1521199188202,0.0
0.467,5.262246204273079,-1.9930407573559745,7.3072869597761,0.0,11.916859066984182,11.019192120671654,358.9536567023688,365.1521199188202,0.0
0.468,5.691839104780957,-1.9568818742978218,8.115312435129109,0.0,12.02241897095213,11.355090474086172,357.2689773130071,365.1521199188202,0.0
0.46900000000000003,6.177419350224652,-1.8949688849494526,9.036483555868084,0.0,12.144563879866997,11.712085653090062,355.49247310661644,365.1521199188202,0.0
0.47000000000000003,6.720707982640895,-1.8119581229113617,10.0,0.0,12.281681761860055,12.087464955620824,353.6691852082328,365.1521199188202,0.0
0.47100000000000003,7.322135167878321,-1.7123787232379248,10.0,0.0,12.432502159563189,12.368658847604536,350.8507677293398,365.1521199188202,0.0
0.47200000000000003,7.922197739222686,-1.5735943980671507,10.0,0.0,12.582089424922334,12.576822779164692,346.56225901834836,365.1521199188202,0.0
0.47300000000000003,8.495635499186003,-1.389741004400498,10.0,0.0,12.718698326849953,12.722051516222221,341.08359957365104,365.1521199188202,0.0
0.47400000000000003,9.033083150783483,-1.1632541494854676,10.0,0.0,12.833094192186573,12.813033405690668,333.49347132480597,365.1521199188202,0.0
0.47500000000000003,9.530045606978364,-0.9079422841151359,10.0,0.0,12.919329223294797,12.85706529908048,347.32009863614076,365.1521199188202,0.0
0.47600000000000003,9.910446351375366,-0.7653690822808351,10.0,0.0,12.988214007083107,12.868443048920401,354.0115310912603,365.1521199188202,0.0
0.47700000000000004,10.087052677825127,-0.8739905718008825,10.0,0.0,13.064722183342118,12.869948813689657,365.74827158099015,365.1521199188202,0.0
0.47800000000000004,10.165348450007215,-1.0651136000231238,5.496834199330399,0.0,13.153667436661408,12.376760109858708,375.2218582625062,365.1521199188202,0.0
0.47900000000000004,9.884490102835636,-1.2071315415070845,0.6593434751355112,0.0,13.198110037546687,11.486369855998733,377.99673357621424,365.1521199188202,0.0
0.48,9.153377194488344,-1.2089995688610147,-0.8565403182924474,0.0,13.147854656551534,10.648704414024644,377.4652563626192,365.1521199188202,0.0
0.481,8.169625862517616,-1.1248612235200226,-0.7139330759329114,0.0,13.009584371197436,10.021527130175583,375.8913842660968,365.1521199188202,0.0
0.482,7.1494939411125085,-1.0364008143999421,-0.03438967114448044,0.0,12.813534124444043,9.618941246314003,374.0880182177176,365.1521199188202,0.0
0.483,6.240115484933719,-1.000166334673562,0.7779343700561396,0.0,12.593729125301133,9.409399447613044,372.7076435142374,365.1521199188202,0.0
0.484,5.517716705276988,-1.0387098781410626,1.3925664858420603,0.0,12.379552580781105,9.328687702392784,371.8157637405953,365.1521199188202,0.0
0.485,4.993759765663235,-1.142520880345322,1.771869934445375,0.0,12.189756290998847,9.320617810992005,371.27692069000625,365.1521199188202,0.0
0.486,4.639016192811947,-1.2902322610399715,1.980043452028033,0.0,12.033342782909106,9.347263555818635,370.75705678012685,365.1521199188202,0.0
0.487,4.412188947734974,-1.4538647965704614,2.1839260383546693,0.0,11.91175766521241,9.397352285903688,370.06418691560145,365.1521199188202,0.0
0.488,4.279794111509283,-1.6104705770931687,2.481240300649552,0.0,11.822930242796083,9.473234533733795,369.3380286943571,365.1521199188202,0.0
0.489,4.221123606250135,-1.7468778452168274,2.802460323516364,0.0,11.764012529092774,9.570136681647899,367.9802543952605,365.1521199188202,0.0
0.49,4.223917215329628,-1.8497956397659898,3.4530661283002626,0.0,11.730633686270378,9.718917279646499,366.50111989359783,365.1521199188202,0.0
0.491,4.296086736039274,-1.924172935216142,4.179143379383815,0.0,11.722623112084104,9.914933661947076,365.0380873986043,365.1521199188202,0.0
0.492,4.441633716996337,-1.9734216826132587,4.911799952082729,0.0,11.7396888228057,10.148590326386842,362.74826598588004,365.1521199188202,0.0
0.493,4.661715450788947,-1.9945810742807455,6.080749197774271,0.0,11.780248674508563,10.459092225846245,361.3651132998728,365.1521199188202,0.0
0.494,4.9769332307027785,-2.001007118698234,6.810195606967362,0.0,11.848298001956328,10.778676394631729,360.0505377991167,365.1521199188202,0.0
0.495,5.36438101196447,-1.9860072170865766,7.5184991785424575,0.0,11.939786563916412,11.10425892992512,358.5255882517787,365.1521199188202,0.0
0.496,5.810121612308295,-1.9442354982195316,8.347239268881872,0.0,12.050239633150563,11.445353453881564,356.8244950462486,365.1521199188202,0.0
0.497,6.311344934754071,-1.8772629561074674,9.28106212037262,0.0,12.17680758541329,11.807139785660768,355.04366503739266,365.1521199188202,0.0
0.498,6.869916499605763,-1.7899934444017922,10.0,0.0,12.317967454761162,12.158718578823203,352.9804561930156,365.1521199188202,0.0
0.499,7.471314626746226,-1.680045125489975,10.0,0.0,12.468947596527244,12.421498022470969,349.8063397411661,365.1521199188202,0.0
0.5,8.064756773801726,-1.5293625069724834,10.0,0.0,12.61563206363369,12.61383288102587,345.1538138974158,365.1521199188202,0.0
0.501,8.629125711855721,-1.334287282589377,10.0,0.0,12.746930121388012,12.74545653872054,339.3746345063693,365.1521199188202,0.0
0.502,9.156516743369888,-1.0999350204492475,10.0,0.0,12.854432742544791,12.824678312335156,331.30312893766546,365.1521199188202,0.0
0.503,9.645020405695512,-0.8381774552591699,10.0,0.0,12.93265746939784,12.85826667816331,342.1041904253826,365.1521199188202,0.0
0.504,9.957533766587956,-0.7893693755244051,10.0,0.0,13.003667247029481,12.86682724701904,355.7227571061354,365.1521199188202,0.0
0.505,10.121233424912266,-0.9001552438964016,10.0,0.0,13.081106630101797,12.866750907945615,370.7134754114823,365.1521199188202,0.0
0.506,10.170793282141918,-1.1194914598646846,2.9815130371364997,0.0,13.173813566032326,12.098577987459759,376.5766076611894,365.1521199188202,0.0
0.507,9.717374265633481,-1.2125781223033036,-0.06429796514075381,0.0,13.188478687029786,11.202010402381902,377.33454839244183,365.1521199188202,0.0
0.508,8.87740826211179,-1.1729043293205728,-0.5650926155031719,0.0,13.10672555356723,10.45979885661679,376.5068068796695,365.1521199188202,0.0
0.509,7.879912062836974,-1.0851253151986684,-0.26476872872550494,0.0,12.949667625250832,9.923001648016108,375.2381768175644,365.1521199188202,0.0
0.51,6.903450381232135,-1.0185045022271866,0.26868573333960466,0.0,12.748185269620365,9.577290942387027,373.6807682173359,365.1521199188202,0.0
0.511,6.055818368559762,-1.0099389383794086,0.9621035504686901,0.0,12.532004075096495,9.400419391599272,372.5108756808013,365.1521199188202,0.0
0.512,5.393030615394786,-1.0704305641105116,1.473462261116195,0.0,12.326493579415136,9.333362489159258,371.76503749827054,365.1521199188202,0.0
0.513,4.914600546996922,-1.1880569868630966,1.780252176587065,0.0,12.147162433303382,9.327092960982547,371.21281939670257,365.1521199188202,0.0
0.514,4.589654588883585,-1.3394120259071882,1.995754232592228,0.0,12.00061023905246,9.35511435272668,370.6163841308712,365.1521199188202,0.0
0.515,4.382091832232805,-1.4995684649560732,2.239329223387398,0.0,11.887619061305976,9.409899057949175,369.8577852658453,365.1521199188202,0.0
0.516,4.264023149350067,-1.6492415464295171,2.5715720024301127,0.0,11.806267946427983,9.492929058212118,369.0049610958716,365.1521199188202,0.0
0.517,4.218566220427781,-1.7767727244592164,2.9594556756464483,0.0,11.753886641832613,9.602685298576953,367.9159186874311,365.1521199188202,0.0
0.518,4.236889531665226,-1.8722695041396846,3.4763388921805847,0.0,11.726948425717822,9.746735968007023,366.07572949775016,365.1521199188202,0.0
0.519,4.317887207494131,-1.9346425844648003,4.387197391231749,0.0,11.723015169196472,9.959986840384088,364.38064761762257,365.1521199188202,0.0
0.52,4.479293823919125,-1.9769388539421373,5.242453054307519,0.0,11.744829184404221,10.219544086770675,362.33477424828527,365.1521199188202,0.0
0.521,4.725976837702869,-1.994904531407221,6.293563195681519,0.0,11.791970784556241,10.5368755036078,361.0001927103713,365.1521199188202,0.0
0.522,5.063119755201309,-1.9981940309127482,7.002373236722981,0.0,11.866313554547727,10.860027051090238,359.6676604359939,365.1521199188202,0.0
0.523,5.468591625679902,-1.9784698544980122,7.723483968739944,0.0,11.963334647887631,11.189301324357372,358.1171533738301,365.1521199188202,0.0
0.524,5.930122982773554,-1.931433865837805,8.56908716527176,0.0,12.07860434223178,11.5344417933546,356.40011361360445,365.1521199188202,0.0
0.525,6.446081152802983,-1.8594999448634597,9.51512710843674,0.0,12.209418742620665,11.900063461537048,354.60987544345073,365.1521199188202,0.0
0.526,7.018779412076183,-1.7679466386952458,10.0,0.0,12.354362345320148,12.22824279476069,352.3059280604275,365.1521199188202,0.0
0.527,7.619501313276936,-1.64794838398491,10.0,0.0,12.505345246115589,12.472897399476938,348.77397006302385,365.1521199188202,0.0
0.528,8.205973222693988,-1.485761402487452,10.0,0.0,12.649054731885494,12.64968014277723,343.79173289357846,365.1521199188202,0.0
0.529,8.7611183764691,-1.2797959630491018,10.0,0.0,12.775037214885192,12.767954312503395,337.4208578256499,365.1521199188202,0.0
0.53,9.277937245535073,-1.0385737407029434,10.0,0.0,12.875774076493844,12.835700689497411,329.2359669669835,365.1521199188202,0.0
0.531,9.75871163922231,-0.7692852463497859,10.0,0.0,12.946002377485648,12.859029120337949,346.726176278298,365.1521199188202,0.0
0.532,10.020576879987644,-0.7810917775975721,10.0,0.0,13.015532294843112,12.863050105646302,362.2314317445889,365.1521199188202,0.0
0.533,10.138763424367012,-0.9471334865667922,7.242416662184568,0.0,13.096657841669803,12.559905949525792,370.9417260898822,365.1521199188202,0.0
0.534,9.998244837178598,-1.1165224186466327,2.829373427827308,0.0,13.156328783640861,11.853968751333369,375.26340967128806,365.1521199188202,0.0
0.535,9.466006515468436,-1.17887430786831,0.567418739599697,0.0,13.144603730089159,11.077048813312075,376.7809010362432,365.1521199188202,0.0
0.536,8.64152188564557,-1.1530233023415417,-0.30761475405211414,0.0,13.052892058590338,10.388385152381723,376.4615227870687,365.1521199188202,0.0
0.537,7.684204996222242,-1.0896222868188987,-0.2610196581473403,0.0,12.894769586496137,9.870352497418907,375.2501312648076,365.1521199188202,0.0
0.538,6.7450719336604665,-1.0416806834601178,0.24369598952334748,0.0,12.69601652990084,9.537095099015247,373.6451438717215,365.1521199188202,0.0
0.539,5.929054446336668,-1.0444356822375438,0.9612594465373876,0.0,12.484595505023812,9.371543551567257,372.41830017176534,365.1521199188202,0.0
0.54,5.293027508639711,-1.1102896072564896,1.502019493986003,0.0,12.284977809653993,9.315515815298998,371.616736387921,365.1521199188202,0.0
0.541,4.8375685054387,-1.2291855124502953,1.8381552212171748,0.0,12.11213912051546,9.320436633616664,371.020632598916,365.1521199188202,0.0
0.542,4.533137408056417,-1.3789630200743674,2.0775219889187095,0.0,11.97236294890926,9.359483319043612,370.39270492859043,365.1521199188202,0.0
0.543,4.344524731245646,-1.5354946693413112,2.3390799739837878,0.0,11.866189769349495,9.424728512922748,369.64665828352753,365.1521199188202,0.0
0.544,4.244140854213897,-1.6803388152439052,2.6671579128681655,0.0,11.79152596669024,9.51546096259001,368.58629648193323,365.1521199188202,0.0
0.545,4.215059968041558,-1.8004569824377095,3.1629970480341836,0.0,11.74516634619592,9.643110371212682,367.3065505657987,365.1521199188202,0.0
0.546,4.25400271158844,-1.8910116447511331,3.7813256996316564,0.0,11.724967459795845,9.811842126595833,365.9125646265294,365.1521199188202,0.0
0.547,4.361522309682572,-1.953080140628858,4.470714222189228,0.0,11.72958362549751,10.019892540411135,363.89349772463527,365.1521199188202,0.0
0.548,4.538240892921234,-1.9888166622828534,5.492833895078138,0.0,11.757853548433696,10.294774960031965,362.086681393593,365.1521199188202,0.0
0.549,4.8049109798150305,-2.0009098494453705,6.426896445851551,0.0,11.811757606409682,10.609955290114584,360.73317571626654,365.1521199188202,0.0
0.55,5.155029879454407,-1.9962027453153794,7.147838726540307,0.0,11.89115057827041,10.933124640263179,359.3191247828339,365.1521199188202,0.0
0.551,5.570893399962607,-1.967752493863457,7.913194144616487,0.0,11.99183873134151,11.26665222750497,357.71016765338805,365.1521199188202,0.0
0.552,6.043784153342212,-1.913372360162945,8.792092231993735,0.0,12.110113515637149,11.618061759093754,355.96987674014247,365.1521199188202,0.0
0.553,6.5730768479640105,-1.8361895619811996,9.754060120403306,0.0,12.243755468199112,11.989692013929899,354.17508519554207,365.1521199188202,0.0
0.554,7.160435814706685,-1.7411928638912724,10.0,0.0,12.391518442180415,12.295640587014695,351.63313630698605,365.1521199188202,0.0
0.555,7.7616156380873855,-1.6124684159389944,10.0,0.0,12.541890253778224,12.52305501048872,347.7431384089364,365.1521199188202,0.0
0.556,8.342475966403791,-1.4401224856890986,10.0,0.0,12.682295518715684,12.684882334894123,342.48619908035755,365.1521199188202,0.0
0.557,8.889691567260392,-1.224399041566028,10.0,0.0,12.802836870048901,12.790182340541675,335.50551229307234,365.1521199188202,0.0
0.558,9.397362526922919,-0.9765515050500367,10.0,0.0,12.896748092238022,12.846634831203485,338.01793084249067,365.1521199188202,0.0
0.559,9.859301553992394,-0.7198648905349376,10.0,0.0,12.961156389042907,12.861096611637002,354.09163321764834,365.1521199188202,0.0
0.56,10.054990599348084,-0.8186751785138093,10.0,0.0,13.034006032033487,12.863646638989227,364.24610700291953,365.1521199188202,0.0
0.561,10.148314102145552,-1.0079541276072936,6.237798203926351,0.0,13.119658294980722,12.451075735483021,372.1426832422751,365.1521199188202,0.0
0.562,9.933775599745996,-1.155460847742128,2.2196044510140176,0.0,13.169821191006518,11.70848032405447,376.3882204583547,365.1521199188202,0.0
0.5630000000000001,9.329454236432335,-1.1973772553997215,-0.015525162421118566,0.0,13.143843993927861,10.90380838836311,377.32609432854815,365.1521199188202,0.0
0.5640000000000001,8.442691513608327,-1.151403746553291,-0.6062018416151345,0.0,13.034521072938249,10.225883473833537,376.4475129496498,365.1521199188202,0.0
0.5650000000000001,7.453292657739638,-1.0758830861762596,-0.2798650824742648,0.0,12.860490415041635,9.746588815872718,374.86218895820434,365.1521199188202,0.0
0.5660000000000001,6.517439925172373,-1.0286427173223283,0.41569622285463215,0.0,12.651492123168433,9.464118745936796,373.21983884001315,365.1521199188202,0.0
0.5670000000000001,5.734405273912832,-1.0425158402853392,1.1561940927382972,0.0,12.437145100703432,9.340270290753939,372.10643918202993,365.1521199188202,0.0
0.5680000000000001,5.144652488462701,-1.1234315223875229,1.6433507290978113,0.0,12.240609928768261,9.310596690030494,371.41817825994326,365.1521199188202,0.0
0.5690000000000001,4.734686769154428,-1.255089513540018,1.9248206067299156,0.0,12.074434136160011,9.329525753631223,370.87085981659726,365.1521199188202,0.0
0.5700000000000001,4.467794148815664,-1.4120107170759202,2.141292429425145,0.0,11.942713581650079,9.376200064375388,370.2325427372624,365.1521199188202,0.0
0.5710000000000001,4.307844539967043,-1.5695790131865583,2.4096467409081495,0.0,11.844595814202375,9.44731467540029,369.42560421550417,365.1521199188202,0.0
0.5720000000000001,4.229150410359788,-1.7112203091571954,2.77038115882043,0.0,11.777406144197595,9.545560149601755,368.3123862815991,365.1521199188202,0.0
0.5730000000000001,4.218584268682604,-1.8254388517569708,3.2953874621451646,0.0,11.7379076153397,9.681780792857612,366.9896174520736,365.1521199188202,0.0
0.5740000000000001,4.274510503061846,-1.9094693345378506,3.9383969015753806,0.0,11.72408217137309,9.859652947007683,365.54831778777077,365.1521199188202,0.0
0.5750000000000001,4.399017104052199,-1.9645187249461666,4.655084755037297,0.0,11.73464161533525,10.07762444706745,363.2255162809756,365.1521199188202,0.0
0.5760000000000001,4.594224380449161,-1.9922668454231034,5.8357515448133155,0.0,11.768444064255549,10.377333475464438,361.7667607197074,365.1521199188202,0.0
0.577,4.886843873324682,-2.002867322235662,6.598982917438552,0.0,11.829725742368124,10.69236455755243,360.47017294088624,365.1521199188202,0.0
0.578,5.255165942044292,-1.993465905414486,7.294096276628474,0.0,11.915242200259794,11.01326162239712,358.9816166080112,365.1521199188202,0.0
0.579,5.683653743548921,-1.9577191283892528,8.100079476174074,0.0,12.020458587542201,11.348877207426312,357.29974320500287,365.1521199188202,0.0
0.58,6.16819630594557,-1.8962030198148168,9.019539944816422,0.0,12.14230559042635,11.705518888387447,355.52439642864454,365.1521199188202,0.0
0.581,6.7104395775881525,-1.813518224806269,10.0,0.0,12.279151894753003,12.082535768667931,353.71805588093576,365.1521199188202,0.0
0.582,7.311863916390098,-1.714680820713388,10.0,0.0,12.429969990174905,12.364996746249407,350.9241809033447,365.1521199188202,0.0
0.583,7.912370887030582,-1.5767350075087303,10.0,0.0,12.579766708401179,12.574251912232494,346.6616918092089,365.1521199188202,0.0
0.584,8.486419160948824,-1.3936637891864998,10.0,0.0,12.716750895519738,12.720420993015301,341.1957399601418,365.1521199188202,0.0
0.585,9.024506622126038,-1.1677838955289674,10.0,0.0,12.831637495885618,12.812222446441366,333.64258960366817,365.1521199188202,0.0
0.586,9.522077337420837,-0.9128506669297471,10.0,0.0,12.918431725348174,12.856980510490757,347.4635939159733,365.1521199188202,0.0
0.587,9.908579260723942,-0.7612632718436303,10.0,0.0,12.986897057095934,12.868402686671075,354.1316866224947,365.1521199188202,0.0
0.588,10.084887843403349,-0.871525943900826,10.0,0.0,13.063302841164104,12.870000253546431,365.54189153806414,365.1521199188202,0.0
0.589,10.164552994668629,-1.0617514494374976,5.600907988751127,0.0,13.152049982401458,12.388178440091306,375.0428495864902,365.1521199188202,0.0
0.59,9.891559000171279,-1.205131581356532,0.7515216678613905,0.0,13.197609787625284,11.504797937827412,377.9649284405002,365.1521199188202,0.0
0.591,9.169208817653749,-1.2099877619700605,-0.8376458443604147,0.0,13.149375940648632,10.664725483308736,377.507671404198,365.1521199188202,0.0
0.592,8.189512596771154,-1.1273808923738118,-0.7325728410630807,0.0,13.012822915456061,10.031829677501102,375.94514503597856,365.1521199188202,0.0
0.593,7.168581991846145,-1.0384951701706466,-0.05923990812494573,0.0,12.817684251455603,9.624089446678123,374.13120790672235,365.1521199188202,0.0
0.594,6.255635636547787,-1.000702051744092,0.757937776624134,0.0,12.598017044967994,9.410980381563979,372.72968261447164,365.1521199188202,0.0
0.595,5.528814789311234,-1.0374960198794583,1.3829247957929747,0.0,12.383430920296895,9.328613127216608,371.8253026372799,365.1521199188202,0.0
0.596,5.001025305917355,-1.140036854438513,1.7683829572042526,0.0,12.192978234778307,9.319963148101378,371.2828703606094,365.1521199188202,0.0
0.597,4.643495772411219,-1.2871347042736803,1.9782915911215948,0.0,12.035861175036334,9.346418620314346,370.76562605937556,365.1521199188202,0.0
0.598,4.41479845279738,-1.4507347021833288,2.1807786803329705,0.0,11.913626389761564,9.396272742628355,370.07750019200836,365.1521199188202,0.0
0.599,4.2811057886306285,-1.6076780874796943,2.475587811284691,0.0,11.824228267649179,9.471741327558265,369.35360463811355,365.1521199188202,0.0
0.6,4.221382603364454,-1.7446197147576328,2.7955207410391605,0.0,11.764810961388624,9.568200396485034,367.99122356218703,365.1521199188202,0.0
0.601,4.223249084611271,-1.8481453178769434,3.4483202425687525,0.0,11.730999692717155,9.71687789897397,366.53494753270496,365.1521199188202,0.0
0.602,4.2946570451435715,-1.9233410748404793,4.162629981170939,0.0,11.722673578396522,9.911516389731723,365.07872811890246,365.1521199188202,0.0
0.603,4.4389316833542285,-1.9729993450137897,4.891473606071366,0.0,11.739354376733152,10.143731990736812,362.77595674550287,365.1521199188202,0.0
0.604,4.657229199877402,-1.994481319851531,6.066620924504336,0.0,11.77945508986705,10.45380189981824,361.3914084601392,365.1521199188202,0.0
0.605,4.971004754225877,-2.0011867342235874,6.796502181772985,0.0,11.847075498428246,10.773078018607032,360.0788855895574,365.1521199188202,0.0
0.606,5.357216725633435,-1.9865483501641468,7.5034959603565135,0.0,11.938184201621947,11.098313508133224,358.5557599010035,365.1521199188202,0.0
0.607,5.801818026404634,-1.9451470685685999,8.33102240481162,0.0,12.048297826313975,11.439050266759631,356.8553684169024,365.1521199188202,0.0
0.608,6.301945490237249,-1.8785084155773897,9.264185661881342,0.0,12.17455752538637,11.800529397811843,355.07469170969097,365.1521199188202,0.0
0.609,6.859464195202086,-1.7915253779198346,10.0,0.0,12.315437420044326,12.153768747380628,353.02819062982945,365.1521199188202,0.0
0.61,7.460876960761405,-1.6822867309382992,10.0,0.0,12.466406839401966,12.417833790915262,349.8790501391191,365.1521199188202,0.0
0.611,8.054792707447664,-1.5324226874148503,10.0,0.0,12.613293162859549,12.611272667552306,345.2510984605724,365.1521199188202,0.0
0.612,8.619804356726664,-1.3381234105207396,10.0,0.0,12.744960461611958,12.743844164917576,339.5035677067084,365.1521199188202,0.0
0.613,9.147937262806801,-1.104264544369602,10.0,0.0,12.852936697717968,12.823880739245528,331.4594011228608,365.1521199188202,0.0
0.614,9.636997224541073,-0.8430231751950172,10.0,0.0,12.931721005698474,12.85819601302132,342.0633636543773,365.1521199188202,0.0
0.615,9.952902751335866,-0.7901287345995494,10.0,0.0,13.002852435484765,12.867099181887504,355.2793019838699,365.1521199188202,0.0
0.616,10.119509298417627,-0.897526663164153,10.0,0.0,13.080103755727096,12.86705751193465,370.44226861554756,365.1521199188202,0.0
0.617,10.17127058702756,-1.1144236103205145,3.118606126534752,0.0,13.172410461851465,12.113764138643859,376.52993272738263,365.1521199188202,0.0
0.618,9.726941040751582,-1.2109011452514027,-0.039004057468405406,0.0,13.188600719405157,11.215901454765351,377.3324097303569,365.1521199188202,0.0
0.619,8.892128218550422,-1.1732350956711466,-0.5620454570709157,0.0,13.10827764201249,10.470871727893188,376.51618496029243,365.1521199188202,0.0
0.62,7.896357041436806,-1.085996902456305,-0.26757372245339894,0.0,12.952264358914041,9.93112167203341,375.24925717850397,365.1521199188202,0.0
0.621,6.919218030053666,-1.019054596718497,0.2649187958439976,0.0,12.751386126840446,9.582902332597309,373.7170710629177,365.1521199188202,0.0
0.622,6.069672354278984,-1.0096568941357726,0.945362342196165,0.0,12.53540945980388,9.40261960303461,372.52928059630807,365.1521199188202,0.0
0.623,5.4035692123539265,-1.069088546745041,1.4654859687260924,0.0,12.32963364532755,9.333952532033305,371.773226433023,365.1521199188202,0.0
0.624,4.922063419529124,-1.185881307841038,1.7773019852265914,0.0,12.14982159239319,9.326977718025727,371.2197437283302,365.1521199188202,0.0
0.625,4.59472705455043,-1.3368597281036056,1.9933670994779122,0.0,12.002732961969429,9.35456012474752,370.62695027675176,365.1521199188202,0.0
0.626,4.3853738876014035,-1.4970534527153996,2.2350155216878047,0.0,11.889222960764897,9.408851587769943,369.87066064300376,365.1521199188202,0.0
0.627,4.265890269752589,-1.646994606330635,2.5659749313199667,0.0,11.807384695634617,9.491401621500987,369.0311036688176,365.1521199188202,0.0
0.628,4.219199863468578,-1.7750301904794996,2.946963580913076,0.0,11.754569763110693,9.60005309121757,367.9211655073681,365.1521199188202,0.0
0.629,4.2361006458523995,-1.8709123962664447,3.4742422057523568,0.0,11.727168157605897,9.74442269282143,366.1039086567153,365.1521199188202,0.0
0.63,4.316258750244513,-1.9340059844906738,4.373352743699789,0.0,11.722925145458758,9.95659616298096,364.4291254509956,365.1521199188202,0.0
0.631,4.476465621460174,-1.9767586180898302,5.217974291237874,0.0,11.74439563535595,10.214224074969733,362.36408999771606,365.1521199188202,0.0
0.632,4.721169269077516,-1.9948867903343135,6.278372317088697,0.0,11.791048440073203,10.531118479591807,361.0253213039213,365.1521199188202,0.0
0.633,5.056708099336752,-1.9983923269451411,6.989024650135059,0.0,11.86492973208569,10.85409426574765,359.6941639165432,365.1521199188202,0.0
0.634,5.46090929873145,-1.9790219867526142,7.7091829038469,0.0,11.961554680725218,11.183164743436171,358.14585690223356,365.1521199188202,0.0
0.635,5.921353701395081,-1.9323874021125838,8.553399041167573,0.0,12.076488081361171,11.528045988488895,356.43037691099283,365.1521199188202,0.0
0.636,6.4362985268570645,-1.8608293420367696,9.498356466866209,0.0,12.207011225676862,11.8933961177794,354.64113842167825,365.1521199188202,0.0
0.637,7.008010054485821,-1.7695925608642509,10.0,0.0,12.351696603161818,12.223255943175618,352.35480271694934,365.1521199188202,0.0
0.638,7.608797075205469,-1.6503134073303538,10.0,0.0,12.502691086360894,12.469212431446492,348.8489409020178,365.1521199188202,0.0
0.639,8.195777637878177,-1.4889460852419036,10.0,0.0,12.646624156172761,12.64711272752339,343.889138663352,365.1521199188202,0.0
0.64,8.751587783548556,-1.2837566140166035,10.0,0.0,12.772996779997227,12.766346990576764,337.56536535484526,365.1521199188202,0.0
0.641,9.269155108249134,-1.0430416384085452,10.0,0.0,12.874228815139958,12.83492078544689,329.28762384504347,365.1521199188202,0.0
0.642,9.750459622604007,-0.7743371876272124,10.0,0.0,12.945044686425558,12.858992581012252,345.97906649439966,365.1521199188202,0.0
0.643,10.016437548948474,-0.7811085348317554,10.0,0.0,13.014618042839448,12.863294257395289,361.654352918853,365.1521199188202,0.0
0.644,10.138028240600477,-0.9429228145032564,7.535239011769766,0.0,13.095396088542069,12.592284196257813,371.06024309923396,365.1521199188202,0.0
0.645,10.016455205062876,-1.119081989514804,2.7732126897751606,0.0,13.158754690015243,11.871866601092892,375.4283932749604,365.1521199188202,0.0
0.646,9.487745046765264,-1.183045292465509,0.4863748683505369,0.0,13.149010043399066,11.08283711551239,376.83219149694185,365.1521199188202,0.0
0.647,8.658877073944028,-1.1546730733489587,-0.3323249584214025,0.0,13.057576335754128,10.390435886525006,376.4529440297213,365.1521199188202,0.0
0.648,7.696645705285318,-1.088510352978133,-0.25570946592015353,0.0,12.899051698925323,9.872302882938968,375.23398704354264,365.1521199188202,0.0
0.649,6.754244791797399,-1.0389498650732385,0.25295035592196324,0.0,12.699776198954964,9.539358928303361,373.63757814526537,365.1521199188202,0.0
0.65,5.936292471205071,-1.0410928357839362,0.966300222796149,0.0,12.487865185175298,9.373714452402293,372.4221190810316,365.1521199188202,0.0
0.651,5.2990058866567145,-1.1069188502773937,1.5013297632909124,0.0,12.287800257070673,9.317085074593447,371.62877007912635,365.1521199188202,0.0
0.652,4.842458092195351,-1.2260302505384555,1.8332377626404783,0.0,12.11452287787941,9.321119117823791,371.03690514409624,365.1521199188202,0.0
0.653,4.536884404100982,-1.3761053781057344,2.0703223779027766,0.0,11.974293790960091,9.359229874243097,370.4105963316816,365.1521199188202,0.0
0.654,4.347051582676315,-1.5329734624735378,2.330892019981494,0.0,11.867653426379427,9.423624334280351,369.638975300802,365.1521199188202,0.0
0.655,4.245572214241607,-1.6779424018590017,2.671833981601477,0.0,11.792494446749277,9.51507763352679,368.6912558526921,365.1521199188202,0.0
0.656,4.215698984796262,-1.7994780311573577,3.11030234631769,0.0,11.745915924835744,9.636963066942798,367.2949266999092,365.1521199188202,0.0
0.657,4.2514244880534005,-1.8890383097550647,3.7870388548982623,0.0,11.724820072807935,9.807829899469816,365.9116646295016,365.1521199188202,0.0
0.658,4.357871391655442,-1.9515906521490962,4.471074442995231,0.0,11.728905644112968,10.016625108782556,363.9133201511606,365.1521199188202,0.0
0.659,4.534222190060525,-1.988212665855288,5.482634679842347,0.0,11.756865077302521,10.291046505678198,362.1169710680285,365.1521199188202,0.0
0.66,4.800272899533481,-2.0011054723842507,6.411160709916314,0.0,11.8105226954438,10.605341897084925,360.766397266821,365.1521199188202,0.0
0.661,5.149382310148791,-1.9969260827240514,7.130304837040043,0.0,11.889655429983717,10.92765257677502,359.3507950974456,365.1521199188202,0.0
0.662,5.563976463381668,-1.9687964721707543,7.896119169941491,0.0,11.990053495774392,11.260579334548556,357.739436776706,365.1521199188202,0.0
0.663,6.0355545108282636,-1.9146425814570387,8.775925161732438,0.0,12.108028798890373,11.611646095205005,355.9979532158769,365.1521199188202,0.0
0.664,6.5636346091317055,-1.8376677699760529,9.738208609176404,0.0,12.241387557404632,11.983083799069414,354.20369894737684,365.1521199188202,0.0
0.665,7.149917183302458,-1.742880714440616,10.0,0.0,12.388897382459817,12.290677544739218,351.67916541435534,365.1521199188202,0.0
0.666,7.751090585900147,-1.6147818967785406,10.0,0.0,12.53927260018899,12.51937873589529,347.8149525224553,365.1521199188202,0.0
0.667,8.332411157881886,-1.4431900485129132,10.0,0.0,12.679886300128256,12.682313800816651,342.5752671134051,365.1521199188202,0.0
0.668,8.880264639146638,-1.2282021884501084,10.0,0.0,12.800799390441478,12.788566052020501,335.63567840538605,365.1521199188202,0.0
0.669,9.388653282752053,-0.9808765207173105,10.0,0.0,12.895190451993788,12.845840171151343,337.282526192382,365.1521199188202,0.0
0.67,9.853088858899401,-0.7215520227919785,10.0,0.0,12.959817381209486,12.860821957584172,353.8064861143244,365.1521199188202,0.0
0.671,10.052620628390024,-0.8156487833242485,10.0,0.0,13.032423684784701,12.863464119412793,364.0831901885108,365.1521199188202,0.0
0.672,10.147403679245908,-1.003920133195955,6.319178868569955,0.0,13.117802455065824,12.45978155305953,372.01637309903623,365.1521199188202,0.0
0.673,9.93898793302226,-1.1529104231314782,2.283944881505078,0.0,13.168781310077701,11.72181115570003,376.32235946300256,365.1521199188202,0.0
0.674,9.341304992903952,-1.1969095180595142,0.01924930408009118,0.0,13.144215237395159,10.917632475882343,377.31579169002055,365.1521199188202,0.0
0.675,8.45900438441501,-1.1524948180514836,-0.5991035271409082,0.0,13.03636229604895,10.237119438650716,376.46609858342083,365.1521199188202,0.0
0.676,7.470857435107822,-1.0774143328868075,-0.28739676048705576,0.0,12.863428638746162,9.754216841990658,374.89905849726995,365.1521199188202,0.0
0.677,6.533631149791585,-1.029579415373858,0.3986538968038875,0.0,12.654987051432867,9.467873065793514,373.2464575842646,365.1521199188202,0.0
0.678,5.747369093980387,-1.0422568020659195,1.1440109766521225,0.0,12.440628106942444,9.341564843981214,372.12189291020246,365.1521199188202,0.0
0.679,5.1540616763065925,-1.1219863559651342,1.6365955837693633,0.0,12.243717711781827,9.310583481271523,371.42744632290083,365.1521199188202,0.0
0.68,4.741030715480748,-1.2528350959498087,1.9210656133793709,0.0,12.07699628572562,9.328875404016776,370.8797075868667,365.1521199188202,0.0
0.681,4.471795780748509,-1.409430232074456,2.137659104715979,0.0,11.944693172123431,9.375132108845095,370.24446073643674,365.1521199188202,0.0
0.682,4.310106195902097,-1.5670761937144737,2.4043591217547897,0.0,11.846021144783446,9.445797403777052,369.439654712953,365.1521199188202,0.0
0.683,4.2300531563640655,-1.709031207749119,2.763886785555343,0.0,11.778321441598063,9.543598947830203,368.3306259930958,365.1521199188202,0.0
0.684,4.218327970671892,-1.8237593302212218,3.2866160847411763,0.0,11.738372406468123,9.679244553462697,367.01174607805086,365.1521199188202,0.0
0.685,4.273142780838376,-1.9083431359562002,3.9274597806713354,0.0,11.724139772820545,9.85644932760417,365.5785915965556,365.1521199188202,0.0
0.686,4.396495611398102,-1.9639144915526079,4.639772304641606,0.0,11.734317891010136,10.073435638384264,363.2655714520879,365.1521199188202,0.0
0.687,4.590250260911354,-1.9921813894329117,5.815147861542785,0.0,11.76773047366964,10.371829832783872,361.79151529459324,365.1521199188202,0.0
0.6880000000000001,4.881189365458923,-2.002928838803234,6.585781986532384,0.0,11.828540767955094,10.68667610918422,360.4932345021189,365.1521199188202,0.0
0.6890000000000001,5.248200683981461,-1.9938353018726285,7.281511236936554,0.0,11.913646896895962,11.007480809675627,359.0083317183014,365.1521199188202,0.0
0.6900000000000001,5.67564005803348,-1.958509090489397,8.085400510850501,0.0,12.018527935109034,11.342837962677988,357.3295169746337,365.1521199188202,0.0
0.6910000000000001,6.159199430184432,-1.8973989577752306,9.003033912126224,0.0,12.14008773231631,11.699131148406517,355.5554765106999,365.1521199188202,0.0
0.6920000000000001,6.700439635371307,-1.8150443162688024,9.986020578174312,0.0,12.276672959137148,12.076202365686404,353.75281271663926,365.1521199188202,0.0
0.6930000000000001,7.3010503902990695,-1.7165532855003462,10.0,0.0,12.427296318034422,12.360278072670551,350.97811786383903,365.1521199188202,0.0
0.6940000000000001,7.901698304095531,-1.5792938426902348,10.0,0.0,12.57715128333896,12.570803587659423,346.74187288726296,365.1521199188202,0.0
0.6950000000000001,8.476281681314102,-1.3969955667772558,10.0,0.0,12.714393087689597,12.718064355323783,341.28915492761536,365.1521199188202,0.0
0.6960000000000001,9.015055127282501,-1.1718120315336003,10.0,0.0,12.829689582253941,12.810803981372429,333.775334858711,365.1521199188202,0.0
0.6970000000000001,9.513350565217763,-0.9173713760838309,10.0,0.0,12.916993753219675,12.856374530559453,347.57950654184197,365.1521199188202,0.0
0.6980000000000001,9.906016337631543,-0.7570047371443849,10.0,0.0,12.985028638278695,12.86790816133818,354.234629215369,365.1521199188202,0.0
0.6990000000000001,10.082206101064422,-0.8689155624770528,10.0,0.0,13.061327255085677,12.869637701291461,365.3566903070516,365.1521199188202,0.0
0.7000000000000001,10.163455776562355,-1.0581267133359331,5.693862873293781,0.0,13.149863082548436,12.397973498321981,374.85761285040036,365.1521199188202,0.0
0.7010000000000001,9.897626052471976,-1.2028064972222872,0.8463466723036106,0.0,13.196401571686884,11.522217653958798,377.9099756037691,365.1521199188202,0.0
0.7020000000000001,9.184026812038088,-1.2106335514528768,-0.8074132612302556,0.0,13.150124805601669,10.68109043147377,377.53305137717285,365.1521199188202,0.0
0.7030000000000001,8.209145897193627,-1.129871499039294,-0.742760462515653,0.0,13.015400897568671,10.04319857005122,375.9925995488732,365.1521199188202,0.0
0.704,7.1882885964667365,-1.040954713712034,-0.08093934466636554,0.0,12.821386968334856,9.630322792875418,374.1759761112856,365.1521199188202,0.0
0.705,6.272316101822883,-1.0018471422603734,0.7371338122027922,0.0,12.602074189300433,9.41325143797448,372.7553923387127,365.1521199188202,0.0
0.706,5.541162900828749,-1.036923056903138,1.3713929742903224,0.0,12.387234979004578,9.328810844084053,371.83758046790877,365.1521199188202,0.0
0.707,5.009328885933465,-1.138076855042021,1.7634443042013945,0.0,12.196211788998118,9.319303652850962,371.2897747940652,365.1521199188202,0.0
0.708,4.648693082585695,-1.2843885072574466,1.9759705923707367,0.0,12.038422942631296,9.34545383835935,370.77385899929135,365.1521199188202,0.0
0.709,4.41783407568468,-1.4477990794033637,2.1777110989529413,0.0,11.915540045865901,9.395064446248206,370.09002580274915,365.1521199188202,0.0
0.71,4.282637382383956,-1.6049694976348192,2.4702486383847493,0.0,11.825561139849928,9.470150474137377,369.37117716641006,365.1521199188202,0.0
0.711,4.221737537146555,-1.7423828697279002,2.7874823840783955,0.0,11.765632493972388,9.566047361311128,368.00197943586994,365.1521199188202,0.0
0.712,4.222535500739773,-1.8464387460459184,3.443582654177959,0.0,11.731358414074037,9.714663612986135,366.57106744581785,365.1521199188202,0.0
0.713,4.293101676014622,-1.9224427569813152,4.1448491739340305,0.0,11.722693249772732,9.907814846331677,365.11410949602646,365.1521199188202,0.0
0.714,4.436018370746455,-1.9724481560296008,4.873708253057662,0.0,11.73895027902207,10.13893109875082,362.8019625373874,365.1521199188202,0.0
0.715,4.652655203382376,-1.9943249405750145,6.0532833061915206,0.0,11.778599622897898,10.448625209263842,361.4181220285716,365.1521199188202,0.0
0.716,4.965094519009005,-2.0013827898775034,6.78254353950191,0.0,11.84581103901527,10.767535761853374,360.1081024197278,365.1521199188202,0.0
0.717,5.350105518603648,-1.9871390279411305,7.487993518914728,0.0,11.936554976473829,11.092356479398855,358.58654434721353,365.1521199188202,0.0
0.718,5.793550308459203,-1.9461102170219047,8.314428310887928,0.0,12.046335860359328,11.4326940293704,356.886494810654,365.1521199188202,0.0
0.719,6.2925450299131205,-1.8797947053773214,9.247109330249343,0.0,12.172287992681722,11.793851505481987,355.10575901079443,365.1521199188202,0.0
0.72,6.848976078490907,-1.7930872016842345,10.0,0.0,12.312885989093239,12.148762142564602,353.0760165037302,365.1521199188202,0.0
0.721,7.450383591845384,-1.6845548099467833,10.0,0.0,12.463843761517682,12.414122092899383,349.95200616102113,365.1521199188202,0.0
0.722,8.04476227329494,-1.5355101100639277,10.0,0.0,12.610932158663413,12.608674245617221,345.34896491436353,365.1521199188202,0.0
0.723,8.610412095596889,-1.3419896512483422,10.0,0.0,12.742970127895479,12.74220232913913,339.6314331385064,365.1521199188202,0.0
0.724,9.139283413506751,-1.108632167150669,10.0,0.0,12.85142298989393,12.823062054484996,331.6163080026754,365.1521199188202,0.0
0.725,9.628906369639166,-0.847901515064066,10.0,0.0,12.93076974133858,12.858111281500648,342.5554983388249,365.1521199188202,0.0
0.726,9.949113915252433,-0.7892794020037757,10.0,0.0,13.00184561442456,12.867263660503061,355.0355944142461,365.1521199188202,0.0
0.727,10.116944194117842,-0.8960974049318823,10.0,0.0,13.079065339554885,12.867349133694772,370.1367203792232,365.1521199188202,0.0
0.728,10.171544284423925,-1.1096289903576892,3.2732954430773518,0.0,13.170991933858893,12.13088282367384,376.4852212730401,365.1521199188202,0.0
0.729,9.737496362820925,-1.209778910079798,-0.014286017373292381,0.0,13.188960413045594,11.231180161284447,377.3496695051177,365.1521199188202,0.0
0.73,8.90819884222608,-1.1742654452735275,-0.5684856292750498,0.0,13.11025379774877,10.482040718397382,376.54018657041274,365.1521199188202,0.0
0.731,7.913636067709555,-1.0873191279868837,-0.2776248284385092,0.0,12.955294939439447,9.938590172471244,375.2740377871029,365.1521199188202,0.0
0.732,6.935084115077295,-1.0196382603192637,0.25423038453359226,0.0,12.75491148009788,9.587279347769734,373.743345086207,365.1521199188202,0.0
0.733,6.082763102396758,-1.0091162772622067,0.9336644833076662,0.0,12.538954674760717,9.404450250208185,372.5412694748511,365.1521199188202,0.0
0.734,5.413356921305944,-1.067407217563252,1.4608107934253036,0.0,12.3328278634648,9.334611604787462,371.7800657801108,365.1521199188202,0.0
0.735,4.929030378719503,-1.183465901271996,1.7751331821825413,0.0,12.152513414561351,9.327030000314934,371.22792544604494,365.1521199188202,0.0
0.736,4.599532714019422,-1.334175901029963,1.9904452939432344,0.0,12.004889763237289,9.354117697496564,370.63918575237335,365.1521199188202,0.0
0.737,4.388515853181488,-1.4944676591989234,2.2299444824434946,0.0,11.890862240164799,9.407842927490222,369.8850075711532,365.1521199188202,0.0
0.738,4.2676642028358955,-1.644700962910086,2.5597046965302344,0.0,11.80853273822546,9.489855026771433,369.0580478260735,365.1521199188202,0.0
0.739,4.219747884197697,-1.7732352969545506,2.9341252899975547,0.0,11.755273840115958,9.597383907617878,367.9218797583304,365.1521199188202,0.0
0.74,4.23522870577247,-1.8694909992704765,3.4745117254739952,0.0,11.727396503816355,9.742350258976856,366.1326493568676,365.1521199188202,0.0
0.741,4.314695856459243,-1.933381064819916,4.359321631824929,0.0,11.722868886469893,9.953370888554016,364.47784028817597,365.1521199188202,0.0
0.742,4.473758702139947,-1.9766162672725962,5.193468962477188,0.0,11.744013065430094,10.209042559229044,362.39464696286024,365.1521199188202,0.0
0.743,4.716505444020209,-1.9949092665498567,6.262640354694653,0.0,11.790189871457745,10.525417347419964,361.0513220265854,365.1521199188202,0.0
0.744,5.050411053336835,-1.9986045387234612,6.975310801754414,0.0,11.863610025648047,10.84817222304293,359.7209293387958,365.1521199188202,0.0
0.745,5.453300270222569,-1.9795557367206171,7.69481905144945,0.0,11.959831331039567,11.177034071754225,358.1744128393799,365.1521199188202,0.0
0.746,5.912631320491731,-1.9332995907718662,8.537854371951816,0.0,12.074419002728733,11.521673145531096,356.46034024654114,365.1521199188202,0.0
0.747,6.426558502342351,-1.8621078847482173,9.481808465093987,0.0,12.204643288423553,11.886772996638943,354.6721106462913,365.1521199188202,0.0
0.748,6.9972957818565344,-1.7711885074133158,10.0,0.0,12.34906591621308,12.218304990185668,352.4032289508356,365.1521199188202,0.0
0.749,7.598154907684773,-1.652629131921516,10.0,0.0,12.50006714304757,12.46555700076165,348.92320325328853,365.1521199188202,0.0
0.75,8.185648824412967,-1.4920819079989718,10.0,0.0,12.64421884737965,12.64456819338166,343.98588323983324,365.1521199188202,0.0
0.751,8.742126994718067,-1.2876682557951726,10.0,0.0,12.77097647103733,12.764755777606602,337.7087498766976,365.1521199188202,0.0
0.752,9.26044622677542,-1.0474568846771817,10.0,0.0,12.872697976450796,12.834150031951555,329.4384403299758,365.1521199188202,0.0
0.753,9.742321198355299,-0.7792659182335089,10.0,0.0,12.944087864159783,12.858953956850153,345.2205955283357,365.1521199188202,0.0
0.754,10.0119966855601,-0.7816696322416465,10.0,0.0,13.013765473793065,12.86357092415306,361.12198573867647,365.1521199188202,0.0
0.755,10.137357740398722,-0.938664689802061,7.805338058747049,0.0,13.094182438384873,12.622188180990973,371.1819555785857,365.1521199188202,0.0
0.756,10.033288588702074,-1.121092222910625,2.7150547821947786,0.0,13.160916510267633,11.887702084831082,375.5679990732271,365.1521199188202,0.0
0.757,9.507501835995102,-1.186368427524629,0.4178742433300098,0.0,13.152884672522578,11.088346830246646,376.86287756141,365.1521199188202,0.0
0.758,8.674899338835178,-1.1557385352583094,-0.3466725771873467,0.0,13.061698442898155,10.393323979638412,376.4366827354177,365.1521199188202,0.0
0.759,7.708800977694665,-1.0873072544217832,-0.2464207923571733,0.0,12.902907409205993,9.87530275041891,375.2190384523997,365.1521199188202,0.0
0.76,6.763919416749978,-1.0365109640751147,0.26173216381605435,0.0,12.703290076831331,9.542374836175405,373.634242955419,365.1521199188202,0.0
0.761,5.944356644834167,-1.0381986851527714,0.9693086819404106,0.0,12.49103529849179,9.376232956852023,372.4294284787509,365.1521199188202,0.0
0.762,5.305771011480609,-1.1039706837177015,1.498942834675156,0.0,12.290609852685233,9.318712571196336,371.64244890929376,365.1521199188202,0.0
0.763,4.8479262270936765,-1.2231834909047914,1.8275293294989785,0.0,12.116930601698694,9.321726922377865,371.0533345234215,365.1521199188202,0.0
0.764,4.540985312322624,-1.373431695571709,2.063074376389104,0.0,11.976255885370449,9.358881056333205,370.4279450288444,365.1521199188202,0.0
0.765,4.349764676789443,-1.530542082750779,2.3230108725773935,0.0,11.869143714613593,9.422454730132943,369.6550947531251,365.1521199188202,0.0
0.766,4.246954831564464,-1.6758176271096625,2.6644062620939906,0.0,11.793509334320083,9.513310823981373,368.7123606331238,365.1521199188202,0.0
0.767,4.215857161329485,-1.7978072861294865,3.1001709149516135,0.0,11.746490108489361,9.634430673608385,367.32390159931197,365.1521199188202,0.0
0.768,4.2502553126631035,-1.8879558806158268,3.7726826150526165,0.0,11.724981239007708,9.804260482823109,365.92595210399134,365.1521199188202,0.0
0.769,4.355343598546649,-1.9507485490432064,4.46391904086122,0.0,11.728611944977844,10.013051584072272,363.94903894099275,365.1521199188202,0.0
0.77,4.530715696525866,-1.9878566058459128,5.464406432138787,0.0,11.756212650039902,10.286227846657106,362.14519399515433,365.1521199188202,0.0
0.771,4.7953111139260605,-2.001101469379444,6.396398164294657,0.0,11.809456765274904,10.600008995179802,360.79295967994426,365.1521199188202,0.0
0.772,5.1430956698677495,-1.9972565890466916,7.11610692428845,0.0,11.888199198366731,10.921974139671903,359.3777147236851,365.1521199188202,0.0
0.773,5.556509993862688,-1.9694860690377711,7.881473454369394,0.0,11.98824759420094,11.254612513652917,357.76709599256134,365.1521199188202,0.0
0.774,6.027015808699106,-1.915689010248672,8.76063305919385,0.0,12.105915016583115,11.605424284657074,356.026434959704,365.1521199188202,0.0
0.775,6.554096227771171,-1.8390421259722516,9.722220425213694,0.0,12.239003687144969,11.976630847063404,354.2332209174027,365.1521199188202,0.0
0.776,7.139425403499475,-1.7445360360925442,10.0,0.0,12.38627494584727,12.285850094712195,351.7260488700566,365.1521199188202,0.0
0.777,7.740664264315059,-1.617102834759561,10.0,0.0,12.536668412196388,12.515813764786039,347.88743124367807,365.1521199188202,0.0
0.778,8.32247966283013,-1.4462811223437524,10.0,0.0,12.67750284256557,12.67983310925891,342.66529901015053,365.1521199188202,0.0
0.779,8.870980610841587,-1.232029671828876,10.0,0.0,12.798796321912645,12.787017012025307,335.7668802257854,365.1521199188202,0.0
0.78,9.380081156294313,-0.985218785595035,10.0,0.0,12.893672160621076,12.845095821930082,336.36358976067635,365.1521199188202,0.0
0.781,9.846215566702,-0.7245128981894613,10.0,0.0,12.958658757696863,12.860670555024898,353.4884855785704,365.1521199188202,0.0
0.782,10.050529122142773,-0.8123738212527636,10.0,0.0,13.030975928785574,12.863373327523409,363.9744799656354,365.1521199188202,0.0
0.783,10.146570688805818,-0.9999050789981849,6.372929709651572,0.0,13.116081489136633,12.465538371164088,371.88734971003396,365.1521199188202,0.0
0.784,9.942511121371263,-1.1497901340418268,2.3491425395401526,0.0,13.167505041293998,11.733058548751462,376.22785333658265,365.1521199188202,0.0
0.785,9.35094974183075,-1.1955580030923558,0.06813339208818014,0.0,13.144073871039483,10.931327085352343,377.2857488489007,365.1521199188202,0.0
0.786,8.473907664898162,-1.15300886552565,-0.5821506533716523,0.0,13.037674587647668,10.249263512408804,376.4788284041062,365.1521199188202,0.0
0.787,7.488108881700497,-1.0788776618740195,-0.2919575158272565,0.0,12.865979934274664,9.762857899387337,374.92951985993216,365.1521199188202,0.0
0.788,6.550242455466301,-1.0308615988962844,0.38492275684864374,0.0,12.658273730045787,9.472785600003403,373.27856262267767,365.1521199188202,0.0
0.789,5.76131550446507,-1.0425745397451203,1.1291369484373126,0.0,12.44409950042455,9.343447968830766,372.1449866806377,365.1521199188202,0.0
0.79,5.164462675590831,-1.121105090440478,1.6259962518391147,0.0,12.246930161816172,9.310603600937732,371.44143571262333,365.1521199188202,0.0
0.791,4.748038617999076,-1.2509628642280162,1.914878577908274,0.0,12.079692369889004,9.327973316853107,370.88972839790955,365.1521199188202,0.0
0.792,4.476076448209024,-1.4070172696416516,2.1333561504742713,0.0,11.946782735603714,9.373777589806778,370.2552210501839,365.1521199188202,0.0
0.793,4.3123713556342445,-1.564584859092505,2.3995788130234708,0.0,11.847516382827779,9.444098127676634,369.4522902443376,365.1521199188202,0.0
0.794,4.230840509845409,-1.7067765171848248,2.758042512691448,0.0,11.779274125612071,9.541560098930923,368.3477416481526,365.1521199188202,0.0
0.795,4.21794126181954,-1.821993498948387,3.278360593490622,0.0,11.73885424265643,9.676705608054398,367.03309433393304,365.1521199188202,0.0
0.796,4.271679667804764,-1.907142548428397,3.9168745064492647,0.0,11.724205124533867,9.853287710448784,365.6083973993778,365.1521199188202,0.0
0.797,4.3939295438656245,-1.963259073658217,4.62466019892131,0.0,11.73400045574348,10.069307875526974,363.30695288842224,365.1521199188202,0.0
0.798,4.586279631929812,-1.9920635037190053,5.793834124703063,0.0,11.767025592394335,10.366300821203126,361.8159248549525,365.1521199188202,0.0
0.799,4.875525373047671,-2.002948900310222,6.5727100920765995,0.0,11.827356859272147,10.680988072487695,360.51544154659473,365.1521199188202,0.0
0.8,5.2412356552674275,-1.994163371379376,7.2693185299777525,0.0,11.91204846244233,11.001742220193982,359.03438259552513,365.1521199188202,0.0
0.801,5.667657669960901,-1.9592701785101736,8.071025378745503,0.0,12.016595924139825,11.336862463638024,357.35893728647306,365.1521199188202,0.0
0.802,6.150267006608909,-1.8985804866046097,8.986679859595007,0.0,12.13787372983105,11.692807546428828,355.5863836532413,365.1521199188202,0.0
0.803,6.6905267779528135,-1.8165652618527908,9.968614038866685,0.0,12.274203485428584,12.069539634939716,353.7841856004229,365.1521199188202,0.0
0.804,7.290129969000906,-1.7183274177558396,10.0,0.0,12.424587463714314,12.35531085078936,351.02734094859335,365.1521199188202,0.0
0.805,7.890844381063199,-1.5817184495932,10.0,0.0,12.574465557699511,12.56714692985492,346.81739501233227,365.1521199188202,0.0
0.806,8.465941947844016,-1.4001901477246137,10.0,0.0,12.711937426668827,12.715533622187165,341.3779625077243,365.1521199188202,0.0
0.807,9.005406639178497,-1.1757272728218968,10.0,0.0,12.827625144753824,12.809238691804135,333.90407680644245,365.1521199188202,0.0
0.808,9.504452535973499,-0.9218035456165456,10.0,0.0,12.915427616748456,12.855641624533801,347.6802092395787,365.1521199188202,0.0
0.809,9.903278490873777,-0.7527372809615139,10.0,0.0,12.98303208297659,12.86730411511889,354.3293196745465,365.1521199188202,0.0
0.81,10.079395696579466,-0.8662813309160714,10.0,0.0,13.059222859781977,12.869176170189656,365.17103562364457,365.1521199188202,0.0
0.811,10.16231142777805,-1.0543908898230607,5.78695985086431,0.0,13.147538375394118,12.407686122654171,374.67742986672533,365.1521199188202,0.0
0.812,9.90362390575465,-1.200460264718039,0.9385096298448774,0.0,13.195059870340879,11.539262293347228,377.8519052873009,365.1521199188202,0.0
0.8130000000000001,9.198624086055617,-1.211209171239866,-0.7757259341277098,0.0,13.150708518830717,10.697314691585525,377.5531359861095,365.1521199188202,0.0
0.8140000000000001,8.228604969593233,-1.1322999282836241,-0.7503514442049113,0.0,13.017810036504995,10.05471236899408,376.0365006030916,365.1521199188202,0.0
0.8150000000000001,7.208009570698392,-1.0434303781137018,-0.10087755953867639,0.0,12.82495461206358,9.636834115557077,374.2199737330871,365.1521199188202,0.0
0.8160000000000001,6.289202181584173,-1.003091786083576,0.7167073373209094,0.0,12.606048355100985,9.41576060364114,372.78160339447,365.1521199188202,0.0
0.8170000000000001,5.553808984723303,-1.0364910921626864,1.3595976718729705,0.0,12.39100268223206,9.329151082816221,371.85061169934374,365.1521199188202,0.0
0.8180000000000001,5.017927898747069,-1.1362538174873473,1.7581086016308536,0.0,12.19944053129246,9.31869823320352,371.29714258030685,365.1521199188202,0.0
0.8190000000000001,4.654127271245535,-1.2817468826516025,1.9733929345344317,0.0,12.040995920400366,9.344489878945357,370.78218901904063,365.1521199188202,0.0
0.8200000000000001,4.421033224688406,-1.4449281817744328,2.17456902416534,0.0,11.91746994742354,9.393836764400433,370.10247617295875,365.1521199188202,0.0
0.8210000000000001,4.284269987889412,-1.602291776890449,2.4649218846648955,0.0,11.82690944276143,9.468536433353279,369.38986736388154,365.1521199188202,0.0
0.8220000000000001,4.222148463060018,-1.7401537611178228,2.7788488147528874,0.0,11.766466137774675,9.563804254012554,368.01340036389956,365.1521199188202,0.0
0.8230000000000001,4.221815051985282,-1.8447033005979139,3.4384695102930793,0.0,11.731715774853054,9.712335429285696,366.60544385134193,365.1521199188202,0.0
0.8240000000000001,4.291488904719598,-1.921485932315875,4.127914527246678,0.0,11.722694159845084,9.904113737737331,365.14832366294104,365.1521199188202,0.0
0.8250000000000001,4.433071528419455,-1.9718650777787141,4.856512584005916,0.0,11.73852641686681,10.13418603983735,362.82821510258844,365.1521199188202,0.0
0.8260000000000001,4.648096101364159,-1.9941671382192792,6.039805912344531,0.0,11.777732113590197,10.443473746192268,361.4449105044459,365.1521199188202,0.0
0.8270000000000001,4.959214637257509,-2.0015881514611307,6.768530305559553,0.0,11.844539302128934,10.762007208335483,360.1373783583524,365.1521199188202,0.0
0.8280000000000001,5.343027425763063,-1.987743111884575,7.47244379421097,0.0,11.934921953542283,11.086403061561079,358.617424783813,365.1521199188202,0.0
0.8290000000000001,5.785310688845073,-1.9470870535281466,8.297767532830735,0.0,12.044372209113408,11.426331039913142,356.917720279183,365.1521199188202,0.0
0.8300000000000001,6.283162585676301,-1.8810924001064997,9.229963781542109,0.0,12.170017385669816,11.787158719938548,355.1368897491039,365.1521199188202,0.0
0.8310000000000001,6.838494036712806,-1.794657158132456,10.0,0.0,12.310332882490194,12.143742230514611,353.12390545178124,365.1521199188202,0.0
0.8320000000000001,7.4398882540991504,-1.6868301808921093,10.0,0.0,12.461278565609447,12.410398528128392,350.02502256241087,365.1521199188202,0.0
0.833,8.034724549789006,-1.5386050617192049,10.0,0.0,12.60856881684153,12.606065713940694,345.44705905607134,365.1521199188202,0.0
0.834,8.601009318176477,-1.345863970635171,10.0,0.0,12.740977492704129,12.740552244729258,339.7576592150072,365.1521199188202,0.0
0.835,9.13061337271381,-1.1130148430976448,10.0,0.0,12.849907960941028,12.822237391709987,331.77296761884855,365.1521199188202,0.0
0.836,9.620804595751085,-0.8527853103515723,10.0,0.0,12.929817139725621,12.85802207682761,343.0065931409022,365.1521199188202,0.0
0.837,9.945095799059875,-0.7888163152870047,10.0,0.0,13.000879575013876,12.867449091178337,354.7406109151277,365.1521199188202,0.0
0.838,10.114430209701446,-0.8945889563866039,10.0,0.0,13.07805314867998,12.867655774485328,369.5838678865723,365.1521199188202,0.0
0.839,10.172001422739784,-1.1045015440392714,3.554074607617146,0.0,13.169562691540964,12.161867864338317,376.5525193562101,365.1521199188202,0.0
0.84,9.755783837413972,-1.2117193836401317,-0.044255121575648815,0.0,13.19103732558072,11.25081232972095,377.4978117946855,365.1521199188202,0.0
0.841,8.931208375443248,-1.1785143592377028,-0.6403582595720048,0.0,13.114534211674492,10.489962889045147,376.60486142430915,365.1521199188202,0.0
0.842,7.932794728212056,-1.090327672875365,-0.3084104894387165,0.0,12.96022797983547,9.94160311371665,375.2849234490225,365.1521199188202,0.0
0.843,6.9493530935630075,-1.0197048380548397,0.2502304629025991,0.0,12.759629748680865,9.588974163132391,373.7479158796847,365.1521199188202,0.0
0.844,6.092959707391321,-1.0072274599621744,0.9327762879628487,0.0,12.543162162341305,9.405410771856713,372.54675329231685,365.1521199188202,0.0
0.845,5.420455724984615,-1.0644344886319486,1.4594112479117989,0.0,12.33640254244274,9.335072852621447,371.78827395353625,365.1521199188202,0.0
0.846,4.933883920392516,-1.1800468491941234,1.772289376954939,0.0,12.155430381985646,9.32704086659617,371.23928992805264,365.1521199188202,0.0
0.847,4.602751609629803,-1.3307573757436546,1.9859096896044175,0.0,12.007174273286559,9.3536431523667,370.653581827036,365.1521199188202,0.0
0.848,4.390473419102382,-1.4913441710161426,2.22374912103057,0.0,11.89256144624891,9.406825010871037,369.9001554208632,365.1521199188202,0.0
0.849,4.268570272764812,-1.6420132745197265,2.5529819690965505,0.0,11.809695821198133,9.488351183986042,369.0852165058443,365.1521199188202,0.0
0.85,4.219694916631919,-1.7711561851317765,2.921120460735759,0.0,11.755968405096223,9.59479834059535,367.92073272899455,365.1521199188202,0.0
0.851,4.233978319186534,-1.8678627181070553,3.4756762210588903,0.0,11.727604735786594,9.740487860810362,366.16050982767797,365.1521199188202,0.0
0.852,4.3129810343740465,-1.9326363059058098,4.345703772628602,0.0,11.722804414757535,9.950382070497259,364.52486809516165,365.1521199188202,0.0
0.853,4.471072674327755,-1.9764121054410082,5.169797157123347,0.0,11.743641148870964,10.204156770648257,362.4246169182961,365.1521199188202,0.0
0.854,4.7120162381985935,-1.9949118580324394,6.247197775561351,0.0,11.78936889437785,10.519987932752477,361.0768297053103,365.1521199188202,0.0
0.855,5.044381702576162,-1.9988069442414336,6.961844284189375,0.0,11.862350443501546,10.842495097518839,359.74693083853134,365.1521199188202,0.0
0.856,5.446010842763704,-1.9800686117246447,7.68084560838173,0.0,11.958184386750572,11.171137830518958,358.20192455942265,365.1521199188202,0.0
0.857,5.90426282930137,-1.9341721835270758,8.52285070153005,0.0,12.07243798519814,11.515538804431092,356.48908087278613,365.1521199188202,0.0
0.858,6.417203622840171,-1.8633290861223613,9.46590293530865,0.0,12.202372544759626,11.880399768157044,354.70177544293233,365.1521199188202,0.0
0.859,6.98700046423982,-1.7727137279591756,10.0,0.0,12.34654048631365,12.213540001626235,352.4496438787786,365.1521199188202,0.0
0.86,7.5879269229196975,-1.654847093090066,10.0,0.0,12.497546480805227,12.46203809321621,348.99442047682976,365.1521199188202,0.0
0.861,8.175913702914656,-1.4950897069018683,10.0,0.0,12.64190703887463,12.642117693883694,344.0789349051217,365.1521199188202,0.0
0.862,8.733034199860331,-1.2914232625365325,10.0,0.0,12.76903376618554,12.763222003427302,337.846456813022,365.1521199188202,0.0
0.863,9.252079050211588,-1.0516931105999623,10.0,0.0,12.871224599450343,12.833404826178452,329.584171915886,365.1521199188202,0.0
0.864,9.734498603021306,-0.7840030979831774,10.0,0.0,12.943166031795307,12.858912747675413,344.53404607621115,365.1521199188202,0.0
0.865,10.007601780833944,-0.7824120221343804,10.0,0.0,13.012965994838266,12.863846866225881,360.6384588987246,365.1521199188202,0.0
0.866,10.13670119661869,-0.9345905132283443,8.050565990934198,0.0,13.093034918210801,12.649359924270165,371.2961948461998,365.1521199188202,0.0
0.867,10.048603160899498,-1.1226324617544563,2.660257267922799,0.0,13.162811084477447,11.90187072749364,375.6865032126757,365.1521199188202,0.0
0.868,9.525387375212564,-1.189045664703019,0.35975925174629886,0.0,13.15628574727885,11.093629128540494,376.8806108743193,365.1521199188202,0.0
0.869,8.689644786094973,-1.1564349492875836,-0.35457948863049893,0.0,13.065337473179618,10.396686401429191,376.4168969624275,365.1521199188202,0.0
0.87,7.720457692741082,-1.0861194012957895,-0.2353703031206571,0.0,12.90638115065424,9.8788526718067,375.20562906242276,365.1521199188202,0.0
0.871,6.773636852005541,-1.0343514167277181,0.2697285554456741,0.0,12.706545764596575,9.545733887028481,373.63356008887945,365.1521199188202,0.0
0.872,5.952686666828273,-1.0356799843200997,0.9709486405167365,0.0,12.494045860947697,9.378862974856618,372.4384085790371,365.1521199188202,0.0
0.873,5.312801715786262,-1.1013736167621189,1.4956615088357328,0.0,12.293321870339225,9.320313220964287,371.6564444576718,365.1521199188202,0.0
0.874,4.853568312960813,-1.220610792538865,1.8216003241298768,0.0,12.119274456413386,9.322269009199884,371.0691383559727,365.1521199188202,0.0
0.875,4.545168426004614,-1.370950496489174,2.056083190607893,0.0,11.978172358380453,9.3584898579159,370.444274297641,365.1521199188202,0.0
0.876,4.352506245632592,-1.5282395715094739,2.3155936759855322,0.0,11.870600956235148,9.421288577655147,369.6831287093101,365.1521199188202,0.0
0.877,4.248191953161447,-1.674054418766488,2.6508563822460935,0.0,11.794533308726365,9.510882028408929,368.7317636431594,365.1521199188202,0.0
0.878,4.215610112200097,-1.7961000184261502,3.0907424780780435,0.0,11.746998638533832,9.6314850723964,367.5522967485684,365.1521199188202,0.0
0.879,4.248404049930992,-1.88706610643155,3.656474157076077,0.0,11.725063553443297,9.789172817137326,365.8581715369948,365.1521199188202,0.0
0.88,4.346575372225238,-1.9465007612571064,4.4964762466811194,0.0,11.726718902486668,10.00517028588662,363.8972198276981,365.1521199188202,0.0
0.881,4.521319751080478,-1.9840389408886754,5.489501102240688,0.0,11.753343316711845,10.282326087429688,362.1254765830413,365.1521199188202,0.0
0.882,4.787488739910086,-1.9993997257515488,6.405639157926886,0.0,11.806335174207415,10.597742542828147,360.8102863112118,365.1521199188202,0.0
0.883,5.137064295913126,-1.9977432903841756,7.1066526299177015,0.0,11.885233675754233,10.91907501852641,359.412312321106,365.1521199188202,0.0
0.884,5.5511145667496296,-1.971438769011413,7.863037700947749,0.0,11.98549864171886,11.25030654567094,357.8043598819716,365.1521199188202,0.0
0.885,6.021043439721754,-1.9183291744214515,8.740491520883438,0.0,12.10328125361032,11.599845812861536,356.06023948815226,365.1521199188202,0.0
0.886,6.546809881714263,-1.841854922114252,9.703470522099789,0.0,12.236358459223792,11.970227546567205,354.2636487689892,365.1521199188202,0.0
0.887,7.130583236846614,-1.747290859446395,10.0,0.0,12.383528813276095,12.28090987537588,351.7723764408275,365.1521199188202,0.0
0.888,7.731345800982119,-1.6202039478475008,10.0,0.0,12.534016445154833,12.512029563426333,347.959442173222,365.1521199188202,0.0
0.889,8.313198126451653,-1.4498854203806655,10.0,0.0,12.675103113745383,12.677089915699327,342.7555804029682,365.1521199188202,0.0
0.89,8.861990921346553,-1.2361708477934408,10.0,0.0,12.796781732994246,12.78520421542033,335.8987794663785,365.1521199188202,0.0
0.891,9.371550135609331,-0.9897372141307321,10.0,0.0,12.8921333663133,12.844111361474162,335.42805224439235,365.1521199188202,0.0
0.892,9.839219590584282,-0.7275616893551966,10.0,0.0,12.957465579517152,12.860314908349896,353.10634306700615,365.1521199188202,0.0
0.893,10.048539182966872,-0.8086048337910028,10.0,0.0,13.029421427223884,12.86308286124611,363.900273361909,365.1521199188202,0.0
0.894,10.14566826218871,-0.9955665148943771,6.408980681095927,0.0,13.114213838926581,12.469166475753344,371.75378432496416,365.1521199188202,0.0
0.895,9.9447847691374,-1.1460616891271007,2.416208555506909,0.0,13.165820223264296,11.742894704382246,376.1055533180016,365.1521199188202,0.0
0.896,9.359116363777755,-1.1934525410449879,0.13078972499636077,0.0,13.143346833999765,10.945357088140799,377.23620234369923,365.1521199188202,0.0
0.897,8.488195327575406,-1.1531157867445967,-0.5553756121012334,0.0,13.038456070545326,10.26264652575008,376.4856560448244,365.1521199188202,0.0
0.898,7.50579729202366,-1.0804250369570347,-0.2934378239238562,0.0,12.86819071226363,9.77274732687214,374.94757865013503,365.1521199188202,0.0
0.899,6.567893497163477,-1.0326659362844912,0.37764628610767925,0.0,12.661435376346205,9.479356823354632,373.3169905586576,365.1521199188202,0.0
0.9,5.776956619561264,-1.0436477367536632,1.1112916254480156,0.0,12.447702112727105,9.346244001411888,372.17943154246296,365.1521199188202,0.0
0.901,5.176502804284749,-1.1209410206795312,1.6097980173089095,0.0,12.250423336502793,9.310708935917202,371.46334229977117,365.1521199188202,0.0
0.902,4.756152647898773,-1.249541982688615,1.9047304148452966,0.0,12.082692104333189,9.326690978209637,370.9025362386815,365.1521199188202,0.0
0.903,4.48084101034287,-1.4047428990310296,2.1276292821915304,0.0,11.949118290787357,9.371952023055876,370.26550129312596,365.1521199188202,0.0
0.904,4.314662066059989,-1.5620035237303056,2.395012941226229,0.0,11.849174622634234,9.442039363378825,369.46338227912844,365.1521199188202,0.0
0.905,4.231421426490916,-1.7043251263792405,2.752959824621909,0.0,11.780316825373108,9.539318604347113,368.36371537222965,365.1521199188202,0.0
0.906,4.217291734988007,-1.8200206566707082,3.2706773235372095,0.0,11.739376024240494,9.674075457208813,367.05403861835606,365.1521199188202,0.0
0.907,4.269984373480723,-1.9057781532750608,3.906496513478645,0.0,11.724281357830876,9.850087993426262,365.63858418783144,365.1521199188202,0.0
0.908,4.391184876490447,-1.9624982778769207,4.6093590860508415,0.0,11.733679050424126,10.06514137151839,363.3510165908454,365.1521199188202,0.0
0.909,4.582167658484943,-1.9918894436059191,5.771153917823608,0.0,11.76630813855143,10.360601885840609,361.8408806481372,365.1521199188202,0.0
0.91,4.8696752821126275,-2.0029186785978093,6.5593342818845315,0.0,11.826139673490049,10.675145138493214,360.5375690017364,365.1521199188202,0.0
0.911,5.234065315074766,-1.9944555592656237,7.25713561425577,0.0,11.910401144723604,10.995885734905087,359.0606019234915,365.1521199188202,0.0
0.912,5.659475894884531,-1.9600228213222888,8.056534333331513,0.0,12.014607558494548,11.330783001124297,357.38890615173693,365.1521199188202,0.0
0.913,6.1411434647744025,-1.8997814641062165,8.97001435687963,0.0,12.135600835595987,11.686370670608431,355.6180576019237,365.1521199188202,0.0
0.914,6.680419049354007,-1.8181255190389298,9.95077925495522,0.0,12.271673811550453,12.062744600802267,353.8163607080996,365.1521199188202,0.0
0.915,7.2789972436422214,-1.7201513908368868,10.0,0.0,12.421816288277295,12.350244223020425,351.0777367309293,365.1521199188202,0.0
0.916,7.879779225528748,-1.5842093240027006,10.0,0.0,12.571720593483537,12.563415687174372,346.89469124515125,365.1521199188202,0.0
0.917,8.455399143476173,-1.403467436200832,10.0,0.0,12.709429427594687,12.712950064278196,341.46884425598955,365.1521199188202,0.0
0.918,8.995562836658102,-1.17974416999103,10.0,0.0,12.825518675600048,12.80764008001222,334.0358353006668,365.1521199188202,0.0
0.919,9.495371872366881,-0.9263450965364841,10.0,0.0,12.913831334960367,12.854892661977225,347.7716705630391,365.1521199188202,0.0
0.92,9.90047147918264,-0.7484125381219133,10.0,0.0,12.980999395890098,12.866688385289114,354.42098924050873,365.1521199188202,0.0
0.921,10.076506782392748,-0.8636233459338323,10.0,0.0,13.0570827375015,12.86870845507784,364.9585670771723,365.1521199188202,0.0
0.922,10.161114574570718,-1.050616153607281,5.893692206296456,0.0,13.145176852696597,12.418894490633962,374.50014210401844,365.1521199188202,0.0
0.923,9.910453352812121,-1.1983561955071735,1.0294244710214002,0.0,13.193861636460046,11.557283773525988,377.80533681009615,365.1521199188202,0.0
0.924,9.214280341153353,-1.2121369935635575,-0.749705050930217,0.0,13.151555357503565,10.713713455508111,377.580398213894,365.1521199188202,0.0
0.925,8.248812004400031,-1.1349336455754575,-0.7615185357798797,0.0,13.020492498381683,10.066001140208698,376.08166890446427,365.1521199188202,0.0
0.926,7.228051056463722,-1.0459032390169853,-0.12144937092145369,0.0,12.828743382400496,9.643108534415427,374.2633802339551,365.1521199188202,0.0
0.927,6.3061318471509145,-1.0041899727309924,0.6965823611817781,0.0,12.610181762212232,9.418116580031178,372.80661499587495,365.1521199188202,0.0
0.928,5.5663709973832,-1.0358550687249046,1.3484200294513062,0.0,12.394877401826555,9.329443986636468,371.86282282910713,365.1521199188202,0.0
0.929,5.026427326179276,-1.1342320281673015,1.7532090837323473,0.0,12.2027410327187,9.318112831165635,371.3043053748286,365.1521199188202,0.0
0.93,4.65949744729355,-1.2789418765666847,1.9709459563115423,0.0,12.043619498704059,9.343567169737389,370.79078302816896,365.1521199188202,0.0
0.931,4.424209741753097,-1.4419348877525588,2.1713204985478614,0.0,11.919437684694508,9.3926401007913,370.11548352150163,365.1521199188202,0.0
0.932,4.285905748207797,-1.5995259163004332,2.4593366158547116,0.0,11.828286428219704,9.466926147054833,369.4102498298039,365.1521199188202,0.0
0.933,4.222566741722627,-1.7378610380339132,2.7693721625937453,0.0,11.767319855123944,9.561476462790674,368.0418127228433,365.1521199188202,0.0
0.934,4.221005054828157,-1.842996352312498,3.4246937880338066,0.0,11.73208650426465,9.708998508467912,366.6317965677863,365.1521199188202,0.0
0.935,4.289322645837496,-1.9202318983732707,4.114905099072649,0.0,11.722573249982917,9.900084490571397,365.17195874483707,365.1521199188202,0.0
0.936,4.429622450609574,-1.9710205243360814,4.844625622287093,0.0,11.737934312734994,10.129727890864725,362.8534692165461,365.1521199188202,0.0
0.937,4.6434118789743595,-1.9939404305160844,6.026856893455317,0.0,11.776736912661377,10.438577452927882,361.47438427782953,365.1521199188202,0.0
0.9380000000000001,4.95341360888555,-2.001880371586216,6.753176719223511,0.0,11.843188403257354,10.756532890893597,360.1693035248846,365.1521199188202,0.0
0.9390000000000001,5.336045286544131,-1.9884795399254367,7.45554525963534,0.0,11.933236797696914,11.080345808066621,358.6497591804359,365.1521199188202,0.0
0.9400000000000001,5.777085513301156,-1.9481789563056422,8.280341039243513,0.0,12.042362588528249,11.4197980151524,356.9494636200936,365.1521199188202,0.0
0.9410000000000001,6.2736985927432665,-1.8824742923585742,9.21251538240195,0.0,12.167696513787053,11.780291764093016,355.168215211106,365.1521199188202,0.0
0.9420000000000001,6.8278590965903385,-1.7962906189623817,10.0,0.0,12.307723263979927,12.138579570540896,353.17224865985946,365.1521199188202,0.0
0.9430000000000001,7.42920395244968,-1.6891658253388786,10.0,0.0,12.458654229233677,12.406560096081236,350.0989889505464,365.1521199188202,0.0
0.9440000000000001,8.02448316644787,-1.5417666768979656,10.0,0.0,12.606147492123819,12.603368400611714,345.54677613521295,365.1521199188202,0.0
0.9450000000000001,8.591401155938902,-1.3498157871156091,10.0,0.0,12.738931652786347,12.738837014274122,339.88416437191796,365.1521199188202,0.0
0.9460000000000001,9.121740416961988,-1.1174914811102852,10.0,0.0,12.8483480939861,12.821369043818915,331.93181031601597,365.1521199188202,0.0
0.9470000000000001,9.612515083870896,-0.8577626986811357,10.0,0.0,12.928829171013202,12.857907693779454,343.3790839870137,365.1521199188202,0.0
0.9480000000000001,9.940648769124087,-0.7889158045849713,10.0,0.0,12.999940134807362,12.86765362773789,354.3532211753446,365.1521199188202,0.0
0.9490000000000001,10.111967475875327,-0.8928773069358442,10.0,0.0,13.077038829817514,12.867972343789797,368.88198366605775,365.1521199188202,0.0
0.9500000000000001,10.171913043160224,-1.100208408083165,3.9107897624115653,0.0,13.168226333034527,12.201275106268964,376.60956288131047,365.1521199188202,0.0
0.9510000000000001,9.778673678269293,-1.2155929597751651,-0.06757427483969636,0.0,13.194244351852412,11.277494186911023,377.73358054570656,365.1521199188202,0.0
0.9520000000000001,8.960839705169164,-1.1856614331918083,-0.7553977133066061,0.0,13.120836163411614,10.498845566903912,376.755184238626,365.1521199188202,0.0
0.9530000000000001,7.9566562086531425,-1.094730730672794,-0.3822302029643776,0.0,12.967200869802934,9.940929495461512,375.333018230635,365.1521199188202,0.0
0.9540000000000001,6.964061369650266,-1.0196358379505037,0.22704381791297124,0.0,12.765786367236622,9.58587356632073,373.74341023194785,365.1521199188202,0.0
0.9550000000000001,6.100379914915182,-1.0037603162010038,0.9359349141252666,0.0,12.548012363547635,9.4031460718428,372.526939355149,365.1521199188202,0.0
0.9560000000000001,5.423702183155155,-1.059373417347469,1.470422158161397,0.0,12.340019207123362,9.33441634827187,371.7761488946808,365.1521199188202,0.0
0.9570000000000001,4.935471960043158,-1.1748488022524866,1.7795770986369108,0.0,12.158098555312515,9.327360999652269,371.2417533948369,365.1521199188202,0.0
0.9580000000000001,4.603959034674746,-1.3262259916368846,1.985878513798677,0.0,12.009161170804022,9.354004846535988,370.6679043950757,365.1521199188202,0.0
0.9590000000000001,4.3915748633387865,-1.4877345212371635,2.21764516891672,0.0,11.894034075796936,9.406569017785126,369.91907128415625,365.1521199188202,0.0
0.96,4.269353520198222,-1.6392446365679507,2.5443922107230907,0.0,11.810727134805859,9.48730907648826,369.1165920691993,365.1521199188202,0.0
0.961,4.21983750651927,-1.7691751378354,2.905987096697758,0.0,11.75660214777031,9.592376950334407,367.9225917322601,365.1521199188202,0.0
0.962,4.232969250774909,-1.8663526345964239,3.4752825470329647,0.0,11.727786666453973,9.738592436764598,366.1883831716466,365.1521199188202,0.0
0.963,4.311424701913995,-1.931963532671744,4.332024194811463,0.0,11.722719705732963,9.947354670989675,364.5710987526215,365.1521199188202,0.0
0.964,4.468486893168236,-1.9762404837077074,5.146476615986005,0.0,11.743250020139767,10.199264049044984,362.45340267151204,365.1521199188202,0.0
0.965,4.707601159725362,-1.994933055075638,6.232311829013808,0.0,11.788531654251532,10.514600922548016,361.1016359536136,365.1521199188202,0.0
0.966,5.0384362918386945,-1.9990278099408678,6.948700027615095,0.0,11.86108230962392,10.836875899960887,359.7726410074774,365.1521199188202,0.0
0.967,5.438818378251952,-1.9806028180464623,7.666992289796633,0.0,11.956537700543317,11.16529303383934,358.2293373999707,365.1521199188202,0.0
0.968,5.895994937045442,-1.9350646113809913,8.507871918738472,0.0,12.070464312944365,11.509442229380525,356.51773486471626,365.1521199188202,0.0
0.969,6.4079434664257215,-1.864563893632766,9.450017036906726,0.0,12.200113486773773,11.874053760672888,354.7312815594178,365.1521199188202,0.0
0.97,6.976789996139566,-1.774244486960438,10.0,0.0,12.344028768793006,12.208792098002816,352.4957675013231,365.1521199188202,0.0
0.971,7.5777716934733705,-1.6570625162882031,10.0,0.0,12.495039533636083,12.458528778761156,349.0651845115387,365.1521199188202,0.0
0.972,8.166239841749725,-1.4980877111948327,10.0,0.0,12.639607481217144,12.639671188590917,344.17163815655107,365.1521199188202,0.0
0.973,8.723992991505,-1.2951624106339519,10.0,0.0,12.767100840012306,12.761687987205486,337.9833021536178,365.1521199188202,0.0
0.974,9.24375774614655,-1.0559056943023903,10.0,0.0,12.869757556998545,12.832655850325096,329.7300066896217,365.1521199188202,0.0
0.975,9.72671260155753,-0.7887190916503481,10.0,0.0,12.942247429469719,12.85886521228258,344.2761653784839,365.1521199188202,0.0
0.976,10.003671012007912,-0.7824089041021659,10.0,0.0,13.012086996285733,12.864066748695993,360.2553184914822,365.1521199188202,0.0
0.977,10.135560269592332,-0.9313118633852785,8.244661638731898,0.0,13.091905187458115,12.670906634180396,371.301180473479,365.1521199188202,0.0
0.978,10.060662417576964,-1.1231465687146152,2.6602400421869214,0.0,13.164038336055102,11.917869014523871,375.75694599000735,365.1521199188202,0.0
0.979,9.542409083985682,-1.1913134460005734,0.32630902321087696,0.0,13.159234417274895,11.102719163745668,376.9131879423492,365.1521199188202,0.0
0.98,8.706013015133042,-1.1578704523039103,-0.3694226331953496,0.0,13.069035507215398,10.402233768390214,376.42589221784885,365.1521199188202,0.0
0.981,7.734366648527136,-1.0860368349206586,-0.2385124939354517,0.0,12.910240680651114,9.882651593085132,375.2109768401974,365.1521199188202,0.0
0.982,6.784899459912973,-1.032979755683045,0.26835662567649443,0.0,12.710249176670441,9.548319581500346,373.6393246810981,365.1521199188202,0.0
0.983,5.961519622509224,-1.033422543889724,0.9693106576033657,0.0,12.497402899424475,9.380534983220079,372.4456139064134,365.1521199188202,0.0
0.984,5.3195544817614335,-1.0986323258701953,1.4932311050697775,0.0,12.296231438210858,9.32124829305349,371.6660490787227,365.1521199188202,0.0
0.985,4.858600667304912,-1.217712878589431,1.8178742273161053,0.0,12.121695217081257,9.322529932937375,371.08141404579476,365.1521199188202,0.0
0.986,4.548756590693882,-1.3681446616375228,2.05089880251034,0.0,11.9800974726611,9.35808936905146,370.45898130601734,365.1521199188202,0.0
0.987,4.354828394830678,-1.5257016822861549,2.30904655852708,0.0,11.872042400735236,9.42023275530086,369.6961545394902,365.1521199188202,0.0
0.988,4.2493605546037445,-1.6718824016346898,2.6450195955839577,0.0,11.795511483548756,9.50939403271516,368.75386059456974,365.1521199188202,0.0
0.989,4.2157652648675175,-1.7944557690854315,3.0801491612866805,0.0,11.747571049048446,9.629131415994829,367.6378388382274,365.1521199188202,0.0
0.99,4.2473690943096525,-1.885933182687389,3.613302850263768,0.0,11.725235178147843,9.782584253490949,365.86279924940146,365.1521199188202,0.0
0.991,4.34256801308095,-1.9447259928114553,4.493715851370936,0.0,11.726030613064543,9.999816270608996,363.9292340283892,365.1521199188202,0.0
0.992,4.515982220718238,-1.982608547991522,5.472727320781376,0.0,11.752048859169939,10.276168187478596,362.1275871372287,365.1521199188202,0.0
0.993,4.78078426309276,-1.9983815628023152,6.403796094177534,0.0,11.804456678429146,10.592720105066425,360.8167690645942,365.1521199188202,0.0
0.994,5.130023774652791,-1.9975799952061635,7.102558639037046,0.0,11.883033004937523,10.914642479174116,359.4321561091123,365.1521199188202,0.0
0.995,5.544033974424526,-1.9722539678792073,7.852064754875066,0.0,11.983166088875837,11.245639568956175,357.83355625080355,365.1521199188202,0.0
0.996,6.013633067993769,-1.919906277753229,8.724550320709618,0.0,12.100880587757937,11.594512810942376,356.0926427963643,365.1521199188202,0.0
0.997,6.538625503701445,-1.843876239777869,9.685601819153796,0.0,12.233871133674409,11.964207810796534,354.2955754579794,365.1521199188202,0.0
0.998,7.121312535730141,-1.7495056368046078,10.0,0.0,12.380911659037354,12.276360000999482,351.8203205402599,365.1521199188202,0.0
0.999,7.721942167196581,-1.6229496948474251,10.0,0.0,12.531485903298737,12.508614653768948,348.03208469274574,365.1521199188202,0.0
1.0,8.304070176181728,-1.453255046470832,10.0,0.0,12.672827336509073,12.674673481013901,342.8461219288385,365.1521199188202,0.0
1.0010000000000001,8.853307115849967,-1.2401450673874326,10.0,0.0,12.794895357907466,12.783665785581741,336.0299336811523,365.1521199188202,0.0
1.002,9.36340832502282,-0.99412173864321,10.0,0.0,12.89072434125177,12.8433468982203,334.5301687724789,365.1521199188202,0.0
1.0030000000000001,9.832603926319663,-0.7305569743391311,10.0,0.0,12.956406646739493,12.860132293878515,352.62615536738826,365.1521199188202,0.0
1.004,10.046846649607314,-0.8048875975404624,10.0,0.0,13.02801127743946,12.862932636971003,363.84634881764254,365.1521199188202,0.0
1.0050000000000001,10.14508689577517,-0.9911660940563398,6.434832928367762,0.0,13.112482807763401,12.471781031099106,371.6416959063273,365.1521199188202,0.0
1.006,9.946572106240035,-1.142231920811215,2.472263624150309,0.0,13.164146480445641,11.750779815409741,375.97595688254006,365.1521199188202,0.0
1.0070000000000001,9.365839713008793,-1.190892549321736,0.19689476640672954,0.0,13.142385675159339,10.958275622608003,377.1725584245515,365.1521199188202,0.0
1.008,8.500945919504789,-1.1527123677138107,-0.5216103896562938,0.0,13.038864104859506,10.275894883321438,376.4838344668386,365.1521199188202,0.0
1.0090000000000001,7.52245134883797,-1.081694757618205,-0.2905655562800238,0.0,12.87002648236656,9.782985509003872,374.9733535099223,365.1521199188202,0.0
1.01,6.585149531913969,-1.034414781934988,0.3664625862671036,0.0,12.66429106346696,9.485764211370167,373.35499920430664,365.1521199188202,0.0
1.0110000000000001,5.792289533169578,-1.0447577908888959,1.0936109462200587,0.0,12.451017587435707,9.348949121471868,372.2103539227123,365.1521199188202,0.0
1.012,5.1883462283134305,-1.1208583488145425,1.5953512469783204,0.0,12.253657581300036,9.310913305990884,371.48230119397346,365.1521199188202,0.0
1.0130000000000001,4.764244125900091,-1.2482663741230586,1.896075798596196,0.0,12.085483871434512,9.32561916733172,370.9139796535587,365.1521199188202,0.0
1.014,4.485748201415514,-1.4026711322873364,2.122617971456176,0.0,11.951308561834608,9.370342995719513,370.2787112353253,365.1521199188202,0.0
1.0150000000000001,4.317127155677553,-1.5597651216779858,2.3889862674078284,0.0,11.850759457284804,9.439975356920945,369.4741090333662,365.1521199188202,0.0
1.016,4.232157070450615,-1.7020728628283917,2.748067477241939,0.0,11.781311410942758,9.537085320587073,368.3780947705672,365.1521199188202,0.0
1.0170000000000001,4.216770952767779,-1.8181606526445062,3.263814860123956,0.0,11.739865745069801,9.671523655363908,367.0735581890133,365.1521199188202,0.0
1.018,4.26842715634526,-1.9044895214424429,3.896868768198984,0.0,11.724343776931436,9.847016002564843,365.6673491268742,365.1521199188202,0.0
1.0190000000000001,4.388607096800688,-1.9617949798731353,4.594821007187972,0.0,11.733363552066397,10.061147894025567,363.3953485819691,365.1521199188202,0.0
1.02,4.578270638137312,-1.9917534309747307,5.748388993009059,0.0,11.765616913870804,10.35502033976167,361.8653874467499,365.1521199188202,0.0
1.0210000000000001,4.864035372986555,-2.0029011569212587,6.54623688533936,0.0,11.824958849411482,10.669420979982675,360.558762336446,365.1521199188202,0.0
1.022,5.2271066488869105,-1.9947351270413747,7.2454830163150294,0.0,11.908796914873939,10.990174152219119,359.0857761181657,365.1521199188202,0.0
1.0230000000000001,5.651524708524474,-1.9607473517748661,8.04263956346173,0.0,12.012669496033276,11.324875298853417,357.4179243682316,365.1521199188202,0.0
1.024,6.1322814464632645,-1.9009469547901188,8.953907393934681,0.0,12.133386767824458,11.680122424243883,355.6489085522261,365.1521199188202,0.0
1.025,6.670606499978351,-1.819646299066254,9.933447415603368,0.0,12.269211956815786,12.05614509984598,353.8477713430036,365.1521199188202,0.0
1.026,7.2681900222564195,-1.7219319981174985,10.0,0.0,12.419121327921069,12.345322473938506,351.12686400417795,365.1521199188202,0.0
1.027,7.869036485210995,-1.5866403389685595,10.0,0.0,12.569052559828178,12.559790246186115,346.96999727664155,365.1521199188202,0.0
1.028,8.445161814503427,-1.4066633178638202,10.0,0.0,12.706992890039306,12.710439042807057,341.55748318130867,365.1521199188202,0.0
1.029,8.985999706057344,-1.1836624048422228,10.0,0.0,12.823473736670088,12.806086078009006,334.16428908934313,365.1521199188202,0.0
1.03,9.48654804746976,-0.9307717782205613,10.0,0.0,12.91228324235982,12.854164555714013,347.84972522283203,365.1521199188202,0.0
1.031,9.897729524759297,-0.7442402032550799,10.0,0.0,12.97903007827109,12.866091657129765,354.5066692331419,365.1521199188202,0.0
1.032,10.073664731974407,-0.8610947787500765,10.0,0.0,13.055014259786915,12.868259673974311,364.72097251643584,365.1521199188202,0.0
1.033,10.15986632672347,-1.0470859212639878,6.013312600583111,0.0,13.142907304757196,12.431550869999874,374.3304885499971,365.1521199188202,0.0
1.034,9.918044990563644,-1.1967313166179228,1.1167708974907171,0.0,13.192941246896794,11.576011900498989,377.77855162475134,365.1521199188202,0.0
1.035,9.230723053658789,-1.2135989210021583,-0.7335249569457236,0.0,13.15277688040107,10.729650294903001,377.61998008656366,365.1521199188202,0.0
1.036,8.269153586079925,-1.137825583684429,-0.7789177895293156,0.0,13.02348904684653,10.076317582241836,376.12943053267395,365.1521199188202,0.0
1.037,7.2475282142418145,-1.048300866096544,-0.14341611872299964,0.0,12.832706739819834,9.648511565832269,374.3044878573203,365.1521199188202,0.0
1.038,6.3221193836926,-1.0050138989299602,0.6775315395688324,0.0,12.61435574264241,9.419935863707058,372.828124990226,365.1521199188202,0.0
1.039,5.577953003720018,-1.0349098378875863,1.3389529224019148,0.0,12.398703697927207,9.329533721096839,371.87241676669703,365.1521199188202,0.0
1.04,5.034128624067424,-1.1319725178007372,1.749604065687632,0.0,12.205954578823377,9.317543018171282,371.3102221448691,365.1521199188202,0.0
1.041,4.664324934681444,-1.2760066054677037,1.969120354341106,0.0,12.046154424181603,9.34275691598285,370.7990607559061,365.1521199188202,0.0
1.042,4.427074004100247,-1.438903453029341,2.168231640451742,0.0,11.921333987140281,9.391576052604794,370.1285576554266,365.1521199188202,0.0
1.043,4.287396448232889,-1.596778905092918,2.4537188133254233,0.0,11.829614838716658,9.465435729855006,369.4315301269588,365.1521199188202,0.0
1.044,4.222945522796902,-1.7356091655139698,2.7594384754779373,0.0,11.768146146986105,9.559204641885161,368.0729780880196,365.1521199188202,0.0
1.045,4.220185078330805,-1.841328312496608,3.40950591325554,0.0,11.732442019195494,9.705559154710166,366.6546712717688,365.1521199188202,0.0
1.046,4.287103135054993,-1.9189323147237378,4.10363380785147,0.0,11.722423004241604,9.896172606817064,365.1925738010642,365.1521199188202,0.0
1.047,4.426205689765442,-1.9701447784354966,4.834278004381318,0.0,11.737324566979819,10.125520294439298,362.8778634222974,365.1521199188202,0.0
1.048,4.6388985496101265,-1.9937084809113874,6.0143757587299405,0.0,11.775750624841663,10.433922491550373,361.50324584971577,365.1521199188202,0.0
1.049,4.947867062991061,-2.0021802660524433,6.738173285711813,0.0,11.841870555969189,10.751284217287584,360.20050612387655,365.1521199188202,0.0
1.05,5.32936713827472,-1.9892178320967921,7.439059286580857,0.0,11.931604080971152,11.074505925242214,358.6812019011821,365.1521199188202,0.0
1.051,5.769196016209103,-1.9492578424588467,8.263420578104475,0.0,12.040420449747762,11.413483521140538,356.98019562897895,365.1521199188202,0.0
1.052,6.264596052427779,-1.8838265908086513,9.195642957104452,0.0,12.165455103451404,11.77365012789674,355.19849686063446,365.1521199188202,0.0
1.053,6.81761110041664,-1.7978801706249767,10.0,0.0,12.305203158756598,12.133582935359609,353.2189458042024,365.1521199188202,0.0
1.054,7.418897015330538,-1.6914301400183445,10.0,0.0,12.456119650112667,12.402842397017118,350.1704057938821,365.1521199188202,0.0
1.055,8.014595806384866,-1.544826785259882,10.0,0.0,12.603808569781517,12.600753553777642,345.6431959111049,365.1521199188202,0.0
1.056,8.582119835426795,-1.3536379675523351,10.0,0.0,12.736954976759288,12.737171831544929,340.0047125936434,365.1521199188202,0.0
1.057,9.113160899970755,-1.121827854507527,10.0,0.0,12.846841346558158,12.820523645423853,332.08461953766255,365.1521199188202,0.0
1.058,9.60450366986299,-0.8625716927794874,10.0,0.0,12.927874184105399,12.857791620852057,343.77776896924695,365.1521199188202,0.0
1.059,9.936508378850297,-0.7887271206357824,10.0,0.0,12.9990001941222,12.867828992202494,354.07499185251163,365.1521199188202,0.0
1.06,10.109520119874954,-0.8912954902869739,10.0,0.0,13.076038306655441,12.868263982996721,368.3555586466446,365.1521199188202,0.0
1.061,10.17144801197867,-1.0966858500334353,4.178103683800939,0.0,13.166983362890377,12.23086874046179,376.5681873055418,365.1521199188202,0.0
1.062,9.796005283382772,-1.2175137173399289,-0.04237131951487161,0.0,13.196331551054575,11.302192219667683,377.8851738370738,365.1521199188202,0.0
1.063,8.986065872879049,-1.190955764287014,-0.8281951244634058,0.0,13.12574761481406,10.510421209127681,376.8819485048297,365.1521199188202,0.0
1.064,7.9794051666495225,-1.098765569718482,-0.44388074420145873,0.0,12.973169629271585,9.943535009476133,375.3912261672748,365.1521199188202,0.0
1.065,6.980063603754552,-1.0203993396737254,0.19908936209145978,0.0,12.771462438958963,9.584824163981247,373.7572730518582,365.1521199188202,0.0
1.066,6.109919468751185,-1.001548517536493,0.930014388469381,0.0,12.552764954993469,9.401508175064654,372.560234502299,365.1521199188202,0.0
1.067,5.428355467411451,-1.0561071359852647,1.4544525174141834,0.0,12.343795576783597,9.331303579360654,371.7547701071535,365.1521199188202,0.0
1.068,4.936806083206426,-1.1699953882893745,1.7911582131036106,0.0,12.160684798393286,9.326270542891614,371.22525374316626,365.1521199188202,0.0
1.069,4.604329617687387,-1.3214611671453904,1.9951850568537637,0.0,12.010904147346217,9.354162545451103,370.67011040697565,365.1521199188202,0.0
1.07,4.392093001195603,-1.4839044979065814,2.2175768200675146,0.0,11.895244870254974,9.406731371324865,369.9340330879415,365.1521199188202,0.0
1.071,4.270044699895029,-1.63646744366327,2.5377963478933845,0.0,11.811565894185858,9.486780564308974,369.14788068100455,365.1521199188202,0.0
1.072,4.220248625951004,-1.7673545889153595,2.8909149437400083,0.0,11.757131691542222,9.590354875773468,367.927367697394,365.1521199188202,0.0
1.073,4.232388083312599,-1.8650722679533265,3.4734189577595433,0.0,11.727938413551062,9.736839290361617,366.2177392135397,365.1521199188202,0.0
1.074,4.310246835595017,-1.931484472571939,4.317577006739507,0.0,11.722641070535499,9.944345212761988,364.6176545368172,365.1521199188202,0.0
1.075,4.466174043822537,-1.9761885616275212,5.122963998920774,0.0,11.742877381811454,10.194348391888699,362.48124961196305,365.1521199188202,0.0
1.076,4.70335961061965,-1.9950127264197275,6.2178751644164265,0.0,11.787713997109071,10.509230102247637,361.1254757284699,365.1521199188202,0.0
1.077,5.032621467651779,-1.999268603611541,6.936028548066507,0.0,11.859835026756002,10.831308115041434,359.79766667336673,365.1521199188202,0.0
1.078,5.431746736211343,-1.9811390552389776,7.653477608072621,0.0,11.954914945624715,11.159517131313484,358.2563238479719,365.1521199188202,0.0
1.079,5.887851253748272,-1.9359505431178505,8.49310698147853,0.0,12.068518333384167,11.50341773407632,356.5460788124756,365.1521199188202,0.0
1.08,6.398812549807351,-1.8657861743298256,9.434289910290104,0.0,12.197885247198485,11.867777746382908,354.7604707933091,365.1521199188202,0.0
1.081,6.966712569780026,-1.7757571814736455,10.0,0.0,12.341549925335725,12.204095340183832,352.5413500348853,365.1521199188202,0.0
1.082,7.5677436045335975,-1.659251361630452,10.0,0.0,12.492564544785152,12.455056127898128,349.1350780438635,365.1521199188202,0.0
1.083,8.156683936221551,-1.5010500458074696,10.0,0.0,12.637336694518968,12.637249172647795,344.2634098810266,365.1521199188202,0.0
1.084,8.715060115045857,-1.2988573734573228,10.0,0.0,12.765191752954077,12.76016815154208,338.1182795703861,365.1521199188202,0.0
1.085,9.2355371209688,-1.06006512214427,10.0,0.0,12.868307982514173,12.831912029527171,329.8749915929586,365.1521199188202,0.0
1.086,9.719016877068805,-0.793381272190381,10.0,0.0,12.941339675934973,12.858815139557992,343.64928486816297,365.1521199188202,0.0
1.087,9.99940878995461,-0.7830208555653573,10.0,0.0,13.01128570368756,12.864322795071374,359.8121160377682,365.1521199188202,0.0
1.088,10.134898637100937,-0.9272931161979465,8.469317370216666,0.0,13.090761447052062,12.695799234475267,371.4177998688825,365.1521199188202,0.0
1.089,10.074717844099613,-1.1241960911123927,2.603818655158877,0.0,13.165653864654761,11.930152357618304,375.8534522083413,365.1521199188202,0.0
1.09,9.558482022151134,-1.1932521126520914,0.2789791625342737,0.0,13.162119485431726,11.107666185653509,376.9120248156944,365.1521199188202,0.0
1.091,8.719496430025254,-1.1580570009642739,-0.3679061901110101,0.0,13.072127904433454,10.406292256012508,376.3983065770071,365.1521199188202,0.0
1.092,7.74569905830013,-1.0847786836027162,-0.22350893734922028,0.0,12.913289424778016,9.887136967534538,375.19686579056173,365.1521199188202,0.0
1.093,6.795021851315447,-1.0311065531618866,0.2767639971560376,0.0,12.71324811306545,9.552435929257847,373.6422161510816,365.1521199188202,0.0
1.094,5.970611875078594,-1.0313527120167254,0.9691878545734971,0.0,12.500304627474907,9.383543083924636,372.4581198369594,365.1521199188202,0.0
1.095,5.32734240964984,-1.0964692068451394,1.4881760124532057,0.0,12.298926558752681,9.322925174793085,371.68184924237585,365.1521199188202,0.0
1.096,4.864807157308898,-1.2154624472959874,1.811014016509417,0.0,12.124062597490829,9.322999731673066,371.09739000137375,365.1521199188202,0.0
1.097,4.5532812641944815,-1.3658561136864167,2.0437909361849274,0.0,11.982045858941596,9.357600013581788,370.47460817331904,365.1521199188202,0.0
1.098,4.357742887070054,-1.5234906130037162,2.3019569676672944,0.0,11.873526680699161,9.41900305026356,369.7027550434718,365.1521199188202,0.0
1.099,4.250971994824839,-1.6696361450892008,2.6423771813443864,0.0,11.796499387485374,9.508067843018297,368.77704760914486,365.1521199188202,0.0
1.1,4.216259068710984,-1.7928695234310996,3.068981621604623,0.0,11.748175519165194,9.62679642641811,367.7460279963495,365.1521199188202,0.0
1.101,4.246590574485954,-1.8847934313927621,3.5585523472270175,0.0,11.725436192109381,9.774722905165397,365.8650630364907,365.1521199188202,0.0
1.102,4.338047684284905,-1.9426078181295519,4.491905395979698,0.0,11.725203789095305,9.993598964418812,363.96266847360374,365.1521199188202,0.0
1.103,4.509882162792266,-1.9807363741708912,5.454997191875346,0.0,11.750498229605157,10.269183522968653,362.118288907338,365.1521199188202,0.0
1.104,4.7732038614355075,-1.996892503310344,6.407525285123033,0.0,11.802217570563936,10.587639199947098,360.81362009596444,365.1521199188202,0.0
1.105,5.122471013823701,-1.9971495019502106,7.103244689038378,0.0,11.880477253683676,10.910638927045525,359.44833493865826,365.1521199188202,0.0
1.106,5.536937586026512,-1.9730855280622983,7.842925117493084,0.0,11.980561334087204,11.241473651418515,357.8633908782457,365.1521199188202,0.0
1.107,6.006555729490895,-1.9217041741667096,8.708284438105112,0.0,12.098309169698052,11.589512702318283,356.1271106479789,365.1521199188202,0.0
1.108,6.530893114669141,-1.8461937856834818,9.666674645946925,0.0,12.231293797643593,11.958311030410673,354.32904965035436,365.1521199188202,0.0
1.109,7.11244061542729,-1.7519934605065957,10.0,0.0,12.37825286371919,12.271883024124186,351.86949944606124,365.1521199188202,0.0
1.11,7.71286036119829,-1.6259243960876697,10.0,0.0,12.528947628724268,12.505229774506144,348.10591516497715,365.1521199188202,0.0
1.111,8.29517778542501,-1.4568018631825987,10.0,0.0,12.670564804291661,12.672260607143189,342.93826530184646,365.1521199188202,0.0
1.112,8.844777951445018,-1.2442480066952726,10.0,0.0,12.793033646681472,12.782117230053332,336.1630720433093,365.1521199188202,0.0
1.113,9.355354047002594,-0.9985937597991867,10.0,0.0,12.889344838529613,12.842567706060317,333.6292063804394,365.1521199188202,0.0
1.114,9.826025118407067,-0.7336062680234408,10.0,0.0,12.955377877167269,12.85993619675249,352.05336179960256,365.1521199188202,0.0
1.115,10.04495835175572,-0.8015296793212778,10.0,0.0,13.026665911170902,12.862795197284914,363.7627373801876,365.1521199188202,0.0
1.116,10.144581593557454,-0.9866325946576522,6.475785022077564,0.0,13.110793128401431,12.476064229328282,371.5509753042504,365.1521199188202,0.0
1.117,9.949290512668497,-1.1387176078724517,2.5176775061918617,0.0,13.16271284941351,11.758747654237965,375.86120803566786,365.1521199188202,0.0
1.118,9.373137621384853,-1.1885715582656768,0.25547025931466383,0.0,13.141672025226455,10.970516893992565,377.1104114646894,365.1521199188202,0.0
1.119,8.513642344033489,-1.1522542741574768,-0.4887143706547885,0.0,13.039418766677729,10.288549842120943,376.4781695349128,365.1521199188202,0.0
1.12,7.538706845956714,-1.0827276183704706,-0.2858539019274309,0.0,12.871909369501225,9.792958619456249,375.0142037141484,365.1521199188202,0.0
1.121,6.602091120587495,-1.0357007253445256,0.3475081705015022,0.0,12.667114098100917,9.491095177430129,373.3897581740184,365.1521199188202,0.0
1.122,5.806793288302751,-1.0453277695531322,1.0773545580144965,0.0,12.45414125343124,9.35100463866636,372.2308828059739,365.1521199188202,0.0
1.123,5.199330011427288,-1.1202597226656181,1.586004613165212,0.0,12.25660288375244,9.311146893636902,371.4931386015577,365.1521199188202,0.0
1.124,4.7718576605246845,-1.2466832635209446,1.8914665285459522,0.0,12.08798984650153,9.324982722113411,370.92225185732815,365.1521199188202,0.0
1.125,4.490655739030518,-1.4005510357807875,2.119208581275643,0.0,11.953282915363397,9.369228158518977,370.28916671337896,365.1521199188202,0.0
1.1260000000000001,4.3199987022706825,-1.5575463114004588,2.3843806853046488,0.0,11.8522020235752,9.438430123914703,369.4874357406289,365.1521199188202,0.0
1.127,4.2334670891410635,-1.7000507830155434,2.7418930134616017,0.0,11.782254956626856,9.535090345725676,368.39563657318894,365.1521199188202,0.0
1.1280000000000001,4.216783171498405,-1.8165533919666152,3.2553574306378863,0.0,11.740358860822909,9.66896571607793,367.0946530623294,365.1521199188202,0.0
1.129,4.267234742658549,-1.9033825885305238,3.8864238546325485,0.0,11.724426097167097,9.843830090278171,365.6962831150448,365.1521199188202,0.0
1.1300000000000001,4.386219369016286,-1.9611869187102984,4.580167196312606,0.0,11.733063231651037,10.057032060849917,363.4413641851983,365.1521199188202,0.0
1.131,4.574437128179632,-1.9916567371508505,5.724734218572072,0.0,11.764930486470416,10.349228379600236,361.88888875426807,365.1521199188202,0.0
1.1320000000000001,4.858329601814018,-2.0028615684682642,6.533604245682723,0.0,11.823758480943397,10.663575830208888,360.5785998549114,365.1521199188202,0.0
1.133,5.2200471591174304,-1.99497954721225,7.234483896000157,0.0,11.907159350378612,10.984429389900754,359.11033705643484,365.1521199188202,0.0
1.1340000000000001,5.643496056564966,-1.961457625045307,8.029033123862277,0.0,12.010696897613686,11.318967095982416,357.4470494876406,365.1521199188202,0.0
1.135,6.123372770283666,-1.9021244096083845,8.937727612571202,0.0,12.13114302625703,11.673863738124195,355.680198341597,365.1521199188202,0.0
1.1360000000000001,6.660759501498022,-1.821195138473441,9.915872401365217,0.0,12.266725318579738,12.049510537499994,353.8796161589062,365.1521199188202,0.0
1.137,7.257340372667179,-1.7237450244295323,10.0,0.0,12.416403841774278,12.34037344561591,351.1765066870154,365.1521199188202,0.0
1.1380000000000001,7.85824740984156,-1.5891084562274944,10.0,0.0,12.566365282099172,12.556142673875843,347.04602186900047,365.1521199188202,0.0
1.139,8.434875566452124,-1.409899608477645,10.0,0.0,12.704540893647104,12.707911096486859,341.64715930111487,365.1521199188202,0.0
1.1400000000000001,8.976383812667624,-1.1876265381870412,10.0,0.0,12.821417837046875,12.804520612473969,334.29414469229863,365.1521199188202,0.0
1.141,9.47767052534386,-0.935245131365926,10.0,0.0,12.91072881365797,12.853430415270113,347.9179372180874,365.1521199188202,0.0
1.1420000000000001,9.894957899700188,-0.7400717276793509,10.0,0.0,12.97705441255025,12.865491591395312,354.60109336732853,365.1521199188202,0.0
1.143,10.070864715658859,-0.8584395488026036,10.0,0.0,13.052925763526247,12.867802333785336,364.4705164305794,365.1521199188202,0.0
1.1440000000000001,10.158482140139993,-1.0437305492547575,6.139472336876296,0.0,13.140639385482158,12.444932245557009,374.1325859901899,365.1521199188202,0.0
1.145,9.925956214735482,-1.1953716014256626,1.2186328963573345,0.0,13.192122242153916,11.596887492560564,377.7589020644358,365.1521199188202,0.0
1.1460000000000001,9.248568683854158,-1.2156713642746846,-0.7205929622217679,0.0,13.154368901250542,10.746876419635328,377.6798425702317,365.1521199188202,0.0
1.147,8.291035806488349,-1.1413991394878604,-0.8063404416338322,0.0,13.027016844789939,10.086605896964171,376.1913621632689,365.1521199188202,0.0
1.1480000000000001,7.267873796789006,-1.0510717296895147,-0.17249266059690882,0.0,12.83717964887833,9.653180443915518,374.35109793859823,365.1521199188202,0.0
1.149,6.338147552546193,-1.0058024219642696,0.6556496715406341,0.0,12.618907277501224,9.420909262075048,372.8485434643804,365.1521199188202,0.0
1.1500000000000001,5.5889892795310585,-1.0336362831269013,1.329962673193955,0.0,12.402749442882921,9.32904111573064,371.8786385775686,365.1521199188202,0.0
1.151,5.041073616326398,-1.1292777202713653,1.7476499300123587,0.0,12.209262796566275,9.316725609014693,371.31332979655195,365.1521199188202,0.0
1.1520000000000001,4.668469769870333,-1.2726756743320948,1.9686922217433676,0.0,12.048710624784935,9.341938034339027,370.8060133154591,365.1521199188202,0.0
1.153,4.429456612371094,-1.435584459339282,2.165811528323407,0.0,11.923220899524342,9.390612109619639,370.1415931717751,365.1521199188202,0.0
1.154,4.288611127948958,-1.5938568871566774,2.4481268676358416,0.0,11.830928433527715,9.464056170816145,369.3134225105899,365.1521199188202,0.0
1.155,4.223470600565006,-1.7327958691475231,2.8205991723107715,0.0,11.768910183991217,9.564832382582468,368.1415591885018,365.1521199188202,0.0
1.156,4.223450268824139,-1.8417368352971755,3.3766364406579985,0.0,11.733765497041556,9.706119355907607,366.7470582463249,365.1521199188202,0.0
1.157,4.289406091974338,-1.9200824335272646,4.057937528471389,0.0,11.723792582263188,9.891890566317342,365.2615090042414,365.1521199188202,0.0
1.158,4.425221558240473,-1.9705289592234236,4.799618258658924,0.0,11.73815974184791,10.118579090592988,362.90814003150973,365.1521199188202,0.0
1.159,4.634090239414521,-1.9934024252574587,5.998742543897872,0.0,11.775770653908497,10.426904942207457,361.5172077557456,365.1521199188202,0.0
1.16,4.940613604637527,-2.001466360888827,6.730557803410696,0.0,11.841111358183593,10.745038852197778,360.21811328329966,365.1521199188202,0.0
1.161,5.320859947421086,-1.988766701482454,7.42944510598886,0.0,11.930253781139191,11.068691028251079,358.7070844358773,365.1521199188202,0.0
1.162,5.7600037503244454,-1.949383136366989,8.249409884529479,0.0,12.038641983835928,11.407596126716774,357.0113011902515,365.1521199188202,0.0
1.163,6.2547975418764725,-1.8845365625908976,9.178709694628047,0.0,12.16334258864534,11.767436987889308,355.2310520660494,365.1521199188202,0.0
1.164,6.807100147130345,-1.7990571756318343,10.0,0.0,12.302802952263331,12.129007410253056,353.2678778622015,365.1521199188202,0.0
1.165,7.408633092640902,-1.6934397172302318,10.0,0.0,12.453711195201308,12.399508325734887,350.243227430762,365.1521199188202,0.0
1.166,8.004950862053105,-1.5477266374638368,10.0,0.0,12.601606441203389,12.598470348782099,345.74022876009684,365.1521199188202,0.0
1.167,8.573197877854291,-1.357345535382267,10.0,0.0,12.735123574478669,12.735781700080787,340.12342746950753,365.1521199188202,0.0
1.168,9.104990619511334,-1.126074301018666,10.0,0.0,12.84548410479711,12.819898898152868,332.23517345356674,365.1521199188202,0.0
1.169,9.596925038140748,-0.867273359349602,10.0,0.0,12.927064910650955,12.857845570816927,344.41637431890257,365.1521199188202,0.0
1.17,9.933280803322111,-0.7875123185505881,10.0,0.0,12.998096598114625,12.868075866816305,353.86854427049514,365.1521199188202,0.0
1.171,10.106944429381102,-0.8903204585576048,10.0,0.0,13.075154652240622,12.868646860747436,367.9942287158008,365.1521199188202,0.0
1.172,10.170892171245262,-1.0936921707355505,4.361388014474615,0.0,13.165906807286639,12.251321626945796,376.4542611216738,365.1521199188202,0.0
1.173,9.808199106399094,-1.217657515522247,0.018350399509552417,0.0,13.19745369425265,11.323991828789735,377.9562741221092,365.1521199188202,0.0
1.174,9.006604426728392,-1.1943085042544643,-0.8606976427410364,0.0,13.129304868019128,10.523833274763287,376.9786049094205,365.1521199188202,0.0
1.175,8.000373841547079,-1.10214454945641,-0.49012788630267057,0.0,12.9780505240912,9.94909826472009,375.4531158796271,365.1521199188202,0.0
1.176,6.996756627698124,-1.0217223748009296,0.16960666898595544,0.0,12.776523313887624,9.58591201247736,373.7860621585008,365.1521199188202,0.0
1.177,6.121251653899405,-1.0004504297001682,0.9167941071523034,0.0,12.55729450726561,9.400754312063325,372.56482598354245,365.1521199188202,0.0
1.178,5.435170238967206,-1.0532104673104083,1.4532851339842487,0.0,12.347489134852523,9.3304455455029,371.75322925963707,365.1521199188202,0.0
1.179,4.9406868233963195,-1.1662682937268007,1.7930724025287708,0.0,12.163542183554409,9.325731169192263,371.2274985819,365.1521199188202,0.0
1.18,4.606575815365793,-1.3176896020482762,1.9951839547664942,0.0,12.013044255406236,9.353735310171228,370.6793951383444,365.1521199188202,0.0
1.181,4.393426329730325,-1.4805647808531912,2.213962924349076,0.0,11.896798590756104,9.406039148708789,369.9479950333241,365.1521199188202,0.0
1.182,4.270713167287935,-1.6337347000916542,2.531704225714172,0.0,11.812627815752922,9.485618743394214,369.1758273902224,365.1521199188202,0.0
1.183,4.2202286581880255,-1.765328127242724,2.8775509725509902,0.0,11.757775655512834,9.588015194625749,367.92921348834415,365.1521199188202,0.0
1.184,4.2313031074709455,-1.8635074534773224,3.473086987794889,0.0,11.728132148034202,9.735014244406461,366.2444099710468,365.1521199188202,0.0
1.185,4.308667928731185,-1.9307489697806617,4.304565845921285,0.0,11.72256766981253,9.941456966856906,364.6611108637885,365.1521199188202,0.0
1.186,4.4636457156348905,-1.9759601733014023,5.101125490100759,0.0,11.742504728882317,10.189731833171816,362.5089088254411,365.1521199188202,0.0
1.187,4.69913370085342,-1.9950108971707672,6.203658620208255,0.0,11.786919036267033,10.504132066127234,361.1498365715484,365.1521199188202,0.0
1.188,5.026963810742946,-1.9994809960903295,6.923217580627318,0.0,11.858633139851282,10.825953428634948,359.82293293815434,365.1521199188202,0.0
1.189,5.424897776937201,-1.9816583349050445,7.63996126713101,0.0,11.9533527756083,11.153915845979057,358.28306391829693,365.1521199188202,0.0
1.19,5.8799572771317585,-1.9368099180676601,8.478586337064945,0.0,12.066641590283766,11.497558100632691,356.57382370838116,365.1521199188202,0.0
1.191,6.389948815105605,-1.866967969480185,9.418989404127224,0.0,12.195731618780805,11.861674623790847,354.78890521073816,365.1521199188202,0.0
1.192,6.956923409479649,-1.777218952237203,10.0,0.0,12.339150324333097,12.199528342356864,352.585665192484,365.1521199188202,0.0
1.193,7.557999751869293,-1.6613702572955846,10.0,0.0,12.490166664915616,12.451679801943662,349.2029828967949,365.1521199188202,0.0
1.194,8.14739819366147,-1.5039216791976004,10.0,0.0,12.635135660757207,12.634894684456789,344.35274958782935,365.1521199188202,0.0
1.195,8.706380182295138,-1.302442232604045,10.0,0.0,12.763340991921627,12.758690943970977,338.24904562038387,365.1521199188202,0.0
1.196,9.22755201176988,-1.064099356844093,10.0,0.0,12.866902494053372,12.831189029294308,330.01667028040026,365.1521199188202,0.0
1.197,9.711540086645403,-0.7979089843040787,10.0,0.0,12.940460142282472,12.858766486356918,343.0991976809311,365.1521199188202,0.0
1.198,9.996350389615783,-0.7817598278479201,10.0,0.0,13.010305267910152,12.864452709958195,359.585705160444,365.1521199188202,0.0
1.199,10.134144358979302,-0.9234353968550169,8.583532445964263,0.0,13.089480307490525,12.708434159217893,371.4029695822326,365.1521199188202,0.0
1.2,10.08184311127324,-1.1228283993941446,2.612391738435843,0.0,13.165652462628069,11.940405242163195,375.8310814993641,365.1521199188202,0.0
1.201,9.569416676176356,-1.1929779889944259,0.29154616406465195,0.0,13.163127035377023,11.117058721605765,376.8847943109314,365.1521199188202,0.0
1.202,8.732495993769447,-1.1581076316943228,-0.3526369856401219,0.0,13.073982263596328,10.41507963036895,376.3917371960564,365.1521199188202,0.0
1.203,7.759618063162245,-1.0849250650546058,-0.2185046009749838,0.0,12.915852681112655,9.894227730430691,375.21073553872105,365.1521199188202,0.0
1.204,6.808458835429846,-1.031027313355584,0.2714100714936798,0.0,12.716253939863028,9.557096088107285,373.662625545087,365.1521199188202,0.0
1.205,5.982268975092506,-1.0306900179173817,0.9603600120480396,0.0,12.50340378352481,9.385972374987329,372.4753395982921,365.1521199188202,0.0
1.206,5.336522396363267,-1.0950962901343888,1.4807707886507568,0.0,12.301814334406668,9.323801928623142,371.69496785766694,365.1521199188202,0.0
1.207,4.871486037500993,-1.2135029932161894,1.8055281795748819,0.0,12.126547460180756,9.322905320906752,371.10878964717307,365.1521199188202,0.0
1.208,4.557796418305625,-1.3635841041818373,2.039050587538288,0.0,11.984042467781196,9.356867072029008,370.4868225262452,365.1521199188202,0.0
1.209,4.360507583137799,-1.5212060488194648,2.2966871219279765,0.0,11.875021752534298,9.417751819178818,369.7157528547001,365.1521199188202,0.0
1.21,4.252353934242044,-1.667514904171575,2.6365856283417237,0.0,11.797509338169428,9.506382503477429,368.79872750781726,365.1521199188202,0.0
1.211,4.216440290403496,-1.7912004739214242,3.058632225893171,0.0,11.74875355778987,9.624293982909496,367.53837986262107,365.1521199188202,0.0
1.212,4.245655346979885,-1.8833175168723493,3.6649434490532578,0.0,11.725560522418576,9.784439712270707,365.957543902496,365.1521199188202,0.0
1.213,4.342432979538783,-1.9454261880971202,4.447307189279028,0.0,11.72661214692575,9.995895075336186,364.07910282327026,365.1521199188202,0.0
1.214,4.5135247322094525,-1.9843253296292456,5.3972578998474035,0.0,11.752361964145033,10.265128688837915,362.2066733389271,365.1521199188202,0.0
1.215,4.77278501066968,-1.9991932671908506,6.362927107817921,0.0,11.803706642709027,10.579930315378554,360.8602007651758,365.1521199188202,0.0
1.216,5.117331859505528,-1.9976991953045506,7.079082586229999,0.0,11.881083988787573,10.902199107079811,359.47086275215804,365.1521199188202,0.0
1.217,5.528267494563902,-1.9725102184060441,7.8305641644055095,0.0,11.980194632688416,11.23372272166592,357.8789817404576,365.1521199188202,0.0
1.218,5.995916958552069,-1.9208537414067781,8.699236052039346,0.0,12.097116250956848,11.582712046353354,356.1456191124019,365.1521199188202,0.0
1.219,6.519440185338076,-1.845683412925076,9.655982374131387,0.0,12.229492468504189,11.952138916646094,354.3533602093856,365.1521199188202,0.0
1.22,7.100729763852277,-1.7520919565420143,10.0,0.0,12.376030394408751,12.267428575920224,351.911480197272,365.1521199188202,0.0
1.221,7.7018101529416105,-1.6270022381282343,10.0,0.0,12.526619539188584,12.50209693858402,348.17134210907136,365.1521199188202,0.0
1.222,8.285122666695875,-1.4589165226687761,10.0,0.0,12.668378074240412,12.670203806837344,343.02078032326443,365.1521199188202,0.0
1.223,8.83575779605223,-1.2472998554341594,10.0,0.0,12.791174466371178,12.780939102678868,336.28489101153065,365.1521199188202,0.0
1.224,9.347317680961773,-1.0023038087557685,10.0,0.0,12.887931350410735,12.842115272102824,332.80598932212195,365.1521199188202,0.0
1.225,9.819724929225943,-0.7362456623015324,10.0,0.0,12.954313727345557,12.860000314528378,351.54692218740433,365.1521199188202,0.0
1.226,10.043024566598875,-0.7987467317385761,10.0,0.0,13.025382069932068,12.862896202776481,363.66227856309416,365.1521199188202,0.0
1.227,10.144196805940204,-0.9826338652985428,6.52557087897982,0.0,13.10923574108196,12.481526183192386,371.473874637304,365.1521199188202,0.0
1.228,9.952712017994234,-1.1359236414786318,2.5565552946900656,0.0,13.161590047202667,11.766906158687489,375.7721573684535,365.1521199188202,0.0
1.229,9.380854684867732,-1.1869425315045226,0.30121355461896826,0.0,13.141326100401859,10.98157559044468,377.0631400606532,365.1521199188202,0.0
1.23,8.525787099658922,-1.1521045487605288,-0.4633879928992064,0.0,13.040213124454755,10.299537792561493,376.47513924591385,365.1521199188202,0.0
1.231,7.553528051770698,-1.0836581337169526,-0.28261777880046335,0.0,12.873826940486692,9.801521035313574,375.03971394766216,365.1521199188202,0.0
1.232,6.617113154972845,-1.036817379933492,0.33621893003696,0.0,12.66980968042489,9.496214719393656,373.4192992977752,365.1521199188202,0.0
1.233,5.81985537791024,-1.0458028051033048,1.0637544611909,0.0,12.457120319083796,9.353212056907006,372.25331201962246,365.1521199188202,0.0
1.234,5.209372671938496,-1.1197371969849437,1.5757361792592413,0.0,12.259442556483428,9.311463878097163,371.50728618885233,365.1521199188202,0.0
1.235,4.778821471575231,-1.2452536620550028,1.8851974319439808,0.0,12.090425219501,9.32429946650314,370.93220014728166,365.1521199188202,0.0
1.236,4.495038754655662,-1.3985690529134458,2.1149396504447013,0.0,11.955202703401145,9.368037380736032,370.2986058358716,365.1521199188202,0.0
1.237,4.322416279344964,-1.5554214258039776,2.380271946979205,0.0,11.853596837443938,9.43691902748442,369.49937505016896,365.1521199188202,0.0
1.238,4.2344437566194735,-1.698084131022522,2.736414788517047,0.0,11.783164096602423,9.533225065312763,368.4114343158781,365.1521199188202,0.0
1.239,4.216604840753297,-1.8149703254764302,3.247792011691888,0.0,11.740836087965638,9.666629846926002,367.1457641731572,365.1521199188202,0.0
1.24,4.2659277672202345,-1.902410650100033,3.8606906405089783,0.0,11.724530932117913,9.839162515382336,365.70368844976224,365.1521199188202,0.0
1.241,4.383013976823384,-1.9600789804604049,4.57621281689704,0.0,11.732578671794,10.053003600731111,363.4677997248839,365.1521199188202,0.0
1.242,4.570212622708477,-1.991059561771291,5.711000381275578,0.0,11.764036926677948,10.344515772879044,361.90826631385437,365.1521199188202,0.0
1.243,4.853003642269101,-2.0026860333950625,6.5232056228399955,0.0,11.822469679353803,10.658782228536062,360.5997962890169,365.1521199188202,0.0
1.244,5.213859928847673,-1.9953040108823428,7.222963871556752,0.0,11.90555751513514,10.979450387510127,359.1353876849098,365.1521199188202,0.0
1.245,5.636514765373682,-1.9622762329090138,8.015335495949415,0.0,12.008844147883801,11.313640341208863,357.4744555376104,365.1521199188202,0.0
1.246,6.115534319231125,-1.903346276223644,8.922578213411201,0.0,12.129069095271822,11.66814734293041,355.70836015824545,365.1521199188202,0.0
1.247,6.651985864651685,-1.8227117385361797,9.900063500699435,0.0,12.264441748514423,12.043457619188002,353.9080249997581,365.1521199188202,0.0
1.248,7.2475985645444805,-1.725469371951701,10.0,0.0,12.413917849111108,12.335839413660274,351.2211086690602,365.1521199188202,0.0
1.249,7.8485111446356495,-1.5914017561288363,10.0,0.0,12.563909505020678,12.55278701694088,347.11469604645936,365.1521199188202,0.0
1.25,8.42555793174984,-1.4128716702415072,10.0,0.0,12.702299122377976,12.705573004702737,341.7285236103808,365.1521199188202,0.0
1.2510000000000001,8.967646420759671,-1.1912495695489018,10.0,0.0,12.819535246558413,12.803060089504193,334.4121302323322,365.1521199188202,0.0
1.252,9.469585780922658,-0.9393236502006852,10.0,0.0,12.90930083667958,12.85272963351572,347.1119586659039,365.1521199188202,0.0
1.2530000000000001,9.89177629210526,-0.7373133196174253,10.0,0.0,12.975354945019102,12.864987219509757,354.60172004379865,365.1521199188202,0.0
1.254,10.06904485087617,-0.8547797054842019,10.0,0.0,13.050970806875258,12.867346821385366,364.37648270915275,365.1521199188202,0.0
1.2550000000000001,10.157186878681152,-1.0406417949317333,6.185835317677713,0.0,13.138531208713914,12.449550996732738,373.919989485601,365.1521199188202,0.0
1.256,9.928954923191137,-1.1923838124714528,1.3264032337857925,0.0,13.190388988938341,11.611881847706304,377.6688123853089,365.1521199188202,0.0
1.2570000000000001,9.260106340080432,-1.21544173425942,-0.6731751407330613,0.0,13.154313027458956,10.763097115834075,377.6557643205073,365.1521199188202,0.0
1.258,8.30827090252727,-1.1439753061687716,-0.7916875523491127,0.0,13.02887430263244,10.100556091768297,376.2300802224873,365.1521199188202,0.0
1.2590000000000001,7.287584869288372,-1.0543566239470443,-0.18962510637579122,0.0,12.840581957118513,9.661894400080417,374.4178949756783,365.1521199188202,0.0
1.26,6.356206992947665,-1.008299945494512,0.6238097664601314,0.0,12.623082629179628,9.423971560627237,372.8966361611499,365.1521199188202,0.0
1.2610000000000001,5.602588434527902,-1.0342866706593803,1.3069940113010237,0.0,12.406860056641976,9.328691253192394,371.90205217819386,365.1521199188202,0.0
1.262,5.049764870106926,-1.1280302546022962,1.7367866801853094,0.0,12.212783637596674,9.315036476878245,371.32060888834354,365.1521199188202,0.0
1.2630000000000001,4.673220702564967,-1.270118728438928,1.9658234354152313,0.0,12.051441679107088,9.34012727546283,370.8091081363998,365.1521199188202,0.0
1.264,4.4316184369983125,-1.4325103385102065,2.1650039292113066,0.0,11.925185188694398,9.389005092642183,370.1484012209722,365.1521199188202,0.0
1.2650000000000001,4.2892600907908776,-1.5908986905239726,2.4453945739035987,0.0,11.832240931661712,9.462464040467673,369.3235505195126,365.1521199188202,0.0
1.266,4.2231928327211765,-1.7303104422577118,2.816105618626465,0.0,11.76968840428542,9.563100791205533,368.1712318303962,365.1521199188202,0.0
1.2670000000000001,4.222445488496439,-1.8400065777593881,3.362073844068897,0.0,11.734127262108384,9.703189543767438,366.76970173581384,365.1521199188202,0.0
1.268,4.287305779929968,-1.9188004468248783,4.046663073190145,0.0,11.723701473647433,9.888416334304427,365.2825268760548,365.1521199188202,0.0
1.2690000000000001,4.422085743205789,-1.9696897245275147,4.78894643349731,0.0,11.737650824942907,10.114705951238193,362.9325053671344,365.1521199188202,0.0
1.27,4.62992402396829,-1.9931572861860383,5.986153333474371,0.0,11.774906741807625,10.42251705575142,361.5428624581984,365.1521199188202,0.0
1.2710000000000001,4.935441591026889,-2.001670339090632,6.717067362548602,0.0,11.839919937640111,10.740172566129367,360.24551968856287,365.1521199188202,0.0
1.272,5.314652346435351,-1.989369511295525,7.414804749668935,0.0,11.928759143340638,11.06334780992092,358.73527310784624,365.1521199188202,0.0
1.2730000000000001,5.7527243004836,-1.9503195964853024,8.234096508136988,0.0,12.036859470499095,11.401838362072425,357.03932283827186,365.1521199188202,0.0
1.274,6.246443990833612,-1.885747021760785,9.163199613729661,0.0,12.16128633608526,11.761369869357125,355.25887845401337,365.1521199188202,0.0
1.2750000000000001,6.797716908995152,-1.800500449960127,10.0,0.0,12.300492268690451,12.12444509981151,353.3107807704398,365.1521199188202,0.0
1.276,7.399207294252701,-1.695512582748219,10.0,0.0,12.451388931405262,12.396114183421563,350.308706149713,365.1521199188202,0.0
1.2770000000000001,7.9959147127611185,-1.550535525358145,10.0,0.0,12.599465238568804,12.596083112758734,345.8287876018893,365.1521199188202,0.0
1.278,8.56471813073541,-1.360855640506514,10.0,0.0,12.73331579118993,12.73426147808646,340.23118391867746,365.1521199188202,0.0
1.2790000000000001,9.097143084441504,-1.1300712972526976,10.0,0.0,12.844109646172317,12.819128351415593,332.37389103408896,365.1521199188202,0.0
1.28,9.589607055176213,-0.871682936912868,10.0,0.0,12.92619592678453,12.857741135666295,345.0718998483145,365.1521199188202,0.0
1.281,9.930146931927624,-0.7861829857923421,10.0,0.0,12.997113746740734,12.868166522817841,353.686624928772,365.1521199188202,0.0
1.282,10.10426155185825,-0.8895055343368945,10.0,0.0,13.074202803267582,12.868893943825,367.7082471532251,365.1521199188202,0.0
1.283,10.17041149856108,-1.090511827902457,4.50614273366504,0.0,13.164733163049222,12.267397881149277,376.34252804147576,365.1521199188202,0.0
1.284,9.8178973899883,-1.216979109951307,0.07709820831315639,0.0,13.19796221867485,11.342286187003962,377.9865957448289,365.1521199188202,0.0
1.285,9.023701512789081,-1.1963889364481775,-0.8732804016234965,0.0,13.13182760741755,10.536593771402423,377.04225802594897,365.1521199188202,0.0
1.286,8.01894408398626,-1.10469381819772,-0.5200129232548232,0.0,12.9818566544533,9.955801703351538,375.5018746285316,365.1521199188202,0.0
1.287,7.012730535365579,-1.0230121098962885,0.1466812283567478,0.0,12.780735553249743,9.588531344763158,373.81434645725324,365.1521199188202,0.0
1.288,6.133154897881486,-0.9999332584893565,0.9038230486115975,0.0,12.561277669735947,9.401185755262215,372.5754334794051,365.1521199188202,0.0
1.289,5.443154647371034,-1.0511805077512348,1.4490464019298201,0.0,12.350899001556316,9.330136358203758,371.7570427847856,365.1521199188202,0.0
1.29,4.945728241538504,-1.1633746065495119,1.7921925205799143,0.0,12.166282138863997,9.325264775687977,371.2320613670307,365.1521199188202,0.0
1.291,4.6096738431637,-1.314554055794567,1.993883814975245,0.0,12.0151476026183,9.353164966114434,370.6882725232674,365.1521199188202,0.0
1.292,4.395263666393259,-1.4776340144530051,2.210416710812427,0.0,11.898343539999798,9.405187964932813,369.9604923521498,365.1521199188202,0.0
1.293,4.271629139401515,-1.631238126829426,2.526223072037939,0.0,11.813687836299808,9.484357324585329,369.20180071046434,365.1521199188202,0.0
1.294,4.220315749583991,-1.7634182166212617,2.8650720849642273,0.0,11.758418407688403,9.585667633322238,367.9305002380737,365.1521199188202,0.0
1.295,4.230281842873301,-1.8619912644822054,3.47293851796701,0.0,11.728328187178613,9.73318738166536,366.2693726364033,365.1521199188202,0.0
1.296,4.307127789352483,-1.9300122208214923,4.292329791626372,0.0,11.72249553827283,9.938647115715874,364.7019204542966,365.1521199188202,0.0
1.297,4.4611859195001875,-1.9757133872489294,5.08055787732496,0.0,11.742139046406301,10.185310853309554,362.53535661588455,365.1521199188202,0.0
1.298,4.695063783841313,-1.995001374123375,6.190007429560347,0.0,11.786149244377711,10.499243754070077,361.1734814818988,365.1521199188202,0.0
1.299,5.021529394666355,-1.9996895341221028,6.910731380922427,0.0,11.857474530359145,10.820797085131815,359.84748193613433,365.1521199188202,0.0
1.3,5.418313441775943,-1.9821652482848848,7.626777533631531,0.0,11.951848067806527,11.148503859896103,358.3089364118279,365.1521199188202,0.0
1.301,5.87235439421043,-1.9376419592424474,8.46448213085466,0.0,12.064832610049306,11.491887690799453,356.6005599873186,365.1521199188202,0.0
1.302,6.3813984021335575,-1.8681072001437042,9.40418594242433,0.0,12.1936534905477,11.85576753478998,354.81624403729506,365.1521199188202,0.0
1.303,6.947471324150895,-1.77862605408858,10.0,0.0,12.336832688920238,12.195106409306245,352.6283160944986,365.1521199188202,0.0
1.304,7.548586962667212,-1.6634119021159335,10.0,0.0,12.487849109650705,12.448409184615763,349.26839881767347,365.1521199188202,0.0
1.305,8.138425666204883,-1.5066913229545902,10.0,0.0,12.633007043651059,12.63261222346339,344.43904323855446,365.1521199188202,0.0
1.306,8.69799201853036,-1.3059020292508308,10.0,0.0,12.761549871620334,12.757256840105867,338.3747409003253,365.1521199188202,0.0
1.307,9.219836504646581,-1.0679917861359363,10.0,0.0,12.865540644651336,12.830484047931494,330.15413789142343,365.1521199188202,0.0
1.308,9.704313770681777,-0.8022821894371959,10.0,0.0,12.939606107956083,12.858713557874948,342.9248765748652,365.1521199188202,0.0
1.309,9.992317674695181,-0.7823111719145746,10.0,0.0,13.009548259964202,12.864691006373413,359.18452811450527,365.1521199188202,0.0
1.31,10.132990509272007,-0.9205136190601039,8.786943787969971,0.0,13.08849592098258,12.731034769136214,371.4534632544685,365.1521199188202,0.0
1.311,10.094282910169081,-1.1241546192365295,2.589462784631878,0.0,13.16720167772337,11.95471113772478,375.9039712559526,365.1521199188202,0.0
1.312,9.58564911030236,-1.1954585321017233,0.2566902705184848,0.0,13.166211516062331,11.124822920603785,376.91352641224114,365.1521199188202,0.0
1.313,8.747522654687156,-1.1594412079575982,-0.3657013725599816,0.0,13.077656604070798,10.419796725550295,376.398391401592,365.1521199188202,0.0
1.314,7.772102189206575,-1.0846839268454642,-0.22059658206312616,0.0,12.919591436092173,9.897518088835149,375.2145767489721,365.1521199188202,0.0
1.315,6.818434850278101,-1.0295476865230138,0.270686175945305,0.0,12.719787507615544,9.55940005709694,373.66776376414754,365.1521199188202,0.0
1.316,5.990047373304632,-1.0284067125767686,0.9589362299043094,0.0,12.506578024081897,9.387494063118092,372.48218614275163,365.1521199188202,0.0
1.317,5.342456958642469,-1.0923998950257239,1.4784243783629476,0.0,12.30454954931258,9.32466998681773,371.70403092575975,365.1521199188202,0.0
1.318,4.875908562345566,-1.2106961029551422,1.8019828767894914,0.0,12.128814165437905,9.323166443458842,371.12019757360173,365.1521199188202,0.0
1.319,4.560953241930037,-1.360891762572278,2.034218776320687,0.0,11.985840526093394,9.356529681295278,370.5003643419407,365.1521199188202,0.0
1.32,4.362553319935065,-1.5187860254028795,2.290652947919984,0.0,11.876366986782179,9.416819069509524,369.7684896346261,365.1521199188202,0.0
1.321,4.2532042606472675,-1.6657608820266727,2.610426604419226,0.0,11.798458031823818,9.502787322771857,368.81736639321224,365.1521199188202,0.0
1.322,4.215311223950453,-1.789129794942761,3.049335760382247,0.0,11.749037629542059,9.62052486924683,367.4208028976339,365.1521199188202,0.0
1.323,4.243367057173152,-1.8809904854927946,3.724930678383277,0.0,11.725204008967317,9.788007898245151,366.01044293991544,365.1521199188202,0.0
1.324,4.34285320843947,-1.9459283830333387,4.421527427031559,0.0,11.726726615173838,9.995566037150398,364.1648135963677,365.1521199188202,0.0
1.325,4.513496477299457,-1.9857653875180405,5.354215162029948,0.0,11.752585466168147,10.260374408087177,362.253003748086,365.1521199188202,0.0
1.326,4.770005307516468,-2.0001054462153993,6.339111247878156,0.0,11.803518305568563,10.573789980487748,360.8822125496332,365.1521199188202,0.0
1.327,5.111937201709106,-1.9980218174358784,7.067205920796408,0.0,11.880326818516277,10.896151312691817,359.48762300502364,365.1521199188202,0.0
1.328,5.521116132704215,-1.9726900033691104,7.821145662239161,0.0,11.97892495013007,11.228019424332233,357.89852897748574,365.1521199188202,0.0
1.329,5.987697447275917,-1.921247869259834,8.688228585421452,0.0,12.095444763135177,11.577168106812678,356.1692914492944,365.1521199188202,0.0
1.33,6.510491144458098,-1.846441276697492,9.642675634212377,0.0,12.227513159247057,11.946530754936449,354.37984773650277,365.1521199188202,0.0
1.331,7.091137488889613,-1.75321069688556,10.0,0.0,12.373803682706434,12.263282026692108,351.953517784286,365.1521199188202,0.0
1.332,7.692437663529198,-1.628808406463588,10.0,0.0,12.524388334847137,12.49907742419422,348.2355143150309,365.1521199188202,0.0
1.333,8.276315212562302,-1.4614792995754886,10.0,0.0,12.666331882670514,12.668138218512953,343.1016507633349,365.1521199188202,0.0
1.334,8.827615344552665,-1.2505653520730249,10.0,0.0,12.789459911987036,12.779683049153537,336.4033235357134,365.1521199188202,0.0
1.335,9.339867178985276,-1.00605307952075,10.0,0.0,12.88664241093024,12.841551499194034,332.0112566629949,365.1521199188202,0.0
1.336,9.813767382438371,-0.7388568215135094,10.0,0.0,12.953347039327895,12.859944850089285,351.06544365088797,365.1521199188202,0.0
1.337,10.041081590395756,-0.7961939224648296,10.0,0.0,13.024199583660032,12.862903767894,363.5540737700379,365.1521199188202,0.0
1.338,10.14371857599659,-0.9788163383179045,6.579288721492093,0.0,13.10777786007375,12.487356881379066,371.39794870124985,365.1521199188202,0.0
1.339,9.956260991369689,-1.1333311534088542,2.5948929680618322,0.0,13.160614025696075,11.775292795229714,375.69300289455924,365.1521199188202,0.0
1.34,9.388714870279538,-1.1855471639150368,0.34195704164974217,0.0,13.141158779146004,10.992295237360157,377.02310708756977,365.1521199188202,0.0
1.341,8.537757268514252,-1.1520699216491597,-0.44180492654301684,0.0,13.041144644709675,10.309897328368736,376.4741761928595,365.1521199188202,0.0
1.342,7.567815460388674,-1.0845389880558471,-0.28056004192826833,0.0,12.875798502545232,9.80949637669854,375.06641590569285,365.1521199188202,0.0
1.343,6.631422841866651,-1.037749119306029,0.32417714178632373,0.0,12.672475303203669,9.500813317297542,373.44648710760686,365.1521199188202,0.0
1.344,5.832118495836186,-1.0460658253942345,1.051197868941454,0.0,12.45999885421336,9.355150703930537,372.27251798906946,365.1521199188202,0.0
1.345,5.218722771696252,-1.119042569869727,1.56697844750766,0.0,12.262148063616808,9.311752849567025,371.51915608357376,365.1521199188202,0.0
1.346,4.785308041152395,-1.2437397866304511,1.879989038607972,0.0,12.092729493042482,9.323724723934,370.94108567016474,365.1521199188202,0.0
1.347,4.4991668072322275,-1.3965912225791477,2.1111345877990377,0.0,11.957016652749033,9.36699484673264,370.307744621905,365.1521199188202,0.0
1.348,4.324747953678203,-1.5533591581358044,2.3762488648980646,0.0,11.854918067316545,9.435542449762798,369.51129296710104,365.1521199188202,0.0
1.349,4.235436397501271,-1.6962029880360254,2.730882961817229,0.0,11.784029242663774,9.531464124480728,368.4269849282128,365.1521199188202,0.0
1.35,4.216493710082611,-1.8134625567464333,3.240288331167429,0.0,11.741291582207213,9.664383578975203,367.13243567680684,365.1521199188202,0.0
1.351,4.264869252405329,-1.9012249968039285,3.867759799290539,0.0,11.724600905964982,9.83815439324493,365.74688934804175,365.1521199188202,0.0
1.352,4.381797307144319,-1.9599570323200692,4.554585269380867,0.0,11.732539278280147,10.0497768148941,363.52726491625253,365.1521199188202,0.0
1.353,4.567542925046544,-1.9913794878222526,5.680646035301151,0.0,11.763715205278785,10.338766523738343,361.93032413700615,365.1521199188202,0.0
1.354,4.848047135153832,-2.002674295526908,6.511334382742482,0.0,11.821600714754481,10.6530919580246,360.6121876011638,365.1521199188202,0.0
1.355,5.207368902809716,-1.9953099709656024,7.215801973840231,0.0,11.904207192932436,10.974237599035055,359.15287866172287,365.1521199188202,0.0
1.356,5.629166750895551,-1.9626617800726887,8.005448856131661,0.0,12.007149929641038,11.30854125929046,357.49859134681367,365.1521199188202,0.0
1.357,6.107556790896096,-1.9042083605318911,8.909127799306326,0.0,12.127125364463764,11.662812116198278,355.7361241434794,365.1521199188202,0.0
1.358,6.643323356922803,-1.8239719773037584,9.884521358726868,0.0,12.262288873535308,12.03775951113917,353.9366198664238,365.1521199188202,0.0
1.359,7.2381340672188195,-1.7270038507444445,10.0,0.0,12.411566641104546,12.331605719966674,351.26510423542095,365.1521199188202,0.0
1.36,7.839146524965926,-1.593535979865404,10.0,0.0,12.561589468268508,12.549677035006397,347.18154071608745,365.1521199188202,0.0
1.361,8.416658610013338,-1.4156899912476089,10.0,0.0,12.700188764180881,12.7034272964808,341.80769362783604,365.1521199188202,0.0
1.362,8.959341252746825,-1.1947111731001958,10.0,0.0,12.817773946539415,12.801742491548794,334.5262854274219,365.1521199188202,0.0
1.363,9.461925667015306,-0.9432297905538678,10.0,0.0,12.90797896627027,12.852127226203637,345.9878054034744,365.1521199188202,0.0
1.364,9.888495514496972,-0.7351944234000944,10.0,0.0,12.973832880932084,12.86459715028579,354.57495827921144,365.1521199188202,0.0
1.365,10.067872714900085,-0.8504555419211242,10.0,0.0,13.049107473244776,12.866939679856374,364.3972436383619,365.1521199188202,0.0
1.366,10.155893004969705,-1.0378513822453268,6.173642520000813,0.0,13.136549790533714,12.44778763299764,373.6743147454977,365.1521199188202,0.0
1.367,9.928395718484433,-1.188145573113573,1.4498850181661176,0.0,13.187991074000145,11.62385017656592,377.52524221542734,365.1521199188202,0.0
1.368,9.267793932068244,-1.2137002995795765,-0.5993099397647619,0.0,13.15320256147934,10.779667947410896,377.63715088582364,365.1521199188202,0.0
1.369,8.323639727524181,-1.1453475043637433,-0.7801145846329485,0.0,13.02970032255671,10.114279473198783,376.26888375482804,365.1521199188202,0.0
1.37,7.306068540977579,-1.0571713883828564,-0.2071486574952246,0.0,12.842993615299394,9.670405209424139,374.47341648814097,365.1521199188202,0.0
1.371,6.373572806961459,-1.0106864740007584,0.5973720101551017,0.0,12.626338572968123,9.427414134347693,372.93343238338105,365.1521199188202,0.0
1.372,5.61618335632031,-1.0351642232619165,1.2895509378894552,0.0,12.410207328924882,9.329139020150404,371.91962390870464,365.1521199188202,0.0
1.373,5.059108459259603,-1.127312232577495,1.7287801353288152,0.0,12.215753201398341,9.314176059579774,371.3270785892273,365.1521199188202,0.0
1.374,4.679025149477864,-1.2682676561994548,1.9633032083634063,0.0,12.05383180707265,9.338907643478349,370.81367573343425,365.1521199188202,0.0
1.375,4.434916738259451,-1.4301573245265502,2.163389078113795,0.0,11.926974019849146,9.387689236632903,370.1566861033639,365.1521199188202,0.0
1.3760000000000001,4.290891850841545,-1.588553991547855,2.441838231303543,0.0,11.83348490735252,9.460937093406805,369.33435946238603,365.1521199188202,0.0
1.377,4.223640196629455,-1.7282758741435331,2.8111791563568094,0.0,11.770454932198257,9.561311696566761,368.19963294671516,365.1521199188202,0.0
1.3780000000000001,4.221914210001426,-1.838553577647041,3.3480672839132986,0.0,11.734498743434848,9.700227468662945,366.7905691290556,365.1521199188202,0.0
1.379,4.28551230190911,-1.9176769389466635,4.036214700640723,0.0,11.723630543465319,9.88497032926149,365.30268569641095,365.1521199188202,0.0
1.3800000000000001,4.4191696129082025,-1.968943135554466,4.7786507591871406,0.0,11.737171497566461,10.110872252785246,362.95639190948657,365.1521199188202,0.0
1.381,4.625926901087947,-1.99295166503672,5.973754932742666,0.0,11.774076824886832,10.418168449282593,361.56759567559857,365.1521199188202,0.0
1.3820000000000001,4.930405310496938,-2.0018741138930505,6.703998292118882,0.0,11.838762623204278,10.735376234504887,360.2719675119364,365.1521199188202,0.0
1.383,5.308577349971209,-1.9899505313854244,7.400613898018806,0.0,11.927299801647807,11.058102963843844,358.76264745014316,365.1521199188202,0.0
1.3840000000000001,5.745593537091204,-1.9512253034621958,8.219168653602193,0.0,12.035115395934394,11.396195544959973,357.0666698470633,365.1521199188202,0.0
1.385,6.238261798188255,-1.8869233297305703,9.148011955859701,0.0,12.159272724072693,11.755424296236162,355.2860885447875,365.1521199188202,0.0
1.3860000000000001,6.788526886115961,-1.8019074203855097,10.0,0.0,12.29822846423414,12.119973679970345,353.35276473983765,365.1521199188202,0.0
1.387,7.38997606969002,-1.69753915938103,10.0,0.0,12.44911321913582,12.392787059591983,350.3727739803699,365.1521199188202,0.0
1.3880000000000001,7.987065450174155,-1.553285535974315,10.0,0.0,12.597366620544799,12.593742236724111,345.9155444014132,365.1521199188202,0.0
1.389,8.5564139885289,-1.3642942141463714,10.0,0.0,12.73154369035909,12.732769790869737,340.33552979626734,365.1521199188202,0.0
1.3900000000000001,9.089453581300466,-1.1339952673329892,10.0,0.0,12.84276283767532,12.81837142676091,332.5090867969608,365.1521199188202,0.0
1.391,9.582441339731913,-0.8760028451631378,10.0,0.0,12.925344056878492,12.857636556294848,345.7513363616541,365.1521199188202,0.0
1.3920000000000001,9.927260006200617,-0.7845622370983795,10.0,0.0,12.99611512444932,12.86823311906846,353.65357749638594,365.1521199188202,0.0
1.393,10.101673404521328,-0.8886147854175046,10.0,0.0,13.073228927936176,12.86910984517121,367.42313286387684,365.1521199188202,0.0
1.3940000000000001,10.16983311281738,-1.0875491418257441,4.65047475520117,0.0,13.163561277406332,12.283409068155137,376.22344975444366,365.1521199188202,0.0
1.395,9.8275166602436,-1.216420098465433,0.13960301156152521,0.0,13.198476775894152,11.360947371301389,378.0192294797382,365.1521199188202,0.0
1.3960000000000001,9.040940634307338,-1.1986570057275252,-0.8869579466949311,0.0,13.134411905080253,10.54951060433724,377.1114138921203,365.1521199188202,0.0
1.397,8.037658602553163,-1.107438219767375,-0.5526430926189798,0.0,12.985753409123088,9.962346533752624,375.5487348575391,365.1521199188202,0.0
1.3980000000000001,7.0286555020042085,-1.0244369802688407,0.12473027528443481,0.0,12.78502640721794,9.59115846330222,373.842951096629,365.1521199188202,0.0
1.399,6.144989599968035,-0.9995153363966722,0.8907138439613949,0.0,12.565341930027314,9.401614176800258,372.58843197973357,365.1521199188202,0.0
1.4000000000000001,5.451045848434337,-1.0492225655519147,1.4436102817999785,0.0,12.35438848355135,9.329711797353248,371.7625547304417,365.1521199188202,0.0
1.401,4.950598864083286,-1.1604999348986835,1.7904445583296962,0.0,12.169083582114876,9.32463684800651,371.23698508598426,365.1521199188202,0.0
1.4020000000000001,4.612530581988978,-1.3113837793912042,1.9923807288867792,0.0,12.017286125088084,9.352466580633639,370.69660978509063,365.1521199188202,0.0
1.403,4.396839897616657,-1.474637363488547,2.207123480670889,0.0,11.899900442832468,9.404281227746072,369.9724000851975,365.1521199188202,0.0
1.4040000000000001,4.272317379470367,-1.628674007419111,2.5210255289536914,0.0,11.814746288505045,9.483098209867332,369.227237579176,365.1521199188202,0.0
1.405,4.220238123911972,-1.7614483796399507,2.85285560536087,0.0,11.759054062327477,9.58336385919565,367.93179822997155,365.1521199188202,0.0
1.4060000000000001,4.229167819270591,-1.8604245851509411,3.472778496851584,0.0,11.728517262584502,9.731403879228253,366.2934853913816,365.1521199188202,0.0
1.407,4.3055456055375405,-1.9292302869648532,4.2805212614209545,0.0,11.722417009963497,9.935926432935243,364.7411865078703,365.1521199188202,0.0
1.408,4.458746626756132,-1.9754336729134203,5.0607800372861025,0.0,11.741773353411507,10.181049409237534,362.56110880928077,365.1521199188202,0.0
1.409,4.69109712516473,-1.9949804351000566,6.176728997676253,0.0,11.785394470125976,10.494520975525894,361.1967314909909,365.1521199188202,0.0
1.41,5.016258358300705,-1.9998961952202212,6.898471541099488,0.0,11.856345897789192,10.815795456368658,359.8716364921766,365.1521199188202,0.0
1.411,5.411928398241565,-1.9826677111475264,7.613823874773063,0.0,11.950385339921162,11.143236871101188,358.33431364795086,365.1521199188202,0.0
1.412,5.86497183153315,-1.9384599915603142,8.450663359594628,0.0,12.063074414999328,11.48635883130463,356.6266940544617,365.1521199188202,0.0
1.413,6.373083463634929,-1.8692210703757128,9.389727414982783,0.0,12.191632574455578,11.85000430904175,354.8429027070274,365.1521199188202,0.0
1.414,6.938269612203117,-1.7799979050970123,10.0,0.0,12.334577306771111,12.19079103872731,352.6698667686906,365.1521199188202,0.0
1.415,7.539418222400345,-1.665401009105559,10.0,0.0,12.485592811917371,12.445216357189684,349.3321097204498,365.1521199188202,0.0
1.416,8.129682657315545,-1.5093897196342407,10.0,0.0,12.630934025513316,12.630383092581749,344.5232533194502,365.1521199188202,0.0
1.417,8.68981665260877,-1.3092732017291695,10.0,0.0,12.759805087214026,12.755855180661095,338.4966405774929,365.1521199188202,0.0
1.418,9.21231699303021,-1.0717828160960932,10.0,0.0,12.864213474312013,12.82979346860915,330.2887517768644,365.1521199188202,0.0
1.419,9.697269214996725,-0.8065441428694777,10.0,0.0,12.938773501296403,12.8586590254601,342.7273916207081,365.1521199188202,0.0
1.42,9.988199561321949,-0.7831351674564435,10.0,0.0,13.008841480704296,12.864941213448287,358.7415582289133,365.1521199188202,0.0
1.421,10.13195041914103,-0.9175150562659149,9.011700579416821,0.0,13.087546758493378,12.755985753417441,371.57258248180636,365.1521199188202,0.0
1.422,10.108070291411245,-1.126010386449928,2.531983827340417,0.0,13.16907664993262,11.966974841274485,375.99622574474176,365.1521199188202,0.0
1.423,9.601487852916677,-1.1979357714561263,0.21172113761350086,0.0,13.169379300062475,11.130071548097659,376.926945090845,365.1521199188202,0.0
1.424,8.76087154471954,-1.1601659311027779,-0.3713867871583556,0.0,13.081087419572743,10.423351573940607,376.3860926705397,365.1521199188202,0.0
1.425,7.782876936183322,-1.083778901997598,-0.2133003045229156,0.0,12.922927854918232,9.900868245344913,375.217149504275,365.1521199188202,0.0
1.426,6.8274056125057845,-1.0276732174151064,0.2705209827548778,0.0,12.722928158856588,9.561778669436706,373.6692059930775,365.1521199188202,0.0
1.427,5.997269064503806,-1.025982538842461,0.959321877611055,0.0,12.509394557013115,9.389288274118,372.48625081024323,365.1521199188202,0.0
1.428,5.348249264703925,-1.089765148906516,1.4774581601139696,0.0,12.3069982697149,9.325891352771544,371.7121860868215,365.1521199188202,0.0
1.429,4.880497340103581,-1.2080930539697161,1.7988898601448362,0.0,12.130880162468166,9.323733132716319,371.13192021783846,365.1521199188202,0.0
1.43,4.564437235941298,-1.358468306972695,2.029224791646163,0.0,11.987516042720282,9.356390541618628,370.51449004391026,365.1521199188202,0.0
1.431,4.364956763886564,-1.5166307764347406,2.2843161773593623,0.0,11.877648194948213,9.415984751653747,369.7640183502473,365.1521199188202,0.0
1.432,4.254531459366572,-1.663936515708586,2.6134330398765773,0.0,11.79934855958236,9.502436675704567,368.8388712470564,365.1521199188202,0.0
1.433,4.216166990332213,-1.7879906726682697,3.0391390781896703,0.0,11.749696980031004,9.619065777951565,367.43641441985284,365.1521199188202,0.0
1.434,4.243358145404609,-1.8801360804083105,3.717524546781112,0.0,11.725568921941296,9.786057481432351,366.0487684974618,365.1521199188202,0.0
1.435,4.341811703515968,-1.9456211391165912,4.4023810221902036,0.0,11.726834742389139,9.991929586523645,364.239582292011,365.1521199188202,0.0
1.436,4.510805246025342,-1.9855985708777677,5.316099501183709,0.0,11.75230385820798,10.253396776990876,362.2653301502778,365.1521199188202,0.0
1.437,4.764389102552878,-1.999389370962523,6.332093469735728,0.0,11.802489995183366,10.567682022951114,360.88050472057927,365.1521199188202,0.0
1.438,5.104886114597926,-1.9973762137665259,7.067222336567406,0.0,11.878726687764836,10.891342760919153,359.4963231771449,365.1521199188202,0.0
1.439,5.513740453463736,-1.9727117691861915,7.8158710757013345,0.0,11.977012827553082,11.223692159830161,357.91991238802774,365.1521199188202,0.0
1.44,5.980243722224316,-1.9220494282773408,8.676398545567846,0.0,12.093379080199437,11.572579950947869,356.19760927847784,365.1521199188202,0.0
1.441,6.502694934542657,-1.8478295730342191,9.627095206746219,0.0,12.22533992602527,11.941382345581978,354.40947513790115,365.1521199188202,0.0
1.442,7.082648291383987,-1.7549306445823478,10.0,0.0,12.371508243154661,12.259442788852036,351.9976272987477,365.1521199188202,0.0
1.443,7.68402289548532,-1.6311157710324418,10.0,0.0,12.52217512609214,12.496233298692749,348.30124902799315,365.1521199188202,0.0
1.444,8.268273185075602,-1.4644141559572081,10.0,0.0,12.664355342797169,12.666157660029226,343.1841600026146,365.1521199188202,0.0
1.445,8.820044154851729,-1.254076348689248,10.0,0.0,12.787839831316617,12.778455303123083,336.5228520947585,365.1521199188202,0.0
1.446,9.332817354339696,-1.009940091014879,10.0,0.0,12.885454025022009,12.840984288513592,331.2251266588467,365.1521199188202,0.0
1.447,9.80806704071079,-0.7415343157450298,10.0,0.0,12.95247642519297,12.859872061229641,350.6121673797127,365.1521199188202,0.0
1.448,10.039242296168993,-0.7937293950540294,10.0,0.0,13.023110879095132,12.862896515454494,363.4456364368347,365.1521199188202,0.0
1.449,10.143219020991662,-0.9751420803956661,6.633176813185642,0.0,13.106417777624053,12.493205731921586,371.316751678803,365.1521199188202,0.0
1.45,9.959802952298787,-1.1307869040671639,2.635972874601687,0.0,13.159731711697233,11.784006050023208,375.6173402247974,365.1521199188202,0.0
1.451,9.39672005192066,-1.1842491937761244,0.381026398544714,0.0,13.141118687804532,11.003090615096228,376.9882746593001,365.1521199188202,0.0
1.452,8.54981598569228,-1.1521186393504186,-0.4228023661114424,0.0,13.042206438924492,10.320062340202409,376.4760188762139,365.1521199188202,0.0
1.453,7.582005705815977,-1.085420735496176,-0.27991346414229223,0.0,12.877867123563359,9.817191824897247,375.09337507346186,365.1521199188202,0.0
1.454,6.645473067050338,-1.0386038022790558,0.3119958856873186,0.0,12.67519180459248,9.505196056513507,373.4728810131428,365.1521199188202,0.0
1.455,5.844061402076887,-1.046217047000101,1.0390353049036225,0.0,12.462890066931802,9.356977532445976,372.2908143400206,365.1521199188202,0.0
1.456,5.227779720053082,-1.1182427850051777,1.5586816972527293,0.0,12.26484334936379,9.312018264358253,371.5304588133548,365.1521199188202,0.0
1.457,4.79157486941619,-1.2421509971566072,1.8750760716402635,0.0,12.095015022700405,9.323176885331456,370.94975445757353,365.1521199188202,0.0
1.458,4.503155980408886,-1.394572229833283,2.1074519041433692,0.0,11.958812644273609,9.365998238656905,370.31687215978906,365.1521199188202,0.0
1.459,4.3270073145874015,-1.5512815963266289,2.3722455306259187,0.0,11.856226457009534,9.434212923745466,369.5233541753304,365.1521199188202,0.0
1.46,4.236402398137684,-1.6943219914383638,2.725292180290154,0.0,11.78488770677808,9.52973977094826,368.44260808593685,365.1521199188202,0.0
1.461,4.216383019104658,-1.8119564264926806,3.2327603433157517,0.0,11.74174490019491,9.662167172372936,367.14861637225613,365.1521199188202,0.0
1.462,4.263760352148883,-1.9001493528016955,3.8597912356217545,0.0,11.724683991955976,9.835524569095039,365.7731375360836,365.1521199188202,0.0
1.463,4.37974114060272,-1.9593789842567901,4.541320477535387,0.0,11.73229824441011,10.046253929608996,363.57284122765174,365.1521199188202,0.0
1.464,4.564251359969232,-1.9912600663754332,5.657261418663,0.0,11.76313863038873,10.333473674176096,361.9494087910887,365.1521199188202,0.0
1.465,4.842980849832544,-2.0025300561722608,6.501004748221848,0.0,11.82053784028266,10.647892698033246,360.62630400736816,365.1521199188202,0.0
1.466,5.20111725163768,-1.9953998883918065,7.207815299196623,0.0,11.902742013219095,10.969313758505777,359.1722207181007,365.1521199188202,0.0
1.467,5.622172283759357,-1.9632061546222004,7.994655935837562,0.0,12.005397865872284,11.303562805230122,357.5233593888269,365.1521199188202,0.0
1.468,6.09991018478502,-1.9052187228840651,8.895374205774374,0.0,12.125156357779094,11.657522517082382,355.7635591458501,365.1521199188202,0.0
1.469,6.63493027644736,-1.8253424623897896,9.869159934992492,0.0,12.260128457343463,12.032096523382126,353.9645974461642,365.1521199188202,0.0
1.47,7.228887925610357,-1.7286135905422464,10.0,0.0,12.409219334283073,12.32737974837567,351.30832809608546,365.1521199188202,0.0
1.471,7.829947793518808,-1.595712181008496,10.0,0.0,12.559277579697847,12.546558328935445,347.2474867607976,365.1521199188202,0.0
1.472,8.407879725356329,-1.4185226154038477,10.0,0.0,12.698086020505945,12.70126296215768,341.88617219520506,365.1521199188202,0.0
1.473,8.9511197360587,-1.1981676569334043,10.0,0.0,12.816016930779751,12.800400894279607,334.6395596360897,365.1521199188202,0.0
1.474,9.454322101927879,-0.9471179370815055,10.0,0.0,12.906656623639373,12.851498264078149,345.18095722456144,365.1521199188202,0.0
1.475,9.88562558480663,-0.7324344428372179,10.0,0.0,12.972237397024532,12.864138506724817,354.5931156614849,365.1521199188202,0.0
1.476,10.066471081330786,-0.8464879173772218,10.0,0.0,13.04721683447768,12.86649283265647,364.4389810249283,365.1521199188202,0.0
1.477,10.154722358118581,-1.0348176163940508,6.15083627757666,0.0,13.134509492925133,12.444802474792288,373.42595899809976,365.1521199188202,0.0
1.478,9.927143042943069,-1.1836599727312689,1.5746089001981325,0.0,13.185393211948345,11.635033281709047,377.3655066812854,365.1521199188202,0.0
1.479,9.274658962957707,-1.2115968503707264,-0.5172988090193451,0.0,13.151796272737881,10.796479261242952,377.6098885655428,365.1521199188202,0.0
1.48,8.338676857354244,-1.146562011934928,-0.7640674376152683,0.0,13.030270424397521,10.128628667665568,376.30653334040414,365.1521199188202,0.0
1.481,7.324742935752804,-1.0600812882831074,-0.22393395926177817,0.0,12.845249570316124,9.679465827836855,374.5346920278066,365.1521199188202,0.0
1.482,6.391421109494246,-1.0132991055212761,0.5681609759471229,0.0,12.629533284792702,9.430972356344746,372.97248772103154,365.1521199188202,0.0
1.483,5.630189965904296,-1.036242206965906,1.2710594513125457,0.0,12.413530843658945,9.32955669391992,371.93729682560485,365.1521199188202,0.0
1.484,5.0687283475844005,-1.1267266597589514,1.7208031299580453,0.0,12.218710939188867,9.313273640100839,371.33282203964995,365.1521199188202,0.0
1.485,4.6850051241756825,-1.2664928074031392,1.961233501727194,0.0,12.05621415149682,9.337681743716571,370.81763818414885,365.1521199188202,0.0
1.486,4.438338849325086,-1.4278512693225682,2.16217024682446,0.0,11.928759622270249,9.386394154444012,370.1648038218037,365.1521199188202,0.0
1.487,4.29262421138155,-1.5862440468010408,2.438460588967213,0.0,11.834731407942515,9.459434388786068,369.3453221079761,365.1521199188202,0.0
1.488,4.22417198543217,-1.7262684837858826,2.8062694239894537,0.0,11.771228798775304,9.559536445167156,368.2280921443645,365.1521199188202,0.0
1.489,4.221450512868362,-1.8371171255814456,3.334124683539799,0.0,11.734879762390591,9.697278864916258,366.81124436800417,365.1521199188202,0.0
1.49,4.283773080412073,-1.91656379907018,4.025957327228123,0.0,11.723570519285062,9.881552480106741,365.3233245183579,365.1521199188202,0.0
1.491,4.41630306285535,-1.968211356345639,4.768205206055891,0.0,11.736706326574552,10.107041677308471,362.98103065074395,365.1521199188202,0.0
1.492,4.621962254995923,-1.992756521028975,5.96106303254362,0.0,11.773260965397672,10.41379020633332,361.59238636856793,365.1521199188202,0.0
1.493,4.92537409293868,-2.0020744432326496,6.69098250913415,0.0,11.837614513036538,10.730563200245783,360.2983609675115,365.1521199188202,0.0
1.494,5.302496671375561,-1.9905233862025726,7.386532799175459,0.0,11.925846209807416,11.052856221420887,358.79010100934994,365.1521199188202,0.0
1.495,5.738457918299814,-1.9521252654589165,8.204282967350935,0.0,12.03337575630722,11.390555614377165,357.0942240459983,365.1521199188202,0.0
1.496,6.230077675580456,-1.8880979367406305,9.132800407754964,0.0,12.157263262501095,11.749478878618854,355.31354903713986,365.1521199188202,0.0
1.497,6.779335156608427,-1.8033153780581528,10.0,0.0,12.295968536331863,12.115503222458408,353.3950144946797,365.1521199188202,0.0
1.498,7.380743224458481,-1.699569482927933,10.0,0.0,12.446841494286009,12.389461350721408,350.43709365758656,365.1521199188202,0.0
1.499,7.978214445803259,-1.5560414244027578,10.0,0.0,12.595272341784572,12.591403208284092,346.00264416815304,365.1521199188202,0.0
1.5,8.54810787919747,-1.367739907990074,10.0,0.0,12.729776404069405,12.731280399380456,340.4391111853649,365.1521199188202,0.0
1.5010000000000001,9.081757314511963,-1.1379342640196421,10.0,0.0,12.841422173562766,12.817617774045008,332.6439711777277,365.1521199188202,0.0
1.502,9.575273674321526,-0.8803294380911426,10.0,0.0,12.924498629160821,12.857535682966535,346.4375969976989,365.1521199188202,0.0
1.5030000000000001,9.924536676648549,-0.7826563359584808,10.0,0.0,12.995091237115911,12.868285679897838,353.7954185829787,365.1521199188202,0.0
1.504,10.09919921253691,-0.88750362280321,10.0,0.0,13.072209516542873,12.869299689007072,367.14337389962037,365.1521199188202,0.0
1.5050000000000001,10.16907980214936,-1.0848468856841875,4.792179681747116,0.0,13.162376654986526,12.299123650641777,376.08169308376887,365.1521199188202,0.0
1.506,9.83692601974066,-1.2158650309868602,0.21372435802337986,0.0,13.198948039103763,11.380665769491372,378.0502524605682,365.1521199188202,0.0
1.5070000000000001,9.058656345805584,-1.2011409018237853,-0.899536655793753,0.0,13.137086661033269,10.563324782893854,377.1899608754474,365.1521199188202,0.0
1.508,8.057155670499693,-1.110542930584908,-0.5897692727996429,0.0,12.989858786565428,9.969121156960863,375.59824400311334,365.1521199188202,0.0
1.5090000000000001,7.0451528616529595,-1.0261704408930095,0.10162792252446273,0.0,12.789558342797356,9.59387642605018,373.87664577444815,365.1521199188202,0.0
1.51,6.157191173450009,-0.9992873651216111,0.8751817783007763,0.0,12.569650056877085,9.401858833649765,372.6046484633971,365.1521199188202,0.0
1.5110000000000001,5.459014065306907,-1.0472966619315263,1.4366551483805337,0.0,12.358080693715605,9.328998569062088,371.76916474653905,365.1521199188202,0.0
1.512,4.9553016912755234,-1.1575291003850379,1.7882265585323704,0.0,12.172027715673298,9.323752106094958,371.24160285278293,365.1521199188202,0.0
1.5130000000000001,4.615087633816697,-1.308046207092366,1.9911126760708004,0.0,12.019509946491771,9.351613173028174,370.70422325687935,365.1521199188202,0.0
1.514,4.3980986745883905,-1.4714612067742248,2.204281440642003,0.0,11.901500539819654,9.403322704217889,369.9862793393142,365.1521199188202,0.0
1.5150000000000001,4.272724512632612,-1.62599273594024,2.5149118052196373,0.0,11.815827345145157,9.481719262302102,369.2448868922302,365.1521199188202,0.0
1.516,4.219914025319153,-1.7593255324177712,2.844680359027521,0.0,11.759682418067406,9.581432494368455,367.93437692290087,365.1521199188202,0.0
1.5170000000000001,4.228080651517215,-1.8588517950293424,3.4721127736513937,0.0,11.72873786782656,9.729853356836026,366.32051384142625,365.1521199188202,0.0
1.518,4.304091572203683,-1.928500346774241,4.267360375162642,0.0,11.722395936922377,9.933261055039221,364.7826005393823,365.1521199188202,0.0
1.5190000000000001,4.456407976589391,-1.9751859122163922,5.040012219978987,0.0,11.741467895610125,10.176738321970808,362.58718033792184,365.1521199188202,0.0
1.52,4.687154281548233,-1.9949525918856184,6.16337171651821,0.0,11.784687864231447,10.489759154747537,361.2196409346061,365.1521199188202,0.0
1.5210000000000001,5.010973504744953,-2.0000662188334015,6.886466208018216,0.0,11.855252751435875,10.810794048706288,359.895469848598,365.1521199188202,0.0
1.522,5.40552894657622,-1.983126232460006,7.6011182517244915,0.0,11.948950104545176,11.137999815512824,358.3595875085469,365.1521199188202,0.0
1.5230000000000001,5.857593146450329,-1.9392392323074694,8.436984745852776,0.0,12.061340128871167,11.480872027298846,356.6528780873379,365.1521199188202,0.0
1.524,6.364793339387914,-1.8703040940774596,9.375331874772092,0.0,12.189634376739377,11.844284160354311,354.869639621357,365.1521199188202,0.0
1.5250000000000001,6.929109150396478,-1.7813451056975673,10.0,0.0,12.332344275786829,12.186511790095363,352.71139197712006,365.1521199188202,0.0
1.526,7.53029947563664,-1.6673684831636861,10.0,0.0,12.483358109308714,12.442053187848442,349.3956221378714,365.1521199188202,0.0
1.5270000000000001,8.120993662375819,-1.5120671256936897,10.0,0.0,12.628881316157358,12.6281773718895,344.60726757685075,365.1521199188202,0.0
1.528,8.681696354344218,-1.3126223411879376,10.0,0.0,12.758078708004303,12.75447110396218,338.61728340154696,365.1521199188202,0.0
1.5290000000000001,9.204852143393904,-1.0755492870914334,10.0,0.0,12.862902145768267,12.829115092136504,330.4232927504999,365.1521199188202,0.0
1.53,9.69027692520261,-0.8107802286907075,10.0,0.0,12.937953772690157,12.858611857161334,342.4933167162263,365.1521199188202,0.0
1.5310000000000001,9.984024367802107,-0.7841007965263351,10.0,0.0,13.008162866468261,12.865206137508007,358.2595827763173,365.1521199188202,0.0
1.532,10.13091603304142,-0.9145501441325674,9.25641894120814,0.0,13.086626701461554,12.783147373980393,371.5541211761617,365.1521199188202,0.0
1.5330000000000001,10.123416354315811,-1.1278010208637337,2.545129728712534,0.0,13.171191379567123,11.98862874883048,376.1988921684151,365.1521199188202,0.0
1.534,9.623301915998072,-1.202830643883682,0.11227651008987038,0.0,13.173968477112027,11.136455083510276,377.0293023481054,365.1521199188202,0.0
1.5350000000000001,8.778326561357318,-1.1628721997285711,-0.4217004040481118,0.0,13.086104773283155,10.423313710734934,376.3974466863319,365.1521199188202,0.0
1.536,7.793975294902358,-1.0831313757363676,-0.2182258408364781,0.0,12.92734139636205,9.900250961712539,375.1985047988812,365.1521199188202,0.0
1.537,6.834081731096142,-1.0248006094116562,0.2807812540882617,0.0,12.726529106175015,9.562218964064016,373.65112696985307,365.1521199188202,0.0
1.538,6.001716525687497,-1.0222614563326946,0.9694800980919869,0.0,12.512298846066397,9.390636976009686,372.4807662737938,365.1521199188202,0.0
1.539,5.351842884696217,-1.0861049271950747,1.4813739825718883,0.0,12.309381586488856,9.327373948057637,371.7188410161521,365.1521199188202,0.0
1.54,4.8837043087344885,-1.2048763820466855,1.7966694004194084,0.0,12.132856175398919,9.324705561007342,371.1458999161328,365.1521199188202,0.0
1.541,4.567185254243633,-1.355759914650658,2.023202150455935,0.0,11.989125940750867,9.356552830113001,370.53132110030424,365.1521199188202,0.0
1.542,4.367008386755207,-1.5143784050187583,2.2766995465553777,0.0,11.87889265509264,9.415315999792687,369.8295021730654,365.1521199188202,0.0
1.543,4.255604498723814,-1.6622547633746705,2.580835187632341,0.0,11.800239229483667,9.498352129504617,368.8592868376757,365.1521199188202,0.0
1.544,4.214902508170419,-1.7858613911667305,3.028871186138634,0.0,11.749872724880357,9.61482508718994,367.4537623246707,365.1521199188202,0.0
1.545,4.240532496664707,-1.877989726096931,3.7086170185826237,0.0,11.72508821707031,9.781679461590269,366.037252786964,365.1521199188202,0.0
1.546,4.3379119218109,-1.9437764781646867,4.408020458754536,0.0,11.72578285685945,9.989051430982894,364.24656928911844,365.1521199188202,0.0
1.547,4.506968486160209,-1.9847135019874722,5.312417713974343,0.0,11.750990434708775,10.25062290326067,362.28386405159245,365.1521199188202,0.0
1.548,4.760534024363418,-1.9994874552917457,6.322452891409617,0.0,11.80105016662618,10.564416239502421,360.9066801101985,365.1521199188202,0.0
1.549,5.100632479456615,-1.998194006853973,7.053499260192795,0.0,11.877193240114826,10.887275789425313,359.52413733053953,365.1521199188202,0.0
1.55,5.508646946150378,-1.9739481697824395,7.801050475905097,0.0,11.975353853653402,11.218903254959926,357.9463602034938,365.1521199188202,0.0
1.551,5.974052664177561,-1.9234968141254496,8.661996636581236,0.0,12.09155396164003,11.567298116496126,356.2224680227055,365.1521199188202,0.0
1.552,6.495355020761845,-1.8493926139951076,9.613239245936509,0.0,12.223326596523847,11.935811526055694,354.4339531449363,365.1521199188202,0.0
1.553,7.074232004190499,-1.7565839457947117,10.0,0.0,12.3693053973745,12.255218670389809,352.0363076750466,365.1521199188202,0.0
1.554,7.6754538922079645,-1.6332236254392192,10.0,0.0,12.519985484016393,12.493069734987305,348.36146877711815,365.1521199188202,0.0
1.555,8.259973100137982,-1.4670990743904366,10.0,0.0,12.662342571042041,12.66391880779712,343.26124145378725,365.1521199188202,0.0
1.556,8.8121919019666,-1.257338851965013,10.0,0.0,12.786136477689794,12.777019805906667,336.6370798473231,365.1521199188202,0.0
1.557,9.325511281244875,-1.0136065922479072,10.0,0.0,12.884148147139104,12.840247151167707,330.4442458140111,365.1521199188202,0.0
1.558,9.802145730278543,-0.7440486776778509,10.0,0.0,12.95146733616405,12.859656333246658,350.18278795212046,365.1521199188202,0.0
1.559,10.03721079968181,-0.7911694402190603,10.0,0.0,13.021874387519626,12.862765702876182,363.33583754471664,365.1521199188202,0.0
1.56,10.142541666798083,-0.9714537413499663,6.687755750604541,0.0,13.10491173620159,12.499022228556054,371.23390357736287,365.1521199188202,0.0
1.561,9.9632429743552,-1.1282769814146418,2.677904897696001,0.0,13.158718715979145,11.79277185005003,375.54084163571684,365.1521199188202,0.0
1.562,9.40471756922999,-1.18303208630419,0.42054865135004516,0.0,13.140974789065545,11.013961336442742,376.9533710884389,365.1521199188202,0.0
1.563,8.561935384396875,-1.1522783099800624,-0.40372858670718337,0.0,13.043193737038033,10.330281334062374,376.47802170298803,365.1521199188202,0.0
1.564,7.596282507650467,-1.086420971990682,-0.2793129118234132,0.0,12.879886020559642,9.824913717928858,375.12059487155585,365.1521199188202,0.0
1.565,6.65960562448561,-1.0395667403300948,0.2997157543653195,0.0,12.677876922012967,9.509579016673442,373.499418045814,365.1521199188202,0.0
1.566,5.856063594113349,-1.0464571823493873,1.0268311859662944,0.0,12.465761754134144,9.358792141012419,372.3090812155153,365.1521199188202,0.0
1.567,5.236870859024728,-1.1175088338518375,1.550429988148717,0.0,12.267526192722183,9.312272930609705,371.54164776764543,365.1521199188202,0.0
1.568,4.797857454836244,-1.2406087681824747,1.8702514335953886,0.0,12.097292742672487,9.322626003193212,370.9582786824226,365.1521199188202,0.0
1.569,4.5071514584387495,-1.392585231528209,2.1038743885707847,0.0,11.960604356510839,9.365008259668079,370.32587677442456,365.1521199188202,0.0
1.57,4.3292713357493655,-1.549225527232929,2.3683377740137557,0.0,11.8575337025069,9.432897948260116,369.5354223658042,365.1521199188202,0.0
1.571,4.23737534806056,-1.692455976058547,2.7197319538540894,0.0,11.78574802917634,9.528030085939438,368.46144692750147,365.1521199188202,0.0
1.572,4.216259893048613,-1.8104947601340413,3.2236264029186463,0.0,11.742206098706806,9.659788630290894,367.1958470296175,365.1521199188202,0.0
1.573,4.262501697343765,-1.899141185717215,3.8359890807526664,0.0,11.724764934692764,9.831040324208766,365.7794565808111,365.1521199188202,0.0
1.574,4.376663977142872,-1.9582516142397666,4.537910938535956,0.0,11.731808739353568,10.042415077176315,363.59925816966665,365.1521199188202,0.0
1.575,4.560226582173806,-1.990629133763408,5.643538761599707,0.0,11.76225606170742,10.328906313516962,361.9661274734286,365.1521199188202,0.0
1.576,4.837884185983309,-2.0022905701815166,6.491964034172636,0.0,11.81926675827071,10.643356949842572,360.64451634979014,365.1521199188202,0.0
1.577,5.195249690770644,-1.9956583762243494,7.197845631682181,0.0,11.901175293110754,10.96469268570376,359.195018794632,365.1521199188202,0.0
1.578,5.615630381715339,-1.9639761163821787,7.9821654205031285,0.0,12.003607821409854,11.298633841302003,357.5492097131532,365.1521199188202,0.0
1.579,6.09261667525875,-1.9064053225451145,8.881099063299214,0.0,12.123175247715206,11.652198951609359,355.7904586382994,365.1521199188202,0.0
1.58,6.626773817728502,-1.8268223844512814,9.854091213531303,0.0,12.257964027168814,12.026416670877849,353.99166938112,365.1521199188202,0.0
1.581,7.2198065160164795,-1.730287129489707,10.0,0.0,12.406872651939075,12.323119515787106,351.350563796772,365.1521199188202,0.0
1.582,7.820853337713756,-1.5979163961622236,10.0,0.0,12.556965270606826,12.54339902741395,347.31241202941214,365.1521199188202,0.0
1.583,8.399160172845118,-1.4213582949199015,10.0,0.0,12.695978894767105,12.699056566097415,341.9638936334114,365.1521199188202,0.0
1.584,8.942926006644118,-1.2016126964073082,10.0,0.0,12.81425047555574,12.799018539961983,334.752035023343,365.1521199188202,0.0
1.585,9.446726351365806,-0.9509872526457155,10.0,0.0,12.905319752823317,12.850831094937556,344.6283442488798,365.1521199188202,0.0
1.586,9.883070482270803,-0.7291280115721142,10.0,0.0,12.970565095781216,12.86360947119,354.6371372333759,365.1521199188202,0.0
1.587,10.064813746957318,-0.8428800488298984,10.0,0.0,13.045295058577663,12.866006226306528,364.4530535933854,365.1521199188202,0.0
1.588,10.15377504612812,-1.0313405393896864,6.14221492936494,0.0,13.13238483419512,12.443311634159267,373.2227405259807,365.1521199188202,0.0
1.589,9.926766965489394,-1.1794175802796332,1.6766652569956673,0.0,13.182900042628395,11.644823367396173,377.2141543267631,365.1521199188202,0.0
1.59,9.28127483158515,-1.2093894968629888,-0.4396619874749472,0.0,13.150331043957307,10.811829001907718,377.56951285268667,365.1521199188202,0.0
1.591,8.352771193922269,-1.147335583034409,-0.7415151797753996,0.0,13.030593858917502,10.142517073196537,376.3308036726057,365.1521199188202,0.0
1.592,7.342609394853147,-1.0625862373694435,-0.23394742727278217,0.0,12.8471973106257,9.688846365071758,374.57471500031954,365.1521199188202,0.0
1.593,6.408912415506625,-1.0158942717580692,0.5498709580553154,0.0,12.632484723590002,9.435952467528766,373.0110462107617,365.1521199188202,0.0
1.594,5.644828386799694,-1.03767198057924,1.253116089914812,0.0,12.41681647313001,9.331107755052066,371.96468352367054,365.1521199188202,0.0
1.595,5.079405975675182,-1.126690744591907,1.7081717974118957,0.0,12.22180486342154,9.31275999021975,371.3476080487161,365.1521199188202,0.0
1.596,4.691876948778894,-1.2651808054024576,1.954754653590161,0.0,12.058803357249712,9.3362933668518,370.826095768364,365.1521199188202,0.0
1.597,4.442223649744927,-1.425781501444521,2.158771035270779,0.0,11.93073651531479,9.38473580125132,370.17356787029667,365.1521199188202,0.0
1.598,4.294424491161597,-1.5839561546663574,2.4348205047896734,0.0,11.836113805907297,9.457613960301497,369.35508475544873,365.1521199188202,0.0
1.599,4.224542679308449,-1.724155441184074,2.802032413847356,0.0,11.772081358330306,9.557583855525074,368.2551095852757,365.1521199188202,0.0
1.6,4.220761509319761,-1.8355344271983034,3.320990102269313,0.0,11.735298840629751,9.694283853684658,366.83081268936434,365.1521199188202,0.0
1.601,4.281845382888803,-1.9153221121199628,4.016351622519556,0.0,11.723527429996457,9.878178752809056,365.344019770545,365.1521199188202,0.0
1.602,4.413324537784294,-1.9673983400909245,4.757829083411973,0.0,11.73625315856652,10.103264058150533,363.0065039123334,365.1521199188202,0.0
1.603,4.617946444069417,-1.9925142088540058,5.9480431725826355,0.0,11.77245682809795,10.409428562872307,361.61748284363676,365.1521199188202,0.0
1.604,4.920315038684311,-2.002241623305048,6.677900077682795,0.0,11.836475438050401,10.725764776399574,360.3248618846525,365.1521199188202,0.0
1.605,5.296404717250773,-1.9910725648533445,7.372483137516616,0.0,11.924399937786136,11.047628618403914,358.81765732983393,365.1521199188202,0.0
1.606,5.731325622196839,-1.9530099761187263,8.18943004081575,0.0,12.031643177572441,11.384936452187556,357.12191847387373,365.1521199188202,0.0
1.607,6.221908092582128,-1.8892639269969203,9.117601483245316,0.0,12.155261437242423,11.743552353512804,355.3411631555199,365.1521199188202,0.0
1.608,6.7701647806305285,-1.8047189236552772,10.0,0.0,12.293716971201572,12.11104820210978,353.4373908829989,365.1521199188202,0.0
1.609,7.371534409181519,-1.701597768518658,10.0,0.0,12.444578659592892,12.386147941815299,350.50147110099215,365.1521199188202,0.0
1.61,7.969387672786551,-1.5587961264553756,10.0,0.0,12.59318718404004,12.589073713678351,346.0898306620409,365.1521199188202,0.0
1.611,8.539824863470827,-1.3711840559414363,10.0,0.0,12.728018121892877,12.729798202460596,340.54172504094095,365.1521199188202,0.0
1.612,9.074077765250735,-1.1418782597087458,10.0,0.0,12.840090897958195,12.816869888860952,332.778185450545,365.1521199188202,0.0
1.613,9.56812561821516,-0.8846519319559927,10.0,0.0,12.923661726966543,12.85743894941951,346.5614235768519,365.1521199188202,0.0
1.614,9.922530438535002,-0.7795748449157225,10.0,0.0,12.99394616283301,12.868264135117517,353.91572760398844,365.1521199188202,0.0
1.615,10.097334275620224,-0.8852815543407342,10.0,0.0,13.070963182589788,12.869350871956193,366.9222053095949,365.1521199188202,0.0
1.616,10.168391241582512,-1.081902858967891,4.903959129143059,0.0,13.160958450469487,12.311397913407413,375.9275174956071,365.1521199188202,0.0
1.617,9.844462795989937,-1.2145229653743845,0.2935490603690951,0.0,13.198780894364782,11.39839777731972,378.0435326403674,365.1521199188202,0.0
1.618,9.074232195888522,-1.2026523083621923,-0.8933726392265262,0.0,13.138889106926374,10.577508694517784,377.24365684820975,365.1521199188202,0.0
1.619,8.075684054650608,-1.1131762055721803,-0.6143501124415973,0.0,12.99317392521483,9.977419025729645,375.6524236139894,365.1521199188202,0.0
1.62,7.062093736939908,-1.0280493895891545,0.0762634677168812,0.0,12.793552106065398,9.597453527734556,373.9124233571387,365.1521199188202,0.0
1.621,6.170329861500575,-0.9994897743988349,0.8586605617590415,0.0,12.57360562952029,9.402638065288299,372.6209440803598,365.1521199188202,0.0
1.622,5.468040415545542,-1.0458618880031914,1.429711958533117,0.0,12.361558783033455,9.328635384437549,371.77557317271624,365.1521199188202,0.0
1.623,4.961005629073919,-1.1550174081721876,1.7861628798159277,0.0,12.174859739192772,9.323078306448885,371.2462553568068,365.1521199188202,0.0
1.624,4.6184996209344735,-1.3050930708957444,1.9898804333907867,0.0,12.021691659635195,9.350856766586048,370.71207808965556,365.1521199188202,0.0
1.625,4.400027374136236,-1.468578701432386,2.201369485258044,0.0,11.903100896778886,9.402374079989798,369.99835375936175,365.1521199188202,0.0
1.6260000000000001,4.273631503171959,-1.6234823671086724,2.509769311999536,0.0,11.816925488467604,9.48040849952852,369.2602119194353,365.1521199188202,0.0
1.627,4.219974249411806,-1.7573416730541964,2.837759311956619,0.0,11.76034654993857,9.57965517721408,367.9404694063665,365.1521199188202,0.0
1.6280000000000001,4.2273311397547015,-1.8574269966821402,3.469747073615544,0.0,11.729020965570616,9.728212216585774,366.3494569382571,365.1521199188202,0.0
1.629,4.302807174489124,-1.9278503966094775,4.253279937475873,0.0,11.722429364332353,9.930420936074192,364.8250078633626,365.1521199188202,0.0
1.6300000000000001,4.454083076218353,-1.9749466094741959,5.0187755954777025,0.0,11.741194144582606,10.172233228388674,362.61285720624403,365.1521199188202,0.0
1.631,4.683106510504428,-1.9948957458788987,6.150243551162749,0.0,11.78398711891515,10.484867469287888,361.24229649121577,365.1521199188202,0.0
1.6320000000000001,5.005545015165576,-2.0002004620419944,6.874622142952924,0.0,11.85414824731825,10.805706547900638,359.9195216198295,365.1521199188202,0.0
1.633,5.398983314960955,-1.9835638377830211,7.588335561635974,0.0,11.947494094912205,11.132688693698777,358.3854406586,365.1521199188202,0.0
1.6340000000000001,5.850071660192088,-1.9400163655077618,8.423042834852929,0.0,12.059579716618883,11.475302540566062,356.67977296842776,365.1521199188202,0.0
1.635,6.356356050353866,-1.8713991139819681,9.360600149442964,0.0,12.187605737896535,11.838467397324534,354.8970569917972,365.1521199188202,0.0
1.6360000000000001,6.919788858194093,-1.7827127096534878,10.0,0.0,12.330076310761402,12.182162015989489,352.7538248375657,365.1521199188202,0.0
1.637,7.521023704855101,-1.669370550704086,10.0,0.0,12.481088514765126,12.438838726514563,349.4603990114055,365.1521199188202,0.0
1.6380000000000001,8.112156259115446,-1.5147937937539453,10.0,0.0,12.626797147745958,12.62593675388547,344.69304817109946,365.1521199188202,0.0
1.639,8.673437980583627,-1.3160336559017574,10.0,0.0,12.756326872571563,12.753066177998473,338.7393957739325,365.1521199188202,0.0
1.6400000000000001,9.197261168340189,-1.079384501306059,10.0,0.0,12.861572761698904,12.828427898744202,330.56089976189327,365.1521199188202,0.0
1.641,9.683166034184278,-0.8150932925375514,10.0,0.0,12.937124692569503,12.8585667329628,342.9361050685076,365.1521199188202,0.0
1.6420000000000001,9.979836991705232,-0.7850213845445084,10.0,0.0,13.007470315983351,12.865472120177737,357.77049121458566,365.1521199188202,0.0
1.643,10.12876316338946,-0.9134296837936975,9.504920326777015,0.0,13.08589754777465,12.810847597647982,371.27754663798424,365.1521199188202,0.0
1.6440000000000001,10.13896931879997,-1.1297917611740749,2.690138347886082,0.0,13.173535349653198,12.025219614226247,376.48688302697457,365.1521199188202,0.0
1.645,9.653529046350872,-1.2111260172581233,-0.02787747769062321,0.0,13.180629720397155,11.149584779833516,377.27826529591084,365.1521199188202,0.0
1.6460000000000001,8.804411551593965,-1.1695038952265266,-0.5448300659296672,0.0,13.094059394643125,10.421086761202696,376.48789347118196,365.1521199188202,0.0
1.647,7.808805887576947,-1.0842524792350143,-0.26300188908884614,0.0,12.934334865062667,9.893977585288738,375.19372784527764,365.1521199188202,0.0
1.6480000000000001,6.839432187242842,-1.0212367893890315,0.28366484459874286,0.0,12.731792659125718,9.55759698334194,373.6140816592918,365.1521199188202,0.0
1.649,6.001984912859182,-1.0164176429456604,0.9888683201869455,0.0,12.515966664377473,9.389131399152811,372.4520011903506,365.1521199188202,0.0
1.6500000000000001,5.3507666277484285,-1.080062733089746,1.4969097419422477,0.0,12.311925862065422,9.328021834163316,371.71094631878714,365.1521199188202,0.0
1.651,4.883172814690955,-1.1997507939958698,1.801848913724303,0.0,12.134707419283862,9.326005176705257,371.15545702417813,365.1521199188202,0.0
1.6520000000000001,4.567541768658662,-1.3518460088529058,2.019560189975225,0.0,11.990542748059859,9.357410666317607,370.5499437476995,365.1521199188202,0.0
1.653,4.3678127747499005,-1.5115235156944555,2.2683385899257473,0.0,11.879978666523494,9.415261529948012,369.8254750789564,365.1521199188202,0.0
1.6540000000000001,4.256283675319935,-1.6601448143380133,2.5838393726959357,0.0,11.80100764728618,9.49875911216516,368.8848449323886,365.1521199188202,0.0
1.655,4.215705233246306,-1.784745584012587,3.016827195844151,0.0,11.750503359872084,9.613831824589266,367.5312478102586,365.1521199188202,0.0
1.6560000000000001,4.240548759778756,-1.8775286522673942,3.6698344779947654,0.0,11.725516902253089,9.776709187495326,366.04677900574427,365.1521199188202,0.0
1.657,4.335375518690483,-1.9426898023097245,4.403122289382692,0.0,11.725556722508708,9.984749246565086,364.27451918094374,365.1521199188202,0.0
1.6580000000000001,4.5030951062472875,-1.9836832461050624,5.298028209161721,0.0,11.750254233962808,10.245595167773118,362.2900986421074,365.1521199188202,0.0
1.659,4.755292672486089,-1.9986962525335414,6.318858691347014,0.0,11.799808082661478,10.560104005437642,360.9158543225249,365.1521199188202,0.0
1.6600000000000001,5.094849615979403,-1.9979711680437828,7.048343507101211,0.0,11.875627540898577,10.883323080994815,359.5417063245701,365.1521199188202,0.0
1.661,5.50260494291007,-1.974413001709779,7.791521642021122,0.0,11.973602813415837,11.21479942497619,357.96986958473246,365.1521199188202,0.0
1.6620000000000001,5.967631455208629,-1.9245355095363492,8.649262515280817,0.0,12.089677250603769,11.562770013436984,356.248220452981,365.1521199188202,0.0
1.663,6.4883095906258355,-1.850810826904301,9.59912607581494,0.0,12.2213303627512,11.930834239923742,354.4597391896529,365.1521199188202,0.0
1.6640000000000001,7.066376953318166,-1.7582153992171325,10.0,0.0,12.3671763361133,12.2514742224896,352.07542606109945,365.1521199188202,0.0
1.665,7.667565549294599,-1.6353470590991184,10.0,0.0,12.517912147259658,12.490275992962745,348.420855050568,365.1521199188202,0.0
1.666,8.25237755178775,-1.4697830958771299,10.0,0.0,12.66047120178546,12.661953733188728,343.33677221521907,365.1521199188202,0.0
1.667,8.80501351146026,-1.2605560965145108,10.0,0.0,12.78458279458361,12.775777769305652,336.747817735691,365.1521199188202,0.0
1.668,9.31882003654065,-1.0171782071364923,10.0,0.0,12.882986333875682,12.839638202928578,329.7072983438629,365.1521199188202,0.0
1.669,9.79672719673088,-0.7464955339385777,10.0,0.0,12.950594247442847,12.859521224748299,349.7963320038686,365.1521199188202,0.0
1.67,10.035462483560002,-0.7887309676263903,10.0,0.0,13.02078239627291,12.862694925793463,363.2364533730469,365.1521199188202,0.0
1.671,10.141996265448691,-0.9679893073950674,6.737204197040985,0.0,13.103565163362159,12.50433117015216,371.15664261392834,365.1521199188202,0.0
1.672,9.966424662770129,-1.1258660469980635,2.7170643496491893,0.0,13.157807136136995,11.800872855713934,375.46723239646553,365.1521199188202,0.0
1.673,9.412113366877179,-1.1817959694307376,0.4586183336041394,0.0,13.140852604262092,11.024175433227416,376.9191807464666,365.1521199188202,0.0
1.674,8.57324126270251,-1.1523452740046831,-0.38502644967287036,0.0,13.044124907604829,10.33996865230232,376.4794709400681,365.1521199188202,0.0
1.675,7.609689559766954,-1.0873113867750397,-0.27844505668608655,0.0,12.881790081879785,9.83227214714649,375.1464086624707,365.1521199188202,0.0
1.676,6.672936182047199,-1.0404520844334098,0.2881431946760973,0.0,12.680414903826382,9.51377805817353,373.524835697608,365.1521199188202,0.0
1.677,5.867418558920921,-1.0466794300857754,1.0152025193195726,0.0,12.468481435726197,9.360545908256379,372.3266748766013,365.1521199188202,0.0
1.678,5.245490339456924,-1.1168175151051687,1.5425373802451086,0.0,12.270071015339926,9.312536795886075,371.5524843389316,365.1521199188202,0.0
1.679,4.803824068140472,-1.239153835968346,1.8656290048788495,0.0,12.09945634020001,9.322118290464799,370.96651304580524,365.1521199188202,0.0
1.68,4.510951799687583,-1.3907071435570995,2.100470720172181,0.0,11.962308782658088,9.364081127324239,370.33451956903593,365.1521199188202,0.0
1.681,4.33142980968599,-1.5472791519870197,2.364643462054678,0.0,11.858779652407703,9.431662205413334,369.5470471564575,365.1521199188202,0.0
1.682,4.238308710820871,-1.6906883922829643,2.714430395967524,0.0,11.786570839339522,9.526415198955217,368.480176155045,365.1521199188202,0.0
1.683,4.216147576585577,-1.8091137004356286,3.214585334311523,0.0,11.742650898426177,9.657497699492035,367.28271679007145,365.1521199188202,0.0
1.684,4.2612478724791485,-1.8982466480099967,3.792009048085787,0.0,11.724851572809511,9.824412371124922,365.7685585556568,365.1521199188202,0.0
1.685,4.3725076395883695,-1.9564924000033557,4.542923778924746,0.0,11.731039350161314,10.037894454864315,363.6084229925581,365.1521199188202,0.0
1.686,4.5552205437249205,-1.9893354538358476,5.638428529736727,0.0,11.76098683655353,10.324657661461949,361.97228402703723,365.1521199188202,0.0
1.687,4.832414991688966,-2.0016970139876533,6.488296371414978,0.0,11.817647236044653,10.63960545088085,360.6592214619928,365.1521199188202,0.0
1.688,5.18966162507217,-1.9959022877401607,7.189756638505475,0.0,11.899375339039814,10.960861267077632,359.2178491498908,365.1521199188202,0.0
1.689,5.609790687256457,-1.9649417813516457,7.969785502245756,0.0,12.001708504914873,11.294311153788339,357.57579978171225,365.1521199188202,0.0
1.69,6.08619196263904,-1.9078510528475423,8.866573387706117,0.0,12.121182967801934,11.647292897508478,355.8174127539149,365.1521199188202,0.0
1.691,6.619482565878242,-1.8285267925550515,9.839113973253854,0.0,12.255853397425167,12.021037545098473,354.0178922881071,365.1521199188202,0.0
1.692,7.2115172174712825,-1.7321104653956314,10.0,0.0,12.404618695460467,12.319055922335542,351.3908887648338,365.1521199188202,0.0
1.693,7.812442797614952,-1.6001811262570178,10.0,0.0,12.55476123738229,12.540358664085101,347.3743431363165,365.1521199188202,0.0
1.694,8.391012314023621,-1.4241691336931477,10.0,0.0,12.693977773496247,12.69691199484837,342.03834683904483,365.1521199188202,0.0
1.695,8.935203474325402,-1.204962284189957,10.0,0.0,12.81257535555542,12.7976563136776,334.8596578330498,365.1521199188202,0.0
1.696,9.43951817318491,-0.9547118142894071,10.0,0.0,12.904052128097575,12.850153253558299,344.07262629646226,365.1521199188202,0.0
1.697,9.880594179429377,-0.7260511422114408,10.0,0.0,12.968980748144011,12.863072963006843,354.6617981758968,365.1521199188202,0.0
1.698,10.063188395757361,-0.8394774854793363,10.0,0.0,13.043471981610907,12.865518959781541,364.44329905528224,365.1521199188202,0.0
1.699,10.152876612945589,-1.0279503932617056,6.145841456346628,0.0,13.130356447831964,12.443172278696165,373.04377575764,365.1521199188202,0.0
1.7,9.927104050271929,-1.175635963023205,1.7666865467795532,0.0,13.18067848291832,11.654315121791575,377.0810262316484,365.1521199188202,0.0
1.701,9.288074308483022,-1.2075090664056578,-0.37122775335294467,0.0,13.149111784480034,10.826032406137214,377.53327071901936,365.1521199188202,0.0
1.702,8.36625210883002,-1.1480892596550585,-0.7211615050404037,0.0,13.03101857454375,10.155317867064111,376.35189956262894,365.1521199188202,0.0
1.703,7.359400034947715,-1.0648417420047478,-0.2424737232832852,0.0,12.849100202819761,9.697555960545374,374.6091388171155,365.1521199188202,0.0
1.704,6.425326623918914,-1.0181168752684715,0.5343364604904934,0.0,12.635290217451807,9.440720204377994,373.0480197243936,365.1521199188202,0.0
1.705,5.658597923100171,-1.0388914463289853,1.235937008795693,0.0,12.419930106487929,9.332594406746168,371.99060883360613,365.1521199188202,0.0
1.706,5.089462600085015,-1.1265654850400841,1.6962575650415728,0.0,12.224729825404873,9.312302032008608,371.3613701517917,365.1521199188202,0.0
1.707,4.698366983980066,-1.2638786165239821,1.9487844036190864,0.0,12.061248039032487,9.335022777858962,370.8339883149772,365.1521199188202,0.0
1.708,4.445921032845667,-1.4237886807919595,2.155656638064751,0.0,11.932603481637006,9.383212046354025,370.18201385822067,365.1521199188202,0.0
1.709,4.2961732709439495,-1.5817776242954342,2.431344927049013,0.0,11.837421989973285,9.455922716001687,369.364629739572,365.1521199188202,0.0
1.71,4.224946204326816,-1.7221540585994055,2.7979118881658183,0.0,11.772891232779104,9.555747152060087,368.2808441248595,365.1521199188202,0.0
1.711,4.220156252348881,-1.8340369638528127,3.3085174534616737,0.0,11.73569935014502,9.691451635416005,366.8492340179249,365.1521199188202,0.0
1.712,4.280057671192026,-1.9141484938087805,4.007351365937932,0.0,11.723490543352558,9.874995101299827,365.36403395125507,365.1521199188202,0.0
1.713,4.410536200407307,-1.9666379996365335,4.747832258948508,0.0,11.735829694169215,10.099674274997177,363.03138454324926,365.1521199188202,0.0
1.714,4.614157986425348,-1.9922945213396475,5.93536431670712,0.0,11.771700169603008,10.405249552659964,361.64132937272024,365.1521199188202,0.0
1.715,4.915508450091066,-2.002398858467434,6.6654998074326315,0.0,11.835396037126724,10.72118160035902,360.34992709781227,365.1521199188202,0.0
1.716,5.29060494803519,-1.9915887352122075,7.3592228730966935,0.0,11.923025365738619,11.04265110221914,358.84385407702723,365.1521199188202,0.0
1.717,5.724536506450603,-1.9538475755915066,8.175342041907141,0.0,12.029995285349617,11.379590958220696,357.14837434874676,365.1521199188202,0.0
1.718,6.214134520242363,-1.890372882011727,9.103119361748114,0.0,12.1533573939021,11.73791166814465,355.36759094376885,365.1521199188202,0.0
1.719,6.7614388038086135,-1.8060563139292105,10.0,0.0,12.291575287038452,12.106808123886394,353.4778858831379,365.1521199188202,0.0
1.72,7.362771437220331,-1.7035320211034481,10.0,0.0,12.442426529905333,12.382994370145449,350.5628922890713,365.1521199188202,0.0
1.721,7.960987578887666,-1.5614234200750308,10.0,0.0,12.59120456992656,12.586856666815995,346.1730380880291,365.1521199188202,0.0
1.722,8.531941462156665,-1.3744684273561425,10.0,0.0,12.726347072423929,12.728387772078696,340.63876889154534,365.1521199188202,0.0
1.723,9.066763762124872,-1.145645423646945,10.0,0.0,12.83882745471701,12.81615910290105,332.9056109925254,365.1521199188202,0.0
1.724,9.561320929076334,-0.8887723837568959,10.0,0.0,12.922869127512202,12.857348273505496,346.5544971591117,365.1521199188202,0.0
1.725,9.920338525306148,-0.7771132542926309,10.0,0.0,12.99291177624615,12.868276330413256,353.9403991693335,365.1521199188202,0.0
1.726,10.09569258303279,-0.8829544400761357,10.0,0.0,13.069802087528311,12.869417076115997,366.7233400148992,365.1521199188202,0.0
1.727,10.16787712426954,-1.0788474487042001,5.004397952546957,0.0,13.159607261343782,12.322429794198076,375.79426933412935,365.1521199188202,0.0
1.728,9.851297677271704,-1.2130264125212227,0.3625117987787778,0.0,13.1985339455195,11.41401588599565,378.02878370496796,365.1521199188202,0.0
1.729,9.088152212944943,-1.2036567584953817,-0.8835120245020054,0.0,13.140354118876397,10.590472484613802,377.2817276192765,365.1521199188202,0.0
1.73,8.092495070993525,-1.1152672733478721,-0.6312800586608489,0.0,12.996008787933452,9.98556202615255,375.694374377771,365.1521199188202,0.0
1.731,7.077888070544206,-1.029661708537496,0.05697401750240516,0.0,12.79707422696101,9.601543907792585,373.94504134453126,365.1521199188202,0.0
1.732,6.183074767603656,-0.9997751084203754,0.8437113198651627,0.0,12.577199839885031,9.403976100988613,372.63860013331595,365.1521199188202,0.0
1.733,5.4771765656832265,-1.0447423428089715,1.4220671233278637,0.0,12.364801372620178,9.328630070696548,371.7843589258413,365.1521199188202,0.0
1.734,4.967019153483645,-1.1528957652497671,1.7828653369949876,0.0,12.177555353177198,9.322541375498709,371.2523909279764,365.1521199188202,0.0
1.735,4.622211866771223,-1.3024916758811913,1.9878466258358527,0.0,12.023799082103782,9.350104134928554,370.7201166681068,365.1521199188202,0.0
1.736,4.402163008852208,-1.4659606174928237,2.1983037882777907,0.0,11.904660338551658,9.401392767792244,370.0097808638883,365.1521199188202,0.0
1.737,4.274654439809614,-1.6211490676325362,2.504895080936368,0.0,11.818000372740368,9.479084587597875,369.2742375711246,365.1521199188202,0.0
1.738,4.220098728960747,-1.755462584857246,2.8314455507951637,0.0,11.760998187884088,9.577921910102638,367.94632006267494,365.1521199188202,0.0
1.739,4.226642568971448,-1.856059866297286,3.467462303581452,0.0,11.72930251955007,9.72660624046954,366.3769142573892,365.1521199188202,0.0
1.74,4.301578533691553,-1.9272130316131726,4.239917262838625,0.0,11.722465726456496,9.927684931237675,364.864840783454,365.1521199188202,0.0
1.741,4.451850092455665,-1.9747011416160551,4.998826791159902,0.0,11.740932642196247,10.16794706032555,362.63741079354855,365.1521199188202,0.0
1.742,4.679241326848459,-1.9948392801971215,6.137688877365334,0.0,11.783319393414699,10.480205082082435,361.2641947635367,365.1521199188202,0.0
1.743,5.000366823641594,-2.000333288043266,6.8631761439240995,0.0,11.853096231164264,10.800841062941569,359.9427691644246,365.1521199188202,0.0
1.744,5.392732435929184,-1.9839874780002817,7.575982451024107,0.0,11.946106004041587,11.127595988221449,358.41034689690633,365.1521199188202,0.0
1.745,5.8428770061261455,-1.9407622440247112,8.409611315002374,0.0,12.057898974522292,11.469955263628902,356.705600235308,365.1521199188202,0.0
1.746,6.348274335701436,-1.8724461927761293,9.346449842636662,0.0,12.18566606219808,11.832881597392355,354.9233316148003,365.1521199188202,0.0
1.747,6.910854036311875,-1.7840190045428241,10.0,0.0,12.32790524428946,12.177984344809271,352.7944703188751,365.1521199188202,0.0
1.748,7.5121281640944435,-1.6712852031859313,10.0,0.0,12.478914336646461,12.435750877070017,349.5224431930051,365.1521199188202,0.0
1.749,8.103679593774102,-1.5174041903636795,10.0,0.0,12.624799599596965,12.623783749353457,344.77536044628994,365.1521199188202,0.0
1.75,8.665516281655789,-1.319301710523781,10.0,0.0,12.754647160826593,12.751715339333414,338.85555312340676,365.1521199188202,0.0
1.7510000000000001,9.189980004777066,-1.0830596775538361,10.0,0.0,12.860297526102954,12.82776588377381,330.6932360338571,365.1521199188202,0.0
1.752,9.676346089388653,-0.8192267847324328,10.0,0.0,12.93632871141507,12.858520778221743,342.8389254107201,365.1521199188202,0.0
1.7530000000000001,9.975851811997854,-0.785804056000361,10.0,0.0,13.006794096408452,12.865721333115197,357.41181983621186,365.1521199188202,0.0
1.754,10.127240991874793,-0.9113853350447672,9.686836898444216,0.0,13.085081166374051,12.831142677287144,371.206959242461,365.1521199188202,0.0
1.7550000000000001,10.150265391872734,-1.1305020570001378,2.7287188020832476,0.0,13.174928690384926,12.044570442253294,376.6064109584221,365.1521199188202,0.0
1.756,9.671733139848273,-1.2145290928399537,-0.08554996629332479,0.0,13.184186045214153,11.158520591288774,377.35939933940415,365.1521199188202,0.0
1.7570000000000001,8.821141464051177,-1.1719325417522801,-0.5841169509901949,0.0,13.098386788485968,10.424081542088178,376.5126631025088,365.1521199188202,0.0
1.758,7.821242710218911,-1.0843524798850097,-0.27435426437939725,0.0,12.938515711216024,9.895048983672558,375.19450269740537,365.1521199188202,0.0
1.7590000000000001,6.847991296227815,-1.0194042694619996,0.2843021103864576,0.0,12.735459983303643,9.558345815730338,373.6081243388181,365.1521199188202,0.0
1.76,6.007860149366644,-1.0135085909368082,0.9929312454801265,0.0,12.51904046885474,9.390051944918563,372.4499362665609,365.1521199188202,0.0
1.7610000000000001,5.355053368676072,-1.0768261772094567,1.4990471181313136,0.0,12.314457410044795,9.328939398791121,371.7158431704677,365.1521199188202,0.0
1.762,4.886504435844614,-1.196645140784968,1.8004564336614397,0.0,12.13676831263368,9.326585982181788,371.1662378433074,365.1521199188202,0.0
1.7630000000000001,4.57013756678247,-1.3490845627140091,2.0151179179967142,0.0,11.992182930079181,9.357412533882375,370.56427377113005,365.1521199188202,0.0
1.764,4.3696620074243375,-1.509175918366439,2.261978415562285,0.0,11.881224395852671,9.41459457488509,369.85286937375236,365.1521199188202,0.0
1.7650000000000001,4.257308814640824,-1.65821976265036,2.5706731197018087,0.0,11.801873828463787,9.496804466457174,368.9066639632517,365.1521199188202,0.0
1.766,4.215499123566462,-1.7830769944952498,3.006230384507835,0.0,11.750923164031096,9.611158198310779,367.63408943608465,365.1521199188202,0.0
1.7670000000000001,4.239032188744719,-1.8763417959716047,3.617697952918702,0.0,11.72551349507099,9.768880616332531,366.0246130266891,365.1521199188202,0.0
1.768,4.330494957985683,-1.9403314292298712,4.413711226537783,0.0,11.724523246452712,9.979911036105367,364.2625134173251,365.1521199188202,0.0
1.7690000000000001,4.497625110592918,-1.9817701112640518,5.303657096234726,0.0,11.748653423364724,10.24220361287518,362.29108628763436,365.1521199188202,0.0
1.77,4.750088657124632,-1.9979519223532523,6.3179809973919685,0.0,11.79796545266199,10.55725643149712,360.93500153727,365.1521199188202,0.0
1.7710000000000001,5.090016391220228,-1.9983956968765484,7.038194556389643,0.0,11.873738557978388,10.87994800837957,359.5690450639148,365.1521199188202,0.0
1.772,5.497586795981973,-1.9756409186825499,7.777003541616295,0.0,11.971696047104821,11.210581123707536,357.99817863674076,365.1521199188202,0.0
1.7730000000000001,5.9618715917442175,-1.926185259718721,8.633976168024116,0.0,12.087708524147327,11.557829951981706,356.2747408152116,365.1521199188202,0.0
1.774,6.481497547530518,-1.852634659470656,9.584468869824782,0.0,12.219248626875348,11.92542360888784,354.48483121376,365.1521199188202,0.0
1.7750000000000001,7.058440513289919,-1.7601008058393615,10.0,0.0,12.364950867124222,12.247347941001756,352.1141550908807,365.1521199188202,0.0
1.776,7.659399372369592,-1.6376371178059714,10.0,0.0,12.515729649412236,12.487158707786246,348.48086541263086,365.1521199188202,0.0
1.7770000000000001,8.24439243098349,-1.4725941469264896,10.0,0.0,12.658481540233495,12.659726628264359,343.4139780524701,365.1521199188202,0.0
1.778,8.797393206739793,-1.2638931995022138,10.0,0.0,12.782908359512557,12.774332791029728,336.86228700928285,365.1521199188202,0.0
1.7790000000000001,9.311677645528142,-1.0208743311005892,10.0,0.0,12.881708047090317,12.838879738937312,328.9300704099312,365.1521199188202,0.0
1.78,9.790914938747857,-0.7490067398227387,10.0,0.0,12.949607214344512,12.85927870294563,349.4014119139269,365.1521199188202,0.0
1.7810000000000001,10.033557337376857,-0.7860353831727913,10.0,0.0,13.019548187955401,12.862529396361541,363.1314629278435,365.1521199188202,0.0
1.782,10.141317405732599,-0.9643033937016599,6.789364248238817,0.0,13.102059328271473,12.50985200157038,371.07415490776293,365.1521199188202,0.0
1.7830000000000001,9.969684465994241,-1.1233127065522943,2.7587979083896608,0.0,13.156759959385102,11.809394744478924,375.3878682761615,365.1521199188202,0.0
1.784,9.419859492006617,-1.1804998383668321,0.49958374061696453,0.0,13.14064529304931,11.035009798892721,376.8820157825575,365.1521199188202,0.0
1.7850000000000001,8.585184749411866,-1.1524520029046648,-0.36478897121841847,0.0,13.045046465569499,10.350278996552948,376.48060241594175,365.1521199188202,0.0
1.786,7.6239106714622515,-1.0883112795307794,-0.2773671128817483,0.0,12.88375943938718,9.840114924383066,375.17378913177333,365.1521199188202,0.0
1.7870000000000001,6.687106676714077,-1.0414555017045002,0.2758228370729263,0.0,12.683071980278957,9.518250931366389,373.5518251280318,365.1521199188202,0.0
1.788,5.879499085699191,-1.046977290391435,1.0028077868515801,0.0,12.471342822313712,9.36240983178082,372.345249862872,365.1521199188202,0.0
1.7890000000000001,5.254664877777627,-1.1161309939394306,1.534164119990968,0.0,12.272754159689848,9.312814960466056,371.563827781291,365.1521199188202,0.0
1.79,4.810173802028661,-1.2376471242209948,1.860758082156738,0.0,12.101740113492381,9.321578158780389,370.97501732703483,365.1521199188202,0.0
1.7910000000000001,4.514995818842291,-1.3887409680063736,2.096934335202687,0.0,11.964108953259673,9.36310174824995,370.343450113741,365.1521199188202,0.0
1.792,4.333729647244993,-1.5452319906276293,2.3608046399003815,0.0,11.860096342047674,9.430361332779414,369.5576712282971,365.1521199188202,0.0
1.793,4.239284463982952,-1.6888684377064145,2.7096385695275638,0.0,11.78744604936228,9.524803035389592,368.50014016547715,365.1521199188202,0.0
1.794,4.216079781799693,-1.8076928006952837,3.204923898470982,0.0,11.743139271664429,9.655136648565257,367.4437752130699,365.1521199188202,0.0
1.795,4.259973473912778,-1.8973547505580546,3.7101898217321096,0.0,11.724971103908944,9.81357226796859,365.73921325258146,365.1521199188202,0.0
1.796,4.366184907828936,-1.95352756970175,4.556599868638714,0.0,11.729745705476521,10.031155633773507,363.6039136478026,365.1521199188202,0.0
1.797,4.547728969977957,-1.9867705019126305,5.639731733738329,0.0,11.758896177819594,10.319230795349352,361.95463673143297,365.1521199188202,0.0
1.798,4.824876013580592,-2.000144663222571,6.4963450237970095,0.0,11.815077847507922,10.636138897082578,360.66013002598095,365.1521199188202,0.0
1.799,5.183079328147682,-1.9958520782508464,7.188518275451413,0.0,11.896726234440754,10.957916386226357,359.23896190692204,365.1521199188202,0.0
1.8,5.603956054247334,-1.9662425603605342,7.9582339150998465,0.0,11.999173410476468,11.290713546268536,357.60724024863146,365.1521199188202,0.0
1.801,6.080291714167616,-1.9099905294870225,8.849543540947028,0.0,12.118763956695641,11.642634455026542,355.85022595279884,365.1521199188202,0.0
1.802,6.6127459145640595,-1.8310015058287024,9.82106962852355,0.0,12.253461266875014,12.0154704954612,354.04814054009813,365.1521199188202,0.0
1.803,7.203519024962121,-1.734606087392166,10.0,0.0,12.402158844288483,12.314799242717154,351.4353119324132,365.1521199188202,0.0
1.804,7.804107369460858,-1.6030221351723675,10.0,0.0,12.552409258126392,12.537118582483217,347.44170951722066,365.1521199188202,0.0
1.805,8.38275712809698,-1.4274706121272416,10.0,0.0,12.691871736544346,12.694585439651473,342.11949500143373,365.1521199188202,0.0
1.806,8.927230312597489,-1.2087369627917588,10.0,0.0,12.810829466640882,12.796146306236002,334.976193353094,365.1521199188202,0.0
1.807,9.431959628292852,-0.958809652737906,10.0,0.0,12.902742842773643,12.84937136629025,342.86030966679647,365.1521199188202,0.0
1.808,9.877183636337566,-0.7241631458022757,10.0,0.0,12.96747554463618,12.862537910224386,354.5891307875514,365.1521199188202,0.0
1.809,10.061841227066862,-0.83525872742077,10.0,0.0,13.041618609753257,12.865000975051588,364.4791125124661,365.1521199188202,0.0
1.81,10.1520008498716,-1.024119377712886,6.125966153849653,0.0,13.128257390557303,12.440417334230013,372.8540540822994,365.1521199188202,0.0
1.811,9.925975387841975,-1.1709586487672534,1.861476027298206,0.0,13.178037642511839,11.662366757163147,376.9105053620815,365.1521199188202,0.0
1.812,9.293278435865998,-1.2045544688859409,-0.2843334670254558,0.0,13.147261959066752,10.841041529985395,377.47247741411064,365.1521199188202,0.0
1.813,8.379345839058958,-1.1482464034346191,-0.688523067992934,0.0,13.030901475847566,10.169974112146734,376.36626476464613,365.1521199188202,0.0
1.814,7.377160299483026,-1.067133477990645,-0.2475581917189391,0.0,12.850710958022107,9.70802650355512,374.65266116153424,365.1521199188202,0.0
1.815,6.443452690241624,-1.0208817539464354,0.5142381974098669,0.0,12.638068170729609,9.446328539702346,373.08843219903684,365.1521199188202,0.0
1.816,5.67409670879124,-1.0405902683788977,1.2169895558563981,0.0,12.423150319609098,9.334512860910554,372.0193443557932,365.1521199188202,0.0
1.817,5.1009787944118585,-1.1267918872777658,1.6828612331085004,0.0,12.227827778656009,9.311954746566393,371.3769345708681,365.1521199188202,0.0
1.818,4.705932139135211,-1.262765895340422,1.9418179790505539,0.0,12.063876805061716,9.333670667779073,370.8427425847123,365.1521199188202,0.0
1.819,4.450316939689416,-1.4218414125846186,2.1520077454695343,0.0,11.934631087764352,9.381518411743995,370.19089620809945,365.1521199188202,0.0
1.82,4.298315255505927,-1.5795464445355343,2.4275431708831743,0.0,11.838851514935381,9.454027841979727,369.3744737264321,365.1521199188202,0.0
1.821,4.225519393818086,-1.7200510608090567,2.7935308736407345,0.0,11.773779299883454,9.553699192902013,368.30777574373207,365.1521199188202,0.0
1.822,4.219565028726659,-1.8324337960322705,3.2953233067416257,0.0,11.73613849614077,9.688360499383574,366.86823890123395,365.1521199188202,0.0
1.823,4.278155406851301,-1.9128771145416539,3.9979305381665453,0.0,11.72345284110431,9.871555980723823,365.3854388616919,365.1521199188202,0.0
1.824,4.407545269648175,-1.9658148422502824,4.73699736850885,0.0,11.735374016568375,10.09578764632339,363.0586115889433,365.1521199188202,0.0
1.825,4.61007700896292,-1.9920546916122839,5.921346088181934,0.0,11.770883247198729,10.400691361073378,361.66677884022425,365.1521199188202,0.0
1.826,4.91030355991856,-2.002556087983172,6.652115873327406,0.0,11.83422468134822,10.716197213368693,360.3765618732001,365.1521199188202,0.0
1.827,5.284317614738894,-1.9921314000210109,7.344979937295682,0.0,11.921530827672745,11.037254692513802,358.87183136464813,365.1521199188202,0.0
1.828,5.717181723340514,-1.954741839857291,8.160148077113389,0.0,12.028203502540942,11.373801981719147,357.176764608576,365.1521199188202,0.0
1.829,6.205719552346819,-1.891566215092336,9.087435008251907,0.0,12.151288215720347,11.731801170413158,355.39601222317293,365.1521199188202,0.0
1.83,6.751995310555907,-1.807500871309668,10.0,0.0,12.28924894488277,12.102213236223674,353.52156015497593,365.1521199188202,0.0
1.831,7.3532887580229644,-1.70562614227534,10.0,0.0,12.440089240954048,12.379574996812618,350.6292090525079,365.1521199188202,0.0
1.832,7.951897502271938,-1.5642703140268002,10.0,0.0,12.589051289660102,12.584450583557079,346.2630249964947,365.1521199188202,0.0
1.833,8.523409863404039,-1.3780281344050374,10.0,0.0,12.724531610694084,12.726854544215653,340.7429119692469,365.1521199188202,0.0
1.834,9.058842902022894,-1.149735790732206,10.0,0.0,12.837454559682735,12.815383630275019,333.04293862145664,365.1521199188202,0.0
1.835,9.553954338588245,-0.8932385156992568,10.0,0.0,12.92200634556156,12.857244174991312,346.605511888198,365.1521199188202,0.0
1.836,9.91812246573829,-0.7741295344096653,10.0,0.0,12.991751992132603,12.868266464203002,354.02519314810297,365.1521199188202,0.0
1.837,10.093812820197604,-0.8805474079786961,10.0,0.0,13.068522358873205,12.869476831431612,366.5062595067886,365.1521199188202,0.0
1.838,10.167147587615279,-1.075803103522719,5.113956236211746,0.0,13.158150673436754,12.334468463723358,375.63715957285035,365.1521199188202,0.0
1.839,9.8586805958709,-1.2115362777326926,0.44365580664055937,0.0,13.198293411980789,11.431715871393395,378.01560066373406,365.1521199188202,0.0
1.84,9.103647490304246,-1.205003614717932,-0.8741995462504342,0.0,13.142070692763696,10.604960699323424,377.3309015862948,365.1521199188202,0.0
1.841,8.11118455288376,-1.117812799761401,-0.6536378242055347,0.0,12.999269065246242,9.994319707553174,375.74377839894663,365.1521199188202,0.0
1.842,7.095218481984049,-1.0315728149036034,0.03400718466727071,0.0,12.801069011118724,9.605729624388527,373.9825453462555,365.1521199188202,0.0
1.843,6.196840626179454,-1.0001016371660403,0.8263194567384806,0.0,12.581230524384928,9.405118347396206,372.65769604157134,365.1521199188202,0.0
1.844,5.4868318852973275,-1.0434360245389422,1.4136883478530518,0.0,12.368396253013682,9.328388987670618,371.7928181760829,365.1521199188202,0.0
1.845,4.973209474868185,-1.150453698742835,1.7797202980246425,0.0,12.180511073095698,9.321837340126578,371.25789215894224,365.1521199188202,0.0
1.846,4.6259282836232405,-1.2995319838317674,1.9861255841937533,0.0,12.02608768103285,9.34926130825468,370.7280305721858,365.1521199188202,0.0
1.847,4.40424528362942,-1.4630140175448856,2.1952972710383243,0.0,11.906341265846649,9.400357691141771,370.0218061520733,365.1521199188202,0.0
1.848,4.2756186667856815,-1.6185458519279916,2.4997126187620458,0.0,11.819152811912797,9.477695863455569,369.28916340009494,365.1521199188202,0.0
1.849,4.2201591901293,-1.7533830071309957,2.8246635599384717,0.0,11.7616937893322,9.576096099460534,367.95316714832114,365.1521199188202,0.0
1.85,4.225875581399689,-1.8545545377729868,3.4646512135303578,0.0,11.729601189428754,9.724876144283986,366.40631920141686,365.1521199188202,0.0
1.851,4.300240235926938,-1.9264998787437617,4.22553319415653,0.0,11.72249812619836,9.92474311788241,364.90688108927395,365.1521199188202,0.0
1.852,4.4494417415010314,-1.9744157435074225,4.9777046385234485,0.0,11.740643358365144,10.163374607804176,362.66354526752735,365.1521199188202,0.0
1.853,4.675102879051847,-1.9947746044156718,6.124258295909676,0.0,11.782597532359695,10.475225949744406,361.2876646658822,365.1521199188202,0.0
1.854,4.994833556322449,-2.0004799181482698,6.850843149261645,0.0,11.851965419050321,10.795632609060672,359.9677468111485,365.1521199188202,0.0
1.855,5.386050535955096,-1.984448763339362,7.5626458077051915,0.0,11.944616702837205,11.122131274022756,358.4370934093955,365.1521199188202,0.0
1.856,5.835176632060691,-1.941567921148558,8.395122773675938,0.0,12.056096143648704,11.464207939764378,356.73328429683,365.1521199188202,0.0
1.857,6.339612809712822,-1.8735720005390881,9.331215686178602,0.0,12.183584564108088,11.826873615147894,354.9514414050619,365.1521199188202,0.0
1.858,6.901268216478978,-1.7854202226001055,10.0,0.0,12.32557397369269,12.173489177466564,352.83798489200586,365.1521199188202,0.0
1.859,7.5025792679305185,-1.6733388745463933,10.0,0.0,12.476578568044182,12.432426619781612,349.58891046228774,365.1521199188202,0.0
1.86,8.094577287309672,-1.5202051814747315,10.0,0.0,12.62265255443468,12.621464105683106,344.8637311660095,365.1521199188202,0.0
1.861,8.657008173682382,-1.3228094886143955,10.0,0.0,12.752840701492357,12.7502578243263,338.97908755274426,365.1521199188202,0.0
1.862,9.182158732183199,-1.0870055096719398,10.0,0.0,12.858924924953522,12.827048733239577,330.83560316198793,365.1521199188202,0.0
1.863,9.669020779840443,-0.8236634759724635,10.0,0.0,12.93547023304238,12.858465653950352,342.2616518057344,365.1521199188202,0.0
1.864,9.971359090294238,-0.7869838610154121,10.0,0.0,13.006101365085147,12.866006819725596,357.0066851084165,365.1521199188202,0.0
1.865,10.126307406794428,-0.9079913719972774,9.892224990621742,0.0,13.084101122858737,12.853980799385498,371.28606679683907,365.1521199188202,0.0
1.866,10.163081168249054,-1.1312972541166246,2.691194677630264,0.0,13.17645187474427,12.05742614192648,376.7060059831609,365.1521199188202,0.0
1.867,9.687264207443873,-1.2165115199955752,-0.13431377617404916,0.0,13.187052596120836,11.163674001916474,377.3669866651617,365.1521199188202,0.0
1.868,8.834313842751648,-1.1722999261556413,-0.5869527846378633,0.0,13.101502613377564,10.427888312160244,376.48960960478786,365.1521199188202,0.0
1.869,7.832164576168603,-1.0832290129542224,-0.2616391513106313,0.0,12.941573375419239,9.899143998533157,375.1820501805217,365.1521199188202,0.0
1.87,6.857574914508084,-1.0175687090898173,0.29184125820543994,0.0,12.738430705600969,9.562094271303266,373.60957923791005,365.1521199188202,0.0
1.871,6.016347840018673,-1.0114112928807395,0.9935021363203562,0.0,12.52187661729718,9.392872223889245,372.4604536907833,365.1521199188202,0.0
1.872,5.362305360255121,-1.0746253888117199,1.4949815721640967,0.0,12.317070857796866,9.33059550357701,371.7300983725395,365.1521199188202,0.0
1.873,4.89231988016587,-1.1943840144229982,1.794379446748815,0.0,12.139059310073295,9.327142829204034,371.18124742000884,365.1521199188202,0.0
1.874,4.5744309839408634,-1.3468189327663216,2.00851364800225,0.0,11.994073904446433,9.35706297467188,370.5792601386748,365.1521199188202,0.0
1.875,4.372482351541707,-1.5070093355024596,2.255235886470734,0.0,11.882675649046588,9.413526129850917,369.82309685338043,365.1521199188202,0.0
1.8760000000000001,4.258893817620819,-1.6560812455945586,2.5866077597723063,0.0,11.802859540787395,9.497662080057856,368.92981952495126,365.1521199188202,0.0
1.877,4.217126462824884,-1.7820986187320698,2.9954694279255847,0.0,11.751809830319026,9.610522412870372,367.85135680220407,365.1521199188202,0.0
1.8780000000000001,4.239666637318946,-1.8762542921834808,3.50770842046534,0.0,11.726248074527017,9.75635232111033,366.0066766118731,365.1521199188202,0.0
1.879,4.324441396344782,-1.937324549159224,4.421502948700292,0.0,11.72360165667103,9.971338249379643,364.2548805141751,365.1521199188202,0.0
1.8800000000000001,4.48942506385234,-1.9783480032670762,5.306373391595738,0.0,11.746620350809676,10.235458290637002,362.2592259889706,365.1521199188202,0.0
1.881,4.7413586491624535,-1.9954807919917046,6.333129593496476,0.0,11.795223551878827,10.553499817253575,360.9289484319649,365.1521199188202,0.0
1.8820000000000001,5.082543452050676,-1.9976923588501565,7.040500086867894,0.0,11.8708425299699,10.877129711102658,359.5882985327408,365.1521199188202,0.0
1.883,5.491302518814374,-1.9766207286540158,7.76646325034074,0.0,11.96892260464662,11.20718910710911,358.0303339386061,365.1521199188202,0.0
1.8840000000000001,5.9558580396701375,-1.9282656709895991,8.61666340721024,0.0,12.085092271415178,11.553299439977009,356.3091732655076,365.1521199188202,0.0
1.885,6.474820339079762,-1.8552092143572816,9.565673210292612,0.0,12.216703345140767,11.919864485278838,354.5166832802738,365.1521199188202,0.0
1.8860000000000001,7.050538615523635,-1.7627688761631386,10.0,0.0,12.36237194338895,12.2430805948453,352.16038967977966,365.1521199188202,0.0
1.887,7.651155007159741,-1.640696399732746,10.0,0.0,12.513291723743555,12.483888065067331,348.55047166008086,365.1521199188202,0.0
1.8880000000000001,8.236197523673424,-1.4761312453041753,10.0,0.0,12.656318830862062,12.657358253402473,343.5029391546136,365.1521199188202,0.0
1.889,8.789435202369775,-1.2679049042583523,10.0,0.0,12.78113100013148,12.772778414124492,336.9925225056086,365.1521199188202,0.0
1.8900000000000001,9.30409551037373,-1.0251834762987002,10.0,0.0,12.880386874881054,12.838057518607782,328.8598475902883,365.1521199188202,0.0
1.891,9.783934738935459,-0.7531578436553853,10.0,0.0,12.94874946729283,12.859098588055941,348.9529212213571,365.1521199188202,0.0
1.8920000000000001,10.031279071296439,-0.7836577111665006,10.0,0.0,13.018455149160904,12.862462325526376,362.9948208731679,365.1521199188202,0.0
1.893,10.140563905089682,-0.9604127648239612,6.857645690705517,0.0,13.100664693816421,12.517253395020534,370.9919386224153,365.1521199188202,0.0
1.8940000000000001,9.973952128257041,-1.1208081325208354,2.8006886290458546,0.0,13.156008330865884,11.819364722130738,375.31678451777583,365.1521199188202,0.0
1.895,9.429038547644227,-1.1793606383398183,0.5366190353760434,0.0,13.14086555888454,11.046595571646867,376.84999843748426,365.1521199188202,0.0
1.8960000000000001,8.598447202232494,-1.1526025853210506,-0.34696670966481236,0.0,13.046431238162693,10.360951235184606,376.4834511817285,365.1521199188202,0.0
1.897,7.639161264838751,-1.0891832807009882,-0.2770063944160288,0.0,12.886167372888783,9.848174932083364,375.20184625609113,365.1521199188202,0.0
1.8980000000000001,6.702042296562131,-1.0421988511217442,0.26329880502995895,0.0,12.68611816962462,9.522874068687917,373.57953003894534,365.1521199188202,0.0
1.899,5.892145406419413,-1.0469358351061204,0.9901828124016046,0.0,12.474534712881404,9.364370028354948,372.3643039076073,365.1521199188202,0.0
1.9000000000000001,5.2642512386959694,-1.115081395509231,1.5256740381827623,0.0,12.275707839583713,9.31316263069132,371.5758259730082,365.1521199188202,0.0
1.901,4.816830155674064,-1.2357929742421456,1.8556759449404243,0.0,12.104239731906016,9.321075960404992,370.98453893611685,365.1521199188202,0.0
1.9020000000000001,4.519270176989082,-1.386465689782708,2.0929952732131296,0.0,11.96607665088959,9.362113640247072,370.3537183898663,365.1521199188202,0.0
1.903,4.336190627627664,-1.542925785659813,2.3563895616279495,0.0,11.861537529350091,9.42899457308912,369.5736210155152,365.1521199188202,0.0
1.9040000000000001,4.240398284008475,-1.6867575875377412,2.7022232378365496,0.0,11.788397310496546,9.522847624296302,368.52189888748563,365.1521199188202,0.0
1.905,4.215924085749011,-1.806029141517039,3.1943865121646713,0.0,11.74363797156802,9.652415210283765,367.4770040912519,365.1521199188202,0.0
1.9060000000000001,4.258617048704783,-1.896015643460482,3.693585068557221,0.0,11.725017124805078,9.8095993443318,365.75891785129284,365.1521199188202,0.0
1.907,4.363292079931911,-1.9524595911041145,4.546560209212027,0.0,11.729285745344598,10.026950936401418,363.6498264938684,365.1521199188202,0.0
1.9080000000000001,4.543593383531017,-1.986233294281538,5.616128822173775,0.0,11.758013330910211,10.313330634253639,361.9693511009104,365.1521199188202,0.0
1.909,4.81899482898599,-1.9997210347901921,6.488194206831866,0.0,11.813652042128657,10.630685481095913,360.67174725556004,365.1521199188202,0.0
1.9100000000000001,5.17622445019055,-1.9958768974971235,7.1817998561396434,0.0,11.894904634402167,10.952903438075133,359.2590682162851,365.1521199188202,0.0
1.911,5.596569651430306,-1.9669301776501764,7.947069892802476,0.0,11.997108065336008,11.285602830199283,357.6348588880203,365.1521199188202,0.0
1.9120000000000001,6.0723442444043165,-1.911278973858992,8.834347167242866,0.0,12.116528927170323,11.637068672811473,355.8811044476332,365.1521199188202,0.0
1.913,6.604007114467928,-1.832701195995862,9.80393454214827,0.0,12.251067243555395,12.009386686063811,354.0792686207611,365.1521199188202,0.0
1.9140000000000001,7.193793059783719,-1.7365381944000315,10.0,0.0,12.399591377230276,12.310238230959953,351.48277051814597,365.1521199188202,0.0
1.915,7.7943610890931305,-1.6055341175989102,10.0,0.0,12.549899433595128,12.533731756384583,347.5138239644004,365.1521199188202,0.0
1.9160000000000001,8.373395962193495,-1.4306581530888596,10.0,0.0,12.689599721537856,12.69221857915528,342.20661372636044,365.1521199188202,0.0
1.917,8.918409976480646,-1.2125727985342984,10.0,0.0,12.808938033607486,12.794665555602604,335.101612420241,365.1521199188202,0.0
1.9180000000000001,9.423758251584117,-0.9630917651615336,10.0,0.0,12.901325151989418,12.848663495493641,341.55817394457705,365.1521199188202,0.0
1.919,9.873446359470684,-0.7222526099243947,10.0,0.0,12.965875855779913,12.862088144117287,354.52299414942905,365.1521199188202,0.0
1.92,10.060322680744328,-0.8309969839759632,10.0,0.0,13.039684226751762,12.864565883996375,364.46253375986896,365.1521199188202,0.0
1.921,10.151074051923999,-1.0202099089093268,6.132748558118157,0.0,13.126085512616493,12.44066514076072,372.66653946821486,365.1521199188202,0.0
1.922,9.926564738918835,-1.1667382571367493,1.9556015084512595,0.0,13.17568258462686,11.672584477532919,376.7618310273416,365.1521199188202,0.0
1.923,9.30076815948987,-1.2023089039259731,-0.20814138219732214,0.0,13.145959370777955,10.856623870961394,377.426811027709,365.1521199188202,0.0
1.924,8.394176542816284,-1.1488500444247538,-0.6633782934699068,0.0,13.031376236643762,10.184315484368442,376.38549207309245,365.1521199188202,0.0
1.925,7.395801397494411,-1.0694465948250864,-0.25505253770435754,0.0,12.852820786402743,9.718003175086976,374.72797072865757,365.1521199188202,0.0
1.926,6.462057682987266,-1.0229067653307775,0.47794962641471006,0.0,12.641164303509301,9.449741589347553,373.127916379463,365.1521199188202,0.0
1.927,5.688585483614172,-1.041222743397244,1.1982188364055713,0.0,12.426327466213516,9.33478461013651,372.02861525168146,365.1521199188202,0.0
1.928,5.110966490053652,-1.1258035106484785,1.6791044469677239,0.0,12.230599339343174,9.311337737476844,371.37562169515184,365.1521199188202,0.0
1.929,4.712454790638228,-1.2607513415580969,1.943366207469218,0.0,12.066097791621447,9.332982773945744,370.8444071729242,365.1521199188202,0.0
1.93,4.454525149831594,-1.4195014009834037,2.152050596041992,0.0,11.936323930546472,9.380712960628149,370.2006671615755,365.1521199188202,0.0
1.931,4.300945115914394,-1.5773514327627607,2.4234351292887943,0.0,11.84007647714871,9.452772704629064,369.3886810217571,365.1521199188202,0.0
1.932,4.2268653829208915,-1.7182100382024774,2.7870625881686113,0.0,11.774575689771389,9.55189987432453,368.3388927548297,365.1521199188202,0.0
1.933,4.219693672032636,-1.8311358514825848,3.28008899327222,0.0,11.73655095150776,9.685208969153095,366.88981289008194,365.1521199188202,0.0
1.934,4.276746133140116,-1.9118556843684031,3.987251995933489,0.0,11.723409520037997,9.867894859083437,365.4089473000582,365.1521199188202,0.0
1.935,4.404789720349677,-1.9651684113408276,4.725116517132993,0.0,11.734908022346344,10.091577214197125,363.0880881941383,365.1521199188202,0.0
1.936,4.60598492939202,-1.9919370598718058,5.906186387339737,0.0,11.770036334003915,10.395729187418459,361.6930898657505,365.1521199188202,0.0
1.937,4.904877323831112,-2.002780286069586,6.638275852064348,0.0,11.832992080214304,10.710831725603184,360.4041011538363,365.1521199188202,0.0
1.938,5.277672995779704,-1.9927257926178292,7.330250395671294,0.0,11.919948079080458,11.031497289770035,358.9012384164217,365.1521199188202,0.0
1.939,5.709380608567527,-1.9556983065172497,8.14419057940258,0.0,12.026302555940134,11.367645691494019,357.20698392702695,365.1521199188202,0.0
1.94,6.196785686958148,-1.8928394538519964,9.070769184017873,0.0,12.149092226354071,11.72530146290685,355.4264153931385,365.1521199188202,0.0
1.941,6.741962561034163,-1.8090410018082275,10.0,0.0,12.286779265669733,12.097324822567217,353.56821693284724,365.1521199188202,0.0
1.942,7.3432099383162885,-1.7078577100243955,10.0,0.0,12.43760775944408,12.375936799273017,350.69991195017167,365.1521199188202,0.0
1.943,7.9422328659469414,-1.5673031979938794,10.0,0.0,12.586765438106056,12.581890379419123,346.35897436422835,365.1521199188202,0.0
1.944,8.514336819342798,-1.3818194931313337,10.0,0.0,12.722605044501869,12.725223163819578,340.8530842324103,365.1521199188202,0.0
1.945,9.050412898299328,-1.1540996460861832,10.0,0.0,12.835999622571808,12.81455930126831,333.1886812063089,365.1521199188202,0.0
1.946,9.54611719192285,-0.89799478527098,10.0,0.0,12.9210940203604,12.857134571270135,346.70455171615095,365.1521199188202,0.0
1.947,9.915852857486055,-0.7707822070860244,10.0,0.0,12.990504170378127,12.868247873774928,354.0377605778067,365.1521199188202,0.0
1.948,10.091661963820767,-0.8782119773994337,10.0,0.0,13.067174036160882,12.86954921598982,366.2673211627046,365.1521199188202,0.0
1.949,10.166466749781543,-1.0723893938821494,5.234605549182867,0.0,13.15659226769682,12.347723585579278,375.49008400466573,365.1521199188202,0.0
1.95,9.86678750739728,-1.2100252404600491,0.5198444873438479,0.0,13.198084281996845,11.449765333591143,378.0042786694426,365.1521199188202,0.0
1.951,9.119837504074635,-1.2063258068412028,-0.8657744325508157,0.0,13.143847973504208,10.61964934560345,377.3759835087388,365.1521199188202,0.0
1.952,8.130488638738647,-1.1202611269112515,-0.6738654880980874,0.0,13.002593576605955,10.003446373807735,375.7885525334553,365.1521199188202,0.0
1.953,7.113202421943537,-1.033393668436878,0.013485673397309661,0.0,12.805149548585078,9.61043579301584,374.0193392803753,365.1521199188202,0.0
1.954,6.211368437908447,-1.0003867734448435,0.8094201063217641,0.0,12.585386781422718,9.406690019583692,372.6780366900778,365.1521199188202,0.0
1.955,5.497257884006977,-1.0421163723122997,1.4048122337579176,0.0,12.372146038458718,9.328410157556064,371.8031405798195,365.1521199188202,0.0
1.956,4.980074761548183,-1.1479887332823113,1.7757500822770762,0.0,12.183630047306385,9.321232487429002,371.2650197956467,365.1521199188202,0.0
1.957,4.630161435144813,-1.2965154783294983,1.9836814755952137,0.0,12.028527106602066,9.348402694658994,370.73715631212366,365.1521199188202,0.0
1.958,4.406674255674491,-1.459976080427802,2.191762853423703,0.0,11.908146879471525,9.399239681201209,370.03488800943524,365.1521199188202,0.0
1.959,4.276779586873154,-1.615832346185691,2.4940693238617646,0.0,11.82039795692064,9.476181386119496,369.3046948709978,365.1521199188202,0.0
1.96,4.220294987904904,-1.7511900357673156,2.8176401435586955,0.0,11.762448880313075,9.574138112951644,367.96089738880016,365.1521199188202,0.0
1.961,4.225100748740503,-1.8529529248638699,3.461451109957725,0.0,11.729930724954285,9.72299427786514,366.43737429789087,365.1521199188202,0.0
1.962,4.2988223823115925,-1.9257249406386883,4.2103601116216645,0.0,11.722537294466981,9.92159356918599,364.95067857655226,365.1521199188202,0.0
1.963,4.446874571604571,-1.9740930920757018,4.9557223857136465,0.0,11.740335912660825,10.158545823972986,362.6913209023847,365.1521199188202,0.0
1.964,4.67071658823817,-1.994703905380308,6.1100092129617884,0.0,11.781833402463118,10.469958543420278,361.31284050044593,365.1521199188202,0.0
1.965,4.988975597226583,-2.000641254906067,6.837642208114911,0.0,11.850769415544697,10.790106430275042,359.99456322377415,365.1521199188202,0.0
1.966,5.378969973997089,-1.9849459051282248,7.548356413401261,0.0,11.943040754032776,11.116318571027584,358.46574855083156,365.1521199188202,0.0
1.967,5.827004176272497,-1.942428722946687,8.37962746355244,0.0,12.054186236205105,11.458085486534856,356.7628644716052,365.1521199188202,0.0
1.968,6.330407202203652,-1.874769644432163,9.314962057637764,0.0,12.18137653489616,11.820470362726835,354.98141047016884,365.1521199188202,0.0
1.969,6.8910704236958535,-1.7869081503582298,10.0,0.0,12.323098117774306,12.16869768478288,352.8843171105599,365.1521199188202,0.0
1.97,7.492415979804366,-1.6755209043928885,10.0,0.0,12.4740962924548,12.4288826745405,349.65963910448676,365.1521199188202,0.0
1.971,8.084886908136937,-1.5231834093264367,10.0,0.0,12.620369896645345,12.618990636234912,344.95792042827,365.1521199188202,0.0
1.972,8.647949381549871,-1.3265410583983361,10.0,0.0,12.750919652934856,12.748702999386841,339.10924493819897,365.1521199188202,0.0
1.973,9.173830288301927,-1.0912054486094722,10.0,0.0,12.857465176343108,12.826282826843922,330.98745055794535,365.1521199188202,0.0
1.974,9.661222588326517,-0.8283832130033101,10.0,0.0,12.934557040337461,12.858404879960947,342.3641368458211,365.1521199188202,0.0
1.975,9.967074727605153,-0.7874457362155125,10.0,0.0,13.00527702315348,12.866254101845298,356.62901184948447,365.1521199188202,0.0
1.976,10.124455098920308,-0.9058060824994132,10.0,0.0,13.083138942735445,12.866137080370933,371.1630410962522,365.1521199188202,0.0
1.977,10.169863304605721,-1.1295986612930216,2.7548899523479307,0.0,13.17663654841623,12.07343474884823,376.7190270459353,365.1521199188202,0.0
1.978,9.701091879888352,-1.2172024535350068,-0.13877209376478827,0.0,13.188912651735347,11.175519625225764,377.3907140934434,365.1521199188202,0.0
1.979,8.850312658532399,-1.173489679031518,-0.5970015592650713,0.0,13.104485189242508,10.43605300365553,376.5068783925665,365.1521199188202,0.0
1.98,7.847443171223114,-1.083759232446575,-0.2686312935640629,0.0,12.945120589462617,9.904601173265617,375.1988386345342,365.1521199188202,0.0
1.981,6.870778933287971,-1.0170645897485866,0.28492139829494345,0.0,12.742108160390792,9.565369530683956,373.61350904743307,365.1521199188202,0.0
1.982,6.026856681323523,-1.0099844882402782,0.9929723005593711,0.0,12.525361945229054,9.395174687120512,372.4709666689533,365.1521199188202,0.0
1.983,5.370551355434506,-1.0725174936311832,1.4910550222979353,0.0,12.320220298835228,9.331787660093983,371.74400300509103,365.1521199188202,0.0
1.984,4.89846943814664,-1.1918907283274087,1.7886180233663511,0.0,12.141759840140809,9.327342231673644,371.19603623977224,365.1521199188202,0.0
1.985,4.578692211914472,-1.3441748906481037,2.002162242816226,0.0,11.996258409982106,9.356464210067355,370.59443366164885,365.1521199188202,0.0
1.986,4.375105393525944,-1.5044374898847561,2.248540394449635,0.0,11.884325364971474,9.41228677985142,369.83435698105745,365.1521199188202,0.0
1.987,4.260153416047402,-1.6537199842746835,2.5817563641229597,0.0,11.803986329830835,9.4961326126425,368.9539082409338,365.1521199188202,0.0
1.988,4.2172919044213,-1.7802656848228398,2.9839628509636507,0.0,11.752492983599769,9.608035759000234,367.6532656544428,365.1521199188202,0.0
1.989,4.238768055072736,-1.8745479832250478,3.609272686852921,0.0,11.726444882446344,9.765570281490582,366.10036051213655,365.1521199188202,0.0
1.99,4.328578605126733,-1.939843949383024,4.376242852072886,0.0,11.724994776950647,9.973195762432434,364.3888623555555,365.1521199188202,0.0
1.991,4.492673723972652,-1.9816464711408521,5.239624505996062,0.0,11.748397547830491,10.230063607437371,362.3393063253755,365.1521199188202,0.0
1.992,4.739988550060724,-1.9972873762816945,6.292530657020501,0.0,11.79644930047076,10.545207125422024,360.9627753038353,365.1521199188202,0.0
1.993,5.076548784333437,-1.9978088214949756,7.022689613940445,0.0,11.871111179567515,10.868881413114075,359.6046220981583,365.1521199188202,0.0
1.994,5.482259215960183,-1.9758984593538917,7.7572411949855695,0.0,11.96825894523615,11.199890999156139,358.0462539697509,365.1521199188202,0.0
1.995,5.9452890072083555,-1.927544675682156,8.607483918679954,0.0,12.083693080359646,11.546819414235761,356.33089553783867,365.1521199188202,0.0
1.996,6.463636230430133,-1.8549729177564478,9.553375378445892,0.0,12.21477728794365,11.913756138015168,354.5439775870559,365.1521199188202,0.0
1.997,7.039068327670304,-1.7631577849205429,10.0,0.0,12.360072800114493,12.238663345484124,352.2052965213747,365.1521199188202,0.0
1.998,7.640293003064511,-1.6420564519965177,10.0,0.0,12.510926486521866,12.48076274388677,348.6191346329769,365.1521199188202,0.0
1.999,8.22626250186193,-1.47850265238085,10.0,0.0,12.654124839500286,12.655293172976114,343.59087368893313,365.1521199188202,0.0
2.0,8.78046578396333,-1.2711819778256634,10.0,0.0,12.779286663884882,12.77158772841118,337.1226702617815,365.1521199188202,0.0
2.001,9.296057773898845,-1.0290714266395828,10.0,0.0,12.87900280748961,12.837595924669309,329.4710929044916,365.1521199188202,0.0
2.0020000000000002,9.776231659391279,-0.7581862006766755,10.0,0.0,12.947971887015619,12.85931170815729,348.3031461460637,365.1521199188202,0.0
2.003,10.028428731384004,-0.7825098286734482,10.0,0.0,13.017600088277097,12.862812882184793,362.82796930798344,365.1521199188202,0.0
2.004,10.140117738402267,-0.9566023246378914,6.941549777893177,0.0,13.099522525091299,12.526733414451867,370.9490333468129,365.1521199188202,0.0
2.005,9.979448219949333,-1.1188952630516482,2.8230486241985266,0.0,13.15575606971666,11.82879404958831,375.2697542896217,365.1521199188202,0.0
2.0060000000000002,9.438544962846759,-1.1785314148138366,0.5615118090861095,0.0,13.141509370702826,11.056580600644981,376.8195340004396,365.1521199188202,0.0
2.007,8.61090876788968,-1.15253786185314,-0.3300521871390423,0.0,13.048010344352745,10.370338104135215,376.47956153788397,365.1521199188202,0.0
2.008,7.653091127897158,-1.0895639478120385,-0.27334037205186235,0.0,12.888569775971787,9.855607472712862,375.22282649221415,365.1521199188202,0.0
2.009,6.715711884409655,-1.0424665862086557,0.2543200850491054,0.0,12.689049230650728,9.52741492010858,373.6043378383748,365.1521199188202,0.0
2.0100000000000002,5.903900806594061,-1.0465692764660888,0.9790422327732271,0.0,12.477583754145698,9.366457826036111,372.38271403539665,365.1521199188202,0.0
2.011,5.2733100531236135,-1.1138943127639185,1.5175481930965482,0.0,12.278533842974106,9.313685199982299,371.5882090673837,365.1521199188202,0.0
2.012,4.8232333224654695,-1.2339312857268174,1.8504397856174002,0.0,12.106642476977235,9.320720393828465,370.9946422094674,365.1521199188202,0.0
2.013,4.52345817408878,-1.384251242367308,2.088797991669078,0.0,11.967978592465496,9.361227917445655,370.3644543993328,365.1521199188202,0.0
2.0140000000000002,4.338650820402828,-1.5406998129150749,2.3517685519312233,0.0,11.862937991960496,9.42769253723996,369.6406833679682,365.1521199188202,0.0
2.015,4.241379245147439,-1.685008264814702,2.668768433122046,0.0,11.789357357488914,9.518098716073938,368.529180146657,365.1521199188202,0.0
2.016,4.214295526259204,-1.8036766943148415,3.190749441499297,0.0,11.743785847073896,9.648360619012097,367.36754069013705,365.1521199188202,0.0
2.017,4.255766834477094,-1.8936972613251104,3.749414962046097,0.0,11.724513256070333,9.812439896698468,365.80246289076433,365.1521199188202,0.0
2.0180000000000002,4.363016534652639,-1.9528218679328653,4.525450432013013,0.0,11.729179352992508,10.026578480069608,363.7140536901515,365.1521199188202,0.0
2.019,4.543148650395338,-1.9876358464083144,5.584035694606114,0.0,11.758030990125807,10.309711803251476,362.02315784087165,365.1521199188202,0.0
2.02,4.816558097024256,-2.0010398489436483,6.460773240025527,0.0,11.81343709635809,10.624998517226942,360.7084222697776,365.1521199188202,0.0
2.021,5.171245502923485,-1.9967332667443543,7.162578002062976,0.0,11.89422349929742,10.946446798615387,359.28499292845555,365.1521199188202,0.0
2.0220000000000002,5.589397083637857,-1.9674678357000954,7.932963942627647,0.0,11.995899958488785,11.279103498181072,357.65705898940047,365.1521199188202,0.0
2.023,6.063601117495767,-1.911797432666732,8.821881521449386,0.0,12.11484335169435,11.630758320056843,355.9042274294322,365.1521199188202,0.0
2.024,6.594219125069817,-1.8334412574505616,9.79077622632741,0.0,12.248995412523493,12.00320530031939,354.10523048248285,365.1521199188202,0.0
2.025,7.183258052470199,-1.7376090297629512,10.0,0.0,12.397218982002505,12.305660354755506,351.52570675856845,365.1521199188202,0.0
2.0260000000000002,7.784053895056552,-1.607319207948061,10.0,0.0,12.54749214185446,12.530402869548691,347.5806268486068,365.1521199188202,0.0
2.027,8.363719930135217,-1.4332591701779158,10.0,0.0,12.68736853126397,12.689943143414958,342.2880514774868,365.1521199188202,0.0
2.028,8.909489855551008,-1.215944735652461,10.0,0.0,12.807047321699061,12.7932789973906,335.2203187097951,365.1521199188202,0.0
2.029,9.415625013705267,-0.9670101612465083,10.0,0.0,12.899882159648808,12.848031976869375,340.32035182249757,365.1521199188202,0.0
2.0300000000000002,9.869684816655273,-0.7204021722171694,10.0,0.0,12.964271278702288,12.861707915452289,354.45521914780306,365.1521199188202,0.0
2.031,10.0588983402952,-0.8267554392131613,10.0,0.0,13.037754018968563,12.864182282511372,364.4440938773375,365.1521199188202,0.0
2.032,10.15016095801729,-1.0165210766098465,6.140573301588944,0.0,13.123946609357798,12.441073797352926,372.4860294728585,365.1521199188202,0.0
2.033,9.927226664796766,-1.162784319358261,2.046266408288055,0.0,13.173400392520616,11.682551326901738,376.6207451106414,365.1521199188202,0.0
2.0340000000000003,9.308111950085493,-1.2002735563806342,-0.13577766252160917,0.0,13.14471773396702,10.871617978641934,377.3846894098129,365.1521199188202,0.0
2.035,8.408529173680723,-1.1495300719946506,-0.6400755070172854,0.0,13.031853330790113,10.198020335423731,376.40466861837297,365.1521199188202,0.0
2.036,7.4137290378235035,-1.0717239537374765,-0.26259059829285025,0.0,12.854864365444653,9.72749452179455,374.76971272844975,365.1521199188202,0.0
2.037,6.479709304148971,-1.025178232289671,0.458711418572463,0.0,12.644179747094128,9.454684935107307,373.1659938307703,365.1521199188202,0.0
2.0380000000000003,5.703303235422266,-1.0423780094046684,1.180432128292698,0.0,12.429640064607065,9.336328573377505,372.05337608721044,365.1521199188202,0.0
2.039,5.121714692239597,-1.125524817920641,1.667728438388715,0.0,12.233692865361329,9.310949945648156,371.3883269324253,365.1521199188202,0.0
2.04,4.719474550250595,-1.2592656239927915,1.937890945645239,0.0,12.068682543850013,9.33178990365139,370.8522111032998,365.1521199188202,0.0
2.041,4.4586492762946195,-1.4173364011614735,2.1489479483631886,0.0,11.938307627717986,9.379227857644853,370.2100764123908,365.1521199188202,0.0
2.0420000000000003,4.303029571076061,-1.5750278053500302,2.419435728881991,0.0,11.84147934528756,9.451037525290134,369.3995929142326,365.1521199188202,0.0
2.043,4.2274976554716535,-1.7160870379952993,2.7822027480069638,0.0,11.775454459413801,9.5499352058907,368.3659726261615,365.1521199188202,0.0
2.044,4.219198568463762,-1.8295365192703292,3.2668743649690812,0.0,11.736990680801272,9.682184417933243,366.90885767259743,365.1521199188202,0.0
2.045,4.274951843452441,-1.9106022908628688,3.9778644642133525,0.0,11.723380941316682,9.864508674538694,365.43112958332654,365.1521199188202,0.0
2.0460000000000003,4.401901636024247,-1.9643744020925873,4.7139384122037375,0.0,11.73446887596044,10.087690820388627,363.1171057717011,365.1521199188202,0.0
2.047,4.601971948320455,-1.9917215242857782,5.891300459487637,0.0,11.769236694053768,10.391074394412403,361.71837680820886,365.1521199188202,0.0
2.048,4.899668554237715,-2.002927847454907,6.62500237233988,0.0,11.831825312066815,10.705784059256107,360.4302044992384,365.1521199188202,0.0
2.049,5.271353384805461,-1.99324773518433,7.316307681020921,0.0,11.918449159181472,11.02607981893986,358.9290412915445,365.1521199188202,0.0
2.05,5.70199710165906,-1.9565800860778628,8.129120071140644,0.0,12.024503557274032,11.361850736644842,357.2355777055688,365.1521199188202,0.0
2.051,6.188351447007738,-1.8940329034611967,9.055017286260998,0.0,12.147016093731066,11.7191780313308,355.45520052674067,365.1521199188202,0.0
2.052,6.732501044885471,-1.8104940751639607,10.0,0.0,12.284446306724465,12.09272006424089,353.61235603327725,365.1521199188202,0.0
2.053,7.333709817041174,-1.709968486287383,10.0,0.0,12.435265275216079,12.372509619063575,350.7667269892268,365.1521199188202,0.0
2.054,7.9331250270517915,-1.5701730255064166,10.0,0.0,12.584609057543657,12.579478529873544,346.44969059413296,365.1521199188202,0.0
2.055,8.505786590730828,-1.3854060193913247,10.0,0.0,12.720788936654627,12.723686307930679,340.95655015863576,365.1521199188202,0.0
2.056,9.042463271705142,-1.1582333880505626,10.0,0.0,12.834630286273882,12.813783476822822,333.32593096270756,365.1521199188202,0.0
2.057,9.538728507156423,-0.9024918871831282,10.0,0.0,12.920237379038413,12.85703265469777,347.1465951176566,365.1521199188202,0.0
2.058,9.912370196045405,-0.7698959929389815,10.0,0.0,12.989580546955807,12.868379690638406,353.88580037097825,365.1521199188202,0.0
2.059,10.089364304929514,-0.8766099076299689,10.0,0.0,13.066188591233974,12.86979340468835,366.0103709408443,365.1521199188202,0.0
2.06,10.16618535081958,-1.0686760070505081,5.364556014305297,0.0,13.15533733427867,12.362147339375637,375.4097864079353,365.1521199188202,0.0
2.061,9.875539443852041,-1.2088526243248698,0.5622716158686503,0.0,13.19830536339359,11.465023171152907,378.0102696253301,365.1521199188202,0.0
2.062,9.134695387089533,-1.2073479655668482,-0.8665514898938547,0.0,13.145696894138629,10.631346912188638,377.4052618885099,365.1521199188202,0.0
2.063,8.147188219225297,-1.1218262261114231,-0.6865790411806536,0.0,13.005589301160217,10.011079980508818,375.81424131093627,365.1521199188202,0.0
2.064,7.128659407084073,-1.0343346483000555,0.002310033685015256,0.0,12.808696918146968,9.61497015410412,374.0439156204567,365.1521199188202,0.0
2.065,6.224186787897765,-1.0001813635125456,0.7985549219084405,0.0,12.589000845246066,9.408786818983568,372.6944101459109,365.1521199188202,0.0
2.066,5.5069117016929034,-1.0407548562949638,1.3978847569104147,0.0,12.375460663177133,9.32907157634364,371.81439413364956,365.1521199188202,0.0
2.067,4.986841340717148,-1.1457928365186187,1.7712700208928043,0.0,12.186451417947884,9.321087909294135,371.27441546519793,365.1521199188202,0.0
2.068,4.634622026030629,-1.2938959706828128,1.9800363996548382,0.0,12.030785695492433,9.347775554456417,370.7477575427023,365.1521199188202,0.0
2.069,4.409401169356316,-1.4573228212660243,2.18740898466384,0.0,11.909851232021264,9.398203284507602,370.04809885438567,365.1521199188202,0.0
2.07,4.27818827935555,-1.6134215682223292,2.488278539466494,0.0,11.821589581561696,9.474697929718097,369.3192392247432,365.1521199188202,0.0
2.071,4.220609414181235,-1.749202830149094,2.8110371612284846,0.0,11.76317851201151,9.572233244476543,367.96854006734003,365.1521199188202,0.0
2.072,4.224467933320821,-1.851474557334559,3.4582225384448853,0.0,11.730254158263328,9.721136500323219,366.4661265407581,365.1521199188202,0.0
2.073,4.297509027434399,-1.92499013158897,4.196289235516458,0.0,11.722576561370756,9.918576542955016,364.99083008445103,365.1521199188202,0.0
2.074,4.44444776442788,-1.9737738249134973,4.935550362013696,0.0,11.740041778953781,10.154010028450209,362.7173999940323,365.1521199188202,0.0
2.075,4.66658815264218,-1.9946368310148235,6.096612606470945,0.0,11.781110917065915,10.46500486744587,361.33674314326237,365.1521199188202,0.0
2.076,4.983466720297733,-2.0008002583004867,6.8250947996114855,0.0,11.849641972206816,10.784894316594102,360.020073379903,365.1521199188202,0.0
2.077,5.372304145680403,-1.9854233679993314,7.534750146680336,0.0,11.941555774542469,11.11082186147223,358.49296234038906,365.1521199188202,0.0
2.078,5.819297356604727,-1.9432472423946976,8.364897242221625,0.0,12.05238534621887,11.452286780187112,356.790885474429,365.1521199188202,0.0
2.079,6.321712652559296,-1.8759028245080551,9.29954801964557,0.0,12.179292327887632,11.81440252831361,355.0097395244164,365.1521199188202,0.0
2.08,6.881428555343154,-1.7883129548379317,10.0,0.0,12.320758744717322,12.1641560135124,352.9280973041544,365.1521199188202,0.0
2.081,7.482801610831395,-1.6775818232927464,10.0,0.0,12.471749342610652,12.425522394994871,349.72647012562925,365.1521199188202,0.0
2.082,8.075717151005332,-1.5259981873485122,10.0,0.0,12.618210630224482,12.616644219254173,345.04708408998425,365.1521199188202,0.0
2.083,8.639375950847338,-1.3300695018656938,10.0,0.0,12.749101652459194,12.747226677268053,339.23096515769464,365.1521199188202,0.0
2.084,9.165946341180453,-1.0951798963040198,10.0,0.0,12.85608324851486,12.825553836765787,331.1312236391495,365.1521199188202,0.0
2.085,9.653843097112823,-0.8328457335825625,10.0,0.0,12.933691539070997,12.858343500670095,342.2379295805355,365.1521199188202,0.0
2.086,9.962735259096792,-0.7883187382011103,10.0,0.0,13.004543339097202,12.86651585698066,356.2237193714824,365.1521199188202,0.0
2.087,10.122992956149645,-0.9032336741066729,10.0,0.0,13.08221310765527,12.866416732606822,370.96513304920705,365.1521199188202,0.0
2.088,10.170250617630861,-1.1250699129051762,2.854614917990533,0.0,13.17535882382893,12.084506372712728,376.64660213292774,365.1521199188202,0.0
2.089,9.708292873933953,-1.2150286197615694,-0.10106444601088516,0.0,13.18867602776203,11.187718669626822,377.3621769297867,365.1521199188202,0.0
2.09,8.862603040075278,-1.1732009020762322,-0.5809524145500307,0.0,13.10548210497928,10.447116878631007,376.50808207460295,365.1521199188202,0.0
2.091,7.862340109753065,-1.084435110066889,-0.2674646085159855,0.0,12.947201435431046,9.91311043680249,375.21901048976906,365.1521199188202,0.0
2.092,6.885800422427161,-1.0177926915268831,0.2764022781914708,0.0,12.74490518053548,9.570783787982112,373.64065601566597,365.1521199188202,0.0
2.093,6.04009844154018,-1.0100584231831522,0.9806941542745609,0.0,12.52842154091502,9.397755437080583,372.4899035442065,365.1521199188202,0.0
2.094,5.380925698996473,-1.0716669780384531,1.4826925537504172,0.0,12.323137713883973,9.332610444359618,371.75585322014933,365.1521199188202,0.0
2.095,4.905947846326539,-1.1902324664351625,1.7836803827657226,0.0,12.144293888459023,9.32719608177283,371.20539705742067,365.1521199188202,0.0
2.096,4.583733094524533,-1.342047408654371,1.99837569274405,0.0,11.998306998078032,9.3557392228812,370.60505041539614,365.1521199188202,0.0
2.097,4.378238821520072,-1.5022087235809023,2.2440197087905567,0.0,11.885872706065708,9.411085472018438,369.8444695683231,365.1521199188202,0.0
2.098,4.261807328696659,-1.6516301179520716,2.5773866358320348,0.0,11.8050512083999,9.494620110335354,368.9766848308751,365.1521199188202,0.0
2.099,4.217758390157027,-1.778622148520402,2.973033355435488,0.0,11.753140233751166,9.605587673251085,367.862584383566,365.1521199188202,0.0
2.1,4.23770111759042,-1.87367375639789,3.502978934442586,0.0,11.726702869419722,9.751970739502049,366.05765388825284,365.1521199188202,0.0
2.101,4.321021758978153,-1.9360539523132387,4.396388842404839,0.0,11.72345885361843,9.96508155350223,364.3430369455635,365.1521199188202,0.0
2.102,4.483905201658601,-1.9779656045728333,5.261788143482086,0.0,11.745836800586689,10.225732736280168,362.31664962426345,365.1521199188202,0.0
2.103,4.732310268537184,-1.9954562738770205,6.303336507077671,0.0,11.79354692823678,10.542777199532036,360.97812820758367,365.1521199188202,0.0
2.104,5.070503866208897,-1.9980692292647444,7.014337132529928,0.0,11.868303007846658,10.865965569312419,359.63833486070433,365.1521199188202,0.0
2.105,5.476837735892757,-1.9776196145141773,7.739371656550752,0.0,11.965626729297144,11.195639711775009,358.0832743018305,365.1521199188202,0.0
2.106,5.939333340225271,-1.9299841027724152,8.587590392157566,0.0,12.081150082704754,11.541321350033197,356.3646964894148,365.1521199188202,0.0
2.107,6.456419494933502,-1.8576240285912635,9.534753532659456,0.0,12.212206011554915,11.907438396930887,354.5743190331979,365.1521199188202,0.0
2.108,7.030342457683059,-1.7657870237900806,10.0,0.0,12.357389582423508,12.233794147670892,352.2510581516826,365.1521199188202,0.0
2.109,7.631117610979117,-1.6450638829812907,10.0,0.0,12.50832919583829,12.477034178515282,348.68993458114505,365.1521199188202,0.0
2.11,8.217138901752044,-1.48203424853437,10.0,0.0,12.651772822614953,12.652589577164647,343.6828795142933,365.1521199188202,0.0
2.111,8.771639581499386,-1.2752612144587685,10.0,0.0,12.777312889175047,12.76979893676227,337.2594966574665,365.1521199188202,0.0
2.112,9.28770044218714,-1.0335109764121615,10.0,0.0,12.877495089194515,12.83661967917795,329.4756239797243,365.1521199188202,0.0
2.113,9.768060540416633,-0.7633805242405067,10.0,0.0,12.947044296095193,12.859097565155647,347.52460634332493,365.1521199188202,0.0
2.114,10.024738894270719,-0.781837053958685,10.0,0.0,13.016617893694288,12.86285156528399,362.6213442412659,365.1521199188202,0.0
2.115,10.13945611749373,-0.9521406162942281,7.045349686694251,0.0,13.09815835810604,12.538123879679784,370.9179840370575,365.1521199188202,0.0
2.116,9.985903588053855,-1.1169067734222065,2.8393711476160606,0.0,13.155493249176917,11.838949823382245,375.22616341885305,365.1521199188202,0.0
2.117,9.449122458075488,-1.1777077217862635,0.5845410217179694,0.0,13.142217688259715,11.066965532366764,376.7838446288918,365.1521199188202,0.0
2.118,8.624362116904344,-1.1523977364614106,-0.3106168304021306,0.0,13.049679146463312,10.380288878115921,376.4704462435488,365.1521199188202,0.0
2.119,7.668053367330128,-1.0898559200340512,-0.26710090097790573,0.0,12.891100293467703,9.863710724909842,375.2422927562045,365.1521199188202,0.0
2.12,6.7304909602302025,-1.0426793789795021,0.24607411432039417,0.0,12.692157509099324,9.532515371398631,373.62994172107864,365.1521199188202,0.0
2.121,5.916741495899861,-1.0461630663369603,0.9674714138607445,0.0,12.480844438836524,9.368904044603493,372.40265355815933,365.1521199188202,0.0
2.122,5.283316170648841,-1.1126467250882635,1.5086101589270067,0.0,12.28157990850956,9.314373123557784,371.60201723242074,365.1521199188202,0.0
2.123,4.830379952137056,-1.231967165669928,1.8444293486602978,0.0,12.109249150987191,9.320386295787737,371.0058563009803,365.1521199188202,0.0
2.124,4.52817334583605,-1.3818944286168724,2.0839724505589015,0.0,11.970051580958401,9.360269988861965,370.3765109693303,365.1521199188202,0.0
2.125,4.341446966482779,-1.5383035613571903,2.3464012058788137,0.0,11.864467869211884,9.426235123357944,369.6000656369211,365.1521199188202,0.0
2.126,4.2427111891599045,-1.6827497686817412,2.690144414902403,0.0,11.790364033567906,9.519226510381053,368.56677536749106,365.1521199188202,0.0
2.1270000000000002,4.215879013651875,-1.8028443205736204,3.1726429951307145,0.0,11.744735658825505,9.647109968404987,367.34758605878403,365.1521199188202,0.0
2.128,4.256310369924027,-1.8931918307073743,3.7602829880845903,0.0,11.725195747955524,9.81274188562991,365.87046105049654,365.1521199188202,0.0
2.129,4.363395935609742,-1.9535479017321746,4.491662080911571,0.0,11.729908712606429,10.023056821664067,363.8147529673587,365.1521199188202,0.0
2.13,4.541194469671884,-1.9884125988329466,5.532889791995115,0.0,11.758413430366497,10.30154583476084,362.0513736089232,365.1521199188202,0.0
2.1310000000000002,4.810585451210462,-2.0006962737471743,6.4455869343118275,0.0,11.812919134929786,10.617165804239322,360.7131338701257,365.1521199188202,0.0
2.132,5.162811959772207,-1.9959822473415316,7.159096664197514,0.0,11.892894886330838,10.939982439964139,359.2960774961938,365.1521199188202,0.0
2.133,5.580011331830782,-1.967138513742598,7.9261852753897415,0.0,11.994029055732437,11.273389971348042,357.6803569489158,365.1521199188202,0.0
2.134,6.053883779369235,-1.9122166668893912,8.80876317872778,0.0,12.112637595514407,11.625028874280334,355.93544612651516,365.1521199188202,0.0
2.1350000000000002,6.584134583885815,-1.8345451190958975,9.77338532785115,0.0,12.246554519822654,11.997058534246346,354.1388192432257,365.1521199188202,0.0
2.136,7.172543924702882,-1.7391886357815862,10.0,0.0,12.394570220010035,12.301135793647003,351.5767324530242,365.1521199188202,0.0
2.137,7.7736222893076965,-1.6096827256178172,10.0,0.0,12.544899990833876,12.527106223706486,347.6571344031371,365.1521199188202,0.0
2.138,8.353906889103136,-1.436450174576476,10.0,0.0,12.68503330606837,12.687692065510957,342.3808223345395,365.1521199188202,0.0
2.1390000000000002,8.900382206946025,-1.2198876093869284,10.0,0.0,12.80512231729943,12.791923215693668,335.35320842183023,365.1521199188202,0.0
2.14,9.407243737521828,-0.9714595264515862,10.0,0.0,12.898464078954653,12.847450136796304,338.9892521712569,365.1521199188202,0.0
2.141,9.865889319480742,-0.7185773123393745,10.0,0.0,12.962691593831636,12.861376143244472,354.3858558156653,365.1521199188202,0.0
2.142,10.057522760188855,-0.822301613029378,10.0,0.0,13.035827453082756,12.863839077877223,364.41926618072847,365.1521199188202,0.0
2.1430000000000002,10.14929457219857,-1.0125725009644595,6.15148632730122,0.0,13.121788574538002,12.441854236060959,372.2961895795564,365.1521199188202,0.0
2.144,9.928163093495312,-1.1585788188011772,2.1415839312798806,0.0,13.171113085748779,11.69330204451394,376.4728720219384,365.1521199188202,0.0
2.145,9.316125668692738,-1.1980848830468356,-0.059964810942275015,0.0,13.143535530572436,10.887578987499726,377.34064041482696,365.1521199188202,0.0
2.146,8.423907282417531,-1.1501786647233034,-0.6157342123466396,0.0,13.032478680554263,10.21257498217929,376.42482157721423,365.1521199188202,0.0
2.1470000000000002,7.432837225927326,-1.0740331724447296,-0.27055181012421325,0.0,12.85713017303845,9.737588972998758,374.79884835765444,365.1521199188202,0.0
2.148,6.498423485773222,-1.0275958015540787,0.44596751526734213,0.0,12.647471259480984,9.460806826607595,373.1894400607545,365.1521199188202,0.0
2.149,5.719793826896014,-1.0430497416335216,1.1702984622979553,0.0,12.433264329757787,9.339553339494207,372.0976871209309,365.1521199188202,0.0
2.15,5.134406386543947,-1.1254380475494423,1.646719260188652,0.0,12.237260918545532,9.310773808267463,371.41549587008666,365.1521199188202,0.0
2.1510000000000002,4.7277921193561,-1.2579266900363135,1.9251811260981153,0.0,12.071729762946227,9.330012181300445,370.8642856140687,365.1521199188202,0.0
2.152,4.463244191272016,-1.4150294558248326,2.143664597154606,0.0,11.94063197802202,9.37705629404469,370.2182727206258,365.1521199188202,0.0
2.153,4.30501075381091,-1.5723525709886805,2.4160095158580006,0.0,11.843082897874794,9.448819522208776,369.4081696590843,365.1521199188202,0.0
2.154,4.227782993937171,-1.713559930868843,2.7785005492261075,0.0,11.776424626993876,9.547714803236687,368.29022042047,365.1521199188202,0.0
2.1550000000000002,4.218576200315587,-1.8271877851516904,3.30609416351676,0.0,11.737408701676152,9.684705586011647,366.96327721032577,365.1521199188202,0.0
2.156,4.275867510372036,-1.9106164554829272,3.951454195673822,0.0,11.724034322361309,9.863415253329283,365.5130233436026,365.1521199188202,0.0
2.157,4.401803973371075,-1.965112549103447,4.672972094787592,0.0,11.735028631304658,10.082549786735289,363.1811116677443,365.1521199188202,0.0
2.158,4.598773592829687,-1.9923014893311628,5.8586380152274975,0.0,11.769282785183115,10.383671076441818,361.73794143973447,365.1521199188202,0.0
2.1590000000000003,4.893337053030559,-2.002731454730044,6.614364914023264,0.0,11.831099059435978,10.698946667801167,360.4426840425955,365.1521199188202,0.0
2.16,5.263197843818075,-1.9929817717066058,7.3090879713550025,0.0,11.917084500612921,11.019999542383783,358.95013779559946,365.1521199188202,0.0
2.161,5.692942374500422,-1.956768818794254,8.117380916085224,0.0,12.022690757140312,11.355937376505656,357.2650971013648,365.1521199188202,0.0
2.162,6.178665024804436,-1.894803642967808,9.038771491377105,0.0,12.144876131615362,11.712980040476268,355.48844135559204,365.1521199188202,0.0
2.1630000000000003,6.722096157232561,-1.8117496278241756,10.0,0.0,12.282030945132433,12.088138007628869,353.6628613408324,365.1521199188202,0.0
2.164,7.323524448107196,-1.712070350981668,10.0,0.0,12.432851893711817,12.369160573659753,350.84111926057096,365.1521199188202,0.0
2.165,7.923527343670324,-1.573172752327388,10.0,0.0,12.582411060952808,12.577176942342302,346.54909251469167,365.1521199188202,0.0
2.166,8.496882786969746,-1.3892134256849036,10.0,0.0,12.718969398393822,12.722278521073383,341.06867829956303,365.1521199188202,0.0
2.1670000000000003,9.034243761840397,-1.1626446568588111,10.0,0.0,12.833299088659397,12.813149622872679,333.4735522916911,365.1521199188202,0.0
2.168,9.53112428916425,-0.9072808335144065,10.0,0.0,12.919458587198728,12.85708333526169,347.3001508290227,365.1521199188202,0.0
2.169,9.910700839548937,-0.7659247815804293,10.0,0.0,12.988399979643726,12.868455010996655,353.99592293086613,365.1521199188202,0.0
2.17,10.087350264059749,-0.8743187181658434,10.0,0.0,13.064921293961454,12.869947987210274,365.77953955950693,365.1521199188202,0.0
2.1710000000000003,10.165465898941296,-1.0655537877551238,5.4811637911503075,0.0,13.153891692757739,12.375045588668986,375.24576948034525,365.1521199188202,0.0
2.172,9.883440441705615,-1.207357238426341,0.6471123351158994,0.0,13.198160840698211,11.483777128430901,377.9994021987563,365.1521199188202,0.0
2.173,9.15112363679686,-1.2088096464597706,-0.8581768468889823,0.0,13.147617958197797,10.646555727518088,377.4584824303698,365.1521199188202,0.0
2.174,8.16687993797457,-1.1244883299661752,-0.7107805878112492,0.0,13.009117354961505,10.020212297586475,375.8839282675396,365.1521199188202,0.0
2.1750000000000003,7.146925873022457,-1.0361191714737392,-0.030821589883331058,0.0,12.812955074786455,9.6183271876622,374.0825571909902,365.1521199188202,0.0
2.176,6.238076231917316,-1.000118659186453,0.7805595756696686,0.0,12.593144146869802,9.409240618816444,372.70518437990904,365.1521199188202,0.0
2.177,5.516288572385301,-1.0389059981544144,1.3937153365993602,0.0,12.379032267269586,9.3287230822478,371.81491357538914,365.1521199188202,0.0
2.178,4.992840107537547,-1.142884358861736,1.772222802293621,0.0,12.189329568260657,9.320711829531007,371.27641643009696,365.1521199188202,0.0
2.179,4.638454464600468,-1.2906694731152442,1.9802284098269443,0.0,12.033012592841752,9.347374910431318,370.75609591157706,365.1521199188202,0.0
2.18,4.411862229439354,-1.4542975628022208,2.184348909159324,0.0,11.9115148617778,9.397494473989296,370.0625432660148,365.1521199188202,0.0
2.181,4.2796302222725195,-1.6108515147439397,2.482020998468502,0.0,11.822763513992761,9.473434631352504,369.33605829654886,365.1521199188202,0.0
2.182,4.221094639775619,-1.7471831812586218,2.803424099424194,0.0,11.763912260519742,9.570399852415914,367.9790048726056,365.1521199188202,0.0
2.183,4.2240104766092506,-1.8500176257996706,3.453681961857953,0.0,11.730591126734737,9.719191662007164,366.4969949998812,365.1521199188202,0.0
2.184,4.296278606040818,-1.9242845688055366,4.181238147409545,0.0,11.72262230657259,9.915380443177995,365.03248268713236,365.1521199188202,0.0
2.185,4.441989148386942,-1.9734720499028635,4.9146906761008555,0.0,11.739737200034392,10.149252202152297,362.74459102120767,365.1521199188202,0.0
2.186,4.6623169372826885,-1.9945911751495589,6.082711798039326,0.0,11.780359009013605,10.459817121346594,361.36174795728186,365.1521199188202,0.0
2.187,4.977735309457548,-2.0009832491795647,6.8120370496176115,0.0,11.84846706590516,10.779440552923338,360.04692107511613,365.1521199188202,0.0
2.188,5.365352448292898,-1.9859363728145762,7.520502479137518,0.0,11.940007583124787,11.10506669021283,358.52170905204326,365.1521199188202,0.0
2.189,5.811246686047531,-1.9441148277324185,8.349412599341722,0.0,12.050506761156008,11.446207529657938,356.82049654291325,365.1521199188202,0.0
2.19,6.312616722958205,-1.8770966610835542,9.2833350876658,0.0,12.177116322448072,11.808034813792638,355.0396280796709,365.1521199188202,0.0
2.191,6.871329322921306,-1.7897878767381148,10.0,0.0,12.318313871412887,12.159389555489765,352.97415355883567,365.1521199188202,0.0
2.192,7.472724803825936,-1.6797433616726938,10.0,0.0,12.469295330837188,12.421995551890433,349.7966568249501,365.1521199188202,0.0
2.193,8.066102655429203,-1.5289499625792575,10.0,0.0,12.615952415209506,12.614181485726156,345.140818658559,365.1521199188202,0.0
2.194,8.630384704148554,-1.333769771711824,10.0,0.0,12.747200497523679,12.745677287772445,339.35721598594967,365.1521199188202,0.0
2.195,9.15767539070707,-1.0993510995846516,10.0,0.0,12.85463909978575,12.824789162811271,331.2821303897104,365.1521199188202,0.0
2.196,9.646104486641079,-0.837523034471662,10.0,0.0,12.93278812888434,12.85827941688528,342.11989888269915,365.1521199188202,0.0
2.197,9.958174722382793,-0.7892390186521316,10.0,0.0,13.003778319391447,12.866792113489483,355.7853347286123,365.1521199188202,0.0
2.198,10.121451889937322,-0.9005321989769115,10.0,0.0,13.081245850502189,12.866712773410402,370.7466490869361,365.1521199188202,0.0
2.199,10.170724308801306,-1.1201839682844597,2.964829646592479,0.0,13.174007457314532,12.096732187175986,376.58396852149906,365.1521199188202,0.0
2.2,9.716193261574215,-1.2128532275011494,-0.06814855671579512,0.0,13.188491945642962,11.200241060800025,377.33695344084623,365.1521199188202,0.0
2.201,8.875542967950663,-1.172917852309701,-0.5664893516096408,0.0,13.106559288637722,10.458286012315584,376.5068269869691,365.1521199188202,0.0
2.202,7.87775078243357,-1.0850378123685003,-0.2649731953525585,0.0,12.949356941842943,9.921834025586925,375.23626247205954,365.1521199188202,0.0
2.203,6.901308644851625,-1.0184289117053384,0.2694676365698241,0.0,12.747781452381243,9.576511046079393,373.6756623555398,365.1521199188202,0.0
2.204,6.053914604104005,-1.0099704628325479,0.9645322704624828,0.0,12.531566873545586,9.400124440091826,372.50857952309246,365.1521199188202,0.0
2.205,5.391579373468403,-1.070601872501849,1.4745090906434406,0.0,12.32608913154709,9.333284775662875,371.76427881815425,365.1521199188202,0.0
2.206,4.913567633890399,-1.1883406180119322,1.7805378541192054,0.0,12.14682014521496,9.327102638304714,371.2121738228103,365.1521199188202,0.0
2.207,4.588942942354852,-1.3397449189700474,1.995989812751274,0.0,12.00033692943052,9.355179842537053,370.61512990540075,365.1521199188202,0.0
2.208,4.3816202167957465,-1.4998946360676078,2.2398816715902505,0.0,11.887412181518911,9.410033842549831,369.8561697786513,365.1521199188202,0.0
2.209,4.263743966751472,-1.6495316982397008,2.572321236366668,0.0,11.806123888067692,9.493132561556465,369.0015173821894,365.1521199188202,0.0
2.21,4.218457951812772,-1.7769958260767762,2.961153459963933,0.0,11.75379897930262,9.603042427408065,367.9153272372159,365.1521199188202,0.0
2.211,4.23697972436719,-1.872442387240379,3.476616459266727,0.0,11.72692202844884,9.747051168354957,366.07195122620476,365.1521199188202,0.0
2.212,4.3180961867504655,-1.93472008581343,4.389106151698439,0.0,11.723029728006523,9.960452983159627,364.37406396430487,365.1521199188202,0.0
2.213,4.479671943560622,-1.9769574413971611,5.245830342193539,0.0,11.744890171217387,10.22027798184446,362.33087135678693,365.1521199188202,0.0
2.214,4.72663110386676,-1.9949048943553218,6.29563913157284,0.0,11.792098916245207,10.53766849984309,360.996896928068,365.1521199188202,0.0
2.215,5.063996707263052,-1.9981673340351391,7.004178575839828,0.0,11.86650523240531,10.860841466749687,359.66417447269475,365.1521199188202,0.0
2.216,5.469643060064682,-1.9783957305762494,7.725419257987704,0.0,11.963580712862779,11.190141406401015,358.1133505169326,365.1521199188202,0.0
2.217,5.93132227795809,-1.9313048810896087,8.571218929887657,0.0,12.078896361830697,11.535316206780212,356.3960818161716,365.1521199188202,0.0
2.218,6.447417853430091,-1.8593192841346988,9.51741366129464,0.0,12.20975041876957,11.900974794631061,354.60569730402796,365.1521199188202,0.0
2.219,7.020250123757211,-1.7677224684827486,10.0,0.0,12.354729135047474,12.228924885352976,352.2993403182231,365.1521199188202,0.0
2.22,7.62096275647269,-1.6476259250597909,10.0,0.0,12.505710337149772,12.473401908348,348.76381563372564,365.1521199188202,0.0
2.221,8.207365067801096,-1.4853269964925992,10.0,0.0,12.649389204633183,12.650032221334785,343.7785342294404,365.1521199188202,0.0
2.222,8.762419430361048,-1.279255587723212,10.0,0.0,12.77531835098797,12.768175433002924,337.4012290241626,365.1521199188202,0.0
2.223,9.279136403532679,-1.0379637336376737,10.0,0.0,12.875987514012376,12.835808914716443,329.26523422422025,365.1521199188202,0.0
2.224,9.759854276504425,-0.7685681175077432,10.0,0.0,12.946132509672257,12.859034168265877,346.81957271305345,365.1521199188202,0.0
2.225,10.021078318490783,-0.781192094172773,10.0,0.0,13.015668124715548,12.863023930137574,362.3009795010782,365.1521199188202,0.0
2.226,10.138862304626697,-0.9477145872034973,7.2071966246012105,0.0,13.096840388908406,12.556015907977477,370.9310392146031,365.1521199188202,0.0
2.227,9.996051586880812,-1.1162905394764606,2.834377574880917,0.0,13.156072754285686,11.851630871550832,375.2462436347792,365.1521199188202,0.0
2.228,9.46326430624855,-1.1784139972896808,0.5758341276332821,0.0,13.144091200319304,11.076074480296638,376.7754409080288,365.1521199188202,0.0
2.229,8.639176549593028,-1.152816257753952,-0.30499771888361416,0.0,13.052315176697075,10.387891284552627,376.46209883202914,365.1521199188202,0.0
2.23,7.682387365886845,-1.0897203147113792,-0.26142647001586106,0.0,12.894213859523342,9.869955894502539,375.2512662164542,365.1521199188202,0.0
2.231,6.74365774808892,-1.0419766649140063,0.24299837479526243,0.0,12.695508293014687,9.536747298301346,373.64547789668944,365.1521199188202,0.0
2.232,5.927931340870938,-1.0448280969121655,0.9609589548989543,0.0,12.484143517554548,9.371263029048695,372.4176038549427,365.1521199188202,0.0
2.233,5.2921273343950705,-1.110711450710322,1.5022411364111088,0.0,12.284585447312981,9.315333319980772,371.61524059957867,365.1521199188202,0.0
2.234,4.836860877451496,-1.2296003457105413,1.8387915572855311,0.0,12.111809158100815,9.320369769475572,371.01865263217604,365.1521199188202,0.0
2.235,4.532612335573769,-1.3793506461019587,2.0784202138532857,0.0,11.972097786852402,9.359533268150505,370.3904630792347,365.1521199188202,0.0
2.236,4.344177926879552,-1.5358417179203532,2.340131558719823,0.0,11.865990417492428,9.424886540740328,369.64005699857177,365.1521199188202,0.0
2.237,4.2439704579236714,-1.6806290267617467,2.670455228253763,0.0,11.79139080558181,9.515950716833446,368.5841291429205,365.1521199188202,0.0
2.238,4.215177954803599,-1.800754857524247,3.1640990638383837,0.0,11.745123540767025,9.643611199998807,367.31076372921933,365.1521199188202,0.0
2.239,4.2543037021272525,-1.8912826554140307,3.779195332584985,0.0,11.7250058502105,9.81201130233563,365.9083470080753,365.1521199188202,0.0
2.24,4.361790551231596,-1.9531612054952492,4.472841422264459,0.0,11.729641301473354,10.020277436632158,363.8849268545818,365.1521199188202,0.0
2.241,4.5386200659256835,-1.9887870614504024,5.49722342965358,0.0,11.757939879693824,10.295549684416015,362.08265320198154,365.1521199188202,0.0
2.242,4.805582835939223,-2.0008842379473215,6.429054923122099,0.0,11.811910255725742,10.610784599896634,360.730687827788,365.1521199188202,0.0
2.243,5.155934299110696,-1.9961644973776258,7.149251931129183,0.0,11.8913669424749,10.93392738412975,359.31627575344527,365.1521199188202,0.0
2.244,5.57195397392216,-1.967664692257809,7.914816409954307,0.0,11.99210445781497,11.267453031607618,357.70659499927655,365.1521199188202,0.0
2.245,6.044967123930631,-1.9132225155820333,8.794112036234104,0.0,12.110417144985679,11.618895490221414,355.96582026274194,365.1521199188202,0.0
2.246,6.5743811515884305,-1.8359852570708242,9.756362401062187,0.0,12.244091132631217,11.990574144016916,354.1708322579004,365.1521199188202,0.0
2.247,7.16187086680608,-1.7409487250274611,10.0,0.0,12.3918839409521,12.296300235034941,351.62648551733554,365.1521199188202,0.0
2.248,7.763042900793943,-1.6121333639174664,10.0,0.0,12.542250753141035,12.523542595207386,347.73295442177505,365.1521199188202,0.0
2.249,8.343837690663367,-1.4396832305084755,10.0,0.0,12.682623759064425,12.685221694035718,342.4736727370633,365.1521199188202,0.0
2.25,8.890967118863857,-1.2238605952469093,10.0,0.0,12.803111385733624,12.7903938943702,335.48736320871063,365.1521199188202,0.0
2.251,9.39854284410722,-0.9759442448556839,10.0,0.0,12.896954897578942,12.846735601843388,338.11946900347675,365.1521199188202,0.0
2.2520000000000002,9.860140748172174,-0.719625061825178,10.0,0.0,12.9613322823576,12.861127477559075,354.1317054946543,365.1521199188202,0.0
2.253,10.055308916796628,-0.8190794051881869,10.0,0.0,13.034214285830195,12.86366538467302,364.26922403420866,365.1521199188202,0.0
2.254,10.148429531235333,-1.008507379742741,6.226264658189366,0.0,13.119904413434298,12.449835227921646,372.15968702556177,365.1521199188202,0.0
2.255,9.933030104232547,-1.1558038734106337,2.2109574914453978,0.0,13.169950847160775,11.706635807796786,376.39678716438885,365.1521199188202,0.0
2.2560000000000002,9.32780304620054,-1.1974355792865166,-0.020039250423833366,0.0,13.143779218211787,10.901925385232373,377.3273140308288,365.1521199188202,0.0
2.257,8.440447489101699,-1.1512565080390122,-0.6070546247638937,0.0,13.034257695005266,10.224363958971342,376.44498292754014,365.1521199188202,0.0
2.258,7.450893476625341,-1.0756831438431969,-0.27881770320676225,0.0,12.860080902144242,9.74556012393186,374.8565141817534,365.1521199188202,0.0
2.259,6.515234950169555,-1.0285312988177697,0.41837272705726214,0.0,12.65101043575452,9.463654469009066,373.21640718220385,365.1521199188202,0.0
2.2600000000000002,5.732666280565109,-1.0425763030192723,1.1577833541982123,0.0,12.43667291942392,9.340121566014375,372.10477089200674,365.1521199188202,0.0
2.261,5.143402010846068,-1.1236540754947864,1.6440749895649027,0.0,12.240193969357199,9.310599558278069,371.4172364326975,365.1521199188202,0.0
2.262,4.7338409183790064,-1.2554142323173303,1.925191054080746,0.0,12.074093553049243,9.329600784525987,370.8697774248955,365.1521199188202,0.0
2.263,4.467250536354639,-1.4123693817377017,2.141743982920988,0.0,11.94245076586489,9.376330839143593,370.23082912511353,365.1521199188202,0.0
2.2640000000000002,4.307526002635463,-1.569919997425771,2.4104310407490477,0.0,11.844406279092217,9.447517451542552,369.4236575982647,365.1521199188202,0.0
2.265,4.229016032331684,-1.7115154163150164,2.7713014273790195,0.0,11.777284892157645,9.54582867737159,368.3098900061188,365.1521199188202,0.0
2.266,4.21861049490745,-1.8256636010694098,3.296607522578986,0.0,11.737847112633524,9.682131117943591,366.98658880186974,365.1521199188202,0.0
2.267,4.274692166941224,-1.909618907814906,3.939913435873015,0.0,11.724076957013473,9.860097086718364,365.5441736281854,365.1521199188202,0.0
2.2680000000000002,4.399360544497046,-1.9645978833076134,4.657200485621546,0.0,11.734688548069657,10.078205254582256,363.22015720247265,365.1521199188202,0.0
2.269,4.594770585899358,-1.9922758541825045,5.838528325641386,0.0,11.76854458384791,10.378088535891372,361.76336447009885,365.1521199188202,0.0
2.27,4.88761988674961,-2.0028551678729647,6.600812246315498,0.0,11.829890288976461,10.693147722841854,360.4669698677921,365.1521199188202,0.0
2.271,5.256123200575965,-1.993411464877581,7.2958610479791535,0.0,11.915462741820804,11.014061219074003,358.97792894209505,365.1521199188202,0.0
2.2720000000000002,5.68475804547815,-1.9576079890702276,8.102123420594932,0.0,12.020725353695074,11.349714184137497,357.29566067567987,365.1521199188202,0.0
2.273,6.16943880956309,-1.896037324118564,9.021822146233923,0.0,12.142612262501656,11.70640381437588,355.52014766758793,365.1521199188202,0.0
2.274,6.71182208137389,-1.8133079224446125,10.0,0.0,12.279494915916798,12.08320039687062,353.71151822839994,365.1521199188202,0.0
2.275,7.31324651247648,-1.7143701320163585,10.0,0.0,12.430313099309535,12.365490953216565,350.9143350182336,365.1521199188202,0.0
2.2760000000000002,7.913693663037863,-1.5763111377123473,10.0,0.0,12.580081408528432,12.57459933001646,346.6483335127,365.1521199188202,0.0
2.277,8.487659928959356,-1.393134479517789,10.0,0.0,12.717014882047069,12.720641882312508,341.18068581035755,365.1521199188202,0.0
2.278,9.025661749626193,-1.1671724703807933,10.0,0.0,12.831835209020323,12.812332989116673,333.6225412283399,365.1521199188202,0.0
2.279,9.523150740670449,-0.912188501231618,10.0,0.0,12.918553997461625,12.856993247129552,347.4449315674788,365.1521199188202,0.0
2.2800000000000002,9.908831860984648,-0.7618143390229566,10.0,0.0,12.987075614708628,12.868409324861151,354.11541271012425,365.1521199188202,0.0
2.281,10.085178656543002,-0.8718601757685542,10.0,0.0,13.063495461668191,12.869994620236016,365.5670174334015,365.1521199188202,0.0
2.282,10.164653465970709,-1.0622176141525372,5.588279024757021,0.0,13.15227071332407,12.386795302411157,375.0672288740595,365.1521199188202,0.0
2.283,9.89069149885557,-1.2054391674400886,0.7390222148756251,0.0,13.197699304509658,11.50242296667679,377.9708719205223,365.1521199188202,0.0
2.2840000000000003,9.167185061303574,-1.2099058038794892,-0.8409868283728121,0.0,13.149206917478713,10.662568385435476,377.5032051089632,365.1521199188202,0.0
2.285,8.186896553498496,-1.1270733620949747,-0.7306642744946794,0.0,13.012422076066043,10.030382266457314,375.93839006096493,365.1521199188202,0.0
2.286,7.166009856956386,-1.0382147630505338,-0.05611945191700052,0.0,12.81715098541978,9.623327631722045,374.1253400269115,365.1521199188202,0.0
2.287,6.253498821943481,-1.000609448566823,0.7606733640288095,0.0,12.59745354176185,9.410720459809939,372.726495956769,365.1521199188202,0.0
2.2880000000000003,5.5272577332561,-1.0376310362903158,1.384351638720572,0.0,12.382913553072925,9.328602352185372,371.8238457765876,365.1521199188202,0.0
2.289,4.999990391368181,-1.1403458538774847,1.768959470233603,0.0,12.19254416654779,9.32004913189468,371.28201008209606,365.1521199188202,0.0
2.29,4.642851684305903,-1.2875342829749405,1.9785784158465987,0.0,12.035519975670947,9.346538885040811,370.7645013933917,365.1521199188202,0.0
2.291,4.414422165884364,-1.4511467774659026,2.1812089454530676,0.0,11.91337266929943,9.396426272540973,370.0757726205532,365.1521199188202,0.0
2.2920000000000003,4.280916181221738,-1.6080506271202593,2.4763368048549808,0.0,11.824052130832158,9.47194931302079,369.35158613141647,365.1521199188202,0.0
2.293,4.221342142486374,-1.7449236790409997,2.7964353872973886,0.0,11.76470294747433,9.568465645494806,367.98974535025434,365.1521199188202,0.0
2.294,4.2233370889034125,-1.8483687680287106,3.4489795235641116,0.0,11.730950544969126,9.717159111057324,366.5298263983086,365.1521199188202,0.0
2.295,4.294852902910997,-1.9234523568961661,4.165161934742089,0.0,11.722667473156234,9.912015823603317,365.07379101355104,365.1521199188202,0.0
2.2960000000000003,4.439316167161955,-1.9730682689960461,4.893962916173566,0.0,11.739405294221546,10.144389040631577,362.7724842757583,365.1521199188202,0.0
2.297,4.6578467127232495,-1.9945021706126722,6.068412641500556,0.0,11.779568224939982,10.454506450665962,361.3878633055495,365.1521199188202,0.0
2.298,4.971806434766522,-2.0011628030186532,6.798365692737663,0.0,11.847244934138505,10.773828487182413,360.074999659883,365.1521199188202,0.0
2.299,5.358180922159828,-1.9864720017818462,7.5055687181602755,0.0,11.93840358160871,11.09911719685836,358.55165127515056,365.1521199188202,0.0
2.3000000000000003,5.802936864662954,-1.9450201878999556,8.3332475969632,0.0,12.048562443784853,11.439906137926418,356.85120255154044,365.1521199188202,0.0
2.301,6.303215138397041,-1.8783372578961905,9.26648113244106,0.0,12.174863709688589,11.801427920534103,355.0705265304523,365.1521199188202,0.0
2.302,6.860878703126214,-1.791316396777208,10.0,0.0,12.315781561839671,12.154442182165226,353.02176607248765,365.1521199188202,0.0
2.303,7.46229100139108,-1.6819821949863658,10.0,0.0,12.466752501352953,12.41833289701091,349.8692392998083,365.1521199188202,0.0
2.3040000000000003,8.056143595696284,-1.532007550602164,10.0,0.0,12.613611549535126,12.611621971932438,345.2379443644044,365.1521199188202,0.0
2.305,8.621068793929162,-1.3376032452236646,10.0,0.0,12.745228873243438,12.744064798317464,339.4862288901686,365.1521199188202,0.0
2.306,9.149101703722497,-1.1036772303881117,10.0,0.0,12.853140928641299,12.823990706339874,331.43826306406606,365.1521199188202,0.0
2.307,9.638086155157414,-0.8423663341491804,10.0,0.0,12.93184943086368,12.858207268539925,342.008372011851,365.1521199188202,0.0
2.308,9.953427071167628,-0.7902158296142954,10.0,0.0,13.002985292547391,12.867075368495435,355.31553618292395,365.1521199188202,0.0
2.309,10.119836611070797,-0.8977452151901955,10.0,0.0,13.080244115516969,12.867018604394524,370.47941581678333,365.1521199188202,0.0
2.31,10.171247059853455,-1.115043961494132,3.0998249560841336,0.0,13.172598948017178,12.111683090202847,376.53932083045044,365.1521199188202,0.0
2.311,9.725645914868826,-1.211097999346585,-0.04399955986572124,0.0,13.188577702548926,11.213827894801176,377.3320513374372,365.1521199188202,0.0
2.312,8.89002868030385,-1.173127724309436,-0.5621641275452625,0.0,13.108035791454721,10.469258121459891,376.512958529048,365.1521199188202,0.0
2.313,7.89400663861702,-1.0858094148578792,-0.26622610945294056,0.0,12.951865782846514,9.93003221425017,375.25101433902324,365.1521199188202,0.0
2.314,6.917029988072532,-1.0189222689715587,0.26375704135739575,0.0,12.750905781425171,9.581957874451838,373.7113512371251,365.1521199188202,0.0
2.315,6.067676071649483,-1.009613491893413,0.9479962791234247,0.0,12.534879252146396,9.40222061743846,372.5245333636409,365.1521199188202,0.0
2.316,5.40202776671522,-1.0691992105599768,1.467681081417311,0.0,12.329129166918268,9.333905143451739,371.7704244309036,365.1521199188202,0.0
2.317,4.921019053602417,-1.1861480994965121,1.7785525026651392,0.0,12.14939106341063,9.327099692048272,371.21820067688355,365.1521199188202,0.0
2.318,4.594098215913308,-1.3372273103707593,1.994003572094515,0.0,12.002395449420215,9.354743083873812,370.6256745957641,365.1521199188202,0.0
2.319,4.385044504175934,-1.497448792357021,2.235531065884798,0.0,11.88897730692114,9.40906278865462,369.8693276488857,365.1521199188202,0.0
2.32,4.265763960913007,-1.6473629277948543,2.566532462023348,0.0,11.807221289228348,9.49163390998632,369.0278950663578,365.1521199188202,0.0
2.321,4.219219809977527,-1.7753220474956732,2.948491001811915,0.0,11.75447434725072,9.6004047940012,367.9206129517725,365.1521199188202,0.0
2.322,4.236279662900104,-1.8711368624260436,3.4744471287750427,0.0,11.727139226317679,9.744717458654053,366.10014928516347,365.1521199188202,0.0
2.323,4.3165197144330305,-1.9341179538627509,4.3751986684161315,0.0,11.722938655851957,9.957032645699806,364.4226613823285,365.1521199188202,0.0
2.324,4.476864375536676,-1.9767976095081072,5.221237205198532,0.0,11.744454612344006,10.214917468437992,362.36012282113893,365.1521199188202,0.0
2.325,4.721816402301907,-1.9948958182752046,6.28042645677013,0.0,11.791171461868595,10.531874560523482,361.0219186777487,365.1521199188202,0.0
2.326,5.057560821108255,-1.998368463722534,6.990830540875952,0.0,11.865113344560811,10.85487781928776,359.6906079349849,365.1521199188202,0.0
2.327,5.461927917604079,-1.9789495598271858,7.711101032096221,0.0,11.961790558977267,11.183977717211517,358.1420352387238,365.1521199188202,0.0
2.328,5.922515955718994,-1.9322613352848694,8.55548822702773,0.0,12.076768526083756,11.528894220087134,356.4263638080962,365.1521199188202,0.0
2.329,6.4375952576568185,-1.860653395378296,9.500581503448768,0.0,12.20733035562286,11.894280415010822,354.6369982439174,365.1521199188202,0.0
2.33,7.009437702568752,-1.769374606543129,10.0,0.0,12.352050034327622,12.223917399331548,352.3483286524654,365.1521199188202,0.0
2.331,7.6102161421490555,-1.6500000100254355,10.0,0.0,12.503043025865379,12.469701264220445,348.8390074233903,365.1521199188202,0.0
2.332,8.197129297568614,-1.4885239119784868,10.0,0.0,12.646946479918265,12.64745337907388,343.87621496929364,365.1521199188202,0.0
2.333,8.752851296314793,-1.2832314842872181,10.0,0.0,12.773267393985638,12.766560339539378,337.5461960417963,365.1521199188202,0.0
2.334,9.270319255679219,-1.0424494649385774,10.0,0.0,12.874433814841376,12.835024439822435,329.26752224674044,365.1521199188202,0.0
2.335,9.751547884420095,-0.773677346072243,10.0,0.0,12.945172890758045,12.858998302594909,346.082483509523,365.1521199188202,0.0
2.336,10.017018230003083,-0.7810550248151196,10.0,0.0,13.014734711210677,12.86325923495509,361.73138219376574,365.1521199188202,0.0
2.337,10.13812222295473,-0.943485771926682,7.496150646418393,0.0,13.095560048248897,12.587960091461678,371.0427824242334,365.1521199188202,0.0
2.338,10.014023493656174,-1.1187379270843296,2.781543906130432,0.0,13.158426366830184,11.869567048277933,375.4063300835587,365.1521199188202,0.0
2.339,9.484895339706986,-1.1825050642943271,0.4972279748203876,0.0,13.148428612776494,11.082134365870889,376.8260712321633,365.1521199188202,0.0
2.34,8.656632406317225,-1.1544796508515136,-0.32938211261534445,0.0,13.056966899036656,10.390178867127734,376.454694649766,365.1521199188202,0.0
2.341,7.695038955328218,-1.088678113629856,-0.2567195687261439,0.0,12.898497891836534,9.872024377861976,375.2364020910205,365.1521199188202,0.0
2.342,6.753042639523006,-1.0393189290348097,0.25158388892458916,0.0,12.69928884149661,9.539028851934146,373.6385827482977,365.1521199188202,0.0
2.343,5.935322779635534,-1.0415312894338131,0.9656289319912146,0.0,12.487438095087734,9.373403115155497,372.42149965728066,365.1521199188202,0.0
2.344,5.298191618623917,-1.107355224853338,1.5014766801151396,0.0,12.287428358934038,9.316864908389203,371.62706501102394,365.1521199188202,0.0
2.345,4.841787600418396,-1.226437802654227,1.8339445523214604,0.0,12.114206619922989,9.32102566753811,371.0346885877083,365.1521199188202,0.0
2.346,4.536370633281075,-1.3764762765415806,2.071307077290414,0.0,11.97403653707753,9.359265202098594,370.4082127300862,365.1521199188202,0.0
2.347,4.346705986381133,-1.5333031832522992,2.3319840779888024,0.0,11.867457990971976,9.423773561233237,369.6380297201223,365.1521199188202,0.0
2.348,4.245385331493918,-1.6782436098424065,2.6722164849577252,0.0,11.792363313248243,9.515240650172052,368.6883674681229,365.1521199188202,0.0
2.349,4.2156407736191825,-1.7996872399316313,3.1116851354643824,0.0,11.745834207234678,9.637249484748006,367.294119723328,365.1521199188202,0.0
2.35,4.251520272203038,-1.8891774497910605,3.787389009816774,0.0,11.724788382063712,9.808093074515734,365.906955286744,365.1521199188202,0.0
2.351,4.358067016707558,-1.951632103854557,4.473422874429529,0.0,11.72890660823501,10.01709306224381,363.9045875520767,365.1521199188202,0.0
2.352,4.53460896249381,-1.9882037418930474,5.487082065430616,0.0,11.756911344205577,10.29189289958876,362.1135923240864,365.1521199188202,0.0
2.353,4.800998264752822,-2.0011320210727424,6.412964955373086,0.0,11.810651984642966,10.6061863489893,360.7645453602242,365.1521199188202,0.0
2.354,5.15033540755133,-1.9969442714091712,7.131364182890164,0.0,11.889857970721879,10.928426410935735,359.3483352091895,365.1521199188202,0.0
2.355,5.565055319668432,-1.968754302949696,7.897507105503823,0.0,11.99030834535364,11.261328975602853,357.7360335557702,365.1521199188202,0.0
2.356,6.036721084510055,-1.9145244372582944,8.777818795843977,0.0,12.10832055344748,11.612423142966312,355.9939605640573,365.1521199188202,0.0
2.357,6.5648946640194605,-1.8374845374964606,9.740436885248036,0.0,12.241708867151388,11.983911551236227,354.1995068941653,365.1521199188202,0.0
2.358,7.151289242899101,-1.7426517810136564,10.0,0.0,12.38924598609641,12.29129404389656,351.6726942358157,365.1521199188202,0.0
2.359,7.7524471739201,-1.614461566138759,10.0,0.0,12.539615046341552,12.519832941414322,347.8051183609325,365.1521199188202,0.0
2.36,8.333700916356108,-1.4427680814864114,10.0,0.0,12.680196709150948,12.682628522847079,342.5631477898682,365.1521199188202,0.0
2.361,8.88147051506214,-1.2276849744036809,10.0,0.0,12.801057556890099,12.788760593984186,335.61816490306296,365.1521199188202,0.0
2.362,9.389768292969203,-0.9802940155597208,10.0,0.0,12.895383352567036,12.845930483198785,337.3781173379926,365.1521199188202,0.0
2.363,9.853881974378979,-0.7213188925108112,10.0,0.0,12.959980203650806,12.860846435883618,353.84314375463373,365.1521199188202,0.0
2.364,10.052909575915143,-0.8160460965405614,10.0,0.0,13.03261870856844,12.863478579053456,364.10357040203695,365.1521199188202,0.0
2.365,10.147509285122538,-1.0044467848387324,6.309003016876802,0.0,13.1180333809838,12.458685998257076,372.03297515086985,365.1521199188202,0.0
2.366,9.93832484906395,-1.1532563342346203,2.275492090139858,0.0,13.168912371628545,11.72009419573056,376.3313707055923,365.1521199188202,0.0
2.367,9.339783144166843,-1.196989174078218,0.014501804910914018,0.0,13.144166799845,10.915823393591442,377.3173856821789,365.1521199188202,0.0
2.368,8.456888904984556,-1.1523667642429065,-0.600158341015975,0.0,13.036122911545585,10.235635350549302,376.46372687531596,365.1521199188202,0.0
2.369,7.4685638228484,-1.0772216892547144,-0.28644500714946375,0.0,12.863044873621549,9.75320360780917,374.8945125641721,365.1521199188202,0.0
2.37,6.531507498788384,-1.029458383806642,0.40073822196895037,0.0,12.65452895236649,9.467353202240247,373.24285392492146,365.1521199188202,0.0
2.371,5.745653604411953,-1.042285459679393,1.1456602015332518,0.0,12.440168194080535,9.341379195704409,372.1196589177456,365.1521199188202,0.0
2.372,5.152809492055966,-1.1221688842673265,1.6375823151319304,0.0,12.243305016915532,9.310583040109163,371.4260869071525,365.1521199188202,0.0
2.373,4.740186506533163,-1.2531265694310776,1.9216286505451432,0.0,12.076655053029642,9.328966145400361,370.87849551913575,365.1521199188202,0.0
2.374,4.471266905743047,-1.409768559327504,2.138160588550372,0.0,11.94442943809843,9.375278919831976,370.242932558128,365.1521199188202,0.0
2.375,4.309811607026772,-1.5674070175473016,2.405033942661162,0.0,11.845831472608713,9.44599949175033,369.4378267621042,365.1521199188202,0.0
2.376,4.229938355586255,-1.7093218578353477,2.7647297722402406,0.0,11.778199608709286,9.543857522311763,368.3282394751763,365.1521199188202,0.0
2.3770000000000002,4.218365045596462,-1.823983106741925,3.2877622201406185,0.0,11.738310323232792,9.679577505984831,367.00884943678216,365.1521199188202,0.0
2.378,4.273324866372761,-1.9084936887272372,3.9288899441580716,0.0,11.724131516200575,9.85686897452057,365.5746200437696,365.1521199188202,0.0
2.379,4.396827975363975,-1.963995688855354,4.641779639414863,0.0,11.734359850919388,10.073984260956315,363.26021548322814,365.1521199188202,0.0
2.38,4.59077225679771,-1.9921937479832497,5.817900964041508,0.0,11.767823647312687,10.372556461108932,361.78827548350654,365.1521199188202,0.0
2.3810000000000002,4.8819340415432375,-2.002922797238367,6.5875094082554435,0.0,11.8286964989087,10.687425182995213,360.4902454173838,365.1521199188202,0.0
2.382,5.249117632760549,-1.9937888907577346,7.2831431863311815,0.0,11.913856917328317,11.00823937181221,359.00484750189634,365.1521199188202,0.0
2.383,5.676693294535416,-1.9584066287961757,8.087314868244146,0.0,12.018782003036705,11.343629243936071,357.3256102092061,365.1521199188202,0.0
2.384,6.160380203580084,-1.8972422200063175,9.005198611685405,0.0,12.140379305039374,11.699968329000633,355.55138700235597,365.1521199188202,0.0
2.3850000000000002,6.701751194260835,-1.8148435963027425,9.988317544275116,0.0,12.276998580828739,12.077083541025022,353.7486636961611,365.1521199188202,0.0
2.386,7.302495408089857,-1.7163194663510586,10.0,0.0,12.427653782183958,12.36093488661537,350.9716085927135,365.1521199188202,0.0
2.387,7.903134496264856,-1.5789742340462234,10.0,0.0,12.577505863708673,12.571286935663991,346.73189044771084,365.1521199188202,0.0
2.388,8.477649698127868,-1.396574196014814,10.0,0.0,12.71471739012537,12.718398706637048,341.2774104687633,365.1521199188202,0.0
2.3890000000000002,9.016331236217528,-1.1712957248233025,10.0,0.0,12.82996230954696,12.811010635983227,333.7583190823554,365.1521199188202,0.0
2.39,9.51452726475216,-0.9167864680652122,10.0,0.0,12.917200696429525,12.856471116579037,347.56535736640967,365.1521199188202,0.0
2.391,9.906377366226259,-0.7575713201658097,10.0,0.0,12.98529271898206,12.867987836926721,354.22175633548824,365.1521199188202,0.0
2.392,10.08257704048418,-0.8692646331339451,10.0,0.0,13.061605627219603,12.869698624341257,365.38073118132263,365.1521199188202,0.0
2.3930000000000002,10.163609109748732,-1.058616157348248,5.68180639872232,0.0,13.150170057908733,12.396716796821028,374.8819733806899,365.1521199188202,0.0
2.394,9.896848393167062,-1.2031213379751151,0.8338867644199954,0.0,13.196581917403744,11.519954370877887,377.9178535112703,365.1521199188202,0.0
2.395,9.182100257209628,-1.2105584602206045,-0.8117106367947251,0.0,13.150049379995677,10.678927543477464,377.53028633765496,365.1521199188202,0.0
2.396,8.20656521999762,-1.1295457398143822,-0.74170871417539,0.0,13.015081643121226,10.0416677033103,375.9866127892502,365.1521199188202,0.0
2.3970000000000002,7.185671510376423,-1.0406212525712228,-0.07821686867732058,0.0,12.820913129524827,9.629464114937209,374.1700563117533,365.1521199188202,0.0
2.398,6.2700789432685005,-1.001678465514038,0.7398820061418139,0.0,12.6015466467469,9.412926237102573,372.7518887789333,365.1521199188202,0.0
2.399,5.539492093045488,-1.0369788280835275,1.3729680839506857,0.0,12.386735492216516,9.328772606437843,371.83585944439125,365.1521199188202,0.0
2.4,5.008196989109256,-1.1383185016641837,1.76414535596599,0.0,12.19578445054087,9.3193884554609,371.28881436190625,365.1521199188202,0.0
2.4010000000000002,4.647980932488369,-1.2847391024427692,1.9763009527776294,0.0,12.03808296728494,9.345583773532148,370.77276704770065,365.1521199188202,0.0
2.402,4.417416939371822,-1.4481797903890865,2.1781181385916213,0.0,11.91528543382803,9.395227624618713,370.0883848671346,365.1521199188202,0.0
2.403,4.28242608304747,-1.6053240626974055,2.4709465793914998,0.0,11.825383501899921,9.470363648145291,369.3687782027724,365.1521199188202,0.0
2.404,4.221686277372115,-1.7426774712349191,2.788583328733094,0.0,11.765522797733329,9.566339104207021,368.0005317688518,365.1521199188202,0.0
2.4050000000000002,4.22263056672971,-1.8466662057428336,3.44422242719308,0.0,11.731310936300059,9.714963607697012,366.56639988565314,365.1521199188202,0.0
2.406,4.293311236370104,-1.9225652374122137,4.147145569124066,0.0,11.722691717497666,9.90830419855562,365.10950486182014,365.1521199188202,0.0
2.407,4.4364059096060195,-1.9725230893364245,4.876019231610566,0.0,11.739004853056349,10.139562072542784,362.79850724578256,365.1521199188202,0.0
2.408,4.653259076447176,-1.9943457319864386,6.055054166359733,0.0,11.778713374630136,10.449307677264477,361.414579381416,365.1521199188202,0.0
2.4090000000000003,4.9658739299693,-2.0013562268444702,6.78439350391706,0.0,11.845978532526598,10.768267449236173,360.10423011346506,365.1521199188202,0.0
2.41,5.351043522153456,-1.9870600340622526,7.490047035946073,0.0,11.936770465675957,11.093143748342927,358.58246430283396,365.1521199188202,0.0
2.411,5.794641574438037,-1.9459820039221472,8.31662649742149,0.0,12.046595214033466,11.43353472646648,356.8823706632827,365.1521199188202,0.0
2.412,6.293786711378032,-1.8796239498859686,9.249370809752492,0.0,12.172587979725005,11.79473517681454,355.1016452517997,365.1521199188202,0.0
2.4130000000000003,6.850362283560491,-1.7928802368460506,10.0,0.0,12.313223285988164,12.149424764930181,353.0696874586034,365.1521199188202,0.0
2.414,7.451770978177832,-1.6842545422512911,10.0,0.0,12.464182631161544,12.414613432272024,349.94235508601685,365.1521199188202,0.0
2.415,8.04608877333337,-1.5351015185965693,10.0,0.0,12.611244332895707,12.609018296876087,345.33601099742754,365.1521199188202,0.0
2.416,8.611654412017447,-1.3414780700586397,10.0,0.0,12.743233301814225,12.74241980288946,339.6146206260518,365.1521199188202,0.0
2.4170000000000003,9.140428416123388,-1.1080539235507327,10.0,0.0,12.851623102811747,12.82317057112854,331.59557332198636,365.1521199188202,0.0
2.418,9.629976642578047,-0.8472562850029428,10.0,0.0,12.930895501758242,12.858122677774505,342.48787604372905,365.1521199188202,0.0
2.419,9.949614302564653,-0.7893939101171781,10.0,0.0,13.001978986622728,12.86724215331655,355.0676291090174,365.1521199188202,0.0
2.42,10.117287885078929,-0.8962803482132298,10.0,0.0,13.079202202494397,12.867310312314133,370.18376688970926,365.1521199188202,0.0
2.4210000000000003,10.171490235690056,-1.1102953981126356,3.2494514053399692,0.0,13.17118270378663,12.128248108844438,376.4865067413259,365.1521199188202,0.0
2.422,9.735890783150127,-1.2098510311130601,-0.015262388693413342,0.0,13.18886990373372,11.22913510773937,377.3440460278293,365.1521199188202,0.0
2.423,8.905937431895044,-1.174065867168092,-0.5659512930351882,0.0,13.109945159211641,10.480712359314914,376.53650078050845,365.1521199188202,0.0
2.424,7.911354617289391,-1.0871442739768817,-0.27602247799165447,0.0,12.954867090687745,9.937743046072976,375.2715391700025,365.1521199188202,0.0
2.4250000000000003,6.933072639999734,-1.019603350386224,0.2552641347495044,0.0,12.754439612028985,9.586770285909736,373.74158362819725,365.1521199188202,0.0
2.426,6.081130989851937,-1.0092372717687788,0.9343472685583514,0.0,12.538492745807762,9.404169094231868,372.54002562662487,365.1521199188202,0.0
2.427,5.412107826478786,-1.067652654102628,1.4612472122664943,0.0,12.332409799883777,9.334474629039043,371.77887409204067,365.1521199188202,0.0
2.428,4.9281129253653875,-1.18378668577117,1.775555437826391,0.0,12.152156291693103,9.326995428636348,371.2264654937302,365.1521199188202,0.0
2.4290000000000003,4.598886236565969,-1.3345240024085583,1.991016281232529,0.0,12.004599978794658,9.354171394730738,370.6373335220957,365.1521199188202,0.0
2.43,4.3880922242585925,-1.494804339855789,2.230730131017032,0.0,11.890640357748316,9.407983122433889,369.88301929169654,365.1521199188202,0.0
2.431,4.267429704696604,-1.645003507640076,2.5605782524878347,0.0,11.808376976658726,9.490068807154781,369.0544781403824,365.1521199188202,0.0
2.432,4.219681746085492,-1.7734760310699882,2.9358252459292826,0.0,11.75517848804963,9.597743923610082,367.9220774015081,365.1521199188202,0.0
2.433,4.235352669025257,-1.8696846933465778,3.474326040539559,0.0,11.727365587563096,9.742613015922172,366.12885683898236,365.1521199188202,0.0
2.434,4.314902859791801,-1.9334653729404094,4.361168952600803,0.0,11.722874674488985,9.953787809580108,364.4714189333579,365.1521199188202,0.0
2.435,4.4741124130916345,-1.9766345944887886,5.196694915267664,0.0,11.74406113966246,10.209717910382272,362.3905420259991,365.1521199188202,0.0
2.436,4.717114636411193,-1.9949047856674833,6.264749147875275,0.0,11.790299997212978,10.526166204549575,361.0478333258224,365.1521199188202,0.0
2.437,5.051236593559895,-1.9985758833430038,6.977146363893588,0.0,11.86378091725769,10.848953313437983,359.71737504334686,365.1521199188202,0.0
2.438,5.454301031604519,-1.979486187655303,7.696722953886095,0.0,11.960055878684376,11.177843387567592,358.1706482105743,365.1521199188202,0.0
2.439,5.913780577660294,-1.9331813132414086,8.539901087354828,0.0,12.074689712152699,11.52251367352285,356.4564007668847,365.1521199188202,0.0
2.44,6.427842487745991,-1.8619417905707474,9.483982000718983,0.0,12.20495389212008,11.887645418715922,354.66803844751064,365.1521199188202,0.0
2.441,6.998707814815338,-1.7709804788063996,10.0,0.0,12.34941147954266,12.218957011296919,352.3968603604983,365.1521199188202,0.0
2.442,7.599557068954857,-1.6523260199525716,10.0,0.0,12.500412090124804,12.466038258684609,348.9134365892191,365.1521199188202,0.0
2.443,8.186982945822317,-1.491670463664402,10.0,0.0,12.644535197784343,12.644903088477722,343.9731445522256,365.1521199188202,0.0
2.444,8.74337272908177,-1.2871543518823652,10.0,0.0,12.771242260924097,12.764965128667615,337.6898811072644,365.1521199188202,0.0
2.445,9.261592461014795,-1.0468766696196043,10.0,0.0,12.87289943783778,12.834251398472452,329.41854360762954,365.1521199188202,0.0
2.446,9.743392316855902,-0.7786175194710063,10.0,0.0,12.944213794346865,12.858958972164983,345.31812776900694,365.1521199188202,0.0
2.447,10.012590629468505,-0.7815803296202368,10.0,0.0,13.01387597319219,12.863533408310195,361.1890719868083,365.1521199188202,0.0
2.448,10.13744465959624,-0.9392269712078143,7.771306902504223,0.0,13.09434088024065,12.618418417812958,371.1664498085787,365.1521199188202,0.0
2.449,10.031165022188025,-1.1208670208091478,2.7224746927214367,0.0,13.16065173657481,11.885716105385324,375.55132811916576,365.1521199188202,0.0
2.45,9.505010724485901,-1.1859816542869588,0.42604345542445365,0.0,13.152407485219335,11.087610172202176,376.85992930223927,365.1521199188202,0.0
2.451,8.67284793847707,-1.155626925020302,-0.3453352299464907,0.0,13.061186899126977,10.392879427667914,376.43910678378677,365.1521199188202,0.0
2.452,7.707195607754887,-1.0874642398371903,-0.2477938393699075,0.0,12.902420949112962,9.87484316731433,375.22082855546785,365.1521199188202,0.0
2.453,6.7626004141883715,-1.0368108836438839,0.2606581884230774,0.0,12.702837725735552,9.541937195131263,373.6344035486511,365.1521199188202,0.0
2.454,5.943238329583665,-1.0385529630845332,0.9690478555331374,0.0,12.490620389777984,9.375885718303786,372.4282769323478,365.1521199188202,0.0
2.455,5.304831712766097,-1.1043361863081953,1.499349593549523,0.0,12.29023837349362,9.318498057077887,371.64057716396496,365.1521199188202,0.0
2.456,4.847172650289819,-1.223543379769924,1.8283149052894858,0.0,12.116610751763657,9.321652557961587,371.051178426296,365.1521199188202,0.0
2.457,4.540425556378921,-1.373775985068206,2.0640236890491988,0.0,11.975994856943252,9.358932749385533,370.4256951267733,365.1521199188202,0.0
2.458,4.3493971902372355,-1.530859331096909,2.324029586731031,0.0,11.868945412757457,9.422612542428912,369.6524584386859,365.1521199188202,0.0
2.459,4.246775052006795,-1.6760846377421488,2.6656445455760567,0.0,11.79337284256527,9.51357514978945,368.70962077428516,365.1521199188202,0.0
2.46,4.215852443177933,-1.7980314964561752,3.1014883692217925,0.0,11.746415691520445,9.634786175996165,367.31539208063424,365.1521199188202,0.0
2.461,4.250441629478695,-1.8880889907366412,3.77696999442911,0.0,11.724962213984487,9.805010888432701,365.9268947006836,365.1521199188202,0.0
2.462,4.355836227909459,-1.9509415223072186,4.4634709365858,0.0,11.728689758975737,10.013580555292773,363.94804899657646,365.1521199188202,0.0
2.463,4.531297729536131,-1.9879795716742936,5.464934497861802,0.0,11.756347176268537,10.28671517309013,362.14170770897755,365.1521199188202,0.0
2.464,4.795954864729237,-2.0011036465536503,6.398209263759684,0.0,11.809625581354855,10.600589989618062,360.78836638252585,365.1521199188202,0.0
2.465,5.143846898784068,-1.9971704982801046,7.118517462348477,0.0,11.888399740526449,10.92268476679352,359.37329147397134,365.1521199188202,0.0
2.466,5.557420125179003,-1.9693498246976993,7.883843201074223,0.0,11.988485018887104,11.25541609687965,357.76314901100255,365.1521199188202,0.0
2.467,6.028100469993512,-1.9155218232444258,8.762804141636789,0.0,12.106192028996267,11.606276162202198,356.0227613336975,365.1521199188202,0.0
2.468,6.5553431805848845,-1.8388477729176174,9.724291566140556,0.0,12.239318479105354,11.977505034576296,354.22949874320756,365.1521199188202,0.0
2.469,7.140814159610737,-1.7443133830810051,10.0,0.0,12.386623129062182,12.286507337616467,351.7200252169006,365.1521199188202,0.0
2.47,7.742053935028187,-1.6167970465235955,10.0,0.0,12.537016091204396,12.516301125504047,347.8779931112561,365.1521199188202,0.0
2.471,8.323808726744158,-1.4458753554860484,10.0,0.0,12.677822913272593,12.680174201482506,342.6534997740436,365.1521199188202,0.0
2.472,8.87222571104787,-1.2315264478741845,10.0,0.0,12.799067197804884,12.78723233171369,335.74957673573283,365.1521199188202,0.0
2.473,9.381231747967425,-0.9846465193817386,10.0,0.0,12.893879563849008,12.845202583156867,336.48608890343894,365.1521199188202,0.0
2.474,9.847140924932415,-0.7241207042670842,10.0,0.0,12.958818678055358,12.860697096963193,353.532457161778,365.1521199188202,0.0
2.475,10.050802594144406,-0.8128347707537267,10.0,0.0,13.031177137686383,12.86339237896585,363.98695689270926,365.1521199188202,0.0
2.476,10.146685265978963,-1.0004484325380874,6.366793672802899,0.0,13.11631964168598,12.464890805529977,371.9049171567417,365.1521199188202,0.0
2.477,9.942110744783204,-1.1502323883631915,2.3402855684074613,0.0,13.16769783646495,11.731631835676009,376.24181704078154,365.1521199188202,0.0
2.478,9.349743441066003,-1.1957712445672923,0.06093865516792896,0.0,13.14412374940483,10.929488161069877,377.29062968875627,365.1521199188202,0.0
2.479,8.471957733811458,-1.152955726806333,-0.5848527665187966,0.0,13.03752760807436,10.24759061272602,376.47736198633925,365.1521199188202,0.0
2.48,7.485796275775239,-1.0786746193351475,-0.29147133598547637,0.0,12.865658559398327,9.761652979970481,374.92593646401303,365.1521199188202,0.0
2.481,6.547986851930568,-1.0306640297775096,0.38650325972570165,0.0,12.657844298537718,9.472063018888335,373.27399026971534,365.1521199188202,0.0
2.482,5.759387844137722,-1.0424956486432937,1.131257653365597,0.0,12.443634051625766,9.34316166179039,372.14143812011235,365.1521199188202,0.0
2.483,5.163010726107298,-1.121188530117003,1.6276405461541676,0.0,12.246492594468666,9.310599482886804,371.43926106166646,365.1521199188202,0.0
2.484,4.747061428023579,-1.2511903565877838,1.9158576639486542,0.0,12.079322337233968,9.32811008179628,370.8882992764458,365.1521199188202,0.0
2.485,4.475488165535236,-1.4073304513701943,2.1339767629827158,0.0,11.946495557775037,9.373977090700018,370.25382711416876,365.1521199188202,0.0
2.486,4.312069791844053,-1.5649183622744227,2.400195772167762,0.0,11.84731142640402,9.444337909268656,369.4506828012593,365.1521199188202,0.0
2.487,4.230744381439083,-1.7070832366595223,2.7587822997981046,0.0,11.779144047100289,9.541838172198446,368.3455207908348,365.1521199188202,0.0
2.488,4.218002920282899,-1.822235967535878,3.27942929629019,0.0,11.73878858367246,9.677045281865844,367.0302831515372,365.1521199188202,0.0
2.489,4.271882594055327,-1.9073083841716212,3.9182664836118235,0.0,11.724195816075316,9.853707576137644,365.6044336687844,365.1521199188202,0.0
2.49,4.394276274172206,-1.9633502705243795,4.626668087488593,0.0,11.734042437997514,10.06985566070065,363.30133518561036,365.1521199188202,0.0
2.491,4.586810764566579,-1.9920814539554037,5.796725176407711,0.0,11.767119217497683,10.367041005599697,361.812671794991,365.1521199188202,0.0
2.492,4.87628330195832,-2.0029487015069334,6.574451352955685,0.0,11.827514938934087,10.681748168280794,360.5125135352799,365.1521199188202,0.0
2.493,5.242166800702661,-1.994121885228299,7.270926546646644,0.0,11.912262182228806,11.002506736889993,359.0309310209418,365.1521199188202,0.0
2.494,5.668722965374386,-1.9591700456759618,8.072929692794464,0.0,12.016854123866993,11.337657423980637,357.355018074017,365.1521199188202,0.0
2.495,6.151457360042123,-1.8984232974423456,8.988857184704907,0.0,12.138169316140258,11.69364900740798,355.582255482519,365.1521199188202,0.0
2.496,6.69184686579324,-1.816362157300095,9.970937124816924,0.0,12.274532889595612,12.070426968527187,353.7799941877708,365.1521199188202,0.0
2.497,7.291584137157241,-1.7180903063595085,10.0,0.0,12.424948609615313,12.355972402956493,351.02077156967243,365.1521199188202,0.0
2.498,7.892289720971711,-1.5813945217188685,10.0,0.0,12.574823483274917,12.56763399568706,346.8073187128475,365.1521199188202,0.0
2.499,8.467318923326147,-1.3997636145285175,10.0,0.0,12.712264586897078,12.715870760089688,341.36611783600836,365.1521199188202,0.0
2.5,9.006691892570808,-1.1752044848519927,10.0,0.0,12.827900061404769,12.8094472238209,333.88690506317,365.1521199188202,0.0
2.501,9.50563794285779,-0.92121207591385,10.0,0.0,12.915636061148389,12.85573925279064,347.6674251493241,365.1521199188202,0.0
2.5020000000000002,9.90364393401968,-0.7533041404021494,10.0,0.0,12.983297714997711,12.867384480312825,354.31698365509317,365.1521199188202,0.0
2.503,10.079770880085505,-0.8666312265875633,10.0,0.0,13.059502785049832,12.869237446312102,365.19666981756666,365.1521199188202,0.0
2.504,10.162463867116742,-1.0548893127456784,5.774096967095074,0.0,13.14784776331221,12.40634132998435,374.70101188225135,365.1521199188202,0.0
2.505,9.902796903801981,-1.2007621347981994,0.9264370151184149,0.0,13.19523206167977,11.536976054562158,377.85916933245835,365.1521199188202,0.0
2.5060000000000002,9.196654616944759,-1.211121664589491,-0.7797122041214664,0.0,13.15062222272487,10.695164903843468,377.5502911099672,365.1521199188202,0.0
2.507,8.226004816294529,-1.1319734662530543,-0.7492548047873573,0.0,13.017482355478672,10.053195745623261,376.0306901361262,365.1521199188202,0.0
2.508,7.205388402248742,-1.0431046841481841,-0.0982400200399356,0.0,12.824475475086901,9.635977876367871,374.21419385082174,365.1521199188202,0.0
2.509,6.286963935620904,-1.002933067097716,0.7193873832922897,0.0,12.605517305754269,9.415430499706511,372.77818135179285,365.1521199188202,0.0
2.5100000000000002,5.552134764791,-1.0365554102971146,1.361133018477008,0.0,12.390500389611194,9.329104753740033,371.848908780663,365.1521199188202,0.0
2.511,5.016789099517318,-1.1365015510753387,1.758801415423501,0.0,12.199010442539397,9.31877568953997,371.2961636032789,365.1521199188202,0.0
2.512,4.653406217294359,-1.2821016244363188,1.973733567270969,0.0,12.040653130416695,9.344615050178277,370.7810671341431,365.1521199188202,0.0
2.513,4.420607232660614,-1.4453120143721632,2.1749923296856455,0.0,11.917212627729427,9.393997945375107,370.100799882979,365.1521199188202,0.0
2.5140000000000002,4.284051344169752,-1.6026491247364931,2.465639155626098,0.0,11.826729443071288,9.468750221900484,369.3873049762778,365.1521199188202,0.0
2.515,4.222092284207773,-1.740451131155509,2.780034758402129,0.0,11.766354654133947,9.56410593806438,368.0118165687735,365.1521199188202,0.0
2.516,4.221911432260881,-1.8449360547766935,3.4391819956547423,0.0,11.731668237240871,9.712651146902717,366.60095221547,365.1521199188202,0.0
2.517,4.291706585431006,-1.9216164925004615,4.130125849339999,0.0,11.722694981834344,9.904606269332586,365.14382523771064,365.1521199188202,0.0
2.5180000000000002,4.433465481230843,-1.9719444281586263,4.858772285030766,0.0,11.73858383275661,10.134814696361659,362.824702268484,365.1521199188202,0.0
2.519,4.648702146768661,-1.9941882124349353,6.0416079461474625,0.0,11.777848178203374,10.444158179894824,361.44133897550404,365.1521199188202,0.0
2.52,4.959995715197025,-2.001560327589362,6.770397402070592,0.0,11.844708932282998,10.762742307287983,360.1334761952309,365.1521199188202,0.0
2.521,5.343967806512792,-1.9876619613824424,7.474515229443048,0.0,11.93513948225967,11.087195169441078,358.61330561476746,365.1521199188202,0.0
2.5220000000000002,5.786405880911853,-1.946956221721503,8.299988662715304,0.0,12.044633615753355,11.427178232492011,356.9135541054718,365.1521199188202,0.0
2.523,6.284410407597236,-1.8809189518586584,9.232250075496612,0.0,12.170319599914457,11.788050306469044,355.13273801374964,365.1521199188202,0.0
2.524,6.839888882880512,-1.7944476432282412,10.0,0.0,12.310672721806437,12.144411062017738,353.1175230824245,365.1521199188202,0.0
2.525,7.44128532206329,-1.686526815809208,10.0,0.0,12.461620029134295,12.410894731398447,350.01529579749047,365.1521199188202,0.0
2.5260000000000002,8.036061011694635,-1.538192596303721,10.0,0.0,12.608883416796028,12.606413403106254,345.4339849107685,365.1521199188202,0.0
2.527,8.602261454479285,-1.345347744191126,10.0,0.0,12.741242741325037,12.74077225459946,339.74094793263146,365.1521199188202,0.0
2.528,9.131768329938993,-1.1124305267625445,10.0,0.0,12.850109573154448,12.822347401523519,331.75213034587944,365.1521199188202,0.0
2.529,9.621883594864762,-0.8521348860758255,10.0,0.0,12.92994388819207,12.858034106550878,342.9640874113137,365.1521199188202,0.0
2.5300000000000002,9.945686524657837,-0.7887796358741568,10.0,0.0,13.000997321113351,12.867418402951284,354.7927721532899,365.1521199188202,0.0
2.531,10.114739161599557,-0.8948259479976652,10.0,0.0,13.078182487218147,12.867611852238117,369.6766700927244,365.1521199188202,0.0
2.532,10.171966482649024,-1.1051372335897032,3.5069072946811923,0.0,13.169742259935036,12.156659796675655,376.5398687075401,365.1521199188202,0.0
2.533,9.752754259715882,-1.2112070530711332,-0.03856950061385778,0.0,13.190615417111026,11.247573021244998,377.4673229668677,365.1521199188202,0.0
2.5340000000000003,8.927450388974368,-1.1776292040485399,-0.6254486607581287,0.0,13.113738319439046,10.48897160296432,376.60040657709663,365.1521199188202,0.0
2.535,7.930161352645539,-1.0892555817876173,-0.30647333245536146,0.0,12.959303469747727,9.940947449748023,375.29026261366477,365.1521199188202,0.0
2.536,6.947228289667302,-1.0193845364481997,0.24721722231212695,0.0,12.758707610939185,9.588148181189931,373.74197434542197,365.1521199188202,0.0
2.537,6.09118623143077,-1.0072071268752647,0.9354628121675095,0.0,12.542250606556054,9.405074658719448,372.5372261329103,365.1521199188202,0.0
2.5380000000000003,5.419225654118272,-1.06465168290661,1.463985856282445,0.0,12.335572625623369,9.335273109933802,371.7813272546333,365.1521199188202,0.0
2.539,4.933302237895459,-1.1805078140226979,1.7756432220628033,0.0,12.154752016767842,9.327512967739525,371.23608798213667,365.1521199188202,0.0
2.54,4.602720130797618,-1.3313966203042575,1.987423177677961,0.0,12.006676661958254,9.35413079795752,370.65259251742356,365.1521199188202,0.0
2.541,4.390780254074619,-1.4920418916176053,2.2241661840484825,0.0,11.892232717433073,9.407210806185912,369.8998566138193,365.1521199188202,0.0
2.5420000000000003,4.269010991834429,-1.6426607049603197,2.553056768900629,0.0,11.809502784937816,9.488624173488176,369.082809320728,365.1521199188202,0.0
2.543,4.220144664765057,-1.7716674204915162,2.922273521427183,0.0,11.755871732997313,9.59510575109531,367.9215662356482,365.1521199188202,0.0
2.544,4.23443608676475,-1.8682404021880743,3.475200600798818,0.0,11.727584904842887,9.74064515726264,366.1568197514731,365.1521199188202,0.0
2.545,4.313363189271768,-1.9328291563407296,4.347526844559828,0.0,11.722819733260462,9.950689488962007,364.51862941507,365.1521199188202,0.0
2.5460000000000003,4.471488356841765,-1.976488148857586,5.172956917798886,0.0,11.743692113641544,10.204722418544257,362.4205832760231,365.1521199188202,0.0
2.547,4.712607892571043,-1.9949350912869392,6.2492953537503135,0.0,11.7894731226848,10.520640323174135,361.0735308957172,365.1521199188202,0.0
2.548,5.0451416224345005,-1.9987932299348754,6.96360743413427,0.0,11.862507747113701,10.843187967800382,359.74369630219167,365.1521199188202,0.0
2.549,5.446916420593985,-1.9800112924977566,7.682608967063336,0.0,11.958389079057772,11.171861467726343,358.1985675328339,365.1521199188202,0.0
2.5500000000000003,5.905296645776339,-1.9340680529521577,8.524708875602071,0.0,12.072683690824396,11.516292648675623,356.48559461321804,365.1521199188202,0.0
2.551,6.4183561128230675,-1.8631805913225257,9.467860588466031,0.0,12.202653771125473,11.881183122912969,354.6981771228749,365.1521199188202,0.0
2.552,6.9882668721341625,-1.7725268610738691,10.0,0.0,12.34685285510912,12.214125787043034,352.44398162020644,365.1521199188202,0.0
2.553,7.589184031397558,-1.6545743944180908,10.0,0.0,12.497858063077764,12.462470919117251,348.9857051479663,365.1521199188202,0.0
2.5540000000000003,8.177109716115204,-1.4947195218005955,10.0,0.0,12.642192752135593,12.642419405054603,344.06752034521287,365.1521199188202,0.0
2.555,8.734151096561066,-1.2909610493929056,10.0,0.0,12.769273937642708,12.76341121630214,337.8295629012685,365.1521199188202,0.0
2.556,9.253106685212881,-1.0511719304915337,10.0,0.0,12.871406967368788,12.83349726402839,329.5662381720168,365.1521199188202,0.0
2.557,9.735459698625297,-0.7834200563374167,10.0,0.0,12.943280483926953,12.858918734365774,344.6161570367292,365.1521199188202,0.0
2.5580000000000003,10.008145338335288,-0.7823146660951916,10.0,0.0,13.013064721677932,12.863813519091261,360.69746935938247,365.1521199188202,0.0
2.559,10.136783780041844,-0.9350880267780151,8.020661133849886,0.0,13.093176137703894,12.64604660165217,371.2820096035078,365.1521199188202,0.0
2.56,10.046734550641755,-1.122450881260007,2.66709211494035,0.0,13.162581900769542,11.90016011379211,375.6722063643926,365.1521199188202,0.0
2.561,9.523214567410717,-1.188728693740892,0.3667928700422225,0.0,13.155875369570698,11.09299233013633,376.878802752706,365.1521199188202,0.0
2.562,8.687854146037981,-1.1563601431860764,-0.3537721524533426,0.0,13.064899394440321,10.396265958219406,376.4195675371728,365.1521199188202,0.0
2.563,7.719032920996297,-1.0862700417782531,-0.23682902087025592,0.0,12.905962153981973,9.878400751221088,375.2073582682898,365.1521199188202,0.0
2.564,6.7724368203914675,-1.034615124891831,0.2687232300765414,0.0,12.706150977026205,9.545307015981201,373.63364234520003,365.1521199188202,0.0
2.565,5.951649478197413,-1.0359841716546587,0.9707659673576243,0.0,12.493678688554796,9.378531361796473,372.43728777285975,365.1521199188202,0.0
2.566,5.311922752655578,-1.101686772475732,1.4960915749873704,0.0,12.29298965913475,9.320113500037202,371.65472456109313,365.1521199188202,0.0
2.567,4.852862410134673,-1.2209222050314126,1.8223471344479485,0.0,12.118986618053695,9.322202747398102,371.06721878038707,365.1521199188202,0.0
2.568,4.544645527036959,-1.3712525676104275,2.056949036185313,0.0,11.977936791374967,9.358539673226847,370.4423044234226,365.1521199188202,0.0
2.569,4.352163868189058,-1.5285213524781667,2.3165043696215077,0.0,11.870421902656654,9.42143380510774,369.6739618676157,365.1521199188202,0.0
2.57,4.248041456912856,-1.6742641468031563,2.6554572280370294,0.0,11.794406935525323,9.511504944671968,368.7296648122862,365.1521199188202,0.0
2.571,4.2158103653352486,-1.796396754440362,3.091830306767097,0.0,11.746977737960396,9.632083179603567,367.49342944063886,365.1521199188202,0.0
2.572,4.248869398399578,-1.8872734320868056,3.686534897372587,0.0,11.725124392109862,9.792955640911963,365.8784561901049,365.1521199188202,0.0
2.573,4.3487754381102395,-1.9476480591086096,4.486758159926729,0.0,11.72727606917115,10.006973960441833,363.914316711289,365.1521199188202,0.0
2.574,4.523567976127819,-1.9851172427486539,5.481205931409973,0.0,11.754132274409482,10.282964519177638,362.1382311363865,365.1521199188202,0.0
2.575,4.789147612661039,-1.9999728768223812,6.399387606685579,0.0,11.807161342909273,10.597631314490698,360.81280119101405,365.1521199188202,0.0
2.576,5.137946904940306,-1.99771684715821,7.105495766649858,0.0,11.885957464486598,10.918912292180362,359.4081778296487,365.1521199188202,0.0
2.577,5.55149986661113,-1.9709786521241253,7.865246868224242,0.0,11.986083430518041,11.25045349097133,357.7979964750342,365.1521199188202,0.0
2.578,6.021320081582422,-1.91766891507734,8.74387877996935,0.0,12.10375423070064,11.600360471732435,356.0543528613873,365.1521199188202,0.0
2.579,6.547266311424169,-1.8411732083191241,9.706678257367127,0.0,12.23676721856815,11.97100957469911,354.25899710023623,365.1521199188202,0.0
2.58,7.131351656660219,-1.7466774424472566,10.0,0.0,12.38391424076725,12.28154253739396,351.76598621548305,365.1521199188202,0.0
2.581,7.732283679717048,-1.6196098222156885,10.0,0.0,12.534367376449172,12.512542019529013,347.94973296599443,365.1521199188202,0.0
2.582,8.314228648129992,-1.4492842864523574,10.0,0.0,12.67541001404476,12.677482240723899,342.74341759044876,365.1521199188202,0.0
2.583,8.863063379291752,-1.2355466505420907,10.0,0.0,12.797034525407781,12.78548033281519,335.8812028783071,365.1521199188202,0.0
2.584,9.372622907823175,-0.9890981605438589,10.0,0.0,12.89232443730293,12.84427786600682,335.5528277533319,365.1521199188202,0.0
2.585,9.840130681136309,-0.7271421573801673,10.0,0.0,12.957614435879695,12.86039437728967,353.1638321183684,365.1521199188202,0.0
2.586,10.04879743139373,-0.8091301945820679,10.0,0.0,13.02962532985092,12.863149972506724,363.9084082181768,365.1521199188202,0.0
2.587,10.145799145089372,-0.9961723641789861,6.405087973506456,0.0,13.11446545223037,12.468807253680964,371.7712486573653,365.1521199188202,0.0
2.588,9.944562892315817,-1.1465975978357612,2.4074764665267754,0.0,13.16606364449557,11.741700678414933,376.1233621880317,365.1521199188202,0.0
2.589,9.358141593564474,-1.1937861158139293,0.1217072785014448,0.0,13.143477844648682,10.943500064623958,377.2441381613462,365.1521199188202,0.0
2.59,8.486364053550906,-1.1531383025113604,-0.5596008905810628,0.0,13.038387418764323,10.260806041922542,376.48529262099487,365.1521199188202,0.0
2.591,7.503447259999013,-1.0802249827422252,-0.2935098474271438,0.0,12.867922646156678,9.771358547231165,374.94374961374666,365.1521199188202,0.0
2.592,6.565490736243174,-1.0324221230234434,0.3793453592476945,0.0,12.661030419969281,9.478508536728475,373.3117213092765,365.1521199188202,0.0
2.593,5.774849774290642,-1.043502363377634,1.1137634975782156,0.0,12.447239270386508,9.345902688384141,372.17535460872614,365.1521199188202,0.0
2.594,5.17489366351903,-1.120966840814571,1.6117145009543332,0.0,12.249976941042092,9.310697501469388,371.4609425524917,365.1521199188202,0.0
2.595,4.755062329229968,-1.2497323339538227,1.9058323027348365,0.0,12.0823098854116,9.32684193413784,370.9010966376106,365.1521199188202,0.0
2.596,4.480182524846173,-1.4050387403157802,2.1282654929874942,0.0,11.948820028379423,9.37217015602571,370.26413452155833,365.1521199188202,0.0
2.597,4.314321870828101,-1.5623338042760613,2.3956264049862357,0.0,11.848961372211258,9.442297812337063,369.46183366166645,365.1521199188202,0.0
2.598,4.231308350920139,-1.7046360267105218,2.753679697503716,0.0,11.780181641119237,9.539611971107094,368.3615274687806,365.1521199188202,0.0
2.599,4.217348911169645,-1.8202699874512125,3.271738718447039,0.0,11.73930801247055,9.674428103442988,367.0512243252536,365.1521199188202,0.0
2.6,4.270190115403736,-1.9059500130136593,3.9078992461462008,0.0,11.724271823124782,9.850520200654643,365.6345624498705,365.1521199188202,0.0
2.601,4.391539165769759,-1.9625931422054037,4.611405758527255,0.0,11.733722406390227,10.065703596797555,363.3450277593017,365.1521199188202,0.0
2.602,4.5827110849071016,-1.9919084656109896,5.774244025406848,0.0,11.766404525226118,10.36137543528422,361.837574536235,365.1521199188202,0.0
2.603,4.870458978665121,-2.0029217709122733,6.561116090766022,0.0,11.826303926376168,10.675935297204509,360.5346677732577,365.1521199188202,0.0
2.604,5.235029333667343,-1.9944168359492114,7.258743993710312,0.0,11.910623697704288,10.996674201605394,359.0571267608899,365.1521199188202,0.0
2.605,5.660575903126155,-1.9599221019030781,8.058464431473512,0.0,12.014876010944244,11.331599742733061,357.3848984622622,365.1521199188202,0.0
2.606,6.142369244569631,-1.8996198382348064,8.972250795352949,0.0,12.135907345309928,11.687235454856873,355.6138048934625,365.1521199188202,0.0
2.607,6.681776664543806,-1.817915124218644,9.953180730006377,0.0,12.272014621546322,12.063658275595225,353.812038211523,365.1521199188202,0.0
2.608,7.2804928164911615,-1.7199054210181637,10.0,0.0,12.422189432021026,12.350925659721682,351.07096508223486,365.1521199188202,0.0
2.609,7.881265970572972,-1.5838736348786884,10.0,0.0,12.572090100417563,12.5639177083535,346.8843003941926,365.1521199188202,0.0
2.61,8.456815951735479,-1.4030260460228066,10.0,0.0,12.709766989924882,12.713297852574739,341.4566207059103,365.1521199188202,0.0
2.611,8.996886112526663,-1.1792031510632568,10.0,0.0,12.825802162346598,12.807855453449173,334.01810940511183,365.1521199188202,0.0
2.612,9.496592772655355,-0.9257336659851729,10.0,0.0,12.914046163204588,12.85499378047209,347.76004949781947,365.1521199188202,0.0
2.613,9.900849885519394,-0.7489921006171034,10.0,0.0,12.981272719339369,12.86677145906476,354.40894201152963,365.1521199188202,0.0
2.614,10.076897219469641,-0.863977828509336,10.0,0.0,13.057370233441766,12.868771389805756,364.98898391659185,365.1521199188202,0.0
2.615,10.16127987881404,-1.0511170034445136,5.878404157840466,0.0,13.145493441171963,12.417283917056956,374.5237164845797,365.1521199188202,0.0
2.616,9.90947889468157,-1.1986146704692473,1.0173219081889329,0.0,13.194008932477637,11.554796358164001,377.8105418321905,365.1521199188202,0.0
2.617,9.212106867007847,-1.2119809157743964,-0.7526749847501568,0.0,13.151419429076768,10.711513181766914,377.576042806732,365.1521199188202,0.0
2.618,8.246058300555507,-1.1345621160503496,-0.7596647009000304,0.0,13.020110827953571,10.064522094855366,376.0754469167689,365.1521199188202,0.0
2.619,7.225359108851864,-1.045572282707424,-0.11860002589796359,0.0,12.828219284581062,9.64230269335726,374.25763828330213,365.1521199188202,0.0
2.62,6.303882507501775,-1.0040564234563498,0.6992491071906013,0.0,12.609618109211809,9.417824269792911,372.80341878153683,365.1521199188202,0.0
2.621,5.564716323457508,-1.035958639425099,1.3498458694460824,0.0,12.39435361137212,9.329414237796657,371.86130988650535,365.1521199188202,0.0
2.622,5.02531443797266,-1.1345197742805653,1.7538084172849704,0.0,12.20229726279118,9.31819121741867,371.3034040506688,365.1521199188202,0.0
2.623,4.658796032060468,-1.2793302047267303,1.9712484938847599,0.0,12.043267783031064,9.34368665296347,370.7896395630272,365.1521199188202,0.0
2.624,4.423794271424854,-1.4423439060027767,2.1717555412634866,0.0,11.919174197637346,9.392795981034238,370.1137214883174,365.1521199188202,0.0
2.625,4.285690950918539,-1.5999010427731706,2.460098562923406,0.0,11.828102051622057,9.467139027316696,369.4074329114849,365.1521199188202,0.0
2.626,4.222511955909516,-1.7381707264578432,2.7706897214130333,0.0,11.76720551867415,9.56179080783257,368.03751989389224,365.1521199188202,0.0
2.6270000000000002,4.221117033671934,-1.8432249456068388,3.4267922304586307,0.0,11.732037084342165,9.709474772908228,366.62855265690314,365.1521199188202,0.0
2.628,4.289629210742114,-1.9204094240760083,4.116511521572351,0.0,11.722593640391064,9.900631306275084,365.1691114960594,365.1521199188202,0.0
2.629,4.430097804851358,-1.9711413617535936,4.846062186221842,0.0,11.738018862531604,10.13031479852913,362.8501221278739,365.1521199188202,0.0
2.63,4.644040828342995,-1.9939727986382811,6.028576848224055,0.0,11.77687405036403,10.439224523302592,361.47037975240914,365.1521199188202,0.0
2.6310000000000002,4.9541859197997296,-2.0018388371931053,6.75526543762053,0.0,11.843371641762744,10.757262862770212,360.1649722147583,365.1521199188202,0.0
2.632,5.336974883018034,-1.9883772354234632,7.457840683486581,0.0,11.93346387138814,11.081158183542797,358.6454038553868,365.1521199188202,0.0
2.633,5.778183532752322,-1.9480295447442268,8.282692023806653,0.0,12.042632780171235,11.42067602833862,356.9452117139404,365.1521199188202,0.0
2.634,6.274965012498493,-1.8822869741862946,9.214857176578647,0.0,12.168008376701026,11.781214756660155,355.16402821718935,365.1521199188202,0.0
2.6350000000000002,6.82928426055228,-1.7960702988942605,10.0,0.0,12.308073877833444,12.139273928362694,353.16577990614,365.1521199188202,0.0
2.636,7.430636934746032,-1.688851755819511,10.0,0.0,12.459006873037572,12.407076703093228,350.08908222161335,365.1521199188202,0.0
2.637,8.02585753726604,-1.5413420340694226,10.0,0.0,12.606472962232582,12.603731760335862,345.53340429396786,365.1521199188202,0.0
2.638,8.592691078145961,-1.349285229074496,10.0,0.0,12.73920679690041,12.739068437302135,339.8673078836235,365.1521199188202,0.0
2.6390000000000002,9.12293227147377,-1.1168900521733396,10.0,0.0,12.8485580143889,12.821486634181305,331.91054452034257,365.1521199188202,0.0
2.64,9.61362838274975,-0.8570947236058428,10.0,0.0,12.928962395443051,12.85792397281433,343.32494927757347,365.1521199188202,0.0
2.641,9.941235327025364,-0.7889217909471608,10.0,0.0,13.00006900294831,12.867628212931914,354.4036573285536,365.1521199188202,0.0
2.642,10.112305522561481,-0.8930977705992995,10.0,0.0,13.077176460803114,12.867931037722043,368.96842687641174,365.1521199188202,0.0
2.6430000000000002,10.171952125629124,-1.1007396612134235,3.8668734430546445,0.0,13.168402303522491,12.19641998017257,376.6076286257748,365.1521199188202,0.0
2.644,9.775846586886733,-1.2151660619773115,-0.06728251869642854,0.0,13.193864941392867,11.273924797719156,377.70565071001147,365.1521199188202,0.0
2.645,8.957013047536082,-1.1847747183177761,-0.7418288687266781,0.0,13.120044485420681,10.497477492353458,376.7355506831295,365.1521199188202,0.0
2.646,7.953442873762368,-1.094138952650215,-0.3726131629287748,0.0,12.966295323722308,9.940856446786784,375.3257120101282,365.1521199188202,0.0
2.6470000000000002,6.9619822832135165,-1.01959636975368,0.23057025265878295,0.0,12.764965647175158,9.586205571486227,373.7430137864589,365.1521199188202,0.0
2.648,6.099264600542857,-1.0041686068191669,0.9360104258170434,0.0,12.547352222658837,9.403437740140827,372.5290156621346,365.1521199188202,0.0
2.649,5.423180087873419,-1.0600119386965576,1.4692405305460445,0.0,12.339520401595466,9.334528378833879,371.77763117600625,365.1521199188202,0.0
2.65,4.93521566901861,-1.1755278467571173,1.7786776610383637,0.0,12.157729143075624,9.327347795805478,371.2415235110082,365.1521199188202,0.0
2.6510000000000002,4.603785876016719,-1.3268323289694792,1.9858374576155047,0.0,12.008887286067683,9.353976984588167,370.6661402841976,365.1521199188202,0.0
2.652,4.39143188130809,-1.4882254276844276,2.218388867367045,0.0,11.89383272967532,9.406612767386616,369.9166406776622,365.1521199188202,0.0
2.653,4.269257275624953,-1.6396242862737487,2.5454934630463146,0.0,11.81058715065972,9.487451174371245,369.11240938150894,365.1521199188202,0.0
2.654,4.219825603448591,-1.7694476487384694,2.908006216496058,0.0,11.756516551529366,9.592702277561102,367.92233306802837,365.1521199188202,0.0
2.6550000000000002,4.233109445855559,-1.8665601707150097,3.475342241744263,0.0,11.727762266423802,9.738847506375208,366.18462620706555,365.1521199188202,0.0
2.656,4.311636966151767,-1.932056864185589,4.333870609343218,0.0,11.722731443772208,9.947762355172241,364.5648901236886,365.1521199188202,0.0
2.657,4.468836657867743,-1.9762653235034287,5.149610948983009,0.0,11.743303151855732,10.199922099623002,362.44952975505,365.1521199188202,0.0
2.658,4.708196161909405,-1.9949307184051561,6.2343170349400205,0.0,11.788644772421993,10.51532575796849,361.0982854079326,365.1521199188202,0.0
2.6590000000000003,5.03923670617843,-1.9989979043388766,6.950477553607575,0.0,11.861253333269872,10.837632943900743,359.7691658614417,365.1521199188202,0.0
2.66,5.43978684999927,-1.9805304532718,7.668866867426818,0.0,11.956759665149468,11.166081376280394,358.22563571679694,365.1521199188202,0.0
2.661,5.897108861867569,-1.934944021087193,8.50989678176943,0.0,12.070730374049432,11.510265076182229,356.51387035706045,365.1521199188202,0.0
2.662,6.409191799136556,-1.86439730489736,9.452161957255273,0.0,12.200418107590547,11.874910444162987,354.7273056031087,365.1521199188202,0.0
2.6630000000000003,6.978166992718351,-1.7740381165247152,10.0,0.0,12.344367561016538,12.209433139725537,352.4895514973413,365.1521199188202,0.0
2.664,7.5791415308626,-1.6567637999928038,10.0,0.0,12.495377755721403,12.459002683386936,349.0556457722999,365.1521199188202,0.0
2.665,8.167544912967593,-1.4976833862367425,10.0,0.0,12.63991778297407,12.640001665502572,344.15912716360094,365.1521199188202,0.0
2.666,8.725212804106732,-1.2946580537113435,10.0,0.0,12.767361723272801,12.76189531792766,337.9648571349248,365.1521199188202,0.0
2.6670000000000003,9.244880349593728,-1.0553376437307649,10.0,0.0,12.869955643011554,12.832757248047926,329.7102848637631,365.1521199188202,0.0
2.668,9.727763213200591,-0.7880827702540847,10.0,0.0,12.942371531805833,12.858871937588164,344.31707523505116,365.1521199188202,0.0
2.669,10.004152510730353,-0.7824918996563013,10.0,0.0,13.012214853643721,12.864042752961598,360.29735964052793,365.1521199188202,0.0
2.67,10.135704226265299,-0.9317772494169088,8.223400104665142,0.0,13.092068222014804,12.668548034761091,371.3037371365156,365.1521199188202,0.0
2.6710000000000003,10.059339845626834,-1.1231998425351355,2.6586951844943423,0.0,13.163950413474126,11.915952181977893,375.7531901946474,365.1521199188202,0.0
2.672,9.540422432400394,-1.1911489678902534,0.3279579526701797,0.0,13.158944978367082,11.101387358968518,376.911681490214,365.1521199188202,0.0
2.673,8.703922537929632,-1.1577355507255207,-0.36888331082705417,0.0,13.068628637328127,10.401259122342438,376.4249854827474,365.1521199188202,0.0
2.674,7.73241877396621,-1.0860157013245135,-0.23826396273302386,0.0,12.909776057468001,9.88194903129166,375.20948829411793,365.1521199188202,0.0
2.6750000000000003,6.783210061169147,-1.0330831310935469,0.2689109478287257,0.0,12.709772342257411,9.547865658808835,373.63763587593036,365.1521199188202,0.0
2.676,5.960145819838243,-1.0336399292933713,0.969981997351411,0.0,12.49695123482389,9.380281297813545,372.44410963330586,365.1521199188202,0.0
2.677,5.31850101090475,-1.0989353128816537,1.4938252215188053,0.0,12.295830726246905,9.321135592906998,371.6646142469884,365.1521199188202,0.0
2.678,4.8578317141817395,-1.218063991368466,1.8184479713958623,0.0,12.121358898834629,9.322519652428399,371.0798409233744,365.1521199188202,0.0
2.6790000000000003,4.548225119812337,-1.3685053796950424,2.0515574231573206,0.0,11.979829926046776,9.35816396786483,370.4571335404818,365.1521199188202,0.0
2.68,4.354494305460573,-1.526039579478102,2.3098609783870048,0.0,11.871842630174227,9.420387574671484,369.696508114987,365.1521199188202,0.0
2.681,4.249196947230908,-1.6721736443206277,2.64472980917272,0.0,11.795375829704435,9.509488028306091,368.75075967810477,365.1521199188202,0.0
2.682,4.21568370646834,-1.7946480795258481,3.081617630020994,0.0,11.747476601869238,9.629374211417302,367.47698812895624,365.1521199188202,0.0
2.6830000000000003,4.2475606597607545,-1.885830518955103,3.6952547224939005,0.0,11.725161239113847,9.791771458127613,365.9101925451191,365.1521199188202,0.0
2.684,4.347364092575324,-1.9472910859914978,4.471071788149471,0.0,11.727165975284738,10.004241342112062,363.97224603054406,365.1521199188202,0.0
2.685,4.521152327152023,-1.9853293011137738,5.451843784319762,0.0,11.753786824230072,10.277672788762038,362.1682298866778,365.1521199188202,0.0
2.686,4.784609118877548,-2.000096581808041,6.38369075657431,0.0,11.806332751671013,10.591876257883808,360.83251668854643,365.1521199188202,0.0
2.6870000000000003,5.131697195440819,-1.9978672875334063,7.094743387942735,0.0,11.88465153810289,10.913266172060773,359.4289911305755,365.1521199188202,0.0
2.688,5.544076122824354,-1.971415284549579,7.853737454810636,0.0,11.984390009923796,11.244836993258458,357.8226391877392,365.1521199188202,0.0
2.689,6.013011893071427,-1.9185089101960537,8.730208233539617,0.0,12.10175653553333,11.594587279056626,356.0819313438421,365.1521199188202,0.0
2.69,6.53814628892188,-1.8424007252370067,9.691264041237947,0.0,12.234518600559772,11.964975194054379,354.2880672058102,365.1521199188202,0.0
2.691,7.121396613487934,-1.748215044904236,10.0,0.0,12.381443907596328,12.277044729698087,351.8114694564525,365.1521199188202,0.0
2.692,7.722434850869706,-1.6218067634757336,10.0,0.0,12.531920583339794,12.509230780027124,348.0193191665921,365.1521199188202,0.0
2.693,8.304873276446607,-1.4522253569289396,10.0,0.0,12.673178324635952,12.675188048457962,342.83024331060733,365.1521199188202,0.0
2.694,8.854331928666042,-1.2391901473232219,10.0,0.0,12.795167959654417,12.78405929668696,336.0076054338298,365.1521199188202,0.0
2.695,9.364567545116941,-0.9932273501226225,10.0,0.0,12.890920200397929,12.843611052307505,334.68534891297776,365.1521199188202,0.0
2.696,9.833659058102262,-0.7299913848941975,10.0,0.0,12.95655606442602,12.860285146176468,352.71900612790654,365.1521199188202,0.0
2.697,10.047162969165345,-0.8055191170336675,10.0,0.0,13.028236161625827,12.863060901974258,363.8577442607757,365.1521199188202,0.0
2.698,10.145248638066763,-0.9919751787755233,6.429323751639553,0.0,13.112780714155642,12.471298320124072,371.6598697821358,365.1521199188202,0.0
2.699,9.946292745357754,-1.1429151171546756,2.4631834923263494,0.0,13.16443338585174,11.749463790558048,375.9981029383312,365.1521199188202,0.0
2.7,9.3647271752227,-1.1913575000376229,0.18560708403352422,0.0,13.142556600154968,10.956088632586921,377.18402121260254,365.1521199188202,0.0
2.701,8.498799844498848,-1.1528082952141743,-0.5276710660399644,0.0,13.038805140871347,10.273614830096344,376.48460153444785,365.1521199188202,0.0
2.702,7.519614098428294,-1.0814945351028493,-0.29128604311889283,0.0,12.86972242570302,9.781199554709046,374.9654573258319,365.1521199188202,0.0
2.703,6.582170868579641,-1.0341399708150578,0.3701526871189671,0.0,12.663810590042248,9.48483884326324,373.3489267972521,365.1521199188202,0.0
2.704,5.789740566186126,-1.044623797515968,1.0964498826245483,0.0,12.450480633382956,9.348594224563975,372.20680078645984,365.1521199188202,0.0
2.705,5.186417416522178,-1.1209371135400605,1.5969660793442788,0.0,12.2531488370153,9.310876125191921,371.4804055764656,365.1521199188202,0.0
2.706,4.762908915995392,-1.2485233564561045,1.896880827764937,0.0,12.085049763907735,9.325734820040687,370.9125319100526,365.1521199188202,0.0
2.707,4.484890345748263,-1.4030272501678758,2.1232135410591084,0.0,11.950966033474936,9.370542146793891,370.27679630086783,365.1521199188202,0.0
2.708,4.316627699497204,-1.5601443969945414,2.3898345818310274,0.0,11.85050925597455,9.440254060565607,369.47185998815144,365.1521199188202,0.0
2.709,4.231935592952071,-1.7024221969163946,2.7491053374959113,0.0,11.781148734124514,9.537436183182983,368.37514488689294,365.1521199188202,0.0
2.71,4.216775918640797,-1.8184395591632585,3.2652326384444317,0.0,11.739781608569153,9.671965980010095,367.0699587902461,365.1521199188202,0.0
2.711,4.268638280756897,-1.904681544634841,3.898647298053583,0.0,11.724330620031447,9.847563967570604,365.66233877929284,365.1521199188202,0.0
2.712,4.389021893218976,-1.9618997743001727,4.597355114925497,0.0,11.733416114512034,10.06185719703144,363.3875851511792,365.1521199188202,0.0
2.713,4.5789337952952875,-1.9917693703895176,5.752377276658714,0.0,11.765735855763825,10.356008539512409,361.861293364116,365.1521199188202,0.0
2.714,4.865015226525696,-2.0029045751176455,6.548431435737355,0.0,11.825164933697724,10.670422619337199,360.55524424835005,365.1521199188202,0.0
2.715,5.2283185633327625,-1.9946890202130316,7.2474247503250435,0.0,11.909077448733925,10.991164369250285,359.08147724612024,365.1521199188202,0.0
2.716,5.652906114182989,-1.9606224662341445,8.045014678166947,0.0,12.01300772186919,11.32589655736696,357.41288429601184,365.1521199188202,0.0
2.717,6.133817675629064,-1.9007435169267581,8.95670350944923,0.0,12.133772167618567,11.681204029897561,355.6435213765831,365.1521199188202,0.0
2.718,6.672306413962368,-1.8193801913424839,9.93647095458596,0.0,12.26963973972487,12.057290084800057,353.84229220458536,365.1521199188202,0.0
2.719,7.270063183226938,-1.7216208433318776,10.0,0.0,12.41958926508547,12.346176454731339,351.11831498787575,365.1521199188202,0.0
2.72,7.870899098172074,-1.5862164521399507,10.0,0.0,12.569515585352134,12.560419466800093,346.95690239825126,365.1521199188202,0.0
2.721,8.446937363184828,-1.4061069384714495,10.0,0.0,12.70741557220739,12.710874959686691,341.5420598151489,365.1521199188202,0.0
2.722,8.987658992237492,-1.1829806712389126,10.0,0.0,12.82382831540689,12.806355905424486,334.14194713440014,365.1521199188202,0.0
2.723,9.488079506467166,-0.930002050073968,10.0,0.0,12.912551493204395,12.854290990633713,347.8369164620099,365.1521199188202,0.0
2.724,9.898206340217795,-0.7449623751381236,10.0,0.0,12.97937128371178,12.866195138531493,354.4918966590403,365.1521199188202,0.0
2.725,10.074160923829826,-0.8615292738248543,10.0,0.0,13.055372265563106,12.868337114830421,364.7644114113716,365.1521199188202,0.0
2.726,10.160090710166248,-1.0476862588274451,5.991427611532025,0.0,13.14329894622261,12.42922929829222,374.3599900990027,365.1521199188202,0.0
2.727,9.916660162289082,-1.1969833748668512,1.1015595659146618,0.0,13.19308329007665,11.572661828470416,377.78186193001306,365.1521199188202,0.0
2.728,9.227774981509565,-1.213302646206206,-0.7356737697024567,0.0,13.152534601250037,10.726875617961465,377.6120570701481,365.1521199188202,0.0
2.729,8.265564187528959,-1.1372962846828998,-0.7753707112832666,0.0,13.022938267774236,10.074573164933097,376.1207617000984,365.1521199188202,0.0
2.73,7.244142339542031,-1.0478830263015673,-0.13940944407118572,0.0,12.831995927536466,9.647628328007881,374.2973965819308,365.1521199188202,0.0
2.731,6.319377649877808,-1.0048886078228487,0.6808203483815092,0.0,12.613618084181102,9.419659302632278,372.8246054067968,365.1521199188202,0.0
2.732,5.575991067782527,-1.0350993769460894,1.3404910810687323,0.0,12.398034251412064,9.329535755263603,371.8709420221498,365.1521199188202,0.0
2.733,5.032836582681995,-1.1323884239693207,1.7501345523589507,0.0,12.205396134664383,9.317643381410054,371.30929150965903,365.1521199188202,0.0
2.734,4.663519077404294,-1.2765333339128973,1.9693880926959402,0.0,12.045715641829677,9.342891268720797,370.7976394507929,365.1521199188202,0.0
2.735,4.4265954761100375,-1.4394399140703242,2.1687589268092946,0.0,11.921006261727396,9.391752995455692,370.1262589646907,365.1521199188202,0.0
2.736,4.287146200834526,-1.597260745600004,2.454707779401679,0.0,11.82938521797552,9.465688461218253,369.4277311920094,365.1521199188202,0.0
2.737,4.222882326940874,-1.7360020412438357,2.7612155530104383,0.0,11.768003159380616,9.55959917597596,368.0675643608333,365.1521199188202,0.0
2.738,4.220328968402024,-1.841619999805647,3.412144524178366,0.0,11.732380940606333,9.706155953191129,366.6507805384959,365.1521199188202,0.0
2.739,4.2874889631072115,-1.9191599989071,4.105549829150298,0.0,11.72244984174654,9.896846991639626,365.1890016822462,365.1521199188202,0.0
2.74,4.426796531102536,-1.9702971195947088,4.836070439640878,0.0,11.737430639902195,10.126246797929102,362.8736136414109,365.1521199188202,0.0
2.741,4.639678105223468,-1.9937484954132039,6.016549522832635,0.0,11.77592161900439,10.434728298978037,361.498255758758,365.1521199188202,0.0
2.742,4.94882569169038,-2.0021282416534127,6.74076710575971,0.0,11.842098908629499,10.752192472352208,360.19511228515324,365.1521199188202,0.0
2.743,5.330521653137315,-1.9890898128594552,7.441908918898747,0.0,11.931886861999773,11.075516301072998,358.67575799975856,365.1521199188202,0.0
2.744,5.770560161836782,-1.9490706826963822,8.266349680786705,0.0,12.040756682875106,11.414576331592555,356.9748741210471,365.1521199188202,0.0
2.745,6.266170323900923,-1.8835920613300923,9.19856407812017,0.0,12.165843067666197,11.774799784495428,355.1932437359623,365.1521199188202,0.0
2.746,6.819383949064859,-1.7976045246736176,10.0,0.0,12.305639316449913,12.134447940873175,353.21085083261136,365.1521199188202,0.0
2.747,7.4206803821967755,-1.6910376389132384,10.0,0.0,12.45655827392596,12.403486075879853,350.1580351177031,365.1521199188202,0.0
2.748,8.016306828483849,-1.5442965087800054,10.0,0.0,12.604213293698018,12.601206348373207,345.6264891367308,365.1521199188202,0.0
2.749,8.583726185184199,-1.3529757926847705,10.0,0.0,12.737296971273066,12.737460230820265,339.98394989362924,365.1521199188202,0.0
2.75,9.114646307438736,-1.121076125084381,10.0,0.0,12.847101913060214,12.82067007289913,332.0582062450892,365.1521199188202,0.0
2.751,9.605890404545153,-0.861738971191707,10.0,0.0,12.928039254624348,12.857811775489655,343.69986109106543,365.1521199188202,0.0
2.7520000000000002,9.937168235802732,-0.7888606812593824,10.0,0.0,12.999173791937496,12.867804921510276,354.11672248096636,365.1521199188202,0.0
2.753,10.109956362564839,-0.8915580997795529,10.0,0.0,13.076219689057933,12.868218291028892,368.43397690068974,365.1521199188202,0.0
2.754,10.171551326039495,-1.0972623398452481,4.138308314645335,0.0,13.167202825640206,12.226461263204088,376.5821735756005,365.1521199188202,0.0
2.755,9.793408872220478,-1.2173316637013278,-0.050090559377849786,0.0,13.196062529005292,11.298082912085828,377.8657245193154,365.1521199188202,0.0
2.7560000000000002,8.982025850296107,-1.1901880236085014,-0.8190020772402455,0.0,13.125011933273266,10.508202796064754,376.8623134705277,365.1521199188202,0.0
2.757,7.975535398609075,-1.0981020313214678,-0.43439848836346506,0.0,12.97222036276169,9.94280126149399,375.380629736348,365.1521199188202,0.0
2.758,6.977160752404427,-1.020203470245162,0.20415828055109753,0.0,12.770519814048672,9.58481223858662,373.7534697053172,365.1521199188202,0.0
2.759,6.108059401911611,-1.0018290190403927,0.9317247982015413,0.0,12.551948213894459,9.401716214443251,372.5604927891807,365.1521199188202,0.0
2.7600000000000002,5.427292909784507,-1.0567045894670768,1.4541295275661579,0.0,12.343144228600316,9.331454788381453,371.7555354368647,365.1521199188202,0.0
2.761,4.936216045197693,-1.1707143538990108,1.790574048543724,0.0,12.160186817612644,9.326334746593584,371.22488887340984,365.1521199188202,0.0
2.762,4.603979042988825,-1.3221599666993589,1.9951696407252602,0.0,12.010532063308682,9.354207339413042,370.66827403472655,365.1521199188202,0.0
2.763,4.391870706655348,-1.4845066279598067,2.2183155189078407,0.0,11.894973720327698,9.406836835173015,369.9313739517922,365.1521199188202,0.0
2.7640000000000002,4.2699250501504205,-1.6369527553763235,2.5389730200453045,0.0,11.81137976862403,9.486981352254393,369.1428219089216,365.1521199188202,0.0
2.765,4.220247868973026,-1.7677115551409563,2.8933420215795937,0.0,11.757018670498807,9.590771070979129,367.9270599440604,365.1521199188202,0.0
2.766,4.232578026009268,-1.8653467765124476,3.4734736037577925,0.0,11.7279049404118,9.737163402957371,366.2129775992525,365.1521199188202,0.0
2.767,4.310525139390122,-1.9316116912503407,4.319906199357408,0.0,11.72265460493877,9.94486051752173,364.60985745821023,365.1521199188202,0.0
2.7680000000000002,4.466622946780563,-1.9762263156741313,5.126888894484642,0.0,11.742943974008718,10.195175369911208,362.47631699826997,365.1521199188202,0.0
2.769,4.704113907455344,-1.9950120400993663,6.220417153660275,0.0,11.787856174853154,10.51014292792646,361.1211597928962,365.1521199188202,0.0
2.77,5.033632956081133,-1.9992308585615703,6.938305357606394,0.0,11.860050124201265,10.832265184324859,359.7931940034208,365.1521199188202,0.0
2.771,5.432971034193608,-1.9810469465158425,7.655877511498088,0.0,11.955194485744752,11.160516666800742,358.2515820079425,365.1521199188202,0.0
2.7720000000000002,5.8892613054518534,-1.935797629994358,8.495688888346024,0.0,12.06885397368457,11.504462418040456,356.54114879707976,365.1521199188202,0.0
2.773,6.4003946335380615,-1.8655754434324872,9.437015204994795,0.0,12.198270140597788,11.86886556063617,354.7554109342462,365.1521199188202,0.0
2.774,6.9684589390180225,-1.775496280930582,10.0,0.0,12.341978519069665,12.204909329625774,352.5334544756227,365.1521199188202,0.0
2.775,7.569481448448449,-1.65887324464288,10.0,0.0,12.492992694226688,12.455657878631019,349.1229725562029,365.1521199188202,0.0
2.7760000000000002,8.15833984539559,-1.5005377492481347,10.0,0.0,12.637729632637985,12.637668791681556,344.2475006621367,365.1521199188202,0.0
2.777,8.716607889710607,-1.2982179617737932,10.0,0.0,12.765522146844976,12.760431406362988,338.0949235816685,365.1521199188202,0.0
2.778,9.236961154009713,-1.0593453223412483,10.0,0.0,12.868558878636577,12.83204083236722,329.84981645973266,365.1521199188202,0.0
2.779,9.720350010658652,-0.792573924617058,10.0,0.0,12.941496752494107,12.858823747361798,343.4366873744598,365.1521199188202,0.0
2.7800000000000002,10.00052598269513,-0.7822473457836576,10.0,0.0,13.011350920770907,12.864236689885153,359.9603807945509,365.1521199188202,0.0
2.781,10.135387252404355,-0.9272913886895564,8.393868814302124,0.0,13.090819076980345,12.68738634460943,371.4081280822897,365.1521199188202,0.0
2.782,10.070086217664766,-1.1229614228768083,2.6074350887980184,0.0,13.16472864637281,11.924253178052206,375.79063706939553,365.1521199188202,0.0
2.783,9.552330957558976,-1.191381112864863,0.3097954237393461,0.0,13.160503407727116,11.106248327452775,376.8704503596047,365.1521199188202,0.0
2.7840000000000003,8.714932196712155,-1.1569558170133996,-0.3472945257730933,0.0,13.070429228442508,10.407254251345028,376.38545589215926,365.1521199188202,0.0
2.785,7.743494224281679,-1.0848573606920011,-0.21713065178375324,0.0,12.911876482238743,9.888525279912427,375.1997745756718,365.1521199188202,0.0
2.786,6.7945646761744385,-1.0320437166747265,0.2752334598914459,0.0,12.712217597233412,9.553340215114586,373.6494123614814,365.1521199188202,0.0
2.787,5.970977658409174,-1.0326435033279782,0.965441642560056,0.0,12.499600207220857,9.383812303745893,372.4629526579856,365.1521199188202,0.0
2.7880000000000003,5.327835450726001,-1.0977279510011382,1.4855631669162799,0.0,12.29844505645021,9.322796503032814,371.6827258068775,365.1521199188202,0.0
2.789,4.865111246791843,-1.2165018489145791,1.8103705335897695,0.0,12.12371812497906,9.322762602760422,371.09525807619576,365.1521199188202,0.0
2.79,4.553363748297982,-1.366639576870244,2.0446730173568826,0.0,11.981787907723776,9.357449581710785,370.47104104612635,365.1521199188202,0.0
2.791,4.357703229287125,-1.524057813951278,2.303592321118529,0.0,11.873334038888414,9.41901812172295,369.69926589167716,365.1521199188202,0.0
2.7920000000000003,4.2509127177904755,-1.670072336053701,2.644008438614553,0.0,11.796369825998262,9.508231351811833,368.77247445265914,365.1521199188202,0.0
2.793,4.21628556073735,-1.793163134108888,3.071200612785173,0.0,11.748103199971059,9.627154897747495,367.6910550234461,365.1521199188202,0.0
2.794,4.246813980764413,-1.8849355164321595,3.586520976345435,0.0,11.725419645215151,9.778068346963282,365.87756937283024,365.1521199188202,0.0
2.795,4.3398911626931636,-1.9435537113306707,4.486009307113264,0.0,11.725626068472017,9.995479402718873,363.9718911783381,365.1521199188202,0.0
2.7960000000000003,4.511970137454221,-1.981693426616764,5.450650691764141,0.0,11.751162141711239,10.270287748824076,362.13001374717123,365.1521199188202,0.0
2.797,4.775042018336725,-1.9975000751526641,6.401810469064076,0.0,11.802982776423148,10.5879329121497,360.8173881584927,365.1521199188202,0.0
2.798,5.123713393963541,-1.9972402239721725,7.101470581006622,0.0,11.881199213881217,10.910723504644514,359.44514595101106,365.1521199188202,0.0
2.799,5.537711786464049,-1.9727395931397491,7.844661424425531,0.0,11.981180595963195,11.241757963873514,357.8569860497292,365.1521199188202,0.0
2.8000000000000003,6.0071790275558365,-1.921113396751422,8.711692713757376,0.0,12.098833410465488,11.590127236185038,356.1204456573296,365.1521199188202,0.0
2.801,6.5316482995618355,-1.8455332490738554,9.670279652572084,0.0,12.23176031646805,11.959202165582195,354.3233593942466,365.1521199188202,0.0
2.802,7.113483092269907,-1.7513667184794983,10.0,0.0,12.378699507921471,12.272588526990985,351.8616362199942,365.1521199188202,0.0
2.803,7.714039625803843,-1.625283060372329,10.0,0.0,12.529355879284585,12.50579009716831,348.0941754596569,365.1521199188202,0.0
2.8040000000000003,8.296419514432703,-1.4561254286724932,10.0,0.0,12.670920267623208,12.672680925050381,342.9235635492053,365.1521199188202,0.0
2.805,8.846037090334862,-1.2435271898519786,10.0,0.0,12.793323069962918,12.782404974515154,336.14190570272075,365.1521199188202,0.0
2.806,9.35659366304264,-0.9978459430326947,10.0,0.0,12.889559042253214,12.842731852028589,333.7739240873536,365.1521199188202,0.0
2.807,9.827067010654519,-0.7331077885220083,10.0,0.0,12.955539720537848,12.86000313650948,352.14089202108323,365.1521199188202,0.0
2.8080000000000003,10.04528873643419,-0.8020433219929306,10.0,0.0,13.026879749669016,12.862845704011102,363.7791011639191,365.1521199188202,0.0
2.809,10.14469264555793,-0.9873567057245631,6.467710508695528,0.0,13.111065149512996,12.475233960886374,371.56564181055677,365.1521199188202,0.0
2.81,9.94879083207112,-1.1392537928961632,2.5103049664593318,0.0,13.162926380811662,11.757353455900361,375.87802671093965,365.1521199188202,0.0
2.811,9.371866144691339,-1.1888980163772667,0.24685344834669642,0.0,13.141755332193071,10.968544210449698,377.1191739801123,365.1521199188202,0.0
2.8120000000000003,8.511542810544233,-1.1522972652588457,-0.4933907268525477,0.0,13.039297939033435,10.286572760473838,376.47867170879397,365.1521199188202,0.0
2.813,7.536095308120961,-1.0825596814751492,-0.28640510909312233,0.0,12.871584013487151,9.791419567810212,375.00777141670807,365.1521199188202,0.0
2.814,6.599413010635537,-1.0355097580763424,0.3504885219709486,0.0,12.666648045493105,9.490279322796948,373.38446984065524,365.1521199188202,0.0
2.815,5.804518764558392,-1.0452611550033255,1.0798158107790101,0.0,12.45363480269309,9.350688115037478,372.2277678931591,365.1521199188202,0.0
2.816,5.197612838574148,-1.120378031617731,1.5874103047836803,0.0,12.256129105855447,9.311107534623881,371.49144568606187,365.1521199188202,0.0
2.817,4.770666947453204,-1.2469526306597178,1.892178150659893,0.0,12.087587957788683,9.325077949437677,370.92089582811656,365.1521199188202,0.0
2.818,4.489886290032396,-1.400900098907542,2.1197653205395834,0.0,11.952966441526813,9.369400531596504,370.28755021077166,365.1521199188202,0.0
2.819,4.319547901194103,-1.557905593688498,2.3850838262925196,0.0,11.85197046485044,9.438667284045284,369.4852267631826,365.1521199188202,0.0
2.82,4.233258117442498,-1.7003752774830025,2.7429144816434254,0.0,11.78210237135617,9.535404442936919,368.3927451341664,365.1521199188202,0.0
2.821,4.216779288650175,-1.8168106581804362,3.2567490439980737,0.0,11.740277998139263,9.669374345225101,367.09123258923137,365.1521199188202,0.0
2.822,4.267424388017515,-1.9035603100823903,3.888114189761465,0.0,11.724411160375105,9.844340891154875,365.69166238237386,365.1521199188202,0.0
2.823,4.386601542718357,-1.9612856893903705,4.582503868554681,0.0,11.733109956185201,10.057690275901454,363.43388532319864,365.1521199188202,0.0
2.824,4.57505049945271,-1.9916740128189314,5.728574744098509,0.0,11.765039272673006,10.350160887582506,361.8851519902548,365.1521199188202,0.0
2.825,4.859245716236206,-2.002871192764821,6.535611089856068,0.0,11.823950525239892,10.66451367474328,360.5754857209594,365.1521199188202,0.0
2.826,5.221179915420558,-1.9949438345232249,7.236210566482378,0.0,11.907421950060142,10.985347077673547,359.1064449449212,365.1521199188202,0.0
2.827,5.644781567092675,-1.9613461541466986,8.031187704240487,0.0,12.01101310143239,11.319908933487847,357.44239710205136,365.1521199188202,0.0
2.828,6.124796444489161,-1.9019367390963695,8.940308853843087,0.0,12.131502264397067,11.674861653939749,355.6751827786092,365.1521199188202,0.0
2.829,6.662331579667673,-1.8209470799260603,9.91868538696627,0.0,12.267123014752237,12.050569509694794,353.87450994149265,365.1521199188202,0.0
2.83,7.259072257844764,-1.7234543458814473,10.0,0.0,12.41683817149419,12.341163373764624,351.16855791941225,365.1521199188202,0.0
2.831,7.859969590326269,-1.58871292778749,10.0,0.0,12.566794570319047,12.556724921180141,347.0338563553541,365.1521199188202,0.0
2.832,8.436517597035834,-1.4093813646196929,10.0,0.0,12.704932426235446,12.708314646323348,341.632794484777,365.1521199188202,0.0
2.833,8.977919154491019,-1.1869919313991377,10.0,0.0,12.821745947051944,12.804770493290908,334.27335446024307,365.1521199188202,0.0
2.834,9.479088234598615,-0.9345293013193392,10.0,0.0,12.910976705506977,12.853547524406071,347.9077122254671,365.1521199188202,0.0
2.835,9.895401254544254,-0.7407354606457348,10.0,0.0,12.977369395054726,12.865587186862282,354.5845146709796,365.1521199188202,0.0
2.836,10.071293066145646,-0.8588965482580844,10.0,0.0,13.053262439937415,12.867877182950949,364.5085724558833,365.1521199188202,0.0
2.837,10.158714398440678,-1.0442504323059527,6.120312116325398,0.0,13.141002496309843,12.442904388278368,374.1671629997029,365.1521199188202,0.0
2.838,9.924757381121612,-1.1956076687456743,1.2008664136067857,0.0,13.192267024745657,11.593470215476039,377.76288680420845,365.1521199188202,0.0
2.839,9.245709271598983,-1.2153373999895583,-0.7231031574998745,0.0,13.154118381130091,10.744019438877274,377.6696138987266,365.1521199188202,0.0
2.84,8.287476130574959,-1.1407993388491455,-0.8016416445580115,0.0,13.026443040178323,10.084914502128921,376.1806456092339,365.1521199188202,0.0
2.841,7.264557642769039,-1.0505978012333779,-0.1674427567158121,0.0,12.836447951120565,9.652438489741854,374.3431001482647,365.1521199188202,0.0
2.842,6.335549289207433,-1.0056591253060403,0.6594201714743617,0.0,12.618163530754025,9.420785236923937,372.8451530825309,365.1521199188202,0.0
2.843,5.587222495861624,-1.0338393791568643,1.3314633727041532,0.0,12.402091441825208,9.329150853936957,371.877748060336,365.1521199188202,0.0
2.844,5.039981847757694,-1.129718975483524,1.7479096023864429,0.0,12.208728076548004,9.31687455696652,371.3129835605935,365.1521199188202,0.0
2.845,4.667831501332391,-1.273221955362589,1.9686832158399428,0.0,12.048299949924905,9.34207431997421,370.80500317601116,365.1521199188202,0.0
2.846,4.429096000656106,-1.4361269097484668,2.1661445755592164,0.0,11.92291912744854,9.390763709063545,370.1395395621537,365.1521199188202,0.0
2.847,4.288429656665392,-1.5943319498159083,2.4490021860546163,0.0,11.830718830992305,9.464271743385828,369.31095468673294,365.1521199188202,0.0
2.848,4.22343429567226,-1.7331784495785658,2.8217062760858607,0.0,11.76878043218714,9.56512064469808,368.13605794075164,365.1521199188202,0.0
2.849,4.223558670061331,-1.841997614285911,3.379315268857196,0.0,11.733702406513899,9.706637129510396,366.7429997844353,365.1521199188202,0.0
2.85,4.289730342162411,-1.9202792988085624,4.059935548359209,0.0,11.72380662553963,9.892508663904435,365.25789977407965,365.1521199188202,0.0
2.851,4.425746368687001,-1.9706613231305037,4.801427754984448,0.0,11.738246781932382,10.119261360498705,362.90400988139794,365.1521199188202,0.0
2.852,4.634805701242798,-1.99343849195631,6.000853801699524,0.0,11.775919860672905,10.427668379829338,361.51274779944066,365.1521199188202,0.0
2.853,4.941507534850781,-2.001426665577151,6.732878563871958,0.0,11.841317260882468,10.745883860101456,360.2133064714442,365.1521199188202,0.0
2.854,5.321935699262154,-1.9886588851901534,7.431987362343957,0.0,11.930512131519514,11.069619172828343,358.70213685748513,365.1521199188202,0.0
2.855,5.761267255281953,-1.949218361000798,8.252071999936835,0.0,12.038950266508584,11.40859647397868,357.0063887239505,365.1521199188202,0.0
2.856,6.256248823666154,-1.8843250322561371,9.181403378652835,0.0,12.16369845719376,11.768490806833658,355.22617800465014,365.1521199188202,0.0
2.857,6.808730960097311,-1.798805781334503,10.0,0.0,12.303203077781983,12.129799620709097,353.260386700299,365.1521199188202,0.0
2.858,7.410271594134396,-1.6930793866230882,10.0,0.0,12.454113406789892,12.400097400662576,350.23181279654256,365.1521199188202,0.0
2.859,8.006521724868078,-1.547238727824252,10.0,0.0,12.601977272371595,12.598884327481162,345.72481444893253,365.1521199188202,0.0
2.86,8.574671985527107,-1.356735953272509,10.0,0.0,12.735436545464287,12.736044920810905,340.1045446575614,365.1521199188202,0.0
2.861,9.106354249154961,-1.125380957298499,10.0,0.0,12.845721928769056,12.82003183572447,332.21097398915794,365.1521199188202,0.0
2.862,9.598197029663215,-0.8665074043808367,10.0,0.0,12.927214924373505,12.857862714257521,344.3079478346359,365.1521199188202,0.0
2.863,9.933837003402784,-0.7877227173169041,10.0,0.0,12.998264128222964,12.86805783519145,353.9031459007522,365.1521199188202,0.0
2.864,10.107399944290524,-0.8904771234216344,10.0,0.0,13.07531875532302,12.86860284065667,368.0447405955394,365.1521199188202,0.0
2.865,10.170987364551666,-1.0942222361038603,4.335799355686962,0.0,13.166106838593592,12.24847775059109,376.47493802812374,365.1521199188202,0.0
2.866,9.806487888991441,-1.2177592952400165,0.007472458301751139,0.0,13.197355229908702,11.32070084210412,377.9502397117009,365.1521199188202,0.0
2.867,9.003556613454824,-1.1939110197863454,-0.8581595814156202,0.0,13.128842410352345,10.521567653755728,376.9663386956567,365.1521199188202,0.0
2.868,7.997076431663643,-1.101666507215823,-0.4843512611619003,0.0,12.97735914028856,9.947955245153283,375.4439104462973,365.1521199188202,0.0
2.869,6.993954500594566,-1.02148315466578,0.17394495824302592,0.0,12.775765232716111,9.585508861936397,373.7807685963693,365.1521199188202,0.0
2.87,6.11920272977093,-1.0005456845672844,0.9192293964315468,0.0,12.556584789393883,9.400737527770552,372.5631362747418,365.1521199188202,0.0
2.871,5.4338332125061655,-1.0535853522357383,1.4539353936860753,0.0,12.346888995131808,9.330533227196067,371.75280639961534,365.1521199188202,0.0
2.872,4.939866517146238,-1.1667965801259874,1.793093466441352,0.0,12.163065188629735,9.325822746600306,371.2268551667064,365.1521199188202,0.0
2.873,4.606082342497811,-1.3182546294273532,1.9953217304169586,0.0,12.01268098786254,9.353831053981404,370.6778875722315,365.1521199188202,0.0
2.874,4.393136138106869,-1.481086191715644,2.2145478511202965,0.0,11.896532929268872,9.406178941921802,369.9458006704154,365.1521199188202,0.0
2.875,4.270569411689404,-1.6341739541968077,2.5326544945123963,0.0,11.812445803578658,9.485829582636903,369.1712936636929,365.1521199188202,0.0
2.876,4.220219694275666,-1.765660771920519,2.879716260424919,0.0,11.757665126853771,9.588414976179266,367.928959215819,365.1521199188202,0.0
2.8770000000000002,4.231480978777212,-1.8637685015306942,3.4731150913918674,0.0,11.72809803923549,9.735324777972835,366.2400080233574,365.1521199188202,0.0
2.878,4.308932624051307,-1.930873692931256,4.306711806577303,0.0,11.722579134316355,9.941941473050814,364.65392901843944,365.1521199188202,0.0
2.879,4.464069822981984,-1.9760004060992933,5.104733218040091,0.0,11.74256667593141,10.190500420808497,362.5042903311241,365.1521199188202,0.0
2.88,4.699839415226561,-1.9950119678912284,6.206030857574732,0.0,11.787051362826167,10.504981471028508,361.14574070874744,365.1521199188202,0.0
2.8810000000000002,5.02790759734253,-1.9994454885858894,6.925369460863781,0.0,11.858833257711936,10.82684735077213,359.81868622768525,365.1521199188202,0.0
2.882,5.42604075508271,-1.981571444977538,7.642231038306226,0.0,11.953613071079623,11.154852253985485,358.2785806517976,365.1521199188202,0.0
2.883,5.881275647024536,-1.9366664489538876,8.481019218920277,0.0,12.066954584305364,11.498538225771195,356.5691815210006,365.1521199188202,0.0
2.884,6.391430015914779,-1.8667708868453523,9.421548168296978,0.0,12.196091081515396,11.862695422667695,354.7841526202271,365.1521199188202,0.0
2.8850000000000002,6.958559734438334,-1.7769751919297965,10.0,0.0,12.339551077874447,12.200292236240426,352.5782604276494,365.1521199188202,0.0
2.886,7.559628706034506,-1.6610166103186081,10.0,0.0,12.490567268926796,12.45224456008442,349.1916370265996,365.1521199188202,0.0
2.887,8.148950628457674,-1.5034420953761192,10.0,0.0,12.635503462430744,12.635288548898654,344.3378084769091,365.1521199188202,0.0
2.888,8.707831324963943,-1.3018433080567542,10.0,0.0,12.763650314010018,12.75893810079041,338.22722218369876,365.1521199188202,0.0
2.8890000000000002,9.228886829455911,-1.0634254132178378,10.0,0.0,12.867137455061448,12.83131008412186,329.9929357561146,365.1521199188202,0.0
2.89,9.712790035078514,-0.7971522233856141,10.0,0.0,12.940607208407734,12.85877478565174,343.52370470598146,365.1521199188202,0.0
2.891,9.996415430951915,-0.7827549677626098,10.0,0.0,13.01055549035216,12.864480230873417,359.5381033318558,365.1521199188202,0.0
2.892,10.133943555617162,-0.9247073595798804,8.608084677770403,0.0,13.089838224280449,12.711207434567665,371.40726808341253,365.1521199188202,0.0
2.8930000000000002,10.083231468545291,-1.1243803326613095,2.610950820346103,0.0,13.166409908306118,11.942378231015503,375.8808096986866,365.1521199188202,0.0
2.894,9.571151582063585,-1.1946870840575028,0.26689311491039547,0.0,13.164178516496769,11.116035773839707,376.9316128676154,365.1521199188202,0.0
2.895,8.732654005056192,-1.1592237415690714,-0.3763033990419462,0.0,13.074931982963086,10.411907318326143,376.4118530358607,365.1521199188202,0.0
2.896,7.757552562986788,-1.085051446871081,-0.2290208143350032,0.0,12.916392938239515,9.890776287325423,375.2088815501033,365.1521199188202,0.0
2.8970000000000002,6.80484643424651,-1.0303984085103333,0.2718973122308741,0.0,12.716324583615535,9.55457928276833,373.65174890757623,365.1521199188202,0.0
2.898,5.978244145316951,-1.0298089232188772,0.9654673436068393,0.0,12.503125050999785,9.384677855885098,372.46527448059163,365.1521199188202,0.0
2.899,5.332985344191854,-1.0943702612233241,1.485573011481426,0.0,12.301362970990699,9.32343498681552,371.6888629857176,365.1521199188202,0.0
2.9,4.868840751909486,-1.2131146972380291,1.8084113282494645,0.0,12.126069086657125,9.32305467195754,371.10602509609566,365.1521199188202,0.0
2.9010000000000002,4.556057179788561,-1.3635260298522582,2.0402912212876814,0.0,11.983624361498535,9.357226152228998,370.48553649969654,365.1521199188202,0.0
2.902,4.3594986600723615,-1.5213708285062901,2.2972013536784806,0.0,11.874700071408753,9.418170929037634,369.7141391298776,365.1521199188202,0.0
2.903,4.251869048119089,-1.6677777631590498,2.6372798464773775,0.0,11.79728900283407,9.506842004158099,368.79583942211167,365.1521199188202,0.0
2.904,4.216328808339989,-1.7914701196844338,3.0599925053274255,0.0,11.748628238500169,9.624835602710732,367.5840405311967,365.1521199188202,0.0
2.9050000000000002,4.245788954076906,-1.8836341332117164,3.6415727446611417,0.0,11.725534028377671,9.782314446284063,365.9367522656243,365.1521199188202,0.0
2.906,4.3414381409326825,-1.9448158483266182,4.4573705539793,0.0,11.726305472152124,9.995431132022713,364.05213642582277,365.1521199188202,0.0
2.907,4.5127291367251345,-1.983573764563764,5.410678308810044,0.0,11.751962993757928,10.266133650834528,362.1899954099415,365.1521199188202,0.0
2.908,4.772931088404388,-1.998776760952656,6.371370061839462,0.0,11.803409765524744,10.581565380483875,360.853094627106,365.1521199188202,0.0
2.9090000000000003,5.118445253936178,-1.9976593456814329,7.082810706174368,0.0,11.880980087436086,10.903845628999811,359.46777094509724,365.1521199188202,0.0
2.91,5.530027351998987,-1.9726726355465731,7.832316036915964,0.0,11.980284038045767,11.235167175661925,357.87627376247,365.1521199188202,0.0
2.911,5.997996101157878,-1.9210371723109896,8.700823089793076,0.0,12.097359714406128,11.583966943801014,356.1418045937855,365.1521199188202,0.0
2.912,6.521633725111839,-1.845777478236157,9.658160827385695,0.0,12.229845588228482,11.953295932225293,354.3483542039228,365.1521199188202,0.0
2.9130000000000003,7.102958343070102,-1.7520597707931032,10.0,0.0,12.376459422633046,12.268260209065167,351.903095101081,365.1521199188202,0.0
2.914,7.703905463704158,-1.6267783713741073,10.0,0.0,12.527064524419478,12.502680112845194,348.1584756227866,365.1521199188202,0.0
2.915,8.287026352994628,-1.458493942507772,10.0,0.0,12.66879263322416,12.670584709810251,343.0046153197291,365.1521199188202,0.0
2.916,8.837465498564628,-1.2466998264731064,10.0,0.0,12.791523882369736,12.781154560839486,336.26117133373384,365.1521199188202,0.0
2.9170000000000003,9.348840659526171,-1.0015807603058025,10.0,0.0,12.888193835585618,12.842193675430277,332.9639485824251,365.1521199188202,0.0
2.918,9.820918934484517,-0.7357316891473129,10.0,0.0,12.95450849777323,12.85998101524778,351.6442247855601,365.1521199188202,0.0
2.919,10.043392745383818,-0.7992625648676661,10.0,0.0,13.025617314764656,12.86286975085295,363.6824412361524,365.1521199188202,0.0
2.92,10.144262730282142,-0.9833984117666783,6.515561391367351,0.0,13.10952375801914,12.480421287417329,371.4881708679831,365.1521199188202,0.0
2.9210000000000003,9.95202145420418,-1.136448640289601,2.5493360659603574,0.0,13.161788877273146,11.765323155159834,375.78858830615314,365.1521199188202,0.0
2.922,9.379346979020008,-1.1872457246500545,0.29276266300201215,0.0,13.141374848370429,10.979472306491628,377.0719242178831,365.1521199188202,0.0
2.923,8.52345425336121,-1.1521348743775854,-0.46810333585360553,0.0,13.040046973117578,10.29745706902606,376.47571665576305,365.1521199188202,0.0
2.924,7.550701714998975,-1.0834909820107648,-0.2832355221629985,0.0,12.873450641985839,9.799898539239543,375.0344056362008,365.1521199188202,0.0
2.9250000000000003,6.614252649143469,-1.0366253198940087,0.33859713044432027,0.0,12.669289307079444,9.495271014828882,373.4137432852072,365.1521199188202,0.0
2.926,5.817387465244433,-1.045735976811333,1.066312072277249,0.0,12.456552182104694,9.352811106014542,372.24933391960053,365.1521199188202,0.0
2.927,5.2074833308006525,-1.1198599125011406,1.5775446150727817,0.0,12.258905305102688,9.311402708823161,371.5048226107261,365.1521199188202,0.0
2.928,4.777508457118384,-1.2455424925591885,1.8862732425909483,0.0,12.089966120531233,9.324416482010376,370.93038590558035,365.1521199188202,0.0
2.9290000000000003,4.494203460914651,-1.3989544067654645,2.1157089352962117,0.0,11.954840716497761,9.368249400189708,370.29677425827,365.1521199188202,0.0
2.93,4.321945424602696,-1.5558271238015555,2.3810682155569003,0.0,11.853333024417472,9.43719698408166,369.49701293774024,365.1521199188202,0.0
2.931,4.2342438656008055,-1.698456106211673,2.73749994563257,0.0,11.78299132082916,9.533577529009191,368.4083434057839,365.1521199188202,0.0
2.932,4.216626782501732,-1.815268728189766,3.249272476741096,0.0,11.74074494068592,9.6670773737572,367.1523732031238,365.1521199188202,0.0
2.9330000000000003,4.266131530420022,-1.9026576293818498,3.857255045228129,0.0,11.724517835943152,9.839141260136568,365.69319628385455,365.1521199188202,0.0
2.934,4.383141249046324,-1.9600401390935822,4.581432741212398,0.0,11.73255801736897,10.053579746707415,363.4546449789624,365.1521199188202,0.0
2.935,4.570643174297638,-1.9909342441190478,5.717683143057053,0.0,11.764062555764975,10.345669055415444,361.9031155017889,365.1521199188202,0.0
2.936,4.853937524729512,-2.002656928141655,6.525937925814125,0.0,11.82260612538441,10.659958049882109,360.59710638915953,365.1521199188202,0.0
2.9370000000000003,5.215149360923556,-1.9953021072761956,7.224492617425401,0.0,11.90579798035315,10.980530611636699,359.13195939433615,365.1521199188202,0.0
2.938,5.638006274840848,-1.9622184516287888,8.017267720081934,0.0,12.009162252087908,11.314682674919844,357.4697705876297,365.1521199188202,0.0
2.939,6.117161978705007,-1.903201094248231,8.925185616747072,0.0,12.129444230222118,11.669220618368868,355.70291249069993,365.1521199188202,0.0
2.94,6.653746674869218,-1.8224863348867395,9.903106739493152,0.0,12.264863354931851,12.044592350282404,353.9023524914499,365.1521199188202,0.0
2.9410000000000003,7.249509650674138,-1.7251845640055867,10.0,0.0,12.41438169315865,12.336679788526956,351.2123562772447,365.1521199188202,0.0
2.942,7.8503934605484815,-1.5909927142160436,10.0,0.0,12.564368855619197,12.553401794836532,347.101409363487,365.1521199188202,0.0
2.943,8.42733980210004,-1.4123221670887407,10.0,0.0,12.702717660778529,12.705995057289279,341.71282578368806,365.1521199188202,0.0
2.944,8.969303605855654,-1.1905688563181553,10.0,0.0,12.819884752953714,12.803317319015086,334.3894914657989,365.1521199188202,0.0
2.945,9.471109874103725,-0.9385520980151472,10.0,0.0,12.909563051778331,12.852845012316092,347.334636562183,365.1521199188202,0.0
2.946,9.892422270805962,-0.7377445198884764,10.0,0.0,12.97565762403969,12.865061465214698,354.60823578863284,365.1521199188202,0.0
2.947,10.069318618847328,-0.8555635117654683,10.0,0.0,13.05133254925251,12.867420255732055,364.3823412999419,365.1521199188202,0.0
2.948,10.157420325207033,-1.0412238343690738,6.1831573263318464,0.0,13.138920306563403,12.449335741396295,373.96225992964787,365.1521199188202,0.0
2.949,9.928746713999413,-1.1931020632546137,1.3050966113705904,0.0,13.19079083866101,11.60943531661259,377.6920395831271,365.1521199188202,0.0
2.95,9.258355703630766,-1.2156809887357003,-0.6851924120120918,0.0,13.154449174584549,10.760017077123006,377.65820923818046,365.1521199188202,0.0
2.951,8.305208496442251,-1.1436919645865369,-0.7933381327323765,0.0,13.028655271055555,10.09805563881638,376.22314937495537,365.1521199188202,0.0
2.952,7.28404591000877,-1.053857906982762,-0.18651849568118184,0.0,12.840082757953875,9.660338983706147,374.4081725001175,365.1521199188202,0.0
2.953,6.35292869875952,-1.007905760044769,0.6284094159247937,0.0,12.622439435064202,9.423321884076,372.890112683725,365.1521199188202,0.0
2.954,5.600024003185426,-1.034175117117302,1.3100593964719716,0.0,12.406207885247836,9.32858272526469,371.89878260476513,365.1521199188202,0.0
2.955,5.047989385778117,-1.1282073401852868,1.7382578090924676,0.0,12.21220642549873,9.315174413894717,371.319212849726,365.1521199188202,0.0
2.956,4.67210309566487,-1.270497448340963,1.9663717573029746,0.0,12.050975870253982,9.340344483602166,370.80800238647277,365.1521199188202,0.0
2.957,4.430972933097795,-1.4329756009431378,2.165418164253067,0.0,11.924835073209138,9.389253911078049,370.1466129418316,365.1521199188202,0.0
2.958,4.28893558151871,-1.591357786787102,2.4461679563435244,0.0,11.831996557533174,9.46276313621033,369.3213399215845,365.1521199188202,0.0
2.959,4.223101724032442,-1.7307080329055573,2.8171122664394286,0.0,11.769537521152635,9.563455314259137,368.1655908760539,365.1521199188202,0.0
2.96,4.2225495395930155,-1.8402903019578576,3.3648520796324046,0.0,11.73405415334959,9.703776708928752,366.76553724585443,365.1521199188202,0.0
2.961,4.287660894216089,-1.9190203489453197,4.048744721461795,0.0,11.723715744271912,9.889100648967467,365.2785907764391,365.1521199188202,0.0
2.962,4.422664268389011,-1.9698371474772942,4.790953247593271,0.0,11.737746117474517,10.115463107937924,362.92785996190725,365.1521199188202,0.0
2.963,4.630715151550173,-1.9931981871862163,5.988561254428329,0.0,11.775071245636568,10.423371590416137,361.5379646386766,365.1521199188202,0.0
2.964,4.936435265448433,-2.001629193476054,6.7196504688450815,0.0,11.84014850952503,10.741116767283032,360.24026894930563,365.1521199188202,0.0
2.965,5.315850108124669,-1.9892535743725779,7.417616823225718,0.0,11.929046936547053,11.06438212813438,358.7298549210709,365.1521199188202,0.0
2.966,5.754130683120953,-1.9501399855183168,8.237046487320569,0.0,12.037203318369073,11.402951680286595,357.0339252587724,365.1521199188202,0.0
2.967,6.248058270703314,-1.885514548551994,9.166193265070303,0.0,12.161683355046362,11.762542535433214,355.25351333734267,365.1521199188202,0.0
2.968,6.799530095935455,-1.800222808613254,10.0,0.0,12.300938636546986,12.125326956897961,353.3025030114564,365.1521199188202,0.0
2.969,7.401028613333759,-1.695113030998498,10.0,0.0,12.451837673905786,12.396770278355504,350.2960700960739,365.1521199188202,0.0
2.97,7.997660623045269,-1.5499935001353728,10.0,0.0,12.599879089055658,12.596544635508888,345.81168659001185,365.1521199188202,0.0
2.971,8.56635641468301,-1.3601779183139189,10.0,0.0,12.73366527971416,12.734555481478889,340.2104748517912,365.1521199188202,0.0
2.972,9.098659484092616,-1.1292987470578284,10.0,0.0,12.844375382883854,12.819277482199054,332.3471560241631,365.1521199188202,0.0
2.973,9.591020641617494,-0.8708312727571378,10.0,0.0,12.926364045348082,12.857761596530537,344.941375338059,365.1521199188202,0.0
2.974,9.930739827277353,-0.7864619423066768,10.0,0.0,12.997306301392488,12.868150666827958,353.714653066358,365.1521199188202,0.0
2.975,10.104784057524151,-0.889658179641234,10.0,0.0,13.074388518273505,12.868847382229527,367.7643185273187,365.1521199188202,0.0
2.976,10.170505655837552,-1.09112602189296,4.477760342375799,0.0,13.164961685280918,12.264247351928374,376.3637963950132,365.1521199188202,0.0
2.977,9.815999385872656,-1.217099772968246,0.06590464376663085,0.0,13.197859966753246,11.338735816766585,377.9803450274168,365.1521199188202,0.0
2.978,9.020374931364923,-1.1959759609083658,-0.8706519235211241,0.0,13.131333909724816,10.534136225148849,377.02980779942544,365.1521199188202,0.0
2.979,8.015346700343246,-1.1041967325325321,-0.5141601883315108,0.0,12.981116022236716,9.95452050440108,375.49246463449316,365.1521199188202,0.0
2.98,7.009646984551808,-1.0227646810454054,0.1511079469779002,0.0,12.779918618042819,9.58803583093826,373.8092322996887,365.1521199188202,0.0
2.981,6.130862729631045,-1.0000398352397564,0.9061529905714512,0.0,12.560507074398279,9.401091428727899,372.57335772862695,365.1521199188202,0.0
2.982,5.441612157401906,-1.0515742733194362,1.4498778980042548,0.0,12.350238281543984,9.330189322151792,371.75621426059587,365.1521199188202,0.0
2.983,4.944751527123511,-1.1639333017218279,1.7924086886020367,0.0,12.165750306060971,9.325353848447625,371.23111746891345,365.1521199188202,0.0
2.984,4.609073784780959,-1.3151599206435038,1.994167108942312,0.0,12.014738918553201,9.353277188251923,370.6865391486422,365.1521199188202,0.0
2.985,4.394909483437397,-1.4782015539155473,2.2111120767797052,0.0,11.898043317247351,9.405354713308093,369.9580733495626,365.1521199188202,0.0
2.986,4.271454536346994,-1.631722519783865,2.5272854420120954,0.0,11.813481918490492,9.484602947391757,369.1967695934617,365.1521199188202,0.0
2.987,4.220301807954104,-1.763789775295449,2.867490823316138,0.0,11.758293671465278,9.586123327134802,367.9302451263462,365.1521199188202,0.0
2.988,4.23048211635127,-1.8622873740894297,3.4729718047986067,0.0,11.728290350429118,9.733542337143437,366.2645858079836,365.1521199188202,0.0
2.989,4.307428291096908,-1.9301576294061598,4.294676805088272,0.0,11.72251001459433,9.939189578126586,364.69410207269823,365.1521199188202,0.0
2.99,4.46166261503516,-1.9757632939770644,5.084498851192188,0.0,11.742210356990968,10.186161122610713,362.5302641088367,365.1521199188202,0.0
2.991,4.695848716908307,-1.995003763865578,6.192636391222778,0.0,11.78629821463839,10.500184327861762,361.16890569837426,365.1521199188202,0.0
2.992,5.022576035868831,-1.9996488194074644,6.913147738658466,0.0,11.85769815845689,10.821790727103135,359.84272748200686,365.1521199188202,0.0
2.993,5.419581721647252,-1.9820666397624866,7.629330771210297,0.0,11.952138257501312,11.149548148662552,358.3039314371294,365.1521199188202,0.0
2.994,5.873819815391911,-1.93748076010781,8.46721067846594,0.0,12.065181463831676,11.492982663988945,356.59539519910857,365.1521199188202,0.0
2.995,6.383047534941005,-1.867887026047717,9.407046044673471,0.0,12.194054349111573,11.856908471413044,354.8109680143887,365.1521199188202,0.0
2.996,6.949295201511454,-1.7783544339523596,10.0,0.0,12.337279878816002,12.195960601919314,352.6200867030136,365.1521199188202,0.0
2.997,7.550403700996353,-1.6630178850069068,10.0,0.0,12.488296374137562,12.449041074514497,349.2557768711397,365.1521199188202,0.0
2.998,8.140157688894867,-1.5061567829411455,10.0,0.0,12.63341791144872,12.633053295708333,344.42237842897134,365.1521199188202,0.0
2.999,8.699611381964925,-1.305234237939461,10.0,0.0,12.761895648218609,12.757534082155177,338.3505234604586,365.1521199188202,0.0
3.0,9.221325978339442,-1.0672406257111877,10.0,0.0,12.865803618061104,12.830620494963837,330.12754971752815,365.1521199188202,0.0
3.001,9.705708966464398,-0.8014379886754988,10.0,0.0,12.939771078248569,12.858724080745874,342.96065694090703,365.1521199188202,0.0
3.0020000000000002,9.993125793701914,-0.7821596284386536,10.0,0.0,13.009689557739797,12.864642032853572,359.26733751205774,365.1521199188202,0.0
3.003,10.133206832503442,-0.9210890959186755,8.744941485992218,0.0,13.08868300951784,12.726368855162978,371.43746459075584,365.1521199188202,0.0
3.004,10.091712883168666,-1.1238343212257993,2.59702449992381,0.0,13.166862478458004,11.952067201906644,375.88756219722615,365.1521199188202,0.0
3.005,9.58248471831633,-1.1949580251576397,0.2646212739045968,0.0,13.16558999035795,11.123528634508938,376.90887805618445,365.1521199188202,0.0
3.0060000000000002,8.744720209695352,-1.1592244433243282,-0.36360423694819755,0.0,13.076948963287148,10.418997715407166,376.3986076080312,365.1521199188202,0.0
3.007,7.769818615596596,-1.084789118690965,-0.22093388976369788,0.0,12.918888397121911,9.896893309071963,375.21479397348236,365.1521199188202,0.0
3.008,6.816595373665437,-1.0298743395695618,0.2703461869641144,0.0,12.719127174482662,9.558912932393419,373.6670601612242,365.1521199188202,0.0
3.009,5.988575793798342,-1.0288607804055077,0.9590636906691614,0.0,12.505981692722647,9.387150517125143,372.48073776837447,365.1521199188202,0.0
3.0100000000000002,5.341300424004658,-1.092913075127381,1.478938708598477,0.0,12.304030405622852,9.324468967021506,371.70204306972755,365.1521199188202,0.0
3.011,4.875026964377899,-1.2112219368067827,1.802786826412861,0.0,12.12837954406019,9.32310231285955,371.11781976087525,365.1521199188202,0.0
3.012,4.560316628585554,-1.3613960444196977,2.035241482418461,0.0,11.985493166458223,9.356594171280882,370.49768098558417,365.1521199188202,0.0
3.013,4.362139503115351,-1.5192425145665038,2.291855259396362,0.0,11.876105983098608,9.417003555451199,369.7762815454235,365.1521199188202,0.0
3.0140000000000002,4.252976214555437,-1.6661868225073684,2.6063133632106625,0.0,11.798283865664013,9.5024837270052,368.81288304766133,365.1521199188202,0.0
3.015,4.214977502146074,-1.7892861983245965,3.051404980803336,0.0,11.748863465388764,9.62053739203683,367.4217441585179,365.1521199188202,0.0
3.016,4.243119849848055,-1.8810559728853482,3.724278182978061,0.0,11.725054153087713,9.787933141229752,365.9966898252486,365.1521199188202,0.0
3.017,4.342684782791742,-1.9457891330576693,4.428359650548435,0.0,11.726568296809406,9.996257894537482,364.1423053436207,365.1521199188202,0.0
3.0180000000000002,4.513811319615205,-1.985666603972831,5.365650037114381,0.0,11.75250269168865,10.26213444501202,362.2503711855996,365.1521199188202,0.0
3.019,4.771209362258375,-2.0002911705734148,6.340634603457145,0.0,11.803641229744333,10.575289659036558,360.8850810678798,365.1521199188202,0.0
3.02,5.1135685596824105,-1.998288139068698,7.065950050826439,0.0,11.880614856265378,10.897192527721188,359.48789714409054,365.1521199188202,0.0
3.021,5.522789745481609,-1.9728223728662855,7.82118424046837,0.0,11.97930020303556,11.228834340112712,357.8950153902082,365.1521199188202,0.0
3.0220000000000002,5.989296197408335,-1.921181071619664,8.690196162695667,0.0,12.095855310892778,11.577995977636732,356.16355146072794,365.1521199188202,0.0
3.023,6.512074120747097,-1.8462142470974876,9.64581381201671,0.0,12.2279411340317,11.947484277349123,354.37363670786664,365.1521199188202,0.0
3.024,7.09280853250953,-1.752891754439859,10.0,0.0,12.374251398880851,12.263983627528633,351.9444746973306,365.1521199188202,0.0
3.025,7.694064050717172,-1.6283585755596985,10.0,0.0,12.524815147512795,12.499591444410061,348.2223002709566,365.1521199188202,0.0
3.0260000000000002,8.277852254110261,-1.4608993781241724,10.0,0.0,12.666708123040584,12.668490707275376,343.08522442226655,365.1521199188202,0.0
3.027,8.829053354575956,-1.2498711628035144,10.0,0.0,12.789763215591211,12.779895102389649,336.37978540888764,365.1521199188202,0.0
3.028,9.341202604359392,-1.0052866752369232,10.0,0.0,12.88685922691908,12.841640160776029,332.1629459033677,365.1521199188202,0.0
3.029,9.814843341706421,-0.7383269681333804,10.0,0.0,12.953500420047074,12.85994132584622,351.1554490718588,365.1521199188202,0.0
3.0300000000000002,10.041413231109852,-0.7966626405917925,10.0,0.0,13.024394131410753,12.862890213261288,363.5746277048129,365.1521199188202,0.0
3.031,10.143794848514142,-0.9795218062931639,6.569073977734815,0.0,13.108024511882139,12.486235441601607,371.41337182349287,365.1521199188202,0.0
3.032,9.955572262558814,-1.133825146189964,2.5870893993480975,0.0,13.16077115287205,11.773628442384274,375.7075374508681,365.1521199188202,0.0
3.033,9.387179507149494,-1.185807131856082,0.33445241034001505,0.0,13.141157414865539,10.990227561416113,377.02985208616565,365.1521199188202,0.0
3.0340000000000003,8.535447650363395,-1.1520732423974542,-0.4454822289822262,0.0,13.040934414865758,10.307945531001137,376.4738521366504,365.1521199188202,0.0
3.035,7.565095725917249,-1.0843814719848415,-0.28069957640290966,0.0,12.875396755973654,9.808016234925834,375.0612423796149,365.1521199188202,0.0
3.036,6.62872753770652,-1.0375947479147203,0.3265140775069,0.0,12.671950311419641,9.49996875943186,373.44140718272087,365.1521199188202,0.0
3.037,5.829825527176506,-1.0460444000656497,1.0535388033149076,0.0,12.459441092748936,9.35479750960786,372.2689823897676,365.1521199188202,0.0
3.0380000000000003,5.216982555045097,-1.119201809393457,1.5685825750820737,0.0,12.261628489467457,9.311700737364653,371.51696220559114,365.1521199188202,0.0
3.039,4.784103145510711,-1.2440491149146102,1.8809442443025866,0.0,12.092289098803846,9.323830033241666,370.9393985487888,365.1521199188202,0.0
3.04,4.4983995585884315,-1.3969821115155605,2.11185328640407,0.0,11.956670733365193,9.367187438869689,370.3059729061336,365.1521199188202,0.0
3.041,4.3243136151547805,-1.5537604706273234,2.3770275778585344,0.0,11.85466623456949,9.435799766938494,369.508971542024,365.1521199188202,0.0
3.0420000000000003,4.235251261231196,-1.696565963270885,2.7319597436812835,0.0,11.783864239059914,9.531797207144065,368.42397690181576,365.1521199188202,0.0
3.043,4.216516086377634,-1.8137524626906727,3.2417384939554603,0.0,11.741204647131596,9.664811290344712,367.13259849497786,365.1521199188202,0.0
3.044,4.265076361970094,-1.9014441956613328,3.8676229116128376,0.0,11.72458664834875,9.838478522408321,365.7398795412269,365.1521199188202,0.0
3.045,4.382098327948307,-1.9600174506289096,4.558104792264242,0.0,11.73256331336727,10.050424580580689,363.5168140287759,365.1521199188202,0.0
3.0460000000000003,4.568108218142728,-1.9913539445874808,5.685990607390185,0.0,11.76379819948695,10.339845452033412,361.9264210715797,365.1521199188202,0.0
3.047,4.8490153252233466,-2.0026907312159956,6.513444074460704,0.0,11.821785365729475,10.654149065302398,360.6097945777142,365.1521199188202,0.0
3.048,5.208602502295283,-1.9953053757001877,7.217180574804514,0.0,11.904478419701631,10.975211995828747,359.1494309308297,365.1521199188202,0.0
3.049,5.630551049765019,-1.9625759105934801,8.00738928812667,0.0,12.00748207372262,11.309505063710725,357.493904987085,365.1521199188202,0.0
3.0500000000000003,6.109059600682476,-1.90402959657889,8.911734409316368,0.0,12.127501869239179,11.663828611278028,355.73079369241947,365.1521199188202,0.0
3.051,6.6449607551158705,-1.8237187930265328,9.887503318913136,0.0,12.262703314710194,12.038848871005506,353.93115761066343,365.1521199188202,0.0
3.052,7.239929732267977,-1.7267009209769797,10.0,0.0,12.412017783716923,12.332416619188523,351.25670262510494,365.1521199188202,0.0
3.053,7.840927724499252,-1.5931209365861716,10.0,0.0,12.562033961078793,12.550273983269124,347.1687648094824,365.1521199188202,0.0
3.0540000000000003,8.418354797577246,-1.415146307267395,10.0,0.0,12.700592847731377,12.703840230561585,341.7925364032695,365.1521199188202,0.0
3.055,8.960927009547524,-1.194046010275399,10.0,0.0,12.818111184072018,12.801997069204113,334.50442999728233,365.1521199188202,0.0
3.056,9.463390359045128,-0.9424807166102112,10.0,0.0,12.908232191309597,12.852244811291413,346.2031944501132,365.1521199188202,0.0
3.057,9.889127316523881,-0.7355933555480196,10.0,0.0,12.97412391525196,12.864673448066057,354.5806015119561,365.1521199188202,0.0
3.0580000000000003,10.068090568766854,-0.8512964797366938,10.0,0.0,13.049465547748925,12.867019805385533,364.3894406709977,365.1521199188202,0.0
3.059,10.156152138751185,-1.0383703678583776,6.177928449100426,0.0,13.136928749179644,12.448340679447954,373.72661487046196,365.1521199188202,0.0
3.06,9.928634297398215,-1.1889875842805424,1.4235963998518866,0.0,13.188474872798746,11.621427554587537,377.5548383915362,365.1521199188202,0.0
3.061,9.266323940967169,-1.2140330220513338,-0.6145425454123838,0.0,13.153423897560469,10.776287351882372,377.63957774565426,365.1521199188202,0.0
3.0620000000000003,8.320582360704245,-1.1450314781806998,-0.7817868007397681,0.0,13.029523375372019,10.111549063555135,376.25977038862203,365.1521199188202,0.0
3.063,7.3024024643361525,-1.0565701624351982,-0.20295962692167002,0.0,12.842498347276399,9.668780356312904,374.4599069526346,365.1521199188202,0.0
3.064,6.37016915608124,-1.0102016857251441,0.6038942207339097,0.0,12.625683031985464,9.426915533433625,372.9262795307366,365.1521199188202,0.0
3.065,5.613625065472272,-1.035022100086758,1.292966335563726,0.0,12.409556696282571,9.329182572352341,371.91732956982764,365.1521199188202,0.0
3.0660000000000003,5.0574224408757775,-1.1275049620674158,1.7297892195081408,0.0,12.215194608716095,9.31438691769401,371.32684191533514,365.1521199188202,0.0
3.067,4.678005685889602,-1.268672314900155,1.9632858267892441,0.0,12.05339274463223,9.339124834508851,370.8132967708872,365.1521199188202,0.0
3.068,4.4343336925134595,-1.4306355013733718,2.1634466304925546,0.0,11.926649135621961,9.387901247289898,370.1551557351605,365.1521199188202,0.0
3.069,4.290586041153107,-1.5890079441321054,2.44248679019248,0.0,11.833258865629553,9.461193989137646,369.3321382644849,365.1521199188202,0.0
3.0700000000000003,4.223536507316268,-1.7286567663928778,2.812195342073637,0.0,11.77031454284226,9.561633941119753,368.1940500856856,365.1521199188202,0.0
3.071,4.221990609093302,-1.838819067525153,3.350820129804637,0.0,11.734430012433847,9.700786660222676,366.78651193173374,365.1521199188202,0.0
3.072,4.285833110768662,-1.9178806993728201,4.038245286651432,0.0,11.723644363468487,9.885628039583786,365.29876460302444,365.1521199188202,0.0
3.073,4.419711121086526,-1.9690775249573087,4.780652504164041,0.0,11.737262451831594,10.111609102351952,362.9517870516406,365.1521199188202,0.0
3.074,4.626682327780234,-1.9929858089042347,5.976144608527745,0.0,11.774234780613522,10.419005874351367,361.56289790000693,365.1521199188202,0.0
3.075,4.931365281221808,-2.0018331694077602,6.706481404532723,0.0,11.838983680533117,10.736296915734309,360.26694208359686,365.1521199188202,0.0
3.076,5.309738641519014,-1.9898388410916088,7.403311091089991,0.0,11.927578944879235,11.059107400433884,358.7574214422337,365.1521199188202,0.0
3.077,5.7469575218086035,-1.951051748730996,8.22201839653744,0.0,12.035449094384196,11.397275526602886,357.06143080198217,365.1521199188202,0.0
3.078,6.239827165597033,-1.8866979106164807,9.150920607831582,0.0,12.159657990286567,11.756562553279526,355.2808697333337,365.1521199188202,0.0
3.079,6.790285468905216,-1.8016378375662598,10.0,0.0,12.298661629611985,12.12082976097831,353.3447167686792,365.1521199188202,0.0
3.08,7.391742787455444,-1.6971509090715435,10.0,0.0,12.449548664370825,12.393424095910632,350.36050061330224,365.1521199188202,0.0
3.081,7.9887592487100045,-1.552758746263565,10.0,0.0,12.597768160523085,12.594190463273108,345.8989214107523,365.1521199188202,0.0
3.082,8.558003583572013,-1.3636355885476066,10.0,0.0,12.731882718075685,12.733055431292282,340.3156285464382,365.1521199188202,0.0
3.083,9.090925972165415,-1.1332431469494773,10.0,0.0,12.843020379676311,12.818516338868147,332.48324326973375,365.1521199188202,0.0
3.084,9.583813133776028,-0.8751755969782828,10.0,0.0,12.925506859793607,12.857656557955249,345.61987364578,365.1521199188202,0.0
3.085,9.927797657818294,-0.7848987214897676,10.0,0.0,12.996308933003865,12.86822197711684,353.64913676896936,365.1521199188202,0.0
3.086,10.102163388512244,-0.8887965646856544,10.0,0.0,13.073418872315681,12.86907067654737,367.4777503957316,365.1521199188202,0.0
3.087,10.16995252139262,-1.0881041512967378,4.622822812244926,0.0,13.163787543734639,12.280342862003081,376.24722077028076,365.1521199188202,0.0
3.088,9.825677122684551,-1.21652260623685,0.12713661645574792,0.0,13.19837952073457,11.35731917158255,378.01297137712476,365.1521199188202,0.0
3.089,9.037609553392308,-1.1982084221326679,-0.8843472015492955,0.0,13.133911186191593,10.546995368516463,377.0976830625881,365.1521199188202,0.0
3.09,8.034033757137186,-1.10689330471399,-0.5461586757186412,0.0,12.98499578372129,9.961085350219244,375.5401525956923,365.1521199188202,0.0
3.091,7.025579462755164,-1.0241467945441418,0.12872623096053637,0.0,12.784191954723806,9.590624462400601,373.8371684748642,365.1521199188202,0.0
3.092,6.14269226015159,-0.9995781046518435,0.8933678058141421,0.0,12.564547329057746,9.401524053973748,372.58555246720965,365.1521199188202,0.0
3.093,5.449514156436188,-1.049586798966482,1.4448414841575206,0.0,12.353703768389142,9.329805632074871,371.7612520739443,365.1521199188202,0.0
3.094,4.94966422744227,-1.1610494616894946,1.790900359238945,0.0,12.168533527553894,9.324778146926718,371.2359777179505,365.1521199188202,0.0
3.095,4.611997978941038,-1.311998666120342,1.9926989592445494,0.0,12.01686734814752,9.352618431504856,370.6950566110154,365.1521199188202,0.0
3.096,4.396560746526771,-1.4752236895347166,2.2077301457901557,0.0,11.899597075670865,9.404464947285058,369.97016466873856,365.1521199188202,0.0
3.097,4.27220848535932,-1.6291776612431463,2.5219956694293852,0.0,11.814541168673685,9.483343056378711,369.22238288155427,365.1521199188202,0.0
3.098,4.220271538257886,-1.7618364304784206,2.8551839333941915,0.0,11.758931588184387,9.583805359232501,367.9315582745185,365.1521199188202,0.0
3.099,4.229394155883295,-1.8607332375189987,3.4728018533550804,0.0,11.728481257111502,9.731743704898223,366.28889013154554,365.1521199188202,0.0
3.1,4.3058565706103025,-1.9293860182433828,4.282768222714317,0.0,11.722432631521755,9.936443664876274,364.7337145458219,365.1521199188202,0.0
3.101,4.4592169811909095,-1.9754907861398667,5.064540069306123,0.0,11.741843861150157,10.181858984712454,362.5561791742048,365.1521199188202,0.0
3.102,4.6918552643754765,-1.9949855636671483,6.179267162560839,0.0,11.785538877648378,10.495419550275466,361.1922657316354,365.1521199188202,0.0
3.103,5.017263416455921,-1.999856522225985,6.900822425717364,0.0,11.856561306719271,10.81674885504966,359.866998861905,365.1521199188202,0.0
3.104,5.413145650248997,-1.9825711021055243,7.616307071151716,0.0,11.950664317561657,11.144242266423305,358.3294490728635,365.1521199188202,0.0
3.105,5.866379971215553,-1.938303192450221,8.453308674132042,0.0,12.063409752596296,11.487415014648931,356.6216919851043,365.1521199188202,0.0
3.106,6.374670364699001,-1.869008028646841,9.392491497348804,0.0,12.192018130028206,11.85110552600598,354.83780534064704,365.1521199188202,0.0
3.107,6.940026489344362,-1.7797358158378949,10.0,0.0,12.335007729081685,12.191615661253817,352.661927285367,365.1521199188202,0.0
3.108,7.541169191688948,-1.6650211027221529,10.0,0.0,12.486023485439954,12.44582652184427,349.31993951777355,365.1521199188202,0.0
3.109,8.131352548688982,-1.5088743463586334,10.0,0.0,12.631329756152613,12.63080912976494,344.50715636761936,365.1521199188202,0.0
3.11,8.691378249452312,-1.308629310182503,10.0,0.0,12.760138174170336,12.756123110450838,338.47340438745374,365.1521199188202,0.0
3.111,9.213753295567557,-1.0710588454033592,10.0,0.0,12.864466847690931,12.829925536804883,330.26298921691716,365.1521199188202,0.0
3.112,9.698614900083236,-0.8057300859011951,10.0,0.0,12.938932437597423,12.85866956184001,342.76756055157193,365.1521199188202,0.0
3.113,9.988991855948317,-0.7829689197384733,10.0,0.0,13.008975430333901,12.86489289426227,358.8298033635609,365.1521199188202,0.0
3.114,10.13214507673067,-0.918095070685486,8.966914826705972,0.0,13.087727945304758,12.751015738926199,371.54457909204444,365.1521199188202,0.0
3.115,10.105318301135839,-1.1256201333789457,2.545602370731971,0.0,13.168693988631734,11.964770509719875,375.9771603103929,365.1521199188202,0.0
3.116,9.598471434320974,-1.1974649776147013,0.22106135764202062,0.0,13.168766586944372,11.129244908480413,376.9256378313799,365.1521199188202,0.0
3.117,8.758425661875044,-1.1600754168234908,-0.3709125819770831,0.0,13.080448065172417,10.422743970269867,376.3899331890094,365.1521199188202,0.0
3.118,7.780922553735061,-1.084003115370919,-0.21543839349373073,0.0,12.922317244204724,9.900208058003473,375.21914738351103,365.1521199188202,0.0
3.119,6.825747792601397,-1.0280504116456668,0.269284234608552,0.0,12.722351839711912,9.56117159471667,373.6688661117401,365.1521199188202,0.0
3.12,5.995836360886824,-1.026417487531989,0.9592574085648158,0.0,12.50885923472445,9.388830570040707,372.48441893675187,365.1521199188202,0.0
3.121,5.347043734337329,-1.0902176353433823,1.4781580058796173,0.0,12.30651613326853,9.325621795901956,371.709698807731,365.1521199188202,0.0
3.122,4.879538117382608,-1.2085473448245727,1.7999422815009414,0.0,12.13046473110914,9.323644544976204,371.1292464218561,365.1521199188202,0.0
3.123,4.563731974317543,-1.3589106038790173,2.0303972094080205,0.0,11.987177405474295,9.356455697808268,370.51176162049643,365.1521199188202,0.0
3.124,4.364496555233615,-1.5170426389925442,2.2855431930711054,0.0,11.877390818958078,9.416176346386088,369.76167838348334,365.1521199188202,0.0
3.125,4.254311537128514,-1.6642733800419673,2.614489226931017,0.0,11.799169017115572,9.502706873143186,368.83511005047274,365.1521199188202,0.0
3.126,4.216131375441781,-1.788265669604726,3.040943492119795,0.0,11.749589292574434,9.619480643476983,367.43151918172333,365.1521199188202,0.0
3.1270000000000002,4.243517334538456,-1.8803655403161246,3.719944933865465,0.0,11.725535980403416,9.786650423145918,366.0446888544482,365.1521199188202,0.0
3.128,4.342215614368936,-1.9457890196912975,4.404434408146738,0.0,11.726880561440549,9.992618770193957,364.22973743786577,365.1521199188202,0.0
3.129,4.511430636266119,-1.9856989778861316,5.321133941247512,0.0,11.752423379686448,10.25449012492879,362.26278460063827,365.1521199188202,0.0
3.13,4.76539169966747,-1.9994949015625172,6.333503713043078,0.0,11.802717503603699,10.568678738826058,360.87913061767614,365.1521199188202,0.0
3.1310000000000002,5.106088735335784,-1.9974198087191437,7.068060597535585,0.0,11.879034857069417,10.892218400012048,359.49343038858285,365.1521199188202,0.0
3.132,5.515028669819039,-1.9726361984566634,7.817497607384602,0.0,11.977368995106717,11.224551910227998,357.9154498553146,365.1521199188202,0.0
3.133,5.981605406801716,-1.9218554532647696,8.678854574653787,0.0,12.093765024493411,11.573506337803945,356.1923549450497,365.1521199188202,0.0
3.134,6.504170540391353,-1.8475500851749014,9.62999967952393,0.0,12.225751110661053,11.942400920098951,354.4040821771692,365.1521199188202,0.0
3.1350000000000002,7.084280502907831,-1.7546014930911964,10.0,0.0,12.371946754993125,12.260206792443974,351.9894565152639,365.1521199188202,0.0
3.136,7.685654551471557,-1.6306812859951116,10.0,0.0,12.522601685266757,12.496801593066099,348.2889066295508,365.1521199188202,0.0
3.137,8.26983948563761,-1.4638617477741191,10.0,0.0,12.664739655441887,12.66655580438074,343.16856816644463,365.1521199188202,0.0
3.138,8.82152137475523,-1.2534128406230365,10.0,0.0,12.788158065326567,12.778705233120156,336.50010044752077,365.1521199188202,0.0
3.1390000000000002,9.33419283488133,-1.0092025373427949,10.0,0.0,12.885690932807403,12.841104518251399,331.37657343146407,365.1521199188202,0.0
3.14,9.809180263279332,-0.7410269647285596,10.0,0.0,12.952653232098514,12.859895259095088,350.697730672917,365.1521199188202,0.0
3.141,10.039609266430432,-0.7942099147405578,10.0,0.0,13.023330255772349,12.862905839720876,363.46666520719816,365.1521199188202,0.0
3.142,10.143326421260852,-0.9758518550482829,6.622727658424118,0.0,13.106689419075112,12.492078510078287,371.33254508248126,365.1521199188202,0.0
3.1430000000000002,9.959125359157019,-1.1312757541762701,2.627983469145957,0.0,13.159910142584339,11.782319980705118,375.6320015180206,365.1521199188202,0.0
3.144,9.39517464565312,-1.1844945324585479,0.3734564353842753,0.0,13.141132767425088,11.00100141266358,376.99500222221496,365.1521199188202,0.0
3.145,8.547483735680364,-1.1521021730920886,-0.4264727397468473,0.0,13.042005925664483,10.31809651794543,376.4756543666562,365.1521199188202,0.0
3.146,7.579260520579839,-1.0852431162343112,-0.28003415644583285,0.0,12.877470705947434,9.815704608998779,375.0881593825007,365.1521199188202,0.0
3.1470000000000002,6.642755365397552,-1.0384321609874485,0.314352940995124,0.0,12.674669202798842,9.504349898779637,373.4677810428201,365.1521199188202,0.0
3.148,5.841752007682768,-1.0461824780839788,1.0413854995954237,0.0,12.462333023376287,9.356625537535972,372.28728790793826,365.1521199188202,0.0
3.149,5.2260290255549355,-1.1183932829105931,1.5602803871451574,0.0,12.264323711131578,9.311967600975802,371.5282873206879,365.1521199188202,0.0
3.15,4.79036394490637,-1.242455023099121,1.8760190067516502,0.0,12.0945742198278,9.323282755178461,370.9480932489894,365.1521199188202,0.0
3.1510000000000002,4.502385336541936,-1.3949602141732,2.108156309299229,0.0,11.958466146690926,9.366190158028244,370.31512079705624,365.1521199188202,0.0
3.152,4.326570707530363,-1.551681533462198,2.37301252648344,0.0,11.855973914363771,9.434468647251775,369.5210264706717,365.1521199188202,0.0
3.153,4.2362153387490045,-1.6946843681841313,2.7263706241571937,0.0,11.784721852818201,9.530071837168343,368.43959313777185,365.1521199188202,0.0
3.154,4.2164036359632115,-1.8122470965171602,3.2342125584176014,0.0,11.741657188188256,9.662594267349233,367.1432245513854,365.1521199188202,0.0
3.1550000000000002,4.263978646493596,-1.900348778936534,3.862485805285174,0.0,11.724666790822205,9.836158257675663,365.769421291412,372.73199851174604,0.0
3.156,4.380203641026764,-1.9595257600532592,8.40895250393814,0.0,11.732360283324043,10.472186414322652,367.660452913748,372.73199851174604,0.0
3.157,4.786892030329222,-2.107229437764534,7.514152148750141,0.0,11.818542876977475,10.85791492561998,369.07462774971896,372.73199851174604,0.0
3.158,5.248064697165175,-2.2189582262691476,6.843638438384922,0.0,11.945493192353688,11.102218231105692,368.7157439267218,372.73199851174604,0.0
3.1590000000000003,5.6744033843058395,-2.2435453564169876,7.063242895733735,0.0,12.08576610317206,11.323362336075363,367.04066304789865,372.73199851174604,0.0
3.16,6.074916381038079,-2.1870280159546422,7.957696689783791,0.0,12.227663354653233,11.592820151632782,364.8408652880176,372.73199851174604,0.0
3.161,6.496242508738612,-2.0792116856602925,9.136506901961601,0.0,12.371022039614276,11.927905752101903,362.6490683282825,372.73199851174604,0.0
3.162,6.979468753970027,-1.9480189816887838,10.0,0.0,12.5202003819922,12.278073173984206,360.35019795208865,372.73199851174604,0.0
3.1630000000000003,7.524986811555777,-1.800731432501673,10.0,0.0,12.674587928949695,12.54433203305357,357.02166219150047,372.73199851174604,0.0
3.164,8.080436185684091,-1.6197873701751555,10.0,0.0,12.821731635754329,12.743759510333486,352.2272311554041,372.73199851174604,0.0
3.165,8.6225144705233,-1.4012296730910516,10.0,0.0,12.951871813550513,12.88388449297485,346.25687131157855,372.73199851174604,0.0
3.166,9.140478903449516,-1.1488108561788928,10.0,0.0,13.057429978941713,12.971455690358201,337.95203410504763,372.73199851174604,0.0
3.1670000000000003,9.629085345355726,-0.8733578335410601,10.0,0.0,13.133413803211095,13.01225852026192,351.8272026031258,372.73199851174604,0.0
3.168,9.987677088599465,-0.7511483190745238,10.0,0.0,13.195191011678958,13.02202042226445,359.446430410393,372.73199851174604,0.0
3.169,10.161471984278382,-0.8589549526183125,10.0,0.0,13.26484751433478,13.021452333821273,372.3295092845931,372.73199851174604,0.0
3.17,10.232216987880461,-1.0624165977357998,6.084913623091084,0.0,13.348784272508183,12.591203201588575,382.7578912513278,372.73199851174604,0.0
3.1710000000000003,9.97891628520437,-1.2354717168791645,0.7704637123279063,0.0,13.398303888295574,11.69550455931202,385.9858525888341,372.73199851174604,0.0
3.172,9.259818159000327,-1.2610293646896833,-0.9760554971961319,0.0,13.35438246834429,10.83192291575753,385.575565480285,372.73199851174604,0.0
3.173,8.266136784840967,-1.1885271342630261,-0.8993476126069506,0.0,13.220264204207652,10.178324323858899,383.9083377162903,372.73199851174604,0.0
3.174,7.2215722771267155,-1.1022022934941877,-0.17749712265505657,0.0,13.025427197114503,9.760275521892257,381.93628931101875,372.73199851174604,0.0
3.1750000000000003,6.284745952365532,-1.0636849440447766,0.7164841719879913,0.0,12.804895350502267,9.548272587570771,380.37074376950494,372.73199851174604,0.0
3.176,5.541023003064134,-1.0988027074284876,1.422869490167309,0.0,12.589464522585804,9.476620595249045,379.40438234498237,372.73199851174604,0.0
3.177,5.005720788889286,-1.2019357171548866,1.839326364096233,0.0,12.399405031664884,9.480783136384453,378.77573542878696,372.73199851174604,0.0
3.178,4.648862582592924,-1.3494926105641327,2.0932124530235274,0.0,12.243967672127342,9.523187755907792,378.165961234424,372.73199851174604,0.0
3.1790000000000003,4.428298121416913,-1.512953522666593,2.3437599229782258,0.0,12.124819641893072,9.591523046997187,377.3865025850092,372.73199851174604,0.0
3.18,4.309396568748003,-1.6688195984388061,2.686944206952983,0.0,12.039930603005088,9.687228328673713,376.5101452997855,372.73199851174604,0.0
3.181,4.2704584033160495,-1.8030373838429266,3.087341381684448,0.0,11.986306291810283,9.808580207345322,375.14487490949557,372.73199851174604,0.0
3.182,4.299985287878624,-1.9031966137491583,3.7458478128519204,0.0,11.959854937037766,9.977228863755196,373.4920310361183,372.73199851174604,0.0
3.1830000000000003,4.4016329300898684,-1.9722532967263349,4.56466942429683,0.0,11.959508226211915,10.198966860196487,371.5501913480698,372.73199851174604,0.0
3.184,4.581819950917267,-2.0162242689956975,5.547407339957844,0.0,11.985516226232631,10.479605244650422,369.5567769375115,372.73199851174604,0.0
3.185,4.853794221722871,-2.0339850976771543,6.575866760979355,0.0,12.038501246128936,10.809968448236452,368.12064174051534,372.73199851174604,0.0
3.186,5.2159723769880895,-2.0340165149401086,7.340047927189729,0.0,12.119049932006332,11.149249313155313,366.6509641519399,372.73199851174604,0.0
3.1870000000000003,5.648924533004295,-2.0089699622629382,8.135697065075515,0.0,12.222716400820751,11.49853359806623,364.98236988159107,372.73199851174604,0.0
3.188,6.14235902622953,-1.9560050448219037,9.047490486551474,0.0,12.34536897585308,11.865648613656386,363.1742647781941,372.73199851174604,0.0
3.189,6.694901177938107,-1.878112106115523,10.0,0.0,12.484429220857898,12.248130205699642,361.2625599744961,372.73199851174604,0.0
3.19,7.305275795257519,-1.7792198593615693,10.0,0.0,12.637732382810693,12.535128781516523,358.31479628710514,372.73199851174604,0.0
3.1910000000000003,7.914099235499618,-1.637059282634258,10.0,0.0,12.78975634517743,12.74789098369356,353.8712172722091,372.73199851174604,0.0
3.192,8.496256534828497,-1.446657145283699,10.0,0.0,12.928331502183905,12.89663029336581,348.1770271420417,372.73199851174604,0.0
3.193,9.042587175335935,-1.2114764201705879,10.0,0.0,13.04395721606802,12.990078390308945,340.322231944506,372.73199851174604,0.0
3.194,9.548871837197199,-0.946090558699165,10.0,0.0,13.130524530747312,13.035516242546521,351.2581469542339,372.73199851174604,0.0
3.1950000000000003,9.984667426858003,-0.7172786496986818,10.0,0.0,13.190463447807097,13.042192372784191,360.71068404609576,372.73199851174604,0.0
3.196,10.161564139225415,-0.8331839622869648,10.0,0.0,13.260113789659385,13.039094099240272,370.674501997576,372.73199851174604,0.0
3.197,10.245450589762024,-1.0258751838172735,6.915176812516406,0.0,13.342526251214503,12.696481594177419,380.6226016197533,372.73199851174604,0.0
3.198,10.057434260553304,-1.2036028438523765,1.8622209703476713,0.0,13.400059346496386,11.892915335730963,385.35086988615905,372.73199851174604,0.0
3.1990000000000003,9.430982587695887,-1.2577551311336181,-0.6281018765993256,0.0,13.375661981406017,11.019082578637086,385.8679053927372,372.73199851174604,0.0
3.2,8.488658907682272,-1.2049551867124788,-1.0179786986983217,0.0,13.259971560356162,10.309601226855067,384.4787804892023,372.73199851174604,0.0
3.201,7.444107854205726,-1.1182094776139313,-0.4408840667054168,0.0,13.075888017676457,9.832355524968758,382.4897658388699,372.73199851174604,0.0
3.202,6.472375676721123,-1.0656465166847342,0.45604558518952665,0.0,12.857573790464869,9.573762383380162,380.738481214172,372.73199851174604,0.0
3.203,5.678420780401987,-1.0829204274348432,1.251623070514226,0.0,12.637657431607384,9.475359076916295,379.56095200901115,372.73199851174604,0.0
3.204,5.095738574668136,-1.170515294483544,1.7720981381220007,0.0,12.439355074257115,9.470256441464208,378.86364960225336,372.73199851174604,0.0
3.205,4.703228920378468,-1.3103679945292235,2.0594328305958207,0.0,12.274880537431203,9.509585139232868,378.2773701202035,372.73199851174604,0.0
3.206,4.458314535416147,-1.4734625904731202,2.2971188555361763,0.0,12.147328202618121,9.57482111516373,377.55236867033545,372.73199851174604,0.0
3.207,4.322388756458173,-1.6337950781926978,2.611415878884305,0.0,12.055060326569144,9.665476764174842,376.8043672262717,372.73199851174604,0.0
3.208,4.26965921556989,-1.7752671521321346,2.944692913770915,0.0,11.995043406282324,9.775798555992125,375.4266025270071,372.73199851174604,0.0
3.209,4.283964523054408,-1.882471649398745,3.6066292232506125,0.0,11.962438131165843,9.936465821060715,373.7885884005041,372.73199851174604,0.0
3.21,4.370976946610126,-1.9584995205815872,4.415070387614522,0.0,11.95645113092532,10.150686683579751,372.12763951060737,372.73199851174604,0.0
3.211,4.536857062610946,-2.008996712240703,5.251588422574288,0.0,11.97727932933142,10.409442643500228,369.8677536544452,372.73199851174604,0.0
3.212,4.785844554378695,-2.03042034351881,6.410173799228375,0.0,12.023751931412965,10.73775521541718,368.4035949314915,372.73199851174604,0.0
3.213,5.13097808563973,-2.035415762074842,7.185537196507769,0.0,12.098743790206429,11.076113096763747,366.9783557232149,372.73199851174604,0.0
3.214,5.550590854150252,-2.0167455234436016,7.955693228531377,0.0,12.197968570820214,11.422391836181259,365.3513962217577,372.73199851174604,0.0
3.215,6.031676703281505,-1.9699476145703536,8.842979002159879,0.0,12.316937679724619,11.785141738777964,363.56478426906256,372.73199851174604,0.0
3.216,6.571547963321802,-1.8971236621913752,9.827957120934276,0.0,12.452742212325301,12.168413317221216,361.7059456947585,372.73199851174604,0.0
3.217,7.171587371606484,-1.803364178594297,10.0,0.0,12.603708145838349,12.475407504278786,359.0010185188594,372.73199851174604,0.0
3.218,7.781749699646051,-1.6703966567714024,10.0,0.0,12.756588072141302,12.703960975189744,354.89022702781057,372.73199851174604,0.0
3.219,8.370094545586278,-1.4900134406399554,10.0,0.0,12.898522874348828,12.866330781866868,349.3861867805264,372.73199851174604,0.0
3.22,8.924348385810697,-1.2639098998537575,10.0,0.0,13.019433619678146,12.97157261413175,342.03662639041335,372.73199851174604,0.0
3.221,9.43918493277201,-1.0047298786204555,10.0,0.0,13.112528706773219,13.027291855939575,338.00214630426217,372.73199851174604,0.0
3.222,9.916200168316559,-0.7244301834828768,10.0,0.0,13.173645043086768,13.039425371835842,357.3064197562722,372.73199851174604,0.0
3.223,10.13872543516361,-0.7838277594824927,10.0,0.0,13.23919982766992,13.036749542776102,369.78193048252353,372.73199851174604,0.0
3.224,10.235933991744153,-0.9715250699634278,7.348123641219224,0.0,13.31798427928169,12.740722687059378,378.696022824324,372.73199851174604,0.0
3.225,10.088196761371547,-1.154347635769907,2.8314372271932022,0.0,13.377521109294513,12.02908340102724,383.7761043510868,372.73199851174604,0.0
3.226,9.543121479006585,-1.231710351703301,0.18095540541839572,0.0,13.366622000797447,11.206656499101049,385.31503188175395,372.73199851174604,0.0
3.227,8.681282763142807,-1.2088175421089726,-0.714338693615252,0.0,13.271278276742763,10.482756349763187,384.6460628100175,372.73199851174604,0.0
3.228,7.678034358788634,-1.1400828884916858,-0.4989948007297391,0.0,13.105747026357799,9.956091549481705,383.01442284290994,372.73199851174604,0.0
3.229,6.7027102794238065,-1.0875052582260334,0.2140009395124025,0.0,12.899006228190139,9.639069361374242,381.20003252667294,372.73199851174604,0.0
3.23,5.871416041592891,-1.090922646353208,1.0365157574816308,0.0,12.682138980025144,9.49811111020271,379.8936166379539,372.73199851174604,0.0
3.231,5.238307569415158,-1.1621407730519016,1.61810752057906,0.0,12.480662451615075,9.466640894654095,379.0561514998848,372.73199851174604,0.0
3.232,4.797546597140414,-1.2879595649310815,1.9735985597322472,0.0,12.30931444033088,9.493610766723654,378.4115788402941,372.73199851174604,0.0
3.233,4.514114528923885,-1.4433034755119583,2.2390890862420987,0.0,12.173627859627159,9.553167815763462,377.7050405920788,372.73199851174604,0.0
3.234,4.350025578488639,-1.602258499504221,2.54262778954644,0.0,12.073397255431132,9.63915031779301,376.84165405340383,372.73199851174604,0.0
3.235,4.2767007399864445,-1.7464753056320694,2.9332245034673345,0.0,12.006062260291806,9.752866603429144,375.7099109362405,372.73199851174604,0.0
3.236,4.278253063284801,-1.8630633545850699,3.4693169378040674,0.0,11.968214910553575,9.902637957677715,374.2284098205232,372.73199851174604,0.0
3.237,4.3503497487717055,-1.9470789671093285,4.195103382574929,0.0,11.957205268102165,10.100207913938466,372.63668368316127,372.73199851174604,0.0
3.238,4.49706470235192,-2.0017592147182395,4.991919599541749,0.0,11.972228256633711,10.341894151707685,370.2017251141652,372.73199851174604,0.0
3.239,4.722105047828781,-2.027253164469931,6.234701618015597,0.0,12.012175102085621,10.666364635948938,368.74000793922573,372.73199851174604,0.0
3.24,5.048795745490073,-2.0367445000890503,7.005480111210526,0.0,12.081363418837046,11.00105499708999,367.3500340248331,372.73199851174604,0.0
3.241,5.452676183894942,-2.0235826853206103,7.754286713275962,0.0,12.175559227046717,11.3426961538394,365.74703635785727,372.73199851174604,0.0
3.242,5.919025944038113,-1.982168743096571,8.625635168302775,0.0,12.290075654613403,11.700693370535433,363.96806963598607,372.73199851174604,0.0
3.243,6.444541699383274,-1.9140571449668782,9.602757817995975,0.0,12.421862024720998,12.07996927974798,362.1114816617709,372.73199851174604,0.0
3.244,7.030696551242188,-1.8242604284935031,10.0,0.0,12.569200825908311,12.409199772422516,359.6335481481727,372.73199851174604,0.0
3.245,7.641208613182034,-1.700676196071404,10.0,0.0,12.72203249784265,12.654973895833496,355.8636117069442,372.73199851174604,0.0
3.246,8.235958563827403,-1.5311020330215634,10.0,0.0,12.866741099313394,12.832136400145215,350.616943694006,372.73199851174604,0.0
3.247,8.798821207096356,-1.3152906147673198,10.0,0.0,12.992651576690767,12.950086122919707,343.8369744131647,372.73199851174604,0.0
3.248,9.323207108789525,-1.06331463541254,10.0,0.0,13.092206735061367,13.01677809840093,335.21330417306075,372.73199851174604,0.0
3.249,9.812267394122074,-0.7824310808518842,10.0,0.0,13.160098143934903,13.038203619801438,349.3451251803682,372.73199851174604,0.0
3.25,10.093356002855097,-0.768063835603289,10.0,0.0,13.224571402629403,13.038246585841948,365.79572500400724,372.73199851174604,0.0
3.251,10.226082451682196,-0.9152831130673733,9.359442710339174,0.0,13.298939425032035,12.962482256001511,378.7131907199365,372.73199851174604,0.0
3.2520000000000002,10.214194393170509,-1.1434187998365033,2.840897930292634,0.0,13.381916944980324,12.19373175940143,383.83481205252093,372.73199851174604,0.0
3.253,9.724510320474932,-1.2380838776488803,0.16905912859267236,0.0,13.387853464965442,11.335183611481046,385.1539779594484,372.73199851174604,0.0
3.254,8.879172312198834,-1.214663923608329,-0.6147436193480917,0.0,13.303818672437435,10.59167435627815,384.5841378822006,372.73199851174604,0.0
3.255,7.874393584050259,-1.1411798942395468,-0.44834497442872845,0.0,13.14598738995177,10.042326705776858,383.1947164971851,372.73199851174604,0.0
3.2560000000000002,6.883875365727928,-1.0816617468955705,0.14173853822463567,0.0,12.943192314750396,9.694285108753776,381.44258165526696,372.73199851174604,0.0
3.257,6.023857004455405,-1.0760996337525786,0.9307001277484872,0.0,12.725855936394563,9.526349941190709,380.1148027032553,372.73199851174604,0.0
3.258,5.356313490104853,-1.1382865196146918,1.5207615618392287,0.0,12.520355857694266,9.475321397368944,379.244038830098,372.73199851174604,0.0
3.259,4.882111655128658,-1.2574847147803636,1.8910230952343454,0.0,12.342792865091429,9.48916062109576,378.58937538704356,372.73199851174604,0.0
3.2600000000000002,4.569755964700338,-1.4100139438071289,2.1597810480086004,0.0,12.199956327362841,9.53933749025818,377.89777847075965,372.73199851174604,0.0
3.261,4.381745844633661,-1.5701259679087953,2.453921706560422,0.0,12.092508160684275,9.617438467947508,377.0608014018246,372.73199851174604,0.0
3.262,4.288697668953039,-1.7181854208166436,2.8291222121271495,0.0,12.018300328021342,9.72367037835107,375.9112640169602,372.73199851174604,0.0
3.263,4.27318223818988,-1.8404276751769661,3.372098249507209,0.0,11.974102523115612,9.868609889131262,374.5479130022221,372.73199851174604,0.0
3.2640000000000002,4.3306492359772,-1.9323321009303491,4.035614611971498,0.0,11.957705514067744,10.055716183775894,373.0577283880308,372.73199851174604,0.0
3.265,4.461344933281203,-1.993730277630412,4.777449620304311,0.0,11.967493590568601,10.283636978617677,370.63921978659533,372.73199851174604,0.0
3.266,4.666317132527021,-2.0257255503204323,6.007631708273549,0.0,12.002000437132454,10.596406196274659,369.0921807525704,372.73199851174604,0.0
3.267,4.973058664863005,-2.0387267789431514,6.8175494028777655,0.0,12.065443703227215,10.926446455784594,367.7066690002354,372.73199851174604,0.0
3.2680000000000002,5.359714791850076,-2.0301162970759563,7.560558574160367,0.0,12.15446950337188,11.263994089202841,366.1310478255186,372.73199851174604,0.0
3.269,5.810638097427443,-1.993705756561569,8.414378668381064,0.0,12.264428432205987,11.617444655601535,364.3679985938184,372.73199851174604,0.0
3.27,6.3214684984629805,-1.9302263474872725,9.379543283410422,0.0,12.392117895203526,11.992493853896667,362.5169228496582,372.73199851174604,0.0
3.271,6.893422343482809,-1.8443880295897117,10.0,0.0,12.535735910852836,12.343599052394765,360.2608578124602,372.73199851174604,0.0
3.2720000000000002,7.503862667621448,-1.730265534563829,10.0,0.0,12.688407553513152,12.60632206823704,356.8218966207114,372.73199851174604,0.0
3.273,8.104623917922707,-1.5715503263191262,10.0,0.0,12.835766885535005,12.798060612469367,351.8766432007022,372.73199851174604,0.0
3.274,8.675757636472728,-1.3660220412098711,10.0,0.0,12.966543179498338,12.92854413894316,345.68157244277387,372.73199851174604,0.0
3.275,9.209658419567944,-1.120769291793537,10.0,0.0,13.07236767712801,13.006039193210935,337.20818074483185,372.73199851174604,0.0
3.2760000000000002,9.705947926927282,-0.8467253149786496,10.0,0.0,13.147666920466017,13.037114353836317,348.9532757644676,372.73199851174604,0.0
3.277,10.034805122136929,-0.773786235486905,10.0,0.0,13.213260896556818,13.041400526333495,360.3844058470615,372.73199851174604,0.0
3.278,10.203352407110092,-0.8807125853998707,10.0,0.0,13.285215381573602,13.036565849795089,374.9835279530076,372.73199851174604,0.0
3.279,10.258400854174543,-1.0951004140760556,4.736215291682451,0.0,13.37200434809012,12.456023915169911,383.9599138015212,372.73199851174604,0.0
3.2800000000000002,9.908422897939214,-1.2420051894061412,0.13574321452787697,0.0,13.406075871492014,11.527849048911605,385.82171561281376,372.73199851174604,0.0
3.281,9.112428509906273,-1.2377563253173798,-0.9260548621290692,0.0,13.34198633312482,10.709165357079872,384.99933382358154,372.73199851174604,0.0
3.282,8.096562346312727,-1.1567089352625506,-0.6375373206313117,0.0,13.193564655146032,10.112081325040876,383.4314925308738,372.73199851174604,0.0
3.283,7.0713165534030304,-1.0797308814431732,0.03938838553127333,0.0,12.992619629741647,9.734058556254944,381.62636203435363,372.73199851174604,0.0
3.2840000000000003,6.17083350108863,-1.057700274167435,0.8530099985652857,0.0,12.772313243736958,9.545273360004758,380.22416936024405,372.73199851174604,0.0
3.285,5.464674714663084,-1.1080582441567626,1.4791846271350995,0.0,12.560918659479308,9.482751673775136,379.34739846184505,372.73199851174604,0.0
3.286,4.959098319636719,-1.2212127344554955,1.85141607683361,0.0,12.376354779257422,9.48857822651249,378.7292075738967,372.73199851174604,0.0
3.287,4.62227528152416,-1.3728623022207453,2.1005394301862763,0.0,12.226379849882655,9.531041760567847,378.08594681233376,372.73199851174604,0.0
3.2880000000000003,4.414430479899639,-1.535805421817452,2.3686303279618706,0.0,12.11205601432889,9.600754911299552,377.27849326154535,372.73199851174604,0.0
3.289,4.304161001153753,-1.6886763652801005,2.726892155858083,0.0,12.03132224998859,9.698843450139341,376.30667979970207,372.73199851174604,0.0
3.29,4.27227425192235,-1.8181049091922836,3.177052073900164,0.0,11.981179146362019,9.827389578994783,375.24915409015887,372.73199851174604,0.0
3.291,4.310027050924687,-1.9148531147036176,3.6806433728876353,0.0,11.958252983150768,9.984488552927653,373.19806161235414,372.73199851174604,0.0
3.2920000000000003,4.41196697382589,-1.9748977522063422,4.70152898078392,0.0,11.958966761724117,10.220010653495716,371.0513218344187,372.73199851174604,0.0
3.293,4.600571592038919,-2.0145362962388313,5.7917056365249255,0.0,11.986921165965487,10.522035389142438,369.2945001640099,372.73199851174604,0.0
3.294,4.890245702968921,-2.0333980085814987,6.7044914552066786,0.0,12.043961006264757,10.856179659126035,367.9478560693134,372.73199851174604,0.0
3.295,5.266579467359568,-2.0334877738934365,7.425654926979256,0.0,12.128532546593348,11.194313636875698,366.4736440533242,372.73199851174604,0.0
3.2960000000000003,5.709035027736135,-2.006240383156321,8.225344479558057,0.0,12.235462220029843,11.542938812951679,364.7757556859912,372.73199851174604,0.0
3.297,6.209348517578758,-1.9499828282607838,9.15385109148211,0.0,12.360645586599148,11.91092334227064,362.9438260106955,372.73199851174604,0.0
3.298,6.768016333855661,-1.8688453840296408,10.0,0.0,12.50174652612695,12.281968744240338,360.90774588552944,372.73199851174604,0.0
3.299,7.37761644412261,-1.7640064670256663,10.0,0.0,12.655121005470816,12.560088876914069,357.78822577700817,372.73199851174604,0.0
3.3000000000000003,7.982795370922249,-1.6154289501370975,10.0,0.0,12.805674912459963,12.765260763409522,353.1647930261231,372.73199851174604,0.0
3.301,8.560360602567055,-1.4192075546581147,10.0,0.0,12.941592039065945,12.907490465741414,347.35791264487426,372.73199851174604,0.0
3.302,9.101952251672763,-1.179778325460295,10.0,0.0,13.053765421987542,12.995289481415533,339.2510610227248,372.73199851174604,0.0
3.303,9.6040680812465,-0.9114841376962771,10.0,0.0,13.13638329982233,13.035709109052348,353.6228557991822,372.73199851174604,0.0
3.3040000000000003,9.999102497215766,-0.7427620531757466,10.0,0.0,13.198904865217699,13.041915934248076,360.0913168843128,372.73199851174604,0.0
3.305,10.173077393297714,-0.8558724643009585,10.0,0.0,13.269924322662087,13.03856733905445,371.4464069829815,372.73199851174604,0.0
3.306,10.250495894458744,-1.0501792835016839,6.523754367023358,0.0,13.353749620843494,12.653492243330293,382.08124809576225,372.73199851174604,0.0
3.307,10.02848635150067,-1.2261360995101735,1.1128413147928216,0.0,13.408097061203277,11.780064442318103,385.9155190968872,372.73199851174604,0.0
3.3080000000000003,9.34127920009025,-1.2606839851745002,-0.9361293916210567,0.0,13.371707676688853,10.901509209485457,385.7832697326033,372.73199851174604,0.0
3.309,8.358960598479316,-1.1915987441180993,-1.0005174216876824,0.0,13.243156851969761,10.221760559904538,384.13871072433454,372.73199851174604,0.0
3.31,7.306539472837008,-1.1016555733832334,-0.29230503967919574,0.0,13.050283348394212,9.78162207293595,382.10833393984575,372.73199851174604,0.0
3.311,6.351976736346719,-1.0560702270584377,0.6291199982842048,0.0,12.828568390090982,9.55496240442006,380.49234118725053,372.73199851174604,0.0
3.3120000000000003,5.588104847985797,-1.0850831873488853,1.3595129478267687,0.0,12.610006239861686,9.474406461350288,379.4290823203356,372.73199851174604,0.0
3.313,5.035520789428175,-1.1830540098080453,1.824171543198327,0.0,12.415731371215939,9.47700394111773,378.79016058971524,372.73199851174604,0.0
3.314,4.666900543648187,-1.329272348420728,2.0830507877288262,0.0,12.256248046434322,9.518766703438722,378.2061345238261,372.73199851174604,0.0
3.315,4.43869552870476,-1.4942582848211912,2.3203224605525925,0.0,12.133575599980887,9.58533229780074,377.4549137857798,372.73199851174604,0.0
3.3160000000000003,4.314138847895456,-1.6531346825387696,2.648703676835405,0.0,12.045653501993923,9.678142489883669,376.65600555836676,372.73199851174604,0.0
3.317,4.269913465223802,-1.7911404270666818,3.008917720075723,0.0,11.989396500934845,9.792838410839003,375.384446965832,372.73199851174604,0.0
3.318,4.292171733319144,-1.894457029700733,3.6181725318022364,0.0,11.960219560921669,9.950964265133209,373.5583377816195,372.73199851174604,0.0
3.319,4.383612855481342,-1.9642227592143082,4.522963731209751,0.0,11.956413964559395,10.17395838305735,371.7448612405224,372.73199851174604,0.0
3.3200000000000003,4.5575247486984125,-2.0110210696559103,5.439573374470531,0.0,11.979738496479195,10.447835781285203,369.6496027713487,372.73199851174604,0.0
3.321,4.82096673167691,-2.031322793832986,6.518026566461355,0.0,12.029883521584864,10.778882148373171,368.2222030570697,372.73199851174604,0.0
3.322,5.177478848292159,-2.0347161359449686,7.2768243781476345,0.0,12.108288931279313,11.117939695630598,366.7851323626886,372.73199851174604,0.0
3.323,5.605795821046457,-2.01329903654399,8.05482838682875,0.0,12.210369740374832,11.465374746132966,365.13944316514915,372.73199851174604,0.0
3.3240000000000003,6.094235075255185,-1.9633985093028046,8.953598539064451,0.0,12.331711086608513,11.829913900918346,363.3404747548562,372.73199851174604,0.0
3.325,6.641045043099193,-1.887729928064536,9.946997981779829,0.0,12.469547675033565,12.215154808104142,361.47480031964545,372.73199851174604,0.0
3.326,7.247960192952267,-1.7916384541805659,10.0,0.0,12.622311319019841,12.51025894418553,358.6446336940499,372.73199851174604,0.0
3.327,7.857580255492466,-1.6536071334448348,10.0,0.0,12.775086481673538,12.72960995549431,354.3494429445244,372.73199851174604,0.0
3.3280000000000003,8.442293954157902,-1.4674673944043097,10.0,0.0,12.915424171105645,12.884081075709792,348.73459986489473,372.73199851174604,0.0
3.329,8.991809486786117,-1.2359556054406586,10.0,0.0,13.033570304220484,12.982539281244481,341.0991993369827,372.73199851174604,0.0
3.33,9.501475061646136,-0.9729995731554064,10.0,0.0,13.123137598915577,13.032398221628867,344.38610058254085,372.73199851174604,0.0
3.331,9.964609490224476,-0.7052381633741334,10.0,0.0,13.181909863426505,13.040379866049307,360.34228218409015,372.73199851174604,0.0
3.332,10.153740166783058,-0.8078852491839923,10.0,0.0,13.249571859465279,13.037267542343132,370.5966601955602,372.73199851174604,0.0
3.333,10.240878644803349,-1.002548217066766,6.939940062102259,0.0,13.330542879138575,12.696932131626058,379.5106430533178,372.73199851174604,0.0
3.334,10.061109292370702,-1.177334243996758,2.4151621878077627,0.0,13.386663089056295,11.952248410702396,384.46262766639506,372.73199851174604,0.0
3.335,9.47479631212677,-1.2428776384020317,-0.17813641027737148,0.0,13.368164819005159,11.11032675011896,385.57909942794083,372.73199851174604,0.0
3.336,8.575633981465858,-1.2068973844497413,-0.8648433002122031,0.0,13.262710948021994,10.394187383247033,384.5785543180435,372.73199851174604,0.0
3.337,7.55390424367109,-1.130536424007452,-0.4830363033264984,0.0,13.08814862434082,9.891381052371578,382.76962903848226,372.73199851174604,0.0
3.338,6.581371722928341,-1.078354398572274,0.32105003118674347,0.0,12.875785486746771,9.602791828946902,380.9703380593562,372.73199851174604,0.0
3.339,5.768703595253503,-1.0889656135274182,1.1383121252736697,0.0,12.657488794469078,9.483351349946522,379.69957859538107,372.73199851174604,0.0
3.34,5.161180374638527,-1.167903101399889,1.704016056424889,0.0,12.45765473503554,9.466780934095077,378.9306222088823,372.73199851174604,0.0
3.341,4.745698008677237,-1.300692454954206,2.0265080127029043,0.0,12.289964493972453,9.501329057814084,378.3209261486504,372.73199851174604,0.0
3.342,4.48301287677388,-1.4600409368044744,2.27546676644981,0.0,12.158698528855565,9.564554429254011,377.6082342514994,372.73199851174604,0.0
3.343,4.334401376805802,-1.6197471905866296,2.583050357627771,0.0,12.062855900491897,9.653395688207828,376.7387972214335,372.73199851174604,0.0
3.344,4.272667110547045,-1.7623030570763656,2.977700885563851,0.0,11.999565743636019,9.769408934879863,375.5141896360043,372.73199851174604,0.0
3.345,4.283464200131603,-1.8749527667387518,3.562182767035882,0.0,11.965171836530905,9.926033320364779,374.03587947791544,372.73199851174604,0.0
3.346,4.365425076137414,-1.9557482967129167,4.288299036418611,0.0,11.957640769885328,10.12867612194328,372.43652243111876,372.73199851174604,0.0
3.347,4.521543448500745,-2.0075033235280046,5.090932320623224,0.0,11.976012187712072,10.374976623068148,370.0174009219696,372.73199851174604,0.0
3.348,4.7563744184676215,-2.02905534576439,6.327639051095558,0.0,12.019029686046485,10.702225400400389,368.530237184977,372.73199851174604,0.0
3.349,5.091474755358074,-2.0350425972649733,7.113238532859555,0.0,12.090913389723376,11.04058719816388,367.12271508650736,372.73199851174604,0.0
3.35,5.503820997803185,-2.018697083364152,7.873092416346769,0.0,12.187587023764834,11.38602203558461,365.5159258398509,372.73199851174604,0.0
3.351,5.978866045453257,-1.9746305865389429,8.748647766393937,0.0,12.304452918632453,11.747161809520666,363.7404131366613,372.73199851174604,0.0
3.352,6.512976121502759,-1.9043153441903178,9.726319971739603,0.0,12.43845218971682,12.128660926748493,361.8859567706158,372.73199851174604,0.0
3.353,7.107251972065594,-1.8126171270719453,10.0,0.0,12.587817793955999,12.445708897615743,359.28516811596035,372.73199851174604,0.0
3.354,7.717924791059993,-1.6840528483453263,10.0,0.0,12.74072654636924,12.682020579953821,355.3292386410951,372.73199851174604,0.0
3.355,8.309384109899439,-1.508643463703645,10.0,0.0,12.883966202251642,12.85103817241702,349.93404584883257,372.73199851174604,0.0
3.356,8.867651418748606,-1.2872279520199794,10.0,0.0,13.007182039353346,12.961983160437134,342.8343478201664,372.73199851174604,0.0
3.357,9.386846013272098,-1.0313328354104772,10.0,0.0,13.103236483836675,13.022626501056312,334.882807475021,372.73199851174604,0.0
3.358,9.87195773685709,-0.7463743886103602,10.0,0.0,13.166963339951673,13.038640608412788,354.0601285323495,372.73199851174604,0.0
3.359,10.123595471976165,-0.7678279356854336,10.0,0.0,13.231128395837075,13.036596957017867,368.89294384997163,372.73199851174604,0.0
3.36,10.231682857791904,-0.9455211401557815,7.788666925539422,0.0,13.30800429801544,12.788554303071779,378.17701864564674,372.73199851174604,0.0
3.361,10.116498867804435,-1.1377758279598487,3.09217932636286,0.0,13.371759428195096,12.092254312330095,383.2946194122795,372.73199851174604,0.0
3.362,9.60262414428417,-1.2238708359269923,0.4277527340411593,0.0,13.367056950280965,11.28121216420428,385.0819493501957,372.73199851174604,0.0
3.363,8.76739149518168,-1.2094709184805423,-0.5894117433014578,0.0,13.27927556434689,10.552297000681232,384.6525926834239,372.73199851174604,0.0
3.364,7.777594151506026,-1.1458075227061864,-0.4939393516323314,0.0,13.120521826293196,10.008694204087412,383.1948260225663,372.73199851174604,0.0
3.365,6.800537170710161,-1.092737241195803,0.13031570368826628,0.0,12.918082085377096,9.668867939966967,381.38064454287365,372.73199851174604,0.0
3.366,5.954232667398491,-1.091258472612013,0.9509199832233151,0.0,12.702271730411448,9.51012717391893,380.0212476087401,372.73199851174604,0.0
3.367,5.300832459505574,-1.1559859146498936,1.5577259593201456,0.0,12.499303140647564,9.467633041389536,379.13712968831413,372.73199851174604,0.0
3.368,4.840436184738587,-1.2764811137296324,1.935733607767455,0.0,12.324989194085521,9.488713832850369,378.4752684666926,372.73199851174604,0.0
3.369,4.540878103141868,-1.4289980569816354,2.2092315190287426,0.0,12.185786633092693,9.544907270491155,377.77881750265476,372.73199851174604,0.0
3.37,4.364375241194452,-1.5877812627566166,2.506988811138587,0.0,12.082064655165947,9.62799916528629,376.9236630621797,372.73199851174604,0.0
3.371,4.281549501340306,-1.7333241192950741,2.892649385871789,0.0,12.011445946672872,9.739200565873277,375.85845654593544,372.73199851174604,0.0
3.372,4.275171759373091,-1.852991431235255,3.393988063652018,0.0,11.970717224835841,9.883383898578606,374.35815157447763,372.73199851174604,0.0
3.373,4.338979490482228,-1.9395802635309307,4.127879018753606,0.0,11.956807806886161,10.07770801627139,372.7972705059589,372.73199851174604,0.0
3.374,4.478178356048434,-1.9971658404889858,4.907666833070833,0.0,11.969190267643166,10.314972732522618,370.36771450684176,372.73199851174604,0.0
3.375,4.694982752481846,-2.026033622108741,6.146087672678454,0.0,12.006660554158184,10.635721142486076,368.9063359893199,372.73199851174604,0.0
3.376,5.01391051129731,-2.0380388603507855,6.915033556663634,0.0,12.073490551408467,10.967427569441611,367.52634406785063,372.73199851174604,0.0
3.3770000000000002,5.4102895785811445,-2.0273172177633385,7.657086061837236,0.0,12.165508758562245,11.306170250342804,365.92929827861275,372.73199851174604,0.0
3.378,5.869242739925858,-1.9881035837677878,8.52363595878751,0.0,12.277993129777123,11.66161939040697,364.1504451658817,372.73199851174604,0.0
3.379,6.387536929198904,-1.9218950469717742,9.498878048611676,0.0,12.407883175169326,12.038960355290776,362.29320100840323,372.73199851174604,0.0
3.38,6.966840441838565,-1.8337523931331041,10.0,0.0,12.553484705956397,12.37838677748226,359.91786000758015,372.73199851174604,0.0
3.3810000000000002,7.577172760370152,-1.7144301124142864,10.0,0.0,12.70622470154322,12.632075971107344,356.3026631083158,372.73199851174604,0.0
3.382,8.17464192466128,-1.549823266165256,10.0,0.0,12.852146086653669,12.816051960041888,351.19199952613866,372.73199851174604,0.0
3.383,8.74132174607037,-1.3387611652895104,10.0,0.0,12.980302169512687,12.93986239988194,344.69112535001113,372.73199851174604,0.0
3.384,9.270092065213388,-1.0899852245722326,10.0,0.0,13.082768955599665,13.011609467132248,336.1171308925695,372.73199851174604,0.0
3.3850000000000002,9.762608041383924,-0.8121909965413664,10.0,0.0,13.154094164126747,13.037539452078892,347.93035267920453,372.73199851174604,0.0
3.386,10.065385289405407,-0.7718762084918921,10.0,0.0,13.219223165890655,13.03962862186292,363.01672391259666,372.73199851174604,0.0
3.387,10.217383197110156,-0.8961575064958353,10.0,0.0,13.29212227511751,13.03432977747763,377.64946012097704,372.73199851174604,0.0
3.388,10.255721649098295,-1.1293959332123868,3.385182467227957,0.0,13.381615002941922,12.306523549206986,384.07645834244795,372.73199851174604,0.0
3.3890000000000002,9.8174458407742,-1.2439759933181824,0.05823875818548352,0.0,13.39964925750131,11.40922530731442,385.4055382514005,372.73199851174604,0.0
3.39,8.983378623353667,-1.2236927547201712,-0.7330365936873431,0.0,13.32277330556865,10.637054099284484,384.6938732948611,372.73199851174604,0.0
3.391,7.969679151345693,-1.1442610586649962,-0.49682286324877545,0.0,13.167833173846187,10.07147495047792,383.26928289222104,372.73199851174604,0.0
3.392,6.9638099613258735,-1.077204935231689,0.11009949426649257,0.0,12.965247283798195,9.71186764158416,381.486887486373,372.73199851174604,0.0
3.3930000000000002,6.086896267500781,-1.0653136128493772,0.9137483074442407,0.0,12.746321767637903,9.536696434869938,380.1562929242066,372.73199851174604,0.0
3.394,5.404196866263788,-1.1234488846074484,1.5048026444028482,0.0,12.538285475539436,9.480457083342596,379.29895747375554,372.73199851174604,0.0
3.395,4.9173203379338295,-1.2408564076549276,1.8678007800082757,0.0,12.357762352315717,9.48978671340908,378.66358089684576,372.73199851174604,0.0
3.396,4.594385553483241,-1.393411963475985,2.1261732446121675,0.0,12.211831540330863,9.535576118903181,377.99012889564216,372.73199851174604,0.0
3.3970000000000002,4.397206657251326,-1.5548579106301386,2.4103179413750064,0.0,12.10130624872265,9.609326025388262,377.1568660134356,372.73199851174604,0.0
3.398,4.2960408842841264,-1.70477439986711,2.7827007074613874,0.0,12.024084831268292,9.711925515429964,376.0552958887251,372.73199851174604,0.0
3.399,4.272815633694933,-1.8302651989848304,3.3002527960468573,0.0,11.97715032757412,9.851292936640736,374.8123269089293,372.73199851174604,0.0
3.4,4.32210870781428,-1.9249069381504416,3.900934001972905,0.0,11.958001699687484,10.027275086468006,373.16526629234204,372.73199851174604,0.0
3.4010000000000002,4.44137703087089,-1.986919987200661,4.720131632460586,0.0,11.964241167576102,10.255222501023232,370.8410833676616,372.73199851174604,0.0
3.402,4.637939615682642,-2.022359692986539,5.9011322462416445,0.0,11.995929667277327,10.56228801102411,369.20282685974655,372.73199851174604,0.0
3.403,4.935987235327484,-2.0373728609554727,6.7555522167191695,0.0,12.056452919427242,10.893172398296928,367.8271881141979,372.73199851174604,0.0
3.404,5.316735083307802,-2.0320093412672797,7.492419693468979,0.0,12.143272166244058,11.230630107713774,366.2905992467622,372.73199851174604,0.0
3.4050000000000002,5.762819118375072,-1.9992155105091935,8.32512811983666,0.0,12.251601573134366,11.581991457625966,364.5532679501465,372.73199851174604,0.0
3.406,6.268297487521787,-1.9387240535822903,9.275581073760508,0.0,12.377908052372486,11.954130573648445,362.70985940264393,372.73199851174604,0.0
3.407,6.834028369159583,-1.854957072050908,10.0,0.0,12.520188341889861,12.314692365050913,360.55532113431434,372.73199851174604,0.0
3.408,7.4442107380687785,-1.7451482360730726,10.0,0.0,12.673055479453495,12.584719065238836,357.2647618870093,372.73199851174604,0.0
3.4090000000000003,8.04724636713696,-1.591212668941954,10.0,0.0,12.821803749254917,12.782797713655924,352.4660365086739,372.73199851174604,0.0
3.41,8.62161191704613,-1.3901127555448496,10.0,0.0,12.954903422115525,12.918793470012119,346.4848914383611,372.73199851174604,0.0
3.411,9.159376075508952,-1.1475730807696642,10.0,0.0,13.063624338234401,13.001089216086935,338.15558509923994,372.73199851174604,0.0
3.412,9.658464529886825,-0.8764632246190347,10.0,0.0,13.142306049920055,13.036505390769221,352.21708977173887,372.73199851174604,0.0
3.4130000000000003,10.015139176186446,-0.7646877431920927,10.0,0.0,13.207077003509912,13.042004792602663,359.84500750926475,372.73199851174604,0.0
3.414,10.18809066761428,-0.8719826744625858,10.0,0.0,13.27884099917815,13.037973432017687,373.05750455561383,372.73199851174604,0.0
3.415,10.25472622468117,-1.0752086448913416,5.70998965901332,0.0,13.364307366655524,12.56402007318641,383.16102249355237,372.73199851174604,0.0
3.416,9.973469704752263,-1.238257518998903,0.5539404502259897,0.0,13.409734877949578,11.653347950192106,386.0476093763817,372.73199851174604,0.0
3.4170000000000003,9.228604935839627,-1.2529691592467227,-1.0225090998350197,0.0,13.359540217500978,10.795559391588906,385.4750134888174,372.73199851174604,0.0
3.418,8.222306106330654,-1.1750519851315584,-0.8636413058236032,0.0,13.219868161681779,10.155014399199896,383.7742312996096,372.73199851174604,0.0
3.419,7.177750376098298,-1.089049966190827,-0.12367253909833131,0.0,13.021427761863265,9.749202728897995,381.8251383815202,372.73199851174604,0.0
3.42,6.248587255790332,-1.0543182317857305,0.7599425212486146,0.0,12.799289764401264,9.545688540546898,380.3066385505791,372.73199851174604,0.0
3.4210000000000003,5.51523673669341,-1.0941899496418888,1.4434460363308315,0.0,12.583747354158573,9.47803813323787,379.37450054021866,372.73199851174604,0.0
3.422,4.989308385014027,-1.2013007822474195,1.8430900212263364,0.0,12.394377618617302,9.483242942316918,378.75803401431216,372.73199851174604,0.0
3.423,4.639321558872404,-1.3513608647178188,2.091062929153927,0.0,12.239900838283745,9.525510144315799,378.14466973011866,372.73199851174604,0.0
3.424,4.423236065374415,-1.5159027429811325,2.343618359066948,0.0,12.121697461967702,9.593673852315957,377.3570061716288,372.73199851174604,0.0
3.4250000000000003,4.307172294994574,-1.6718800488349963,2.6912000617130394,0.0,12.037642878944565,9.689515444683236,376.46122900012773,372.73199851174604,0.0
3.426,4.2702053286208885,-1.8055933395400743,3.101796342579769,0.0,11.984726602379489,9.811962921977662,375.3237719532768,372.73199851174604,0.0
3.427,4.301478433153595,-1.9054745983480361,3.6446071315899395,0.0,11.958996506762189,9.968667536706254,373.37021268097175,372.73199851174604,0.0
3.428,4.398417344866416,-1.970021233514908,4.615004626050197,0.0,11.957611199459755,10.198093747657703,371.3886550997117,372.73199851174604,0.0
3.4290000000000003,4.579919116801991,-2.012981670694399,5.619216850800572,0.0,11.983387225720788,10.486202370765913,369.4448462404243,372.73199851174604,0.0
3.43,4.856945402283543,-2.0320373701860204,6.62399280315749,0.0,12.037063034238818,10.819903093017547,368.05449920495056,372.73199851174604,0.0
3.431,5.224328765555311,-2.033631309070908,7.365941313962306,0.0,12.11872611041263,11.159525993455706,366.6051968006456,372.73199851174604,0.0
3.432,5.660966489874735,-2.0093624957434417,8.151860533225783,0.0,12.223499660158007,11.50802822443594,364.9396680363144,372.73199851174604,0.0
3.4330000000000003,6.156484412158542,-1.9563330433266863,9.062548220145706,0.0,12.3470555263943,11.874333446453226,363.1268949165088,372.73199851174604,0.0
3.434,6.710066041775433,-1.8778593055330262,10.0,0.0,12.486784511575557,12.254437751772164,361.19289507646954,372.73199851174604,0.0
3.435,7.320000033850337,-1.7777320687640619,10.0,0.0,12.640321770103935,12.539573084446717,358.21489466826796,372.73199851174604,0.0
3.436,7.927749008231388,-1.634176154385754,10.0,0.0,12.792228957833004,12.75079556244549,353.73956072764884,372.73199851174604,0.0
3.4370000000000003,8.508647489149919,-1.4424807253654661,10.0,0.0,12.930416736540598,12.898265168260068,348.0287141521037,372.73199851174604,0.0
3.438,9.053756621966297,-1.2062922376282272,10.0,0.0,13.045468918597992,12.990653571563325,340.1282543906779,372.73199851174604,0.0
3.439,9.558962560699824,-0.9402415152947605,10.0,0.0,13.13135102820067,13.035186790809476,352.0089032881498,372.73199851174604,0.0
3.44,9.987176808008792,-0.7221850783327488,10.0,0.0,13.191772547925202,13.041803391274625,360.56811202033515,372.73199851174604,0.0
3.4410000000000003,10.162890572775336,-0.8384291132456791,10.0,0.0,13.261780983933843,13.038754112014482,370.58865785367425,372.73199851174604,0.0
3.442,10.246014632588098,-1.030636460990194,6.953593854989042,0.0,13.344464016318373,12.700519419398276,380.8779525407548,372.73199851174604,0.0
3.443,10.058635729762912,-1.2105024167142195,1.727486971158683,0.0,13.402918457855025,11.881411723419806,385.56549992270374,372.73199851174604,0.0
3.444,9.423578649696758,-1.2622118650050114,-0.7446217339253671,0.0,13.377506065394911,10.998371842250942,385.9347950164693,372.73199851174604,0.0
3.4450000000000003,8.470648686899212,-1.2051363446327619,-1.0612972458553855,0.0,13.259535522340068,10.289453215798552,384.4441689765207,372.73199851174604,0.0
3.446,7.419855772178501,-1.115442840782869,-0.4331059305288276,0.0,13.073174640725705,9.817955118482448,382.4176277125021,372.73199851174604,0.0
3.447,6.44768561314622,-1.062221461609174,0.4833084094729063,0.0,12.85334262087056,9.565925195329779,380.6675704916963,372.73199851174604,0.0
3.448,5.657348374927612,-1.0808068850160835,1.2789813000762962,0.0,12.632867421052154,9.472690331686943,379.5068527129149,372.73199851174604,0.0
3.4490000000000003,5.08017619431028,-1.170336039516822,1.7915916474553164,0.0,12.434778607612325,9.470747411217932,378.8281930462562,372.73199851174604,0.0
3.45,4.693139307669236,-1.311956691065059,2.0699595354395592,0.0,12.270987363594873,9.511486601380655,378.2516617316305,372.73199851174604,0.0
3.451,4.452627006112556,-1.4761298742628777,2.303028560553563,0.0,12.14429200663172,9.577212646312885,377.52761405900907,372.73199851174604,0.0
3.452,4.319847759460256,-1.6367881022815234,2.6170962413916588,0.0,12.052869463108172,9.668113899812813,376.7722660866124,372.73199851174604,0.0
3.4530000000000003,4.269306514620252,-1.7780034861849334,2.954367551841342,0.0,11.993606409236163,9.778973685417354,375.41093546964885,372.73199851174604,0.0
3.454,4.2853413362810295,-1.884679664901584,3.6082434907440772,0.0,11.961677865131605,9.93910558441796,373.74047569117573,372.73199851174604,0.0
3.455,4.373305995939417,-1.9596502849717277,4.4333886081863385,0.0,11.95613537175812,10.154742878291856,372.054648345686,372.73199851174604,0.0
3.456,4.540633339397839,-2.009480955490033,5.283075782591795,0.0,11.977442524665678,10.415949970267349,369.82078732894604,372.73199851174604,0.0
3.457,4.792080073075996,-2.0306111407924616,6.4291184027897845,0.0,12.024565685158114,10.744749017543757,368.3615173345169,372.73199851174604,0.0
3.458,5.139159395852067,-2.0352633447900006,7.202458211776636,0.0,12.100156874915655,11.083323170759758,366.93436231015534,372.73199851174604,0.0
3.459,5.560318508182943,-2.0160913566898238,7.974012085973334,0.0,12.199890920288043,11.429879846573044,365.3049023911133,372.73199851174604,0.0
3.46,6.042748688702399,-1.9687539958178875,8.863013006700694,0.0,12.31929183888961,11.79297309314645,363.5168916433978,372.73199851174604,0.0
3.461,6.583889054187265,-1.8954401535849377,9.849169449241913,0.0,12.455470841251461,12.176583167996796,361.657356257226,372.73199851174604,0.0
3.462,7.185164713486653,-1.8012742742895094,10.0,0.0,12.606767842561993,12.481451012888186,358.9305668660035,372.73199851174604,0.0
3.463,7.795230583427648,-1.6674077853867322,10.0,0.0,12.759638273244256,12.70835897881339,354.787280460053,372.73199851174604,0.0
3.464,8.382920831925134,-1.4860015215663696,10.0,0.0,12.901296433319601,12.86931792257899,349.2624151454534,372.73199851174604,0.0
3.465,8.936321495086963,-1.2589332300549596,10.0,0.0,13.021721222335923,12.973349617512735,341.8618459733749,372.73199851174604,0.0
3.466,9.450225842760231,-0.999081034922001,10.0,0.0,13.114193643394474,13.028025150242302,339.1996670034324,372.73199851174604,0.0
3.467,9.924961533479706,-0.7206965490081138,10.0,0.0,13.174862604120927,13.039398489302354,358.01882761313266,372.73199851174604,0.0
3.468,10.141465989866976,-0.7879065777714708,10.0,0.0,13.240778950703854,13.036633257233639,369.927937980095,372.73199851174604,0.0
3.469,10.236564907324922,-0.9773800699651168,7.271566364928997,0.0,13.319997123275277,12.73231264681578,378.8009907537779,372.73199851174604,0.0
3.47,10.083064594492683,-1.1584015325618322,2.7743500556672283,0.0,13.378879043511478,12.016772480614886,383.89282791130904,372.73199851174604,0.0
3.471,9.531630047671593,-1.2339990577164583,0.11682318290603266,0.0,13.366824268245011,11.190441527168595,385.3711806803052,372.73199851174604,0.0
3.472,8.663463480082623,-1.2089672630371615,-0.7487450232776389,0.0,13.269832402494293,10.466884934554262,384.6395565441449,372.73199851174604,0.0
3.473,7.656530872416213,-1.1387181334339826,-0.5020085355214814,0.0,13.102706977747658,9.943862431508716,382.9698914564498,372.73199851174604,0.0
3.474,6.681120012977586,-1.085907395890033,0.2304450788790504,0.0,12.894885155337327,9.63175803746115,381.1485566653216,372.73199851174604,0.0
3.475,5.852750518711782,-1.0902556316734666,1.0569468929073702,0.0,12.677641489074887,9.495039099751267,379.85225100122693,372.73199851174604,0.0
3.476,5.224085592129009,-1.1629016955159683,1.6338972000599057,0.0,12.476397880332549,9.466336651814075,379.0271795898701,372.73199851174604,0.0
3.477,4.787845617656075,-1.2900151729499947,1.9834810949570727,0.0,12.305664409550044,9.49476456108972,378.3890989311328,372.73199851174604,0.0
3.478,4.508197557641462,-1.446135714083239,2.2459504201318516,0.0,12.170749201523666,9.555051006036686,377.681873902404,372.73199851174604,0.0
3.479,4.346974144179239,-1.6052887631197243,2.550064180589686,0.0,12.071299788777306,9.64158320096563,376.81811419151506,372.73199851174604,0.0
3.48,4.275808950669758,-1.7492672887652196,2.9410828792364603,0.0,12.004694644129113,9.75570409152503,375.6642223793506,372.73199851174604,0.0
3.481,4.279079211651341,-1.865170820843612,3.488706546642659,0.0,11.967471706273852,9.907009414348819,374.19443011906986,372.73199851174604,0.0
3.482,4.353114413214438,-1.9487548384901812,4.208978360709777,0.0,11.95713680110683,10.105104404415894,372.59991569114715,372.73199851174604,0.0
3.483,4.501434424102873,-2.002861297986944,5.007556402877125,0.0,11.972760755831398,10.347422422275203,370.1635537024534,372.73199851174604,0.0
3.484,4.728056983343052,-2.0275817049638887,6.251421845316932,0.0,12.01323229704194,10.672465170660205,368.6976659525474,372.73199851174604,0.0
3.485,5.056181298519097,-2.036423746746971,7.024709045861898,0.0,12.082886379496292,11.007846286886346,367.30491938374144,372.73199851174604,0.0
3.486,5.461545427808663,-2.0226934260574594,7.7753531215449385,0.0,12.17751440963415,11.350183864984906,365.7015129754437,372.73199851174604,0.0
3.487,5.929437179065244,-1.980816070551444,8.64736118105684,0.0,12.29244418866931,11.708750482731544,363.9234037973625,372.73199851174604,0.0
3.488,6.456481603494155,-1.9123242040349404,9.624501717241273,0.0,12.424622319813862,12.088422825817583,362.067444931245,372.73199851174604,0.0
3.489,7.044077973206738,-1.8222000536327436,10.0,0.0,12.572321134273484,12.415513997026999,359.5682209268343,372.73199851174604,0.0
3.49,7.654628402394485,-1.6977443585444876,10.0,0.0,12.725170299452405,12.659626366220321,355.76593304254203,372.73199851174604,0.0
3.491,8.2488056579466,-1.5271485833032252,10.0,0.0,12.869624806707108,12.83535842119335,350.49220103179425,372.73199851174604,0.0
3.492,8.810862674010583,-1.310357167220138,10.0,0.0,12.995065970716913,12.952078222183028,343.6549878930084,372.73199851174604,0.0
3.493,9.33433103714487,-1.0577060935352938,10.0,0.0,13.094011294480204,13.017709209690585,335.02278157643707,372.73199851174604,0.0
3.494,9.822636262961618,-0.7762163788213781,10.0,0.0,13.161187826736242,13.03819273961522,350.07204594782036,372.73199851174604,0.0
3.495,10.098859625377827,-0.7676733873629917,10.0,0.0,13.225570226845857,13.037844052165374,366.3461611830159,372.73199851174604,0.0
3.496,10.22708466649418,-0.9205277680940882,9.07822088889482,0.0,13.300378929994528,12.931230250351273,378.57109721291613,372.73199851174604,0.0
3.497,10.196764198701045,-1.142179849476464,2.9073618869330096,0.0,13.379898567791674,12.177799501797107,383.7490224201492,372.73199851174604,0.0
3.498,9.704033020093403,-1.2359265432493465,0.20822904423245614,0.0,13.38421878245488,11.326364994169541,385.15690256399955,372.73199851174604,0.0
3.499,8.860506904281294,-1.2142167884850088,-0.6199600682152671,0.0,13.299637984927202,10.584257045782065,384.600162320149,372.73199851174604,0.0
3.5,7.857733569496286,-1.1422084690866623,-0.46027158437403326,0.0,13.141600654727371,10.035619242495805,383.1922639083642,372.73199851174604,0.0
3.501,6.8690217910625355,-1.0835426217235675,0.13907496755218496,0.0,12.93877011720294,9.689103284671525,381.42502627077795,372.73199851174604,0.0
3.5020000000000002,6.011098939954467,-1.0785468729424028,0.935763508755004,0.0,12.721608163756224,9.523082538727829,380.09156938389566,372.73199851174604,0.0
3.503,5.346014622066301,-1.1411690530586494,1.5288962434746516,0.0,12.516498728360412,9.473805433897585,379.219992491869,372.73199851174604,0.0
3.504,4.874372714280621,-1.2606632797465,1.8998047496867558,0.0,12.33949066915566,9.489043471024459,378.565615917359,372.73199851174604,0.0
3.505,4.564428431916646,-1.4132771378013385,2.1686568628856104,0.0,12.19729980170322,9.540298997890103,377.87357639515415,372.73199851174604,0.0
3.5060000000000002,4.378556701763218,-1.573227470164258,2.46326084515397,0.0,12.090521971661962,9.619274249734707,377.0685948455323,372.73199851174604,0.0
3.507,4.287388132949575,-1.720877156683843,2.822385656627036,0.0,12.01696141200282,9.724401708098046,375.8757642192445,372.73199851174604,0.0
3.508,4.27253699248689,-1.84205952490571,3.3873633126959444,0.0,11.973123217785131,9.870938598474744,374.4940917606248,372.73199851174604,0.0
3.509,4.331411008574457,-1.933212851170313,4.060578609516995,0.0,11.957137574233771,10.06021723330737,373.0125867066862,372.73199851174604,0.0
3.5100000000000002,4.46425482062812,-1.9943710480912464,4.7985252545369095,0.0,11.967494226919463,10.289387339120552,370.585555753503,372.73199851174604,0.0
3.511,4.671527314876232,-2.0259645592841236,6.033505158710936,0.0,12.002595929179915,10.603672886383176,369.05992121339,372.73199851174604,0.0
3.512,4.980599545526875,-2.0389039621583427,6.833043201750998,0.0,12.066723415144818,10.933714214409155,367.6760715474803,372.73199851174604,0.0
3.513,5.368908945868223,-2.029906414383694,7.575527304348495,0.0,12.156323161031871,11.27121871735331,366.0949516814992,372.73199851174604,0.0
3.5140000000000002,5.821057155785827,-1.9929102700146437,8.432457705641525,0.0,12.266733782221793,11.62491703862049,364.32752021213804,372.73199851174604,0.0
3.515,6.333012922351858,-1.9288551313986784,9.400218223318182,0.0,12.394797069615368,12.000377290588359,362.47472542804354,372.73199851174604,0.0
3.516,6.906135446852376,-1.8425500374609833,10.0,0.0,12.53874704451939,12.349472316327635,360.19786905658736,372.73199851174604,0.0
3.517,7.51649644754688,-1.7274852042225444,10.0,0.0,12.691417443790083,12.610646534385173,356.72854375967285,372.73199851174604,0.0
3.5180000000000002,8.11665776022974,-1.567729781869878,10.0,0.0,12.838515776813054,12.801056236175864,351.75413281388654,372.73199851174604,0.0
3.519,8.687010453827357,-1.3612397644621717,10.0,0.0,12.96882889902147,12.93039761792087,345.5092827985781,372.73199851174604,0.0
3.52,9.220020670430593,-1.1153915193078419,10.0,0.0,13.074066440390656,13.006908576821836,337.01358452784615,372.73199851174604,0.0
3.521,9.715670852015581,-0.8407023551849968,10.0,0.0,13.148673997911045,13.037100776161315,348.5527390255489,372.73199851174604,0.0
3.5220000000000002,10.039986416851388,-0.7735548182431904,10.0,0.0,13.214200682190972,13.041016301002784,360.839486222024,372.73199851174604,0.0
3.523,10.206071607790856,-0.8828429071635018,10.0,0.0,13.286259415677709,13.036066726433127,376.2246165700069,372.73199851174604,0.0
3.524,10.25843602254923,-1.1001061736673474,4.103515554704218,0.0,13.37342339678502,12.386105459972544,383.7344342691724,372.73199851174604,0.0
3.525,9.86836595863453,-1.2321845602197579,0.23858234754719287,0.0,13.399230842991276,11.487110261112635,385.3124000424169,372.73199851174604,0.0
3.5260000000000002,9.064734575331755,-1.2234392996665142,-0.6762045543817656,0.0,13.330275262164529,10.703116851142886,384.71812613275574,372.73199851174604,0.0
3.527,8.063896778832152,-1.1484713173625911,-0.49892887576127176,0.0,13.181656872975584,10.121331261536907,383.37103883115617,372.73199851174604,0.0
3.528,7.056483500581561,-1.0806986320312504,0.06822437184441377,0.0,12.983016448181527,9.744283575065623,381.65732215965295,372.73199851174604,0.0
3.529,6.168078473987383,-1.0645741721952722,0.8358294711169556,0.0,12.765439333491104,9.551492063348837,380.2704196417969,372.73199851174604,0.0
3.5300000000000002,5.467286316141504,-1.1170597410931715,1.4538965187444823,0.0,12.556275436275172,9.484736402678099,379.3721118409146,372.73199851174604,0.0
3.531,4.9624949652471315,-1.229758709160353,1.8366492858939285,0.0,12.37322439351217,9.48818117928292,378.7259687655797,372.73199851174604,0.0
3.532,4.624547840490555,-1.3797747712854225,2.099781121023052,0.0,12.224197709839041,9.530219618357954,378.0633976316146,372.73199851174604,0.0
3.533,4.415505251460817,-1.540913513661917,2.3777526968069242,0.0,12.110502639480886,9.60071231368881,377.2547485527439,372.73199851174604,0.0
3.5340000000000003,4.304692831465804,-1.6923637459373402,2.7368497358322967,0.0,12.030274483818168,9.699606131294873,376.2678263024164,372.73199851174604,0.0
3.535,4.272904355065811,-1.820492281665634,3.194952583089341,0.0,11.980538162089683,9.82977670258612,375.0003726402182,372.73199851174604,0.0
3.536,4.311681882557231,-1.9162809973249193,3.805995672903716,0.0,11.958048003028411,10.00000688319436,373.2291494211492,372.73199851174604,0.0
3.537,4.420973346870724,-1.9793302427785002,4.686635773344177,0.0,11.960807407777391,10.230090724186375,371.04658320135405,372.73199851174604,0.0
3.5380000000000003,4.611484434802575,-2.018630238273913,5.7947730363456715,0.0,11.989991763200635,10.530667514450485,369.3371260483426,372.73199851174604,0.0
3.539,4.901559983737005,-2.0363145108992637,6.683450337485427,0.0,12.047867632141799,10.860774992222396,367.964299183186,372.73199851174604,0.0
3.54,5.276027479904774,-2.03410928201251,7.417540763349347,0.0,12.132547244062241,11.197231813855755,366.4524031547906,372.73199851174604,0.0
3.541,5.716572241871568,-2.004577583721895,8.236284731116587,0.0,12.239178142430877,11.546516597858911,364.7326184346344,372.73199851174604,0.0
3.5420000000000003,6.216281483879914,-1.946835849767902,9.176170891965809,0.0,12.364018155610932,11.916173462313107,362.8961257341487,372.73199851174604,0.0
3.543,6.775777220329176,-1.8651111774867122,10.0,0.0,12.504927557307012,12.286023543325818,360.841279053858,372.73199851174604,0.0
3.544,7.385618629220368,-1.759595465408077,10.0,0.0,12.65794154532891,12.563253667712988,357.695718575746,372.73199851174604,0.0
3.545,7.990843327549897,-1.6104298582298975,10.0,0.0,12.808024087318529,12.767585875736295,353.04524662181313,372.73199851174604,0.0
3.5460000000000003,8.568365820007966,-1.4137461789878034,10.0,0.0,12.943388047266659,12.909017889969142,347.21654161786665,372.73199851174604,0.0
3.547,9.109816261675448,-1.1740918116522687,10.0,0.0,13.054963669028782,12.996058775114676,339.07409972579416,372.73199851174604,0.0
3.548,9.611814630227734,-0.9056307223355108,10.0,0.0,13.136951640977754,13.035747817797786,353.4030875371248,372.73199851174604,0.0
3.549,10.000568730360417,-0.7469893018985047,10.0,0.0,13.19994377464524,13.041923786078414,359.9558480829227,372.73199851174604,0.0
3.5500000000000003,10.175180592712692,-0.8584149598704777,10.0,0.0,13.271097528355323,13.038461607040308,371.63952918534915,372.73199851174604,0.0
3.551,10.251082548506927,-1.0541321238280275,6.425711510253307,0.0,13.355204320246196,12.64268619089103,382.2748719444482,372.73199851174604,0.0
3.552,10.021693870247898,-1.228795784409788,1.0126113963767631,0.0,13.40857872235748,11.761192642083266,385.96369324099186,372.73199851174604,0.0
3.553,9.325306430843815,-1.2602963190451053,-0.9641161991875276,0.0,13.370184751580918,10.884185585545948,385.74542863516285,372.73199851174604,0.0
3.5540000000000003,8.338181426990479,-1.1893675971989206,-0.9851181975071928,0.0,13.239812307478854,10.210116769755016,384.0810571622934,372.73199851174604,0.0
3.555,7.2860632523779,-1.099582657637613,-0.266423047577943,0.0,13.045903170074617,9.775545826777236,382.057226448331,372.73199851174604,0.0
3.556,6.334989177939951,-1.0554601308274814,0.6522400300374134,0.0,12.823972223559526,9.553004017837253,380.46344570996064,372.73199851174604,0.0
3.557,5.575811246176721,-1.086271413832438,1.371815927240445,0.0,12.605810657200593,9.474488844805515,379.4145292244026,372.73199851174604,0.0
3.5580000000000003,5.027462041752543,-1.185612627329834,1.8294488628928987,0.0,12.412233150829039,9.477879529559823,378.7805421379049,372.73199851174604,0.0
3.559,4.662015094457805,-1.3325259961816425,2.0859569698801668,0.0,12.2535195220088,9.519928629771798,378.1943935111337,372.73199851174604,0.0
3.56,4.435989790602214,-1.4975779609367155,2.3244073332718926,0.0,12.131568748526323,9.58677422993494,377.4385977217957,372.73199851174604,0.0
3.561,4.312963197636893,-1.6561004641851615,2.6552392358403862,0.0,12.044284568118183,9.680019870569767,376.6237703730172,372.73199851174604,0.0
3.5620000000000003,4.269979343621085,-1.7934870620088912,3.023735191616936,0.0,11.988580670542468,9.795936723222118,375.3837320593379,372.73199851174604,0.0
3.563,4.2936959278568505,-1.8963285410126902,3.617237012980664,0.0,11.959977544701744,9.953253078837815,373.5258535397199,372.73199851174604,0.0
3.564,4.385741414798092,-1.9651028540307642,4.538237722509924,0.0,11.956503126648606,10.177464708421272,371.6863695385846,372.73199851174604,0.0
3.565,4.560783141183912,-2.011257078201624,5.468436012809191,0.0,11.980186534887745,10.453685403045668,369.61431573963944,372.73199851174604,0.0
3.5660000000000003,4.8263803314006415,-2.0313687244808936,6.535639740002831,0.0,12.030874410614421,10.785277522459861,368.1934207588078,372.73199851174604,0.0
3.567,5.184680467673573,-2.034527582177775,7.29147300794803,0.0,12.109799068593706,11.124491796619482,366.7553668678611,372.73199851174604,0.0
3.568,5.614390967972197,-2.012713472409083,8.07026626986024,0.0,12.21232154753951,11.472100881621849,365.1071856205804,372.73199851174604,0.0
3.569,6.103997764436771,-1.9623540739720196,8.970605022412226,0.0,12.334031294360575,11.836890993572036,363.3062920528059,372.73199851174604,0.0
3.5700000000000003,6.651888369540897,-1.8862549508711828,9.9653088708889,0.0,12.472181768137832,12.222415206219415,361.43933801257714,372.73199851174604,0.0
3.571,7.259861901253005,-1.7898051818525138,10.0,0.0,12.625221132441053,12.515672848259946,358.58953764842977,372.73199851174604,0.0
3.572,7.869390655598871,-1.6509940525823952,10.0,0.0,12.77797759798848,12.73359332357471,354.26569756766764,372.73199851174604,0.0
3.573,8.453535170504702,-1.463965044110128,10.0,0.0,12.91806538487339,12.886836788816554,348.6350861056112,372.73199851174604,0.0
3.5740000000000003,9.002305094655295,-1.2316251448132651,10.0,0.0,13.035781640756063,12.984241439715202,340.9557966926215,372.73199851174604,0.0
3.575,9.511161745882802,-0.9680876402310923,10.0,0.0,13.12480100962927,13.033190718718734,345.5732631914265,372.73199851174604,0.0
3.576,9.970156325078491,-0.7055745723045446,10.0,0.0,13.183572307089406,13.040746169509983,360.55804047882674,372.73199851174604,0.0
3.577,10.155875179003695,-0.812144849341569,10.0,0.0,13.251569881035994,13.037584076828306,370.70735763867566,372.73199851174604,0.0
3.5780000000000003,10.241881408949356,-1.007093519384962,6.884740944593302,0.0,13.332830139254154,12.691255957959948,379.68727588088086,372.73199851174604,0.0
3.579,10.057434821810443,-1.181106103922644,2.325229049799354,0.0,13.388523457362375,11.938442145811708,384.57849671262926,372.73199851174604,0.0
3.58,9.46332003804263,-1.2442965170525855,-0.238846348083678,0.0,13.368576882043865,11.093534032212993,385.6058167910369,372.73199851174604,0.0
3.581,8.557582961213852,-1.2058557457463381,-0.8812445700803995,0.0,13.261273763922343,10.379788952614973,384.55362347886006,372.73199851174604,0.0
3.5820000000000003,7.533187271528567,-1.1283510268993808,-0.4733641636631267,0.0,13.085185338293078,9.88160505118757,382.7297634812721,372.73199851174604,0.0
3.583,6.561769771669361,-1.0765071149009136,0.33858818543560787,0.0,12.871959581952632,9.59747861976432,380.93015472506676,372.73199851174604,0.0
3.584,5.752519684918911,-1.08838068084605,1.1564110014050577,0.0,12.653468289477864,9.481586576658966,379.6699647238124,372.73199851174604,0.0
3.585,5.149364930772484,-1.1687880083406492,1.7171263399115588,0.0,12.453962992304978,9.467189589781292,378.9123614067606,372.73199851174604,0.0
3.586,4.73799502241557,-1.3027812813237611,2.034124369487314,0.0,12.286903712914818,9.502763544120162,378.3076643675057,372.73199851174604,0.0
3.587,4.478568207032016,-1.4627739335870327,2.280716230557176,0.0,12.156367015916691,9.566452550116681,377.5937576346072,372.73199851174604,0.0
3.588,4.332318675985216,-1.6225737241507634,2.589052005777825,0.0,12.0612309396574,9.655663182738612,376.7228074275308,372.73199851174604,0.0
3.589,4.272312441092002,-1.7648271402143025,2.984619020158158,0.0,11.998579412147587,9.772006348829843,375.5042036313772,372.73199851174604,0.0
3.59,4.2844327833654505,-1.8769065096762212,3.566198867038655,0.0,11.964733550478057,9.92853485857501,373.99396374624087,372.73199851174604,0.0
3.591,4.367325671801654,-1.9567687629711483,4.308699157261878,0.0,11.957589180117814,10.132888150329206,372.39212674699087,372.73199851174604,0.0
3.592,4.524979488488232,-2.0081299982812792,5.113016374534428,0.0,11.976445689320185,10.380628575918548,369.98791300463813,372.73199851174604,0.0
3.593,4.7617905285339965,-2.0292909634529614,6.3425641007818765,0.0,12.020004683977033,10.708215011345516,368.49971805903874,372.73199851174604,0.0
3.594,5.098428764866105,-2.0348749931090793,7.128984378108644,0.0,12.092369056321353,11.046947360342866,367.0894079909752,372.73199851174604,0.0
3.595,5.512126992569114,-2.018066551287653,7.890565317348129,0.0,12.189465457434054,11.39281218953398,365.4810333578521,372.73199851174604,0.0
3.596,5.988455069296702,-1.9735585256615649,8.767262285448622,0.0,12.30671090295394,11.75436192685291,363.7051757239206,372.73199851174604,0.0
3.597,6.5238093958705,-1.9028568132710038,9.745459330292615,0.0,12.441054669547036,12.136190245087928,361.850604008839,372.73199851174604,0.0
3.598,7.11927601953629,-1.810829318397447,10.0,0.0,12.59073088399213,12.45133982604062,359.2304753302786,372.73199851174604,0.0
3.599,7.729921396513355,-1.6814715204066943,10.0,0.0,12.743645352257742,12.686180338414664,355.24547936358795,372.73199851174604,0.0
3.6,8.32083379493394,-1.5051445349563792,10.0,0.0,12.886650034514567,12.853934336321371,349.82878510813157,372.73199851174604,0.0
3.601,8.878364467063726,-1.28285330281786,10.0,0.0,13.009440882655646,12.963794152713021,342.681179205831,372.73199851174604,0.0
3.602,9.396743176114537,-1.02634102415765,10.0,0.0,13.104945189290547,13.02350072100532,334.1292438503549,372.73199851174604,0.0
3.603,9.881621890408091,-0.7401095280716685,10.0,0.0,13.167949380308334,13.0386341916501,354.8569480843544,372.73199851174604,0.0
3.604,10.127285531406045,-0.7693731262685368,10.0,0.0,13.232247810051332,13.03638052096534,369.1104452882394,372.73199851174604,0.0
3.605,10.232477718780853,-0.9503125230723333,7.678992137346576,0.0,13.309501727418002,12.776356691230227,378.2330900334245,372.73199851174604,0.0
3.606,10.109538588570334,-1.1401449212946417,3.0626588495372493,0.0,13.372100039910917,12.080049279369707,383.3493643450203,372.73199851174604,0.0
3.607,9.590432388788248,-1.2247873785166945,0.398348035406598,0.0,13.366220126280684,11.268593873942173,385.1153456952547,372.73199851174604,0.0
3.608,8.751531243990588,-1.2094296399294988,-0.6084761115456736,0.0,13.277246887653911,10.540676533600857,384.6540601047381,372.73199851174604,0.0
3.609,7.760060375827056,-1.145266488045252,-0.49705393221730265,0.0,13.117474869534286,9.999651068676643,383.16663096978476,372.73199851174604,0.0
3.61,6.783512290483898,-1.0923994792446114,0.14231431067898193,0.0,12.914403767284975,9.66347281406431,381.34981595549567,372.73199851174604,0.0
3.611,5.939756977450816,-1.0917180996442433,0.9645436433860306,0.0,12.69847566813133,9.5077044224373,379.9971887835505,372.73199851174604,0.0
3.612,5.289760134100357,-1.1574668502611658,1.5682053266405802,0.0,12.495802716094211,9.467162651526776,379.1197517144836,372.73199851174604,0.0
3.613,4.8327036578156,-1.2787894153554848,1.9430463291466555,0.0,12.322030876823959,9.489379899904533,378.4605352881268,372.73199851174604,0.0
3.614,4.535954298013191,-1.431731229260375,2.2153691745612507,0.0,12.183468320197104,9.546277207303447,377.7637937328648,372.73199851174604,0.0
3.615,4.36166514754263,-1.5905159452747402,2.5134219999810394,0.0,12.080388650595355,9.62989542359556,376.90573271301463,372.73199851174604,0.0
3.616,4.280548743462214,-1.7357687648101396,2.900715167893452,0.0,12.010368732571743,9.74164548445859,375.8369177944882,372.73199851174604,0.0
3.617,4.275630866666258,-1.854892641517273,3.404073434329237,0.0,11.97017691067923,9.886444827468525,374.33071119891576,372.73199851174604,0.0
3.618,4.340769449049997,-1.9408702472985957,4.141189605243765,0.0,11.956750503145829,10.081579827294275,372.7615898978124,372.73199851174604,0.0
3.619,4.481347049014213,-1.9978912277613436,4.92545434193477,0.0,11.969592768141439,10.319944495538756,370.33225595432305,372.73199851174604,0.0
3.62,4.699825057655284,-2.026194907821946,6.164118739253691,0.0,12.007530468463965,10.641540554845642,368.8747453253854,372.73199851174604,0.0
3.621,5.020357167402612,-2.0378406393561623,6.931446585586125,0.0,12.074831998353094,10.973716445391679,367.4937082120001,372.73199851174604,0.0
3.622,5.418184323581621,-2.0267114270366955,7.674348045276221,0.0,12.167280293637424,11.31289511589239,365.89498112045,372.73199851174604,0.0
3.623,5.878487143872055,-1.987085624097459,8.542081764964248,0.0,12.28015408024328,11.668767404770088,364.11549509960776,372.73199851174604,0.0
3.624,6.398075091631183,-1.920503614218739,9.517989809506744,0.0,12.410399954019049,12.046460745072798,362.25809364950135,372.73199851174604,0.0
3.625,6.978612158951707,-1.8320360354184189,10.0,0.0,12.556324960878257,12.384008181303981,359.8638803244499,372.73199851174604,0.0
3.626,7.588957237707916,-1.7119119722547824,10.0,0.0,12.709083239514674,12.636240684703052,356.22035915646643,372.73199851174604,0.0
3.6270000000000002,8.18591146903709,-1.5463790571642997,10.0,0.0,12.854781560599033,12.818964250967214,351.0840870702996,372.73199851174604,0.0
3.628,8.751879091145792,-1.3344367680722784,10.0,0.0,12.982524083552164,12.941698396594731,344.53190229435626,372.73199851174604,0.0
3.629,9.279830750292799,-1.0850803963308027,10.0,0.0,13.084455990772083,13.012518373669721,335.94716600522815,372.73199851174604,0.0
3.63,9.77171987206341,-0.8067002897725367,10.0,0.0,13.155148456973514,13.037621256955914,348.5910709638334,372.73199851174604,0.0
3.6310000000000002,10.070941315218812,-0.7704888205864453,10.0,0.0,13.220082504338546,13.039287631004235,363.50700167112393,372.73199851174604,0.0
3.632,10.218644273813526,-0.9002196545941877,10.0,0.0,13.293322290804603,13.034025661370363,377.85529752248465,372.73199851174604,0.0
3.633,10.255236058754322,-1.134994564523043,3.281712352229838,0.0,13.383239833412775,12.295054159334237,384.1785420950245,372.73199851174604,0.0
3.634,9.809742037038461,-1.247140197278133,0.005624630127121222,0.0,13.400256742060284,11.395155049047084,385.46019955564105,372.73199851174604,0.0
3.6350000000000002,8.969422082066668,-1.2245915386994686,-0.7624861106201006,0.0,13.321980240043121,10.623196491221972,384.7013517511685,372.73199851174604,0.0
3.636,7.951859419852176,-1.1436596727325357,-0.5027557407780421,0.0,13.165658513774591,10.06038628036163,383.24416831069044,372.73199851174604,0.0
3.637,6.945214293793983,-1.0762015258790025,0.12071428147153718,0.0,12.96207686155266,9.704764653953763,381.44686101381643,372.73199851174604,0.0
3.638,6.070189439018323,-1.0649508939787218,0.9322193048878376,0.0,12.742728223871643,9.533564160082523,380.12917840892754,372.73199851174604,0.0
3.6390000000000002,5.39112516319238,-1.1242143986088202,1.5170888083604668,0.0,12.53482589239991,9.479716268771229,379.28291128542975,372.73199851174604,0.0
3.64,4.908021565816356,-1.2426751731398797,1.8747132423725272,0.0,12.354767055096342,9.490303679103594,378.65159241894514,372.73199851174604,0.0
3.641,4.588273482638517,-1.3958605241524524,2.131176736542839,0.0,12.20943862342244,9.536802457866782,377.9766558901701,372.73199851174604,0.0
3.642,4.393575808449672,-1.5574571442778482,2.4161984271461234,0.0,12.09953668749591,9.611125529939912,377.1409415723125,372.73199851174604,0.0
3.6430000000000002,4.2942387437766065,-1.7073560080975207,2.789966155469256,0.0,12.022930161188262,9.714270434794743,376.0265917317005,372.73199851174604,0.0
3.644,4.272707226779086,-1.8322099324134962,3.3141951435757218,0.0,11.97653372103342,9.854742804164795,374.9068035029516,372.73199851174604,0.0
3.645,4.3235451035247605,-1.9266306995209583,3.852341208038096,0.0,11.957961906969727,10.024674588180158,373.09145421562766,372.73199851174604,0.0
3.646,4.441002302932241,-1.9859824274012403,4.756421294661257,0.0,11.963824935109695,10.257411448104174,370.7478595877535,372.73199851174604,0.0
3.6470000000000002,4.6391536791999535,-2.0207234835896846,5.948059997838259,0.0,11.995603345329997,10.568878301937652,369.146380067795,372.73199851174604,0.0
3.648,4.940681737076519,-2.0363993099179,6.784655942257021,0.0,12.056727530245837,10.901298905660358,367.79341660739806,372.73199851174604,0.0
3.649,5.32465408847391,-2.0316431445164578,7.510523491498976,0.0,12.144301420584917,11.238847660399854,366.2633909349385,372.73199851174604,0.0
3.65,5.773025538749443,-1.9989750811218698,8.340222403496824,0.0,12.253326872044655,11.589925997510326,364.52472389138995,372.73199851174604,0.0
3.6510000000000002,6.279984934086635,-1.938208406025704,9.291628671474664,0.0,12.380199958442832,11.961874927428966,362.67764659516035,372.73199851174604,0.0
3.652,6.846736639917673,-1.8539735823492118,10.0,0.0,12.522922465339603,12.320449962765533,360.502907050039,372.73199851174604,0.0
3.653,7.456703723258084,-1.7431835678195178,10.0,0.0,12.675885671718849,12.588927169863728,357.18417643627606,372.73199851174604,0.0
3.654,8.058998512082992,-1.5881464612527032,10.0,0.0,12.824454096592937,12.785700220952688,352.3575285592534,372.73199851174604,0.0
3.6550000000000002,8.632455230495212,-1.3860224815791828,10.0,0.0,12.957159717390097,12.920595518283072,346.340375582573,372.73199851174604,0.0
3.656,9.169241340256647,-1.1428069870571012,10.0,0.0,13.065351841239883,13.001959943070496,337.9793586311953,372.73199851174604,0.0
3.657,9.667597300567952,-0.8710401445422478,10.0,0.0,13.143398997452023,13.036555843227527,351.9713111399055,372.73199851174604,0.0
3.658,10.01787074409857,-0.7682605160618681,10.0,0.0,13.208512937350955,13.04195034980481,359.69833028862087,372.73199851174604,0.0
3.6590000000000003,10.190456047289537,-0.8746527615177775,10.0,0.0,13.280385877202674,13.037835150798562,373.3401440953698,372.73199851174604,0.0
3.66,10.25551567231068,-1.078882047234392,5.5671660560485225,0.0,13.366061302142866,12.548276326123027,383.3515229957143,372.73199851174604,0.0
3.661,9.963765393632167,-1.2398652619298898,0.4552813610365991,0.0,13.409879162880822,11.63100507630212,386.0526447167465,372.73199851174604,0.0
3.662,9.208850402344469,-1.2510150922620884,-1.0284859615295172,0.0,13.35720476175249,10.777870325259808,385.4051013127015,372.73199851174604,0.0
3.6630000000000003,8.198986495247112,-1.171745267059186,-0.8314452875165745,0.0,13.21565314655711,10.14482963644381,383.70717702411895,372.73199851174604,0.0
3.664,7.156589073201698,-1.0867250305953227,-0.09223492834902558,0.0,13.016393096240671,9.744845665112198,381.77842296502604,372.73199851174604,0.0
3.665,6.23223874171306,-1.0541012402746541,0.7816778566646292,0.0,12.794322239252086,9.544926950885227,380.28358897316525,372.73199851174604,0.0
3.666,5.504129531767811,-1.0960219142419005,1.453578947980831,0.0,12.579404108579263,9.478811524355827,379.3655948650834,372.73199851174604,0.0
3.6670000000000003,4.982470164385599,-1.2045035573856306,1.8462400384883928,0.0,12.390880022326916,9.484390974767349,378.7517760187057,372.73199851174604,0.0
3.668,4.635417255513887,-1.3551065012683674,2.0929516866076368,0.0,12.237247797136625,9.52673096820259,378.1342686576614,372.73199851174604,0.0
3.669,4.421214152356127,-1.5195298172647005,2.347682665670643,0.0,12.119793329129653,9.595118843249654,377.3419428761238,372.73199851174604,0.0
3.67,4.306436762758715,-1.675008927303967,2.6977461127956435,0.0,12.036381564372443,9.691365635208571,376.43162702579923,372.73199851174604,0.0
3.6710000000000003,4.270537813808104,-1.8079781907637051,3.1159077528174075,0.0,11.984007483167026,9.814944827915612,375.0799560717819,372.73199851174604,0.0
3.672,4.303310300397011,-1.9069321379696447,3.76826365422571,0.0,11.958783970910908,9.984542262971818,373.4147759822344,372.73199851174604,0.0
3.673,4.407664707952242,-1.9746137774875718,4.59402592429458,0.0,11.959497994260936,10.207816634025095,371.405622162378,372.73199851174604,0.0
3.674,4.5906424603759595,-2.0172646053477865,5.611866597716464,0.0,11.986482827050729,10.493455812992714,369.4766474685342,372.73199851174604,0.0
3.6750000000000003,4.867414231511512,-2.0346293357889484,6.608907455070468,0.0,12.040816706528233,10.82411052761659,368.05432422071897,372.73199851174604,0.0
3.676,5.233062691304443,-2.033864651616774,7.366845821888367,0.0,12.122524906957024,11.1630823576364,366.57610348901886,372.73199851174604,0.0
3.677,5.668430128465191,-2.0075679289690616,8.16751513796569,0.0,12.227074477695394,11.512588132307679,364.8970502107403,372.73199851174604,0.0
3.678,6.163939889256408,-1.9533140370879243,9.085391260115028,0.0,12.350414707946602,11.880405567545893,363.08298818137115,372.73199851174604,0.0
3.6790000000000003,6.718642699426752,-1.8743602026444106,10.0,0.0,12.490060275826535,12.25914127094043,361.1304290227521,372.73199851174604,0.0
3.68,7.328910328153624,-1.7735483817601518,10.0,0.0,12.643315095305095,12.543239462326408,358.1254074222666,372.73199851174604,0.0
3.681,7.936682794892256,-1.6293328195978858,10.0,0.0,12.794798658345393,12.753501021467667,353.62109281527245,372.73199851174604,0.0
3.682,8.51745918894151,-1.4370776191712968,10.0,0.0,12.932454104570487,12.900077102320797,347.8937682556301,372.73199851174604,0.0
3.6830000000000003,9.062357867874981,-1.200516946230739,10.0,0.0,13.046902492239184,12.99163002896893,339.9531879126806,372.73199851174604,0.0
3.684,9.567317179160899,-0.9342673733566347,10.0,0.0,13.132139487519082,13.035375964267008,353.4501621632314,372.73199851174604,0.0
3.685,9.989893436859028,-0.7251073250785502,10.0,0.0,13.192882267218948,13.041837210329334,360.5405643807198,372.73199851174604,0.0
3.686,10.163728705000985,-0.8436817428365266,10.0,0.0,13.263331679991216,13.03883049283677,370.5428148272864,372.73199851174604,0.0
3.6870000000000003,10.247097934448972,-1.0343453475256617,6.978440203158584,0.0,13.34622273207523,12.703365548160281,381.17674598723414,372.73199851174604,0.0
3.688,10.059451662773721,-1.2164761496614682,1.5770271484298357,0.0,13.405405936671238,11.86727114728685,385.7473475500041,372.73199851174604,0.0
3.689,9.414621128766347,-1.2652699344005258,-0.838427123337735,0.0,13.378607389020242,10.978073563637281,385.9653130950144,372.73199851174604,0.0
3.69,8.452145197749115,-1.2043121958715535,-1.079743041675548,0.0,13.258375648683815,10.272149722359906,384.39935430662587,372.73199851174604,0.0
3.6910000000000003,7.397140318213831,-1.112620892571476,-0.4134372054300899,0.0,13.07009823227557,9.806927669785713,382.3398452130303,372.73199851174604,0.0
3.692,6.425981978199623,-1.0597256751190098,0.5202388743548578,0.0,12.84922479136396,9.561718759848215,380.61962215543724,372.73199851174604,0.0
3.693,5.640387078316493,-1.0800885989904319,1.3014741667144678,0.0,12.628686677350142,9.472246373762012,379.4851129262682,372.73199851174604,0.0
3.694,5.0685366340659535,-1.1715196463691464,1.8011976371537735,0.0,12.431108922102032,9.471872243576506,378.8194996910365,372.73199851174604,0.0
3.6950000000000003,4.68588690031862,-1.3144408019507392,2.073129242976699,0.0,12.268058546000367,9.51306595909057,378.24384513891454,372.73199851174604,0.0
3.696,4.448492940599284,-1.4791268405080154,2.305838052766008,0.0,12.14211883174576,9.579000756693308,377.51473983691136,372.73199851174604,0.0
3.697,4.3178501058168655,-1.6396855114312705,2.6225632905159433,0.0,12.051381162092873,9.670257563393786,376.7509668664046,372.73199851174604,0.0
3.698,4.268899133486417,-1.7804349672500508,2.964260092222733,0.0,11.99271979350616,9.781812496877698,375.40429640670266,372.73199851174604,0.0
3.6990000000000003,4.286370734289399,-1.8865317839741604,3.610872343124144,0.0,11.961343210407971,9.941644793925002,373.7040287754008,372.73199851174604,0.0
3.7,4.375224424587093,-1.9605372447418912,4.451285856138531,0.0,11.95616714784154,10.15873637695561,371.99428772610605,372.73199851174604,0.0
3.701,4.543985382119889,-2.0098074645821655,5.313533488642299,0.0,11.977897519409565,10.422369131446152,369.78679853200106,372.73199851174604,0.0
3.702,4.797861150567983,-2.0307504777943866,6.446730085492245,0.0,12.025629158524787,10.751602072018938,368.3326562142543,372.73199851174604,0.0
3.7030000000000003,5.146838129882482,-2.0351324851852883,7.217794667340534,0.0,12.101783518466641,11.090321310440668,366.90326766292264,372.73199851174604,0.0
3.704,5.569466429058672,-2.0155066746384462,7.990776251494603,0.0,12.201991707022417,11.437102046336637,365.2707620832231,372.73199851174604,0.0
3.705,6.053152690683202,-1.9676615372711075,8.881641405629617,0.0,12.321790443307275,11.80051167282496,363.48083722294444,372.73199851174604,0.0
3.706,6.595480234601861,-1.893882260850767,9.869115448656949,0.0,12.458312999579915,12.184454536269788,361.62024628357113,372.73199851174604,0.0
3.7070000000000003,7.197925091946081,-1.7993318679997818,10.0,0.0,12.609914836120375,12.48733227034618,358.8725446584828,372.73199851174604,0.0
3.708,7.807912619645256,-1.664618212614648,10.0,0.0,12.762771264250565,12.71269938968208,354.6983703776759,372.73199851174604,0.0
3.709,8.39500280407033,-1.4822464485461673,10.0,0.0,12.904165004007647,12.872335394887646,349.15418205701235,372.73199851174604,0.0
3.71,8.947616978506924,-1.254266678578984,10.0,0.0,13.024128913253875,12.975230516204588,341.7054367251458,372.73199851174604,0.0
3.7110000000000003,9.46066013516367,-0.993776714612729,10.0,0.0,13.116011845370556,13.028923910826585,340.33273630444194,372.73199851174604,0.0
3.712,9.933255304167577,-0.7172035353780906,10.0,0.0,13.176257673661619,13.039581222174181,358.7113164468469,372.73199851174604,0.0
3.713,10.143809878088211,-0.7922562885941244,10.0,0.0,13.242566184904446,13.036762333774895,370.02547079925085,372.73199851174604,0.0
3.714,10.237199274839426,-0.9829754994940743,7.223767073905481,0.0,13.3221905418499,12.727303275566003,378.91894842908926,372.73199851174604,0.0
3.715,10.079811983236128,-1.16281021217004,2.715158759812848,0.0,13.38078118356528,12.00681446962717,384.03834448029556,372.73199851174604,0.0
3.716,9.522554874529671,-1.236888646191445,0.04239727452419917,0.0,13.367814161130822,11.175040337254613,385.4475069770961,372.73199851174604,0.0
3.717,8.647534351469732,-1.20946426440542,-0.7893390585295759,0.0,13.269208961365887,10.451063220542366,384.64383657659783,372.73199851174604,0.0
3.718,7.63614845177066,-1.1373224978039524,-0.506622238928955,0.0,13.100405219397913,9.93154175274775,382.9168165057626,372.73199851174604,0.0
3.719,6.659976547204991,-1.0841904160185705,0.2550396165484976,0.0,12.891406593516898,9.625312743947548,381.10341492546877,372.73199851174604,0.0
3.72,5.834751356535031,-1.089463505407839,1.0780262425581846,0.0,12.67379628999464,9.492731735673594,379.824968328499,372.73199851174604,0.0
3.721,5.210582791043464,-1.1635852210022903,1.646319842875549,0.0,12.472789573818712,9.466336517946997,379.0122463261509,372.73199851174604,0.0
3.722,4.7786396955614645,-1.2919361317260223,1.9898783659055486,0.0,12.30262139051138,9.4958607067537,378.3775075576174,372.73199851174604,0.0
3.723,4.502438643019283,-1.4487241863343574,2.250792659713589,0.0,12.168385621315132,9.5567433302624,377.6669080111884,372.73199851174604,0.0
3.724,4.343802803777912,-1.607995583317599,2.556743337933648,0.0,12.069613664511447,9.64384747795786,376.8011105041801,372.73199851174604,0.0
3.725,4.274645876280455,-1.7517195477612824,2.9489509715134696,0.0,12.003646240276652,9.758468251747292,375.6256416027412,372.73199851174604,0.0
3.726,4.279599523517384,-1.8669902824667826,3.5077489913229565,0.0,11.96698017701745,9.911339441106513,374.1666383624313,372.73199851174604,0.0
3.727,4.3555814230232395,-1.9502108390936614,4.222904212971066,0.0,11.957269392901996,10.110027526913811,372.57056900380894,372.73199851174604,0.0
3.728,4.505550148633905,-2.0038392402464105,5.02255318736161,0.0,11.973465414339342,10.352948819873198,370.1333380084354,372.73199851174604,0.0
3.729,4.733768932043348,-2.027862198669804,6.267155290081501,0.0,12.014440204343943,10.678502948316734,368.66262191900154,372.73199851174604,0.0
3.73,5.0633064322100365,-2.0360961236053,7.043207100725863,0.0,12.084538430351108,11.014551883875816,367.26687765698307,372.73199851174604,0.0
3.731,5.470125615395879,-2.0218293041807476,7.795730440282727,0.0,12.179580037927408,11.357568062575735,365.66295504416223,372.73199851174604,0.0
3.732,5.939526513696075,-1.9795136360968464,8.668382181368985,0.0,12.294907047321088,11.716687335306057,363.8855533944106,372.73199851174604,0.0
3.733,6.4680638736866545,-1.9106597938956718,9.645547457418166,0.0,12.427462517087138,12.096743944041297,362.03002453931737,372.73199851174604,0.0
3.734,7.057066243575822,-1.8202210178577425,10.0,0.0,12.575508373807951,12.421763678715228,359.5099427805891,372.73199851174604,0.0
3.735,7.667661935764016,-1.6949215219643698,10.0,0.0,12.72837306153618,12.664265997726215,355.6760408027686,372.73199851174604,0.0
3.736,8.26129160055997,-1.523333634682014,10.0,0.0,12.872579839750564,12.838611247403257,350.37630910696265,372.73199851174604,0.0
3.737,8.82257481985329,-1.3055879112613793,10.0,0.0,12.997564314407766,12.954137792459726,343.4837917227402,372.73199851174604,0.0
3.738,9.345162768800273,-1.0522724846146505,10.0,0.0,13.095915756407958,13.01873828828503,334.8430800564241,372.73199851174604,0.0
3.739,9.832736200740719,-0.7701980833437365,10.0,0.0,13.162397073917326,13.038306680703844,350.56663233855136,372.73199851174604,0.0
3.74,10.104269168874277,-0.7672413495932635,10.0,0.0,13.226682602217807,13.03757347345643,366.89497521425636,372.73199851174604,0.0
3.741,10.228414419621833,-0.9250663272680115,8.800141875634594,0.0,13.301856571845217,12.900417098182713,378.5059366174357,372.73199851174604,0.0
3.742,10.179649958611416,-1.1406693830838517,2.9369217929880396,0.0,13.377935593345505,12.158143672770265,383.649972492089,372.73199851174604,0.0
3.743,9.681652667098746,-1.2327133278379363,0.2557241158579622,0.0,13.38014817351932,11.315698005847537,385.1191745750965,372.73199851174604,0.0
3.744,8.839733251377982,-1.2124993271908282,-0.6027486862793081,0.0,13.29475094946475,10.577729294984819,384.59223653881264,372.73199851174604,0.0
3.745,7.840390498623492,-1.14257952556303,-0.4578820484080417,0.0,13.136607538556785,10.031046299635918,383.18618629958024,372.73199851174604,0.0
3.746,6.855085891615114,-1.0855492934779623,0.14060119332981635,0.0,12.934036041691641,9.685991832186936,381.4173002516602,372.73199851174604,0.0
3.747,6.000228905088927,-1.081619002926214,0.9381911998906913,0.0,12.717354218128275,9.521116952548452,380.08118034067513,372.73199851174604,0.0
3.748,5.337757045377281,-1.144788108868055,1.532759337093938,0.0,12.512840993516512,9.472811308247246,379.20626116782864,372.73199851174604,0.0
3.749,4.86829621008673,-1.2644241396970441,1.9054762969563566,0.0,12.336476799267583,9.488954063412669,378.5485279602436,372.73199851174604,0.0
3.75,4.560209722876905,-1.4168761822926688,2.1761776062639147,0.0,12.194936664337316,9.541091003302034,377.8535677837809,372.73199851174604,0.0
3.751,4.375985044487162,-1.576451998861813,2.4724420017749162,0.0,12.08879305628566,9.620926155873343,377.0062536704006,372.73199851174604,0.0
3.7520000000000002,4.286436074728224,-1.723415191136994,2.8533565068785025,0.0,12.015817517280881,9.729109523878233,375.86412465094776,372.73199851174604,0.0
3.753,4.2741058579039235,-1.844791598499428,3.393099755212912,0.0,11.972839641864184,9.87520044760098,374.48740329054647,372.73199851174604,0.0
3.754,4.3344530528601615,-1.935359830290925,4.063906387625552,0.0,11.957517387784872,10.064014294878408,372.98844062995755,372.73199851174604,0.0
3.755,4.468082013787347,-1.995519960866436,4.810823296737896,0.0,11.96832067588662,10.293771611945957,370.545536280862,372.73199851174604,0.0
3.7560000000000002,4.676356077534499,-2.0261086713512624,6.054140093594514,0.0,12.00378252373253,10.609355347277118,369.0242562189555,372.73199851174604,0.0
3.757,4.986872694475798,-2.03847868606011,6.851857547475674,0.0,12.06831137484009,10.940168558592044,367.6407814729935,372.73199851174604,0.0
3.758,5.376709856159413,-2.029016741783778,7.59450709084418,0.0,12.158304147950894,11.278290687502171,366.05893007215894,372.73199851174604,0.0
3.759,5.830382964700125,-1.9916162965858804,8.452163475657342,0.0,12.269090427112632,11.632509917405491,364.2912721404426,372.73199851174604,0.0
3.7600000000000002,6.343824794883742,-1.9272131917529602,9.420399705228562,0.0,12.397509664268886,12.008373403404565,362.4383393652568,372.73199851174604,0.0
3.761,6.918357616362201,-1.8406064968273057,10.0,0.0,12.541790620915929,12.355501942587708,360.14148486571384,372.73199851174604,0.0
3.762,7.5288244619621985,-1.724724138474659,10.0,0.0,12.69447534334704,12.615143695768307,356.64225317558146,372.73199851174604,0.0
3.763,8.128514561110764,-1.564010873337717,10.0,0.0,12.84133613327157,12.804228503423618,351.63928581549595,372.73199851174604,0.0
3.7640000000000002,8.698168156766474,-1.3566055016560603,10.0,0.0,12.971211866735564,12.932425914775209,345.34377588913196,372.73199851174604,0.0
3.765,9.230337124669735,-1.1101762950664291,10.0,0.0,13.075886608980277,13.007949107825242,336.82815199628254,372.73199851174604,0.0
3.766,9.72536823513797,-0.8348453875572335,10.0,0.0,13.149824088545403,13.03725572332226,347.96064394097954,372.73199851174604,0.0
3.767,10.044526819744906,-0.7745969491926861,10.0,0.0,13.21542446255871,13.040868292024015,361.12731674115645,372.73199851174604,0.0
3.7680000000000002,10.20917238375048,-0.884551940067861,10.0,0.0,13.287523589420779,13.035760215062382,376.57676582343845,372.73199851174604,0.0
3.769,10.257529856952178,-1.1068971433647974,3.925491484067117,0.0,13.37526041835439,12.366504055318371,383.72122954742576,372.73199851174604,0.0
3.77,9.85608301840007,-1.2339774818082914,0.24336731171666237,0.0,13.399053333616047,11.473301347615648,385.3076962383941,372.73199851174604,0.0
3.771,9.048169518128926,-1.223459929591145,-0.675623011033986,0.0,13.328718952452949,10.692386525074594,384.733040307623,372.73199851174604,0.0
3.7720000000000002,8.046191564330814,-1.1483162961653446,-0.5083054636072131,0.0,13.17916590299739,10.112263020030882,383.375863236932,372.73199851174604,0.0
3.773,7.039085683371212,-1.0807588772418257,0.06384442448643934,0.0,12.979875928235689,9.737221740129586,381.6427130842324,372.73199851174604,0.0
3.774,6.152162056512915,-1.0650608378445163,0.8413123551113646,0.0,12.761959612815557,9.547046104374875,380.24865335948806,372.73199851174604,0.0
3.775,5.453940513806483,-1.1181775411293464,1.4631756690061213,0.0,12.552817183117273,9.48266181930492,379.3503659372463,372.73199851174604,0.0
3.7760000000000002,4.952232210962748,-1.2315488508062864,1.8461357058720012,0.0,12.370090244913433,9.487914388574174,378.70616470350546,372.73199851174604,0.0
3.777,4.617341354859586,-1.3820751025708176,2.108494660824822,0.0,12.221585432054237,9.531219802915185,378.044393834996,372.73199851174604,0.0
3.778,4.411014793930569,-1.543428272361633,2.3862561418470474,0.0,12.108505228074403,9.602621381040247,377.2826323181048,372.73199851174604,0.0
3.779,4.302372719365524,-1.6949896242038267,2.7216305622290733,0.0,12.028931419309792,9.69957571497949,376.237237087881,372.73199851174604,0.0
3.7800000000000002,4.271185102339615,-1.821885818997981,3.2092757915796186,0.0,11.979453392724498,9.831508682800285,374.856992526695,372.73199851174604,0.0
3.781,4.31148061276962,-1.9167924613544476,3.8781481320231164,0.0,11.957287234291089,10.00925567401819,373.2110145147137,372.73199851174604,0.0
3.782,4.4256554689531145,-1.9812475946358443,4.6963469779840885,0.0,11.961253389060195,10.238168220846354,370.99704446430593,372.73199851174604,0.0
3.783,4.618889432672069,-2.020452588092646,5.8206815436623875,0.0,11.991382180982644,10.539966954786363,369.34039622239493,372.73199851174604,0.0
3.7840000000000003,4.91137233369703,-2.038021746969203,6.682921687511398,0.0,12.050218524648699,10.867960985215667,367.9628642088622,372.73199851174604,0.0
3.785,5.286335374887829,-2.0347626109909163,7.419379037306609,0.0,12.135436440444709,11.203106048486895,366.42900223348187,372.73199851174604,0.0
3.786,5.726668822755777,-2.0038129411894254,8.24933998777941,0.0,12.242275198669851,11.552502479211086,364.6933238885352,372.73199851174604,0.0
3.787,6.226527160408912,-1.9449135079450035,9.197565906484856,0.0,12.367200283186033,11.923067301575081,362.8514850302007,372.73199851174604,0.0
3.7880000000000003,6.786869518851327,-1.8625073939197827,10.0,0.0,12.50821366327666,12.29121456520177,360.7751468801549,372.73199851174604,0.0
3.789,7.396641075238083,-1.7560297461414942,10.0,0.0,12.661051951605542,12.567152651921587,357.60005397188866,372.73199851174604,0.0
3.79,8.001458338133256,-1.6059213355466286,10.0,0.0,12.810753071085863,12.770348575447704,352.91926614484936,372.73199851174604,0.0
3.791,8.578467686465919,-1.4084294793742336,10.0,0.0,12.945580650897746,12.9107721628816,347.06412247160745,372.73199851174604,0.0
3.7920000000000003,9.119343628862254,-1.1682796725483917,10.0,0.0,13.056526271282708,12.996909889373024,338.88179007773226,372.73199851174604,0.0
3.793,9.6208928185747,-0.8994172466098453,10.0,0.0,13.137817733493339,13.035766753809401,353.15709830527067,372.73199851174604,0.0
3.794,10.002450427170873,-0.751794552365507,10.0,0.0,13.201315863819053,13.041911232974744,359.81250646874133,372.73199851174604,0.0
3.795,10.17762920529849,-0.8612097418121359,10.0,0.0,13.2725905268103,13.03833698774805,371.88599867614715,372.73199851174604,0.0
3.7960000000000003,10.25184837132129,-1.058265566438844,6.301296469571301,0.0,13.356962287794227,12.62897792451476,382.4958164768946,372.73199851174604,0.0
3.797,10.013199405300279,-1.2311834381901867,0.898749389546083,0.0,13.409011374002814,11.73869237812725,386.00192499870474,372.73199851174604,0.0
3.798,9.306101451329257,-1.259095299146651,-0.9870041362285633,0.0,13.368168122939487,10.864627163240987,385.6878164123034,372.73199851174604,0.0
3.799,8.314041372652072,-1.1862905779202002,-0.9595080220334644,0.0,13.235715037549394,10.197821881671,384.0098862368054,372.73199851174604,0.0
3.8000000000000003,7.263068586122188,-1.0970670748020943,-0.2333218115350686,0.0,13.040740194410585,9.769743747463401,382.00123592586124,372.73199851174604,0.0
3.801,6.316563000284446,-1.0549141165890281,0.6783109697958674,0.0,12.818710431792633,9.551599572780948,380.43558508187505,372.73199851174604,0.0
3.802,5.562934444030457,-1.0879001327775324,1.3841005260876722,0.0,12.601119219331107,9.475021448013294,379.40281149978273,372.73199851174604,0.0
3.803,5.019303498791408,-1.1887804839646434,1.8337791872534641,0.0,12.408396294107659,9.479011890055332,378.7730527993457,372.73199851174604,0.0
3.8040000000000003,4.657216439039888,-1.3363888935811201,2.088247994595987,0.0,12.250572827156704,9.521219044687113,378.18325531772217,372.73199851174604,0.0
3.805,4.433402008264588,-1.5014138476520933,2.3286341673479853,0.0,12.129429083215662,9.588319644877684,377.42059540253973,372.73199851174604,0.0
3.806,4.311905398793657,-1.659447382918356,2.6630781560312684,0.0,12.042843213026366,9.682107270416786,376.58965724169497,372.73199851174604,0.0
3.807,4.270206271744659,-1.7961184537146875,3.039970649154162,0.0,11.987748174844839,9.799343218620415,375.3858269845994,372.73199851174604,0.0
3.8080000000000003,4.295463559541117,-1.8983989861708674,3.6153474929734015,0.0,11.959770383164045,9.955673303146312,373.4907184501069,372.73199851174604,0.0
3.809,4.388078761872324,-1.966036929466136,4.555314560836054,0.0,11.956640747541837,10.181280109699774,371.62222277740517,372.73199851174604,0.0
3.81,4.564336600052286,-2.011465911875752,5.500660154530325,0.0,11.980705564769302,10.460139406486924,369.5756729215183,372.73199851174604,0.0
3.811,4.832318322581289,-2.031383480008181,6.555498338376051,0.0,12.031986472623206,10.792382588507806,368.1625285865529,372.73199851174604,0.0
3.8120000000000003,5.192624479809544,-2.0343073065308395,7.307765205110657,0.0,12.11148605312998,11.131776656544522,366.7237462615155,372.73199851174604,0.0
3.813,5.623897540011721,-2.0120741985477353,8.087238890131681,0.0,12.214500202246375,11.47956373746325,365.07289985348905,372.73199851174604,0.0
3.814,6.114800538322319,-1.9612175633786992,8.98925308072747,0.0,12.336619745754243,11.844613750104932,363.26979881205546,372.73199851174604,0.0
3.815,6.663878699532158,-1.8846445414418294,9.985425598441172,0.0,12.475117870114122,12.230439983125803,361.40130214452967,372.73199851174604,0.0
3.8160000000000003,7.273010518119159,-1.787796995360448,10.0,0.0,12.628461305490525,12.521661145842437,358.52976050019566,372.73199851174604,0.0
3.817,7.882431852701556,-1.6481242971690335,10.0,0.0,12.781196992260705,12.738003763191266,354.1743182044048,372.73199851174604,0.0
3.818,8.465943890420984,-1.4601128246016954,10.0,0.0,12.92100883708826,12.889893576678917,348.5265213173392,372.73199851174604,0.0
3.819,9.013885481916711,-1.2268626219699783,10.0,0.0,13.038251071218003,12.986137138613225,340.79889658014343,372.73199851174604,0.0
3.8200000000000003,9.521848377553715,-0.9626818712094041,10.0,0.0,13.126666057570864,13.034084065161958,347.28071341914057,372.73199851174604,0.0
3.821,9.974910243258055,-0.7082958936666985,10.0,0.0,13.185693587921216,13.041320621419997,360.64797600651,372.73199851174604,0.0
3.822,10.157661840650615,-0.8179878396652271,10.0,0.0,13.254151994697603,13.038164218031135,370.7247183222064,372.73199851174604,0.0
3.823,10.243101984364202,-1.0120960357691162,6.877778155096161,0.0,13.3357039025689,12.691153992884804,379.93544697468104,372.73199851174604,0.0
3.8240000000000003,10.05676572017231,-1.186576619136177,2.200379344229489,0.0,13.391651379347781,11.925059720792184,384.77085019713763,372.73199851174604,0.0
3.825,9.453559415065127,-1.2471660405223757,-0.3377107838527218,0.0,13.370314711758324,11.073243028526207,385.6619592291511,372.73199851174604,0.0
3.826,8.538258260223515,-1.2049878033823254,-0.9125649070334951,0.0,13.260684541401936,10.361272350440323,384.5255967139155,372.73199851174604,0.0
3.827,7.5089908429598005,-1.1252736603707993,-0.46231963143739474,0.0,13.082473546912745,9.868877649025368,382.66472657307503,372.73199851174604,0.0
3.8280000000000003,6.537959887708901,-1.073444213098628,0.36878815836954715,0.0,12.867940083961141,9.591341453330749,380.87765525387414,372.73199851174604,0.0
3.829,5.732948491934714,-1.0868939025458846,1.1808672505487117,0.0,12.649104108047167,9.47996409713472,379.6382036528513,372.73199851174604,0.0
3.83,5.1352815686082565,-1.1692576558337813,1.7315309996490758,0.0,12.449939510072177,9.467986348054314,378.89631727765976,372.73199851174604,0.0
3.831,4.728923366795274,-1.30482585821607,2.04083099958571,0.0,12.283582461715822,9.504529009552638,378.29666157768634,372.73199851174604,0.0
3.8320000000000003,4.473331446961012,-1.4656498310284265,2.2850122189130193,0.0,12.153850339330472,9.568600163355775,377.5798923478371,372.73199851174604,0.0
3.833,4.329788248313739,-1.6255937533205815,2.5949178954767396,0.0,12.059484136287983,9.658172634421653,376.70571196145573,372.73199851174604,0.0
3.834,4.271741731292301,-1.7675222114017433,2.992270954170313,0.0,11.99752449182233,9.774910702653237,375.4947212805559,372.73199851174604,0.0
3.835,4.28538395608976,-1.8789815191568071,3.5701390669321347,0.0,11.964275857898652,9.931289851534029,373.9519165705643,372.73199851174604,0.0
3.8360000000000003,4.369316892145789,-1.9578296621097657,4.329342241339738,0.0,11.957548704902699,10.137343689473402,372.3378518561543,372.73199851174604,0.0
3.837,4.528607714831004,-2.0086731525337687,5.140316065100658,0.0,11.976903953517388,10.387051856054054,369.95326881187214,372.73199851174604,0.0
3.838,4.767767293417672,-2.029469683572667,6.360394884240487,0.0,12.021073677438707,10.715109017288201,368.46625770100036,372.73199851174604,0.0
3.839,5.106264392986614,-2.0346797790693083,7.146557847783833,0.0,12.093997290285555,11.054211487422718,367.0534159938745,372.73199851174604,0.0
3.84,5.521540856925872,-2.017391114588439,7.909764526525466,0.0,12.191584934813307,11.400491736816981,365.44303754018375,372.73199851174604,0.0
3.841,5.999311013497784,-1.9723928310274121,8.787843363086473,0.0,12.309264915280803,11.762457378375373,363.6663806043116,372.73199851174604,0.0
3.842,6.536038024974488,-1.9012468675476197,9.766828010096896,0.0,12.443997388710224,12.144639706933496,361.8113866659151,372.73199851174604,0.0
3.843,7.1328163252495065,-1.8088376802842756,10.0,0.0,12.594021296688346,12.4576577794825,359.1694133963379,372.73199851174604,0.0
3.844,7.743413245208074,-1.678581558150047,10.0,0.0,12.746940539561422,12.69084683748269,355.15173781453126,372.73199851174604,0.0
3.845,8.333699777571983,-1.501219741354368,10.0,0.0,12.889679525321029,12.857183364609725,349.71146551846516,372.73199851174604,0.0
3.846,8.890395943009363,-1.2779429662856692,10.0,0.0,13.011991438127778,12.965826424725547,342.5106029328827,372.73199851174604,0.0
3.847,9.407854955324755,-1.0207358379620337,10.0,0.0,13.106876449300518,13.024482840410133,334.6270736541636,372.73199851174604,0.0
3.848,9.89117976562546,-0.7352174424047684,10.0,0.0,13.169303648696388,13.038770976633623,355.4585625984969,372.73199851174604,0.0
3.849,10.130419761288234,-0.7729293925338157,10.0,0.0,13.233920440244786,13.036389867754451,369.2962660647486,372.73199851174604,0.0
3.85,10.233477257266664,-0.9557059735592235,7.586062490178517,0.0,13.311565746161927,12.766231498236666,378.3499381565906,372.73199851174604,0.0
3.851,10.103606784941022,-1.143630305282044,3.003047047809056,0.0,13.373274595214832,12.066177499615558,383.4491661738271,372.73199851174604,0.0
3.852,9.57761286788799,-1.2263376488206816,0.3462613625699955,0.0,13.366025723972356,11.25244414096182,385.1588627913553,372.73199851174604,0.0
3.853,8.732989155857517,-1.2091418823271116,-0.6328555889902017,0.0,13.275409796239078,10.525872892382806,384.6480343060584,372.73199851174604,0.0
3.854,7.738776571157839,-1.143955560695027,-0.4966017042848545,0.0,13.114199798706633,9.988593419918214,383.125655201695,372.73199851174604,0.0
3.855,6.762753139831588,-1.0912738629043686,0.16065128099734594,0.0,12.910239730140322,9.657276636079718,381.310184690737,372.73199851174604,0.0
3.856,5.922295293569494,-1.0916904897607531,0.9826046746864332,0.0,12.694116635978903,9.505227995996982,379.96936516386626,372.73199851174604,0.0
3.857,5.276641326775873,-1.1588426428998624,1.5806407716006037,0.0,12.491783557802083,9.466953705114722,379.1017339117355,372.73199851174604,0.0
3.858,4.82373108245149,-1.2812903017219373,1.9507590436660909,0.0,12.318654079293765,9.49036977166882,378.44592523761474,372.73199851174604,0.0
3.859,4.530357975973676,-1.4348138258487244,2.221524113467779,0.0,12.180842266357407,9.54795619794352,377.7471565715573,372.73199851174604,0.0
3.86,4.358637642316997,-1.593648714727398,2.52075686589839,0.0,12.078506879877544,9.63216625800392,376.8867823741705,372.73199851174604,0.0
3.861,4.279504900504564,-1.7385812441667348,2.9093961259675547,0.0,12.009180267401248,9.744467162756399,375.8136484221413,372.73199851174604,0.0
3.862,4.276232189982583,-1.8570716262925135,3.4151466028782,0.0,11.969601023387272,9.889920146384767,374.2993006824407,372.73199851174604,0.0
3.863,4.342849982647207,-1.942328673054302,4.156647451021559,0.0,11.956718373460072,10.086016811477245,372.72110793173283,372.73199851174604,0.0
3.864,4.484991601364102,-1.9987075192201156,4.945852732175612,0.0,11.970082757645459,10.325643717381046,370.2932310694471,372.73199851174604,0.0
3.865,4.705376358716732,-2.026374305353531,6.184178837741481,0.0,12.008552952015707,10.648147282792099,368.83896523513374,372.73199851174604,0.0
3.866,5.027709053058775,-2.0375946557665,6.95024208766427,0.0,12.076384054174127,10.980878458730816,367.45650732742644,372.73199851174604,0.0
3.867,5.4271808780609225,-2.025997395916899,7.694225953361118,0.0,12.169317261622986,11.320578646212113,365.8560624710467,372.73199851174604,0.0
3.868,5.889032156883891,-1.9859084000083276,8.563207741957982,0.0,12.282633350123644,11.676941371358348,364.0760542273312,372.73199851174604,0.0
3.869,6.410106153733057,-1.9189088649979622,9.539771306659873,0.0,12.413285043396808,12.055031980206087,362.2185338635184,372.73199851174604,0.0
3.87,6.992054636962719,-1.830076090484225,10.0,0.0,12.559579018381024,12.390434624929995,359.80277912285635,372.73199851174604,0.0
3.871,7.602415859250503,-1.7090418982634932,10.0,0.0,12.71235842694006,12.641003866127168,356.12688444906473,372.73199851174604,0.0
3.872,8.198782671902514,-1.542455272285758,10.0,0.0,12.857802631827571,12.822297386891684,350.96172319893424,372.73199851174604,0.0
3.873,8.763937008398665,-1.3295097369223905,10.0,0.0,12.985073625672586,12.943802667180446,344.35082455238427,372.73199851174604,0.0
3.874,9.290956921662078,-1.0794848930739085,10.0,0.0,13.086394770692275,13.013563871730815,335.75499290686827,372.73199851174604,0.0
3.875,9.782123121047675,-0.8004450085172297,10.0,0.0,13.15636578280229,13.03772298752834,348.73666428500945,372.73199851174604,0.0
3.876,10.076990417436988,-0.7693757388994431,10.0,0.0,13.221128384468656,13.038939552348143,364.0713399152455,372.73199851174604,0.0
3.8770000000000002,10.22101575479963,-0.9032664114467795,10.0,0.0,13.29457504912676,13.033616606706603,378.2417213807235,372.73199851174604,0.0
3.878,10.254791383251781,-1.1410776799648965,3.0864028991403476,0.0,13.384965085566414,12.273399875244358,384.25976168016615,372.73199851174604,0.0
3.879,9.796225627826466,-1.2487286388147922,-0.03789488226517612,0.0,13.399757938004186,11.374487025007598,385.4354016853236,372.73199851174604,0.0
3.88,8.948202679597403,-1.2231264210080333,-0.7527489165796748,0.0,13.319287466627259,10.608250645828695,384.6555476756903,372.73199851174604,0.0
3.8810000000000002,7.928983273941911,-1.1416752386718618,-0.48205740340246095,0.0,13.161536796591232,10.051149369362442,383.1983583390599,372.73199851174604,0.0
3.882,6.92463285370711,-1.075301602767648,0.14187366663959722,0.0,12.957364477786076,9.700195008281337,381.4252629732151,372.73199851174604,0.0
3.883,6.053917909896884,-1.0656699454022875,0.9414887049472895,0.0,12.738118208802177,9.53137233455803,380.1129235276744,372.73199851174604,0.0
3.884,5.379030208380654,-1.1263603204127428,1.523849177558363,0.0,12.53068655716914,9.479101300641489,379.26873261250375,372.73199851174604,0.0
3.8850000000000002,4.899560692801044,-1.2457208657309802,1.8805772941361143,0.0,12.351293723542655,9.490723462749335,378.6364874304701,372.73199851174604,0.0
3.886,4.5827396033268375,-1.3992730578171215,2.1376549959657094,0.0,12.206699525165895,9.53801101600559,377.9586620864882,372.73199851174604,0.0
3.887,4.390358857787726,-1.5607885666932988,2.424301032209242,0.0,12.09752468600796,9.613064352181603,377.1248153034943,372.73199851174604,0.0
3.888,4.2929241901727675,-1.7102802449046004,2.7972962557886962,0.0,12.021601593897897,9.716651891037774,375.9937902625936,372.73199851174604,0.0
3.8890000000000002,4.272911521961042,-1.8344237211801402,3.3301908587305613,0.0,11.975790430492655,9.858403867712273,374.78588716961525,372.73199851174604,0.0
3.89,4.3254592381465775,-1.9282646944703075,3.9136035186410547,0.0,11.957816653394547,10.034265601477012,373.0854322789364,372.73199851174604,0.0
3.891,4.447145836296416,-1.9885293736188079,4.760296626308564,0.0,11.96491713235616,10.265185850765155,370.719676247039,372.73199851174604,0.0
3.892,4.647273318075582,-2.0225730271051106,5.9632978649043515,0.0,11.99754174344243,10.576790171175297,369.142935948339,372.73199851174604,0.0
3.8930000000000002,4.950127571096644,-2.0375080022705365,6.787558639888409,0.0,12.059366736194423,10.907822500500817,367.7783778658345,372.73199851174604,0.0
3.894,5.334350117557868,-2.0314799917843738,7.519373887599782,0.0,12.147300031698641,11.244955228086873,366.23011138190054,372.73199851174604,0.0
3.895,5.782878060542663,-1.997527766320572,8.358526000865215,0.0,12.256478805714883,11.596660744183108,364.481065568262,372.73199851174604,0.0
3.896,6.290537615834301,-1.9358540103607487,9.315558237119323,0.0,12.383465663038178,11.969638339274413,362.6320412867418,372.73199851174604,0.0
3.8970000000000002,6.8585842513465884,-1.8511413500697307,10.0,0.0,12.52634993906587,12.326326597789816,360.435663070777,372.73199851174604,0.0
3.898,7.468689724224795,-1.7394759421489434,10.0,0.0,12.67917854507395,12.593358904766156,357.0853412137323,372.73199851174604,0.0
3.899,8.070645048201385,-1.5835071688162556,10.0,0.0,12.827387610191469,12.788856810737032,352.22718003668905,372.73199851174604,0.0
3.9,8.643573659162566,-1.3805389221417643,10.0,0.0,12.959558739993458,12.922623238656607,346.1667642838157,372.73199851174604,0.0
3.9010000000000002,9.179686505045225,-1.1368359809527218,10.0,0.0,13.067111758543154,13.002987009826946,337.7727702036621,372.73199851174604,0.0
3.902,9.67756472454904,-0.8645279587045382,10.0,0.0,13.144428999319501,13.036664230048622,351.00076218951733,372.73199851174604,0.0
3.903,10.021690294563749,-0.7706515916020673,10.0,0.0,13.209778917881598,13.041830421819187,359.58447217513145,372.73199851174604,0.0
3.904,10.193865374879287,-0.876228284892564,10.0,0.0,13.281662663697519,13.037516983134346,373.7281978682235,372.73199851174604,0.0
3.9050000000000002,10.256367942761937,-1.083043809645699,5.370698471534341,0.0,13.367620631853303,12.526446563104422,383.53864996958805,372.73199851174604,0.0
3.906,9.950604979012308,-1.240965008889205,0.3574059062736481,0.0,13.409178937859773,11.604168766690332,386.01642853390314,372.73199851174604,0.0
3.907,9.184460833691572,-1.2480321280819415,-1.0143276761054665,0.0,13.353551804742944,10.758735038456987,385.30476632051773,372.73199851174604,0.0
3.908,8.172007689313796,-1.167860282808025,-0.7842242475004788,0.0,13.21005443794242,10.135019087133983,383.6298245903141,372.73199851174604,0.0
3.9090000000000003,7.133418629200656,-1.0846028121532156,-0.05573164318435175,0.0,13.010178609370346,9.741278411620618,381.7317742415221,372.73199851174604,0.0
3.91,6.215165273971742,-1.0546712723678922,0.8032957739139004,0.0,12.78845640143431,9.54475428911308,380.26335702171326,372.73199851174604,0.0
3.911,5.492986589365968,-1.0988949062138875,1.462190798718642,0.0,12.574417917162032,9.479855658374577,379.35857923955564,372.73199851174604,0.0
3.912,4.97582588347004,-1.2087414158061416,1.8483138825193572,0.0,12.386934297959828,9.48559352205522,378.7451660779956,372.73199851174604,0.0
3.9130000000000003,4.631698960065268,-1.3597355777238738,2.094888787636892,0.0,12.234283719760928,9.527953600688063,378.1215841195202,372.73199851174604,0.0
3.914,4.419314542318734,-1.5238447206967134,2.352783910796835,0.0,12.117676271353044,9.596636344852227,377.32402725813284,372.73199851174604,0.0
3.915,4.305797782462683,-1.6786505297503465,2.705642054026649,0.0,12.03498538976853,9.693388513689563,376.3975721702557,372.73199851174604,0.0
3.916,4.271004008802551,-1.8107094984787042,3.1322138613801105,0.0,11.983217241695789,9.81828284236535,374.948028942579,372.73199851174604,0.0
3.9170000000000003,4.305356536396422,-1.908690431593858,3.834825170910138,0.0,11.958572654253283,9.99440573356913,373.42466641361676,372.73199851174604,0.0
3.918,4.41396971679492,-1.9774883934617482,4.589579756372556,0.0,11.960592781149723,10.214844843645944,371.3832925778264,372.73199851174604,0.0
3.919,4.598259254925131,-2.0194966199629087,5.623753733606929,0.0,11.988387731660648,10.500467929655544,369.46697138361833,372.73199851174604,0.0
3.92,4.876034946951727,-2.0357878166957843,6.614564601992246,0.0,12.043337445097047,10.830243227123692,368.0322873869071,372.73199851174604,0.0
3.9210000000000003,5.241977580752237,-2.0336959820945846,7.378903711596243,0.0,12.125376703163154,11.169229226763463,366.5412044043001,372.73199851174604,0.0
3.922,5.677745493740165,-2.0062093490706228,8.186353143974202,0.0,12.230108024100009,11.519421554620736,364.8557097202604,372.73199851174604,0.0
3.923,6.174131865462342,-1.9511267775158807,9.10786337390892,0.0,12.353601229188117,11.888114590995446,363.0405066962512,372.73199851174604,0.0
3.924,6.730150459674598,-1.8716976608152531,10.0,0.0,12.493428040283373,12.265009389166043,361.0669954825601,372.73199851174604,0.0
3.9250000000000003,7.3405906175957885,-1.770003351798965,10.0,0.0,12.646569567261373,12.547687790938987,358.03150150662276,372.73199851174604,0.0
3.926,7.948053550294898,-1.6248432969625628,10.0,0.0,12.797714118777026,12.75669598421474,353.4947774031974,372.73199851174604,0.0
3.927,8.528326099431672,-1.4317333504083551,10.0,0.0,12.934854540896097,12.902162462236436,347.74796847971317,372.73199851174604,0.0
3.928,9.072644748208575,-1.1945578600334859,10.0,0.0,13.048669364129728,12.992724008793774,339.76218661031965,372.73199851174604,0.0
3.9290000000000003,9.577055622288704,-0.9279057320294459,10.0,0.0,13.133198880519032,13.035568873357692,354.2109629937869,372.73199851174604,0.0
3.93,9.992681950640947,-0.7292478158130447,10.0,0.0,13.19437408222204,13.041907415726211,360.46688639412645,372.73199851174604,0.0
3.931,10.16571052241042,-0.8479616104397953,10.0,0.0,13.265110714562706,13.03885274441706,370.7184945514388,372.73199851174604,0.0
3.932,10.248256643147112,-1.0384575751276843,6.890387862855964,0.0,13.348235634707788,12.693770080823699,381.46326529002647,372.73199851174604,0.0
3.9330000000000003,10.053320679409138,-1.220022867594003,1.4306898257793366,0.0,13.406607019003447,11.844305930115745,385.8254552042689,372.73199851174604,0.0
3.934,9.396466828266657,-1.2648481384283237,-0.8813396982671087,0.0,13.37730997666585,10.956203629622099,385.9497054090479,372.73199851174604,0.0
3.935,8.427462467025203,-1.200755644955433,-1.0756418696296288,0.0,13.25463398152229,10.255750852559778,384.33038213630294,372.73199851174604,0.0
3.936,7.371290176441712,-1.1089359154858136,-0.38196406950271555,0.0,13.064721062879924,9.797812241768694,382.26093675194284,372.73199851174604,0.0
3.9370000000000003,6.403806706888205,-1.0576750066582439,0.5574692402753705,0.0,12.843285072346351,9.558938545011847,380.5665294966456,372.73199851174604,0.0
3.938,5.624349940826633,-1.0805341707655867,1.3263275580749854,0.0,12.623132428330528,9.473054110308743,379.45896813102763,372.73199851174604,0.0
3.939,5.058574324383233,-1.174175572193108,1.8128385446911617,0.0,12.426478567761936,9.474011230172312,378.8089687593869,372.73199851174604,0.0
3.94,4.680581356604269,-1.318439636832248,2.0770685280351113,0.0,12.264518438332592,9.51532891058559,378.23566917041586,372.73199851174604,0.0
3.9410000000000003,4.446208485782374,-1.4834912147270582,2.3086816159339403,0.0,12.139599122809544,9.58115503596265,377.5015144599949,372.73199851174604,0.0
3.942,4.317388385467823,-1.643689408532111,2.628063811661935,0.0,12.049725636916119,9.67254901022718,376.72901580204694,372.73199851174604,0.0
3.943,4.26964964535298,-1.783671614936147,2.974342967732901,0.0,11.991774957804877,9.784676184095924,375.3976640875563,372.73199851174604,0.0
3.944,4.288212344785487,-1.8888973532480227,3.6133621692201316,0.0,11.961007073141904,9.944105608930828,373.66339573137054,372.73199851174604,0.0
3.9450000000000003,4.377656481230655,-1.9616770633334377,4.471182375116755,0.0,11.956212430154995,10.162832105435063,371.9266467118185,372.73199851174604,0.0
3.946,4.547747048269429,-2.01023835680936,5.347610402892063,0.0,11.978383846298696,10.429219847976682,369.74960762735077,372.73199851174604,0.0
3.947,4.804162451291645,-2.0309601462024824,6.46595385396987,0.0,12.026770678980672,10.758934668557263,368.3022326259483,372.73199851174604,0.0
3.948,5.155135109647621,-2.035044393219304,7.233939013529079,0.0,12.103532359730426,11.09776878499978,366.8706547901844,372.73199851174604,0.0
3.9490000000000003,5.579286403797102,-2.014917859025128,8.008341368626647,0.0,12.204246522817938,11.444753149565283,365.23468040290936,372.73199851174604,0.0
3.95,6.064262356463888,-1.9665113589231584,8.901301743352535,0.0,12.324464256383967,11.8084862698,363.44247088406485,372.73199851174604,0.0
3.951,6.607814813741306,-1.892220572206805,9.890301779051605,0.0,12.461345607079089,12.192787240773644,361.5806354915211,372.73199851174604,0.0
3.952,7.211480926367392,-1.7972532237729126,10.0,0.0,12.613265419341495,12.493555305850675,358.8106509509522,372.73199851174604,0.0
3.9530000000000003,7.821374178480955,-1.6616378626002408,10.0,0.0,12.76610204064071,12.717289966830524,354.60365670435294,372.73199851174604,0.0
3.954,8.407822708886734,-1.4782420157992702,10.0,0.0,12.907211076371608,12.875524418018815,349.0395533691579,372.73199851174604,0.0
3.955,8.959600138395318,-1.2492988467452473,10.0,0.0,13.02668286352031,12.977215295719475,341.539918444241,372.73199851174604,0.0
3.956,9.471729244532089,-0.9881365500474119,10.0,0.0,13.117938138777992,13.029867836984982,341.5413241999516,372.73199851174604,0.0
3.9570000000000003,9.94203368923662,-0.7135208171940426,10.0,0.0,13.17773703298956,13.039768453793574,359.2560882721614,372.73199851174604,0.0
3.958,10.146091319078382,-0.7971951405963342,10.0,0.0,13.244496432363619,13.036915603506916,370.1032583473223,372.73199851174604,0.0
3.959,10.238052463933712,-0.9885950257252542,7.186091207520672,0.0,13.324511850901763,12.723418861377938,379.08136042092485,372.73199851174604,0.0
3.96,10.077173009643664,-1.1677451158122336,2.6335465516276138,0.0,13.382968564431472,11.995248862512684,384.2024545210549,372.73199851174604,0.0
3.9610000000000003,9.512827968401497,-1.2399391459490707,-0.04170505853050077,0.0,13.368912449135864,11.157458464322204,385.5191971318373,372.73199851174604,0.0
3.962,8.629878626878684,-1.2096472733531516,-0.8279483501226128,0.0,13.268428859263857,10.433788225602745,384.6377718952611,372.73199851174604,0.0
3.963,7.613785747318122,-1.1354735674927834,-0.5062934656696605,0.0,13.09777041558842,9.918621845310213,382.8779202249486,372.73199851174604,0.0
3.964,6.637305361419919,-1.081951129837462,0.27217315235457207,0.0,12.887515447167793,9.617572951470727,381.0522203566009,372.73199851174604,0.0
3.9650000000000003,5.815020721962096,-1.0881974410050548,1.101820868079857,0.0,12.66940340481027,9.48976653920404,379.78506939378826,372.73199851174604,0.0
3.966,5.195641520122985,-1.163930522741311,1.6648656406657603,0.0,12.468590101341139,9.466476877563192,378.98798329161184,372.73199851174604,0.0
3.967,4.7686496164944545,-1.293804363436919,2.000848843955314,0.0,12.29905795371399,9.497537873756253,378.36202979376304,372.73199851174604,0.0
3.968,4.496563291725052,-1.4515462402625665,2.257525280059543,0.0,12.165637988512731,9.559073708194214,377.6516123665264,372.73199851174604,0.0
3.969,4.3409662693061,-1.611109091321751,2.5635378551300496,0.0,12.067688098123647,9.646603390783355,376.78499020755095,372.73199851174604,0.0
3.97,4.274012712722627,-1.7546121896457512,2.9563190176597374,0.0,12.002475877337432,9.761539839202225,375.58582953302704,372.73199851174604,0.0
3.971,4.280667775793226,-1.869166900906351,3.527361044708882,0.0,11.96644451072715,9.915946639547094,374.13684579914803,372.73199851174604,0.0
3.972,4.358574992258809,-1.9519310050234744,4.237804438774364,0.0,11.957415465152664,10.115244733092657,372.5399681194431,372.73199851174604,0.0
3.973,4.5101734413339045,-2.0050053342222736,5.038163582549874,0.0,11.974229668660877,10.358748427367257,370.1016696749373,372.73199851174604,0.0
3.974,4.73997046254112,-2.028237049711277,6.283616093170856,0.0,12.015737566657533,10.684817669453732,368.62511679096605,372.73199851174604,0.0
3.975,5.070915697823018,-2.0357797876661134,7.062961352364275,0.0,12.086298983083314,11.02159822486735,367.2262498628401,372.73199851174604,0.0
3.976,5.479228185500895,-2.020922283624226,7.817452302916298,0.0,12.18177256058372,11.36535249705923,365.62206398140563,372.73199851174604,0.0
3.977,5.950204724045019,-1.9781357792298842,8.690644588936946,0.0,12.297516267110318,11.725060647375638,363.84560799415823,372.73199851174604,0.0
3.978,6.48030901830217,-1.9088978185373269,9.667736487736525,0.0,12.430468107383659,12.105518832337971,361.99057245297115,372.73199851174604,0.0
3.979,7.070787327446715,-1.8181260813976103,10.0,0.0,12.578878070647455,12.428352879129056,359.4484455247662,372.73199851174604,0.0
3.98,7.68142543430436,-1.691937544369699,10.0,0.0,12.731757420562303,12.669156473781882,355.5811220837293,372.73199851174604,0.0
3.981,8.27447395880705,-1.5193044920178425,10.0,0.0,12.875701444562525,12.842038687334192,350.25445317604004,372.73199851174604,0.0
3.982,8.834938736602183,-1.3005531554196503,10.0,0.0,13.000202971015671,12.956306441618857,343.3041990023886,372.73199851174604,0.0
3.983,9.356598721445343,-1.04653384516314,10.0,0.0,13.097926509489742,13.019819622565569,334.6543457911591,372.73199851174604,0.0
3.984,9.843392652055481,-0.763853313325082,10.0,0.0,13.163674346811451,13.038423106746336,351.5215936026295,372.73199851174604,0.0
3.985,10.110193157004913,-0.7664251511512474,10.0,0.0,13.227817456298325,13.037260910002862,367.5767197382557,372.73199851174604,0.0
3.986,10.229367537046956,-0.9305865858805604,8.454437170029946,0.0,13.303462074604127,12.862176155830586,378.32813324170553,372.73199851174604,0.0
3.987,10.158124155861326,-1.1382593066905131,3.022769071005432,0.0,13.375236140603922,12.139164992043959,383.48017009046424,372.73199851174604,0.0
3.988,9.657064125989747,-1.2288938358569732,0.33926893083889453,0.0,13.375424754625284,11.309168186281923,385.09480049755183,372.73199851174604,0.0
3.989,8.819873300955683,-1.211593783792204,-0.5916742925629581,0.0,13.289785475649524,10.573701559780716,384.6209213671588,372.73199851174604,0.0
3.99,7.824965456312953,-1.1443352177647799,-0.47362395592057727,0.0,13.131938020178845,10.026580591957092,383.20596995986295,372.73199851174604,0.0
3.991,6.8423455027142515,-1.0886195461852477,0.1291120332461837,0.0,12.929707075259401,9.681646547260117,381.41838328802066,372.73199851174604,0.0
3.992,5.989325624731766,-1.0851158464758945,0.936041521404583,0.0,12.713377570109968,9.517723683388734,380.0679321120958,372.73199851174604,0.0
3.993,5.328565622037302,-1.1483241958317172,1.5379077733635294,0.0,12.509276684514573,9.470849549740013,379.18577088702244,372.73199851174604,0.0
3.994,4.860976658638068,-1.2678785799539574,1.9144506621474306,0.0,12.33341737287374,9.488480982090238,378.5256726718983,372.73199851174604,0.0
3.995,4.554894856079866,-1.4201770142715524,2.186563028107985,0.0,12.19246441956572,9.541923380056586,377.8308088584652,372.73199851174604,0.0
3.996,4.3726731154719864,-1.5794862309676314,2.4830068313573292,0.0,12.086952030878532,9.622797511034605,376.98217191443246,372.73199851174604,0.0
3.997,4.28497706862128,-1.7260704912263247,2.8648235693468465,0.0,12.014609470619355,9.731892740939957,375.8406397661641,372.73199851174604,0.0
3.998,4.274380194657957,-1.8469312188111442,3.4045032309368493,0.0,11.972239526808382,9.878679482891322,374.46076473308,372.73199851174604,0.0
3.999,4.336301017750918,-1.936850572639154,4.0771530852655555,0.0,11.95746777321887,10.068227984346848,372.9500767820523,372.73199851174604,0.0
4.0,4.471442627002093,-1.996339064506136,4.830316278076346,0.0,11.96877258570095,10.299219544177072,370.5001240379603,372.73199851174604,0.0
4.001,4.681581865759262,-2.026254881811279,6.077611394860204,0.0,12.00474192790274,10.616149360019822,368.99117083158814,372.73199851174604,0.0
4.002,4.994083478445732,-2.038327937473203,6.869496274847861,0.0,12.069836195418391,10.947343729121336,367.60811504898925,372.73199851174604,0.0
4.003,5.385580935275251,-2.0284369356997676,7.612263000774873,0.0,12.160331732340929,11.285773874991978,366.0228672872205,372.73199851174604,0.0
4.0040000000000004,5.840693568121944,-1.9905336061764816,8.471978193904507,0.0,12.271550273928446,11.640404148907962,364.25288806676235,372.73199851174604,0.0
4.005,6.355505277135858,-1.9256612127908426,9.441758908583413,0.0,12.400353058771625,12.016693814611415,362.3990925087243,372.73199851174604,0.0
4.006,6.93138750976722,-1.8386625215215666,10.0,0.0,12.544983399595068,12.361744576638563,360.0809995949797,372.73199851174604,0.0
4.007,7.541866499214426,-1.7218676368233927,10.0,0.0,12.697678332134773,12.619777019118297,356.5502879511368,372.73199851174604,0.0
4.008,8.140993652805163,-1.5601141407032384,10.0,0.0,12.844282079942246,12.807476513603525,351.51761349170135,372.73199851174604,0.0
4.009,8.709870311571798,-1.3517284912521146,10.0,0.0,12.973690515939074,12.934481272492551,345.16752799231244,372.73199851174604,0.0
4.01,9.241134084837928,-1.1046776624726018,10.0,0.0,13.077766849553885,13.008976150620747,336.63332350941744,372.73199851174604,0.0
4.011,9.735502228349638,-0.8286749155481816,10.0,0.0,13.150995243746149,13.037361316243981,347.78512577381264,372.73199851174604,0.0
4.0120000000000005,10.04994459821643,-0.7743901178093449,10.0,0.0,13.216528014799477,13.040585825473888,361.59087734206594,372.73199851174604,0.0
4.013,10.211689605024157,-0.8873569471272109,10.0,0.0,13.288799158872816,13.035393633835954,376.86985635631413,372.73199851174604,0.0
4.014,10.257034229005614,-1.1131124422676235,3.777790167202424,0.0,13.377027405547299,12.350134235591533,383.8056460406305,372.73199851174604,0.0
4.015,9.845581163631486,-1.2366735089466472,0.1991588497553911,0.0,13.399241050113174,11.456509538678768,385.33546232562276,372.73199851174604,0.0
4.016,9.03090846717027,-1.2236426395686646,-0.6917839308795006,0.0,13.327201854232822,10.677750749175495,384.7292474202241,372.73199851174604,0.0
4.017,8.0258216043168,-1.1473963196748977,-0.5086489672649597,0.0,13.17623391249564,10.101131020787731,383.35212751651585,372.73199851174604,0.0
4.018,7.018841410467768,-1.079902012067599,0.07370969454147325,0.0,12.976038881455532,9.730021526922442,381.6101958928401,372.73199851174604,0.0
4.019,6.134387126246679,-1.0650623064735742,0.8558935325683956,0.0,12.757794979593646,9.54344028423041,380.2218425267968,372.73199851174604,0.0
4.0200000000000005,5.439930523148113,-1.1193642585248562,1.4751717754395397,0.0,12.548838955430318,9.481537227455574,379.33095109010526,372.73199851174604,0.0
4.021,4.942131339860455,-1.2337831099904342,1.8546279680017284,0.0,12.366631282146544,9.488289616825671,378.69035697975755,372.73199851174604,0.0
4.022,4.610641720036233,-1.3849446854794045,2.1153414384954665,0.0,12.218803199917286,9.532515786106861,378.0279249796343,372.73199851174604,0.0
4.023,4.40704213562419,-1.5464545162948111,2.393598173878214,0.0,12.106435008473879,9.604618694511256,377.2489645915283,372.73199851174604,0.0
4.024,4.300590816912226,-1.6977335773446618,2.7379087071333847,0.0,12.027539525422583,9.703039733449305,376.12684292834075,372.73199851174604,0.0
4.025,4.271840158191889,-1.8239748648286875,3.2650210945612157,0.0,11.978749445582967,9.840366436745043,374.72914898170865,372.73199851174604,0.0
4.026,4.316555376484146,-1.9194974033525931,3.943896563177641,0.0,11.957816110419671,10.02328045880143,373.29798957458905,372.73199851174604,0.0
4.027,4.435848504388415,-1.9859442227915003,4.653816356109008,0.0,11.963621435731383,10.244437075785585,371.05276535229444,372.73199851174604,0.0
4.0280000000000005,4.628254053751349,-2.0236534635594166,5.793220798850829,0.0,11.994445438500426,10.5423221752239,369.3155774354689,372.73199851174604,0.0
4.029,4.918446628791995,-2.0382538025044115,6.69597896802636,0.0,12.053204495812668,10.871413391416342,367.9042876535559,372.73199851174604,0.0
4.03,5.292742011774897,-2.0329662802755575,7.449900967564767,0.0,12.1382691381783,11.209104663600515,366.3717854265125,372.73199851174604,0.0
4.031,5.73426960325272,-2.0011702586842075,8.279754211938823,0.0,12.24515175637303,11.560452828455865,364.6475142336322,372.73199851174604,0.0
4.032,6.236238177587903,-1.9420893658939282,9.222734651160101,0.0,12.370299991242803,11.931982487253663,362.81386979491083,372.73199851174604,0.0
4.033,6.798766809630887,-1.8596855711710596,10.0,0.0,12.511612760013763,12.29808492385746,360.7189353815649,372.73199851174604,0.0
4.034,7.409172477041509,-1.7525830657698362,10.0,0.0,12.66444725792111,12.57241640309483,357.5122530810507,372.73199851174604,0.0
4.035,8.013879881654919,-1.6016281104793881,10.0,0.0,12.813897433933512,12.774184426365833,352.7980911385067,372.73199851174604,0.0
4.0360000000000005,8.590419961860379,-1.4032715133758824,10.0,0.0,12.948269718543298,12.913348330134504,346.9113979791431,372.73199851174604,0.0
4.037,9.130607258027085,-1.162517752332046,10.0,0.0,13.058621817325184,12.99837787021101,338.68576123535877,372.73199851174604,0.0
4.038,9.63155085940702,-0.8930844264321979,10.0,0.0,13.13921153199799,13.036237742967925,352.47283188001165,372.73199851174604,0.0
4.039,10.007134933227478,-0.7539444570780913,10.0,0.0,13.202917199109255,13.042065787809978,359.94969702774904,372.73199851174604,0.0
4.04,10.181192865138481,-0.8635121998625536,10.0,0.0,13.274278955393424,13.03829106310695,372.2693269501433,372.73199851174604,0.0
4.041,10.252621277228851,-1.06338472482467,6.107497310493168,0.0,13.35901736389686,12.60773814464606,382.6352318598717,372.73199851174604,0.0
4.042,10.000521791220633,-1.2324841914208007,0.8255125221477195,0.0,13.408828855779825,11.715066286640472,385.99041655243275,372.73199851174604,0.0
4.043,9.283664229115036,-1.256956781740392,-0.984664004539682,0.0,13.365393002943124,10.84667653054312,385.62768259678694,372.73199851174604,0.0
4.0440000000000005,8.28872590439526,-1.1832590542010661,-0.9322538675671872,0.0,13.231110283847839,10.186923685203796,383.95305812383253,372.73199851174604,0.0
4.045,7.240080440319584,-1.095218246502513,-0.20715222721084903,0.0,13.035333040556697,9.764356549359476,381.9589028495805,372.73199851174604,0.0
4.046,6.298346429678573,-1.0551320124895172,0.6976563665368172,0.0,12.813347730345797,9.549850618208911,380.4141131535819,372.73199851174604,0.0
4.047,5.54996061119991,-1.0900945678405862,1.3932300681177532,0.0,12.596357101469678,9.474966870314983,379.391117881464,372.73199851174604,0.0
4.048,5.010705879905885,-1.1922664082589765,1.8381365104795213,0.0,12.404466437584295,9.479690568224372,378.762528929823,372.73199851174604,0.0
4.049,4.651829421703661,-1.3404034998968697,2.0921256821192546,0.0,12.247510571554365,9.52232643750034,378.16867232941996,372.73199851174604,0.0
4.05,4.430282560106361,-1.5053330246685317,2.3346872441440443,0.0,12.127174755863532,9.589926403545734,377.4013667237654,372.73199851174604,0.0
4.051,4.310486099196997,-1.6628825154726414,2.6716463648511226,0.0,12.041313667087056,9.68433482115909,376.5533069332509,372.73199851174604,0.0
4.0520000000000005,4.270245313782376,-1.7988122727341749,3.0574631758933366,0.0,11.986856307340293,9.803015067927554,375.38172207575764,372.73199851174604,0.0
4.053,4.297234319662393,-1.9005158149210262,3.6167583689998493,0.0,11.95954080031299,9.958674658674834,373.45439070648973,372.73199851174604,0.0
4.054,4.39071399920267,-1.9670726003720953,4.573200131686365,0.0,11.956827014040893,10.185639506918482,371.55419241920345,372.73199851174604,0.0
4.055,4.568367102910949,-2.011767034621637,5.535077336254934,0.0,11.981331911133312,10.467271521973721,369.53648369690796,372.73199851174604,0.0
4.056,4.838930517035223,-2.0314830018309626,6.5758868455510555,0.0,12.033271332072543,10.800075654692986,368.131139907565,372.73199851174604,0.0
4.057,5.201329362989228,-2.0341134876862013,7.324567326264349,0.0,12.113389417961761,11.139581835106046,366.6905715141344,372.73199851174604,0.0
4.058,5.634198047770251,-2.0113778402408924,8.105265792955777,0.0,12.216919087225824,11.487547665729272,365.03616720428295,372.73199851174604,0.0
4.059,6.126435888472633,-1.9599493056413655,9.009426260956122,0.0,12.339462590294307,11.852903071400256,363.230444479277,372.73199851174604,0.0
4.0600000000000005,6.676770512250871,-1.8828517408155276,10.0,0.0,12.478320836838204,12.238284363217234,361.3535717509387,372.73199851174604,0.0
4.061,7.286730628450369,-1.7853765890832949,10.0,0.0,12.631880096867112,12.527515346572295,358.4561150588512,372.73199851174604,0.0
4.062,7.895892008195137,-1.6447127401679031,10.0,0.0,12.784508257365266,12.742271006984815,354.0668915168388,372.73199851174604,0.0
4.063,8.478703251631753,-1.455655990381223,10.0,0.0,12.923959563867482,12.89279629442532,348.40116536942406,372.73199851174604,0.0
4.064,9.025795211050445,-1.2214908534608058,10.0,0.0,13.04065067090014,12.987862180670303,340.6230628046816,372.73199851174604,0.0
4.065,9.53287466578808,-0.9566885445581002,10.0,0.0,13.12839265324394,13.034782768567103,349.1212926102573,372.73199851174604,0.0
4.066,9.979573157765321,-0.711212929874371,10.0,0.0,13.187698201616854,13.04171945633848,360.7194800307255,372.73199851174604,0.0
4.067,10.15944662985521,-0.8239179346137511,10.0,0.0,13.256619170597784,13.038573933159899,370.7590535895334,372.73199851174604,0.0
4.0680000000000005,10.244233525489584,-1.0173219084873883,6.862326685745194,0.0,13.338480877441471,12.689963170830353,380.1968868457969,372.73199851174604,0.0
4.069,10.055377925224667,-1.1922206404325078,2.068761174272935,0.0,13.394600158143064,11.910106167284223,384.96084028062774,372.73199851174604,0.0
4.07,9.442437936803087,-1.2499960311334188,-0.4355039608313085,0.0,13.371728116077533,11.051848125139841,385.7117827867312,372.73199851174604,0.0
4.071,8.517437408821415,-1.2040299432614796,-0.9407730566328878,0.0,13.25968345043119,10.342212392009976,384.4928628105967,372.73199851174604,0.0
4.072,7.4835297768564075,-1.1222092426379158,-0.44892171155415195,0.0,13.07933906184663,9.855971938781485,382.56967165089753,372.73199851174604,0.0
4.073,6.513059713353211,-1.0708641163606758,0.4142971369039188,0.0,12.863575309913408,9.586769282562678,380.8243196983301,372.73199851174604,0.0
4.074,5.71357843276277,-1.086197755212002,1.2060499013217942,0.0,12.644667819088047,9.47960937260374,379.62110250064603,372.73199851174604,0.0
4.075,5.121970617303745,-1.170688661902807,1.738767460274829,0.0,12.446075749696803,9.469038155293399,378.8930965242953,372.73199851174604,0.0
4.0760000000000005,4.720393519502044,-1.307624859537539,2.0411594683247083,0.0,12.280503838186565,9.505858200674522,378.29076390726084,372.73199851174604,0.0
4.077,4.468090994496018,-1.4689000814600652,2.286738122886785,0.0,12.151542034800592,9.57016628906048,377.564930221027,372.73199851174604,0.0
4.078,4.3268245365807045,-1.6286559847950093,2.601325648910895,0.0,12.05786761773943,9.660312514706906,376.6845094623965,372.73199851174604,0.0
4.079,4.2705925119488,-1.7700703643306468,3.0020109187196518,0.0,11.9965332876646,9.777779038631648,375.48336853360803,372.73199851174604,0.0
4.08,4.2858679436313025,-1.8808560001156887,3.5750676828952557,0.0,11.96385131913072,9.934152250786273,373.9090271762991,372.73199851174604,0.0
4.081,4.371008121820309,-1.9586925578819385,4.350468074904187,0.0,11.957529033662137,10.141970755067304,372.27547364236926,372.73199851174604,0.0
4.082,4.5321195413953115,-2.00899769349755,5.171810090562875,0.0,11.977376026508564,10.394097943804379,369.9152790088651,372.73199851174604,0.0
4.083,4.774008427566216,-2.02952503248123,6.380074602343753,0.0,12.022205994876106,10.722696125808652,368.43142813288915,372.73199851174604,0.0
4.0840000000000005,5.114661787369447,-2.034428116509473,7.165005744120308,0.0,12.09574685046059,11.062124286210217,367.016077769853,372.73199851174604,0.0
4.085,5.531700629835817,-2.0166673897831124,7.929840133057324,0.0,12.193873725746599,11.408778448422115,365.4031151004665,372.73199851174604,0.0
4.086,6.0110252951477285,-1.9711507524180414,8.809610301863366,0.0,12.312024106882303,11.771150931861062,363.62512374527796,372.73199851174604,0.0
4.087,6.549209100679346,-1.899521735353141,9.789674727122312,0.0,12.447172672744841,12.153703618204753,361.769396416075,372.73199851174604,0.0
4.088,7.147379657082834,-1.8066962899060268,10.0,0.0,12.597567141826971,12.464434105115227,359.1038489481784,372.73199851174604,0.0
4.089,7.757914292841374,-1.6754732872187175,10.0,0.0,12.75048893685079,12.695850633144675,355.0510460982133,372.73199851174604,0.0
4.09,8.34752262568291,-1.496999843190463,10.0,0.0,12.892940356358945,12.860666117618582,349.58614588379925,372.73199851174604,0.0
4.091,8.903319053454393,-1.2726657483293229,10.0,0.0,13.01473616636923,12.968003671869461,342.3286787376207,372.73199851174604,0.0
4.0920000000000005,9.419788868002597,-1.0147132414625388,10.0,0.0,13.108954715996838,13.025533336373698,335.9027013408484,372.73199851174604,0.0
4.093,9.90072564175942,-0.7311525595957988,10.0,0.0,13.170892227175438,13.038993542422503,356.1186519401235,372.73199851174604,0.0
4.094,10.133554616465606,-0.7771932642088828,10.0,0.0,13.235882092167161,13.036499659504175,369.4762521394393,372.73199851174604,0.0
4.095,10.234473843593312,-0.9616851002150586,7.496480983711682,0.0,13.313957277282428,12.75659423434815,378.4835913149687,372.73199851174604,0.0
4.096,10.097836136257364,-1.1477151160752719,2.9352954679147505,0.0,13.374852784755133,12.051830993722705,383.5718254579374,372.73199851174604,0.0
4.097,9.564440261873225,-1.228339540438017,0.2827801269684862,0.0,13.366190803939311,11.23477596466985,385.2142125462808,372.73199851174604,0.0
4.098,8.713175797969466,-1.2089330365698578,-0.6632355575485676,0.0,13.273748558630674,10.509328800838864,384.64322076129,372.73199851174604,0.0
4.099,7.715531174837279,-1.142397478574856,-0.4968518875486172,0.0,13.11088097512903,9.976172753310777,383.07988777121034,372.73199851174604,0.0
4.1,6.739827051736974,-1.089782346201312,0.1813357148965835,0.0,12.905862236243596,9.650333359064016,381.26548170209213,372.73199851174604,0.0
4.101,5.902913449069709,-1.0913703944691648,1.0032039175522254,0.0,12.689462268455234,9.502503111683458,379.9381934187723,372.73199851174604,0.0
4.102,5.2620680343129065,-1.1600928638365093,1.5947861101418788,0.0,12.487462863855383,9.466795111016996,379.08216093593035,372.73199851174604,0.0
4.103,4.8137901081891386,-1.2838330622965917,1.959300727321013,0.0,12.315016796785805,9.491540873647054,378.4306321406383,372.73199851174604,0.0
4.104,4.524191931054537,-1.4380506724447017,2.2280787886781166,0.0,12.178016447817878,9.549860914108201,377.73043681936906,372.73199851174604,0.0
4.105,4.355332369467247,-1.5969772332874075,2.528192066236503,0.0,12.076487883384077,9.634652165547552,376.86690918726674,372.73199851174604,0.0
4.106,4.278367000075747,-1.7415797169097644,2.9186067755324556,0.0,12.007908308127627,9.747533515663749,375.77145174894736,372.73199851174604,0.0
4.107,4.276915677234982,-1.8593364854690089,3.435940962320135,0.0,11.968982045113728,9.894661378514936,374.27042219853155,372.73199851174604,0.0
4.108,4.345622536991619,-1.944130721416098,4.171071500660184,0.0,11.956810992954932,10.091302578327506,372.6867285403343,372.73199851174604,0.0
4.109,4.4894996004069565,-1.9998640176506697,4.963371029472932,0.0,11.970803886219601,10.331724787350817,370.25609154456765,372.73199851174604,0.0
4.11,4.711656404478619,-2.026711588910529,6.203448597028032,0.0,12.009835610936376,10.654991124127474,368.7998565995835,372.73199851174604,0.0
4.111,5.0356494025009875,-2.0372906837773277,6.970887488641731,0.0,12.078186021581887,10.98843384035835,367.41462563924136,372.73199851174604,0.0
4.112,5.436778542834943,-2.0251020520539535,7.7166766975378485,0.0,12.171599122347695,11.328845474636616,365.8130288737288,372.73199851174604,0.0
4.113,5.90031080677862,-1.9845058320372921,8.586664776674304,0.0,12.28536837858015,11.68582079454922,364.0333100038865,372.73199851174604,0.0
4.114,6.423046756389786,-1.9170806887339897,9.563511096674034,0.0,12.416447437617425,12.064363090684626,362.17616666209295,372.73199851174604,0.0
4.115,7.0065745515263105,-1.8278818218759554,10.0,0.0,12.563135196443158,12.39744368130717,359.7371137377225,372.73199851174604,0.0
4.116,7.616990453848841,-1.7058856781051883,10.0,0.0,12.71593465130237,12.646209628412658,356.02597237619324,372.73199851174604,0.0
4.117,8.212747570197449,-1.5381743835170703,10.0,0.0,12.861102474419223,12.825949802518396,350.82982580335033,372.73199851174604,0.0
4.118,8.777038582666917,-1.3241518371206988,10.0,0.0,12.98786216547725,12.946118301317094,344.155179183339,372.73199851174604,0.0
4.119,9.303063284225113,-1.0734009226773746,10.0,0.0,13.088520362184534,13.014726112295016,335.54836740488963,372.73199851174604,0.0
4.12,9.793443214152626,-0.7936596629500586,10.0,0.0,13.157709490893314,13.037857416569429,348.49901829315723,372.73199851174604,0.0
4.121,10.083758011233527,-0.767827850752972,10.0,0.0,13.222248750414254,13.038563674907657,364.90744467496614,372.73199851174604,0.0
4.122,10.223467402995668,-0.9067675550757436,9.806770790659973,0.0,13.295946395414395,13.011933135213724,378.58551025489874,372.73199851174604,0.0
4.123,10.242211333712833,-1.143399828941611,2.9092028832621493,0.0,13.384251375027144,12.237870497807572,384.08019942291037,372.73199851174604,0.0
4.124,9.767883489436457,-1.2443928039922407,0.048376290144689804,0.0,13.395062497454918,11.356692878111946,385.2782026724349,372.73199851174604,0.0
4.125,8.919828215090442,-1.2188583881194568,-0.6760873762244506,0.0,13.31285603017384,10.60217419699452,384.6012133461212,372.73199851174604,0.0
4.126,7.907118286013889,-1.1408221063621133,-0.4562848614113655,0.0,13.15508969467455,10.049227190008823,383.18489737175406,372.73199851174604,0.0
4.127,6.90932096735586,-1.0777288915394903,0.1473441371721229,0.0,12.951645401213696,9.699630020629435,381.43758750938235,372.73199851174604,0.0
4.128,6.043647466720064,-1.0701244172679154,0.9339431783816137,0.0,12.733380260139345,9.53038385527247,380.1229734223278,372.73199851174604,0.0
4.1290000000000004,5.371723483122466,-1.1314906856019145,1.5173404728030793,0.0,12.52684335089619,9.477798407507409,379.2650923626171,372.73199851174604,0.0
4.13,4.893902221781808,-1.2506278163245224,1.8809500641497072,0.0,12.348193009496992,9.489821994609953,378.6196557022177,372.73199851174604,0.0
4.131,4.578286013014169,-1.4035502595300928,2.144791822444697,0.0,12.20424015839335,9.538104256712336,377.9337052518516,372.73199851174604,0.0
4.132,4.387181080236738,-1.564343147411413,2.4357499802266798,0.0,12.095668811845206,9.614395367785026,377.09124616184494,372.73199851174604,0.0
4.133,4.291321539374247,-1.7129918829876876,2.813387048729034,0.0,12.02032714309372,9.719464229220169,375.95966086025953,372.73199851174604,0.0
4.134,4.2730714602288415,-1.836609501373847,3.3469030760366003,0.0,11.975137978027611,9.862451343252832,374.61599258950156,372.73199851174604,0.0
4.135,4.3276405352781175,-1.9296813912555233,3.999897270638032,0.0,11.957768172574498,10.046929931461818,373.11222131616324,372.73199851174604,0.0
4.136,4.454941064664511,-1.9918412274858515,4.7479806792630175,0.0,11.966490069574121,10.273525545825322,370.71932285151115,372.73199851174604,0.0
4.1370000000000005,4.656601496683138,-2.025052773288828,5.964556668191412,0.0,12.000031009986154,10.583766670920129,369.139189175893,372.73199851174604,0.0
4.138,4.959774433452494,-2.0385743040091224,6.7905515993590075,0.0,12.062397221787668,10.913699041361369,367.7537562377685,372.73199851174604,0.0
4.139,5.3437785459736755,-2.0308926999901926,7.53305049116103,0.0,12.150539857703867,11.25108100171554,366.18917099776127,372.73199851174604,0.0
4.14,5.792541667201651,-1.9956063202248664,8.38077138630451,0.0,12.259801740329868,11.603839436963812,364.4339784764301,372.73199851174604,0.0
4.141,6.301206922695919,-1.933126102618559,9.341347847323238,0.0,12.386893318079052,11.977968871818392,362.58562450160025,372.73199851174604,0.0
4.142,6.870836697803238,-1.8480433433165118,10.0,0.0,12.52995438019162,12.332667870439833,360.36744387207045,372.73199851174604,0.0
4.143,7.481233242628159,-1.7355494441767774,10.0,0.0,12.682655734642722,12.598169231703947,356.983967452961,372.73199851174604,0.0
4.144,8.08292201105731,-1.5786568283349767,10.0,0.0,12.830503841023923,12.792308793207798,352.09279641164034,372.73199851174604,0.0
4.1450000000000005,8.65534485211689,-1.3748273253631846,10.0,0.0,12.962128773748912,12.924869584367128,345.98400467670837,372.73199851174604,0.0
4.146,9.190767474304295,-1.1306234150477215,10.0,0.0,13.069023157212355,13.004164529653004,337.5579255368223,372.73199851174604,0.0
4.147,9.6881513637132,-0.8577315640548515,10.0,0.0,13.145581532351969,13.036861417143525,350.0410715646226,372.73199851174604,0.0
4.148,10.026189031849174,-0.7725288499647713,10.0,0.0,13.211110378686703,13.041734148798096,359.7918794307799,372.73199851174604,0.0
4.149,10.197698329418335,-0.8775738882327451,10.0,0.0,13.282980594903801,13.037186845869428,374.1087122746511,372.73199851174604,0.0
4.15,10.256966303730659,-1.0879900315547881,5.1782614426315625,0.0,13.369304384589062,12.505085669346151,383.70658371153075,372.73199851174604,0.0
4.151,9.937588648081501,-1.2426243382839197,0.26957987219389423,0.0,13.408691289960451,11.578813624133797,385.99745614700703,372.73199851174604,0.0
4.152,9.160889445849305,-1.2458489769837393,-1.0085109218968524,0.0,13.350320667463155,10.739847438023261,385.2279895683783,372.73199851174604,0.0
4.1530000000000005,8.145518811171778,-1.1646625506257393,-0.7487375431488061,0.0,13.204927735318165,10.124220565669447,383.5745481230449,372.73199851174604,0.0
4.154,7.109841977254219,-1.082715109366498,-0.030442316595101993,0.0,13.004309054877345,9.735802573854102,381.68615363727224,372.73199851174604,0.0
4.155,6.19659800459444,-1.0549460723776074,0.8242133750359688,0.0,12.782675323642895,9.543093755643484,380.23436259664516,372.73199851174604,0.0
4.156,5.47992586195022,-1.101215335893406,1.4750852545005202,0.0,12.569301393067448,9.480243291919543,379.34283705512814,372.73199851174604,0.0
4.157,4.967490689144623,-1.212483299322558,1.8547396398252056,0.0,12.38275659251921,9.486794892683696,378.7335554061727,372.73199851174604,0.0
4.158,4.626830209696028,-1.3640861930404173,2.0993648953586685,0.0,12.231085070776876,9.52949738858333,378.10706619432784,372.73199851174604,0.0
4.159,4.416816647983075,-1.5280966079375282,2.3588588244552717,0.0,12.115376067500245,9.598555449358,377.30669489917483,372.73199851174604,0.0
4.16,4.304966761666049,-1.6823841273730336,2.71329750815749,0.0,12.033475293617682,9.695733471521562,376.36371216083785,372.73199851174604,0.0
4.1610000000000005,4.2715107987758,-1.8135730905303056,3.1484717408350624,0.0,11.98237031009267,9.821890049892778,374.88271873923446,372.73199851174604,0.0
4.162,4.307408039844743,-1.9108381105517516,3.867461249361871,0.0,11.958378745328073,10.000774319539058,373.4017435914745,372.73199851174604,0.0
4.163,4.418541537376779,-1.9794330594187324,4.601251372444576,0.0,11.961247558179714,10.221032311880245,371.315614005441,372.73199851174604,0.0
4.164,4.604497327586136,-2.020682370816237,5.65848001052438,0.0,11.989706763745364,10.509164833282723,369.44714056476533,372.73199851174604,0.0
4.165,4.8847932648159675,-2.0366980159900407,6.625565310332009,0.0,12.045482528749844,10.83816412450637,368.0166305749856,372.73199851174604,0.0
4.166,5.252052461869603,-2.0338447356425453,7.387973984589488,0.0,12.128106629086275,11.176439611974743,366.51264148136437,372.73199851174604,0.0
4.167,5.688487437362821,-2.0052938912269496,8.202162101703912,0.0,12.23318380805366,11.526751311536216,364.81577679068647,372.73199851174604,0.0
4.168,6.185611223120174,-1.949260866067239,9.129756664253456,0.0,12.35690631475704,11.896113813069208,362.9955861542106,372.73199851174604,0.0
4.1690000000000005,6.742740025837458,-1.869185399767264,10.0,0.0,12.496944849901983,12.27105020598454,360.99862166986077,372.73199851174604,0.0
4.17,7.353156634765046,-1.7664472286643798,10.0,0.0,12.649972726665649,12.552219840810498,357.9307921297305,372.73199851174604,0.0
4.171,7.9601410768801015,-1.620209685549638,10.0,0.0,12.80075603120395,12.759911177286856,353.36024920954685,372.73199851174604,0.0
4.172,8.539777424705356,-1.426146762082443,10.0,0.0,12.937345592785814,12.904221556729782,347.5915332414626,372.73199851174604,0.0
4.173,9.083409953998613,-1.1883085191903064,10.0,0.0,13.050485658670318,12.993756639642587,339.55882841141874,372.73199851174604,0.0
4.174,9.587214059281928,-0.9212071126763273,10.0,0.0,13.134262453970042,13.035670094564335,353.98900102036066,372.73199851174604,0.0
4.175,9.994980619355259,-0.7344309050508055,10.0,0.0,13.195978546458296,13.041953602968647,360.3158296750706,372.73199851174604,0.0
4.176,10.1685172199921,-0.8510626158254233,10.0,0.0,13.266848630799618,13.03876900931203,371.03091453180315,372.73199851174604,0.0
4.1770000000000005,10.249249235090481,-1.0429200287775187,6.732487784170474,0.0,13.350251245658137,12.676418384059508,381.7172121168989,372.73199851174604,0.0
4.178,10.042805862345812,-1.222070060397125,1.2994868555710664,0.0,13.406866465854176,11.81720419398335,385.84130788357845,372.73199851174604,0.0
4.179,9.373348646432927,-1.262584894406908,-0.8936541214870299,0.0,13.374563876447883,10.934233306766984,385.8637323675393,372.73199851174604,0.0
4.18,8.399493166717452,-1.1966795754028676,-1.0361837020253795,0.0,13.24953972383004,10.243011935852563,384.2451070298708,372.73199851174604,0.0
4.181,7.345655672241698,-1.105998410258898,-0.34200211837237404,0.0,13.058579974406742,9.792379126370193,382.1991924332583,372.73199851174604,0.0
4.182,6.3839638782937875,-1.057322952770157,0.5862832407187417,0.0,12.837205430305215,9.558130918946732,380.53987593775275,372.73199851174604,0.0
4.183,5.610974445391891,-1.082773314568096,1.3378627142114485,0.0,12.617829814244152,9.473972886028482,379.45013023753273,372.73199851174604,0.0
4.184,5.050372500097474,-1.1781132120970954,1.8155542470635924,0.0,12.42220884160759,9.475259688328128,378.8030929922721,372.73199851174604,0.0
4.1850000000000005,4.675856609761089,-1.3230401209160871,2.0783619248886342,0.0,12.26126720745944,9.516578370850441,378.22409480477415,372.73199851174604,0.0
4.186,4.4436578248048875,-1.487938385890417,2.3129400557073385,0.0,12.137241145037327,9.582643246759336,377.4823777751907,372.73199851174604,0.0
4.187,4.3163094497572985,-1.6475136054692396,2.6362947778646273,0.0,12.04812846795224,9.674608600369918,376.70511140429124,372.73199851174604,0.0
4.188,4.269810295350061,-1.7866697683664243,2.985196834388895,0.0,11.990835019659617,9.787453253141347,375.388344133197,372.73199851174604,0.0
4.189,4.289588268302932,-1.8910143773430677,3.61701701372151,0.0,11.960641726831863,9.94665472639883,373.61909577882847,372.73199851174604,0.0
4.19,4.379816738588933,-1.9626103750188688,4.49277021823495,0.0,11.956220024267205,10.167204021749008,371.8532131625061,372.73199851174604,0.0
4.191,4.551481441018399,-2.010535162473267,5.384499379888529,0.0,11.978851188137256,10.436608060480083,369.71088589495565,372.73199851174604,0.0
4.192,4.810747851707368,-2.031141260597174,6.48587413983166,0.0,12.027947062412498,10.76676608555077,368.2715613233246,372.73199851174604,0.0
4.1930000000000005,5.163904005517776,-2.034971943644761,7.250140797531406,0.0,12.105364465921275,11.105618967477199,366.8373760322092,372.73199851174604,0.0
4.194,5.589655811217253,-2.014330042429898,8.026179667884474,0.0,12.206616501307707,11.452748773634866,365.1971572935334,372.73199851174604,0.0
4.195,6.075948763610816,-1.965321953192972,8.9216374494045,0.0,12.327271842967358,11.816796063272784,363.40211284714707,372.73199851174604,0.0
4.196,6.62074843823902,-1.8904800495405314,9.912458529243654,0.0,12.464523850915423,12.201474864394815,361.5388081610117,372.73199851174604,0.0
4.197,7.225671758189055,-1.7950678971372362,10.0,0.0,12.616771620453052,12.500038768736033,358.7454535591989,372.73199851174604,0.0
4.198,7.835454346418009,-1.6585068614930516,10.0,0.0,12.769583411074214,12.722068793383645,354.50414096723944,372.73199851174604,0.0
4.199,8.421225754798138,-1.4740404346916693,10.0,0.0,12.910391328506313,12.878839965589084,348.9198510416158,372.73199851174604,0.0
4.2,8.972124278336624,-1.2440942012152378,10.0,0.0,13.029346150001347,12.97927368881176,341.36724285629083,372.73199851174604,0.0
4.2010000000000005,9.483296133937795,-0.9822331602652282,10.0,0.0,13.119943609499412,13.030839602980926,342.81156394036515,372.73199851174604,0.0
4.202,9.951182498001824,-0.7097032627446491,10.0,0.0,13.179278236146821,13.039952890191955,359.68471147197243,372.73199851174604,0.0
4.203,10.148787124385242,-0.8018049637960297,10.0,0.0,13.246447214941448,13.03703066608508,370.2370252911377,372.73199851174604,0.0
4.204,10.239133419208073,-0.994071620158674,7.1198284219483,0.0,13.326835388635308,12.716336642515998,379.2596099494596,372.73199851174604,0.0
4.205,10.072759135576055,-1.172165026232976,2.5432599784102,0.0,13.384782950707415,11.980334659812282,384.3370847161094,372.73199851174604,0.0
4.206,9.500133497991394,-1.2419926879141936,-0.1115282669583344,0.0,13.369235667026132,11.138791686328982,385.56236891257555,372.73199851174604,0.0
4.207,8.609823031392342,-1.2090609561018446,-0.8524740691996966,0.0,13.26676804724848,10.417100020983074,384.6188858089521,372.73199851174604,0.0
4.208,7.590333425973009,-1.1334710453812022,-0.4996013903600245,0.0,13.094392450052851,9.9067969648189,382.84880548932296,372.73199851174604,0.0
4.2090000000000005,6.614731188705517,-1.0799838063760083,0.28427069967877205,0.0,12.883096409777004,9.610105207712683,381.00394904169343,372.73199851174604,0.0
4.21,5.795601711889905,-1.08738520153461,1.123979418194061,0.0,12.664609823675619,9.48683048050284,379.74325919096117,372.73199851174604,0.0
4.211,5.181017208193947,-1.1647140378554075,1.6842117367680416,0.0,12.464076581507092,9.466676035900225,378.9606637350511,372.73199851174604,0.0
4.212,4.75897716313918,-1.296069470525299,2.0132228124900102,0.0,12.29525702832563,9.499351166603764,378.34419197013267,372.73199851174604,0.0
4.213,4.4910275417330325,-1.4547283543639589,2.265336760365374,0.0,12.162725866428229,9.561573310332001,377.6349609335082,372.73199851174604,0.0
4.214,4.338482115326654,-1.6145415217836083,2.570922654459996,0.0,12.065662894671163,9.649513933059964,376.7681545301251,372.73199851174604,0.0
4.215,4.273717085246799,-1.757767580976347,2.963964295967738,0.0,12.001257017199602,9.764731617009055,375.5444460362067,372.73199851174604,0.0
4.216,4.282041453363567,-1.8715256322006086,3.547694067682343,0.0,11.965894620912849,9.920703472495964,374.10487676633085,372.73199851174604,0.0
4.2170000000000005,4.361859601184106,-1.9537737826087034,4.253749920074418,0.0,11.957575365836115,10.1206739962724,372.5086036305155,372.73199851174604,0.0
4.218,4.515100213117757,-2.006269788490105,5.0541204367944,0.0,11.975037167787567,10.364737454644303,370.06944696502336,372.73199851174604,0.0
4.219,4.746478636405944,-2.0286611064601807,6.300324285007694,0.0,12.017097220298965,10.691300245068057,368.5860940123149,372.73199851174604,0.0
4.22,5.078825870162063,-2.0354605603658467,7.083459806356235,0.0,12.088131573351507,11.028851219086482,367.18395451708517,372.73199851174604,0.0
4.221,5.488653895825787,-2.0199791492267476,7.840009993917709,0.0,12.184046638736291,11.373382085941156,365.5796955563881,372.73199851174604,0.0
4.222,5.961247414222817,-1.976703501100588,8.713662503819815,0.0,12.300217777085573,11.733700640095421,363.8043637337776,372.73199851174604,0.0
4.223,6.492964226819126,-1.9070697024420529,9.690604762904748,0.0,12.433576695644179,12.114568661867887,361.94985559691617,372.73199851174604,0.0
4.224,7.084960405849425,-1.815955154025449,10.0,0.0,12.582360262184928,12.435147415241218,359.3849399305931,372.73199851174604,0.0
4.225,7.695638669383424,-1.6888518640778551,10.0,0.0,12.73525313099887,12.674198050361909,355.4830701949528,372.73199851174604,0.0
4.226,8.288085223476166,-1.5151428581394684,10.0,0.0,12.878924818689734,12.845570570537062,350.12917274169797,372.73199851174604,0.0
4.227,8.8477039780631,-1.295355715809729,10.0,0.0,13.002927094032144,12.958539410000151,343.12004099472375,372.73199851174604,0.0
4.228,9.368407246829472,-1.0406079076093984,10.0,0.0,13.100001638307882,13.02093042103274,334.5597864748526,372.73199851174604,0.0
4.229,9.854433769034381,-0.7572358266027206,10.0,0.0,13.164984378430573,13.038533900634762,352.51602508615167,372.73199851174604,0.0
4.23,10.115847470285381,-0.7663265923271227,10.0,0.0,13.229062897540949,13.0369800643733,368.37296730460656,372.73199851174604,0.0
4.231,10.230419762369783,-0.9361791387528058,8.050385461472946,0.0,13.30517105356372,12.817543049294263,378.14156097229846,372.73199851174604,0.0
4.232,10.133050603395903,-1.134530567629819,3.11199300302147,0.0,13.371844824188525,12.115789856688991,383.24853080895593,372.73199851174604,0.0
4.233,9.62787564586149,-1.223212629928815,0.45334276172063603,0.0,13.369447411054445,11.302407312187196,385.028060498677,372.73199851174604,0.0
4.234,8.797138712456606,-1.20955654086707,-0.5593827030092111,0.0,13.283562494363814,10.571639295214087,384.63732323279146,372.73199851174604,0.0
4.235,7.809005709559611,-1.1460781723510178,-0.4830673172768911,0.0,13.126343207998783,10.024268796331704,383.2309999964982,372.73199851174604,0.0
4.236,6.830665308620361,-1.0924585055883433,0.1151042860222109,0.0,12.924845420723278,9.678685255280982,381.4290719364895,372.73199851174604,0.0
4.237,5.98004265312086,-1.089644509225063,0.9290975817791356,0.0,12.70916571513792,9.514852924203602,380.06130496820157,372.73199851174604,0.0
4.238,5.320826348192609,-1.152781294231209,1.5396880013585426,0.0,12.505643933317671,9.468868435858703,379.1675039739662,372.73199851174604,0.0
4.239,4.854654662606945,-1.2719884835200963,1.9222334438540365,0.0,12.33035730381667,9.487791035010119,378.50200386841266,372.73199851174604,0.0
4.24,4.550141696126821,-1.4238710890034405,2.19728344306413,0.0,12.190006611891192,9.542557466241409,377.8063547869951,372.73199851174604,0.0
4.241,4.36963268305241,-1.5827219552182525,2.4943644210204257,0.0,12.08512240151019,9.624551454513497,376.9567463039117,372.73199851174604,0.0
4.242,4.2836309772946475,-1.7288193075407368,2.8769211846404623,0.0,12.013408211087816,9.734623154641525,375.8157033915051,372.73199851174604,0.0
4.243,4.274701149012876,-1.849095436580595,3.4166055920461673,0.0,11.971642010391648,9.882178246946358,374.43271675711236,372.73199851174604,0.0
4.244,4.338190346147531,-1.9383382556765607,4.0910917267888784,0.0,11.957421887805733,10.072524730731104,372.91031315356156,372.73199851174604,0.0
4.245,4.474876565107211,-1.9971508184667104,4.8505103821461235,0.0,11.96923537957284,10.30480515250643,370.45569233392825,372.73199851174604,0.0
4.246,4.686934626905198,-2.026398620997038,6.100583853740954,0.0,12.005724696991209,10.622993251994613,368.95731385523464,372.73199851174604,0.0
4.247,5.001411578011773,-2.038150430823184,6.887519939652872,0.0,12.071384113672128,10.954601824006437,367.57417990567274,372.73199851174604,0.0
4.248,5.394585681552018,-2.0278185907116946,7.630665100494561,0.0,12.162384425375611,11.293387705440276,365.98576232663544,372.73199851174604,0.0
4.249,5.851177730339924,-1.989415354144533,8.492336251864316,0.0,12.27404225643086,11.648454020612066,364.2137944386878,372.73199851174604,0.0
4.25,6.367401968046074,-1.9240802683155713,9.463502236568726,0.0,12.40323810882225,12.025172288516194,362.35930794407926,372.73199851174604,0.0
4.251,6.944665840863577,-1.8366922772825354,10.0,0.0,12.548226874609568,12.368104625366577,360.01966694209716,372.73199851174604,0.0
4.252,7.555158946206818,-1.718975145502203,10.0,0.0,12.700934992917688,12.624496024616766,356.45690352911055,372.73199851174604,0.0
4.253,8.15371121859465,-1.5561662342199605,10.0,0.0,12.84727963039677,12.81078327686351,351.3943121408846,372.73199851174604,0.0
4.2540000000000004,8.721793400663259,-1.3467834641134355,10.0,0.0,12.976214513753721,12.936572750329825,344.9875810515515,372.73199851174604,0.0
4.255,9.25213425340472,-1.0990940625249306,10.0,0.0,13.079682849647943,13.010020092804329,336.4366737311691,372.73199851174604,0.0
4.256,9.74581947738011,-0.8224110884695026,10.0,0.0,13.152190853069975,13.037467568510927,347.94498794955024,372.73199851174604,0.0
4.257,10.055989276326084,-0.7732126902498617,10.0,0.0,13.21754780965686,13.040239271344765,362.17075685513197,372.73199851174604,0.0
4.258,10.21373718890081,-0.8909698462284901,10.0,0.0,13.290091512008281,13.035018927160142,377.1414307030176,372.73199851174604,0.0
4.259,10.256425021978206,-1.1195842777414846,3.641174224620487,0.0,13.378828825612745,12.334985969824615,383.89890695950385,372.73199851174604,0.0
4.26,9.835671678680658,-1.2398402243385123,0.1507670118997808,0.0,13.399631121933757,11.440183250031112,385.37876398205543,372.73199851174604,0.0
4.261,9.014210384950317,-1.2242996447653445,-0.7156291540791049,0.0,13.325960893424297,10.662694734595947,384.73403601110186,372.73199851174604,0.0
4.2620000000000005,8.005491917434227,-1.1467049583820388,-0.5132855435958792,0.0,13.173528826515833,10.089254225155765,383.3323396283347,372.73199851174604,0.0
4.263,6.998130619019818,-1.0789962554632426,0.08155923662181852,0.0,12.97232390489696,9.722046607838294,381.57497307717,372.73199851174604,0.0
4.264,6.115808794003383,-1.0648323693844928,0.871812766549926,0.0,12.753637773268757,9.53940048834826,380.1911765974236,372.73199851174604,0.0
4.265,5.42510724213349,-1.120291836895694,1.4891192255663626,0.0,12.544797823141385,9.480305495292457,379.308882768829,372.73199851174604,0.0
4.266,4.931409198897092,-1.2358306763141944,1.864497297292825,0.0,12.363087046382098,9.488754299066553,378.6734715473247,372.73199851174604,0.0
4.267,4.603566330045161,-1.3877282390108436,2.1227881776891806,0.0,12.215945571178596,9.533971096054993,378.0113643710246,372.73199851174604,0.0
4.268,4.402899207635155,-1.5494743094384829,2.401048107246436,0.0,12.10431301531436,9.606772704048156,377.213848390627,372.73199851174604,0.0
4.269,4.29880010349712,-1.7004638027302086,2.7549875986564434,0.0,12.026115259393675,9.706725870646187,376.1017750597325,372.73199851174604,0.0
4.2700000000000005,4.272362148848753,-1.8265129871842538,3.2773264986238164,0.0,11.978088111081895,9.8446490130446,374.7396981800317,372.73199851174604,0.0
4.271,4.318913918776925,-1.9215961285496381,3.9382879417913568,0.0,11.957854645546782,10.026074421882164,373.2600458854854,372.73199851174604,0.0
4.272,4.438755298046695,-1.986756633574852,4.672833615327126,0.0,11.964003891588057,10.248807318919333,370.98232045006046,372.73199851174604,0.0
4.273,4.632540466301332,-2.023571472759254,5.829193113656452,0.0,11.995209529988953,10.549617984222463,369.2744895923456,372.73199851174604,0.0
4.274,4.925317173913683,-2.038064871037215,6.717683631707876,0.0,12.054601796498805,10.87937092268292,367.8731202590708,372.73199851174604,0.0
4.275,5.301793715000794,-2.0325609624504946,7.466957080872043,0.0,12.140279766276397,11.217138315732402,366.339015669516,372.73199851174604,0.0
4.276,5.74496878969616,-2.000312460411798,8.29793920407173,0.0,12.247674382242788,11.568627572709401,364.61076896576,372.73199851174604,0.0
4.277,6.248295737161492,-1.940691408334492,9.24327485140961,0.0,12.37324263160213,11.94045025208628,362.77417092228785,372.73199851174604,0.0
4.2780000000000005,6.812097155925406,-1.8577888905007736,10.0,0.0,12.514913257522283,12.30444901174359,360.6567188628658,372.73199851174604,0.0
4.279,7.4224623744562095,-1.7496740526177117,10.0,0.0,12.667753089827352,12.577145546690533,357.418013979535,372.73199851174604,0.0
4.28,8.026570315360447,-1.597599041024271,10.0,0.0,12.816931489500163,12.777508190059123,352.6713115737032,372.73199851174604,0.0
4.281,8.602311173571616,-1.3982088226580807,10.0,0.0,12.950816139638208,12.915461994063953,346.750783522851,372.73199851174604,0.0
4.282,9.141601532211638,-1.1567743176620087,10.0,0.0,13.060543811797023,12.999444351813816,338.48399490160784,372.73199851174604,0.0
4.283,9.641844811450992,-0.8867199202876817,10.0,0.0,13.140405313853726,13.036367383874639,352.31922870631024,372.73199851174604,0.0
4.284,10.010099180198182,-0.7582725775500663,10.0,0.0,13.204544305183445,13.042078715165259,359.9252981100522,372.73199851174604,0.0
4.285,10.183983843705951,-0.866570084663541,10.0,0.0,13.276037729719116,13.038188043161407,372.57176075119224,372.73199851174604,0.0
4.2860000000000005,10.25344697634941,-1.0679325975272234,5.954937842185064,0.0,13.361059645944703,12.590976845496158,382.8307012077642,372.73199851174604,0.0
4.287,9.99018473578792,-1.2346672997158046,0.7244805869388999,0.0,13.409185442893317,11.691742760509264,386.0125678322088,372.73199851174604,0.0
4.288,9.262771539000637,-1.2554757286150695,-0.9992584184880178,0.0,13.36319683180541,10.827320774912407,385.5723376848025,372.73199851174604,0.0
4.289,8.263528293125669,-1.1802011685446339,-0.9075467365154415,0.0,13.226876597369868,10.174710426916068,383.8768219978766,372.73199851174604,0.0
4.29,7.216301577550718,-1.0930063441382416,-0.17123712791380363,0.0,13.030088666494247,9.759008536656765,381.9091287889321,372.73199851174604,0.0
4.291,6.279594763361958,-1.0550034495625948,0.720838173786599,0.0,12.808100969521004,9.548528711841866,380.3939038434177,372.73199851174604,0.0
4.292,5.536823385657602,-1.092111407590342,1.4018315932270706,0.0,12.591725964092404,9.475224406338182,379.3836339986295,372.73199851174604,0.0
4.293,5.002125829278512,-1.1956754948421326,1.840450160752356,0.0,12.400678998673708,9.480440156500032,378.7553484288273,372.73199851174604,0.0
4.2940000000000005,4.646450966057046,-1.3443486738843253,2.0943594464826383,0.0,12.244576713635198,9.523350730249476,378.15558538734524,372.73199851174604,0.0
4.295,4.427090069457895,-1.509147563886555,2.340005098467671,0.0,12.125016860585305,9.591414896974864,377.38274631098716,372.73199851174604,0.0
4.296,4.308926951134357,-1.6661910526817056,2.6799171586543,0.0,12.039846204380384,9.686454865873007,376.5174688738941,372.73199851174604,0.0
4.297,4.270119057378076,-1.801369593968347,3.0747011735793617,0.0,11.985995815339344,9.806588130430685,375.3043921451279,372.73199851174604,0.0
4.298,4.298863656029967,-1.9024532059523125,3.655515601628628,0.0,11.959311203563548,9.965714791775392,373.43819391403304,372.73199851174604,0.0
4.299,4.395324168621457,-1.9691638886293499,4.5815527631531925,0.0,11.957535058074438,10.19199305889671,371.50657267480517,372.73199851174604,0.0
4.3,4.574599428627881,-2.013293625650784,5.559617641136534,0.0,11.98275151809196,10.47503697624512,369.51991104616656,372.73199851174604,0.0
4.301,4.847141399607365,-2.0324267777668155,6.5850693301116365,0.0,12.035414073205121,10.807130320660187,368.11090672091626,372.73199851174604,0.0
4.3020000000000005,5.210541660256886,-2.034121723945244,7.3357824106450815,0.0,12.116014819806932,11.146355899152335,366.6588084806465,372.73199851174604,0.0
4.303,5.644101857813143,-2.01034731577185,8.122563431090965,0.0,12.219845915236922,11.494700156774476,364.9963835304216,372.73199851174604,0.0
4.304,6.137227137102343,-1.9580737697892903,9.031132056016647,0.0,12.342615980909779,11.860759657968512,363.18775553617274,372.73199851174604,0.0
4.305,6.688780595518156,-1.8804172648411281,10.0,0.0,12.481695510050287,12.244240375566502,361.2889661566557,372.73199851174604,0.0
4.306,7.2988113265654135,-1.7819671098128436,10.0,0.0,12.635162206032913,12.532004449047864,358.3606527334899,372.73199851174604,0.0
4.307,7.907567539449084,-1.6402741941857935,10.0,0.0,12.787456920596718,12.745475908672624,353.93828303162763,372.73199851174604,0.0
4.308,8.489795123186399,-1.450295998805923,10.0,0.0,12.926388637331096,12.894872221709022,348.2555342626773,372.73199851174604,0.0
4.309,9.036269261673066,-1.2154318420525922,10.0,0.0,13.042431538406616,12.988932195719052,340.4304931130394,372.73199851174604,0.0
4.3100000000000005,9.542741754732052,-0.9502241494130144,10.0,0.0,13.129451942152764,13.034943229584012,350.78585153207996,372.73199851174604,0.0
4.311,9.983053090636329,-0.7143092467681234,10.0,0.0,13.18907284654625,13.041685678418215,360.7648955036395,372.73199851174604,0.0
4.312,10.160413869034663,-0.8299716655128746,10.0,0.0,13.258487920472186,13.038609400543567,370.6782716136996,372.73199851174604,0.0
4.313,10.244773918790074,-1.0226978997869578,6.905279835514563,0.0,13.340697120800757,12.69485704206647,380.45205289811435,372.73199851174604,0.0
4.314,10.057143451964675,-1.199454327267334,1.9411886494435162,0.0,13.39782610992887,11.900080962495325,385.2052252337232,372.73199851174604,0.0
4.315,9.436070226321299,-1.255106697652793,-0.5601297855806742,0.0,13.374118788654645,11.031433023954676,385.80772700774855,372.73199851174604,0.0
4.316,8.500065913436138,-1.2047866807549064,-0.9921379575533837,0.0,13.259825680091161,10.321521174734848,384.47811176216976,372.73199851174604,0.0
4.317,7.459183018168921,-1.119720549282145,-0.4447914672682245,0.0,13.077116623169015,9.840836470582286,382.51274327698735,372.73199851174604,0.0
4.3180000000000005,6.487730620965174,-1.0673926159633136,0.44008532767056785,0.0,12.859704590173486,9.578263248432926,380.76332772655644,372.73199851174604,0.0
4.319,5.691514190444512,-1.0839250907093847,1.234479810737919,0.0,12.640118289817826,9.476610053772198,379.5742872139892,372.73199851174604,0.0
4.32,5.105407295983824,-1.1703424358392767,1.7605771799991174,0.0,12.441665883248492,9.469599908415512,378.8658455321078,372.73199851174604,0.0
4.321,4.709536861134908,-1.3091415245980647,2.053459550736184,0.0,12.276761429112586,9.508086302914794,378.2748101106953,372.73199851174604,0.0
4.322,4.461937075337133,-1.4716202246847785,2.293549145452955,0.0,12.148680725962153,9.572991916351304,377.5505583125729,372.73199851174604,0.0
4.323,4.324072377722536,-1.6318009941616507,2.607489446505885,0.0,12.055893752112004,9.6634205541774,376.80865394185423,372.73199851174604,0.0
4.324,4.269947915188434,-1.7734680619985788,2.9376750775641316,0.0,11.995409909196766,9.773283691144352,375.42030434922145,372.73199851174604,0.0
4.325,4.2830831258981945,-1.8810100831463241,3.604966815505767,0.0,11.962373715917638,9.93422624718267,373.8033885993472,372.73199851174604,0.0
4.3260000000000005,4.369396978847751,-1.957718347087412,4.402710789566874,0.0,11.956097886392296,10.147486676339192,372.15885124249735,372.73199851174604,0.0
4.327,4.534255933333049,-2.008646426341267,5.230710940684294,0.0,11.97661068881365,10.40462471004595,369.88277897531015,372.73199851174604,0.0
4.328,4.781565827602924,-2.030275674747651,6.397239269642255,0.0,12.022655950895704,10.732582836473531,368.4163327838895,372.73199851174604,0.0
4.329,5.12535335138053,-2.0355083537263576,7.173619022631135,0.0,12.097251801615913,11.070742637332925,366.992959570843,372.73199851174604,0.0
4.33,5.543864308369574,-2.0171768631259868,7.942696018563409,0.0,12.196135256594207,11.416782385170041,365.36807139097596,372.73199851174604,0.0
4.331,6.023968004283219,-1.9707409818961872,8.828779379704645,0.0,12.314809708829108,11.779258606506874,363.5827487516774,372.73199851174604,0.0
4.332,6.5629014281327285,-1.8982479306240287,9.81293319695461,0.0,12.450354461146569,12.162269097555287,361.72476260839727,372.73199851174604,0.0
4.333,7.162025121634005,-1.804767749469561,10.0,0.0,12.601087897922852,12.470754552846458,359.0357371049825,372.73199851174604,0.0
4.3340000000000005,7.772217363693939,-1.6724373516417415,10.0,0.0,12.753974994601112,12.700464228564107,354.9484438623378,372.73199851174604,0.0
4.335,8.360990811851428,-1.4927865314223152,10.0,0.0,12.896106062937442,12.863828489501081,349.4600816897992,372.73199851174604,0.0
4.336,8.915816948813232,-1.2673803540498718,10.0,0.0,13.017362279225072,12.96992629059378,342.14766668599094,372.73199851174604,0.0
4.337,9.431284715419181,-1.008694182629128,10.0,0.0,13.110901236910642,13.026386740248928,337.1552406310871,372.73199851174604,0.0
4.338,9.909866292748468,-0.7270921320337944,10.0,0.0,13.172342979941902,13.039065744866967,356.80773411000547,372.73199851174604,0.0
4.339,10.136518441026777,-0.7811574480608598,10.0,0.0,13.237671654400764,13.036475102788993,369.6547576436015,372.73199851174604,0.0
4.34,10.235278217927702,-0.9674856981063176,7.407526707721411,0.0,13.316163851550668,12.746907276237746,378.6116811464688,372.73199851174604,0.0
4.341,10.091957200921076,-1.1516615104926178,2.870268129940527,0.0,13.376246103192504,12.037724651063243,383.68754821427086,372.73199851174604,0.0
4.3420000000000005,9.551397521999842,-1.2302732991052983,0.22277909901425463,0.0,13.366207405776233,11.217645660457563,385.2658891462222,372.73199851174604,0.0
4.343,8.693812819390562,-1.2087711117753202,-0.6917302733061801,0.0,13.272013320548599,10.493378279022641,384.6378430827253,372.73199851174604,0.0
4.344,7.692963100183594,-1.1409781330616635,-0.49676568726751036,0.0,13.107569699915036,9.964227047482582,383.0356397841595,372.73199851174604,0.0
4.345,6.717647297814842,-1.0884544629678463,0.20129954929123972,0.0,12.901555644267635,9.643660348262742,381.222380217831,372.73199851174604,0.0
4.346,5.884193752048265,-1.091178779674462,1.0230255153946395,0.0,12.684911235801659,9.49988484931657,379.90796936757965,372.73199851174604,0.0
4.347,5.248003287404305,-1.1614026812770304,1.6084712319619836,0.0,12.483251104296874,9.466650644232956,379.0629860178491,372.73199851174604,0.0
4.348,4.804199900314714,-1.286370891464788,1.967653031766238,0.0,12.311477829538838,9.49268585525344,378.41547224124406,372.73199851174604,0.0
4.349,4.518248499714886,-1.4412381863645585,2.234575182773769,0.0,12.175271123695756,9.551726456503944,377.7102032128055,372.73199851174604,0.0
4.3500000000000005,4.352230353136814,-1.600108732741107,2.5374276499824635,0.0,12.074516235714448,9.637289359045557,376.84825289264217,372.73199851174604,0.0
4.351,4.277423999836305,-1.7445180926418715,2.9272402662551613,0.0,12.006689450910754,9.750639863050063,375.73222239911973,372.73199851174604,0.0
4.352,4.277743342857277,-1.8615855040581906,3.455253274142639,0.0,11.968413716644665,9.899272751613335,374.2422651302529,372.73199851174604,0.0
4.353,4.348421790079329,-1.945894500475208,4.185129242390978,0.0,11.956932160153222,10.096449568557894,372.65331218614483,372.73199851174604,0.0
4.354,4.493950181358038,-2.0009786237183413,4.980392577701034,0.0,11.971532604597954,10.337639416792037,370.2197738060598,372.73199851174604,0.0
4.355,4.7178052737422345,-2.0270138030973235,6.222284014800423,0.0,12.011105017920883,10.661656973125604,368.7608227330112,372.73199851174604,0.0
4.356,5.04340933471318,-2.036953917107537,6.991471309112062,0.0,12.079955006292213,10.995843807378424,367.37307473425733,372.73199851174604,0.0
4.357,5.446178698171224,-2.02419471320685,7.7389345462638826,0.0,12.173835765682512,11.336977450816008,365.7707781959864,372.73199851174604,0.0
4.358,5.911382447795245,-1.9831169489625313,8.609695018556945,0.0,12.28805085144967,11.694550106605517,363.99157648877264,372.73199851174604,0.0
4.359,6.435761218335274,-1.9152857280783955,9.58670009239356,0.0,12.419551037564252,12.073520331528727,362.1348339017933,372.73199851174604,0.0
4.36,7.020837734179437,-1.8257324540126945,10.0,0.0,12.566625679621309,12.404321862631955,359.67290135592634,372.73199851174604,0.0
4.361,7.631305197449455,-1.7027968532352997,10.0,0.0,12.719445627238132,12.651317049953246,355.9271338215801,372.73199851174604,0.0
4.362,8.22646112696373,-1.5339847466064838,10.0,0.0,12.864343123104003,12.829532235690221,350.70107179311066,372.73199851174604,0.0
4.363,8.789901891654957,-1.318906384384964,10.0,0.0,12.990601889178905,12.948388727619193,343.9641954045717,372.73199851174604,0.0
4.364,9.314951012925818,-1.067435950553602,10.0,0.0,13.090609463739984,13.015864451269872,335.3473914487584,372.73199851174604,0.0
4.365,9.804548316810772,-0.787018464572306,10.0,0.0,13.159032634090389,13.037988147796955,348.7768673204358,372.73199851174604,0.0
4.366,10.090118036528988,-0.7667991937403598,10.0,0.0,13.22340591212676,13.038225095576216,365.5548679088006,372.73199851174604,0.0
4.367,10.225208349970178,-0.9113652863238474,9.478519029001795,0.0,13.297470020029927,12.975508532290041,378.7099484819302,372.73199851174604,0.0
4.368,10.2215626852741,-1.142033211763595,2.841199242735142,0.0,13.381783871686697,12.20333159559443,383.8081176306753,372.73199851174604,0.0
4.369,9.735295216963442,-1.2376553810246216,0.18135347717329253,0.0,13.388660403872539,11.34404686625213,385.1149999515426,372.73199851174604,0.0
4.37,8.891875526217264,-1.214463737978278,-0.5959176976583027,0.0,13.305413507477862,10.60039038278576,384.56781264410057,372.73199851174604,0.0
4.371,7.888184048464494,-1.1411431982894096,-0.44068218526084024,0.0,13.148292309440707,10.049595341783936,383.20298285292375,372.73199851174604,0.0
4.372,6.897429050249227,-1.081529995026044,0.13702286691579157,0.0,12.945979480145,9.69910902072019,381.4601027665094,372.73199851174604,0.0
4.373,6.0357749694830725,-1.0754833756379836,0.9211818675753305,0.0,12.728780305572435,9.528794887286155,380.1301272934631,372.73199851174604,0.0
4.374,5.365756226883079,-1.1369982821770281,1.5121883162813186,0.0,12.523096741026896,9.476046889967664,379.2551519667098,372.73199851174604,0.0
4.375,4.888952130444703,-1.2556017606560606,1.8844444451083397,0.0,12.345137966771372,9.488791708792606,378.5983592705427,372.73199851174604,0.0
4.376,4.574289298604727,-1.4077930224759496,2.154177185603917,0.0,12.201804555839292,9.538259079013756,377.9072935592146,372.73199851174604,0.0
4.377,4.384387944523856,-1.5678710158358682,2.4479570907932633,0.0,12.093837889673921,9.615807353915953,377.0968677784402,372.73199851174604,0.0
4.378,4.289792864952933,-1.7161646449782575,2.8095212885135403,0.0,12.019134236887375,9.720144842620725,375.91885972893084,372.73199851174604,0.0
4.3790000000000004,4.272284323460538,-1.8383634431821716,3.366656701096365,0.0,11.974293629760965,9.865227459351722,374.5384288848624,372.73199851174604,0.0
4.38,4.328528060404425,-1.9306401018612545,4.038807819399414,0.0,11.957373789492953,10.053321126105732,373.08477723731534,372.73199851174604,0.0
4.381,4.4588232611336025,-1.993039335650829,4.76210585591726,0.0,11.966896449057213,10.279984680280712,370.6764170827229,372.73199851174604,0.0
4.382,4.662705206905196,-2.0257573532505297,5.986841747503721,0.0,12.001108187680614,10.591298050676366,369.1159756289485,372.73199851174604,0.0
4.383,4.9679178851576165,-2.0389837941041655,6.80322270321889,0.0,12.064157817799144,10.920921228957544,367.7280808512116,372.73199851174604,0.0
4.384,5.353224735265256,-2.030653617666352,7.547209268692686,0.0,12.152816218917236,11.258230138338106,366.1548020152378,372.73199851174604,0.0
4.385,5.802986756768402,-1.99459191630433,8.39962065164466,0.0,12.262456185476138,11.611378629498132,364.3939185073355,372.73199851174604,0.0
4.386,6.312730876621934,-1.9314508197981914,9.36344320563991,0.0,12.389862100893096,11.986098402339149,362.54389653234,372.73199851174604,0.0
4.3870000000000005,6.88362104011248,-1.845898554060704,10.0,0.0,12.533220063786397,12.338769334491989,360.3041716157404,372.73199851174604,0.0
4.388,7.4940142844918745,-1.7324618601898507,10.0,0.0,12.685886809937232,12.60270904652845,356.8891744055175,372.73199851174604,0.0
4.389,8.095170873446765,-1.574532541497752,10.0,0.0,12.833442994559212,12.795498169635103,351.9671751135148,372.73199851174604,0.0
4.39,8.666869102278616,-1.3697462901456632,10.0,0.0,12.964575278567843,12.926888759611334,345.8102053326813,372.73199851174604,0.0
4.391,9.201440794888025,-1.1249593546575567,10.0,0.0,13.070854692783065,13.005167615092088,337.3563469342418,372.73199851174604,0.0
4.392,9.69821685152877,-0.8514283893055095,10.0,0.0,13.146693514290996,13.036946877141897,349.3087922072576,372.73199851174604,0.0
4.393,10.030736376374756,-0.7737699307964858,10.0,0.0,13.212319259070645,13.041522707970874,360.0759220988063,372.73199851174604,0.0
4.394,10.201031693326525,-0.8791438569909165,10.0,0.0,13.284207728921704,13.036796240578681,374.4618056296129,372.73199851174604,0.0
4.3950000000000005,10.257647303497725,-1.0922418875569528,4.999724056312101,0.0,13.370821749148758,12.48517614915583,383.891052530284,372.73199851174604,0.0
4.396,9.92543261535553,-1.244119372106904,0.17351006579116923,0.0,13.408187901205658,11.553608461174898,385.9766798110576,372.73199851174604,0.0
4.397,9.138023660703006,-1.243453051321937,-1.0017503875887286,0.0,13.347068599126924,10.721210485361528,385.1413169967051,372.73199851174604,0.0
4.398,8.119732217804694,-1.1612020379614771,-0.7081621652620731,0.0,13.199780481412928,10.11412565508364,383.4999234744709,372.73199851174604,0.0
4.399,7.087186125143425,-1.0807221924786203,0.004855346227770063,0.0,12.99848241957303,9.731913695866513,381.64156362680416,372.73199851174604,0.0
4.4,6.1795952353499395,-1.055412614863908,0.844939618910562,0.0,12.777113712912625,9.542581758217992,380.21352465486945,372.73199851174604,0.0
4.401,5.468572757466358,-1.1038249625416239,1.4841438434466845,0.0,12.5645271371741,9.481094329309684,379.3348580411667,372.73199851174604,0.0
4.402,4.960547169951932,-1.2164132002393073,1.8574485550038595,0.0,12.378951058788566,9.487941051592037,378.726475570097,372.73199851174604,0.0
4.4030000000000005,4.622844363303176,-1.368436531049595,2.101695019955179,0.0,12.228213944481974,9.530746610692889,378.09431429119326,372.73199851174604,0.0
4.404,4.414734476049724,-1.5321828190269566,2.3641525016125904,0.0,12.113322955885534,9.600140820317192,377.2905789864941,372.73199851174604,0.0
4.405,4.3042224064132455,-1.685874647998534,2.720434349214689,0.0,12.032129125418267,9.697748167326552,376.33139571112724,372.73199851174604,0.0
4.406,4.271899515545886,-1.816176317635931,3.164032014904304,0.0,11.981611678069065,9.825158718637137,374.9437229819038,372.73199851174604,0.0
4.407,4.308979725748555,-1.9131386322072743,3.835751134814439,0.0,11.958249868492313,9.999827544583995,373.32413804601777,372.73199851174604,0.0
4.408,4.419126046347206,-1.9792865356827098,4.639622207414749,0.0,11.960997768704505,10.224656640601598,371.19273094559964,372.73199851174604,0.0
4.409,4.607088545492884,-2.019784156456972,5.720718433285278,0.0,11.989747047747656,10.518585079458376,369.409100845714,372.73199851174604,0.0
4.41,4.891797444085467,-2.0367851056518322,6.645762459888404,0.0,12.04647937097586,10.847501129147705,368.0063379619598,372.73199851174604,0.0
4.4110000000000005,5.261952588473625,-2.034267565625765,7.394400507263384,0.0,12.129983127955361,11.184428574239366,366.49490137118414,372.73199851174604,0.0
4.412,5.69969635615163,-2.005191885189705,8.212489774056825,0.0,12.235656104298371,11.534066826392637,364.7840705425777,372.73199851174604,0.0
4.413,6.197492091673363,-1.948313077931965,9.147384468051733,0.0,12.359759696228416,11.90358598140578,362.955076884506,372.73199851174604,0.0
4.414,6.7553531544461975,-1.8674890344591033,10.0,0.0,12.500082987757335,12.276615582135175,360.9348579452808,372.73199851174604,0.0
4.415,7.365470108985601,-1.7636274600660196,10.0,0.0,12.653060377457788,12.556314142253436,357.83687368255346,372.73199851174604,0.0
4.416,7.971761729185686,-1.6162503786239917,10.0,0.0,12.803537020985335,12.762749676653305,353.2354109007894,372.73199851174604,0.0
4.417,8.55060474223951,-1.421192336466233,10.0,0.0,12.939626939777174,12.905979506732015,347.4449715083476,372.73199851174604,0.0
4.418,9.093440477709672,-1.182671859297185,10.0,0.0,13.052144177630687,12.994571844910862,339.3695000342371,372.73199851174604,0.0
4.4190000000000005,9.596584572451405,-0.9150877110022755,10.0,0.0,13.13521987397598,13.035639179990287,353.7684694580751,372.73199851174604,0.0
4.42,9.997037090717786,-0.7392280452517062,10.0,0.0,13.197426012445078,13.041889015134416,360.17803856719615,372.73199851174604,0.0
4.421,10.171032076450603,-0.8538641952308206,10.0,0.0,13.268405093736884,13.038599557363094,371.2839300794137,372.73199851174604,0.0
4.422,10.24992744846357,-1.0472230883242908,6.604766610951549,0.0,13.352080437862867,12.662322739638652,381.93097210562223,372.73199851174604,0.0
4.423,10.034064275810396,-1.2244380412004556,1.1892558619085314,0.0,13.407320621689259,11.794821192306996,385.8774484624626,372.73199851174604,0.0
4.424,9.354050895811236,-1.2614023348633925,-0.9154368160188229,0.0,13.372580555174,10.91487557108293,385.8098263666475,372.73199851174604,0.0
4.425,8.375385666528281,-1.1936970040628605,-1.0124040466602748,0.0,13.24550270386317,10.230684078159598,384.1793879932962,372.73199851174604,0.0
4.426,7.32264074820691,-1.1035649679350423,-0.3116587548001277,0.0,13.053476017725036,9.786270892531062,382.1447310464473,372.73199851174604,0.0
4.4270000000000005,6.365324613697106,-1.0567889986821863,0.6115423932773005,0.0,12.83196664538133,9.556418355834353,380.51180441384633,372.73199851174604,0.0
4.428,5.59776651755675,-1.0843579851721263,1.3502076505567837,0.0,12.613123304808745,9.474279531623251,379.4375739195989,372.73199851174604,0.0
4.429,5.041857574591644,-1.1812212688283354,1.8202671436019768,0.0,12.418329687209594,9.476264550202938,378.79487816035686,372.73199851174604,0.0
4.43,4.670744212355682,-1.3268605817405525,2.0809862267368837,0.0,12.258265624812104,9.517813589795432,378.2125444678194,372.73199851174604,0.0
4.431,4.440827517698185,-1.4917620256769113,2.3173476134448876,0.0,12.135045638317491,9.584173583685422,377.46501761724636,372.73199851174604,0.0
4.432,4.315073288838316,-1.650887212277743,2.643780847676396,0.0,12.046638405948066,9.676653419663353,376.67860660882843,372.73199851174604,0.0
4.433,4.269881624679415,-1.789350023351654,2.9975202709145368,0.0,11.989959537765493,9.790405093789307,375.3833059190729,372.73199851174604,0.0
4.434,4.2910100120060095,-1.8930120097555347,3.6186575417190436,0.0,11.960341914207474,9.949125379993006,373.5806942385885,372.73199851174604,0.0
4.4350000000000005,4.38196463025097,-1.9635218988743188,4.511476424692821,0.0,11.956277549564645,10.17121685550593,371.78679986736586,372.73199851174604,0.0
4.436,4.555014188662513,-2.0108108344874713,5.417875596747933,0.0,11.979325452963653,10.443342561856777,369.6742820386889,372.73199851174604,0.0
4.437,4.816829228188029,-2.0312723825874257,6.50471167581699,0.0,12.029059017592704,10.773979306125796,368.2423437495295,372.73199851174604,0.0
4.438,5.171992176367257,-2.0348567681567906,7.265577368018858,0.0,12.107072567117388,11.11290282387787,366.8061803126625,372.73199851174604,0.0
4.439,5.599246779559758,-2.0137479976756025,8.042917268443189,0.0,12.208819304856185,11.460187700062487,365.16240677507864,372.73199851174604,0.0
4.44,6.086785119939167,-1.9641977129784882,8.94049995460179,0.0,12.329880412827693,11.824522787465911,363.36488299344137,372.73199851174604,0.0
4.441,6.632755877236232,-1.888855805505477,9.93293300060347,0.0,12.46747681176733,12.20954088522586,361.50018020700423,372.73199851174604,0.0
4.442,7.238848978661542,-1.7930364202944984,10.0,0.0,12.620028667290521,12.506059318993564,358.6850907125257,372.73199851174604,0.0
4.4430000000000005,7.8485304624265675,-1.6556026746116923,10.0,0.0,12.77281766246517,12.726506392742955,354.4119373788701,372.73199851174604,0.0
4.444,8.433673803921126,-1.4701456642548836,10.0,0.0,12.91334653181487,12.881918705908118,348.8094478010081,372.73199851174604,0.0
4.445,8.983754247536492,-1.2392728522033332,10.0,0.0,13.031822306324013,12.981185259308992,341.20786679062314,372.73199851174604,0.0
4.446,9.494035569366206,-0.9767651561982833,10.0,0.0,13.121810040282288,13.031742593855578,343.79639922114796,372.73199851174604,0.0
4.447,9.959239568646554,-0.7068625304313823,10.0,0.0,13.180790522425086,13.040173341640788,360.0687671213748,372.73199851174604,0.0
4.448,10.151652523051474,-0.8054898854362789,10.0,0.0,13.248264066440335,13.037145677870024,370.4352122975048,372.73199851174604,0.0
4.449,10.240164278583336,-0.9990768249873495,7.0205510450955675,0.0,13.328995779477546,12.705616586273916,379.4107962071315,372.73199851174604,0.0
4.45,10.066308037203086,-1.1753802522074421,2.4659711133283526,0.0,13.385958919650125,11.964113576302935,384.4185566050858,372.73199851174604,0.0
4.4510000000000005,9.485634998179002,-1.2427243959402818,-0.15477466658220163,0.0,13.368720266346765,11.121856416752669,385.5760946050374,372.73199851174604,0.0
4.452,8.58984107008748,-1.2078897904745562,-0.8619846274908936,0.0,13.264474514380158,10.40324607162607,384.5953258138911,372.73199851174604,0.0
4.453,7.568754899362661,-1.1317164513220779,-0.4902335049392139,0.0,13.090761581845431,9.897398448404058,382.8049472956988,372.73199851174604,0.0
4.454,6.594822616101199,-1.0788973386327319,0.30422626631741423,0.0,12.878786811237672,9.605359047314996,380.9684127278452,372.73199851174604,0.0
4.455,5.779580527961104,-1.0876955092331166,1.140129408083232,0.0,12.660301567474718,9.485268164018535,379.7203354300733,372.73199851174604,0.0
4.456,5.1694107651549075,-1.1664521705192035,1.6942846877859026,0.0,12.460231010793882,9.466902147052341,378.94597406954716,372.73199851174604,0.0
4.457,4.7512725696778055,-1.2988143139194377,2.019325612470963,0.0,12.292103177245675,9.500472128907433,378.3309473102445,372.73199851174604,0.0
4.458,4.486356422510157,-1.4578925318788507,2.2708495041373187,0.0,12.160320107779333,9.563248942292313,377.6182499787296,372.73199851174604,0.0
4.4590000000000005,4.336071309184665,-1.6176260453407847,2.578335655224935,0.0,12.063972930899325,9.651760206089175,376.7497450411355,372.73199851174604,0.0
4.46,4.2730786292176175,-1.7604503983277278,2.972410658728081,0.0,12.000224941780953,9.767485358355938,375.52157534732055,372.73199851174604,0.0
4.461,4.282882871126914,-1.873540703852743,3.5585997372798097,0.0,11.965435956878977,9.924094851680152,374.06568787608217,372.73199851174604,0.0
4.462,4.364094362427426,-1.9550186567970536,4.273206579255641,0.0,11.957618491568244,10.125474137389608,372.4683268603362,372.73199851174604,0.0
4.463,4.519029560670845,-2.007071863178859,5.0745238036427125,0.0,11.975631774532085,10.370701817366095,370.0386589905788,372.73199851174604,0.0
4.464,4.752355488811284,-2.0289203900237283,6.316291133733082,0.0,12.018249303086305,10.697672791594375,368.55227719290144,372.73199851174604,0.0
4.465,5.086273613330881,-2.035204059463564,7.101279245760219,0.0,12.08977489457787,11.035741705861579,367.1469342239325,372.73199851174604,0.0
4.466,5.497574901169556,-2.0191997909170087,7.8598013731228376,0.0,12.186131512112476,11.380839880323775,365.5414116330627,372.73199851174604,0.0
4.4670000000000005,5.971626140008074,-1.9754590489927943,8.734468537344561,0.0,12.302710846413639,11.741659442490125,363.7661837092404,372.73199851174604,0.0
4.468,6.504772344101015,-1.905429113414335,9.711740647280761,0.0,12.436448318006935,12.122902672258883,361.9118088622651,372.73199851174604,0.0
4.469,7.098127333614169,-1.8139748933439996,10.0,0.0,12.58557670056583,12.441393547104335,359.32572403631605,372.73199851174604,0.0
4.47,7.708809817418956,-1.686011057109508,10.0,0.0,12.738479852568288,12.678824055870543,355.3919067593657,372.73199851174604,0.0
4.471,8.300677305038889,-1.511298558528027,10.0,0.0,12.881897003765502,12.848803230160225,350.0134093927544,372.73199851174604,0.0
4.472,8.859499585903844,-1.290549529732702,10.0,0.0,13.005435089090287,12.960574426121715,342.95052444307146,372.73199851174604,0.0
4.473,9.379311597696736,-1.0351243532477814,10.0,0.0,13.101907206353363,13.021931212530973,334.82775843509353,372.73199851174604,0.0
4.474,9.864777310289668,-0.7508471795297837,10.0,0.0,13.166151553186916,13.038596423758314,353.387033133941,372.73199851174604,0.0
4.4750000000000005,10.120450755426944,-0.7671889396832823,10.0,0.0,13.23027835181392,13.036750126707105,368.70923122115323,372.73199851174604,0.0
4.476,10.23117456626009,-0.9417017202996512,7.880805046887542,0.0,13.30684082913937,12.798766809641076,378.14969897733886,372.73199851174604,0.0
4.477,10.122354342936482,-1.136099944537396,3.1063941641388,0.0,13.371587403885659,12.101322287116888,383.2595017080734,372.73199851174604,0.0
4.478,9.612110544539725,-1.2232247840108674,0.44621776680825587,0.0,13.367754619004598,11.290260195031278,385.05348364713376,372.73199851174604,0.0
4.479,8.779283629093303,-1.2093791495559403,-0.5739880540758007,0.0,13.280804635218315,10.560808680057324,384.64623864831117,372.73199851174604,0.0
4.48,7.790646496628725,-1.1460336497620338,-0.48950795603015607,0.0,13.122774949680478,10.015524002612636,383.21228747345594,372.73199851174604,0.0
4.481,6.81329027796062,-1.0928501105344512,0.12266474178035658,0.0,12.920803030634861,9.673081832866181,381.40282076358767,372.73199851174604,0.0
4.482,5.965206921883773,-1.090821680561616,0.9406898741960763,0.0,12.705092794614426,9.512063332759206,380.0387172178608,372.73199851174604,0.0
4.483,5.309301266548375,-1.1548326477086313,1.549674459998375,0.0,12.50191322287124,9.468052500701102,379.14952554964094,372.73199851174604,0.0
4.484,4.846403556950358,-1.2747274081249227,1.9300950237293444,0.0,12.32719883907088,9.48824090232931,378.48563140102505,372.73199851174604,0.0
4.485,4.544718528729266,-1.426931549736025,2.204505769144502,0.0,12.187518241786437,9.54387637778135,377.78942497180094,372.73199851174604,0.0
4.486,4.366523918207342,-1.585714426394146,2.502034719156006,0.0,12.083313326791924,9.62654887988206,376.9366095034549,372.73199851174604,0.0
4.487,4.282380317586021,-1.7314744976821888,2.8863963434119286,0.0,12.012241932582036,9.73731197940441,375.87433890342,372.73199851174604,0.0
4.488,4.274868107625028,-1.8515478583168197,3.386108239512657,0.0,11.9711044567023,9.881001228971547,374.37731049356216,372.73199851174604,0.0
4.489,4.337635248741426,-1.938588131036557,4.1181693246234055,0.0,11.956823349760079,10.074757898772768,372.823646128952,372.73199851174604,0.0
4.49,4.475788663065636,-1.996616283214418,4.8940850307564165,0.0,11.96885871450457,10.311171703558667,370.3947321751693,372.73199851174604,0.0
4.491,4.691312725836807,-2.0259203920758733,6.131914671013554,0.0,12.005975093706182,10.631223654945792,368.92969230587875,372.73199851174604,0.0
4.492,5.008988147149328,-2.0381889062460887,6.902457667717494,0.0,12.072441525596453,10.962574426632557,367.55033360449676,372.73199851174604,0.0
4.493,5.4042448493797,-2.027773149072295,7.643953667480981,0.0,12.164127973035555,11.30099441131441,365.9546866125672,372.73199851174604,0.0
4.494,5.862161300731512,-1.988875689905313,8.509550282437562,0.0,12.276313211262304,11.656123467293176,364.17645882962273,372.73199851174604,0.0
4.495,6.379464321044218,-1.9229561015788892,9.484219570731016,0.0,12.405930651140014,12.033191629338575,362.319410587935,372.73199851174604,0.0
4.496,6.957820769270032,-1.835064692803749,10.0,0.0,12.551284304152494,12.374057694402147,359.9585769783937,372.73199851174604,0.0
4.497,7.568141228165788,-1.7163595693438678,10.0,0.0,12.704010548877248,12.628863027971644,356.36510876032224,372.73199851174604,0.0
4.498,8.166002841266057,-1.5524648420356164,10.0,0.0,12.850103333717165,12.813798879804594,351.27429781951366,372.73199851174604,0.0
4.499,8.733226349073183,-1.3420790989254514,10.0,0.0,12.978576940787352,12.938434455210464,344.8126332422252,372.73199851174604,0.0
4.5,9.262624001664403,-1.0937458850594166,10.0,0.0,13.081453948596943,13.0108923270758,336.24769992840896,372.73199851174604,0.0
4.501,9.755615039914433,-0.8164067296841218,10.0,0.0,13.153265067859486,13.03745707485397,348.0936661338299,372.73199851174604,0.0
4.502,10.06163417848766,-0.7721298985541232,10.0,0.0,13.218454490103047,13.039814264920027,362.6959997231586,372.73199851174604,0.0
4.503,10.215621163900664,-0.8943560329525928,10.0,0.0,13.291248332223986,13.034576301194132,377.4036632037275,372.73199851174604,0.0
4.5040000000000004,10.255894899162355,-1.1254885157851744,3.5091877878787443,0.0,13.380441305527846,12.320261933694926,384.002977572212,372.73199851174604,0.0
4.505,9.826052394631276,-1.2427482691593887,0.09682081303183576,0.0,13.399870792794237,11.423531468015115,385.4143427109113,372.73199851174604,0.0
4.506,8.997600327024823,-1.2246307432419763,-0.735685198309465,0.0,13.324518759381347,10.647796308522247,384.7264936319361,372.73199851174604,0.0
4.507,7.985426675459131,-1.1457337687955085,-0.5117056100237622,0.0,13.170630921430524,10.078116857458381,383.3025560895925,372.73199851174604,0.0
4.508,6.978118877662958,-1.0780117266636347,0.0945575853695706,0.0,12.968503467278355,9.715147844558153,381.52344262199506,372.73199851174604,0.0
4.509,6.098349090219174,-1.0648155560212742,0.8961998780657936,0.0,12.749517498902035,9.537082606416236,380.167089464175,372.73199851174604,0.0
4.51,5.412036092960717,-1.1217277497708467,1.5000255474515454,0.0,12.541015906568038,9.48002642778034,379.2990180377948,372.73199851174604,0.0
4.511,4.922373663595222,-1.2383907775178968,1.8683910653811564,0.0,12.359922666718525,9.489307395310654,378.6652251924722,372.73199851174604,0.0
4.5120000000000005,4.597628273669493,-1.390791063104767,2.1259552212351958,0.0,12.213464248744085,9.535024712665809,377.99821144005057,372.73199851174604,0.0
4.513,4.399253901259504,-1.5524917717791098,2.4067999681629555,0.0,12.102486479400913,9.608415464157359,377.17052069718244,372.73199851174604,0.0
4.514,4.297129788334631,-1.7028306388220416,2.7762601177426562,0.0,12.024865830429192,9.710451441247562,376.0781936885252,372.73199851174604,0.0
4.515,4.272926458710704,-1.8288518248177907,3.2889616703034967,0.0,11.977569785852761,9.848865450146853,374.7757795355504,372.73199851174604,0.0
4.516,4.321145975846319,-1.9237119611085307,3.919730936552848,0.0,11.95801914975593,10.027419877279234,373.21168786996816,372.73199851174604,0.0
4.517,4.440831402309606,-1.987151771575637,4.696979875761739,0.0,11.964308797770496,10.252670286999573,370.90481797475707,372.73199851174604,0.0
4.518,4.636062060759905,-2.0230747705170606,5.868686628737176,0.0,11.995811653734528,10.556861355819647,369.2337168357233,372.73199851174604,0.0
4.519,4.931667707462875,-2.037701997597622,6.739220015014273,0.0,12.055833095973604,10.887260893762011,367.84534607099965,372.73199851174604,0.0
4.5200000000000005,5.310473751167611,-2.0321597540225795,7.482271921783575,0.0,12.142136428718953,11.224940389675414,366.30943220720786,372.73199851174604,0.0
4.521,5.755298022024464,-1.999541997896399,8.314454516724851,0.0,12.250044847042977,11.576449226290652,364.5762156518433,372.73199851174604,0.0
4.522,6.259908834027398,-1.9394097303596207,9.262620623006153,0.0,12.376024935328335,11.948515520206545,362.736035011464,372.73199851174604,0.0
4.523,6.824895434145373,-1.8560205104636551,10.0,0.0,12.518042152663565,12.310500846072944,360.59684631742255,372.73199851174604,0.0
4.524,7.435196841284591,-1.7469297691210377,10.0,0.0,12.67089009150318,12.581632278532153,357.3275533013377,372.73199851174604,0.0
4.525,8.038710975915762,-1.5937778596785306,10.0,0.0,12.819810577079505,12.780651820891373,352.5500450312345,372.73199851174604,0.0
4.526,8.613671665156353,-1.3933953554347966,10.0,0.0,12.953230411961734,12.917450923102145,346.5946279597613,372.73199851174604,0.0
4.527,9.152086572905775,-1.1513176630366924,10.0,0.0,13.062363452455461,13.000436065620026,338.29028082785766,372.73199851174604,0.0
4.5280000000000005,9.651661439046029,-0.8806530936185831,10.0,0.0,13.141529377439593,13.036466911737561,352.22282181451703,372.73199851174604,0.0
4.529,10.012977240903705,-0.7622792644395798,10.0,0.0,13.20606731902156,13.04206227619882,359.865550630101,372.73199851174604,0.0
4.53,10.186509350250683,-0.8696628566810237,10.0,0.0,13.277706936329803,13.038076524362555,372.85996508691767,372.73199851174604,0.0
4.531,10.25427843872704,-1.0721476202403415,5.80956055565294,0.0,13.362983504792703,12.574985691923636,383.02817796320767,372.73199851174604,0.0
4.532,9.980313995214729,-1.236727716639056,0.6224923229933239,0.0,13.40950229613369,11.66887226809693,386.0321463280938,372.73199851174604,0.0
4.533,9.242487906950934,-1.253911198342697,-1.012493337613222,0.0,13.361002247981322,10.80846555072076,385.51289023611395,372.73199851174604,0.0
4.534,8.239071030409773,-1.1770817653216588,-0.8806742088669726,0.0,13.222688460457219,10.163097056572015,383.81532357675866,372.73199851174604,0.0
4.535,7.193485814076592,-1.0906258716839181,-0.14272412983945504,0.0,13.024927348300709,9.753270555522539,381.8589691371607,372.73199851174604,0.0
4.5360000000000005,6.261293115930168,-1.0545926808400063,0.744183383705364,0.0,12.802860605198452,9.546916263694792,380.36675640165475,372.73199851174604,0.0
4.537,5.523892605146114,-1.0937796302476968,1.4139421725592625,0.0,12.587036003566936,9.475587247582851,379.3702383372493,372.73199851174604,0.0
4.538,4.993824264731376,-1.1988165747044024,1.845818806506955,0.0,12.396823154883531,9.481551027102439,378.74610100630116,372.73199851174604,0.0
4.539,4.641536791671526,-1.3481761359006665,2.097746447035476,0.0,12.241607151307454,9.52474135655283,378.1435301956171,372.73199851174604,0.0
4.54,4.424475682533998,-1.5129690523680457,2.3449165355388084,0.0,12.122865406233473,9.59311433330518,377.36663403353225,372.73199851174604,0.0
4.541,4.307920071471896,-1.6695674897270247,2.6870182613633586,0.0,12.038413032286936,9.688585832956026,376.4850487511589,372.73199851174604,0.0
4.542,4.270405397217903,-1.8039962411305994,3.0902804001559048,0.0,11.985174223980938,9.80996382131338,375.121973518787,372.73199851174604,0.0
4.543,4.300889243978162,-1.90408292639631,3.7479182662714443,0.0,11.959062343206469,9.978459304003016,373.46478462547356,372.73199851174604,0.0
4.5440000000000005,4.40307106596259,-1.9728896244570784,4.569184851790892,0.0,11.958979068712441,10.200321834141546,371.5116172241491,372.73199851174604,0.0
4.545,4.583695888392979,-2.016563962989868,5.557972365329079,0.0,11.985206484939665,10.481696832203323,369.5261806466874,372.73199851174604,0.0
4.546,4.856402076759304,-2.034148887475055,6.582748832710522,0.0,12.03844625765839,10.812203175862228,368.09221231582035,372.73199851174604,0.0
4.547,5.219164031106192,-2.0339859657919317,7.346130860103309,0.0,12.119218916841131,11.151530367672011,366.62230728799074,372.73199851174604,0.0
4.548,5.652573351917164,-2.0087088224472707,8.142180286255668,0.0,12.223068172735502,11.500886317076187,364.9532058154474,372.73199851174604,0.0
4.549,6.14640703259171,-1.9555182173179424,9.054518949490319,0.0,12.345869902850072,11.868100744157582,363.1448959439442,372.73199851174604,0.0
4.55,6.6993342372598494,-1.8774329974148132,10.0,0.0,12.485055434523273,12.249869774759265,361.22631242237344,372.73199851174604,0.0
4.551,7.309660698388175,-1.7781867056942149,10.0,0.0,12.638363076199088,12.536319006285563,358.26858800731054,372.73199851174604,0.0
4.5520000000000005,7.9182556032772125,-1.6356474979253424,10.0,0.0,12.790298026922578,12.748611903900303,353.8143747755769,372.73199851174604,0.0
4.553,8.500122369850752,-1.444906338101589,10.0,0.0,12.92871263683227,12.896949611551719,348.11484532053316,372.73199851174604,0.0
4.554,9.046156819116696,-1.2094735275347799,10.0,0.0,13.044129358952027,12.990049887675447,340.2450564424327,372.73199851174604,0.0
4.555,9.552165036948388,-0.9439384979600045,10.0,0.0,13.130459911324625,13.035181248929948,351.4966248727785,372.73199851174604,0.0
4.556,9.985331218069518,-0.7190312601082374,10.0,0.0,13.19058609871746,13.041844331551257,360.65383810417336,372.73199851174604,0.0
4.557,10.161901041938492,-0.8350302080293792,10.0,0.0,13.260374932282991,13.038762705835337,370.64270525677455,372.73199851174604,0.0
4.558,10.24552572611676,-1.0276095175430817,6.924945335016764,0.0,13.34290045448767,12.697279095878487,380.70016725126817,372.73199851174604,0.0
4.559,10.05753964277924,-1.2059708761962082,1.8165326503747314,0.0,13.400719019832902,11.888536266485909,385.41402660063375,372.73199851174604,0.0
4.5600000000000005,9.428098310482335,-1.2592547304806,-0.6672173051969343,0.0,13.375959056089105,11.011679894019931,385.88111717196966,372.73199851174604,0.0
4.561,8.482187132928944,-1.2049983339194186,-1.0322537774671288,0.0,13.259488409308519,10.302472466240072,384.4578515058661,372.73199851174604,0.0
4.562,7.435573484073454,-1.1172632174290196,-0.4378794743565342,0.0,13.07463578557967,9.82723864422358,382.450424683423,372.73199851174604,0.0
4.563,6.463680251242862,-1.064644471383522,0.46864967514822187,0.0,12.855834331121963,9.571259524573081,380.7043165027556,372.73199851174604,0.0
4.564,5.671266399191065,-1.0823627758256755,1.2619805855718358,0.0,12.635790311094063,9.4746458714908,379.53787433905916,372.73199851174604,0.0
4.565,5.090639447997736,-1.1706547426039335,1.777142909146928,0.0,12.437624261061913,9.470368554313731,378.84744437932267,372.73199851174604,0.0
4.566,4.69995777941777,-1.3110622934338692,2.0612034303394067,0.0,12.273408995238777,9.509966111978438,378.2628861864793,372.73199851174604,0.0
4.567,4.4563970947989535,-1.4744279539880965,2.298173650013754,0.0,12.146141158917098,9.57529336486888,377.53666573410214,372.73199851174604,0.0
4.5680000000000005,4.321407123559481,-1.6347823465682987,2.613237203978775,0.0,12.054138158094908,9.666061687567677,376.7853508227601,372.73199851174604,0.0
4.569,4.269353714277948,-1.7761164767440818,2.948361136539652,0.0,11.994355500018349,9.776641850264994,375.41338764545293,372.73199851174604,0.0
4.57,4.284247559583417,-1.8831328134983738,3.607528833856173,0.0,11.961967579760394,9.937184081187715,373.76498742232593,372.73199851174604,0.0
4.571,4.371618726192465,-1.9588151264635925,4.421399056313873,0.0,11.956127565679138,10.151905454615614,372.0959246724616,372.73199851174604,0.0
4.572,4.538025383744241,-2.0091055140090184,5.262291169638886,0.0,11.977118809849143,10.411499098869161,369.84542933154336,372.73199851174604,0.0
4.573,4.787875784678264,-2.030445377715856,6.416404531900031,0.0,12.023814775159797,10.739956574302605,368.38309266954514,372.73199851174604,0.0
4.574,5.1336759421067315,-2.035334385225041,7.19106192132115,0.0,12.099011283671672,11.078369564629693,366.95729664620177,372.73199851174604,0.0
4.575,5.553806516919548,-2.016499456927534,7.961706951648277,0.0,12.198408708177254,11.424728924561906,365.32960143367706,372.73199851174604,0.0
4.5760000000000005,6.035334675426859,-1.9695227993333537,8.849578528691325,0.0,12.31752324317311,11.787584722435247,363.54266792396277,372.73199851174604,0.0
4.577,6.57561914467637,-1.8965372723185463,9.8349385894263,0.0,12.45345326306103,12.170961274898874,361.68377543614065,372.73199851174604,0.0
4.578,7.176058016488479,-1.8026451528033007,10.0,0.0,12.60452965832999,12.47725089745386,358.9718600134928,372.73199851174604,0.0
4.579,7.786179699044789,-1.669384691695916,10.0,0.0,12.757407646800896,12.705259586811431,354.85059735597935,372.73199851174604,0.0
4.58,8.374299460772079,-1.4886695529280263,10.0,0.0,12.899252644707072,12.867163249115896,349.3398588266904,372.73199851174604,0.0
4.581,8.928262691203022,-1.26225460246336,10.0,0.0,13.020005015889645,12.972006287250402,341.9738150170029,372.73199851174604,0.0
4.582,9.442782761679513,-1.00286023068821,10.0,0.0,13.112897222376787,13.027382683241612,338.39459419230707,372.73199851174604,0.0
4.583,9.919036155320768,-0.7232019140364665,10.0,0.0,13.173869376700399,13.039267987686637,357.53834910795683,372.73199851174604,0.0
4.5840000000000005,10.139585228913369,-0.7851529571887506,10.0,0.0,13.239544043949422,13.036564112960754,369.82860825424876,372.73199851174604,0.0
4.585,10.236072679537115,-0.9734712969409145,7.3208648970068,0.0,13.318476363942167,12.737585102270414,378.72428342607896,372.73199851174604,0.0
4.586,10.086311008497272,-1.1556480852534197,2.8131044619483747,0.0,13.377773814183458,12.024773586142517,383.807271775696,372.73199851174604,0.0
4.587,9.539129720462473,-1.2324113709404019,0.160857554500355,0.0,13.366482561330272,11.20119573615626,385.3271508680168,372.73199851174604,0.0
4.588,8.67527561457841,-1.2088356196169991,-0.7250335152227629,0.0,13.270601683261338,10.477473136055158,384.63845124771586,372.73199851174604,0.0
4.589,7.670894082974904,-1.1396316080114528,-0.4997482324319851,0.0,13.104559949225811,9.95201842737903,382.99301300038417,372.73199851174604,0.0
4.59,6.6955873553971195,-1.0870161609853626,0.22036074634748193,0.0,12.897481258669409,9.636704075722315,381.17848734591024,372.73199851174604,0.0
4.591,5.865346608163577,-1.0907587844073534,1.043158685242803,0.0,12.680516845049654,9.497093388586238,379.8763036154823,372.73199851174604,0.0
4.5920000000000005,5.233725676512959,-1.1624483978184388,1.6228074994194115,0.0,12.47913623531927,9.466456613981496,379.04281440320165,372.73199851174604,0.0
4.593,4.794422342582452,-1.2886710744962595,1.9764439466451815,0.0,12.307997607401898,9.493856134333111,378.39999417360764,372.73199851174604,0.0
4.594,4.512186315928376,-1.444240784068242,2.2411741048235694,0.0,12.172563235597561,9.553638722377833,377.69297993783624,372.73199851174604,0.0
4.595,4.348999732939277,-1.603237681572132,2.545071408448365,0.0,12.072584521407839,9.639809180116854,376.8294651746965,372.73199851174604,0.0
4.596,4.2763628198021335,-1.7473650005473433,2.9358541233887276,0.0,12.005484760523228,9.753670040885385,375.6906989312065,372.73199851174604,0.0
4.597,4.278471373891592,-1.8637277153772898,3.475650240939128,0.0,11.967839687245473,9.903946275188531,374.2132584852141,372.73199851174604,0.0
4.598,4.351200047450134,-1.9476047010741193,4.19955786420064,0.0,11.95704958600416,10.101683187566309,372.6206848907845,372.73199851174604,0.0
4.599,4.498435985155956,-2.0020999426824413,4.99695779762506,0.0,11.972267892844702,10.343573648614187,370.1854130745263,372.73199851174604,0.0
4.6000000000000005,4.723988542493336,-2.027345872110962,6.240059560126355,0.0,12.01238551492703,10.66822566685218,368.7225536705966,372.73199851174604,0.0
4.601,5.05113969892727,-2.036630714494874,7.0115837105027055,0.0,12.08172544999287,11.00312978275663,367.3317970603453,372.73199851174604,0.0
4.602,5.455491251924216,-2.0232872087149953,7.760964030142357,0.0,12.176061169082944,11.344986914968494,365.7287513461662,372.73199851174604,0.0
4.603,5.922327295997204,-1.9817249895878057,8.632519358887722,0.0,12.29071062043901,11.703160739515717,363.950152916428,372.73199851174604,0.0
4.604,6.448323221974033,-1.9134923057961177,9.609637029709985,0.0,12.42262253608838,12.0825583258301,362.0938751515994,372.73199851174604,0.0
4.605,7.0349290944575555,-1.8235921833642907,10.0,0.0,12.57007633217466,12.411109408388235,359.60933615552455,372.73199851174604,0.0
4.606,7.64544763259796,-1.6997335825604902,10.0,0.0,12.722914412044027,12.656356152125678,355.8293101757107,372.73199851174604,0.0
4.607,8.240010482779823,-1.529838772134136,10.0,0.0,12.867543515161342,12.83306530133771,350.5741761463883,372.73199851174604,0.0
4.6080000000000005,8.802612304137044,-1.313720888968691,10.0,0.0,12.993306603844193,12.950625874092797,343.7762691774152,372.73199851174604,0.0
4.609,9.326701896496113,-1.0615359051647513,10.0,0.0,13.09267027154749,13.016982861494736,335.1500579372106,372.73199851174604,0.0
4.61,9.815518280553574,-0.7804641503414181,10.0,0.0,13.160337228028121,13.038111610604078,349.25254110254946,372.73199851174604,0.0
4.611,10.095229190432777,-0.7676370926550475,10.0,0.0,13.224750104974357,13.038014144204412,365.9970623184851,372.73199851174604,0.0
4.612,10.226711191171349,-0.9163164544722868,9.254891270407235,0.0,13.299194947962764,12.950739840901687,378.6948256420377,372.73199851174604,0.0
4.613,10.207790065730114,-1.1424060238292888,2.8463813373280296,0.0,13.380850935333152,12.185548590691202,383.7870990599479,372.73199851174604,0.0
4.614,9.715774981756232,-1.2363858056983494,0.18969362289092295,0.0,13.385899079257483,11.330823962964232,385.1182561541361,372.73199851174604,0.0
4.615,8.871139773634704,-1.2135359256220564,-0.5997475006270765,0.0,13.3015166613896,10.589794688013415,384.56470869222994,372.73199851174604,0.0
4.616,7.868247695012114,-1.1410804082539174,-0.4413008714788491,0.0,13.143727949703692,10.041625415779647,383.1850866129842,372.73199851174604,0.0
4.617,6.879634190278528,-1.0824694630677643,0.14397928713163743,0.0,12.941178533166203,9.694009115490804,381.43748967597793,372.73199851174604,0.0
4.618,6.021080642189756,-1.077479733390595,0.9307228439924575,0.0,12.72415966744095,9.526143248488108,380.1101914157625,372.73199851174604,0.0
4.619,5.354494741544462,-1.1398946260115213,1.5205900450600218,0.0,12.51897163707303,9.47511895175208,379.23766102708237,372.73199851174604,0.0
4.62,4.880872723173619,-1.2590704267611017,1.89179861424671,0.0,12.34168516922454,9.48904511526706,378.58074273086385,372.73199851174604,0.0
4.621,4.568900704749922,-1.4114323322266145,2.161770320164792,0.0,12.199088016106106,9.53941551944771,377.8874018439216,372.73199851174604,0.0
4.622,4.381215844698632,-1.5713147864370214,2.4568867303141486,0.0,12.091851069626074,9.61777787037711,377.03441934658395,372.73199851174604,0.0
4.623,4.288581586553134,-1.7189995515586733,2.840353770634608,0.0,12.017820552508262,9.72512342169481,375.9041670657557,372.73199851174604,0.0
4.624,4.27380806634506,-1.8413455184518135,3.3737582255086345,0.0,11.97390885094103,9.869869930443336,374.5585081767371,372.73199851174604,0.0
4.625,4.331646372725991,-1.9331226134120367,4.028322573368013,0.0,11.957734991182067,10.055908702972092,373.0384234288406,372.73199851174604,0.0
4.626,4.4621081955524495,-1.9938798582290014,4.785300698145334,0.0,11.96754792063214,10.284675745071887,370.6165395996643,372.73199851174604,0.0
4.627,4.667437194551686,-2.0255532724774006,6.017397201854299,0.0,12.00213276446634,10.59822663840527,369.07606070619437,372.73199851174604,0.0
4.628,4.9748474008660555,-2.038513841841664,6.824196026644778,0.0,12.06572314173804,10.928545999774009,367.693139692295,372.73199851174604,0.0
4.6290000000000004,5.3621394207519755,-2.0298660836288205,7.566045121788969,0.0,12.15490555832239,11.266199854826693,366.11768316535654,372.73199851174604,0.0
4.63,5.813591160255315,-1.9933749075408942,8.419916538722099,0.0,12.265007566966029,11.619727159797236,364.35421429437355,372.73199851174604,0.0
4.631,6.324867514738354,-1.9297903918671286,9.385428816387318,0.0,12.392822720279124,11.994853689910837,362.5027543823423,372.73199851174604,0.0
4.632,6.897217558834715,-1.843845013134258,10.0,0.0,12.536550864768396,12.34535104845936,360.2405785583351,372.73199851174604,0.0
4.633,7.507659501951805,-1.7294590116609903,10.0,0.0,12.689232924288852,12.60760066046391,356.792671413959,372.73199851174604,0.0
4.634,8.108249714244193,-1.570440530321073,10.0,0.0,12.83652356612507,12.79893301329906,351.8388136486127,372.73199851174604,0.0
4.635,8.679147445389424,-1.3646260901014156,10.0,0.0,12.967168975450415,12.929068346731263,345.6292325576175,372.73199851174604,0.0
4.636,9.212773711576231,-1.1191930990014787,10.0,0.0,13.072823892567646,13.006264775783691,337.14902593997067,372.73199851174604,0.0
4.6370000000000005,9.708861037765171,-0.8449532925684524,10.0,0.0,13.147920912081767,13.03707371042368,348.8242031725991,372.73199851174604,0.0
4.638,10.036341281653796,-0.7737572761508722,10.0,0.0,13.213499959366866,13.04124949998522,360.5183425641197,372.73199851174604,0.0
4.639,10.204174273455198,-0.8813372079794006,10.0,0.0,13.28548443354493,13.036378788659853,375.32252996080626,372.73199851174604,0.0
4.64,10.258682884554817,-1.0961098612452602,4.562429834828854,0.0,13.37233258171361,12.436743260413062,383.9328582567899,372.73199851174604,0.0
4.641,9.897407961088504,-1.239356766118703,0.14525708938658344,0.0,13.40414179524416,11.514528127153163,385.67898815354255,372.73199851174604,0.0
4.642,9.098119603203799,-1.233458508976698,-0.8572777554076918,0.0,13.33846729676131,10.705917293232016,384.9008119613922,372.73199851174604,0.0
4.643,8.085888782239715,-1.154046440491316,-0.5898777938289834,0.0,13.189822819772658,10.114391943803504,383.39683474951573,372.73199851174604,0.0
4.644,7.06612596053589,-1.079712191382078,0.05546244973155634,0.0,12.989507608822858,9.737519710972627,381.6287125513045,372.73199851174604,0.0
4.6450000000000005,6.169804752905014,-1.0596606721253696,0.8505564084415944,0.0,12.770074371057806,9.547707817974716,380.23801367691135,372.73199851174604,0.0
4.646,5.465688225603536,-1.110863123302154,1.4708456939865098,0.0,12.559436052591481,9.483704278249785,379.356827237389,372.73199851174604,0.0
4.647,4.960499547461822,-1.2239601975177559,1.845190626491263,0.0,12.375389865651243,9.488541899693367,378.72939367005876,372.73199851174604,0.0
4.648,4.623277000313199,-1.3750904218548765,2.0989334585732493,0.0,12.22572541348431,9.530701995907462,378.0787694001148,372.73199851174604,0.0
4.649,4.414928919268851,-1.5374186712552087,2.3707778846615284,0.0,12.11158822134615,9.600591159275742,377.26961327484105,372.73199851174604,0.0
4.65,4.304368513250848,-1.6897957247625004,2.729979799667465,0.0,12.030991858150436,9.698949617334684,376.2931815020618,372.73199851174604,0.0
4.651,4.272440735232937,-1.818801529528678,3.1825838561539186,0.0,11.980957845069389,9.828013471853405,375.13605613818766,372.73199851174604,0.0
4.652,4.3105234217271775,-1.9151662209082394,3.737105961826588,0.0,11.958143676752412,9.991130557376724,373.21829014146334,372.73199851174604,0.0
4.6530000000000005,4.415684744030982,-1.9767684267115802,4.691126043891572,0.0,11.95973522954403,10.223864586897964,371.0605872082587,372.73199851174604,0.0
4.654,4.604875278445672,-2.0163805891757374,5.786691623528761,0.0,11.988182345821638,10.524697036123102,369.3159137626923,372.73199851174604,0.0
4.655,4.894279509854515,-2.0346477042702173,6.693189193802516,0.0,12.045481256429754,10.857107468876409,367.955465334437,372.73199851174604,0.0
4.656,5.269512057450239,-2.0337298673097175,7.42117873970324,0.0,12.130007686035784,11.194639085840093,366.46602599370937,372.73199851174604,0.0
4.657,5.710996025038321,-2.0055622177042394,8.228558135247427,0.0,12.236745371290583,11.543591111160133,364.7601848132065,372.73199851174604,0.0
4.658,6.210952635262307,-1.9487550396898803,9.161196862484267,0.0,12.361737377466385,11.9122577810655,362.92712104756504,372.73199851174604,0.0
4.659,6.769867930831763,-1.8674405177043774,10.0,0.0,12.502720324376877,12.283017826041878,360.88565861014666,372.73199851174604,0.0
4.66,7.379594638020314,-1.762435634774873,10.0,0.0,12.65594358919157,12.560931345001457,357.7585285658728,372.73199851174604,0.0
4.6610000000000005,7.984868193678981,-1.6137362032772984,10.0,0.0,12.806328990785312,12.765893014495983,353.1271285303783,372.73199851174604,0.0
4.662,8.562505649378883,-1.4174329892707034,10.0,0.0,12.942065659943381,12.907909672630028,347.31398830573187,372.73199851174604,0.0
4.663,9.104132074194306,-1.1779853729083554,10.0,0.0,13.054054122339256,12.995495799693778,339.196748873235,372.73199851174604,0.0
4.664,9.606273486627298,-0.9096826164266285,10.0,0.0,13.136483524152553,13.035702869171267,353.5563453082228,372.73199851174604,0.0
4.665,9.999475561236364,-0.7440039163241812,10.0,0.0,13.199149063285821,13.04190135779967,360.04955045603316,372.73199851174604,0.0
4.666,10.173671817524632,-0.8566308005149335,10.0,0.0,13.270213641630608,13.038516984032942,371.5022490625468,372.73199851174604,0.0
4.667,10.250650895068272,-1.0513795361199714,6.494841635060263,0.0,13.354129416838886,12.650284349367071,382.13723044003086,372.73199851174604,0.0
4.668,10.026475032386852,-1.226956757066544,1.0832986270353882,0.0,13.408196358007828,11.774477544125675,385.9291348498935,372.73199851174604,0.0
4.6690000000000005,9.336563295707105,-1.2606065902158097,-0.9446249412774055,0.0,13.371221633972684,10.896350483499106,385.77153274557463,372.73199851174604,0.0
4.67,8.352810736153632,-1.1909697695438801,-0.9962192314562568,0.0,13.242135127672993,10.218256184479221,384.1208701237162,372.73199851174604,0.0
4.671,7.3004559401959614,-1.1010602504877958,-0.28477663664674324,0.0,13.048954163211835,9.779758795022001,382.0921564143625,372.73199851174604,0.0
4.672,6.346906542317228,-1.055895547602888,0.6359786390039543,0.0,12.827172534124289,9.55432858824495,380.4826420211708,372.73199851174604,0.0
4.673,5.584417667904328,-1.0854339782246067,1.3632294005055359,0.0,12.608726921665037,9.47439155245215,379.42364367224525,372.73199851174604,0.0
4.674,5.033091560899054,-1.1838089152994702,1.8258121233633284,0.0,12.414658025644442,9.477236233918498,378.78625070867093,372.73199851174604,0.0
4.675,4.6654206528942,-1.3302345294180362,2.0839660831812363,0.0,12.255403555554834,9.519091204798022,378.2016666379339,372.73199851174604,0.0
4.676,4.4378716518448815,-1.4952422101153886,2.321561437287876,0.0,12.132946618297666,9.585742861969562,377.44913706673464,372.73199851174604,0.0
4.6770000000000005,4.313776739965736,-1.6540152414673384,2.650654837337621,0.0,12.045215497125113,9.67868293045885,376.64546605701616,372.73199851174604,0.0
4.678,4.269925070473047,-1.791838100778336,3.0133556667441557,0.0,11.989124279129427,9.79374477174158,375.38331688509214,372.73199851174604,0.0
4.679,4.292620854787761,-1.8950155799772346,3.617917068972706,0.0,11.960119661180354,9.951631000077995,373.5478966419313,372.73199851174604,0.0
4.68,4.384244811952994,-1.9644874632019727,4.527468209251281,0.0,11.956414260222562,10.174981477749192,371.7267414172285,372.73199851174604,0.0
4.681,4.558491025553151,-2.0110936463048428,5.44809839254786,0.0,11.97984640843674,10.449549332392966,369.6383611224382,372.73199851174604,0.0
4.682,4.8225693813869785,-2.0313363091714463,6.52322491383608,0.0,12.030152758378176,10.780755074896799,368.2128660535067,372.73199851174604,0.0
4.683,5.179608278501119,-2.03465802896726,7.281163772884236,0.0,12.108712010124716,11.119859392302587,366.7755102054924,372.73199851174604,0.0
4.684,5.608336264228003,-2.0131221897944025,8.059406579953897,0.0,12.210923608930218,11.467346833870819,365.12910803135765,372.73199851174604,0.0
4.6850000000000005,6.097120543212519,-1.9630855406477365,8.95863657182517,0.0,12.332374118997585,11.831960571366889,363.32960099350584,372.73199851174604,0.0
4.686,6.644250044102249,-1.887289757964353,9.952414065933478,0.0,12.470303782204114,12.217284808245271,361.4635771717981,372.73199851174604,0.0
4.687,7.251477786046092,-1.7910926451887266,10.0,0.0,12.623149178199345,12.51184250895777,358.6276345677436,372.73199851174604,0.0
4.688,7.861070228065253,-1.6528311573238237,10.0,0.0,12.775919012128922,12.730770228655212,354.3239984680596,372.73199851174604,0.0
4.689,8.445614806561121,-1.466429090046061,10.0,0.0,12.916183022113382,12.884878180561515,348.7044931618057,372.73199851174604,0.0
4.69,8.994909169747709,-1.2346728339039115,10.0,0.0,13.034202258787165,12.983024804110064,341.0561481165417,372.73199851174604,0.0
4.691,9.504334578452307,-0.9715457031793685,10.0,0.0,13.123607812330148,13.032614837645498,344.61164544247106,372.73199851174604,0.0
4.692,9.96666882374753,-0.7046068835024911,10.0,0.0,13.182299815015162,13.04042391028626,360.450197437965,372.73199851174604,0.0
4.6930000000000005,10.154535131853727,-0.8087987335460128,10.0,0.0,13.250034016397306,13.037279324492713,370.6596528793694,372.73199851174604,0.0
4.694,10.241132746043043,-1.003893460122245,6.907837837299771,0.0,13.331098840484835,12.69343770503995,379.5471206376137,372.73199851174604,0.0
4.695,10.059022211756195,-1.178066615661837,2.3959527369189306,0.0,13.386881120061924,11.947599125439769,384.47728341683637,372.73199851174604,0.0
4.696,9.470538477228011,-1.242910622804506,-0.18658150174330057,0.0,13.367892422951584,11.105874821963516,385.5785054916826,372.73199851174604,0.0
4.697,8.570118030183982,-1.2065032061894767,-0.8656576089657904,0.0,13.261976909305575,10.390712461545561,384.5708039072783,372.73199851174604,0.0
4.698,7.548179617708155,-1.1300859636117824,-0.4801948707189414,0.0,13.087094888464978,9.889075468986078,382.7494196287811,372.73199851174604,0.0
4.699,6.576157585442111,-1.078252612536575,0.3303230573593039,0.0,12.874599874259998,9.602119357729133,380.96103707176457,372.73199851174604,0.0
4.7,5.7648535100536105,-1.089301350492499,1.1422239502673772,0.0,12.65639244503572,9.48333650308656,379.697817627311,372.73199851174604,0.0
4.7010000000000005,5.158580283189955,-1.168630753450182,1.7041754813385124,0.0,12.456743220215394,9.46688386467568,378.9301786968684,372.73199851174604,0.0
4.702,4.7439723532045,-1.3015947183928218,2.026013144708597,0.0,12.289246396150133,9.501438335313615,378.31841179558126,372.73199851174604,0.0
4.703,4.481855412410939,-1.4609241354846842,2.2760324625138075,0.0,12.158151297785874,9.564758208993545,377.60296155165565,372.73199851174604,0.0
4.704,4.333662789369494,-1.6205070553455754,2.5850479540775124,0.0,12.062458523639801,9.653808115489632,376.73227593433955,372.73199851174604,0.0
4.705,4.272318191899849,-1.7629074584003135,2.9803879885096265,0.0,11.999308232695363,9.770046982284644,375.5095294827294,372.73199851174604,0.0
4.706,4.283504986735391,-1.8753895264237963,3.56398590460486,0.0,11.96504588097691,9.92674531032526,374.0229197551672,372.73199851174604,0.0
4.707,4.365802034125919,-1.9559471528099561,4.294381555951754,0.0,11.9576161154566,10.129914305612571,372.42306340009964,372.73199851174604,0.0
4.708,4.522431080747456,-2.00762039676498,5.097399084602005,0.0,11.976124706588246,10.376645171802716,370.0085491191878,372.73199851174604,0.0
4.7090000000000005,4.7578902635510225,-2.029084380738591,6.331890718983495,0.0,12.019299831023286,10.70398349534029,368.52109508868097,372.73199851174604,0.0
4.71,5.093468975840095,-2.034970919629739,7.117726768467573,0.0,12.091324154806873,11.042443481543291,367.112671423844,372.73199851174604,0.0
4.711,5.506225211590191,-2.0184990975645936,7.878131871765073,0.0,12.188121279016318,11.387998703562607,365.50533901927474,372.73199851174604,0.0
4.712,5.981652944097338,-1.9743083099520684,8.754064668974417,0.0,12.30509794459003,11.749257184242712,363.7296914048075,372.73199851174604,0.0
4.713,6.516131540648582,-1.9038831902356566,9.731911547277418,0.0,12.439197936381706,12.130852943757844,361.8752068425818,372.73199851174604,0.0
4.714,7.11075898338018,-1.8120911010894045,10.0,0.0,12.588654626336796,12.447346154782124,359.2687908045577,372.73199851174604,0.0
4.715,7.721426158878528,-1.6832966191050192,10.0,0.0,12.741565496271987,12.683227714294752,355.3043956426348,372.73199851174604,0.0
4.716,8.312726939585401,-1.50762032379567,10.0,0.0,12.884736987500736,12.851875790726865,349.90289267078936,372.73199851174604,0.0
4.7170000000000005,8.87077945983001,-1.285949800291005,10.0,0.0,13.007829142617409,12.962503439218807,342.7891774367919,372.73199851174604,0.0
4.718,9.389735515184395,-1.0298750526620402,10.0,0.0,13.103723330067464,13.02287289748668,334.6619926596355,372.73199851174604,0.0
4.719,9.874779024358915,-0.7445445133783788,10.0,0.0,13.167239432754382,13.03862960321712,354.3292097305487,372.73199851174604,0.0
4.72,10.124794536001476,-0.768070696482102,10.0,0.0,13.231420781279905,13.036510977454274,368.96353433578906,372.73199851174604,0.0
4.721,10.231887411902965,-0.946950584315855,7.752852610475739,0.0,13.30841365820726,12.784556075039855,378.18681587505364,372.73199851174604,0.0
4.722,10.11422255224707,-1.138384536560718,3.0866636672103756,0.0,13.371780693069043,12.088700704016832,383.306284616526,372.73199851174604,0.0
4.723,9.598937025683401,-1.224082794269576,0.4211864354263959,0.0,13.366737956167869,11.277731726844152,385.091158263757,372.73199851174604,0.0
4.724,8.762808874762133,-1.2094837983699271,-0.5948419857092109,0.0,13.278639723113493,10.549068261027244,384.65385014018705,372.73199851174604,0.0
4.7250000000000005,7.772609674286773,-1.145719560239734,-0.49540644020864644,0.0,13.119616890547542,10.006120143246086,383.18741106385664,372.73199851174604,0.0
4.726,6.795699943957447,-1.0927085194959554,0.13325897243544915,0.0,12.917007957359552,9.667281472253766,381.37189131278865,372.73199851174604,0.0
4.727,5.950092577195522,-1.0914388931832828,0.9546199199590211,0.0,12.701166501904178,9.50937653818355,380.01399200351057,372.73199851174604,0.0
4.728,5.297635833690345,-1.1564381282529708,1.5607496396804166,0.0,12.498281310708109,9.467452779786885,379.1315997992229,372.73199851174604,0.0
4.729,4.838181356669077,-1.277156912624723,1.9379497289494827,0.0,12.324121336722175,9.48887901576995,378.4704960498393,372.73199851174604,0.0
4.73,4.5394289656032605,-1.4297900406802584,2.211116628260342,0.0,12.185102439975532,9.545291207034648,377.77403706094873,372.73199851174604,0.0
4.731,4.363570455238154,-1.5885727372677758,2.508925737213607,0.0,12.081566417374098,9.628544534719467,376.9181075307624,372.73199851174604,0.0
4.732,4.2812469188600515,-1.734032929508583,2.8950294121165943,0.0,12.011122123981902,9.739909244423396,375.8518659299303,372.73199851174604,0.0
4.7330000000000005,4.275299112961008,-1.8535443248440313,3.396951538350823,0.0,11.970550382463806,9.884274474239561,374.35000532747375,372.73199851174604,0.0
4.734,4.339498580434126,-1.9399577408150224,4.131701771421811,0.0,11.956782699882595,10.078827891816728,372.7866936682131,372.73199851174604,0.0
4.735,4.479098166104796,-1.99737814269334,4.912810649487465,0.0,11.969299237364126,10.316409713885534,370.3570721332788,372.73199851174604,0.0
4.736,4.696387644135078,-2.0260802104928404,6.151370680739294,0.0,12.006905326743544,10.637409675426026,368.8969103653921,372.73199851174604,0.0
4.737,5.015783370545355,-2.037981418590876,6.9198024461461785,0.0,12.073872915551862,10.96925150850783,367.51663910074865,372.73199851174604,0.0
4.738,5.412583768035959,-2.027141286365997,7.662091672577879,0.0,12.166016502161806,11.308119327955833,365.91909688095546,372.73199851174604,0.0
4.739,5.871928632226936,-1.9878073122936077,8.528991798782377,0.0,12.278614176229846,11.663690914652111,364.1400516918517,372.73199851174604,0.0
4.74,6.390598179633759,-1.9214896932014607,9.504433861533212,0.0,12.408607643201297,12.041134534153274,362.2827634580265,372.73199851174604,0.0
4.741,6.970259899912595,-1.833252348045651,10.0,0.0,12.554303193649503,12.380014899248696,359.9019453452562,372.73199851174604,0.0
4.742,7.580595764565375,-1.7136969035729397,10.0,0.0,12.707048500121985,12.633280793585703,356.27852898497736,372.73199851174604,0.0
4.743,8.177915170090042,-1.548820946934096,10.0,0.0,12.85290506459538,12.816892853175084,351.1604038040443,372.73199851174604,0.0
4.744,8.744387909318256,-1.3375032398111286,10.0,0.0,12.980940990363234,12.940390555993005,344.64465447041954,372.73199851174604,0.0
4.745,9.272919913872553,-1.08855940482978,10.0,0.0,13.083252449059376,13.011868287997226,336.0674367919403,372.73199851174604,0.0
4.746,9.765254093241582,-0.8105944925971493,10.0,0.0,13.154393833090548,13.037557952985594,347.8195796979803,372.73199851174604,0.0
4.747,10.06676309473941,-0.7718481497054457,10.0,0.0,13.219507596621678,13.039550141507167,363.13001275116096,372.73199851174604,0.0
4.748,10.21812119077532,-0.8967148620531509,10.0,0.0,13.292432004439018,13.034220186980725,377.75770049433044,372.73199851174604,0.0
4.749,10.25566590124468,-1.1308415979658122,3.3302531952957395,0.0,13.382036249848898,12.300427182979927,384.1001927785082,372.73199851174604,0.0
4.75,9.813696240241043,-1.2442288343750363,0.04532511053924182,0.0,13.399432098963597,11.403321392459116,385.39281709376405,372.73199851174604,0.0
4.751,8.977442636674816,-1.2230768227552766,-0.7275952329088708,0.0,13.321917190472478,10.633062008752376,384.6754784147203,372.73199851174604,0.0
4.752,7.963446789886376,-1.1435646654275264,-0.4883606924167463,0.0,13.166593017269943,10.06929908256688,383.2553456472093,372.73199851174604,0.0
4.753,6.958450603458209,-1.0769172972799868,0.11647221998412327,0.0,12.963888879846161,9.710928928678065,381.4749040074323,372.73199851174604,0.0
4.7540000000000004,6.082809276512652,-1.065607816096445,0.9192639849157587,0.0,12.745040571527158,9.536654725553955,380.1527283389306,372.73199851174604,0.0
4.755,5.401481234040158,-1.1242134238176917,1.5061445208947637,0.0,12.537209385388817,9.480641724621252,379.2986167367098,372.73199851174604,0.0
4.756,4.915609883906471,-1.2418787552733086,1.8675341397555387,0.0,12.356917148153949,9.489963525972861,378.66234670075295,372.73199851174604,0.0
4.757,4.593308196281501,-1.3944666744980798,2.12636567584389,0.0,12.211194332577895,9.535775968384339,377.98648128154775,372.73199851174604,0.0
4.758,4.396540731516458,-1.5557963165175144,2.4117535577484706,0.0,12.100845424230485,9.609660640893594,377.15162746321005,372.73199851174604,0.0
4.759,4.295689296292611,-1.7055695571175593,2.7849841774026833,0.0,12.02378163401455,9.712449427887073,376.04609492031733,372.73199851174604,0.0
4.76,4.272810482819464,-1.8308235920849236,3.304609484763329,0.0,11.97698331295997,9.852187589902545,374.83232381499727,372.73199851174604,0.0
4.761,4.32248961206275,-1.9253753220713565,3.890491784390849,0.0,11.957986790161227,10.02682941114494,373.1453695083738,372.73199851174604,0.0
4.7620000000000005,4.441401485600907,-1.9867312027189201,4.729835227736309,0.0,11.96415773133797,10.255992838958182,370.81541542074484,372.73199851174604,0.0
4.763,4.638442254540097,-2.0219826725730656,5.913978102460796,0.0,11.995892024055834,10.564233934046083,369.18885013747837,372.73199851174604,0.0
4.764,4.937448528612108,-2.037170000204905,6.762692227836709,0.0,12.056595088351669,10.895421191482555,367.8188912373135,372.73199851174604,0.0
4.765,5.319018930594818,-2.0319304769735114,7.496802750663472,0.0,12.143618351129795,11.232842364384771,366.28307285031315,372.73199851174604,0.0
4.766,5.765659727102012,-1.9991226755208507,8.329201200777973,0.0,12.25212494199285,11.584131686962944,364.5447387972619,372.73199851174604,0.0
4.767,6.271505556075989,-1.9385249672916596,9.28024082444843,0.0,12.378572136136736,11.956256477250145,362.70019080194845,372.73199851174604,0.0
4.768,6.837516272138853,-1.8546211243407569,10.0,0.0,12.52096364425264,12.316273900519809,360.53995672041856,372.73199851174604,0.0
4.769,7.44764455254661,-1.7445402733856747,10.0,0.0,12.673847888708373,12.58587713683435,357.24149084701304,372.73199851174604,0.0
4.7700000000000005,8.050485693802594,-1.5903038802612401,10.0,0.0,12.82253883761585,12.783597231228933,352.4349096608417,372.73199851174604,0.0
4.771,8.624611745793574,-1.3889266058426244,10.0,0.0,12.955523564817238,12.919288956768359,346.44388271363675,372.73199851174604,0.0
4.772,9.162116480365544,-1.1462063686804478,10.0,0.0,13.06409353850877,13.001325722190971,338.10552555931923,372.73199851174604,0.0
4.773,9.661011037137147,-0.8749213888944383,10.0,0.0,13.142596045968572,13.03651245454132,352.2109914036739,372.73199851174604,0.0
4.774,10.01589313809965,-0.7656849871275734,10.0,0.0,13.20746382152094,13.041982678864455,359.82627170665677,372.73199851174604,0.0
4.775,10.188687189164606,-0.8728370923075432,10.0,0.0,13.279270937537841,13.037934133702993,373.1313891754428,372.73199851174604,0.0
4.776,10.254907997232122,-1.0763144546350913,5.672608075322691,0.0,13.36480347624114,12.559901694568087,383.2121410111956,372.73199851174604,0.0
4.777,9.970903258546807,-1.2388031128802484,0.5274307324517773,0.0,13.40981849594431,11.647432894084037,386.05257530782717,372.73199851174604,0.0
4.7780000000000005,9.223349484067217,-1.2525682681074395,-1.0259921838248056,0.0,13.3589744141213,10.79067859606289,385.45930042916183,372.73199851174604,0.0
4.779,8.215972377225103,-1.174240845190367,-0.8566277636662925,0.0,13.218785642605326,10.152015579049598,383.75748542564475,372.73199851174604,0.0
4.78,7.17184572122199,-1.0884300957745165,-0.11597513104673851,0.0,13.02009353833304,9.747758293064525,381.8120496699464,372.73199851174604,0.0
4.781,6.243875064661121,-1.054212426925048,0.7659422352204208,0.0,12.797939079810204,9.545297414875584,380.2993107511994,372.73199851174604,0.0
4.782,5.511922396798688,-1.0946208063895848,1.4466385721993893,0.0,12.582541077750346,9.478159688957529,379.37109140279387,372.73199851174604,0.0
4.783,4.987195630456986,-1.202115950924405,1.844357317491685,0.0,12.393389485408857,9.483538451656624,378.7556847128186,372.73199851174604,0.0
4.784,4.638077322044926,-1.3523497589567037,2.09182380046859,0.0,12.239141696009625,9.525864050788103,378.1414779685456,372.73199851174604,0.0
4.785,4.422574106041995,-1.5168842617825182,2.344832378037103,0.0,12.121147702693985,9.594102760445478,377.35267727828716,372.73199851174604,0.0
4.7860000000000005,4.30691557828439,-1.672742173811614,2.6930259355009056,0.0,12.037276004970586,9.690056811244197,376.45282293256435,372.73199851174604,0.0
4.787,4.270277577368551,-1.806259375187552,3.10574486415413,0.0,11.98451519513046,9.81281902859108,375.2386216488874,372.73199851174604,0.0
4.788,4.301986244468136,-1.9058927145426208,3.687779274621202,0.0,11.958931183324335,9.974071205694003,373.38631575211195,372.73199851174604,0.0
4.789,4.401499623980976,-1.9715842417728142,4.607389050605253,0.0,11.958260525010884,10.201347110084171,371.39685217234285,372.73199851174604,0.0
4.79,4.583491259949084,-2.0145003490182773,5.615472303883839,0.0,11.984448379492497,10.488497472143424,369.4596548752531,372.73199851174604,0.0
4.791,4.860346602697647,-2.0330045399741574,6.616794388793652,0.0,12.038338784664562,10.820982008909546,368.05777897892995,372.73199851174604,0.0
4.792,5.226977517574964,-2.0337757333696977,7.36447453228338,0.0,12.11998839235999,11.160277880242017,366.59755802688557,372.73199851174604,0.0
4.793,5.663012628805877,-2.0087877072626097,8.155929413154174,0.0,12.224646231613383,11.509094807585042,364.9267370823821,372.73199851174604,0.0
4.7940000000000005,6.15839507266919,-1.9553290906699732,9.069392499699553,0.0,12.348089412111614,11.875930499117727,363.11335764348115,372.73199851174604,0.0
4.795,6.7122727558186766,-1.8767015232635393,10.0,0.0,12.487757397464518,12.255686413006766,361.174015876273,372.73199851174604,0.0
4.796,7.322318589944892,-1.7763888279608886,10.0,0.0,12.641186054861802,12.540561194116782,358.1883260482368,372.73199851174604,0.0
4.797,7.930112670090445,-1.6326689123069364,10.0,0.0,12.792953260861456,12.751534472380786,353.7047370004997,372.73199851174604,0.0
4.798,8.511021694977279,-1.4408427451710155,10.0,0.0,12.93097739485913,12.898765091482257,347.98926861221105,372.73199851174604,0.0
4.799,9.056114705714569,-1.2045748828534966,10.0,0.0,13.045850974183615,12.990923921141114,340.077439328347,372.73199851174604,0.0
4.8,9.561286584725831,-0.9384913091875142,10.0,0.0,13.131546564061457,13.03523624918267,352.4220193868789,372.73199851174604,0.0
4.801,9.987919106507384,-0.7229938386187795,10.0,0.0,13.192059941729763,13.041809044801994,360.5572093081939,372.73199851174604,0.0
4.8020000000000005,10.16303495383383,-0.8400568131991002,10.0,0.0,13.262211163102705,13.038779480638125,370.53824890210444,372.73199851174604,0.0
4.803,10.246232940125283,-1.031857743905284,6.979669373559875,0.0,13.34497177855384,12.703431006100725,380.9566719020318,372.73199851174604,0.0
4.804,10.05999758182459,-1.212762754571548,1.6882111396933306,0.0,13.403903026872346,11.879354210377251,385.64064303015476,372.73199851174604,0.0
4.805,9.422785195180598,-1.2639194926074173,-0.7828608695522306,0.0,13.378351661863935,10.992905889327465,385.9647905721511,372.73199851174604,0.0
4.806,8.466567451458829,-1.2055063508189678,-1.0772625611544573,0.0,13.259773588274296,10.283685625840977,384.4405069228304,372.73199851174604,0.0
4.807,7.413556310115,-1.1147627213518971,-0.4322058206049544,0.0,13.072733627871486,9.813698887831247,382.39650854953686,372.73199851174604,0.0
4.808,6.440877391426217,-1.0612286486143532,0.4931482656639181,0.0,12.852417678001517,9.563809779308617,380.64978215636563,372.73199851174604,0.0
4.809,5.651503264711158,-1.0801284138739697,1.2873336258033374,0.0,12.631758727172222,9.472089200155668,379.49611644508354,372.73199851174604,0.0
4.8100000000000005,5.0758721848394135,-1.1702074893249965,1.7965253021110055,0.0,12.433713314157577,9.470969692146278,378.8230112809158,372.73199851174604,0.0
4.811,4.690335250890965,-1.3123237685301081,2.072167756503176,0.0,12.270092491601513,9.512039098792036,378.2486217733909,372.73199851174604,0.0
4.812,4.451003794132286,-1.476789930894863,2.3041962776491918,0.0,12.1436108070337,9.57787728620372,377.52418997404044,372.73199851174604,0.0
4.813,4.3190638388401394,-1.6375340974017338,2.618490262701468,0.0,12.052398306355943,9.668855620076293,376.7666393428833,372.73199851174604,0.0
4.814,4.269118237567806,-1.7786836918355209,2.9569191699686606,0.0,11.993323902855868,9.77987372702974,375.40943743068374,372.73199851174604,0.0
4.815,4.285635870081129,-1.8852238773397143,3.6087457368790696,0.0,11.961566674862265,9.939882820636118,373.7299947590233,372.73199851174604,0.0
4.816,4.373883413433969,-1.9599216043592536,4.438487110236502,0.0,11.956137427145777,10.155926514039031,372.03719717208486,372.73199851174604,0.0
4.817,4.541634853122382,-2.009587115021799,5.291833917102347,0.0,11.977571702443901,10.417823465419474,369.81061919873895,372.73199851174604,0.0
4.8180000000000005,4.793784693375443,-2.030654926112846,6.434336696905374,0.0,12.024873049463656,10.74675701887041,368.35273334917986,372.73199851174604,0.0
4.819,5.141418749404113,-2.035223946879822,7.207072273310581,0.0,12.100629531299981,11.085384989524146,366.9249714917747,372.73199851174604,0.0
4.82,5.563013791903114,-2.0159188296841926,7.979023472212859,0.0,12.200503908918867,11.432013973296735,365.2946984994078,372.73199851174604,0.0
4.821,6.045819305559986,-1.968433816407031,8.868532968519713,0.0,12.320023446864582,11.79520137298142,363.50617933495533,372.73199851174604,0.0
4.822,6.587313209989172,-1.894984105805426,9.855050742513844,0.0,12.456305152950787,12.178907572317854,361.64635027097694,372.73199851174604,0.0
4.823,7.188934596530462,-1.8007049209384847,10.0,0.0,12.607693095132674,12.483187149437548,358.9133968942214,372.73199851174604,0.0
4.824,7.798977079742603,-1.6665879358352003,10.0,0.0,12.760560124295651,12.709639611200682,354.76099743084205,372.73199851174604,0.0
4.825,8.386489438684848,-1.4848960156413966,10.0,0.0,12.902140755348356,12.870207595052266,349.2303734347252,372.73199851174604,0.0
4.8260000000000005,8.939657100737557,-1.2575578580711801,10.0,0.0,13.022429843550164,12.973903524387595,341.8155611496655,372.73199851174604,0.0
4.827,9.453306437165764,-0.9975166792171506,10.0,0.0,13.114728467767081,13.02828901922299,339.5335473583652,372.73199851174604,0.0
4.828,9.927411386297456,-0.7196635358035461,10.0,0.0,13.175272345058893,13.039450775956338,358.2345180322814,372.73199851174604,0.0
4.829,10.142203635701376,-0.7891139111105012,10.0,0.0,13.241296083012754,13.036664646802416,369.9630174457824,372.73199851174604,0.0
4.83,10.23674553506859,-0.979038867065718,7.254215478312363,0.0,13.320636075657848,12.73047152053728,378.83227143151817,372.73199851174604,0.0
4.831,10.081903879529081,-1.159624805543828,2.7585857562467515,0.0,13.379387960084955,12.013748283055847,383.93217778687995,372.73199851174604,0.0
4.832,9.528790352525261,-1.2347769367751695,0.09663078581452123,0.0,13.367053207371871,11.186007879653394,385.3925284904165,372.73199851174604,0.0
4.833,8.658734169179723,-1.209099015060227,-0.7601498657404653,0.0,13.269601796888896,10.46235676425113,384.6410800757738,372.73199851174604,0.0
4.8340000000000005,7.650587382468114,-1.1383416223264993,-0.5035164740593885,0.0,13.10200388193043,9.940318683646083,382.95520769233514,372.73199851174604,0.0
4.835,6.674991534027196,-1.0854466309890185,0.23718762585405262,0.0,12.893851075287525,9.629869812140749,381.13575746243765,372.73199851174604,0.0
4.836,5.847523893613099,-1.09006205045939,1.062875151295879,0.0,12.67650530821349,9.494334615882263,379.8442015907108,372.73199851174604,0.0
4.837,5.220147518832193,-1.1631261884900999,1.6375310563696672,0.0,12.475331499209686,9.466310361667682,379.02253820704595,372.73199851174604,0.0
4.838,4.785148250367498,-1.290591358132024,1.9854573512490816,0.0,12.304763172965105,9.495072641143476,378.3854401261484,372.73199851174604,0.0
4.839,4.506504927641563,-1.4469028132927166,2.2474719755538297,0.0,12.170047515663821,9.555544978587177,377.6772999390112,372.73199851174604,0.0
4.84,4.346041950277262,-1.6060897443172573,2.552089054849773,0.0,12.070798105698128,9.642250743318694,376.81302979585655,372.73199851174604,0.0
4.841,4.275469454459901,-1.7499941438422522,2.9434138135860026,0.0,12.004381827839657,9.756518888014782,375.6528490792808,372.73199851174604,0.0
4.8420000000000005,4.27923572342883,-1.8657120928772115,3.494295666198517,0.0,11.96732392263524,9.908282332110673,374.1862984336985,372.73199851174604,0.0
4.843,4.353842481825112,-1.9491884680445697,4.213027989770165,0.0,11.957173374138911,10.106546297609388,372.591215862948,372.73199851174604,0.0
4.844,4.502644182221561,-2.0031510788625466,5.011977101633391,0.0,11.972965400480396,10.34904377131819,370.15455434889907,372.73199851174604,0.0
4.845,4.7297348666577985,-2.0276649703144405,6.256082300286322,0.0,12.013584873510137,10.674240822739431,368.6873125866385,372.73199851174604,0.0
4.846,5.058275742583716,-2.036328537486256,7.0301500406676904,0.0,12.083369957853412,11.009817926269456,367.2936954639253,372.73199851174604,0.0
4.847,5.464068135368952,-2.022440418045109,7.781341632502489,0.0,12.178119915305114,11.3523544711317,365.690127671158,372.73199851174604,0.0
4.848,5.932403601429336,-1.9804337979058788,8.653544237292024,0.0,12.293166684476965,11.7110837505226,363.912219353024,372.73199851174604,0.0
4.849,6.459887077292467,-1.9118351259559279,9.630696187946242,0.0,12.42545591695762,12.090869639731327,362.0563884959055,372.73199851174604,0.0
4.8500000000000005,7.047897217035928,-1.8216182474563856,10.0,0.0,12.573256945195638,12.417351482473467,359.5510338001373,372.73199851174604,0.0
4.851,7.6584611093333255,-1.6969140836916956,10.0,0.0,12.726110765654944,12.660990278889376,355.7394528723798,372.73199851174604,0.0
4.852,8.252477397101089,-1.5260262796941269,10.0,0.0,12.870492466907821,12.836314424978143,350.4580275842902,372.73199851174604,0.0
4.853,8.814306874359719,-1.3089540578196863,10.0,0.0,12.995799346278083,12.952683246962561,343.604491734924,372.73199851174604,0.0
4.854,9.337516089339324,-1.056107953816377,10.0,0.0,13.094570070688135,13.018011155810381,334.96979169161796,372.73199851174604,0.0
4.855,9.825606756312139,-0.7744452861674596,10.0,0.0,13.161542081140613,13.038225464997213,349.9700525916737,372.73199851174604,0.0
4.856,10.100221133294582,-0.7679217535592496,10.0,0.0,13.225937359556118,13.037788869512273,366.4619171704165,372.73199851174604,0.0
4.857,10.227759955033635,-0.9213962350196743,9.019651295000752,0.0,13.300796878868308,12.924713977245986,378.61763997738655,372.73199851174604,0.0
4.8580000000000005,10.193236596165313,-1.1421440392320166,2.882933476859317,0.0,13.379610470671397,12.170270010884886,383.74040257207633,372.73199851174604,0.0
4.859,9.697332719105612,-1.2349585186105156,0.21146813891111904,0.0,13.383100421347583,11.320861984235203,385.12960946308226,372.73199851174604,0.0
4.86,8.853009571344842,-1.2130855992718375,-0.6071114161052051,0.0,13.297966408370142,10.58133116512888,384.57778300582254,372.73199851174604,0.0
4.861,7.8512265840492725,-1.141638832825194,-0.44965603241610985,0.0,13.13975229966407,10.034498811516315,383.1793985642423,372.73199851174604,0.0
4.862,6.864206564911815,-1.0837743454244542,0.1450621878490379,0.0,12.937025740517733,9.688927105018838,381.420382627776,372.73199851174604,0.0
4.863,6.007920028774036,-1.079459906747002,0.9376863149218941,0.0,12.72011872325577,9.52320270381562,380.09087001210185,372.73199851174604,0.0
4.864,5.3440494729870105,-1.1424729814648857,1.5288539077554164,0.0,12.515304550205421,9.47392513072268,379.21916829953886,372.73199851174604,0.0
4.865,4.873163636748392,-1.26207245015519,1.899833066158978,0.0,12.338569847959569,9.489148665558435,378.56268929542136,372.73199851174604,0.0
4.866,4.563668920410105,-1.4145906809958477,2.1697656603809747,0.0,12.196611980127445,9.54049473090124,377.8683680343763,372.73199851174604,0.0
4.867,4.378112704725066,-1.574342538352192,2.465562595677195,0.0,12.090032027613606,9.619664976428885,377.0240874906306,372.73199851174604,0.0
4.868,4.287338448911181,-1.7215908560714888,2.8447819777611985,0.0,12.01662689127948,9.727145970811337,375.8791623348652,372.73199851174604,0.0
4.869,4.273825864776226,-1.8432874979836846,3.3857729174127096,0.0,11.973224515450152,9.872833803359663,374.5041462137088,372.73199851174604,0.0
4.87,4.333139061868318,-1.9343010028584897,4.055559500971292,0.0,11.957525679575701,10.061219652343677,373.0132818038657,372.73199851174604,0.0
4.871,4.465803702713696,-1.9949403519100635,4.798178872971637,0.0,11.967995505534022,10.290187319404222,370.5768237009721,372.73199851174604,0.0
4.872,4.672881534159927,-2.0260091905327196,6.037959672526174,0.0,12.003126294360538,10.604802981534911,369.0464721991465,372.73199851174604,0.0
4.873,4.982066013908909,-2.038581762625614,6.839990686564987,0.0,12.067277865061463,10.935356245425975,367.6624194724512,372.73199851174604,0.0
4.874,5.370787164025398,-2.0294076821719518,7.582712840305587,0.0,12.156934730510576,11.273280985053786,366.0828909880611,372.73199851174604,0.0
4.875,5.823497580935343,-1.9923472604257093,8.438968157737484,0.0,12.267433477790002,11.627228866284899,364.3169133806687,372.73199851174604,0.0
4.876,6.336023991068868,-1.9282620441322624,9.406107812744438,0.0,12.395598368889788,12.002803842051703,362.4646382294963,372.73199851174604,0.0
4.877,6.9096516830227,-1.8419195793250034,10.0,0.0,12.539647449490404,12.351320771386257,360.18203925176545,372.73199851174604,0.0
4.878,7.520106504085951,-1.7266490403568562,10.0,0.0,12.692326980325994,12.612038240577446,356.7038838073085,372.73199851174604,0.0
4.8790000000000004,8.120168940447819,-1.5666322121930372,10.0,0.0,12.839361159288803,12.802049596143895,351.720979121231,372.73199851174604,0.0
4.88,8.690338325931181,-1.3598823846994983,10.0,0.0,12.969550743169329,12.931045226010436,345.4612694045574,372.73199851174604,0.0
4.881,9.223110743565076,-1.1138660809132168,10.0,0.0,13.074626636506899,13.007256979193478,336.9593982102556,372.73199851174604,0.0
4.882,9.718581161538953,-0.8389857396118878,10.0,0.0,13.149039441323737,13.037181124591186,348.37206436725336,372.73199851174604,0.0
4.883,10.041364315583753,-0.7738861858161892,10.0,0.0,13.214591232694142,13.041002693165622,360.92451842624337,372.73199851174604,0.0
4.884,10.207034062974515,-0.883344241056844,10.0,0.0,13.28666138339938,13.036001443347114,376.3832698082982,372.73199851174604,0.0
4.885,10.258019692257916,-1.1024342582240472,4.0230481161685505,0.0,13.374029715388232,12.377290904612256,383.690124728136,372.73199851174604,0.0
4.886,9.863027979617835,-1.2321031388004124,0.26003939408574794,0.0,13.39886283699644,11.482985757042215,385.2844724012808,372.73199851174604,0.0
4.8870000000000005,9.058807936356615,-1.2229616518773117,-0.6626591813819971,0.0,13.329479879319514,10.701241967941712,384.7200917987431,372.73199851174604,0.0
4.888,8.058775846056637,-1.1484608074613287,-0.5003498129831137,0.0,13.180757160483704,10.119776607762505,383.3798320006179,372.73199851174604,0.0
4.889,7.052073821526692,-1.0810712533454072,0.0633017511907692,0.0,12.982092335004966,9.742700991888071,381.66070940310976,372.73199851174604,0.0
4.89,6.1641462094678765,-1.0651035382927216,0.8335759410312056,0.0,12.764503877372025,9.550165117375084,380.2680894578739,372.73199851174604,0.0
4.891,5.463837472659752,-1.117639743213676,1.4545250041878663,0.0,12.555359337742905,9.483880324527238,379.36640062263035,372.73199851174604,0.0
4.892,4.959641850871033,-1.230375318254168,1.8390254007007902,0.0,12.372376323997159,9.487853541014797,378.7190963970005,372.73199851174604,0.0
4.893,4.622387634557276,-1.38043095628209,2.1028065346631726,0.0,12.223467697707415,9.530358062826384,378.0564810756357,372.73199851174604,0.0
4.894,4.414062985299856,-1.5415877900580806,2.3808693697066747,0.0,12.109927081562875,9.601213539598175,377.3100746076715,372.73199851174604,0.0
4.8950000000000005,4.303797991149655,-1.6932370799125493,2.7082918427295306,0.0,12.029895928256202,9.696911153624367,376.2564952514372,372.73199851174604,0.0
4.896,4.270871340675142,-1.8201808479885426,3.1998365534497735,0.0,11.979884973272634,9.82835086597696,374.7488784466203,372.73199851174604,0.0
4.897,4.310087852654578,-1.91475924713777,3.933476156509455,0.0,11.957153271248337,10.012787338002818,373.2863955420505,372.73199851174604,0.0
4.898,4.426514207694347,-1.9820275396682976,4.659173638491316,0.0,11.961592114815922,10.236582585676489,371.09216227610153,372.73199851174604,0.0
4.899,4.618292366577139,-2.0219186741066184,5.772688633822251,0.0,11.99168194065702,10.53374053367942,369.37544510745545,372.73199851174604,0.0
4.9,4.907407261080265,-2.038531233492031,6.6646127521882,0.0,12.04990704890232,10.8612833157266,367.9741219195083,372.73199851174604,0.0
4.901,5.279861504752377,-2.034703516347068,7.412853112084141,0.0,12.134476750048005,11.19720271093959,366.44216944657256,372.73199851174604,0.0
4.902,5.718871861026568,-2.0038456703629324,8.241727639203754,0.0,12.240825334713616,11.547114334376602,364.7146083108056,372.73199851174604,0.0
4.9030000000000005,6.218028595426599,-1.9453722561626963,9.18568210909664,0.0,12.365406726154184,11.917698763132238,362.8785356002322,372.73199851174604,0.0
4.904,6.777793760852039,-1.8634263638416058,10.0,0.0,12.506159107312934,12.287235710604005,360.81808812185,372.73199851174604,0.0
4.905,7.387782170166449,-1.75771985450442,10.0,0.0,12.65898168799911,12.564249949165108,357.66373664903637,372.73199851174604,0.0
4.906,7.993133316947845,-1.6084239116041839,10.0,0.0,12.808857945847127,12.76835627988591,353.00391944587926,372.73199851174604,0.0
4.907,8.570764197703715,-1.4116585285497067,10.0,0.0,12.944005978275431,12.909553717904103,347.1673283781221,372.73199851174604,0.0
4.908,9.112279250666187,-1.171998090884896,10.0,0.0,13.055363956950139,12.99635586834499,339.0130392866769,372.73199851174604,0.0
4.909,9.614333629267914,-0.9035329236588465,10.0,0.0,13.137131788783245,13.035802770492694,353.3260855435424,372.73199851174604,0.0
4.91,10.000995030747587,-0.7484067469709457,10.0,0.0,13.20028829988441,13.041969555232196,359.9094874688594,372.73199851174604,0.0
4.9110000000000005,10.175880325249246,-0.8592707445911651,10.0,0.0,13.271492139854503,13.038464544227475,371.7102682208913,372.73199851174604,0.0
4.912,10.251309266988375,-1.0554584587899702,6.389999295053491,0.0,13.355697103312785,12.63878201012983,382.34320683375796,372.73199851174604,0.0
4.913,10.019264105272143,-1.2296570427270819,0.9774179054000385,0.0,13.40871328410657,11.754483537181546,385.9783773535272,372.73199851174604,0.0
4.914,9.319636647242541,-1.2600794309509427,-0.9726311429023955,0.0,13.369602476391401,10.878175516956825,385.7301353458762,372.73199851174604,0.0
4.915,8.330905427868059,-1.1885351894791207,-0.9784915074181901,0.0,13.238597856981139,10.206207227920249,384.0601454737084,372.73199851174604,0.0
4.916,7.279004739554103,-1.0988571961196398,-0.2567780409539262,0.0,13.044347733753415,9.773604154323316,382.0398377110551,372.73199851174604,0.0
4.917,6.329231863676248,-1.0552866923797777,0.6602974483796409,0.0,12.82236634001098,9.552453554388778,380.45426932269567,372.73199851174604,0.0
4.918,5.571716549973074,-1.0867409830745856,1.3758589344498615,0.0,12.604363702663171,9.474589839396412,379.41034345981706,372.73199851174604,0.0
4.9190000000000005,5.0248232302064,-1.1865537602436467,1.8310384164084557,0.0,12.411039820132546,9.478209472360547,378.77786600811817,372.73199851174604,0.0
4.92,4.6604396141844315,-1.3336919648444039,2.0868184672941785,0.0,12.252597363885798,9.520332029117796,378.19078329618867,372.73199851174604,0.0
4.921,4.435129283360624,-1.4987489501304299,2.3257719754145008,0.0,12.1308962952749,9.587265470189426,377.4333058854054,372.73199851174604,0.0
4.922,4.312599925113496,-1.6571352682033547,2.6574976070695477,0.0,12.043830602767416,9.6806608707926,376.6130715808741,372.73199851174604,0.0
4.923,4.2700235068804835,-1.7942989721833713,3.028804028643923,0.0,11.988315163828073,9.796994724564499,375.3839216599965,372.73199851174604,0.0
4.924,4.294227934959517,-1.8969685692890972,3.6168597576002206,0.0,11.959906672801681,9.954028463763699,373.5148572758339,372.73199851174604,0.0
4.925,4.3864694927013215,-1.9653972021257298,4.543563362040634,0.0,11.956542858438823,10.178670292068416,371.6663446629943,372.73199851174604,0.0
4.926,4.5618991468812125,-2.011329909859434,5.478476206947959,0.0,11.98034791986506,10.455710086619403,369.6023939075345,372.73199851174604,0.0
4.9270000000000005,4.828243728537923,-2.031381548762291,6.541747630719953,0.0,12.031222807805754,10.787493528583326,368.183853760578,372.73199851174604,0.0
4.928,5.187165032965181,-2.034464122126189,7.296499151709884,0.0,12.110327117829765,11.126758170545665,366.7454879196164,372.73199851174604,0.0
4.929,5.6173568409381796,-2.012515389027748,8.075547178111998,0.0,12.213002274673148,11.47442266117575,365.09642674333827,372.73199851174604,0.0
4.93,6.107364009456181,-1.9619981217074935,8.976433483935132,0.0,12.334838952820952,11.839296361346435,363.2948357725293,372.73199851174604,0.0
4.931,6.655623977901899,-1.8857500518435621,9.97160059673177,0.0,12.47309721815922,12.224917353820384,361.4274139510703,372.73199851174604,0.0
4.932,7.263959659053785,-1.7891762300197525,10.0,0.0,12.626231116509068,12.517540011570052,358.5708395569944,372.73199851174604,0.0
4.933,7.873455788338972,-1.650096463671384,10.0,0.0,12.77898085471882,12.734968581937204,354.23713809915904,372.73199851174604,0.0
4.934,8.457403877705032,-1.4627612497060776,10.0,0.0,12.918982400271616,12.887789940551201,348.6011451888746,372.73199851174604,0.0
4.9350000000000005,9.005916540656928,-1.2301371208521963,10.0,0.0,13.036550625096254,12.98483240582803,340.9067648044333,372.73199851174604,0.0
4.936,9.514494975991285,-0.9663993385851724,10.0,0.0,13.12538135920528,13.03346894580238,346.1046965055379,372.73199851174604,0.0
4.937,9.971645665070325,-0.7064122001803516,10.0,0.0,13.18423146649898,13.04092411374485,360.5898845741064,372.73199851174604,0.0
4.938,10.156415854642535,-0.8139962504381646,10.0,0.0,13.252376196769958,13.037765561660287,370.7105805792831,372.73199851174604,0.0
4.939,10.242256861751699,-1.0086670008895773,6.8836704693880915,0.0,13.333728540852459,12.69134628055768,379.7645506402999,372.73199851174604,0.0
4.94,10.05729459294195,-1.1828426724646806,2.2863599175941545,0.0,13.3895163387852,11.934367556222536,384.63999838905863,372.73199851174604,0.0
4.941,9.46037092458569,-1.2452362171294873,-0.27044395555834466,0.0,13.369149017688533,11.087202144416436,385.62447218374604,372.73199851174604,0.0
4.942,8.551608464400763,-1.2056135124862184,-0.8916055896220456,0.0,13.261119454563511,10.37395143460258,384.5452632584643,372.73199851174604,0.0
4.9430000000000005,7.525633155474868,-1.1273918703500414,-0.4701337744483478,0.0,13.084359623181058,9.877566014847346,382.6932317027051,372.73199851174604,0.0
4.944,6.5541813990891695,-1.075735636903068,0.35626967152166067,0.0,12.870737263703525,9.596432754947527,380.91322020583095,372.73199851174604,0.0
4.945,5.746808439144403,-1.0881963753142054,1.164463203017874,0.0,12.652251057743456,9.481784347124883,379.66853994877494,372.73199851174604,0.0
4.946,5.145577185303454,-1.1692856737392303,1.7174379171755945,0.0,12.452943847039773,9.467559151053939,378.9150685286904,372.73199851174604,0.0
4.947,4.735566907393478,-1.303656733560119,2.032342927048404,0.0,12.286114761395405,9.503024375495837,378.3077438193884,372.73199851174604,0.0
4.948,4.476973962608949,-1.463712814602362,2.280247828622991,0.0,12.15577756507611,9.56672577915079,377.5894751771628,372.73199851174604,0.0
4.949,4.331281185349131,-1.6233960598815484,2.5908073830816276,0.0,12.060808824924521,9.656146100833759,376.7159675473083,372.73199851174604,0.0
4.95,4.2717639879929585,-1.7654732777386841,2.987721507653248,0.0,11.99831065246789,9.772772438428145,375.49961909761447,372.73199851174604,0.0
4.9510000000000005,4.284379014923173,-1.8773632790368788,3.5682195266414833,0.0,11.964612058980585,9.929389140924531,373.9785843468684,372.73199851174604,0.0
4.952,4.367698222353034,-1.9569486941440275,4.316271043663302,0.0,11.957580490740451,10.134416037957083,372.3761217913832,372.73199851174604,0.0
4.953,4.526003455781084,-2.008235120078723,5.121061088609532,0.0,11.976600421729337,10.382703094633445,369.977962134742,372.73199851174604,0.0
4.954,4.763613858112457,-2.0293114010992737,6.347681280700178,0.0,12.02035259193988,10.710389667499399,368.4894066982988,372.73199851174604,0.0
4.955,5.1008538639525325,-2.0347846047801728,7.1343849170562335,0.0,12.092889492010652,11.049233701558972,367.0779804060088,372.73199851174604,0.0
4.956,5.515059852683757,-2.017828239032707,7.896638244258607,0.0,12.190137173211287,11.395237593146343,365.46890837180194,372.73199851174604,0.0
4.957,5.991855391078862,-1.973170719166193,8.773805162761478,0.0,12.30751771192274,11.756926242122173,363.69283211977523,372.73199851174604,0.0
4.958,6.527656350865334,-1.9023348309626567,9.752234952694543,0.0,12.441983689156919,12.138869537586618,361.83816896089945,372.73199851174604,0.0
4.9590000000000005,7.123548310747514,-1.8101919578527474,10.0,0.0,12.591770041054062,12.453344852543127,359.21115143252064,372.73199851174604,0.0
4.96,7.73418563506082,-1.6805535597206105,10.0,0.0,12.74468649419371,12.687662434645006,355.21582206019787,372.73199851174604,0.0
4.961,8.32490478340331,-1.5039013949246032,10.0,0.0,12.887607706083342,12.85496717077612,349.79159997179164,372.73199851174604,0.0
4.962,8.88217427376274,-1.2812994729142688,10.0,0.0,13.010247580623941,12.964441102026973,342.6270749747639,372.73199851174604,0.0
4.963,9.400263395544439,-1.0245678362913906,10.0,0.0,13.105556400027158,13.02381451911441,333.86204049384776,372.73199851174604,0.0
4.964,9.885058960716492,-0.7378845672567973,10.0,0.0,13.168303835971214,13.038634855482313,355.0542003998226,372.73199851174604,0.0
4.965,10.128469733765781,-0.7701407813018415,10.0,0.0,13.23267357819296,13.036320672424134,369.18295226862006,372.73199851174604,0.0
4.966,10.2328369871265,-0.9518991561257959,7.642496288248127,0.0,13.310045786976897,12.772303183462052,378.2654604278477,372.73199851174604,0.0
4.9670000000000005,10.107233027282884,-1.1410203483722121,3.0459075894732885,0.0,13.3722647733851,12.075235052643269,383.3701631840376,372.73199851174604,0.0
4.968,9.585923790401418,-1.225036980805922,0.38717456465541744,0.0,13.365905665715843,11.263688864263486,385.1226850442112,372.73199851174604,0.0
4.969,8.74555368319357,-1.2092525697171466,-0.6129932307560351,0.0,13.276451398431435,10.536457876131726,384.65067281001035,372.73199851174604,0.0
4.97,7.753574190411529,-1.144943052292771,-0.4961738566382481,0.0,13.116303256256497,9.996570412325717,383.1549139263226,372.73199851174604,0.0
4.971,6.777388137952795,-1.0922346990404979,0.1474764310598653,0.0,12.913026358234946,9.661750889431067,381.3389121364205,372.73199851174604,0.0
4.972,5.934690026475208,-1.0919124730087026,0.9694081897641649,0.0,12.697086836395112,9.506996551342173,379.989410640905,372.73199851174604,0.0
4.973,5.285974277818659,-1.1580611820442417,1.5715848162303168,0.0,12.494545413184596,9.467075557439859,379.11433439132776,372.73199851174604,0.0
4.974,4.8301065491921085,-1.2796795217484946,1.9452995822231305,0.0,12.320982563182014,9.489637671263626,378.4557453632384,372.73199851174604,0.0
4.9750000000000005,4.5343201962493245,-1.432754553923366,2.217356627752883,0.0,12.182654279704265,9.546754237590548,377.7585653058971,372.73199851174604,0.0
4.976,4.36077476216959,-1.5915184418739399,2.5156809884820293,0.0,12.079803758559786,9.63055356238125,376.8994057569355,372.73199851174604,0.0
4.977,4.280233123713588,-1.736651288604814,2.9035866905109344,0.0,12.009995196269726,9.74249841208369,375.8293670087264,372.73199851174604,0.0
4.978,4.275811837533363,-1.855570870261236,3.4076323796456665,0.0,11.96999180069381,9.88751481446667,374.3207707291327,372.73199851174604,0.0
4.979,4.341408114893555,-1.941323262440812,4.146042797268674,0.0,11.95673395223697,10.082954122729525,372.748848951322,372.73199851174604,0.0
4.98,4.482473634742543,-1.9981448749877662,4.931835181778265,0.0,11.969738672910475,10.321715529030445,370.31992401811414,372.73199851174604,0.0
4.981,4.7015480432149275,-2.0262513756516816,6.170418393318503,0.0,12.007842561094275,10.643599966459487,368.86359552468,372.73199851174604,0.0
4.982,5.022644809261722,-2.0377679469224574,6.93726666990622,0.0,12.075310262035753,10.97594392709282,367.48214112387785,372.73199851174604,0.0
4.9830000000000005,5.420983710652482,-2.0264937887154693,7.680492444185987,0.0,12.167910265830935,11.315280302669356,365.8828437299458,372.73199851174604,0.0
4.984,5.881765656678246,-1.9867228207832592,8.548632688970006,0.0,12.28092184191378,11.671303585202274,364.10316341852666,372.73199851174604,0.0
4.985,6.401813191293445,-1.9200096228696593,9.524761195611779,0.0,12.411293846550459,12.049121021025522,362.24571655765345,372.73199851174604,0.0
4.986,6.9827876923909935,-1.8314276469188517,10.0,0.0,12.557333508930341,12.386002177371822,359.8448125518684,372.73199851174604,0.0
4.987,7.593137144288921,-1.7110200867498526,10.0,0.0,12.710098308847787,12.637718101579804,356.1912416498227,372.73199851174604,0.0
4.988,8.189908544720467,-1.5451593652856435,10.0,0.0,12.855717617434909,12.81999755383024,351.04595753208787,372.73199851174604,0.0
4.989,8.7556233663975,-1.3329052360933447,10.0,0.0,12.983313593391852,12.942350075334184,344.475543965809,372.73199851174604,0.0
4.99,9.28328516518085,-1.0833419006900047,10.0,0.0,13.085055798301052,13.01284129263403,335.8872423313045,372.73199851174604,0.0
4.9910000000000005,9.774950515776526,-0.804755837891439,10.0,0.0,13.155524070895506,13.037651038117126,348.6302491214099,372.73199851174604,0.0
4.992,10.07282616824256,-0.7701330293183322,10.0,0.0,13.220403842463773,13.03917696804605,363.6726262970579,372.73199851174604,0.0
4.993,10.219383633987716,-0.9011621758470651,10.0,0.0,13.293707664071992,13.033895717431594,377.9699054236163,372.73199851174604,0.0
4.994,10.255115659830702,-1.13685451603678,3.223778358270179,0.0,13.383768844413526,12.288623645263856,384.2072905224182,372.73199851174604,0.0
4.995,9.80571387499916,-1.2476954356756371,-0.009667111237488868,0.0,13.400132277262518,11.388759629708403,385.45516707431534,372.73199851174604,0.0
4.996,8.96294558330478,-1.2241911253133528,-0.760837072811757,0.0,13.321179081934812,10.61843461215335,384.6876200663918,372.73199851174604,0.0
4.997,7.944755355292282,-1.143047860788883,-0.4966197843964384,0.0,13.164397988390311,10.057395620326908,383.2294799381369,372.73199851174604,0.0
4.998,6.9387508676325425,-1.0758906046637295,0.12747546546710886,0.0,12.96061523948909,9.703269314291934,381.4447675972006,372.73199851174604,0.0
4.999,6.065075513008592,-1.0650795792118064,0.9327039450806964,0.0,12.74128049463604,9.532555788361236,380.1229934215346,372.73199851174604,0.0
5.0,5.3871455590313655,-1.1247475193290821,1.519681083815815,0.0,12.533479455342638,9.479330882394285,379.27546133842657,372.73199851174604,0.0
5.001,4.905153820001974,-1.24349054030411,1.8780124971030272,0.0,12.353601082287966,9.490434838922393,378.6446165209085,372.73199851174604,0.0
5.002,4.586417935121155,-1.3968468399029563,2.1343087257704214,0.0,12.208502704937695,9.537290863459358,377.9702149627666,372.73199851174604,0.0
5.003,4.392569657906708,-1.5584891621831058,2.419127340331185,0.0,12.098846860230973,9.611854484767392,377.14757275267823,372.73199851174604,0.0
5.0040000000000004,4.293866492265588,-1.708389840675661,2.786292702966043,0.0,12.022485613537103,9.714455028666555,376.0136183433146,372.73199851174604,0.0
5.005,4.272539508659855,-1.8328020287336944,3.3204537093321775,0.0,11.976206879803998,9.855604387120561,374.9449384626977,372.73199851174604,0.0
5.006,4.323819681425089,-1.9270995506543662,3.832664250131117,0.0,11.957799560820298,10.023158396939845,373.05993211194124,372.73199851174604,0.0
5.007,4.44045501666608,-1.9854210867264657,4.771888089507386,0.0,11.96346076846562,10.257991705653373,370.7106467845552,372.73199851174604,0.0
5.008,4.639265683174365,-2.0199964119907916,5.966744270472316,0.0,11.99525925663612,10.57124692580896,369.12357616883355,372.73199851174604,0.0
5.009,4.94221340694927,-2.0360339848213056,6.796363801762262,0.0,12.056621797763839,10.904329916448125,367.780816953713,372.73199851174604,0.0
5.01,5.327505155398662,-2.03161382117847,7.517255224902876,0.0,12.144509790113686,11.241890108277026,366.2545276144621,372.73199851174604,0.0
5.011,5.776778667773881,-1.9990620834208985,8.345174603501148,0.0,12.253828512894533,11.592778128695652,364.5157953513102,372.73199851174604,0.0
5.0120000000000005,6.2842603999494475,-1.9382146386258094,9.296702766681465,0.0,12.380936463889274,11.96456786809879,362.6672147750058,372.73199851174604,0.0
5.013,6.851309937160473,-1.8537937988391777,10.0,0.0,12.523834775796281,12.322436210922872,360.48545564898893,372.73199851174604,0.0
5.014,7.461146118912043,-1.7426360341960918,10.0,0.0,12.676846945082113,12.59036309370149,357.1570713527169,372.73199851174604,0.0
5.015,8.063131831920677,-1.587190181147435,10.0,0.0,12.825363119528308,12.786678438517397,352.3209419275953,372.73199851174604,0.0
5.016,8.636229834737769,-1.3846884228977498,10.0,0.0,12.9579384761345,12.921192943116537,346.290995058152,372.73199851174604,0.0
5.017,9.172643197641445,-1.1412215692386343,10.0,0.0,13.065951411219974,13.002239043025154,337.91954495967605,372.73199851174604,0.0
5.018,9.670722932819663,-0.8692126384822026,10.0,0.0,13.143781348941147,13.036557189210887,351.68612247660985,372.73199851174604,0.0
5.019,10.019057289057312,-0.7690528283565413,10.0,0.0,13.20896261770252,13.041890532715804,359.61251828048177,372.73199851174604,0.0
5.0200000000000005,10.191448364724346,-0.8751900085847155,10.0,0.0,13.280835781864603,13.037728993985365,373.45359128278454,372.73199851174604,0.0
5.021,10.255825328240284,-1.079981368095456,5.509716410966103,0.0,13.36657115348133,12.541882175520378,383.41635389273154,372.73199851174604,0.0
5.022,9.959902607874897,-1.2401459972764837,0.42149155218275247,0.0,13.409718501704695,11.622586946363082,386.0422547975956,372.73199851174604,0.0
5.023,9.201369311396533,-1.2499915467912586,-1.0245614631077764,0.0,13.35610295634481,10.771831827258685,385.3713043128636,372.73199851174604,0.0
5.024,8.190626986609198,-1.1704016559101447,-0.8154792787529361,0.0,13.213920110118398,10.141846558722508,383.68005023869824,372.73199851174604,0.0
5.025,7.149458585883744,-1.0859497010700803,-0.07933275893979364,0.0,13.01446320553742,9.74394792858513,381.76306956681407,372.73199851174604,0.0
5.026,6.227113970260344,-1.0542230452217016,0.7888468664516131,0.0,12.792516715805874,9.545077988309632,380.27789002643317,372.73199851174604,0.0
5.027,5.500914231819197,-1.0969058307519493,1.4559777214951914,0.0,12.577890253986745,9.479261515961703,379.36440993535695,372.73199851174604,0.0
5.0280000000000005,4.98064931407694,-1.2058267623175518,1.846393652797194,0.0,12.389699265731654,9.484805632126676,378.7505483368754,372.73199851174604,0.0
5.029,4.63445391659626,-1.356543547232982,2.0931389537866743,0.0,12.23637142494361,9.52709290619092,378.1308639196373,372.73199851174604,0.0
5.03,4.420747412571636,-1.5208545453030167,2.3489925083268073,0.0,12.119172137579342,9.595540868227353,377.3366330076877,372.73199851174604,0.0
5.031,4.30629900843309,-1.676112017952431,2.700061619342204,0.0,12.035972787165878,9.691935431405001,376.4213974192108,372.73199851174604,0.0
5.032,4.270695502743919,-1.80879700028268,3.1207854245060016,0.0,11.983775601441364,9.815911432265828,375.0303261334299,372.73199851174604,0.0
5.033,4.3039307251419014,-1.9074343414032913,3.7933377911795967,0.0,11.958718992075344,9.988031727229906,373.4212255597874,372.73199851174604,0.0
5.034,4.409828893661812,-1.9756288455204085,4.590995807520451,0.0,11.959895095184013,10.21013474357852,371.40304890393105,372.73199851174604,0.0
5.035,4.593193777154187,-2.018105477909514,5.613373631526769,0.0,11.987154374138306,10.495518893581469,369.4764775622681,372.73199851174604,0.0
5.0360000000000005,4.870128668604028,-2.035072883114596,6.609214511853031,0.0,12.041667788446132,10.825780085850818,368.04855862560015,372.73199851174604,0.0
5.037,5.2357046209299725,-2.0338212692743642,7.370008379048457,0.0,12.123448628975636,11.164751411070892,366.5655247422684,372.73199851174604,0.0
5.038,5.671086597645369,-2.0071102319690617,8.173190058409112,0.0,12.228022820009015,11.514509475964196,364.8843354756125,372.73199851174604,0.0
5.039,6.166818582870483,-1.9525880294768596,9.092261322098402,0.0,12.351385066527294,11.882638477076107,363.07009434395985,372.73199851174604,0.0
5.04,6.721919251628917,-1.8734976255515767,10.0,0.0,12.491069266098082,12.260847590949766,361.1114276085503,372.73199851174604,0.0
5.041,7.33225742297914,-1.7724366572352324,10.0,0.0,12.644280154623608,12.544540634453178,358.09744097062605,372.73199851174604,0.0
5.042,7.93996258822945,-1.6279567423809285,10.0,0.0,12.795657077696116,12.754441275994772,353.58355024324527,372.73199851174604,0.0
5.043,8.520613761189335,-1.4354634019126862,10.0,0.0,12.933156904312566,12.900694968316376,347.8505998434658,372.73199851174604,0.0
5.0440000000000005,9.065362232278037,-1.1987320475847083,10.0,0.0,13.04741660192814,12.991957453977303,339.8966696149751,372.73199851174604,0.0
5.045,9.57017480240212,-0.9323740770351447,10.0,0.0,13.132444515131077,13.035437762830936,353.92239656607114,372.73199851174604,0.0
5.046,9.990839432019028,-0.7261183832206091,10.0,0.0,13.193293121284974,13.041847848562874,360.5381223982943,372.73199851174604,0.0
5.047,10.164129115015285,-0.8452508407160297,10.0,0.0,13.263865002659323,13.038846567503597,370.5596420619714,372.73199851174604,0.0
5.048,10.247445931915241,-1.0355707825341933,6.970349995830666,0.0,13.346823436815354,12.702509149200019,381.2664286984771,372.73199851174604,0.0
5.049,10.05873273127741,-1.2179942346580224,1.531612375710485,0.0,13.406015666040858,11.861728298210034,385.78973254654767,372.73199851174604,0.0
5.05,9.41059341074554,-1.2657503275723634,-0.8606168886728085,0.0,13.378639522944159,10.971595105612765,385.9650791737768,372.73199851174604,0.0
5.051,8.445539977700042,-1.203760965323388,-1.0806210089076886,0.0,13.257691284120865,10.267133941813242,384.38223874465166,372.73199851174604,0.0
5.0520000000000005,7.3897780349864695,-1.1117168528826897,-0.40570319667416754,0.0,13.068886794053965,9.803948350427408,382.313807506789,372.73199851174604,0.0
5.053,6.4193219764882,-1.0591445357031846,0.532694332306745,0.0,12.847781680089835,9.560867966246711,380.60671562475585,372.73199851174604,0.0
5.054,5.635463178369245,-1.0801622306869851,1.3074931021932104,0.0,12.627316708724056,9.472348905693472,379.4811751890695,372.73199851174604,0.0
5.055,5.065297299600574,-1.1721840888611963,1.8027715532631419,0.0,12.42995855588886,9.472247554661173,378.8184803105565,372.73199851174604,0.0
5.056,4.683898834315014,-1.315434873521677,2.073254174531556,0.0,12.267163450964864,9.513472999671135,378.24170800404454,372.73199851174604,0.0
5.057,4.4473318957819945,-1.4801884425221037,2.3065432328645414,0.0,12.141460785777706,9.579461738477423,377.51018493730163,372.73199851174604,0.0
5.058,4.317250487084272,-1.6406435351744484,2.6245229019804404,0.0,12.050929785491643,9.670869495475204,376.7436825669907,372.73199851174604,0.0
5.059,4.268748634941726,-1.7812050080497246,2.9676572465834665,0.0,11.992449872023725,9.782682747608478,375.40179799117954,372.73199851174604,0.0
5.0600000000000005,4.286662274288635,-1.8870997861787835,3.611901539694707,0.0,11.96124208598137,9.942446693128256,373.69196404244553,372.73199851174604,0.0
5.061,4.375804988796451,-1.9607946411676038,4.457218858754713,0.0,11.956178959362706,10.160029365454912,371.97430501195305,372.73199851174604,0.0
5.062,4.545043273914664,-2.0098918103550703,5.323625308998885,0.0,11.978044152699312,10.424474210005373,369.77585369929056,372.73199851174604,0.0
5.063,4.7997287818295495,-2.0307886843703775,6.452412413454682,0.0,12.025974995607108,10.75384058340269,368.3235475963739,372.73199851174604,0.0
5.064,5.149331840571405,-2.0350909243469593,7.222649974066743,0.0,12.102313669221129,11.092592182991366,366.89339563717635,372.73199851174604,0.0
5.065,5.572435550969679,-2.0153193071296926,7.996111982411206,0.0,12.202675735138945,11.439435557737959,365.2598096636814,372.73199851174604,0.0
5.066,6.05652300407379,-1.967307877842539,8.88762685763934,0.0,12.322602390890228,11.802944235055852,363.46919396094427,372.73199851174604,0.0
5.067,6.599229580049553,-1.8933759904961602,9.875562754515915,0.0,12.45923485548294,12.186995661294933,361.60823248832594,372.73199851174604,0.0
5.0680000000000005,7.202050031469971,-1.7987004130207036,10.0,0.0,12.61093422159146,12.489230745507374,358.85375710426933,372.73199851174604,0.0
5.069,7.812011144145298,-1.663712982631925,10.0,0.0,12.763785297942356,12.714100367574504,354.6695953280045,372.73199851174604,0.0
5.07,8.39890712318731,-1.4810295923664047,10.0,0.0,12.905092930239553,12.873309188502134,349.1192795473665,372.73199851174604,0.0
5.071,8.951267091067532,-1.2527561120996356,10.0,0.0,13.024907432473107,12.975837253890319,341.6550133168185,372.73199851174604,0.0
5.072,9.464032072103345,-0.9920609005907397,10.0,0.0,13.116599552558814,13.029213414727906,340.70008478107235,372.73199851174604,0.0
5.073,9.935931875432047,-0.7160797265965915,10.0,0.0,13.176709099695437,13.039639842934502,358.898325557311,372.73199851174604,0.0
5.074,10.144498983804745,-0.7937742176079379,10.0,0.0,13.243156540690254,13.036811199146397,370.04772181720637,372.73199851174604,0.0
5.075,10.23743532677355,-0.9847333166822736,7.213044532675425,0.0,13.322904929194838,12.726207735788034,378.965350850994,372.73199851174604,0.0
5.0760000000000005,10.079054032794879,-1.1643406914385652,2.6918964923891213,0.0,13.381465352745577,12.003534033625067,384.0899248783518,372.73199851174604,0.0
5.077,9.519753919288004,-1.2378879664039664,0.01603021504418045,0.0,13.368196490223571,11.169789133474351,385.4719217787562,372.73199851174604,0.0
5.078,8.642307070101293,-1.2095907794126712,-0.8023674678281356,0.0,13.269031860620006,10.445752907019473,384.64348454261426,372.73199851174604,0.0
5.079,7.629393569292796,-1.1367885218796001,-0.5072637100658426,0.0,13.099654794872581,9.927495247029372,382.9027253883744,372.73199851174604,0.0
5.08,6.653027482236734,-1.0835011957818201,0.26140859828780805,0.0,12.890256086405467,9.622999697372899,381.0879838837702,372.73199851174604,0.0
5.081,5.828725734734733,-1.0890764840066365,1.0852194968696516,0.0,12.672493848785122,9.491855838950485,379.81373616227245,372.73199851174604,0.0
5.082,5.206022641396252,-1.1636923840323845,1.6515259811132736,0.0,12.471545445205154,9.466360069681471,379.0055720507098,372.73199851174604,0.0
5.083,4.775567196393952,-1.2924971368511562,1.9928723015049528,0.0,12.301564668866089,9.49632713539888,378.37306835281277,372.73199851174604,0.0
5.0840000000000005,4.500594219226084,-1.4495621291755771,2.2527134520428103,0.0,12.167567778360167,9.557410953304329,377.662210670852,372.73199851174604,0.0
5.085,4.342871203635185,-1.6089142748914702,2.5588401714321316,0.0,12.069037044800892,9.644662029939411,376.79605386584234,372.73199851174604,0.0
5.086,4.274388881920804,-1.752571279857052,2.9512780203960016,0.0,12.0032932413501,9.75939764697986,375.61343140587974,372.73199851174604,0.0
5.087,4.279874815919284,-1.8676307446210951,3.5137749214359655,0.0,11.966817351022831,9.912747326638968,374.1576280987955,372.73199851174604,0.0
5.088,4.3564597966543355,-1.9507200104705769,4.22742027910759,0.0,11.957313242289992,10.111620981092047,372.56119748236796,372.73199851174604,0.0
5.089,4.50693750091457,-2.0041836061909324,5.0273435976151415,0.0,11.973697012746495,10.35472527302437,370.12364086259987,372.73199851174604,0.0
5.09,4.735648813622218,-2.0279698867649474,6.272205483990647,0.0,12.014834690256517,10.680439619770102,368.6512168655773,372.73199851174604,0.0
5.091,5.065624781638422,-2.035997231249973,7.049225298963629,0.0,12.085075179777723,11.016709617020833,367.2545148024848,372.73199851174604,0.0
5.0920000000000005,5.4729045540101975,-2.0215521053701617,7.8023511676024935,0.0,12.180249382780254,11.359949295618424,365.6504837233521,372.73199851174604,0.0
5.093,5.942788749206689,-1.9790931712099973,8.67518185505276,0.0,12.295704101843466,11.719248079841751,363.87335129152063,372.73199851174604,0.0
5.094,6.471805953653145,-1.9101219801553706,9.65233454317076,0.0,12.428380985748285,12.099427895830397,362.017969429996,372.73199851174604,0.0
5.095,7.061260312775785,-1.8195813966639338,10.0,0.0,12.576538410587975,12.423779284521675,359.49115047798693,372.73199851174604,0.0
5.096,7.67186944648554,-1.694009828502442,10.0,0.0,12.729407765149974,12.665762161142657,355.6470351901213,372.73199851174604,0.0
5.097,8.265321704916879,-1.522102110227154,10.0,0.0,12.873534338589206,12.839660028467385,350.3390108120552,372.73199851174604,0.0
5.098,8.826354840069861,-1.3040487016256987,10.0,0.0,12.99837124365358,12.954801644121051,343.42876884543074,372.73199851174604,0.0
5.099,9.34865893466081,-1.0505182938600524,10.0,0.0,13.096530809008673,13.019069669662315,334.7852878261818,372.73199851174604,0.0
5.1000000000000005,9.835994800159717,-0.7682573783691459,10.0,0.0,13.162787823756045,13.03834294492599,350.8501779042097,372.73199851174604,0.0
5.101,10.106104475396194,-0.7669530754886269,10.0,0.0,13.227025600393096,13.03747588851701,367.09616055598025,372.73199851174604,0.0
5.102,10.228706481350315,-0.9267534416212506,8.698149823418227,0.0,13.302343977028942,12.889130672086052,378.45230677424667,372.73199851174604,0.0
5.103,10.173291420810592,-1.1400327687211633,2.9628736316600133,0.0,13.377158716677767,12.152611612353098,383.602291950389,372.73199851174604,0.0
5.104,9.674418465300233,-1.231677316391079,0.27917810920242836,0.0,13.378788183361106,11.313694061506313,385.114779072825,372.73199851174604,0.0
5.105,8.833822324359057,-1.2123035471697439,-0.6008932576263755,0.0,13.293315388200387,10.576337163234376,384.6019727651427,372.73199851174604,0.0
5.106,7.835670802170223,-1.1431197345206938,-0.46318984631919324,0.0,13.135237701029364,10.02950747021699,383.1918858262666,372.73199851174604,0.0
5.107,6.8510752424222545,-1.0864367721420893,0.13725474997363918,0.0,12.932741525538553,9.684548845613776,381.41692730880766,372.73199851174604,0.0
5.1080000000000005,5.99674386322961,-1.0826190226379453,0.9378847207325078,0.0,12.716145982314831,9.520031812856057,380.0766190284744,372.73199851174604,0.0
5.109,5.334813067398771,-1.1458090178659994,1.5345926557318545,0.0,12.51174736710783,9.472207575943548,379.19979425571216,372.73199851174604,0.0
5.11,4.865963577783139,-1.2654399781720618,1.90832708467331,0.0,12.33553369541167,9.488823744934562,378.541554742904,372.73199851174604,0.0
5.111,4.558527735169312,-1.4178643686043053,2.1793512787658127,0.0,12.194173381128714,9.541361694708986,377.84655791639676,372.73199851174604,0.0
5.112,4.374941067388225,-1.5773744349576067,2.4757040979729226,0.0,12.088224756646031,9.621518561279307,376.9977410367988,372.73199851174604,0.0
5.113,4.285973150825289,-1.724240922066275,2.857455112521377,0.0,12.015446894187072,9.730044566296705,375.85733073739453,372.73199851174604,0.0
5.114,4.274223262429283,-1.8454762417029706,3.396406939967025,0.0,11.972666638764702,9.876310183997932,374.4799242754288,372.73199851174604,0.0
5.115,4.335061379636242,-1.9358458788558992,4.067630913313064,0.0,11.957519277545144,10.06530664140368,372.9770690331773,372.73199851174604,0.0
5.1160000000000005,4.469135520031024,-1.995787105525677,4.816607829224493,0.0,11.968476136750263,10.295424163692344,370.5316422615738,372.73199851174604,0.0
5.117,4.677959070564097,-2.026155480735542,6.061324777527984,0.0,12.004090171270121,10.611424865672225,369.0141002828333,372.73199851174604,0.0
5.118,4.9890726023835805,-2.0384258436472047,6.8572747491873605,0.0,12.068788928704171,10.942359975310794,367.63073555979065,372.73199851174604,0.0
5.119,5.379414579209284,-2.0288283452862856,7.5999697402282305,0.0,12.158932892909853,11.280581916894176,366.04783560861534,372.73199851174604,0.0
5.12,5.8335300331218605,-1.9912728858307716,8.458261344847191,0.0,12.26984952929681,11.634931907175343,364.279469956552,372.73199851174604,0.0
5.121,6.3473958976060825,-1.9267269552755923,9.426969456430793,0.0,12.398385003306668,12.010929447740953,362.4262809089684,372.73199851174604,0.0
5.122,6.9223476395655545,-1.84000191883767,10.0,0.0,12.542772389269485,12.357421027357065,360.12290594966504,372.73199851174604,0.0
5.123,7.532822322279321,-1.7238411108184488,10.0,0.0,12.695459756079895,12.616569184493237,356.61400782473294,372.73199851174604,0.0
5.124,8.132342971052529,-1.5628098545209257,10.0,0.0,12.842241371810346,12.805228738058918,351.60188269564827,372.73199851174604,0.0
5.125,8.701760605983937,-1.3551045684838976,10.0,0.0,12.971973512423222,12.933059764486355,345.2897411174919,372.73199851174604,0.0
5.126,9.233653212839124,-1.1084857193861422,10.0,0.0,13.076464521077174,13.008266891927576,336.7681667774109,372.73199851174604,0.0
5.127,9.728482297407457,-0.8329485631723741,10.0,0.0,13.150184242917312,13.037290134256104,347.78124882286266,372.73199851174604,0.0
5.128,10.045981206112131,-0.7749172688637298,10.0,0.0,13.215806245994484,13.040806435423967,361.2209356279414,372.73199851174604,0.0
5.1290000000000004,10.210138291930866,-0.8851292331818525,10.0,0.0,13.287921307898797,13.035651016429743,376.66009829500354,372.73199851174604,0.0
5.13,10.257454760557925,-1.1086817572861905,3.8835052716434753,0.0,13.375797979721556,12.36184498471537,383.75525999022915,372.73199851174604,0.0
5.131,9.853090721094501,-1.2348406241490073,0.22569180924583776,0.0,13.399148331304456,11.467965898801777,385.3190156903676,372.73199851174604,0.0
5.132,9.042907639944328,-1.2235071128691193,-0.6820562126096137,0.0,13.328267464228308,10.6876121073896,384.73028038236896,372.73199851174604,0.0
5.133,8.039806854535117,-1.1479531221517643,-0.5076713773165125,0.0,13.178241700852439,10.10870467609533,383.36660334378126,372.73199851174604,0.0
5.134,7.0327154454899,-1.0804023265398706,0.06782109365698297,0.0,12.9786527230746,9.734994782187938,381.6310974171564,372.73199851174604,0.0
5.135,6.146605420590959,-1.064998483489442,0.8465830679153052,0.0,12.760632738904368,9.546007061000608,380.2397235061609,372.73199851174604,0.0
5.136,5.449624110819925,-1.1185242964169926,1.4671927734689199,0.0,12.551557858884971,9.482402405209132,379.34441840328617,372.73199851174604,0.0
5.1370000000000005,4.949179930551841,-1.2322527973636546,1.8487211259908758,0.0,12.369004878263219,9.488091795448518,378.70160925119814,372.73199851174604,0.0
5.138,4.615359807271728,-1.3829906874274878,2.1104295946403715,0.0,12.220720017625132,9.531645368386148,378.0396135196234,372.73199851174604,0.0
5.139,4.4098663430759375,-1.5443922708716837,2.3883513103489653,0.0,12.107865795622848,9.603235481836395,377.2682943337091,372.73199851174604,0.0
5.14,4.301878654763662,-1.69585620128241,2.7286479450864887,0.0,12.028503023676548,9.700858285477821,376.2285282599236,372.73199851174604,0.0
5.141,4.271467240406238,-1.8227285881650175,3.213565684497449,0.0,11.979280132542005,9.832985895244496,374.7664075225431,372.73199851174604,0.0
5.142,4.31251791196517,-1.9172734584653182,3.9242819630797436,0.0,11.957323503361787,10.015488380155938,373.2414460836418,372.73199851174604,0.0
5.143,4.429439030643471,-1.983060650416548,4.681668206811436,0.0,11.962103928002369,10.241299461343852,371.0155043123991,372.73199851174604,0.0
5.144,4.622816708056221,-2.0219783037303483,5.811804034426243,0.0,11.99261048824269,10.541646222148726,369.3473195684269,372.73199851174604,0.0
5.1450000000000005,4.914669466170263,-2.0386736275042,6.679743195845551,0.0,12.051548377621451,10.869010885758705,367.9559421057613,372.73199851174604,0.0
5.146,5.288934135054503,-2.0345250267820045,7.423192491238178,0.0,12.136705645106158,11.204382316828433,366.4148844271714,372.73199851174604,0.0
5.147,5.729018281586486,-2.002969085057291,8.256892471378894,0.0,12.243454661366867,11.55433822697153,364.6777029767605,372.73199851174604,0.0
5.148,6.229117661608414,-1.943778649518177,9.2060261519342,0.0,12.36832897852376,11.92543106244898,362.8370718432889,372.73199851174604,0.0
5.149,6.790011250022911,-1.8612978499569341,10.0,0.0,12.50934416391636,12.293050531650675,360.75468747318894,372.73199851174604,0.0
5.15,7.399973819517355,-1.7546277205144016,10.0,0.0,12.662110871446806,12.568582887230562,357.56993406600026,372.73199851174604,0.0
5.151,8.004821170904362,-1.6043028598240383,10.0,0.0,12.811685110400681,12.771405095047882,352.8789736281803,372.73199851174604,0.0
5.152,8.581778721729169,-1.406607997120267,10.0,0.0,12.946340959950394,12.911485648902,347.0144959058529,372.73199851174604,0.0
5.1530000000000005,9.12254024993628,-1.1663355845968408,10.0,0.0,13.057086263180004,12.997309539731136,338.8190418882638,372.73199851174604,0.0
5.154,9.623987941304177,-0.8973565996339374,10.0,0.0,13.138154460948881,13.035873941031927,352.5956853694506,372.73199851174604,0.0
5.155,10.004733179840919,-0.7507812919649952,10.0,0.0,13.201538785076995,13.041821222654157,359.9798138911328,372.73199851174604,0.0
5.156,10.17895070380459,-0.8612875346225621,10.0,0.0,13.272800844723543,13.038155733276348,372.0673961447849,372.73199851174604,0.0
5.157,10.251821413732072,-1.0601192692375214,6.209219602387525,0.0,13.357336577848727,12.618723552211218,382.4875100364045,372.73199851174604,0.0
5.158,10.007244372082614,-1.2308161792866938,0.9016075413311295,0.0,13.408263862314135,11.731390821505746,385.9644904047802,372.73199851174604,0.0
5.159,9.298047869275438,-1.2579301715666862,-0.9692075617870506,0.0,13.366640715312764,10.86073639647723,385.6628759266309,372.73199851174604,0.0
5.16,8.306571622960771,-1.1855266724916929,-0.9477090968612476,0.0,13.233878915687626,10.196028503490984,383.9988018049748,372.73199851174604,0.0
5.1610000000000005,7.257189192786544,-1.0971036648257253,-0.2283400689654922,0.0,13.03892001087388,9.768948133116146,381.996742119324,372.73199851174604,0.0
5.162,6.31229539881925,-1.0556605902082667,0.6800423377841325,0.0,12.817074451372756,9.551252776795577,380.43423263777913,372.73199851174604,0.0
5.163,5.55996658479118,-1.0890950947967113,1.3842747372962272,0.0,12.599736138440594,9.474831371639203,379.4007302777776,372.73199851174604,0.0
5.164,5.017251171209695,-1.190149108793798,1.8343385996366788,0.0,12.407271112779808,9.47895838392126,378.76908221273754,372.73199851174604,0.0
5.165,4.655808460250089,-1.3377380689797085,2.08979179514679,0.0,12.24968953639378,9.521356949361481,378.1774239932215,372.73199851174604,0.0
5.166,4.432493926745109,-1.5026296334895723,2.3311666500900525,0.0,12.128768156684608,9.588704374283685,377.413595775221,372.73199851174604,0.0
5.167,4.311441319545638,-1.660473733195531,2.6662647864555664,0.0,12.042387592761123,9.682754606650418,376.57789286878733,372.73199851174604,0.0
5.168,4.27017792133706,-1.7969150839685792,3.0456572961019805,0.0,11.987480216054648,9.800472401816535,375.38582752797583,372.73199851174604,0.0
5.1690000000000005,4.295979746294471,-1.89903188386079,3.6151516763454303,0.0,11.959703791015833,9.956527301798301,373.4795933446983,372.73199851174604,0.0
5.17,4.388833190689894,-1.9663288809766577,4.560792819654681,0.0,11.956692000162905,10.182568790605673,371.60157346714715,372.73199851174604,0.0
5.171,4.565511994370819,-2.011534473251608,5.51110700887624,0.0,11.980885182455093,10.462276966867345,369.5634656772434,372.73199851174604,0.0
5.172,4.834280670112955,-2.0313942411073387,6.561846232173133,0.0,12.032362382685605,10.79471405010768,368.1527709656028,372.73199851174604,0.0
5.173,5.195237541186644,-2.0342388517539733,7.312985863454859,0.0,12.112049880709678,11.134155543194378,366.71362081582106,372.73199851174604,0.0
5.174,5.627012162619056,-2.011863942336057,8.092744715304992,0.0,12.215223092097574,11.481998074518678,365.0618128801225,372.73199851174604,0.0
5.175,6.118331706735441,-1.960841051063172,8.995350539470513,0.0,12.337474466533276,11.847135322350564,363.2579534899807,372.73199851174604,0.0
5.176,6.667795020609315,-1.8841117072801281,9.992020684759057,0.0,12.476084429405184,12.233063871497956,361.38895137168424,372.73199851174604,0.0
5.1770000000000005,7.277305828710569,-1.7871346126798426,10.0,0.0,12.629526063936444,12.523620029489019,358.5102929984387,372.73199851174604,0.0
5.178,7.886692914993406,-1.6471813490717069,10.0,0.0,12.782254062762792,12.739447470571594,354.1445163594157,372.73199851174604,0.0
5.179,8.469999428453391,-1.4588498101273712,10.0,0.0,12.921975069166962,12.890895121810773,348.491120302212,372.73199851174604,0.0
5.18,9.017670725210305,-1.2253042150900364,10.0,0.0,13.039062039989975,12.986759331057794,340.7477043585301,372.73199851174604,0.0
5.181,9.525342689035481,-0.9609136567990735,10.0,0.0,13.127279229193757,13.03437861340921,347.84207095220665,372.73199851174604,0.0
5.182,9.976450960025614,-0.7092079570640869,10.0,0.0,13.186392906324365,13.041512496275203,360.6724240842977,372.73199851174604,0.0
5.183,10.158276425451493,-0.8198466091714797,10.0,0.0,13.254995912757671,13.038354640080712,370.73475725814984,372.73199851174604,0.0
5.184,10.243510360853527,-1.0137106561155653,6.873329260941752,0.0,13.336641491570973,12.690881610612625,380.0167721218539,372.73199851174604,0.0
5.1850000000000005,10.056412147973289,-1.1883088371600226,2.1594740929886562,0.0,13.392642369001582,11.920496223659265,384.83093463819466,372.73199851174604,0.0
5.186,9.450183819809165,-1.2480209144472634,-0.36859652644622365,0.0,13.370826966684952,11.06661438065525,385.6782463431198,372.73199851174604,0.0
5.187,8.531836041929314,-1.204651808262962,-0.9217148572225202,0.0,13.260437197846434,10.355332843814077,384.5157874260565,372.73199851174604,0.0
5.188,7.501088177452609,-1.1242673926529019,-0.4583232878339718,0.0,13.081549657552388,9.864843527027308,382.6425166707622,372.73199851174604,0.0
5.189,6.530259295472817,-1.0724845387891317,0.3792069082230167,0.0,12.866609669840155,9.589492492135207,380.8612434185527,372.73199851174604,0.0
5.19,5.726699111947716,-1.086477688517626,1.1885510852596868,0.0,12.64768565241871,9.479518450842516,379.62892148852626,372.73199851174604,0.0
5.191,5.130823246989558,-1.1694792598694457,1.7357428205051058,0.0,12.448646873961552,9.468257804353723,378.89180266429844,372.73199851174604,0.0
5.192,4.726057454533685,-1.305538612097045,2.0427041910934935,0.0,12.28252242173275,9.50507865660093,378.29333228085255,372.73199851174604,0.0
5.1930000000000005,4.471666390873958,-1.4666065263397143,2.286326045125371,0.0,12.153049376995964,9.569269127716167,377.57537134935137,372.73199851174604,0.0
5.194,4.328970015764083,-1.6265773582296021,2.5968727824999087,0.0,12.058928796209843,9.658969860442573,376.7000062216257,372.73199851174604,0.0
5.195,4.271545537193746,-1.7683892257698866,2.9948752692639484,0.0,11.997189943885509,9.775852996879664,375.4918355137678,372.73199851174604,0.0
5.196,4.28568289275559,-1.879643837147559,3.5713622531726825,0.0,11.964133179013459,9.932178123905427,373.93915026933354,372.73199851174604,0.0
5.197,4.369949039264491,-1.9581645719654666,4.335633357813936,0.0,11.95753933804738,10.138742110852498,372.3191445606857,372.73199851174604,0.0
5.198,4.5297534397007375,-2.0088202439726626,5.1497647516484655,0.0,11.97704819644523,10.389166234700745,369.9415864515632,372.73199851174604,0.0
5.199,4.7697035789054265,-2.0295121198562205,6.366447926811547,0.0,12.021418131015237,10.717396196025385,368.4554796133526,372.73199851174604,0.0
5.2,5.108833643151289,-2.0346154108274925,7.152266534900761,0.0,12.094528511508711,11.056608564137749,367.04192873349007,372.73199851174604,0.0
5.2010000000000005,5.5246362541862775,-2.017176989124883,7.915942672614597,0.0,12.192279831467083,11.403009935984471,365.43083632716144,372.73199851174604,0.0
5.202,6.002876277598513,-1.9720188390234017,8.794500497624757,0.0,12.310103144320145,11.765102525551335,363.65382569018834,372.73199851174604,0.0
5.203,6.540045885278257,-1.900725205069255,9.773787544326883,0.0,12.444962666610648,12.147397927723302,361.79863310321616,372.73199851174604,0.0
5.204,7.137247354799224,-1.808188851519072,10.0,0.0,12.595099714338318,12.459719775993634,359.1494962276702,372.73199851174604,0.0
5.205,7.747824839944528,-1.6776378869840052,10.0,0.0,12.748019999556899,12.692369510982193,355.1211355688071,372.73199851174604,0.0
5.206,8.337904611605271,-1.4999372733234901,10.0,0.0,12.890671671895173,12.858243300962531,349.6732933293655,372.73199851174604,0.0
5.207,8.894326767334174,-1.2763383064073213,10.0,0.0,13.012826675773477,12.966489239765087,342.4551485564705,372.73199851174604,0.0
5.208,9.41148466780562,-1.0189040713467516,10.0,0.0,13.10750899695671,13.024802937580654,335.01476244149984,372.73199851174604,0.0
5.2090000000000005,9.894084296647696,-0.7339790480133246,10.0,0.0,13.169787045587102,13.038839117565066,355.65554095529683,372.73199851174604,0.0
5.21,10.131360690842646,-0.7742487148307169,10.0,0.0,13.234519820936143,13.036425077341054,369.3503690900051,372.73199851174604,0.0
5.211,10.23378077964004,-0.9575279577632769,7.559148115883178,0.0,13.31229593478229,12.763338565595737,378.3906139596505,372.73199851174604,0.0
5.212,10.10187431923249,-1.144881475506494,2.982439526581409,0.0,13.373761880591712,12.06184280196034,383.48700245432576,372.73199851174604,0.0
5.213,9.573635642477468,-1.2269594576777614,0.32669523981799387,0.0,13.366086698318068,11.247065613457444,385.176109777208,372.73199851174604,0.0
5.214,8.726976767343603,-1.2090861210877115,-0.6422995342777513,0.0,13.274914468574874,10.520816732791756,384.6467301741998,372.73199851174604,0.0
5.215,7.7316996275116505,-1.1434805515479174,-0.49675704939816967,0.0,13.113196694455958,9.984789034926198,383.11170169077127,372.73199851174604,0.0
5.216,6.755758882002364,-1.0908128140129414,0.1669601605258304,0.0,12.908910532528925,9.655146508285855,381.29650784318545,372.73199851174604,0.0
5.2170000000000005,5.91637495702288,-1.091583841998968,0.9889119910043451,0.0,12.692700224584375,9.504389971662887,379.95983210239046,372.73199851174604,0.0
5.218,5.272186213843035,-1.1592155806650357,1.584971525495395,0.0,12.490467074745386,9.466902010896979,379.0957626178764,372.73199851174604,0.0
5.219,4.820690304608137,-1.2820594502145917,1.9533686266911214,0.0,12.317544952077508,9.490725279594427,378.4412809171349,372.73199851174604,0.0
5.22,4.528470663004235,-1.4357969558021382,2.223516653007975,0.0,12.179980055465286,9.548535522522315,377.7420805508595,372.73199851174604,0.0
5.221,4.357624450879739,-1.5946616484986846,2.5230160157545507,0.0,12.077890413947824,9.632922588052804,376.880736768226,372.73199851174604,0.0
5.222,4.279153593112079,-1.739495093626554,2.912200524506514,0.0,12.008791475172254,9.745400617446947,375.8009460566231,372.73199851174604,0.0
5.223,4.276436573850629,-1.8577636062704468,3.4214064048591775,0.0,11.969411435153207,9.891355915316476,374.2905682900453,372.73199851174604,0.0
5.224,4.343687242795689,-1.9428781876231225,4.1610095903650794,0.0,11.956744847745371,10.087617227222694,372.7106012369246,372.73199851174604,0.0
5.2250000000000005,4.486355003406649,-1.999058460161594,4.951207089673642,0.0,11.970299734434647,10.327490495288634,370.2818091231379,372.73199851174604,0.0
5.226,4.707280066896573,-2.026475807834107,6.190105040453073,0.0,12.00894056478018,10.650233645431783,368.82707482941913,372.73199851174604,0.0
5.227,5.030122331857546,-2.0375034626196418,6.956521424135735,0.0,12.076930495655164,10.983179987781657,367.4438019128408,372.73199851174604,0.0
5.228,5.430100471342771,-2.025727332384552,7.701039848413955,0.0,12.170010416803919,11.323094379124058,365.84298853933484,372.73199851174604,0.0
5.229,5.892463286263576,-1.985483792362075,8.570336634891046,0.0,12.283464756871911,11.679642657470353,364.0630570752229,372.73199851174604,0.0
5.23,6.414042468493323,-1.9183542068476602,9.546991781312247,0.0,12.414246671761376,12.057870558334315,362.2056280198525,372.73199851174604,0.0
5.231,6.996471117531731,-1.829409355739784,10.0,0.0,12.560660547481575,12.392566853620343,359.78278448653526,372.73199851174604,0.0
5.232,7.6068488839341875,-1.7080818414460186,10.0,0.0,12.713446087097115,12.642587556949021,356.09617455021424,372.73199851174604,0.0
5.2330000000000005,8.203030216237954,-1.5411525816244236,10.0,0.0,12.85880619964653,12.823408575016995,350.9215378865463,372.73199851174604,0.0
5.234,8.767921971397048,-1.3278791380197967,10.0,0.0,12.985921616549515,12.944507222788655,344.2912259309138,372.73199851174604,0.0
5.235,9.294638785932259,-1.0776340780397144,10.0,0.0,13.087041134377596,13.01391761542616,335.6919481912679,372.73199851174604,0.0
5.236,9.785566837206948,-0.7983794352697808,10.0,0.0,13.156774179581731,13.037764003087863,348.25695490646154,372.73199851174604,0.0
5.237,10.079092501675735,-0.7688050617051392,10.0,0.0,13.221457924367213,13.038820513924989,364.37601396065025,372.73199851174604,0.0
5.238,10.222289851617997,-0.9034081763032615,10.0,0.0,13.294881032099298,13.033423296307987,378.49756857989644,372.73199851174604,0.0
5.239,10.254517727072807,-1.1432321038015676,2.956459827396828,0.0,13.385456708175306,12.25900559943894,384.2313638920215,372.73199851174604,0.0
5.24,9.787724266515447,-1.2476494537904044,-0.025431482468445843,0.0,13.398620716180597,11.36518415692111,385.356447639788,372.73199851174604,0.0
5.2410000000000005,8.937487126482761,-1.220913020596567,-0.7142178476321135,0.0,13.317100997982363,10.604971823184258,384.6088654750652,372.73199851174604,0.0
5.242,7.920232786601198,-1.1403990794433168,-0.45919543490392556,0.0,13.159122849035352,10.050964686039656,383.18236018482503,372.73199851174604,0.0
5.243,6.918906486203898,-1.0754919639993448,0.14955359348537733,0.0,12.955207157981274,9.700945966355238,381.42738697266736,372.73199851174604,0.0
5.244,6.050683116407217,-1.0669716107761795,0.9400863149549972,0.0,12.736392996364062,9.531899966285286,380.119298263315,372.73199851174604,0.0
5.245,5.377262609245554,-1.1281653975510733,1.5202576721154957,0.0,12.529372170979038,9.479184694223378,379.27153880700484,372.73199851174604,0.0
5.246,4.89845364359887,-1.2475465064524305,1.878741997317979,0.0,12.350301885037727,9.490605210179343,378.6338225072045,372.73199851174604,0.0
5.247,4.581906547428925,-1.400861010589062,2.1385819072635597,0.0,12.20595146365216,9.5380062837098,377.9518583164334,372.73199851174604,0.0
5.248,4.389735372660455,-1.5620616716746567,2.4273654046022424,0.0,12.096975119436246,9.613373351619286,377.1118131291642,372.73199851174604,0.0
5.249,4.292662012290027,-1.7111356927120753,2.80358985206266,0.0,12.021219252136133,9.717559290456556,375.98368082568015,372.73199851174604,0.0
5.25,4.27312296618043,-1.8351521152978474,3.335139180665344,0.0,11.975608631723818,9.85963779182013,374.7179563773834,372.73199851174604,0.0
5.251,4.326232257923138,-1.9287356445047472,3.9481418261573387,0.0,11.957820947475991,10.03902476617141,373.0988228437908,372.73199851174604,0.0
5.252,4.450044823269337,-1.9898354073452569,4.7540403496331995,0.0,11.965535867708466,10.268124796519551,370.7246044832269,372.73199851174604,0.0
5.253,4.650638472861123,-2.02361555504329,5.961223470200327,0.0,11.998494117570882,10.578990298082115,369.1469186305036,372.73199851174604,0.0
5.2540000000000004,4.953401736291751,-2.0380123550837497,6.785917195374419,0.0,12.060488939130783,10.909411530556696,367.77327113519397,372.73199851174604,0.0
5.255,5.3372850858541545,-2.0313249313357553,7.522328216794754,0.0,12.148446817169466,11.246548861226744,366.2176968520632,372.73199851174604,0.0
5.256,5.7856743632393455,-1.9968439847817228,8.365258374956952,0.0,12.257596610587832,11.598642466800543,364.4657850456554,372.73199851174604,0.0
5.257,6.293548470963621,-1.9348691009588566,9.323876412821757,0.0,12.384568357466755,11.972078114666491,362.61702543496165,372.73199851174604,0.0
5.258,6.8620847958838045,-1.8500451980887582,10.0,0.0,12.527475613966907,12.328194531980715,360.4140757804059,372.73199851174604,0.0
5.259,7.472310925503763,-1.738146464768349,10.0,0.0,12.680243164911918,12.594789286332766,357.0536956927583,372.73199851174604,0.0
5.26,8.074228970831717,-1.5819234590310256,10.0,0.0,12.82832789289973,12.789892596654227,352.18546036804014,372.73199851174604,0.0
5.261,8.64704841228365,-1.3787208655540315,10.0,0.0,12.96032442389581,12.923303090635889,346.1106395007493,372.73199851174604,0.0
5.2620000000000005,9.182991050039313,-1.1348894447692468,10.0,0.0,13.067672920838897,13.003346692580397,337.7066447353637,372.73199851174604,0.0
5.263,9.68074978009537,-0.862424215347036,10.0,0.0,13.144758067253528,13.036726750096149,350.69597724667244,372.73199851174604,0.0
5.264,10.022997960240092,-0.7712848800253537,10.0,0.0,13.210172030187108,13.04180760398643,359.6137571358423,372.73199851174604,0.0
5.265,10.195016983054193,-0.8766587891045947,10.0,0.0,13.282055205568293,13.037422158072937,373.85115863710087,372.73199851174604,0.0
5.266,10.256588556389502,-1.084499007151938,5.308468227930271,0.0,13.368120203714424,12.519542396522498,383.5913829583364,372.73199851174604,0.0
5.267,9.946431390906902,-1.2413785537921977,0.3297622228466013,0.0,13.408969073840854,11.596047772039652,386.00648673320745,372.73199851174604,0.0
5.268,9.176939210094293,-1.2472206061553968,-1.010534546803541,0.0,13.352457424799908,10.752884480641614,385.277313962028,372.73199851174604,0.0
5.269,8.163688855951294,-1.1667779302997454,-0.7714013157166422,0.0,13.2083734966555,10.131856593742949,383.6120671339142,372.73199851174604,0.0
5.2700000000000005,7.126175584649306,-1.084001600680532,-0.04757858788141256,0.0,13.008294203136101,9.739746226772505,381.71753507911797,372.73199851174604,0.0
5.271,6.209569975606731,-1.0547935643675301,0.8098320738429834,0.0,12.786626681573367,9.54436739694016,380.25467157062116,372.73199851174604,0.0
5.272,5.48913534160862,-1.0996749564866213,1.466037097502637,0.0,12.572817062679896,9.48004989756946,379.3540739371843,372.73199851174604,0.0
5.273,4.973428917346534,-1.2099619508116812,1.850115159966684,0.0,12.38563941119327,9.48599308320978,378.74184786661806,372.73199851174604,0.0
5.274,4.630339167769051,-1.3611312719737363,2.0961297017010825,0.0,12.233299598803915,9.528427812314451,378.1172423705536,372.73199851174604,0.0
5.275,4.418644206512055,-1.5251927185326475,2.354580011145245,0.0,12.116972306473823,9.597210024133727,377.31866681351477,372.73199851174604,0.0
5.276,4.30560290244577,-1.6798225677719003,2.7080011066469662,0.0,12.034524633509399,9.694090696783537,376.387124679317,372.73199851174604,0.0
5.277,4.271192389911377,-1.8116038374333137,3.137220912070127,0.0,11.982959436276758,9.819373245851573,374.9211838543423,372.73199851174604,0.0
5.2780000000000005,4.306022207621776,-1.9093213254513848,3.8482994711315257,0.0,11.958510124659558,9.996722078658575,373.42157029435924,372.73199851174604,0.0
5.279,4.415575221627622,-1.978188871624092,4.591210533296924,0.0,11.960838882683593,10.2167979949072,371.3680493920231,372.73199851174604,0.0
5.28,4.600311802731592,-2.019965945931548,5.631610475662212,0.0,11.988849159242184,10.502888584590513,369.4610571493005,372.73199851174604,0.0
5.281,4.8786693978418905,-2.0360656546711633,6.617816010647994,0.0,12.044020664331526,10.832477782735042,368.02576963879767,372.73199851174604,0.0
5.282,5.244923729508182,-2.033682479602964,7.382522054628879,0.0,12.126210792381494,11.17137642052991,366.53122515665694,372.73199851174604,0.0
5.283,5.680907979880056,-2.0058729396446804,8.191802029250132,0.0,12.23103655376122,11.521682219894569,364.84319805952214,372.73199851174604,0.0
5.284,6.17757019534112,-1.950526910873657,9.114703582339775,0.0,12.354600351174213,11.890593385357388,363.02704355107784,372.73199851174604,0.0
5.285,6.733968581009316,-1.8709238007114033,10.0,0.0,12.494496003562048,12.266886204158055,361.04658676570534,372.73199851174604,0.0
5.2860000000000005,7.344425944993843,-1.768925081555364,10.0,0.0,12.647607544585627,12.549100015959228,358.00127039815726,372.73199851174604,0.0
5.287,7.951756217053824,-1.6234433332816294,10.0,0.0,12.798646307568406,12.757701844395882,353.45420037776955,372.73199851174604,0.0
5.288,8.53184041326114,-1.4300446428836278,10.0,0.0,12.935622338635545,12.902811407424952,347.7008797855156,372.73199851174604,0.0
5.289,9.07595161120209,-1.1926643206108394,10.0,0.0,13.049233874352836,12.993056227446388,339.70070020927113,372.73199851174604,0.0
5.29,9.58017463194936,-0.9258740445083746,10.0,0.0,13.133535611352006,13.035614298734625,354.1456750065439,372.73199851174604,0.0
5.291,9.993405312469733,-0.7308297540802142,10.0,0.0,13.194876012594005,13.041933591944188,360.4156154529147,372.73199851174604,0.0
5.292,10.166541634447178,-0.848983612418118,10.0,0.0,13.265661670354216,13.038842307344677,370.8105291682467,372.73199851174604,0.0
5.293,10.248598245554458,-1.0397831203523094,6.843884746669888,0.0,13.348866041167836,12.688671175112798,381.54691199179035,372.73199851174604,0.0
5.2940000000000005,10.050230135892843,-1.2206836525066644,1.3875442000976266,0.0,13.406723925134543,11.835842343769674,385.8313738868805,372.73199851174604,0.0
5.295,9.389371014904626,-1.2641370962102123,-0.8856805011987916,0.0,13.376484011056109,10.949301694492735,385.92197805801135,372.73199851174604,0.0
5.296,8.418789772828147,-1.199443973008507,-1.062882382226869,0.0,13.253063245468608,10.251786504254058,384.3028493569564,372.73199851174604,0.0
5.297,7.363338292497727,-1.1079733571836357,-0.3690265401515065,0.0,13.06281820090727,9.796170768334644,382.2411929798569,372.73199851174604,0.0
5.298,6.39768105407694,-1.0575313525803396,0.5667097037171338,0.0,12.84140217286201,9.558752311378822,380.55825048845014,372.73199851174604,0.0
5.299,5.620261306615541,-1.0812138228095298,1.3299184296534818,0.0,12.621495393696938,9.473389294564914,379.4565030847867,372.73199851174604,0.0
5.3,5.0561021637724775,-1.1753937975270135,1.8135470857548084,0.0,12.425165963283607,9.474422274665791,378.8074577164521,372.73199851174604,0.0
5.301,4.679179916638976,-1.3198660940907856,2.0773151778750254,0.0,12.263522926796544,9.515717073043717,378.2323125849297,372.73199851174604,0.0
5.3020000000000005,4.445462745154518,-1.4848675876730635,2.309884602904412,0.0,12.13887911512439,9.581602710159123,377.495735103033,372.73199851174604,0.0
5.303,4.31707830292954,-1.6448692753085425,2.6305359779398874,0.0,12.049238419035074,9.673166476329289,376.7214614932734,372.73199851174604,0.0
5.304,4.269705965945497,-1.7845934454654522,2.977778153004401,0.0,11.991487811012608,9.785527034426243,375.39474096337386,372.73199851174604,0.0
5.305,4.288638537175997,-1.8895509617468198,3.6145109934378956,0.0,11.960896404691466,9.944888360403102,373.64997731805306,372.73199851174604,0.0
5.306,4.378321957421225,-1.9619695008384483,4.477713028035227,0.0,11.956216735737392,10.164163458036857,371.904487034354,372.73199851174604,0.0
5.307,4.548888021785208,-2.010334748554247,5.358733284658667,0.0,11.97852853529992,10.431457854016854,369.737838526281,372.73199851174604,0.0
5.308,4.806163240534138,-2.0310153588543143,6.47199913854983,0.0,12.027129809160048,10.761308418298148,368.2928057521699,372.73199851174604,0.0
5.309,5.157795727746222,-2.0350190192126574,7.238907453201141,0.0,12.104089608598706,11.100154488204224,366.8604294919648,372.73199851174604,0.0
5.3100000000000005,5.5824346855429186,-2.0147351279623567,8.013811273501505,0.0,12.204966770442992,11.447188307664568,365.22319602982685,372.73199851174604,0.0
5.311,6.067814834429625,-1.9661466553338662,8.907516029389669,0.0,12.32531770497225,11.81101951950843,363.43015545321833,372.73199851174604,0.0
5.312,6.611750565498928,-1.891689499890666,9.897054748279205,0.0,12.4623122648605,12.195435786211041,361.5678891755333,372.73199851174604,0.0
5.313,7.2158019777878195,-1.7965876403709875,10.0,0.0,12.614332362437459,12.495532174691522,358.7907933868646,372.73199851174604,0.0
5.314,7.825662975856078,-1.6606845836191995,10.0,0.0,12.76716177145727,12.718747285899827,354.5733444046748,372.73199851174604,0.0
5.315,8.411906035196491,-1.4769626919126972,10.0,0.0,12.90817937317573,12.876535700342522,349.00302500427046,372.73199851174604,0.0
5.316,8.963416272440675,-1.2477135816201095,10.0,0.0,13.027493872951492,12.97784333800933,341.4872280693955,372.73199851174604,0.0
5.317,9.475253988005132,-0.9863380862529563,10.0,0.0,13.118548873128901,13.030164615547388,341.92764753482567,372.73199851174604,0.0
5.3180000000000005,9.944824201633844,-0.7123538077602385,10.0,0.0,13.17820598536184,13.039824919005863,359.394014939648,372.73199851174604,0.0
5.319,10.146870359061527,-0.7986739281817545,10.0,0.0,13.245098472748637,13.036955528161034,370.1370985448648,372.73199851174604,0.0
5.32,10.238369715957706,-0.9902929626227994,7.169424329700868,0.0,13.325229664896568,12.721654533722159,379.13638726307045,372.73199851174604,0.0
5.321,10.076045902757837,-1.1691843484821804,2.6057360830847927,0.0,13.383579500485938,11.990967420538132,384.2479294051682,372.73199851174604,0.0
5.322,9.509232055677181,-1.2406886325079016,-0.06519429689829526,0.0,13.369102198582205,11.151744827946343,385.53539504366455,372.73199851174604,0.0
5.323,8.623908388885361,-1.209538607409462,-0.8369610814656667,0.0,13.268008822008582,10.42852918679707,384.6328979385462,372.73199851174604,0.0
5.324,7.606613909936701,-1.1348547564006846,-0.5047215231744895,0.0,13.096799495617411,9.914838947379499,382.86209035836646,372.73199851174604,0.0
5.325,6.630243470332097,-1.0813779928395655,0.2793813484491743,0.0,12.886206472441968,9.615553523127282,381.0370004627324,372.73199851174604,0.0
5.3260000000000005,5.809121872884943,-1.0880008306864486,1.1088762767563356,0.0,12.668007488957613,9.489100423703436,379.77520840805727,372.73199851174604,0.0
5.327,5.191300767058576,-1.164251854569832,1.6693402051307933,0.0,12.46730447812801,9.466577924378083,378.98244695194717,372.73199851174604,0.0
5.328,4.765772025796823,-1.2945487400509426,2.0032164487838315,0.0,12.29798966561292,9.497989071900923,378.3579412201261,372.73199851174604,0.0
5.329,4.494838910439187,-1.4525108255585897,2.2592098876105524,0.0,12.164820309652656,9.559695494531102,377.6466163380547,372.73199851174604,0.0
5.33,4.340084754603954,-1.6120995822686612,2.5657261503831847,0.0,12.06711367393447,9.647384819807257,376.7793338031055,372.73199851174604,0.0
5.331,4.273765592249863,-1.755496260543601,2.9588940649441895,0.0,12.002124381358858,9.762465423258563,375.5727201799525,372.73199851174604,0.0
5.332,4.280944795858061,-1.8698135780860738,3.5337936598386124,0.0,11.96628301653286,9.91739340937951,374.12693161095956,372.73199851174604,0.0
5.333,4.359473208673437,-1.9524382235983466,4.242738613342953,0.0,11.957464124632482,10.116913075968686,372.53018802631647,372.73199851174604,0.0
5.3340000000000005,4.511610718118065,-2.0053527139939384,5.0431285105187955,0.0,11.97447343606945,10.360602483952448,370.09177646698595,372.73199851174604,0.0
5.335,4.741925522683813,-2.028343536875051,6.288736510631656,0.0,12.016150602774069,10.686823609914406,368.61323992089467,372.73199851174604,0.0
5.336,5.073323219593763,-2.0356708501855296,7.069192369585808,0.0,12.086858261639758,11.023833805820018,367.21333723991125,372.73199851174604,0.0
5.337,5.4821124370372605,-2.0206283026322067,7.8243303227958645,0.0,12.182468220845474,11.367821527335519,365.6090656422705,372.73199851174604,0.0
5.338,5.953590655266836,-1.9776942953739145,8.697695450311008,0.0,12.298343640959285,11.727715545283786,363.8329133063969,372.73199851174604,0.0
5.339,6.484192858738459,-1.9083358917403657,9.674762470301285,0.0,12.431420836529435,12.108299964172804,361.97802979120416,372.73199851174604,0.0
5.34,7.075139371421174,-1.8174595102728486,10.0,0.0,12.579945936506377,12.430441024436508,359.4289070703678,372.73199851174604,0.0
5.341,7.685791039711525,-1.6909901258746376,10.0,0.0,12.732829764042872,12.67070589498944,355.5509797018302,372.73199851174604,0.0
5.3420000000000005,8.278655305888755,-1.5180265022152284,10.0,0.0,12.876690391122459,12.843124108644133,350.21588503405764,372.73199851174604,0.0
5.343,8.838860479583822,-1.2989568535777212,10.0,0.0,13.001038751746023,12.956992637196635,343.2474670803499,372.73199851174604,0.0
5.344,9.360226448756134,-1.0447139484490857,10.0,0.0,13.098563106084704,13.020160944084239,334.5946531071101,372.73199851174604,0.0
5.345,9.84677161997357,-0.7618434506410316,10.0,0.0,13.16407852997068,13.038458546574754,351.8369761773057,372.73199851174604,0.0
5.346,10.112014012624257,-0.7662607452474766,10.0,0.0,13.228186779101899,13.037166719725414,367.8172812193281,372.73199851174604,0.0
5.347,10.229680417104476,-0.9323196347658665,8.332361863046481,0.0,13.303977325536021,12.848683824842922,378.26710921065285,372.73199851174604,0.0
5.348,10.1505428913843,-1.1371720842948922,3.0520967603950373,0.0,13.374213708391489,12.132357286043995,383.41191997192584,372.73199851174604,0.0
5.349,9.64838146377655,-1.2272730254386643,0.3728921651567427,0.0,13.373656378112047,11.30722356674046,385.07811534604707,372.73199851174604,0.0
5.3500000000000005,8.813131321377131,-1.2110823541410223,-0.5836666902468828,0.0,13.287959425676014,10.572973959585173,384.6279232805146,372.73199851174604,0.0
5.351,7.82014902205339,-1.1449148884097207,-0.4775299051683364,0.0,13.13029069325059,10.025695804316108,383.2138873100546,372.73199851174604,0.0
5.352,6.838698949922329,-1.0897733473937075,0.12466919207858762,0.0,12.928257123686354,9.680588809118962,381.4210634404081,372.73199851174604,0.0
5.353,5.986339322314958,-1.0864438377215415,0.9341904776152159,0.0,12.712101380905043,9.516759565237166,380.06522458817807,372.73199851174604,0.0
5.354,5.326044654728977,-1.149625656065352,1.538777642965906,0.0,12.508161583128231,9.470215863957014,379.17974950541105,372.73199851174604,0.0
5.355,4.858920727085454,-1.2690885189889058,1.9170376744127644,0.0,12.332470491739233,9.488275970197773,378.5182710361681,372.73199851174604,0.0
5.356,4.5533606428208016,-1.4212798435356426,2.1899141837900338,0.0,12.191700937184118,9.542135142385263,377.82332156953026,372.73199851174604,0.0
5.357,4.371698258396937,-1.5804654388213248,2.4864756865310955,0.0,12.086382757539223,9.623351703550213,376.9743995703619,372.73199851174604,0.0
5.3580000000000005,4.284544706658576,-1.726910556200776,2.8685126755291064,0.0,12.014235158934191,9.732743511243523,375.83302963261286,372.73199851174604,0.0
5.359,4.2744723342372355,-1.8475980474000964,3.4081873331949684,0.0,11.972052673817132,9.87976164620924,374.45219568713316,372.73199851174604,0.0
5.36,4.336880914872491,-1.9373113549634826,4.081402334180951,0.0,11.957451839628323,10.069550955104386,372.937880761419,372.73199851174604,0.0
5.361,4.472498721199511,-1.9965913259309473,4.836500974541288,0.0,11.968913683478698,10.300936077231288,370.4862317406314,372.73199851174604,0.0
5.362,4.683227489874354,-2.026299861656324,6.08478315264624,0.0,12.00504299437684,10.618264938227515,368.9807439102953,372.73199851174604,0.0
5.363,4.996342473215959,-2.038276111837572,6.875039613828802,0.0,12.070312562447478,10.949583872682142,367.59771601259934,372.73199851174604,0.0
5.364,5.388357728740685,-2.028249754794836,7.617896387668252,0.0,12.160964405380005,11.288119022734584,366.0114610167852,372.73199851174604,0.0
5.365,5.843924438714582,-1.9901911318948247,8.478229260524941,0.0,12.272318394075942,11.642881704808987,364.2408301868119,372.73199851174604,0.0
5.3660000000000005,6.359169195170505,-1.9251745870211034,9.44845635876093,0.0,12.401242018402622,12.019303913512523,362.3868030426314,372.73199851174604,0.0
5.367,6.935476028838466,-1.8380549159310675,10.0,0.0,12.545982502795816,12.363702489193397,360.06206661884283,372.73199851174604,0.0
5.368,7.5459590634580085,-1.720975225470418,10.0,0.0,12.698681227078012,12.621229753861646,356.52148450197456,372.73199851174604,0.0
5.369,8.14490923409595,-1.5588962539702842,10.0,0.0,12.845204915438401,12.808494476067306,351.4795608557778,372.73199851174604,0.0
5.37,8.713541474527089,-1.3502033878369128,10.0,0.0,12.974467281623653,12.935125050147395,345.1121323082593,372.73199851174604,0.0
5.371,9.24452103322683,-1.1029565301492879,10.0,0.0,13.078356242914078,13.00929737438534,336.5725574949482,372.73199851174604,0.0
5.372,9.738679686007309,-0.8267437872323518,10.0,0.0,13.151362607355267,13.037393706109675,347.8325294830131,372.73199851174604,0.0
5.373,10.051809054688361,-0.7740231786419818,10.0,0.0,13.216840829009003,13.04047839707859,361.77219390013363,372.73199851174604,0.0
5.3740000000000006,10.212322159758784,-0.8884682294481339,10.0,0.0,13.289195859268833,13.035277293245048,376.9563933778328,372.73199851174604,0.0
5.375,10.25682798851349,-1.1151408351282113,3.7342307698941557,0.0,13.377584812236076,12.345306677396888,383.83096076025686,372.73199851174604,0.0
5.376,9.842436204935305,-1.237621574160778,0.1859574561970163,0.0,13.399343963558563,11.451547800705786,385.34755053931735,372.73199851174604,0.0
5.377,9.025748650372817,-1.2238389850338558,-0.6984929536089446,0.0,13.326810419885401,10.673225628040456,384.7313269521949,372.73199851174604,0.0
5.378,8.019612449396918,-1.147210302223477,-0.5103744444521947,0.0,13.175406684095154,10.097527964941364,383.3453328118174,372.73199851174604,0.0
5.3790000000000004,7.012521744255173,-1.0796642116757995,0.07648928273582989,0.0,12.97490977244187,9.727652135028105,381.60026811561033,372.73199851174604,0.0
5.38,6.128748252649512,-1.0650405389843827,0.8603389348007191,0.0,12.756541825872022,9.542213198421312,380.21337512615185,372.73199851174604,0.0
5.381,5.435422083108004,-1.1196854276606012,1.478971663385905,0.0,12.547623954779775,9.48112060817544,379.32465414238817,372.73199851174604,0.0
5.382,4.938837996909483,-1.234424569363267,1.8574055989613214,0.0,12.365563468472692,9.488377883258797,378.68520406508,372.73199851174604,0.0
5.383,4.6084311529983655,-1.3857912562663994,2.1175985820820813,0.0,12.217937702446974,9.532919182958874,378.0226498534148,372.73199851174604,0.0
5.384,4.405715305524572,-1.547362750844346,2.395969174497978,0.0,12.105787840528379,9.605257286203923,377.2228661195623,372.73199851174604,0.0
5.385,4.2999660991557995,-1.6985888801390363,2.750952365346069,0.0,12.027105934402783,9.705016292227562,376.2000780088115,372.73199851174604,0.0
5.386,4.272166982589096,-1.825380999546119,3.227665625750819,0.0,11.97870299133394,9.837820244530972,374.71817013768174,372.73199851174604,0.0
5.3870000000000005,4.315451392296227,-1.9192843687477128,3.9487578450563365,0.0,11.957482187220434,10.022017242583262,373.2473787389267,372.73199851174604,0.0
5.388,4.434534634847601,-1.9850118760009323,4.678999742162036,0.0,11.963094155429342,10.246121834323969,370.9897733103278,372.73199851174604,0.0
5.389,4.628521592317996,-2.022902866325958,5.8252247084756865,0.0,11.99406611985465,10.547011758138705,369.3088481031793,372.73199851174604,0.0
5.39,4.921294338776374,-2.038512336044613,6.6999188161356065,0.0,12.0533680119847,10.875398855658236,367.9126453751469,372.73199851174604,0.0
5.391,5.296885156522432,-2.033591816447122,7.446213711517794,0.0,12.138881072800794,11.211835667566783,366.3730062850549,372.73199851174604,0.0
5.392,5.73861308305115,-2.001536259720237,8.279623178830711,0.0,12.246009602682143,11.56255803307598,364.63855397278934,372.73199851174604,0.0
5.393,6.240423039593144,-1.9419874906648913,9.22778378035305,0.0,12.371267707097466,11.934102770562392,362.79916778293733,372.73199851174604,0.0
5.394,6.802918107807811,-1.8591952208382005,10.0,0.0,12.512642812829512,12.299624664949437,360.6958402197652,372.73199851174604,0.0
5.3950000000000005,7.413066862450906,-1.7516459567770912,10.0,0.0,12.665430101078602,12.573518305945925,357.47940035698537,372.73199851174604,0.0
5.396,8.017465550613938,-1.6002857403341895,10.0,0.0,12.814753893434322,12.77491894351617,352.7556999016513,372.73199851174604,0.0
5.397,8.593715318086584,-1.401602091685958,10.0,0.0,12.948943771124622,12.9137684090246,346.85928967912736,372.73199851174604,0.0
5.398,9.133633089121641,-1.1606565962078106,10.0,0.0,13.059082439580619,12.998523458612084,338.6215379963021,372.73199851174604,0.0
5.399,9.634391136480101,-0.8910674891068364,10.0,0.0,13.139437399323437,13.036132662587345,352.4187455579781,372.73199851174604,0.0
5.4,10.00781358148244,-0.7551683363357657,10.0,0.0,13.203264767755698,13.041947553662688,359.9342648393133,372.73199851174604,0.0
5.401,10.181864307764128,-0.864377309042176,10.0,0.0,13.274662866977678,13.03815233703276,372.3542020157329,372.73199851174604,0.0
5.402,10.252744433002025,-1.064711903491725,6.064638874327048,0.0,13.359486350276853,12.602930421650644,382.6928409026812,372.73199851174604,0.0
5.4030000000000005,9.997503046613302,-1.233192495733884,0.79571100694353,0.0,13.40883481291004,11.708269945736339,385.9974045258217,372.73199851174604,0.0
5.404,9.277593310023004,-1.2566219062186788,-0.9892248647674746,0.0,13.364674810919386,10.840994353623456,385.611540301377,372.73199851174604,0.0
5.405,8.281389208768083,-1.1824612259298557,-0.925088170441418,0.0,13.229811280979892,10.183318069387907,383.9340075431622,372.73199851174604,0.0
5.406,7.233160504494967,-1.094625485389026,-0.19834188164818123,0.0,13.03374615095419,9.762566901863455,381.94384840309567,372.73199851174604,0.0
5.407,6.29276744325004,-1.0551060917978017,0.7046191894715772,0.0,12.811743641288981,9.549303542718329,380.4062393607507,372.73199851174604,0.0
5.408,5.545981680477201,-1.090673646442872,1.3966813021540148,0.0,12.594922671622658,9.47500599349763,379.38720078485693,372.73199851174604,0.0
5.409,5.008102619415066,-1.1932671770687295,1.8396485673697924,0.0,12.403283656823286,9.479960719368384,378.75956167751355,372.73199851174604,0.0
5.41,4.650237060195289,-1.3415919895493653,2.09319248938381,0.0,12.246593810157538,9.522702650845067,378.16465887420696,372.73199851174604,0.0
5.4110000000000005,4.429389398399594,-1.506507223990838,2.3363172874124913,0.0,12.126504568969791,9.590424280275847,377.395995697035,372.73199851174604,0.0
5.412,4.310098733060314,-1.6639156268395132,2.6740089041455812,0.0,12.040862186812834,9.68499314907449,376.5427497029534,372.73199851174604,0.0
5.413,4.270279013471427,-1.7996183764058165,3.0625243892743024,0.0,11.986594148175243,9.804087942475789,375.3800941222941,372.73199851174604,0.0
5.414,4.297767301882333,-1.901140758629581,3.6173712234984734,0.0,11.959472827290497,9.95957254066548,373.4435082384879,372.73199851174604,0.0
5.415,4.391505794268942,-1.9673787630883013,4.578549068134171,0.0,11.956883054981407,10.186941290236996,371.53378072988414,372.73199851174604,0.0
5.416,4.569575436382404,-2.011855948134756,5.545395000254659,0.0,11.98151924517091,10.469405185998731,369.52489812800513,372.73199851174604,0.0
5.417,4.840910436158401,-2.0315163200195827,6.581907305031572,0.0,12.033656074974497,10.802368051853277,368.12195014496865,372.73199851174604,0.0
5.418,5.203929614685115,-2.0340599951166283,7.329481780217588,0.0,12.113958708925008,11.141897623685239,366.6808019725606,372.73199851174604,0.0
5.4190000000000005,5.637265942199846,-2.011172570750523,8.110567831813482,0.0,12.21764098323242,11.489911418411388,365.0252729117629,372.73199851174604,0.0
5.42,6.129893388439122,-1.9595712981511317,9.01539961821215,0.0,12.340309143839438,11.85535704127239,363.2187308085132,372.73199851174604,0.0
5.421,6.680596542168855,-1.8823162626596637,10.0,0.0,12.479273009493784,12.24013156959279,361.33535358863145,372.73199851174604,0.0
5.422,7.290547981617468,-1.7845347240725413,10.0,0.0,12.63283452252507,12.52889140102666,358.42875521245963,372.73199851174604,0.0
5.423,7.8995406772235555,-1.6435356832702888,10.0,0.0,12.785383788294235,12.74324171849808,354.0297155957304,372.73199851174604,0.0
5.424,8.48212607491397,-1.4541727248741214,10.0,0.0,12.924693224218073,12.893417464009396,348.35899262168994,372.73199851174604,0.0
5.425,9.028987080619697,-1.2197692336193011,10.0,0.0,13.041198536646586,12.988177721911239,340.56690050145494,372.73199851174604,0.0
5.426,9.535846647373463,-0.9548226220554616,10.0,0.0,13.12872925126296,13.034826542979886,349.6590723459092,372.73199851174604,0.0
5.4270000000000005,9.98070873888979,-0.712020871351566,10.0,0.0,13.188113050062771,13.041697319004053,360.74128881360144,372.73199851174604,0.0
5.428,10.159737957797166,-0.8257149985278327,10.0,0.0,13.257179918081443,13.038574804141138,370.73913409012175,372.73199851174604,0.0
5.429,10.244389477467639,-1.0189099737069487,6.87300728602619,0.0,13.339142353809905,12.691180654054579,380.2757100271684,372.73199851174604,0.0
5.43,10.05579383188344,-1.1942584932888307,2.0292822023486554,0.0,13.395525518359072,11.9067743666957,385.0309153389925,372.73199851174604,0.0
5.431,9.440284587214569,-1.2513595718590342,-0.4713096218358661,0.0,13.372357371164341,11.04563923516183,385.7360669696412,372.73199851174604,0.0
5.432,8.512050231550822,-1.2041140320140418,-0.9539261217391601,0.0,13.259624505367041,10.336169591990693,384.4859291455632,372.73199851174604,0.0
5.433,7.476235884644448,-1.1214067017527123,-0.44639651603834807,0.0,13.078592610902064,9.851685282786118,382.5473431514899,372.73199851174604,0.0
5.434,6.505630948424616,-1.0698661486979355,0.4247430346008745,0.0,12.862373087429713,9.584704669083928,380.80751741166387,372.73199851174604,0.0
5.4350000000000005,5.707362426394889,-1.0856688655803732,1.2139007155147041,0.0,12.643331159321999,9.478999601859925,379.61043335450637,372.73199851174604,0.0
5.436,5.117432701829714,-1.1707588917807021,1.7436583956658493,0.0,12.444824793015867,9.469252201036909,378.88740186289033,372.73199851174604,0.0
5.437,4.7174413147769485,-1.3081976866095886,2.043620107962427,0.0,12.279461690427215,9.506426870546846,378.28696141254443,372.73199851174604,0.0
5.438,4.466382687444186,-1.469754700122823,2.2882907041273928,0.0,12.150749248586594,9.57087844643818,377.56058269039397,372.73199851174604,0.0
5.439,4.326007204145035,-1.6295775402101829,2.6031942234161427,0.0,12.057318150793641,9.661137018606011,376.8245978621662,372.73199851174604,0.0
5.44,4.270146675358793,-1.7713701903117953,2.930260644025841,0.0,11.996254983107077,9.77059579818544,375.423937549843,372.73199851174604,0.0
5.441,4.281930785065462,-1.879256908789376,3.6036714098064557,0.0,11.962693622678625,9.931952045712444,373.82995341806594,372.73199851174604,0.0
5.442,4.367503202138613,-1.9567382489879532,4.389683926631788,0.0,11.956068103282789,10.144248676855899,372.2029554212811,372.73199851174604,0.0
5.4430000000000005,4.531315966283996,-2.008186476571912,5.208473355928856,0.0,11.976219290573132,10.399696125114593,369.90999610112004,372.73199851174604,0.0
5.444,4.77688503298698,-2.0300978654669306,6.383173040115646,0.0,12.021795874462919,10.72726854854815,368.4411813729509,372.73199851174604,0.0
5.445,5.1192682948733195,-2.0356242905704542,7.160488575588173,0.0,12.095960835179524,11.065192631946976,367.0194979586556,372.73199851174604,0.0
5.446,5.536612099582537,-2.017675663494102,7.928455288266714,0.0,12.194472094934916,11.410960000218338,365.3963707459544,372.73199851174604,0.0
5.447,6.015664541834205,-1.9716346526443695,8.813375172275233,0.0,12.3128239406192,11.77314094715167,363.6119819534166,372.73199851174604,0.0
5.448,6.553594088598647,-1.8994972404091452,9.796769734127434,0.0,12.448083991191007,12.155881461202178,361.75454234572226,372.73199851174604,0.0
5.449,7.151744314947164,-1.8063157824703189,10.0,0.0,12.598563501859767,12.465978083101586,359.08225209025045,372.73199851174604,0.0
5.45,7.761982892018578,-1.6746669592505157,10.0,0.0,12.7514551676768,12.696935950004825,355.01985848491,372.73199851174604,0.0
5.4510000000000005,8.351232858372654,-1.4957974260040139,10.0,0.0,12.893794293177542,12.86137208627122,349.54835214595647,372.73199851174604,0.0
5.452,8.90669014671234,-1.2711329337576407,10.0,0.0,13.015418720940211,12.968390719407225,342.2755504961975,372.73199851174604,0.0
5.453,9.42285197800075,-1.01296827210835,10.0,0.0,13.109431101381254,13.025646703447562,336.2493607586149,372.73199851174604,0.0
5.454,9.903129783666081,-0.7299588785863924,10.0,0.0,13.171218455511305,13.038909386817668,356.30307063929155,372.73199851174604,0.0
5.455,10.13424229145343,-0.7782606687275146,10.0,0.0,13.236296633416105,13.036404939463818,369.52277921830074,372.73199851174604,0.0
5.456,10.234587258998152,-0.9632645141466805,7.4732823882435655,0.0,13.314483953889734,12.753992995990572,378.5181396887201,372.73199851174604,0.0
5.457,10.096204708580258,-1.1488294712905267,2.917740741264139,0.0,13.375173454800306,12.048024104083261,383.60412429048483,372.73199851174604,0.0
5.458,9.560899078154641,-1.2289344109411329,0.2660271825943914,0.0,13.366153010219227,11.230087770316501,385.2289365411269,372.73199851174604,0.0
5.4590000000000005,8.707904007450168,-1.2089583898580822,-0.6713483230204647,0.0,13.273242565003933,10.504925256910607,384.6419414210289,372.73199851174604,0.0
5.46,7.709357575830362,-1.1420667536126787,-0.4969501920642738,0.0,13.109948593193417,9.972855656556236,383.0677111634133,372.73199851174604,0.0
5.461,6.7337362718318525,-1.0894619942947836,0.18680781022683668,0.0,12.904659451365994,9.648465897122348,381.2534793049746,372.73199851174604,0.0
5.462,5.897756272691736,-1.0913500632741362,1.0087089315139242,0.0,12.688193982958836,9.5017593296332,379.9296992105316,372.73199851174604,0.0
5.463,5.258182591157567,-1.1604774337268366,1.5986219717475443,0.0,12.486289534703484,9.466741600242443,379.0767218620077,372.73199851174604,0.0
5.464,4.811134303466618,-1.2845506855999247,1.961663412506903,0.0,12.314030542336102,9.491850201877075,378.42632904545695,372.73199851174604,0.0
5.465,4.522542320461608,-1.4389441720310765,2.2299165154451543,0.0,12.177250860357617,9.550374106280767,377.7254477616414,372.73199851174604,0.0
5.466,4.3544471490687915,-1.5978912391155722,2.530422664853967,0.0,12.075941779532336,9.635345346474983,376.8615200630118,372.73199851174604,0.0
5.4670000000000005,4.278076066102666,-1.742402582673093,2.9210912986561066,0.0,12.007567507929485,9.748376910203747,375.75989048901977,372.73199851174604,0.0
5.468,4.277119009167314,-1.8599559223831148,3.4416271658793978,0.0,11.968819573792324,9.895961714889118,374.26252266879067,372.73199851174604,0.0
5.469,4.346393368899257,-1.944622629813713,4.175005834423502,0.0,11.95684271795768,10.092749790419985,372.67743261880423,372.73199851174604,0.0
5.47,4.490740618830675,-2.000179818546856,4.968096518346137,0.0,11.971006978945926,10.333382107465214,370.2461217757548,372.73199851174604,0.0
5.471,4.713375074439881,-2.026802277520093,6.208610707230779,0.0,12.010190944139596,10.656846955225127,368.7891363360696,372.73199851174604,0.0
5.472,5.03781298520547,-2.0372020763657916,6.976532048830136,0.0,12.078680750873184,10.990488094787377,367.40311397852076,372.73199851174604,0.0
5.473,5.439391665786752,-2.024850955482271,7.722832072936802,0.0,12.172223069603998,11.331098614546221,365.8012433112701,372.73199851174604,0.0
5.474,5.903383616153111,-1.984117595575131,8.593074958566879,0.0,12.28611505005666,11.688242703646006,364.021638496207,372.73199851174604,0.0
5.4750000000000005,6.426574731130347,-1.916578140051064,9.569980966253832,0.0,12.417310234865461,12.066907710726518,362.16461614433194,372.73199851174604,0.0
5.476,7.010534328470802,-1.8272808975082235,10.0,0.0,12.56410509977696,12.399355124657388,359.71920942237597,372.73199851174604,0.0
5.477,7.620965869247073,-1.7050238179563304,10.0,0.0,12.716909913265116,12.647629219836878,355.9984464611972,372.73199851174604,0.0
5.478,8.216557140983678,-1.5370068565296644,10.0,0.0,12.862002359960991,12.826945662363967,350.7939332359828,372.73199851174604,0.0
5.479,8.780612907339684,-1.3226912161134945,10.0,0.0,12.988622655408477,12.946749483726137,344.10194631580686,372.73199851174604,0.0
5.48,9.30636691661156,-1.071741355029566,10.0,0.0,13.08909997513236,13.0150425691405,335.49229438392337,372.73199851174604,0.0
5.481,9.796530784655772,-0.7918111911751726,10.0,0.0,13.158076052012147,13.037893592593667,348.58245979304115,372.73199851174604,0.0
5.482,10.085560493079413,-0.7674882428794847,10.0,0.0,13.222563400875288,13.038465492143333,365.09961685512036,372.73199851174604,0.0
5.4830000000000005,10.223928767752392,-0.9080854499142346,9.709291826495756,0.0,13.296368127063865,13.001120824409096,378.61578387892564,372.73199851174604,0.0
5.484,10.23606225305624,-1.1429202020713083,2.8923704609213186,0.0,13.383483764527089,12.227985826952297,383.99349210495615,372.73199851174604,0.0
5.485,9.758439166021471,-1.242360112171717,0.09090141197396395,0.0,13.393164381087784,11.3535433856859,385.22993401624825,372.73199851174604,0.0
5.486,8.912039469025057,-1.2176233245634758,-0.6522988987171097,0.0,13.310717246127863,10.602103642314923,384.5940648622757,372.73199851174604,0.0
5.487,7.902094513073101,-1.1410247381421574,-0.4529849852361174,0.0,13.153192373696568,10.049549641559622,383.19283076977484,372.73199851174604,0.0
5.488,6.9063001795380945,-1.078926321220251,0.1430237384340085,0.0,12.950099748435681,9.699504301234962,381.4456313525309,372.73199851174604,0.0
5.489,6.041656347667825,-1.071712854208271,0.929487118648141,0.0,12.732139354466316,9.52985799517391,380.12540507868084,372.73199851174604,0.0
5.49,5.370144173272808,-1.1330611125669376,1.515666189903813,0.0,12.525830812377356,9.477215245222759,379.26201205568344,372.73199851174604,0.0
5.4910000000000005,4.8925212970895195,-1.2520062095268023,1.882062565963139,0.0,12.347359327584169,9.489471121348004,378.61324405217056,372.73199851174604,0.0
5.492,4.577133250032715,-1.4047060313947084,2.1476341123153366,0.0,12.203568108318706,9.538119624133977,377.9260137822682,372.73199851174604,0.0
5.493,4.386360199872742,-1.5652991144747617,2.4393090945612794,0.0,12.095159102178508,9.61478384234536,377.0862424555116,372.73199851174604,0.0
5.494,4.290890990680355,-1.7138102896032463,2.8156523185019475,0.0,12.019987716906803,9.720015625442164,375.94940978579183,372.73199851174604,0.0
5.495,4.273030479942479,-1.8371710815814404,3.351894540621365,0.0,11.974941223838266,9.863440267985089,374.5902866069405,372.73199851174604,0.0
5.496,4.328116838627592,-1.930040982873444,4.012873249095095,0.0,11.95772392555321,10.049124928115045,373.11099555366604,372.73199851174604,0.0
5.497,4.456363395796162,-1.9923590145157817,4.748728805313113,0.0,11.966723107577401,10.275297458801052,370.711756102942,372.73199851174604,0.0
5.498,4.658468450271163,-2.0253686105370923,5.96855095476318,0.0,12.000447499713681,10.585625445077639,369.13281423272593,372.73199851174604,0.0
5.4990000000000006,4.9619983103681236,-2.038676851437434,6.794013732661409,0.0,12.062966061802825,10.915528521948586,367.74535893820087,372.73199851174604,0.0
5.5,5.34626251655544,-2.0307450674997867,7.537607775659396,0.0,12.151217496728005,11.25300010021251,366.17870375793854,372.73199851174604,0.0
5.501,5.795300174860635,-1.9952335679757105,8.386468313328635,0.0,12.260563998878789,11.605936882504501,364.42258797738396,372.73199851174604,0.0
5.502,6.30430514082948,-1.9325880272266542,9.347620308949548,0.0,12.387733634556533,11.980252581250458,362.57415865666957,372.73199851174604,0.0
5.503,6.874326843474072,-1.8473965784883828,10.0,0.0,12.530873272587382,12.334391582117714,360.35009561472197,372.73199851174604,0.0
5.5040000000000004,7.48475461300411,-1.734657851493227,10.0,0.0,12.68356350141978,12.599460012168969,356.95783306866355,372.73199851174604,0.0
5.505,8.086319357401324,-1.5774893954356481,10.0,0.0,12.831330407477694,12.793222777909946,352.058010001878,372.73199851174604,0.0
5.506,8.658557315563016,-1.3734017462775108,10.0,0.0,12.962818942657092,12.925455429728801,345.93598673403034,372.73199851174604,0.0
5.507,9.19375378535573,-1.1290401585265053,10.0,0.0,13.0695429913394,13.004464437788128,337.50187066894745,372.73199851174604,0.0
5.508,9.690974279282907,-0.8559728659528301,10.0,0.0,13.145901749653824,13.036902660275697,349.80858911708174,372.73199851174604,0.0
5.509,10.027429606560878,-0.7729593906245105,10.0,0.0,13.211467645025175,13.041695055284642,359.8679678898123,372.73199851174604,0.0
5.51,10.19868777099472,-0.8779527526638212,10.0,0.0,13.283335594937896,13.03709095551488,374.1966963943346,372.73199851174604,0.0
5.511,10.257124234669494,-1.0892653741786513,5.133814251418044,0.0,13.36975079462861,12.50013819900947,383.75673476305735,372.73199851174604,0.0
5.5120000000000005,9.934531562678847,-1.2431986055736026,0.2435477045435519,0.0,13.408648727938008,11.572324334009016,385.99855239891815,372.73199851174604,0.0
5.513,9.155002557042728,-1.2454114418669782,-1.010026652258568,0.0,13.349579561094739,10.73471339896013,385.20994129757463,372.73199851174604,0.0
5.514,8.138639559921552,-1.1638560825320765,-0.7405005294450939,0.0,13.20366299954114,10.12114489743627,383.55646632839733,372.73199851174604,0.0
5.515,7.103539662684079,-1.0821779987273792,-0.02200772302295828,0.0,13.002812208365343,9.734377896112651,381.6735386177682,372.73199851174604,0.0
5.516,6.191641606307178,-1.0549782635610996,0.8300407312313869,0.0,12.781194606144519,9.542700704936651,380.22733207743164,372.73199851174604,0.0
5.517,5.476451516932532,-1.101799486662441,1.4781906657428117,0.0,12.567993376920988,9.480357410177328,379.33944940434884,372.73199851174604,0.0
5.518,4.965265170371974,-1.2134446235966128,1.8560574933581835,0.0,12.381690693975631,9.487090770892076,378.7309361750486,372.73199851174604,0.0
5.519,4.625504650071827,-1.3652023932643302,2.100324731375272,0.0,12.230268518690382,9.529873048913945,378.1033436879121,372.73199851174604,0.0
5.5200000000000005,4.416104406157465,-1.5291808271006537,2.360407523181859,0.0,12.11478683876117,9.599037737951239,377.30216694481913,372.73199851174604,0.0
5.521,4.304692529024695,-1.683332604304944,2.7152942103976176,0.0,12.033086706882708,9.696335801813008,376.3547789428886,372.73199851174604,0.0
5.522,4.271595853230348,-1.814295075932588,3.152760407051474,0.0,11.982150748685276,9.822832976426572,374.88043270453494,372.73199851174604,0.0
5.523,4.307871150121569,-1.911444559888907,3.8684491843004016,0.0,11.958334922287857,10.001616691873906,373.3876003409927,372.73199851174604,0.0
5.524,4.419279229331418,-1.9797040291442487,4.608309347779045,0.0,11.96131609685344,10.22247604760275,371.2878619916079,372.73199851174604,0.0
5.525,4.605782897861699,-2.0207547119552745,5.672619887672845,0.0,11.98991806995201,10.511821820222567,369.4409354029619,372.73199851174604,0.0
5.526,4.887087800754703,-2.0369016647582927,6.628993813083685,0.0,12.045960080982926,10.84057273665359,368.01507526785105,372.73199851174604,0.0
5.527,5.2548880111448,-2.0339754512914743,7.389093113078054,0.0,12.128789629544476,11.178454972175896,366.5072214418748,372.73199851174604,0.0
5.5280000000000005,5.691510400470982,-2.0051637141172955,8.2052677967649,0.0,12.233984417847601,11.528659700485747,364.8059455064945,372.73199851174604,0.0
5.529,6.18875811090855,-1.9488474779491693,9.135166294507563,0.0,12.357773531544652,11.898159498454886,362.98349724175705,372.73199851174604,0.0
5.53,6.74610976053348,-1.8685650837720935,10.0,0.0,12.497865812671115,12.27258474626919,360.9800432754961,372.73199851174604,0.0
5.531,7.356475292776503,-1.765527757420144,10.0,0.0,12.650860108509416,12.5533616683093,357.9036825064334,372.73199851174604,0.0
5.532,7.963305528715392,-1.6189923279163736,10.0,0.0,12.801544142986005,12.760712657098384,353.32433865463884,372.73199851174604,0.0
5.533,8.54275849298699,-1.4246721808234186,10.0,0.0,12.937985011008653,12.904725426745731,347.5496111217479,372.73199851174604,0.0
5.534,9.086201757462586,-1.1866606687463084,10.0,0.0,13.050945004336219,12.993996776781009,339.50475529090664,372.73199851174604,0.0
5.535,9.589846107087157,-0.9194402988659198,10.0,0.0,13.134522007768487,13.03567054533157,353.9272821208705,372.73199851174604,0.0
5.5360000000000005,9.995549897388038,-0.7357867632343664,10.0,0.0,13.196379002491916,13.041943663933445,360.2770117928564,372.73199851174604,0.0
5.537,10.169233764048611,-0.8518540754906705,10.0,0.0,13.267281549307699,13.038726982717826,371.1071233558575,372.73199851174604,0.0
5.538,10.249456860395819,-1.0441329282436604,6.693986496577324,0.0,13.350762174000607,12.672173036997265,381.77882154542726,372.73199851174604,0.0
5.539,10.040198290403582,-1.2226908639497007,1.267669171455621,0.0,13.406957926052304,11.810608451251504,385.84908872598476,372.73199851174604,0.0
5.54,9.3676631066544,-1.262164930814944,-0.8986353209655125,0.0,13.373934212322375,10.928675862882878,385.846035394417,372.73199851174604,0.0
5.541,8.392495478318796,-1.195771186524249,-1.0282490240083515,0.0,13.248321558587943,10.23958278684704,384.22536110040494,372.73199851174604,0.0
5.542,7.339077247111519,-1.1052976855127346,-0.3328455028889019,0.0,13.057072714955009,9.790752606544356,382.1836179997984,372.73199851174604,0.0
5.543,6.378717314942053,-1.0572059423421145,0.5935098525338436,0.0,12.83568038091645,9.557731024020523,380.5322684393318,372.73199851174604,0.0
5.5440000000000005,5.60731347417744,-1.083279283835331,1.341181933491285,0.0,12.616474107025324,9.47410356485872,379.44694903932896,372.73199851174604,0.0
5.545,5.048045209775152,-1.1790516857028959,1.8166921282168795,0.0,12.421099945397627,9.47555309551083,378.80096700916306,372.73199851174604,0.0
5.546,4.674473588255058,-1.3241685695911578,2.078993458325657,0.0,12.260413286206946,9.51691849702286,378.22084241471475,372.73199851174604,0.0
5.547,4.442895960139762,-1.4890526990374222,2.314167316520124,0.0,12.136617918486742,9.5830626264424,377.47737779457077,372.73199851174604,0.0
5.548,4.315978790808885,-1.6484877996078957,2.6384458337638685,0.0,12.047705520248801,9.675176816808081,376.69899011374093,372.73199851174604,0.0
5.549,4.2698354055452095,-1.7874427863751354,2.9879697581588385,0.0,11.990586478409915,9.788199795510105,375.3861387825537,372.73199851174604,0.0
5.55,4.289948092704105,-1.8915630398315004,3.617854021044378,0.0,11.960545316637646,9.947326772391374,373.60746047603936,372.73199851174604,0.0
5.551,4.380384950681977,-1.9628495352092092,4.4984385546586125,0.0,11.956221280687716,10.16835546397003,371.83369481054143,372.73199851174604,0.0
5.5520000000000005,4.552466103339022,-2.0106071683372146,5.394304424419625,0.0,11.978972992180951,10.4385637249209,369.7006086669175,372.73199851174604,0.0
5.553,4.812488950479191,-2.031187800475413,6.4911613946798745,0.0,12.02825665182387,10.768840237298175,368.26352450928255,372.73199851174604,0.0
5.554,5.166225172164876,-2.034954728425476,7.254388213521988,0.0,12.105848152493351,11.107693088858023,366.8286739312307,372.73199851174604,0.0
5.555,5.592398921745763,-2.0141777068397273,8.030846748353067,0.0,12.20724264659793,11.454856225734781,365.1873141831615,372.73199851174604,0.0
5.556,6.079036206072656,-1.965010198051316,8.926973465673509,0.0,12.328013349228861,11.818983488111119,363.39149268112664,372.73199851174604,0.0
5.557,6.6241611659417465,-1.8900218025654447,9.918289274997136,0.0,12.465362659418775,12.203761193622977,361.5277812816122,372.73199851174604,0.0
5.558,7.229413188787909,-1.7944915767236638,10.0,0.0,12.617696368253146,12.501744608345334,358.7282586186561,372.73199851174604,0.0
5.559,7.8391650027031945,-1.6576811869607329,10.0,0.0,12.770501207060805,12.72332576592664,354.477905445605,372.73199851174604,0.0
5.5600000000000005,8.424757092747688,-1.4729327600247317,10.0,0.0,12.911229454680502,12.87971167986484,348.8883988158408,372.73199851174604,0.0
5.561,8.975423276776784,-1.242722946065283,10.0,0.0,13.030047873665872,12.979814467828442,341.3218706128926,372.73199851174604,0.0
5.562,9.486342562807216,-0.98067831385098,10.0,0.0,13.120471918145086,13.03109435927116,343.14724917518333,372.73199851174604,0.0
5.563,9.953587919425061,-0.7087042197076148,10.0,0.0,13.179684843287017,13.040000869649864,359.7940429237003,372.73199851174604,0.0
5.564,10.14955608552788,-0.8029159826058265,10.0,0.0,13.246950161812867,13.037053976799763,370.2820362569519,372.73199851174604,0.0
5.565,10.239428285497912,-0.9954845659534453,7.097387953033626,0.0,13.327434685740377,12.71391471958528,379.30462850133836,372.73199851174604,0.0
5.566,10.071287116537373,-1.173200623035962,2.5203655309444875,0.0,13.385179911999288,11.976085745110217,384.36640084356867,372.73199851174604,0.0
5.567,9.496432680623556,-1.2423704831070648,-0.12686466348889525,0.0,13.369199242221796,11.133941669802681,385.5699381284799,372.73199851174604,0.0
5.5680000000000005,8.604374035948535,-1.2088225737051719,-0.8570127021118585,0.0,13.26622026325639,10.412947859299075,384.61299207007266,372.73199851174604,0.0
5.569,7.584209717269151,-1.1329638947335128,-0.497349608491497,0.0,13.09343082554429,9.903917441241736,382.8367037526442,372.73199851174604,0.0
5.57,6.608948462967002,-1.079594969889448,0.28974749781374776,0.0,12.881905294854537,9.60857226676274,380.9927473013643,372.73199851174604,0.0
5.571,5.790852135644295,-1.087364040372211,1.1291182355575122,0.0,12.663386086787403,9.486306850213907,379.7355786535793,372.73199851174604,0.0
5.572,5.177540558582564,-1.16511063654927,1.6876667580316909,0.0,12.462966692746754,9.466745994811525,378.9558761448344,372.73199851174604,0.0
5.573,4.756673101680272,-1.2967871357225074,2.015279236073252,0.0,12.294340101517216,9.49971347739379,378.3403501106224,372.73199851174604,0.0
5.574,4.489650585156363,-1.4556011358444978,2.2669587371904854,0.0,12.162025692690541,9.562093975185954,377.6304036114801,372.73199851174604,0.0
5.575,4.337791180754973,-1.6154164279424634,2.57294793576429,0.0,12.065172316655309,9.650181308467097,376.76316795914346,372.73199851174604,0.0
5.5760000000000005,4.273549697161663,-1.7585401838706398,2.966254067458647,0.0,12.000958471782837,9.765526322468496,375.5331891163688,372.73199851174604,0.0
5.577,4.282311910815163,-1.8720868676212754,3.5532315827997403,0.0,11.965759410451035,9.921943657615259,374.09610616382895,372.73199851174604,0.0
5.578,4.362653420239099,-1.9542105110671752,4.2581319825488455,0.0,11.957620122708631,10.122118678033063,372.50033815397916,372.73199851174604,0.0
5.579,4.516355212208677,-2.0065741992084383,5.05833259105141,0.0,11.975251035043332,10.366331548550225,370.06117324548205,372.73199851174604,0.0
5.58,4.748172441673074,-2.0287574924836544,6.3046232979626025,0.0,12.01745666857514,10.693013317602956,368.5759178203247,372.73199851174604,0.0
5.581,5.080898524505711,-2.0353674934914037,7.088811817455483,0.0,12.088615182837138,11.030763606361756,367.1728721949765,372.73199851174604,0.0
5.582,5.491130524369768,-2.0197254194429433,7.845925893297292,0.0,12.184646146393408,11.375497121661821,365.56858324975497,372.73199851174604,0.0
5.583,5.964152253645026,-1.976323284153507,8.719704518527966,0.0,12.300929550982708,11.735974819582825,363.7935424924921,372.73199851174604,0.0
5.5840000000000005,6.496294492385222,-1.9065866961544455,9.696609457351926,0.0,12.434395381578177,12.116949416220324,361.939164037462,372.73199851174604,0.0
5.585,7.088690187081024,-1.8153827444896153,10.0,0.0,12.583277019974705,12.436934942527529,359.3682466102935,372.73199851174604,0.0
5.586,7.699379133533574,-1.6880396493788659,10.0,0.0,12.736173346216765,12.675524347454363,355.45728311525295,372.73199851174604,0.0
5.587,8.291667342580636,-1.5140482138975604,10.0,0.0,12.879773353375464,12.846499630982068,350.0963244849503,372.73199851174604,0.0
5.588,8.851063452457094,-1.2939889639198103,10.0,0.0,13.003644285028326,12.95912669687693,343.07182596407415,372.73199851174604,0.0
5.589,9.371515155689485,-1.039049206268821,10.0,0.0,13.10054804926356,13.021222423090803,334.6361767608276,372.73199851174604,0.0
5.59,9.857383711952766,-0.7554185249438952,10.0,0.0,13.165321032327428,13.038557928950166,352.7553882334389,372.73199851174604,0.0
5.591,10.11715258155685,-0.7665935127568184,10.0,0.0,13.229415823143505,13.036921292436165,368.5219677123567,372.73199851174604,0.0
5.5920000000000005,10.23066583158217,-0.9377115918186467,7.974948715706346,0.0,13.305648710045256,12.809213388576127,378.12265726789764,372.73199851174604,0.0
5.593,10.128346816606687,-1.1343116939109403,3.1206973503743534,0.0,13.371402348310358,12.110572650596241,383.2215578738358,372.73199851174604,0.0
5.594,9.621808402048023,-1.2224825963266979,0.46635145378436427,0.0,13.368449347195778,11.299631850720974,385.0224119028603,372.73199851174604,0.0
5.595,8.79152304917593,-1.2092298571392885,-0.5569796946390237,0.0,13.282358055870352,10.569732868031448,384.63928999635374,372.73199851174604,0.0
5.596,7.804181223478336,-1.1462554353803454,-0.484491656231814,0.0,13.125091336406907,10.02272639748537,383.23093106158905,372.73199851174604,0.0
5.597,6.826585581468008,-1.0929889746934813,0.11469848565210228,0.0,12.92362107537723,9.677542039634872,381.42674754788925,372.73199851174604,0.0
5.598,5.97668775022828,-1.0904002517516453,0.9298427521405683,0.0,12.70802730974874,9.514115864377624,380.05751757013775,372.73199851174604,0.0
5.599,5.3181733974451175,-1.1536660769231595,1.541202550432402,0.0,12.504635431155656,9.468508665724208,379.1628212832695,372.73199851174604,0.0
5.6000000000000005,4.85266072451423,-1.2729283286538406,1.924242466151279,0.0,12.329508209995202,9.487765042317562,378.4967076700223,372.73199851174604,0.0
5.601,4.5487517924317435,-1.424798801709289,2.1996521811921186,0.0,12.189332478128925,9.542822584432596,377.8007605029492,372.73199851174604,0.0
5.602,4.3687906078875915,-1.5835752212732321,2.496938144816659,0.0,12.084626775082253,9.625060798976826,376.95051926562826,372.73199851174604,0.0
5.603,4.283271982863655,-1.72955755878985,2.8798735559382944,0.0,12.013085756725863,9.735362094256287,375.8091612268768,372.73199851174604,0.0
5.604,4.274792050309303,-1.8496755429565839,3.419780948162704,0.0,11.971482124616227,9.883117223536372,374.4250788158745,372.73199851174604,0.0
5.605,4.33870060034514,-1.9387341899280084,4.094891350622589,0.0,11.957409639970763,10.073684807196344,372.8994588434522,372.73199851174604,0.0
5.606,4.47580446671496,-1.997365231705166,4.85602673351668,0.0,11.969359990281607,10.306319832319199,370.4439418839196,372.73199851174604,0.0
5.607,4.688384415468432,-2.0264358955979924,6.106665779561238,0.0,12.005990270684093,10.624832575497628,368.9481075432951,372.73199851174604,0.0
5.6080000000000005,5.003389726134296,-2.03809849479574,6.892421859557983,0.0,12.071800976636998,10.956559066051954,367.5648954254275,372.73199851174604,0.0
5.609,5.397016862934226,-2.0276477745484565,7.635698949354982,0.0,12.162937055830866,11.295447965282507,365.9756859026532,372.73199851174604,0.0
5.61,5.854012319689127,-1.989111931478061,8.497866836833058,0.0,12.274713981493132,11.650634050358965,364.2032460334085,372.73199851174604,0.0
5.611,6.370621511084968,-1.9236542449210847,9.46937429623878,0.0,12.404016836006251,12.027466304667865,362.34859894883505,372.73199851174604,0.0
5.612,6.948259670393332,-1.8361622635211243,10.0,0.0,12.549103089410528,12.369825266206893,360.0031415259818,372.73199851174604,0.0
5.613,7.558756402440629,-1.7181965817678906,10.0,0.0,12.701815308449422,12.625772440962724,356.4317104766624,372.73199851174604,0.0
5.614,8.15715254954165,-1.5551026341065795,10.0,0.0,12.848090345634796,12.811677511286216,351.36108851269177,372.73199851174604,0.0
5.615,8.725019041983998,-1.34545019066756,10.0,0.0,12.976897556832308,12.937138225598254,344.93889361161916,372.73199851174604,0.0
5.6160000000000005,9.255110008835663,-1.0975868809208094,10.0,0.0,13.080201678703517,13.010302248169577,336.38382076359824,372.73199851174604,0.0
5.617,9.748608960338412,-0.8207207832124683,10.0,0.0,13.152515152994287,13.037496305674097,347.99163335446246,372.73199851174604,0.0
5.618,10.057619941489195,-0.7728993947221716,10.0,0.0,13.217824993849577,13.040146086445686,362.32322186818743,372.73199851174604,0.0
5.619,10.214288229483353,-0.8919472980352703,10.0,0.0,13.290442311945851,13.034918471357802,377.21372252234414,372.73199851174604,0.0
5.62,10.256286979722997,-1.1212823717166032,3.60481887955498,0.0,13.379311515795514,12.330952246692954,383.92796743373566,372.73199851174604,0.0
5.621,9.833030970592423,-1.2406960891884506,0.135736734639325,0.0,13.399739334978822,11.435600488650053,385.39057124152265,372.73199851174604,0.0
5.622,9.009624267927412,-1.2244405024100493,-0.7221508965519368,0.0,13.325606944719166,10.65849204754973,384.7335726251763,372.73199851174604,0.0
5.623,7.99988133724288,-1.1464587771747794,-0.5136673295130612,0.0,13.172761515467352,10.086030935568317,383.3249133289315,372.73199851174604,0.0
5.6240000000000006,6.992458155114936,-1.0787107216669871,0.08473317043749518,0.0,12.971282049089067,9.719989731911259,381.5612958726029,372.73199851174604,0.0
5.625,6.110804338907005,-1.0647673735040617,0.8782489249932146,0.0,12.752490121240061,9.538615117945298,380.1840138945553,372.73199851174604,0.0
5.626,5.42128402643286,-1.1206262748687024,1.4923697601889323,0.0,12.543723837411104,9.480147603127081,379.3052280723531,372.73199851174604,0.0
5.627,4.928723948686521,-1.2364872097324935,1.8660303756839562,0.0,12.36217354430459,9.48889807618764,378.6704802529308,372.73199851174604,0.0
5.628,4.601795641616314,-1.388548951341734,2.1240194679832456,0.0,12.215221510043158,9.53429717962972,378.00740019427934,372.73199851174604,0.0
5.6290000000000004,4.401826439156623,-1.5503091756756,2.40280548048365,0.0,12.103777596812714,9.607275068953367,377.221194619397,372.73199851174604,0.0
5.63,4.298266098800444,-1.7012351279180051,2.751016306848306,0.0,12.025760116341004,9.706718054211297,376.0897144569528,372.73199851174604,0.0
5.631,4.271956850591286,-1.826900416591535,3.283179228618355,0.0,11.97780260467392,9.845329219926768,374.7380821942363,372.73199851174604,0.0
5.632,4.31894936560041,-1.9218657616071742,3.9389345231516844,0.0,11.957691495810082,10.02666270195185,373.24181518424626,372.73199851174604,0.0
5.633,4.439107029141985,-1.9867447983279751,4.681969861421707,0.0,11.963911886624263,10.250280641312928,370.95554478298067,372.73199851174604,0.0
5.634,4.633640205768266,-2.023473608183107,5.842869599342159,0.0,11.99526341100999,10.552230370814394,369.2661837193727,372.73199851174604,0.0
5.635,4.927511608333658,-2.0381793012023683,6.72220827906988,0.0,12.054925094040858,10.881858014679196,367.8694813149893,372.73199851174604,0.0
5.636,5.304657326606652,-2.0326855156447956,7.469184653229151,0.0,12.140831999813596,11.219315761836476,366.33279509741465,372.73199851174604,0.0
5.6370000000000005,5.748143641537327,-2.0002539032514135,8.301519796159784,0.0,12.24838145021709,11.570693489376431,364.6011609352157,372.73199851174604,0.0
5.638,6.2516646851378,-1.9403963743983197,9.248645253024552,0.0,12.374053716284326,11.942596386381819,362.7626810917127,372.73199851174604,0.0
5.639,6.815695125069374,-1.8572967234257882,10.0,0.0,12.51580665912693,12.306045849935568,360.63885081613597,372.73199851174604,0.0
5.64,7.425983647592734,-1.7488740337972426,10.0,0.0,12.668633754691228,12.5783206808702,357.3915516465417,372.73199851174604,0.0
5.641,8.029897379735294,-1.5964826822651799,10.0,0.0,12.817726802020328,12.778323112957349,352.63624035918235,372.73199851174604,0.0
5.642,8.605412061796907,-1.3968131311802003,10.0,0.0,12.951471050721196,12.91596712886334,346.7062369445322,372.73199851174604,0.0
5.643,9.144462231962194,-1.1552035043937408,10.0,0.0,13.06102491270692,12.999680796151251,338.4288491590824,372.73199851174604,0.0
5.644,9.644527728894428,-0.8849890520028021,10.0,0.0,13.140687261727724,13.036361779948056,352.2833737624502,372.73199851174604,0.0
5.6450000000000005,10.010833223413929,-0.7594084160513512,10.0,0.0,13.204939748795379,13.042047950839432,359.92503551233534,372.73199851174604,0.0
5.646,10.184680458151998,-0.8673753727428046,10.0,0.0,13.276467775840977,13.038130612472443,372.6533137036217,372.73199851174604,0.0
5.647,10.25362382035346,-1.069149057461094,5.913785224881007,0.0,13.36156670209742,12.586428887888854,382.8806179365125,372.73199851174604,0.0
5.648,9.987368406307688,-1.2352380401057035,0.6986469141879201,0.0,13.409237614513575,11.685581691131256,386.0174095325903,372.73199851174604,0.0
5.649,9.257206286652991,-1.2550909958332284,-1.0026029940594157,0.0,13.362579651315944,10.822255477512323,385.55760987317313,372.73199851174604,0.0
5.65,8.256875206599036,-1.1794216929719972,-0.9009592779651001,0.0,13.225732710204166,10.171524194397753,383.8613964232591,372.73199851174604,0.0
5.651,7.210072054676109,-1.0924204122031957,-0.16414653212322605,0.0,13.028683887036156,9.757359346276106,381.8959824133437,372.73199851174604,0.0
5.652,6.274543555946167,-1.0549274032008498,0.7269206338185148,0.0,12.806669243190214,9.547995464786066,380.38642357900517,372.73199851174604,0.0
5.6530000000000005,5.533197938003134,-1.0925780139539265,1.4051558003151836,0.0,12.590436172852721,9.475254436702082,379.3796234854739,372.73199851174604,0.0
5.654,4.999752239781296,-1.1965315498649316,1.8420795973435258,0.0,12.399610689583263,9.480709041025872,378.7524535288877,372.73199851174604,0.0
5.655,4.645014830503939,-1.3453909853206636,2.0954600254652167,0.0,12.243748217614145,9.523724903751727,378.15201736623277,372.73199851174604,0.0
5.656,4.426307162940466,-1.5101930396474492,2.341477918247821,0.0,12.124413210735913,9.591891566272166,377.3781644784775,372.73199851174604,0.0
5.657,4.308610384720729,-1.6671203377465176,2.681942702458133,0.0,12.039442353045184,9.687058578116579,376.50835367549024,372.73199851174604,0.0
5.658,4.270179283543504,-1.802096957502888,3.0790845523143275,0.0,11.985763437500175,9.80754321199686,375.3741230298931,372.73199851174604,0.0
5.659,4.299337918032126,-1.903051641079949,3.619778629931429,0.0,11.959256125893608,9.962524660168404,373.40813121629344,372.73199851174604,0.0
5.66,4.393986059287922,-1.9682976476320788,4.5960132096857835,0.0,11.95706520414982,10.191216386165696,371.46725534792756,372.73199851174604,0.0
5.6610000000000005,4.5734657785164,-2.012100072886239,5.579098575506908,0.0,11.98212835389257,10.476400604129086,369.48756136021376,372.73199851174604,0.0
5.662,4.847353127268425,-2.031611057626837,6.601389940879131,0.0,12.03491179452631,10.809861100632705,368.09260063885483,372.73199851174604,0.0
5.663,5.212409117950984,-2.033887228613683,7.345264280287507,0.0,12.115818209708188,11.14943986974298,366.64946196229414,372.73199851174604,0.0
5.664,5.647264506314197,-2.0105087702251043,8.127658984062371,0.0,12.219997468150295,11.497592544668434,364.9901054397376,372.73199851174604,0.0
5.665,6.141148578932579,-1.9583430759734222,9.034756176060732,0.0,12.343069626456934,11.863325927923235,363.18078035708845,372.73199851174604,0.0
5.666,6.693040376802249,-1.8805732465668386,10.0,0.0,12.48237488296618,12.246129780357078,361.2762166185016,372.73199851174604,0.0
5.667,7.302958248076822,-1.7817953956789931,10.0,0.0,12.635942133764289,12.533359287097559,358.3398664363184,372.73199851174604,0.0
5.668,7.911399637602813,-1.6397076836474933,10.0,0.0,12.788233740342049,12.74639319410869,353.90897511478147,372.73199851174604,0.0
5.6690000000000005,8.493249531210797,-1.4493506513069088,10.0,0.0,12.927081180525999,12.895433796674865,348.22186073185935,372.73199851174604,0.0
5.67,9.039356300425284,-1.2141786544881552,10.0,0.0,13.042982587621514,12.989201837325309,340.3844148275732,372.73199851174604,0.0
5.671,9.545502630994903,-0.94876169145963,10.0,0.0,13.129826512107572,13.034968185949738,350.9732903188017,372.73199851174604,0.0
5.672,9.983820215798902,-0.715593416099795,10.0,0.0,13.189568338348167,13.041688821137594,360.74182773214386,372.73199851174604,0.0
5.673,10.160874783896656,-0.8312808615814067,10.0,0.0,13.259065347240067,13.038618748788005,370.6759500258763,372.73199851174604,0.0
5.674,10.244963300569955,-1.0239658901229576,6.906880829749838,0.0,13.34134412669257,12.695083084681968,380.5144947447609,372.73199851174604,0.0
5.675,10.057004084943564,-1.2010198214436896,1.9097835079773997,0.0,13.398590543949087,11.896895750124948,385.25654445123894,372.73199851174604,0.0
5.676,9.433731398303163,-1.2560396635426985,-0.5864868046565501,0.0,13.374575229341934,11.02631343295146,385.8253409454698,372.73199851174604,0.0
5.6770000000000005,8.49525271184261,-1.2047438827683208,-1.0018184761092206,0.0,13.259710480171973,10.316663963945397,384.4727263154741,372.73199851174604,0.0
5.678,7.452992297991059,-1.1190420995519834,-0.44291843914865847,0.0,13.07645302067235,9.837389146362206,382.50018085194534,372.73199851174604,0.0
5.679,6.481521859160912,-1.066629497495106,0.4456724692137364,0.0,12.858685456970278,9.576311208270429,380.7486777726717,372.73199851174604,0.0
5.68,5.6862031095041345,-1.0834704242634217,1.241257216241289,0.0,12.63896348379432,9.475963078780973,379.56337435030184,372.73199851174604,0.0
5.681,5.101471644543368,-1.1703609272250468,1.7655951690406733,0.0,12.440568441045105,9.469766165909641,378.8595465404624,372.73199851174604,0.0
5.682,4.706978898970031,-1.309596374973143,2.0562335936732214,0.0,12.275840205506348,9.508623174595563,378.27095666250386,372.73199851174604,0.0
5.683,4.460493196049814,-1.4723421667333085,2.2951389511449207,0.0,12.147980177006206,9.57366336380007,377.5468921657929,372.73199851174604,0.0
5.684,4.323429701633481,-1.632599761053366,2.609022262959942,0.0,12.055411047734129,9.664163769315646,376.802784893527,372.73199851174604,0.0
5.6850000000000005,4.269866939044578,-1.7741961884633723,2.940368035275065,0.0,11.99512190301272,9.774187692129583,375.41875146234185,372.73199851174604,0.0
5.686,4.283457226770962,-1.8816042192383937,3.605517221361694,0.0,11.962262984155995,9.93500270166057,373.79367027594657,372.73199851174604,0.0
5.687,4.370029430768185,-1.9580390571455288,4.407441096917327,0.0,11.956105210000075,10.148623413240612,372.14285979180215,372.73199851174604,0.0
5.688,4.535267339993332,-2.008790431545725,5.238737726188973,0.0,11.976743587222707,10.406379218736586,369.87310856440365,372.73199851174604,0.0
5.689,4.783209779274767,-2.0303315812370126,6.402202239361648,0.0,12.022955719994703,10.734470122332798,368.40763486869395,372.73199851174604,0.0
5.69,5.127503100122391,-2.035467546373904,7.178182723647021,0.0,12.097705274517278,11.072703516085832,366.9836592365939,372.73199851174604,0.0
5.691,5.546427325216186,-2.0170030540622266,7.94765393244857,0.0,12.196720759157236,11.418831822489295,365.3580986584455,372.73199851174604,0.0
5.692,6.026898678515335,-1.9704272567884353,8.834173220055773,0.0,12.31550883319655,11.781408649653208,363.5724016431142,372.73199851174604,0.0
5.6930000000000005,6.566182117815887,-1.8978075474713898,9.818617696407753,0.0,12.451153372496183,12.164513836237246,361.714201097724,372.73199851174604,0.0
5.694,7.1656461374224305,-1.8042213004636927,10.0,0.0,12.601975686446583,12.472432358960756,359.0192755601507,372.73199851174604,0.0
5.695,7.775820621951007,-1.6716507573716979,10.0,0.0,12.754860724004248,12.701702884668949,354.9232163309208,372.73199851174604,0.0
5.696,8.364425534363235,-1.4917250256238428,10.0,0.0,12.896918185315622,12.864690066042034,349.4290118191777,372.73199851174604,0.0
5.697,8.919029048837622,-1.266058150656403,10.0,0.0,13.018044519704226,12.970463937940886,342.10271504497945,372.73199851174604,0.0
5.698,9.434252263738436,-1.0071888600784327,10.0,0.0,13.111416654629958,13.026644537594368,337.47464585457027,372.73199851174604,0.0
5.699,9.912234613843868,-0.726085699323173,10.0,0.0,13.172736981251164,13.039118464412487,356.9920877592891,372.73199851174604,0.0
5.7,10.1373188231061,-0.7821749020580366,10.0,0.0,13.238153511800446,13.036497591693124,369.70078747359435,372.73199851174604,0.0
5.7010000000000005,10.235488617826231,-0.9690227350326119,7.3845705493066305,0.0,13.316758671622722,12.74443538439776,378.64074977460507,372.73199851174604,0.0
5.702,10.09046589173798,-1.1526742905249865,2.8555018861726786,0.0,13.376630287507648,12.034330853193264,383.7177261093629,372.73199851174604,0.0
5.703,9.548183903106056,-1.2308031442559701,0.2071564428175945,0.0,13.36626194703912,11.213397416048629,385.28117278983973,372.73199851174604,0.0
5.704,8.689000547949748,-1.208774635853708,-0.7000586402017568,0.0,13.271632672441418,10.489297633053898,384.63784492851556,372.73199851174604,0.0
5.705,7.687266765556501,-1.140631226733894,-0.49745317370736863,0.0,13.10678085708485,9.961102535555138,383.0247260739267,372.73199851174604,0.0
5.706,6.71197187409836,-1.0880933447800407,0.20617897796527096,0.0,12.900496980590347,9.641880348526108,381.21117759575355,372.73199851174604,0.0
5.707,5.879352542408779,-1.0910835982151184,1.0281614262117547,0.0,12.68377357973979,9.49916891791219,379.89988796078177,372.73199851174604,0.0
5.708,5.244337819967194,-1.1616845534702773,1.6121273492072907,0.0,12.482187578456607,9.46659814347333,379.0578177917434,372.73199851174604,0.0
5.7090000000000005,4.801689033853436,-1.286973345971914,1.9699042409265077,0.0,12.31057885748049,9.492982864457298,378.41148102507714,372.73199851174604,0.0
5.71,4.516690163436814,-1.442018847029905,2.2362777991263227,0.0,12.174571597891736,9.55221495161473,377.7059081828967,372.73199851174604,0.0
5.711,4.351399354112447,-1.6009180252328563,2.539325123505046,0.0,12.074016727569354,9.637926574518724,376.84334725586353,372.73199851174604,0.0
5.712,4.277144877057649,-1.7452520197213623,2.929492099580443,0.0,12.006376254181312,9.751414526607364,375.72148762819467,372.73199851174604,0.0
5.713,4.27792379188655,-1.8621377440172644,3.4605270222503908,0.0,11.968262713068599,9.900473582479556,374.23480088773493,372.73199851174604,0.0
5.714,4.349131267734958,-1.9463357242327897,4.188842368720367,0.0,11.956959352235133,10.097794684343219,372.64484375046067,372.73199851174604,0.0
5.715,4.495100605502149,-2.0012674070312353,4.984692484970356,0.0,11.97171894297705,10.339169146864059,370.2108395373694,372.73199851174604,0.0
5.716,4.719395826640647,-2.0270998506531543,6.226906181259758,0.0,12.011432272867285,10.663354346688777,368.7509765478958,372.73199851174604,0.0
5.7170000000000005,5.045402122609351,-2.0368730306752756,6.996647895635064,0.0,12.080409515117186,10.997724070793264,367.36246564765247,372.73199851174604,0.0
5.718,5.448580352979866,-2.023963731646304,7.744598674397659,0.0,12.174408250859129,11.339042172851354,365.7599563482528,372.73199851174604,0.0
5.719,5.914204342540662,-1.9827605778166937,8.615573745732434,0.0,12.288735669301724,11.696769231789052,363.98089328391006,372.73199851174604,0.0
5.72,6.438999257219173,-1.9148251374274523,9.592616330182155,0.0,12.42034218488931,12.075850059534327,362.12426707436856,372.73199851174604,0.0
5.721,7.024469714005579,-1.8251819085082839,10.0,0.0,12.567514730915448,12.406071432799584,359.65650923033166,372.73199851174604,0.0
5.722,7.634950142949337,-1.7020078051330425,10.0,0.0,12.720339440583416,12.652615944026799,355.9019159196812,372.73199851174604,0.0
5.723,8.229953071684307,-1.532916162072882,10.0,0.0,12.865167790704437,12.83044295722668,350.6683129875021,372.73199851174604,0.0
5.724,8.79317752620872,-1.3175695701722407,10.0,0.0,12.991298798454878,12.948965443408337,343.9156565686992,372.73199851174604,0.0
5.7250000000000005,9.317978998791915,-1.0659153653080873,10.0,0.0,13.091140457432388,13.016152864307967,335.29639593236453,372.73199851174604,0.0
5.726,9.807375822272265,-0.7853280190182224,10.0,0.0,13.15936862655887,13.038020073158378,349.2445028008928,372.73199851174604,0.0
5.727,10.090958129088392,-0.7678556509814074,10.0,0.0,13.223844612636597,13.038223292521431,365.58052628790205,372.73199851174604,0.0
5.728,10.225268837175765,-0.9132760084244698,9.465990665872853,0.0,13.298064285041953,12.974174406980511,378.69959197957985,372.73199851174604,0.0
5.729,10.220695499014278,-1.1434701479216445,2.846781885355613,0.0,13.382324253422947,12.203025678997234,383.85543837922273,372.73199851174604,0.0
5.73,9.734209645630699,-1.2391443959520156,0.15762428685940577,0.0,13.389265578055879,11.341270283111545,385.1642730031048,372.73199851174604,0.0
5.731,8.889127266025426,-1.2154787326037644,-0.6211157699952281,0.0,13.305777265188341,10.59570893223142,384.5878279929721,372.73199851174604,0.0
5.732,7.883316130001157,-1.1412926681959088,-0.45145155974113127,0.0,13.148157838068158,10.044993750015667,383.1979446564208,372.73199851174604,0.0
5.7330000000000005,6.891306316262522,-1.081055597530154,0.13883064708776693,0.0,12.945344618309267,9.695885512109117,381.445259806908,372.73199851174604,0.0
5.734,6.029691933708845,-1.0749044533425183,0.9280404588925641,0.0,12.72782764158163,9.527174517191089,380.11674204477555,372.73199851174604,0.0
5.735,5.3606731937706344,-1.1367061806072556,1.5184519046284866,0.0,12.52205096447595,9.475612002572673,379.2463669307396,372.73199851174604,0.0
5.736,4.885234330751568,-1.255731790896704,1.8884957774565194,0.0,12.344170503478193,9.489036870791965,378.5930365551066,372.73199851174604,0.0
5.737,4.571870026762985,-1.4082751610967972,2.1565505848394153,0.0,12.201010090021242,9.538832480981943,377.9031294852495,372.73199851174604,0.0
5.738,4.383014218335928,-1.5685408046034581,2.449792810032932,0.0,12.093249066012724,9.616549081391781,377.08220717816334,372.73199851174604,0.0
5.739,4.289210356651049,-1.7168487776080847,2.816751876911841,0.0,12.018747025041487,9.721580861165593,375.9154764754015,372.73199851174604,0.0
5.74,4.272579553624371,-1.8391303999575754,3.3682824486562204,0.0,11.974166264873151,9.866549380804077,374.53751154803047,372.73199851174604,0.0
5.7410000000000005,4.329346165288491,-1.931273381402837,4.039209781978881,0.0,11.957453344420978,10.054439038096607,373.0757785522088,372.73199851174604,0.0
5.742,4.459906113647481,-1.9933665673465297,4.766638479485078,0.0,11.96710950238263,10.281382392804277,370.6625175113341,372.73199851174604,0.0
5.743,4.664167402701724,-2.025799349525839,5.993963809926555,0.0,12.001441054199171,10.593165384898466,369.10569912397654,372.73199851174604,0.0
5.744,4.969899223888988,-2.038896151432299,6.808635997483034,0.0,12.064634070431397,10.922956032851634,367.7182401030067,372.73199851174604,0.0
5.745,5.3556840137831685,-2.0304317607257287,7.552503092055356,0.0,12.153424798838929,11.260386567483609,366.1441842003493,372.73199851174604,0.0
5.746,5.805882087604675,-1.9942288562933483,8.40540918649802,0.0,12.26318183228841,11.613670180714688,364.38271259863893,372.73199851174604,0.0
5.747,6.316047539322277,-1.9309604597968604,9.369637846484268,0.0,12.390694029145754,11.988521008670947,362.5324462644479,372.73199851174604,0.0
5.748,6.887351640741838,-1.8453031016108568,10.0,0.0,12.534150463677502,12.340593727165206,360.2865489406379,372.73199851174604,0.0
5.7490000000000006,7.497768306410397,-1.7316082644101627,10.0,0.0,12.686818668095285,12.604068403518706,356.8624286380834,372.73199851174604,0.0
5.75,8.098777593511711,-1.5733820765080657,10.0,0.0,12.834299587409413,12.796455577754184,351.9315516162864,372.73199851174604,0.0
5.751,8.670262347296587,-1.3683151509868092,10.0,0.0,12.965296032287357,12.927498896452198,345.7602062594639,372.73199851174604,0.0
5.752,9.204578600138705,-1.1233525956288717,10.0,0.0,13.071401952713149,13.005477587493422,337.2987517816736,372.73199851174604,0.0
5.753,9.701168504393229,-0.8496278003611079,10.0,0.0,13.147035048274608,13.036987274533526,349.171944998994,372.73199851174604,0.0
5.7540000000000004,10.03228206277515,-0.7737844663109307,10.0,0.0,13.212650284191096,13.0414527100463,360.17613520086735,372.73199851174604,0.0
5.755,10.201908998665722,-0.8797519339457236,10.0,0.0,13.284565394847537,13.036685298235302,374.61833943425677,372.73199851174604,0.0
5.756,10.257901517567452,-1.0933843234549623,4.920351429837213,0.0,13.371252141426902,12.476361888232855,383.93008833714316,372.73199851174604,0.0
5.757000000000001,9.920224711050848,-1.243854655374434,0.152496080140045,0.0,13.407653284964134,11.544776265029373,385.9400429694767,372.73199851174604,0.0
5.758,9.129565208360148,-1.241906152318695,-0.9845616806040205,0.0,13.34553671317197,10.716187295545899,385.0984787465046,372.73199851174604,0.0
5.759,8.1114134046451,-1.1597704496737065,-0.6874443714655722,0.0,13.197757459350285,10.112389150825969,383.47457954643113,372.73199851174604,0.0
5.76,7.08085741786701,-1.0802380454922627,0.017079418224317244,0.0,12.996449109005265,9.731898979478814,381.6316124320128,372.73199851174604,0.0
5.761,6.175546012854615,-1.0559604727892145,0.8495668362308217,0.0,12.775347367604512,9.543134062999268,380.21273282674264,372.73199851174604,0.0
5.7620000000000005,5.466319249026636,-1.105078290413023,1.4841992957159302,0.0,12.563125044361527,9.481581990361855,379.3362959722887,372.73199851174604,0.0
5.763,4.959391745746933,-1.2179612646408022,1.8563747483374602,0.0,12.377895695167915,9.488225625579886,378.725879970044,372.73199851174604,0.0
5.764,4.622248439535083,-1.3699546226276347,2.101643934876847,0.0,12.227444084051744,9.53095630700038,378.0905122029895,372.73199851174604,0.0
5.765,4.414425189263708,-1.533488189618396,2.365742681491665,0.0,12.112779460978352,9.600456053897172,377.2855114811541,372.73199851174604,0.0
5.766,4.304123444881011,-1.686922303476989,2.7227079127152685,0.0,12.03177369175652,9.69821951114478,376.32152593117695,372.73199851174604,0.0
5.767,4.272029598051134,-1.816919202528499,3.168805413509543,0.0,11.981410162938712,9.826034424228034,375.0206812838693,372.73199851174604,0.0
5.768,4.309375325553849,-1.91383581229063,3.796340909442139,0.0,11.95822533639433,9.996170454172232,373.2835837535251,372.73199851174604,0.0
5.769,4.417534689749605,-1.9782634450028342,4.659373822196455,0.0,11.960490468999527,10.224108591124711,371.1435787409714,372.73199851174604,0.0
5.7700000000000005,4.605947195995364,-2.0184904671322927,5.745260526181038,0.0,11.98910359814657,10.520652853908151,369.37971343768635,372.73199851174604,0.0
5.771,4.892385259683846,-2.0360794019505972,6.660716028564164,0.0,12.046042353265973,10.85062117960697,367.9933108439595,372.73199851174604,0.0
5.772,5.2642669334161525,-2.03419023489605,7.4013042021054645,0.0,12.129900367719127,11.187554088839892,366.48843802996885,372.73199851174604,0.0
5.773,5.703164180847566,-2.0054323167177284,8.216176213918551,0.0,12.23592139232119,11.53684966767873,364.7780160877773,372.73199851174604,0.0
5.774,6.201548014534069,-1.948561789493839,9.150927009254012,0.0,12.360301693534092,11.906058409231457,362.94698471675935,372.73199851174604,0.0
5.775,6.7596498657285675,-1.8675634535947974,10.0,0.0,12.500823727104315,12.278427462484379,360.9203589038249,372.73199851174604,0.0
5.776,7.369605091033339,-1.7633444794308533,10.0,0.0,12.65387635884377,12.557607027589992,357.8139818393658,372.73199851174604,0.0
5.777,7.97556492254306,-1.6155647489718015,10.0,0.0,12.804328103310981,12.763617870145964,353.2039707007487,372.73199851174604,0.0
5.7780000000000005,8.554032610596677,-1.4201331754888513,10.0,0.0,12.940316081808536,12.906500955522263,347.4072340017545,372.73199851174604,0.0
5.779,9.096502063728261,-1.1813351933588288,10.0,0.0,13.052680108694492,12.994807567246747,339.31975237040905,372.73199851174604,0.0
5.78,9.599345250437912,-0.9135406347501966,10.0,0.0,13.135568972438648,13.035631864480633,353.70833156487976,372.73199851174604,0.0
5.781,9.997719353814423,-0.7405860954675467,10.0,0.0,13.197904325796776,13.041869898861233,360.1412554058676,372.73199851174604,0.0
5.782,10.171769297393208,-0.854647542906342,10.0,0.0,13.268906251868247,13.038555912379675,371.3477415735637,372.73199851174604,0.0
5.783,10.250116565134054,-1.0484049485605857,6.572611443877337,0.0,13.35264928683199,12.658783075964223,381.9892281467529,372.73199851174604,0.0
5.784,10.031834405766373,-1.2251339875229093,1.1592958609326764,0.0,13.407543354887125,11.78896550833186,385.89107692536993,372.73199851174604,0.0
5.785,9.348998347522887,-1.261152645528762,-0.9232193125120736,0.0,13.372161021364535,10.90960473583188,385.79824324587844,372.73199851174604,0.0
5.7860000000000005,8.368919760506387,-1.192913580844189,-1.007464920107652,0.0,13.244514360248843,10.227180226117948,384.1626863309494,372.73199851174604,0.0
5.787,7.316325839684438,-1.102862973128772,-0.3039933408351576,0.0,13.052166738071474,9.784442376480023,382.1298139803638,372.73199851174604,0.0
5.788,6.360101217784433,-1.0565560541635528,0.6184646797714608,0.0,12.830586838139036,9.555837985262936,380.5035736278771,372.73199851174604,0.0
5.789,5.593991704483873,-1.0846879313261093,1.3538691048535094,0.0,12.611862064755659,9.474315749971337,379.4336440061203,372.73199851174604,0.0
5.79,5.039384064521259,-1.181978915474693,1.821817460788159,0.0,12.417278234666183,9.476539281035432,378.7924142690525,372.73199851174604,0.0
5.791,4.669244013781778,-1.3278375082182186,2.081828171749004,0.0,12.257446676052362,9.518173099812232,378.20940997834987,372.73199851174604,0.0
5.792,4.439994882138069,-1.4927646854939955,2.3185562024342676,0.0,12.134445058750508,9.584616361089154,377.4604137858248,372.73199851174604,0.0
5.793,4.314708516183954,-1.6517857436356824,2.645770145956008,0.0,12.04623097392936,9.677230396927254,376.6690382283208,372.73199851174604,0.0
5.7940000000000005,4.269896574232175,-1.7900643723948646,3.0020875275422654,0.0,11.989720139756225,9.791360843193857,375.3832314533116,372.73199851174604,0.0
5.795,4.291472408658442,-1.8935889321675354,3.6184785856311983,0.0,11.960278348914466,9.949845542783992,373.57138037643847,372.73199851174604,0.0
5.796,4.382619563586119,-1.9638028087055472,4.516010305420851,0.0,11.956317487937355,10.172291743229135,371.76975265816094,372.73199851174604,0.0
5.797,4.556008690518933,-2.0108958368420042,5.426446623095467,0.0,11.9794754274321,10.445108582865029,369.664060638325,372.73199851174604,0.0
5.798,4.818465492818806,-2.0312918560082758,6.5099720117476485,0.0,12.029371888767882,10.775906605078143,368.2339016710008,372.73199851174604,0.0
5.799,5.1741604106214005,-2.034799107034732,7.270032463817195,0.0,12.107540343612646,11.114883994109363,366.79738342489367,372.73199851174604,0.0
5.8,5.601834610430644,-2.0135676633998565,8.04763773773929,0.0,12.209419160565952,11.462229252531685,365.1528685670701,372.73199851174604,0.0
5.801,6.0897294346761965,-1.9638787988687334,8.945686466097847,0.0,12.33059116100409,11.826645485518405,363.35479321064645,372.73199851174604,0.0
5.8020000000000005,6.636032426868235,-1.8884079630373194,9.938496197320655,0.0,12.46828268140094,12.211751497502526,361.4897238425885,372.73199851174604,0.0
5.803,7.242450689561133,-1.7924813036696112,10.0,0.0,12.620918426784383,12.507710402336118,358.6686895129495,372.73199851174604,0.0
5.804,7.852107737418805,-1.6548115754059873,10.0,0.0,12.773702084597517,12.727723860560486,354.3868364101389,372.73199851174604,0.0
5.805,8.437080846977555,-1.4690849877371668,10.0,0.0,12.914155495090842,12.88276386717085,348.77945415300184,372.73199851174604,0.0
5.806,8.986937579945629,-1.2379597457184923,10.0,0.0,13.032501054450506,12.981710704638601,341.16451610505953,372.73199851174604,0.0
5.807,9.496974913687982,-0.9752752076732185,10.0,0.0,13.122322694856184,13.031991874913572,344.02962158874044,372.73199851174604,0.0
5.808,9.961359560757224,-0.7062223116947086,10.0,0.0,13.181221315071605,13.040245154361413,360.17527436756916,372.73199851174604,0.0
5.809,10.152470724824813,-0.8064455414315459,10.0,0.0,13.248770485441108,13.037184586309277,370.497968274301,372.73199851174604,0.0
5.8100000000000005,10.240443755043891,-1.0004505883434947,6.989039043206766,0.0,13.329597004831397,12.702213365168628,379.45028871176396,372.73199851174604,0.0
5.811,10.064271097841857,-1.1761630694809302,2.4456959224751085,0.0,13.386232072624587,11.959422506962934,384.4360752092115,372.73199851174604,0.0
5.812,9.481363692127537,-1.242794854228336,-0.1642380932233065,0.0,13.368496919328729,11.11727301889417,385.57710577039575,372.73199851174604,0.0
5.813,8.584221213497802,-1.2074997720292764,-0.8632044464019364,0.0,13.26377155566621,10.399634604202163,384.5883302127254,372.73199851174604,0.0
5.814,7.5628672642247246,-1.1312453669337734,-0.4873799845765543,0.0,13.089719853162228,9.894995358579427,382.791848214208,372.73199851174604,0.0
5.815,6.589489713542644,-1.078663926567923,0.3102625176575149,0.0,12.877587981957081,9.604255288978354,380.9820221270579,372.73199851174604,0.0
5.816,5.774974460404824,-1.088607502527351,1.132675325079446,0.0,12.659214898671538,9.483727925349289,379.7045206888264,372.73199851174604,0.0
5.817,5.165612686386476,-1.1669617866173478,1.7017008224244048,0.0,12.459145922841946,9.466669308998938,378.9334273301038,372.73199851174604,0.0
5.8180000000000005,4.748657591258364,-1.299415194729463,2.0252332136021103,0.0,12.291164315011713,9.50097940748067,378.32491228093335,372.73199851174604,0.0
5.819,4.4848861769407256,-1.4586859795520015,2.2735616004954755,0.0,12.159607130062037,9.563986438601361,377.6147618895828,372.73199851174604,0.0
5.82,4.335454708675775,-1.6184942852179087,2.579809162392391,0.0,12.063492572494418,9.652540743420708,376.7464341127435,372.73199851174604,0.0
5.821,4.273030809651282,-1.7612480778292536,2.973828694802064,0.0,11.999949735296084,9.768280149157498,375.5191251332849,372.73199851174604,0.0
5.822,4.283215587439632,-1.874158022767127,3.5596119183159747,0.0,11.965327678408318,9.924842725316246,374.0539885933548,372.73199851174604,0.0
5.823,4.364683392922297,-1.9553459245680016,4.27896028746493,0.0,11.95762565457392,10.126697715716382,372.4556268336745,372.73199851174604,0.0
5.824,4.5200461438922686,-2.0072591700157183,5.080904884085796,0.0,11.975777910144213,10.372342202077997,370.0298142573778,372.73199851174604,0.0
5.825,4.75393500193254,-2.028975706792761,6.320833014777839,0.0,12.018549075384637,10.699435966895665,368.54316049174395,372.73199851174604,0.0
5.8260000000000005,5.088306362787784,-2.035136550051232,7.106048277794777,0.0,12.090213027973451,11.03762990826688,367.1370403755169,372.73199851174604,0.0
5.827,5.500016181030178,-2.0189973393237537,7.8650579172705894,0.0,12.18669305782789,11.38286539207391,365.5310870949295,372.73199851174604,0.0
5.828,5.974459272530032,-1.975129915319877,8.740043671732462,0.0,12.303384608544441,11.743812025199173,363.7557871822648,372.73199851174604,0.0
5.829,6.507985724418649,-1.9049894535178358,9.717455741359629,0.0,12.43722489094368,12.125155141405186,361.901397506582,372.73199851174604,0.0
5.83,7.101703074403505,-1.8134404953869128,10.0,0.0,12.586446475947207,12.443080078005238,359.3095593478738,372.73199851174604,0.0
5.831,7.712382516053654,-1.6852418740789723,10.0,0.0,12.739352037347826,12.680071671777569,355.3670834941596,372.73199851174604,0.0
5.832,8.304090253914769,-1.5102566117669085,10.0,0.0,12.882699809344373,12.849673605564508,349.98201910241045,372.73199851174604,0.0
5.833,8.86269490057949,-1.2892466406484182,10.0,0.0,13.00611175332004,12.961120689417893,342.90468226016264,372.73199851174604,0.0
5.8340000000000005,9.382264533054865,-1.033637614149025,10.0,0.0,13.102420318079737,13.022197646177874,334.9003395731097,372.73199851174604,0.0
5.835,9.867576631658103,-0.7491169523610656,10.0,0.0,13.16646453950778,13.038609129216216,353.6411221153085,372.73199851174604,0.0
5.836,10.121688474457907,-0.7674304667077558,10.0,0.0,13.23060518029286,13.036684704371583,368.78120641318486,372.73199851174604,0.0
5.837,10.231371699953442,-0.9432014666689292,7.844587356137149,0.0,13.307290989367235,12.794747358888495,378.16058784860985,372.73199851174604,0.0
5.838,10.120049087795325,-1.1367599887697346,3.1006107450560156,0.0,13.371648210417343,12.097731347673212,383.27298705294066,372.73199851174604,0.0
5.839,9.608367217510622,-1.2234742968398276,0.4390012574786617,0.0,13.367471096907613,11.286687161771496,385.0642204123171,372.73199851174604,0.0
5.84,8.774594118900403,-1.2094086765200878,-0.5799376412152801,0.0,13.280192914842813,10.557460721272705,384.64837326138985,372.73199851174604,0.0
5.841,7.78550868848009,-1.145940698842096,-0.4911778132480791,0.0,13.12187908559323,10.012843743040772,383.2051610874855,372.73199851174604,0.0
5.8420000000000005,6.808278708507023,-1.0928053229507466,0.12569664794668967,0.0,12.919724729874149,9.671430115651667,381.39385122982793,372.73199851174604,0.0
5.843,5.960899296830052,-1.0909970197399066,0.9447330495946673,0.0,12.703976887393782,9.511307110483623,380.0316877509686,372.73199851174604,0.0
5.844,5.3059823979107765,-1.1552903580473213,1.5528178966320993,0.0,12.500881878890574,9.467887655506342,379.1445224912291,372.73199851174604,0.0
5.845,4.844067311014946,-1.2754205454407226,1.9322752867070205,0.0,12.326325812970154,9.488421600183681,378.48141345247495,372.73199851174604,0.0
5.846,4.543214701701517,-1.4277459265725994,2.20633565667681,0.0,12.186833238160087,9.544273246752692,377.78508480855686,372.73199851174604,0.0
5.847,4.365680795941774,-1.586527056132899,2.503969115667749,0.0,12.082817755928241,9.627109751513535,376.9313223931351,372.73199851174604,0.0
5.848,4.2820518942312455,-1.7322004275565748,2.8888570845647505,0.0,12.011923731956665,9.73804623969443,375.8678842147964,372.73199851174604,0.0
5.849,4.274983899626925,-1.8521140327245535,3.38921731670359,0.0,11.970946522054577,9.881931612895752,374.3696847071774,372.73199851174604,0.0
5.8500000000000005,4.3381597054887795,-1.9389778848737838,4.1219402085587795,0.0,11.956811458147564,10.075906624978563,372.8131353212466,372.73199851174604,0.0
5.851,4.476721470755944,-1.9968312881540715,4.899403533429171,0.0,11.968982637678877,10.312654330158821,370.38389344702904,372.73199851174604,0.0
5.852,4.692746688561252,-2.0259635939627367,6.137505521185116,0.0,12.00623748938123,10.632983811872718,368.9203738105897,372.73199851174604,0.0
5.853,5.0109147608305715,-2.038129974679192,6.907381586416352,0.0,12.072846782905463,10.964472942111769,367.5407911231507,372.73199851174604,0.0
5.854,5.406611888228129,-2.027594800942998,7.649085004021797,0.0,12.164663527183034,11.303017700672584,365.944589618369,372.73199851174604,0.0
5.855,5.864934035512689,-1.988573256529443,8.515059845346432,0.0,12.276966054740798,11.658271391247405,364.1661081209904,372.73199851174604,0.0
5.856,6.382624621471717,-1.9225401102836566,9.489959497943293,0.0,12.406690267957364,12.035446435910277,362.3089822012557,372.73199851174604,0.0
5.857,6.961351575779219,-1.8345500768219813,10.0,0.0,12.552140992100238,12.375748797014555,359.94247262338104,372.73199851174604,0.0
5.8580000000000005,7.5716764740762645,-1.7156031474665947,10.0,0.0,12.704872618044776,12.630117120132526,356.34050476794624,372.73199851174604,0.0
5.859,8.169384277560754,-1.5514295672223781,10.0,0.0,12.850898289173344,12.81467716413283,351.24190833029076,372.73199851174604,0.0
5.86,8.73639478223867,-1.3407791063110763,10.0,0.0,12.97924758269129,12.938989693366238,344.7649267251464,372.73199851174604,0.0
5.861,9.265546501239301,-1.0922730645320766,10.0,0.0,13.0819640397942,13.011169314984805,336.1963650464684,372.73199851174604,0.0
5.862,9.758351737824784,-0.8147554850725478,10.0,0.0,13.153584940025919,13.03748556131741,348.0543543414271,372.73199851174604,0.0
5.863,10.063120263929154,-0.7719991936080968,10.0,0.0,13.218747358601238,13.039735787534305,362.82535363563727,372.73199851174604,0.0
5.864,10.216271775288327,-0.8951251237862916,10.0,0.0,13.29158997317495,13.034478251998571,377.49298152976723,372.73199851174604,0.0
5.865,10.255815983974262,-1.1270395830630298,3.4640999975780655,0.0,13.380901903956383,12.315263383365512,384.03293230035996,372.73199851174604,0.0
5.8660000000000005,9.822891194429603,-1.2433233463889,0.08111527439556365,0.0,13.399833224169445,11.418149044084814,385.4147240912156,372.73199851174604,0.0
5.867,8.992275453774532,-1.2243814051808328,-0.7366078768269473,0.0,13.323913527266985,10.643558054927455,384.71620721011163,372.73199851174604,0.0
5.868,7.9793832392161494,-1.1452222150032623,-0.5071915232586246,0.0,13.169608609631585,10.075359211595195,383.29012918855034,372.73199851174604,0.0
5.869,6.972491365304977,-1.0776892435435785,0.1002661807539793,0.0,12.967277264467702,9.713705128722975,381.50808042098197,372.73199851174604,0.0
5.87,6.0937455575277415,-1.0649573353267512,0.9035297454458044,0.0,12.748288465343737,9.536860854813943,380.1622195835415,372.73199851174604,0.0
5.871,5.4088385110445065,-1.1223428468492773,1.5021579534480773,0.0,12.539953844090912,9.480170912652135,379.29868863318995,372.73199851174604,0.0
5.872,4.920290113607143,-1.2393087843877297,1.868256527409418,0.0,12.359076088761192,9.489492316890228,378.66446870187616,372.73199851174604,0.0
5.873,4.596283429572206,-1.3917848392404704,2.1260417911650134,0.0,12.212820956046668,9.535244449714508,377.995001293431,372.73199851174604,0.0
5.8740000000000006,4.398402306834934,-1.5533981863284423,2.408145467570735,0.0,12.102019257517178,9.608776264412736,377.1639378143712,372.73199851174604,0.0
5.875,4.2966821828382695,-1.7035615609773098,2.7793578140743946,0.0,12.024552748050958,9.711097451551796,376.069516804007,372.73199851174604,0.0
5.876,4.272900734031997,-1.8294118558106416,3.293193136333893,0.0,11.977406906930435,9.849848389142556,374.7879410840888,372.73199851174604,0.0
5.877,4.3215508012131565,-1.9241918862997416,3.9134215705695556,0.0,11.958018044086511,10.02750710152753,373.1945534681889,372.73199851174604,0.0
5.878,4.441134179551059,-1.987110653580779,4.705489828955091,0.0,11.964307202861502,10.25371860952431,370.8805135881028,372.73199851174604,0.0
5.8790000000000004,4.636874818283471,-2.022837072686151,5.881024618234552,0.0,11.995889314987451,10.558990390358609,369.22211566334533,372.73199851174604,0.0
5.88,4.933405099052306,-2.0375935727982903,6.745322409097299,0.0,12.056106344805517,10.889549688926929,367.83835196030986,372.73199851174604,0.0
5.881,5.312934939483296,-2.0320973513490728,7.4861407261293955,0.0,12.14260545213807,11.227138817945404,366.3018985193436,372.73199851174604,0.0
5.882000000000001,5.758228080016878,-1.9993938527332065,8.318668446536563,0.0,12.250671139005972,11.57860186381538,364.56696946655615,372.73199851174604,0.0
5.883,6.263170898742187,-1.939113983944456,9.26778326338218,0.0,12.376772811193467,11.950711747779641,362.72554351250875,372.73199851174604,0.0
5.884,6.828453872621085,-1.8555774743009257,10.0,0.0,12.518889087185741,12.312141804486306,360.5803280609173,372.73199851174604,0.0
5.885,7.438714786309465,-1.746207677054838,10.0,0.0,12.671741428648826,12.582842444988419,357.3026718050412,372.73199851174604,0.0
5.886,8.04204808633228,-1.5927517738164996,10.0,0.0,12.820592148632048,12.781494201721,352.5168025786728,372.73199851174604,0.0
5.8870000000000005,8.616781708959317,-1.3920912498227742,10.0,0.0,12.953884873683284,12.9179784892899,346.551414419812,372.73199851174604,0.0
5.888,9.154946859374665,-1.1498349618618433,10.0,0.0,13.06285516855052,13.000692790287617,338.23714307006503,372.73199851174604,0.0
5.889,9.654334493116501,-0.878998797754384,10.0,0.0,13.141830448858592,13.036481702464839,352.2199449006283,372.73199851174604,0.0
5.89,10.013827116421863,-0.7632254311444786,10.0,0.0,13.206460383667567,13.042038939228977,359.8575920572421,372.73199851174604,0.0
5.891,10.187130300547919,-0.8705799472739004,10.0,0.0,13.278149779112395,13.038035021776784,372.93754121100915,372.73199851174604,0.0
5.892,10.254455886560073,-1.0733545112840508,5.770419884249824,0.0,13.36350150014734,12.570673840261696,383.0805822181215,372.73199851174604,0.0
5.893,9.97762414792022,-1.2373341955882369,0.5954135436298964,0.0,13.409591950560639,11.662753799801427,386.0382640662825,372.73199851174604,0.0
5.894,9.2370222237547,-1.253543476670389,-1.016490035995984,0.0,13.360424575962583,10.803373372347677,385.4979252355938,372.73199851174604,0.0
5.8950000000000005,8.232465229556269,-1.1762835822336761,-0.8739798878901066,0.0,13.221575214880094,10.159904652387574,383.799152617406,372.73199851174604,0.0
5.896,7.187282613658368,-1.090004247365877,-0.13526511985279033,0.0,13.023545790018751,9.751655909125061,381.8455199998739,372.73199851174604,0.0
5.897,6.256278866692144,-1.0544822761839932,0.7504159740319789,0.0,12.80144980983596,9.54642545635692,380.31839413892163,372.73199851174604,0.0
5.898,5.520715430096626,-1.0935122510021689,1.4381149482363496,0.0,12.585688899336455,9.477900467626796,379.38007379495707,372.73199851174604,0.0
5.899,4.992847340581005,-1.2000071664488112,1.840794367386521,0.0,12.395975721964838,9.482779488564974,378.76176628913856,372.73199851174604,0.0
5.9,4.641431558521618,-1.3497782435848955,2.089650442521849,0.0,12.241131633754701,9.524923718876927,378.1495944282886,372.73199851174604,0.0
5.901,4.4243711655889255,-1.5143200672206567,2.3415604137814086,0.0,12.122588267225344,9.592953138825878,377.3636677483708,372.73199851174604,0.0
5.902,4.307622101383594,-1.6704810064619715,2.688207061374058,0.0,12.03823446442401,9.68860910478285,376.4745766305399,372.73199851174604,0.0
5.9030000000000005,4.270100960303618,-1.8045064911052604,3.0953268391015696,0.0,11.985062832416851,9.810540637814832,375.1141464223243,372.73199851174604,0.0
5.904,4.300905697995303,-1.9043484703469662,3.751720464103575,0.0,11.959043879783763,9.979330222758968,373.4543838454613,372.73199851174604,0.0
5.905,4.4034831092773405,-1.9729716072450532,4.574377899197945,0.0,11.95905590617477,10.201591867691631,371.49164526630926,372.73199851174604,0.0
5.906,4.584621314999151,-2.0165317711562882,5.568150721228321,0.0,11.985398281081196,10.483817558325946,369.5174218874509,372.73199851174604,0.0
5.907,4.858170927568544,-2.034152647818349,6.587408176900457,0.0,12.038831682354125,10.81435643396569,368.08606056362623,372.73199851174604,0.0
5.908,5.22152961085849,-2.033940250880227,7.349548218293985,0.0,12.119776058633924,11.15359363312912,366.61476163183426,372.73199851174604,0.0
5.909,5.655327266920212,-2.008514226779975,8.146370052989091,0.0,12.22375497852044,11.502946396072822,364.9437646505839,372.73199851174604,0.0
5.91,6.149467977164948,-1.9551481224420297,9.059750882225899,0.0,12.3466552714765,11.870247946013597,363.13427844010107,372.73199851174604,0.0
5.9110000000000005,6.7027041816790485,-1.8769118695984253,10.0,0.0,12.485923363361618,12.251488389524585,361.20973502195864,372.73199851174604,0.0
5.912,7.313019508036104,-1.7773917768464964,10.0,0.0,12.639223842735044,12.537526782841105,358.2437942439217,372.73199851174604,0.0
5.913,7.921469190103279,-1.6345586830957517,10.0,0.0,12.791081674117722,12.749465072999504,353.7808644950423,372.73199851174604,0.0
5.914,8.503143691965098,-1.4435518493197137,10.0,0.0,12.92936513060011,12.89749561889619,348.0766519657885,372.73199851174604,0.0
5.915,9.048979291374014,-1.2079189167729807,10.0,0.0,13.04461374178155,12.990326284935094,340.1944971410037,372.73199851174604,0.0
5.916,9.554802201737646,-0.9422593332828796,10.0,0.0,13.130754333590287,13.03521658134234,351.6882184896886,372.73199851174604,0.0
5.917,9.98596598194598,-0.720350947979101,10.0,0.0,13.191016569310367,13.041862120570453,360.6154690728507,372.73199851174604,0.0
5.918,10.162293547581783,-0.8364276283510589,10.0,0.0,13.260904654075201,13.03878493502991,370.62378540157357,372.73199851174604,0.0
5.9190000000000005,10.245731101999052,-1.028910243196363,6.935027032214541,0.0,13.343508532638758,12.698442394733958,380.77294306060185,372.73199851174604,0.0
5.92,10.057909016876373,-1.2078571606974222,1.7800387572118446,0.0,13.401577104093029,11.885490320659189,385.4754771794473,372.73199851174604,0.0
5.921,9.426130711582715,-1.2604841346889513,-0.6986630888878924,0.0,13.376543108958455,11.006150383547446,385.90265118242036,372.73199851174604,0.0
5.922,8.477347036809661,-1.2050762089559686,-1.0439566170811654,0.0,13.259457378055622,10.297094192165261,384.4519998875842,372.73199851174604,0.0
5.923,7.429040363169504,-1.116547465989061,-0.4358309834214591,0.0,13.07399051863582,9.823407699168198,382.44394315257375,372.73199851174604,0.0
5.924,6.457130695200537,-1.063551169495666,0.4710779376754779,0.0,12.854757390673692,9.568648891253119,380.6902084852631,372.73199851174604,0.0
5.925,5.66531418683648,-1.0816154449883448,1.2683631715956345,0.0,12.634488727985396,9.473455657093933,379.5210214305105,372.73199851174604,0.0
5.926,5.0859926274910165,-1.1703784052255783,1.7850664697843035,0.0,12.436310891021176,9.470426596987748,378.8353835092819,372.73199851174604,0.0
5.9270000000000005,4.696904477304905,-1.3113341816408584,2.06685158042324,0.0,12.272265437546075,9.510718469311177,378.25611378203195,372.73199851174604,0.0
5.928,4.454785198302037,-1.4751255227752156,2.3012452913453494,0.0,12.14526120641145,9.57628430533825,377.53258613606226,372.73199851174604,0.0
5.929,4.320864082824575,-1.6356849011599386,2.615003238087028,0.0,12.05353760020397,9.667072701594003,376.7803690841462,372.73199851174604,0.0
5.93,4.269511381325872,-1.7770078619203593,2.9506280583210716,0.0,11.994005126142612,9.777700634371847,375.4130439599132,372.73199851174604,0.0
5.931,4.284882341099779,-1.8838833770658794,3.607480165955896,0.0,11.961831769823583,9.938005677513146,373.7550554274087,372.73199851174604,0.0
5.932,4.372460708582944,-1.9592452461657375,4.426243863051507,0.0,11.95612730390011,10.15307845548717,372.07891147979785,372.73199851174604,0.0
5.933,4.539204420854459,-2.0093156860105106,5.270846707176415,0.0,11.977254692058315,10.413326160279194,369.834951454027,372.73199851174604,0.0
5.934,4.7896767048649895,-2.0305428565924193,6.421797190639022,0.0,12.024128396245464,10.741935844029031,368.37383285696797,372.73199851174604,0.0
5.9350000000000005,5.1359856440014005,-2.0353178417541486,7.19593814571633,0.0,12.099488675050853,11.080428669581575,366.9475448625803,372.73199851174604,0.0
5.936,5.556534974995333,-2.0163354005882432,7.966926679401826,0.0,12.19902639015109,11.426878232596069,365.3192056382325,372.73199851174604,0.0
5.937,6.038436426970422,-1.9692057312688518,8.855224220310847,0.0,12.318260850829276,11.78983578857495,363.5318822622644,372.73199851174604,0.0
5.938,6.579077150589672,-1.8960821522234728,9.840887070789726,0.0,12.45429532403574,12.173309508088986,361.6727425824165,372.73199851174604,0.0
5.939,7.179864290668159,-1.8020748844177734,10.0,0.0,12.605464158204787,12.479004918508164,358.95461792777,372.73199851174604,0.0
5.94,7.789961543675936,-1.668560519287888,10.0,0.0,12.758339142512611,12.706553715580155,354.82415372841473,372.73199851174604,0.0
5.941,8.377901023852075,-1.487556081544315,10.0,0.0,12.900106163596362,12.868062761086433,349.3074780890878,372.73199851174604,0.0
5.942,8.931628692702944,-1.2608677194013693,10.0,0.0,13.020721711664073,12.97256695537862,341.92699466939274,372.73199851174604,0.0
5.9430000000000005,9.445891227954867,-1.0012817620736718,10.0,0.0,13.113438552669626,13.027650682859163,338.7305645114634,372.73199851174604,0.0
5.944,9.921511497448957,-0.7221537806580032,10.0,0.0,13.174283863940218,13.03932211740037,357.74028015374455,372.73199851174604,0.0
5.945,10.140384870596971,-0.7862785361394216,10.0,0.0,13.240056790454988,13.036591071263176,369.8719955766748,372.73199851174604,0.0
5.946,10.236278432000947,-0.9751019209979406,7.299300934887722,0.0,13.319108644484185,12.735273967205874,378.75553736388565,372.73199851174604,0.0
5.947,10.084895296273128,-1.1567737436583911,2.797294652760904,0.0,13.378219269348799,12.021391139118489,383.84189095058133,372.73199851174604,0.0
5.948,9.535940951136858,-1.2330483675673878,0.14301893502471064,0.0,13.366604039321595,11.196728536804308,385.3450505324901,372.73199851174604,0.0
5.949,8.670324126469877,-1.2088817551557416,-0.7346913761371248,0.0,13.270262998461327,10.473093601930387,384.63890616343963,372.73199851174604,0.0
5.95,7.664911548155768,-1.1392584465653164,-0.5006882681288145,0.0,13.103775670378862,9.948644716818244,382.98119041786055,372.73199851174604,0.0
5.9510000000000005,6.689562692111691,-1.0865958383699201,0.22567768559958168,0.0,12.896395532777834,9.634786459620821,381.1663027121762,372.73199851174604,0.0
5.952,5.860184146661713,-1.0906092659515951,1.0487784964374445,0.0,12.67933568633311,9.496331595476974,379.86756859839403,372.73199851174604,0.0
5.953,5.229813131992951,-1.1627014843559615,1.6267898524620588,0.0,12.47802634786714,9.466413500316431,379.03733922434316,372.73199851174604,0.0
5.954,4.791746508514523,-1.289273127210056,1.978851132361524,0.0,12.307058092261611,9.494186526489981,378.3958697381155,372.73199851174604,0.0
5.955,4.510531745721321,-1.4450410277574701,2.242947163211661,0.0,12.17183271746567,9.554168332752608,377.6882955058097,372.73199851174604,0.0
5.956,4.34812083225497,-1.6040787003628216,2.547171309423911,0.0,12.0720645257567,9.640506169537595,376.8244903931672,372.73199851174604,0.0
5.957,4.2760801530074195,-1.7481331098676471,2.938148946930962,0.0,12.0051625452166,9.754499067719406,375.6794781119403,372.73199851174604,0.0
5.958,4.278676097402409,-1.8643050817463656,3.4811802915424757,0.0,11.967688425360308,9.9052201888853,374.20534264454255,372.73199851174604,0.0
5.9590000000000005,4.351961664470242,-1.948065512321203,4.203514583913375,0.0,11.957085757250672,10.103112791730146,372.6119523378262,372.73199851174604,0.0
5.96,4.499662410181911,-2.002404226394145,5.001410199010745,0.0,11.972472270478765,10.345186815858934,370.1762660224173,372.73199851174604,0.0
5.961,4.725673213545311,-2.0274362219332223,6.244810681608498,0.0,12.012737667165498,10.67000300491958,368.7121896859578,372.73199851174604,0.0
5.962,5.053238959633109,-2.036540584886877,7.017046938096115,0.0,12.082209303059129,11.005103974094473,367.3205935674871,372.73199851174604,0.0
5.963,5.458017745728318,-2.023037734315402,7.766959046774063,0.0,12.176667515088486,11.34715997032134,365.71737328837713,372.73199851174604,0.0
5.964,5.925296756526978,-1.9813446996123196,8.638715438562734,0.0,12.291434300225974,11.705497366811528,363.93896284680073,372.73199851174604,0.0
5.965,6.451731791059581,-1.913004013613291,9.615851016000384,0.0,12.423457601385866,12.085009988076104,362.08281426219213,372.73199851174604,0.0
5.966,7.0387523639220575,-1.8230104372719613,10.0,0.0,12.571013948018674,12.412950797126248,359.5921387938693,372.73199851174604,0.0
5.9670000000000005,7.649284685819176,-1.6989022625685632,10.0,0.0,12.723856777439252,12.657723320414597,355.80281137884396,372.73199851174604,0.0
5.968,8.243686624426818,-1.5287144024336716,10.0,0.0,12.868412993378804,12.834023984288304,350.5398778931112,372.73199851174604,0.0
5.969,8.80606085228851,-1.3123149332721096,10.0,0.0,12.99404159110535,12.951233057689887,343.72551080792465,372.73199851174604,0.0
5.97,9.329890675539549,-1.0599353456397131,10.0,0.0,13.093230476451449,13.017286545244971,335.0967886315961,372.73199851174604,0.0
5.971,9.81849380258805,-0.7786882444239538,10.0,0.0,13.16069243676104,13.038145526836326,349.8488457531381,372.73199851174604,0.0
5.972,10.096904137231277,-0.7674045964765304,10.0,0.0,13.22506536893675,13.037925700759239,366.1730420037314,372.73199851174604,0.0
5.973,10.226575174512021,-0.9185706146911174,9.165761615761951,0.0,13.299720123770257,12.940919217486798,378.58016744542243,372.73199851174604,0.0
5.974,10.202159442818832,-1.1421145295884205,2.903717205579663,0.0,13.380286925249726,12.184578797606335,383.760038872139,372.73199851174604,0.0
5.9750000000000005,9.711556616412937,-1.2364808517554744,0.20350108861746108,0.0,13.385307860882598,11.331247924685558,385.15669151617334,372.73199851174604,0.0
5.976,8.868366893932098,-1.2145889650119681,-0.6190721634439926,0.0,13.30114184489666,10.588116177271852,384.60113096045416,372.73199851174604,0.0
5.977,7.86519586756678,-1.1422086214440879,-0.45998321007148313,0.0,13.143336336842907,10.038523436067884,383.1983435793052,372.73199851174604,0.0
5.978,6.875634748015438,-1.08314650172689,0.1367470298274167,0.0,12.94057907574092,9.690978867921084,381.4330140266645,372.73199851174604,0.0
5.979,6.016547530881116,-1.0777564266502586,0.9324016509985569,0.0,12.723340796873197,9.52407171909787,380.0988447368839,372.73199851174604,0.0
5.98,5.350194134519443,-1.1400534439957295,1.525817833637488,0.0,12.518042203668692,9.474158692577209,379.2265540712583,372.73199851174604,0.0
5.981,4.8773777228561155,-1.259345983184319,1.8970176108551646,0.0,12.340781376269861,9.488951194375074,378.5723038949541,372.73199851174604,0.0
5.982,4.56643573914541,-1.41190508934473,2.1657396451752,0.0,12.19831445807646,9.53986124334784,377.88111427489054,372.73199851174604,0.0
5.9830000000000005,4.379736735638801,-1.5719336619400082,2.4598432975755244,0.0,12.091262788523553,9.618525247573444,377.0364074643857,372.73199851174604,0.0
5.984,4.287932335107822,-1.7196399531499749,2.839152613301537,0.0,12.01743009265564,9.7256321666504,375.89648641775335,372.73199851174604,0.0
5.985,4.2735811885522885,-1.841806215417877,3.3774682575576467,0.0,11.97365258421958,9.870727334059572,374.5675540479755,372.73199851174604,0.0
5.986,4.331868223285471,-1.9334977003784908,4.023578887084289,0.0,11.957626744091034,10.05606916140339,373.0146530095078,372.73199851174604,0.0
5.987,4.462371612197834,-1.9937556185017165,4.797202861340505,0.0,11.967449126853674,10.286139250439863,370.593383614535,372.73199851174604,0.0
5.988,4.668497557138738,-2.025322192306453,6.029223707799014,0.0,12.002166024180985,10.600601802162446,369.0648988657464,372.73199851174604,0.0
5.989,4.976907588148856,-2.038449938724895,6.830137078653324,0.0,12.065985873315807,10.931006206813189,367.68542034100705,372.73199851174604,0.0
5.99,5.36493612591079,-2.029837694591773,7.570342122730384,0.0,12.155385553683386,11.26856653820856,366.10892590074974,372.73199851174604,0.0
5.9910000000000005,5.816864938189288,-1.9932435544623128,8.424820068969,0.0,12.265662066180841,11.622069444173615,364.3437645296293,372.73199851174604,0.0
5.992,6.328491432783662,-1.9294992912464526,9.391283094350381,0.0,12.393615290472606,11.997256237838883,362.4912776751571,372.73199851174604,0.0
5.993,6.901160262798418,-1.8433979399761513,10.0,0.0,12.537458165694147,12.34713659757876,360.22268482038726,372.73199851174604,0.0
5.994,7.511544772925001,-1.7287090358964141,10.0,0.0,12.690150023431453,12.60891043199653,356.7656641848653,372.73199851174604,0.0
5.995,8.111922518126573,-1.5693582180948964,10.0,0.0,12.837368377919434,12.799838361875354,351.803092293121,372.73199851174604,0.0
5.996,8.68255815484231,-1.3632378053978313,10.0,0.0,12.967877952727841,12.929629191628369,345.57862753643025,372.73199851174604,0.0
5.997,9.215895845341608,-1.117612292811546,10.0,0.0,13.073358050773185,13.006531106299166,337.09166679856884,372.73199851174604,0.0
5.998,9.711776299666882,-0.8431688842145624,10.0,0.0,13.148247810661266,13.037077366236623,348.7118106155631,372.73199851174604,0.0
5.9990000000000006,10.03791235489793,-0.7736573766365207,10.0,0.0,13.213801388806676,13.041141814636987,360.65827847285107,372.73199851174604,0.0
6.0,10.204980651646624,-0.8819776621281546,10.0,0.0,13.285816400457442,13.03623902392181,375.72827228757376,372.73199851174604,0.0
6.001,10.258813427165107,-1.097386602218943,4.35600549458306,0.0,13.372751412426677,12.413937695507808,383.8662251693009,372.73199851174604,0.0
6.002,9.884388717331595,-1.2359443747113696,0.17568678714394625,0.0,13.401850055930854,11.500889934204878,385.50615107672184,372.73199851174604,0.0
6.003,9.082441623686776,-1.2285039790953758,-0.7720176922162842,0.0,13.334530037711634,10.704082440930014,384.80852260593826,372.73199851174604,0.0
6.0040000000000004,8.075531294026549,-1.1507307512699194,-0.543968697766422,0.0,13.185780620882209,10.11752679466998,383.3810201606465,372.73199851174604,0.0
6.005,7.061544929363059,-1.0797279747070605,0.06329230839047018,0.0,12.986218007966059,9.74073938890215,381.6356233426417,372.73199851174604,0.0
6.006,6.169078560484415,-1.0616820344537,0.8469544690839097,0.0,12.76765789010251,9.549836126964209,380.24826528563625,372.73199851174604,0.0
6.007000000000001,5.466800390747188,-1.1136684411342974,1.465470829847722,0.0,12.557762421968913,9.484693292493105,379.3624355139144,372.73199851174604,0.0
6.008,4.962056505837861,-1.2267481212886164,1.842081345686954,0.0,12.374261117951736,9.48881623343308,378.72880466606057,372.73199851174604,0.0
6.009,4.6246113391921515,-1.3774587789186663,2.0989287080707344,0.0,12.22496961396804,9.530735384063096,378.0735874926173,372.73199851174604,0.0
6.01,4.4158926896533295,-1.5392523858385394,2.373121404983646,0.0,12.111089365630598,9.600710792051142,377.2644414071504,372.73199851174604,0.0
6.011,4.30505825761909,-1.691161504377783,2.7323700187630626,0.0,12.030686749895825,9.699180655981621,376.2829515440253,372.73199851174604,0.0
6.0120000000000005,4.273001219243501,-1.8197049041413298,3.187605420002816,0.0,11.980792064916173,9.828664609845124,374.9462229010352,372.73199851174604,0.0
6.013,4.311401637369639,-1.915437656157561,3.833827497604987,0.0,11.958080412544984,10.002198157970524,373.2715628523002,372.73199851174604,0.0
6.014,4.421868962930594,-1.9799735854986606,4.665761878566949,0.0,11.961134904930814,10.229390345545616,371.10133194968614,372.73199851174604,0.0
6.015000000000001,4.611498879169916,-2.0195581706732275,5.767183995494566,0.0,11.990312111911365,10.527251235123485,369.3572988942464,372.73199851174604,0.0
6.016,4.8995765617723475,-2.036607046234617,6.672947519389427,0.0,12.047837217611654,10.857071276976905,367.9697501341304,372.73199851174604,0.0
6.017,5.272557492636174,-2.0339961642796345,7.4143443832236,0.0,12.132134131156588,11.194010719428826,366.45817447314175,372.73199851174604,0.0
6.018,5.712346261657685,-2.004466718858364,8.232870454103956,0.0,12.238473167415439,11.543662852864816,364.74285338280447,372.73199851174604,0.0
6.019,6.211707629543573,-1.946950885365732,9.170422450562015,0.0,12.363112066162024,11.913397272707448,362.909830816036,372.73199851174604,0.0
6.0200000000000005,6.770957378659261,-1.8654927465607827,10.0,0.0,12.503875280084596,12.2839762921902,360.8633798100337,372.73199851174604,0.0
6.021,7.380955669458228,-1.7604023594942695,10.0,0.0,12.656874713373918,12.561770641125825,357.72855169450276,372.73199851174604,0.0
6.022,7.986493653119611,-1.6116792194635217,10.0,0.0,12.807044996695154,12.766576303202061,353.08892373292895,372.73199851174604,0.0
6.023,8.564366047530598,-1.415387869220878,10.0,0.0,12.942574000765507,12.908407843854201,347.2691606264212,372.73199851174604,0.0
6.024,9.106164795234777,-1.1760015302044367,10.0,0.0,13.054363674704655,12.995789992544815,339.14146562222254,372.73199851174604,0.0
6.025,9.608439838373918,-0.9077484468102996,10.0,0.0,13.136598620335755,13.035780626492011,353.4880974098216,372.73199851174604,0.0
6.026,9.999822870985813,-0.7452583527199397,10.0,0.0,13.199417755282475,13.041966308451688,360.00735332673355,372.73199851174604,0.0
6.027,10.174297444887655,-0.8574102339518155,10.0,0.0,13.2705351528069,13.038536962906981,371.56126720190576,372.73199851174604,0.0
6.0280000000000005,10.250854414328103,-1.0526229838322934,6.46515841377605,0.0,13.35454975969894,12.647053196285126,382.197294298081,372.73199851174604,0.0
6.029,10.024459765505002,-1.2278265116585154,1.052491907825094,0.0,13.408334789801671,11.768743348287236,385.94492371733867,372.73199851174604,0.0
6.03,9.331741020604484,-1.2605476781505265,-0.9534520538596771,0.0,13.3707576251302,10.891050932824424,385.7608307107349,372.73199851174604,0.0
6.031,8.346494169242504,-1.1903367567003316,-0.9916938725476934,0.0,13.241118522355151,10.214672848202719,384.10384463335794,372.73199851174604,0.0
6.032,7.2942024736427955,-1.1004609467090973,-0.2769192950753201,0.0,13.047621291510907,9.777875901476872,382.0769588423247,372.73199851174604,0.0
6.033,6.341698202791113,-1.055731422227293,0.6430739971355122,0.0,12.825772599485415,9.553712995545341,380.4741649592338,372.73199851174604,0.0
6.034,5.580634322505332,-1.0858124829665203,1.3670492742060834,0.0,12.60744869799545,9.474410842682987,379.41954328903273,372.73199851174604,0.0
6.035,5.030602074203163,-1.1846032469093806,1.8274846615337523,0.0,12.413593144794572,9.477507563303593,378.7836751827263,372.73199851174604,0.0
6.0360000000000005,4.6639058623142375,-1.331240457109538,2.0849019479771584,0.0,12.25457500445843,9.519456865002304,378.1984539704522,372.73199851174604,0.0
6.037,4.437029890823746,-1.4962680060798854,2.3228479995271574,0.0,12.132340266610512,9.586198710048661,377.44452331780496,372.73199851174604,0.0
6.038,4.313409629220063,-1.6549321676062252,2.6526880777901827,0.0,12.04480596933021,9.679275313960526,376.63592048798694,372.73199851174604,0.0
6.039,4.269944058702323,-1.792564293025996,3.0179502729367877,0.0,11.988885654350042,9.794716278577585,375.38352118858455,372.73199851174604,0.0
6.04,4.293093186160738,-1.8955955722946591,3.6176346958695946,0.0,11.960058586794943,9.95235272008046,373.53826585277966,372.73199851174604,0.0
6.041,4.384906125812144,-1.9647609958001448,4.532199690361705,0.0,11.956455753938567,10.17608018375527,371.70904583229145,372.73199851174604,0.0
6.042,4.559503514389554,-2.0111678364532883,5.4570392274003545,0.0,11.979999048972095,10.451373733559294,369.6278281711485,372.73199851174604,0.0
6.043,4.824250387060304,-2.0313513009048045,6.528689761377802,0.0,12.030473482165814,10.78274923914539,368.20432598695874,372.73199851174604,0.0
6.0440000000000005,5.181844323754436,-2.034600057164651,7.28571757872056,0.0,12.109193551142832,11.121903327750529,366.7666513245933,372.73199851174604,0.0
6.045,5.611005641780233,-2.012941006087206,8.064208381774815,0.0,12.211542038901547,11.4694459189395,365.1194669332891,372.73199851174604,0.0
6.046,6.100153607460068,-1.962762037003335,8.963925893211465,0.0,12.333106840914839,11.834138454968416,363.3193542154993,372.73199851174604,0.0
6.047,6.647620038693551,-1.8868326866310237,9.958108695068848,0.0,12.471133977479575,12.219551322906826,361.4529238853499,372.73199851174604,0.0
6.048,7.255177852497514,-1.790524318565296,10.0,0.0,12.624065060198173,12.513535138025619,358.610865144404,372.73199851174604,0.0
6.049,7.86474280079604,-1.6520202905949848,10.0,0.0,12.776829056760713,12.732018200680288,354.2983071687732,372.73199851174604,0.0
6.05,8.449111203664078,-1.4653414756994243,10.0,0.0,12.91701533057366,12.88574448189324,348.67388226660825,372.73199851174604,0.0
6.051,8.998174489210516,-1.2333272998875078,10.0,0.0,13.034900833936248,12.98356348498477,341.01186789691224,372.73199851174604,0.0
6.0520000000000005,9.507349019129695,-0.9700189352086084,10.0,0.0,13.12413590891517,13.03287057266775,344.9670036700392,372.73199851174604,0.0
6.053,9.968444303182613,-0.7046292457957142,10.0,0.0,13.18281840297587,13.040541723133702,360.51909578720336,372.73199851174604,0.0
6.054,10.155251534336173,-0.8100336770874916,10.0,0.0,13.250648147013319,13.037376165372766,370.70244082884983,372.73199851174604,0.0
6.055,10.241451763324452,-1.0052908946672519,6.886571395161048,0.0,13.331802610491787,12.69121903838221,379.59975150936464,372.73199851174604,0.0
6.056,10.057629918057746,-1.1791348235913954,2.369238524927459,0.0,13.387396174929206,11.94310314603047,384.5086515757699,372.73199851174604,0.0
6.057,9.466713126757504,-1.2432319875008195,-0.20297803891539878,0.0,13.367931042428511,11.100750334627628,385.58448899342426,372.73199851174604,0.0
6.058,8.564413017499128,-1.206131107573479,-0.8694216525593728,0.0,13.261455073606495,10.38644350335801,384.5629866379996,372.73199851174604,0.0
6.059,7.541811548836501,-1.1294390372856151,-0.47698035610957135,0.0,13.086130899607332,9.886215897539376,382.7275712796992,372.73199851174604,0.0
6.0600000000000005,6.570201628575743,-1.0777953065522388,0.3407715953610948,0.0,12.873402492748426,9.601158013142019,380.951200917967,372.73199851174604,0.0
6.061,5.76030001560536,-1.089371598160405,1.146764752164973,0.0,12.655230967519909,9.483187882456367,379.69475447513986,372.73199851174604,0.0
6.062,5.155420378821836,-1.169175321374366,1.7053604139446126,0.0,12.45574222838313,9.467020947460627,378.9289687753711,372.73199851174604,0.0
6.063,4.74188731552833,-1.30241046352071,2.0262835611927326,0.0,12.288443498064415,9.501677262224733,378.3159976201071,372.73199851174604,0.0
6.064,4.480528276431405,-1.4618057203690893,2.276929147741125,0.0,12.157541399085838,9.565114019196129,377.5983457896399,372.73199851174604,0.0
6.065,4.3328919635462055,-1.6213201152363435,2.5870915901957963,0.0,12.062025816569179,9.654354707403458,376.72657160011585,372.73199851174604,0.0
6.066,4.2720161695879995,-1.7635864604702238,2.9830329540741216,0.0,11.999040015151966,9.770791668347007,375.5058476728437,372.73199851174604,0.0
6.067,4.283628150581284,-1.8758966515688802,3.565656426099226,0.0,11.964927947539344,9.927529445489617,374.0099175233821,372.73199851174604,0.0
6.0680000000000005,4.366266829173417,-1.9561916764100207,4.300842310713651,0.0,11.957610215223786,10.131252315908835,372.40942350797053,372.73199851174604,0.0
6.069,4.5234232933343375,-2.00776925905884,5.104315068457198,0.0,11.97626712702466,10.37844044628844,369.999769735854,372.73199851174604,0.0
6.07,4.759539193448646,-2.0291321927957466,6.336464242274389,0.0,12.019611307567988,10.705875951981666,368.5119733414912,372.73199851174604,0.0
6.071,5.095620084236085,-2.0349055257335094,7.122562691158318,0.0,12.091786057912081,11.044443923813485,367.10259881279427,372.73199851174604,0.0
6.072,5.508809725164224,-2.018295439736737,7.883543952496315,0.0,12.188715287615926,11.390129476160652,365.4946983392179,372.73199851174604,0.0
6.073,5.984643995973036,-1.9739697214345424,8.759867191009779,0.0,12.305810421430827,11.751515266486898,363.71890050933496,372.73199851174604,0.0
6.074,6.519515055841421,-1.9034255012423027,9.737897085975362,0.0,12.440018013858744,12.133214573345661,361.86436427993095,372.73199851174604,0.0
6.075,7.114517632290493,-1.811531644977275,10.0,0.0,12.58957189574251,12.449114157543677,359.25189326342553,372.73199851174604,0.0
6.0760000000000005,7.725178209681287,-1.6824896723445961,10.0,0.0,12.742484669430763,12.684535504621524,355.2784016610082,372.73199851174604,0.0
6.077,8.316309298613701,-1.5065266717580612,10.0,0.0,12.885582790119775,12.852788180351755,349.8701581225269,372.73199851174604,0.0
6.078,8.874132323854445,-1.2845822383912187,10.0,0.0,13.008542108648426,12.963076178690706,342.74143643277586,372.73199851174604,0.0
6.079,9.392833763103576,-1.0283142645946926,10.0,0.0,13.104264262374164,13.02315238098363,334.42632232875445,372.73199851174604,0.0
6.08,9.877804696944628,-0.7425853305984846,10.0,0.0,13.167554317954993,13.038633390089814,354.590386512244,372.73199851174604,0.0
6.081,10.125982304212576,-0.7685027317864455,10.0,0.0,13.231771672358999,13.036445476382392,369.03426210071683,372.73199851174604,0.0
6.082,10.23213406597619,-0.9484547184277049,7.717274664401515,0.0,13.308884044470519,12.780603384848963,378.20283411380535,372.73199851174604,0.0
6.083,10.111968650977872,-1.1390958383098606,3.078280301836661,0.0,13.371871973538173,12.084874326421332,383.3222159743092,372.73199851174604,0.0
6.0840000000000005,9.595073613067528,-1.2243450415789672,0.41268719695911127,0.0,13.366459205017076,11.273848468852501,385.10152504476673,372.73199851174604,0.0
6.085,8.757854033565275,-1.2094721776024029,-0.6006626035998677,0.0,13.277996620521094,10.545496576541879,384.6547551345121,372.73199851174604,0.0
6.086,7.767165993404398,-1.1455696066594194,-0.49650521470019804,0.0,13.118664551079686,10.003327914419948,383.17912423686505,372.73199851174604,0.0
6.087,6.790421983498595,-1.092626055010269,0.13683897687212365,0.0,12.915864057398245,9.665604159438058,381.36264021281227,372.73199851174604,0.0
6.088,5.945600529937112,-1.0916006487972092,0.9587745718878535,0.0,12.699987878419815,9.50861512391492,380.0067047418486,372.73199851174604,0.0
6.089,5.294192463067398,-1.156911445797544,1.5639952450686714,0.0,12.49719485551909,9.467298964966039,379.12630992580154,372.73199851174604,0.0
6.09,4.835770179128633,-1.277882683117709,1.9402495389516394,0.0,12.323203247148754,9.489083255781864,378.46600533771147,372.73199851174604,0.0
6.091,4.53788946331599,-1.4306452203853584,2.21306176473702,0.0,12.18438339542328,9.545719414476636,377.7694626808854,372.73199851174604,0.0
6.0920000000000005,4.3627209794598265,-1.5894272383059742,2.510958451458661,0.0,12.081047541338418,9.629140211476964,376.9126393306659,372.73199851174604,0.0
6.093,4.280932148371204,-1.7347968228405575,2.897563718379205,0.0,12.010790186481675,9.740678042444,375.84527195384845,372.73199851174604,0.0
6.094,4.275441873877474,-1.8541387764483164,3.400114672366909,0.0,11.970386269258814,9.885236948981525,374.3415939157222,372.73199851174604,0.0
6.095,4.340058745222105,-1.9403616800542787,4.13585773739026,0.0,11.956769734272576,10.080043042162856,372.7756946065281,372.73199851174604,0.0
6.096,4.480089900409043,-1.9976054923934683,4.918370431039515,0.0,11.969430052424345,10.3179685798215,370.34611584959964,372.73199851174604,0.0
6.097,4.69790294956983,-2.0261309262736704,6.157018636125197,0.0,12.007182252130226,10.639234647296568,368.88716981738264,372.73199851174604,0.0
6.098,5.017801115639225,-2.0379197509957683,6.92493993917733,0.0,12.074297354993655,10.971223521503575,367.50656918879105,372.73199851174604,0.0
6.099,5.415055033775974,-2.026952114193727,7.667494546702677,0.0,12.166575506696,11.310227863039133,365.90849478596647,372.73199851174604,0.0
6.1000000000000005,5.874822595952136,-1.9874891062853135,8.534766785372764,0.0,12.279295022879763,11.665932093111826,364.12924557586683,372.73199851174604,0.0
6.101,6.3938974197677965,-1.921054533555762,9.510418919781372,0.0,12.409399837531252,12.04348630919591,362.27190353484383,372.73199851174604,0.0
6.102,6.973945686413032,-1.8327154318229173,10.0,0.0,12.555196636862682,12.381778421523874,359.8851712907036,372.73199851174604,0.0
6.103,7.58428584710458,-1.7129088546021505,10.0,0.0,12.707947635016803,12.63458825674038,356.2528810143513,372.73199851174604,0.0
6.104,8.181444308186158,-1.5477428073182211,10.0,0.0,12.853734317448144,12.81780817913859,351.1267267522276,372.73199851174604,0.0
6.105,8.74769431774124,-1.3361493508499742,10.0,0.0,12.981640704137506,12.94096886109987,344.5949031904015,372.73199851174604,0.0
6.106,9.27597018515127,-1.0870237052041194,10.0,0.0,13.083784633897695,13.012156268214406,336.01429985467513,372.73199851174604,0.0
6.107,9.768108417707122,-0.808875033170692,10.0,0.0,13.154727813926101,13.037586880686465,348.5251397212212,372.73199851174604,0.0
6.1080000000000005,10.068849741681356,-0.7708575559763258,10.0,0.0,13.21971930142782,13.039408586602548,363.328196235814,372.73199851174604,0.0
6.109,10.217871039608148,-0.8990687159447828,10.0,0.0,13.292877213139459,13.034162341144992,377.7392238150993,372.73199851174604,0.0
6.11,10.255363495703747,-1.1329151587858814,3.3403140941536797,0.0,13.382635706247015,12.301557104570012,384.1420421147731,372.73199851174604,0.0
6.111,9.81386320683406,-1.2463649162836212,0.02480450828650227,0.0,13.400298835282655,11.402019001912983,385.45893282216633,372.73199851174604,0.0
6.112,8.97628381236754,-1.224862809283355,-0.7609101885143064,0.0,13.322742111804018,10.628646232138426,384.7130947950857,372.73199851174604,0.0
6.113,7.9596562291562405,-1.1442689805105024,-0.5078021378073778,0.0,13.166953483600778,10.0640073397478,383.25967013603525,372.73199851174604,0.0
6.114,6.9525274151468555,-1.0765878469784818,0.11363347547494307,0.0,12.963640842578013,9.706698204438824,381.45841469536555,372.73199851174604,0.0
6.115,6.076171972990478,-1.0648432903236187,0.9269970339736018,0.0,12.744313462229906,9.534372164357608,380.1363986691709,372.73199851174604,0.0
6.1160000000000005,5.395584046402594,-1.1235834990751257,1.5139610454966839,0.0,12.536265084437705,9.479879513435353,379.28779627553536,372.73199851174604,0.0
6.117,4.911113246089276,-1.2416798208698092,1.872704264676556,0.0,12.355975472642397,9.490109312589249,378.6562586891848,372.73199851174604,0.0
6.118,4.590277965928367,-1.3947013291721133,2.129230456077435,0.0,12.210389204637316,9.536364792325088,377.98242178570894,372.73199851174604,0.0
6.119,4.394744016945722,-1.5563106584963113,2.4136446750757496,0.0,12.100233922548968,9.610456781049121,377.2010017628743,372.73199851174604,0.0
6.12,4.294680594743494,-1.7064476221189449,2.759664653981793,0.0,12.023402340247104,9.710393735134021,376.02379220981527,372.73199851174604,0.0
6.121,4.271079681883318,-1.8305853875445903,3.315351493530609,0.0,11.97640139614451,9.85191465433415,374.83344498937385,372.73199851174604,0.0
6.122,4.321208531967297,-1.9249788079675068,3.889510638975043,0.0,11.957394536964454,10.026433842169565,373.10724189860815,372.73199851174604,0.0
6.123,4.440499948428138,-1.986002767440939,4.7488597504892684,0.0,11.963508983823797,10.257766468805698,370.7739896849332,372.73199851174604,0.0
6.1240000000000006,4.639052368799802,-2.0215045032978223,5.935065945594867,0.0,11.995440200010336,10.567818615734357,369.1785499829425,372.73199851174604,0.0
6.125,4.939972788251928,-2.037380613060113,6.7683202818782515,0.0,12.056574863986372,10.8987388626929,367.81796976543666,372.73199851174604,0.0
6.126,5.322652462415583,-2.032412109435107,7.497750678094274,0.0,12.143982789764282,11.235499791610636,366.27921574713827,372.73199851174604,0.0
6.127,5.769683076533123,-1.9994662965183359,8.331655514889547,0.0,12.252751661471585,11.586414077488422,364.53575370018973,372.73199851174604,0.0
6.128,6.275613367509692,-1.938561326919132,9.285348986479379,0.0,12.379364986069188,11.958499029589836,362.68803124092034,372.73199851174604,0.0
6.1290000000000004,6.841701450839392,-1.854360060251636,10.0,0.0,12.521872383779744,12.31790110945575,360.52066641917423,372.73199851174604,0.0
6.13,7.451607330782325,-1.7438751276535283,10.0,0.0,12.674757919786712,12.587038445010483,357.21309961359253,372.73199851174604,0.0
6.131,8.05412870061101,-1.5892416589773783,10.0,0.0,12.823363803520065,12.784372308728715,352.3976380324264,372.73199851174604,0.0
6.132000000000001,8.627929954509934,-1.3875240301943337,10.0,0.0,12.956199880772534,12.91974045021787,346.3951789112523,372.73199851174604,0.0
6.133,9.165118790721976,-1.1445938849321093,10.0,0.0,13.064584024757657,13.001502625839015,338.0468123567,372.73199851174604,0.0
6.134,9.663792887928498,-0.8731151148893823,10.0,0.0,13.1428726086543,13.036444735965965,352.16652448010973,372.73199851174604,0.0
6.135,10.016171068382425,-0.7675826094854141,10.0,0.0,13.207932757279968,13.041946634592016,359.7138382315128,372.73199851174604,0.0
6.136,10.189324062428756,-0.8737521115272093,10.0,0.0,13.279771051184317,13.037881310677477,373.21664437331407,372.73199851174604,0.0
6.1370000000000005,10.25520662484221,-1.0773041790636002,5.6295824806798365,0.0,13.365348015715355,12.555144869494585,383.2881415533927,372.73199851174604,0.0
6.138,9.96794298372066,-1.2393274826494345,0.48827246022406534,0.0,13.409880682394078,11.639657667973664,386.055582873024,372.73199851174604,0.0
6.139,9.216761494526654,-1.2518254569034406,-1.0286840432043647,0.0,13.358165906384919,10.784477665500253,385.4311131517511,372.73199851174604,0.0
6.140000000000001,8.208055220432605,-1.1729724989693415,-0.8434403289679793,0.0,13.217305802614046,10.148636434531966,383.7307339716756,372.73199851174604,0.0
6.141,7.164742269114223,-1.0875262780091628,-0.10323809352951674,0.0,13.018337031397154,9.746540486943374,381.7946381104813,372.73199851174604,0.0
6.142,6.238558678440616,-1.0541019014322086,0.7741834410802824,0.0,12.796233323329226,9.545318668905548,380.29185084699066,372.73199851174604,0.0
6.143,5.508489996241586,-1.0952698123925653,1.449978549473153,0.0,12.581080518235714,9.47861762757699,379.36922716589055,372.73199851174604,0.0
6.144,4.985227244504002,-1.2032547894576415,1.8449181034817599,0.0,12.39223955788626,9.484015025598103,378.7546979593075,372.73199851174604,0.0
6.1450000000000005,4.637048394100523,-1.3536635032958395,2.0919557122976595,0.0,12.238287542125407,9.526280375238827,378.1387589958747,372.73199851174604,0.0
6.146,4.422095369503841,-1.5181334998838076,2.3458575891727858,0.0,12.12054487539101,9.594545862909099,377.3480661517683,372.73199851174604,0.0
6.147,4.306784976475034,-1.6737990361358817,2.6950433348257565,0.0,12.036881533118926,9.690616561379178,376.44332756642814,372.73199851174604,0.0
6.148,4.270437315924475,-1.8070510382678635,3.11029933694902,0.0,11.984292659793057,9.813745297282345,375.1570874541377,372.73199851174604,0.0
6.149,4.302595652949116,-1.906365925208726,3.7291685036703255,0.0,11.958867664932272,9.979324426902506,373.4015716968404,372.73199851174604,0.0
6.15,4.404561186774795,-1.9731115963041235,4.600230650468033,0.0,11.958891957470655,10.204536663204525,371.4031645623638,372.73199851174604,0.0
6.151,4.587023949904696,-2.015930201608661,5.612722557200138,0.0,11.985477634257956,10.490842344796704,369.4709567184969,372.73199851174604,0.0
6.152,4.863766064827317,-2.033874874409651,6.611436897066096,0.0,12.039581039480806,10.82229267921614,368.05837117813417,372.73199851174604,0.0
6.1530000000000005,5.22978805669446,-2.0338614128506065,7.364465940583578,0.0,12.121238210123813,11.161359374148024,366.5884239675639,372.73199851174604,0.0
6.154,5.665371146213561,-2.0081989902894932,8.16087529131052,0.0,12.225813601329566,11.510505934867375,364.91304009454444,372.73199851174604,0.0
6.155,6.160727376408201,-1.9543354639099821,9.076756811992277,0.0,12.34917774581055,11.877844897976871,363.09922402395074,372.73199851174604,0.0
6.156,6.714960596039401,-1.8755528068008829,10.0,0.0,12.48881191513618,12.257172222840065,361.153956754756,372.73199851174604,0.0
6.157,7.325117744675577,-1.7750244998773226,10.0,0.0,12.642145112825064,12.54172284611576,358.1596470445273,372.73199851174604,0.0
6.158,7.932927846415936,-1.6310993343944646,10.0,0.0,12.793773567938754,12.752394187127692,353.66680944430027,372.73199851174604,0.0
6.159,8.513807372276688,-1.4391004094779776,10.0,0.0,12.93162568155628,12.89934259272252,347.946097357205,372.73199851174604,0.0
6.16,9.058842100896374,-1.2027190211123453,10.0,0.0,13.04630546090048,12.991236344230062,340.0214752460885,372.73199851174604,0.0
6.1610000000000005,9.563942471255185,-0.9365765458445269,10.0,0.0,13.131794779065217,13.035298005067997,352.8823216954987,372.73199851174604,0.0
6.162,9.988780983914316,-0.7239220500652046,10.0,0.0,13.192410761714221,13.041821198949696,360.5481719559795,372.73199851174604,0.0
6.163,10.163311045395563,-0.8417138543147513,10.0,0.0,13.262701108911738,13.03880375007178,370.53371266326894,372.73199851174604,0.0
6.164,10.246636370120846,-1.032940658029196,6.982473041139207,0.0,13.34551770686781,12.703768630221754,381.05950818448366,372.73199851174604,0.0
6.165,10.059959715122266,-1.214510501044404,1.6363001838044715,0.0,13.404609547737795,11.873982622731218,385.6914506881852,372.73199851174604,0.0
6.166,9.419276225423708,-1.2645972039746953,-0.8092655898107033,0.0,13.378507442663908,10.986142310869269,385.96559852360355,372.73199851174604,0.0
6.167,8.46013001971686,-1.2049868551600031,-1.0786755076384376,0.0,13.2591735115123,10.278395634191991,384.42153626322676,372.73199851174604,0.0
6.168,7.406144695205737,-1.1137772978524134,-0.42353975496484964,0.0,13.071561357992433,9.810596187678811,382.37102372078834,372.73199851174604,0.0
6.1690000000000005,6.434127713000187,-1.0605130532725655,0.5053262641639336,0.0,12.850983503842528,9.562821389839891,380.63578533306566,372.73199851174604,0.0
6.17,5.6464427668175645,-1.0800702112781464,1.2939075898120809,0.0,12.630369885150134,9.472146746257913,379.49073525660765,372.73199851174604,0.0
6.171,5.072527178567488,-1.1707668194869922,1.7988452605924685,0.0,12.432531219291697,9.471389400939941,378.82123034877856,372.73199851174604,0.0
6.172,4.688314650724243,-1.3132600795414753,2.0727053961366906,0.0,12.269167978011213,9.512523383950233,378.24648068028773,372.73199851174604,0.0
6.173,4.449876539177997,-1.4778382410970845,2.304935408696686,0.0,12.142933124330384,9.578400411549266,377.52004451744494,372.73199851174604,0.0
6.174,4.3185314786319084,-1.6385066996824502,2.6202730300610906,0.0,12.051937207606368,9.669494664789397,376.75964630640584,372.73199851174604,0.0
6.175,4.269035030662076,-1.7794789733759135,2.960195657634044,0.0,11.993050573399197,9.780749172523723,375.4071742261543,372.73199851174604,0.0
6.176,4.285979328898337,-1.8858203435558583,3.6096799406157185,0.0,11.961465881369033,9.94067477363046,373.7184048846561,372.73199851174604,0.0
6.1770000000000005,4.374495317288121,-1.9602056696676895,4.444200547635741,0.0,11.956151190823066,10.157184453625382,372.0180676315606,372.73199851174604,0.0
6.178,4.542694659625578,-2.0096913154346874,5.301508482985336,0.0,11.977718505104436,10.419853595611245,369.7999419477808,372.73199851174604,0.0
6.179,4.795611927500836,-2.0306993706730405,6.4398918905148985,0.0,12.025212031774805,10.748922744258515,368.3436903023968,372.73199851174604,0.0
6.18,5.143844518733677,-2.03518253707162,7.211900795300384,0.0,12.101146188394324,11.087595063802345,366.9152053848817,372.73199851174604,0.0
6.181,5.565902344720795,-2.0157333136740956,7.98431118532658,0.0,12.20116991506856,11.43429458596251,365.2839521394698,372.73199851174604,0.0
6.182,6.049103769855707,-1.9680873570603006,8.874418271755278,0.0,12.32081465829785,11.797582625676013,363.4948197817413,372.73199851174604,0.0
6.183,6.590972623157274,-1.8944904969239142,9.86135623791959,0.0,12.457204536126689,12.181394881543053,361.6346571060084,372.73199851174604,0.0
6.184,7.192963918256389,-1.800090062251742,10.0,0.0,12.608688572546784,12.485045979845594,358.8950968182914,372.73199851174604,0.0
6.1850000000000005,7.802982225817789,-1.6657056843788824,10.0,0.0,12.761551037935824,12.711011833458318,354.7329376707872,372.73199851174604,0.0
6.186,8.390305561732731,-1.4837089760617674,10.0,0.0,12.903048048011078,12.871161964373645,349.19619902552313,372.73199851174604,0.0
6.187,8.943225247048963,-1.2560830293334213,10.0,0.0,13.02319148311339,12.974498851179328,341.7661607944205,372.73199851174604,0.0
6.188,9.456602913422211,-0.9958404796122329,10.0,0.0,13.115303842383996,13.02857404636678,339.89148075349965,372.73199851174604,0.0
6.189,9.93003216111986,-0.718559275463027,10.0,0.0,13.175713978287083,13.039509517379543,358.45959959478904,372.73199851174604,0.0
6.19,10.142948298110841,-0.790481937933234,10.0,0.0,13.241860952614353,13.036705972289298,369.9943567073378,372.73199851174604,0.0
6.191,10.236940167040073,-0.9808173455020497,7.238864350576611,0.0,13.321330543207742,12.728862613491934,378.86850594647336,372.73199851174604,0.0
6.192,10.080860666021795,-1.1610138583979879,2.740424656661543,0.0,13.37998710120492,12.010642203598522,383.9780632560674,372.73199851174604,0.0
6.1930000000000005,9.525936317187798,-1.2356951679806736,0.07318535442131058,0.0,13.367368941338176,11.18117844754845,385.4170579683067,372.73199851174604,0.0
6.194,8.653729137488222,-1.2092689089800222,-0.7731625962639566,0.0,13.269412520267199,10.457366915842348,384.64280379163523,372.73199851174604,0.0
6.195,7.644168721050898,-1.137911291800083,-0.5051435607271033,0.0,13.10128551283292,9.936416042626771,382.93831553583436,372.73199851174604,0.0
6.196,6.668316990989939,-1.0849083561653101,0.24503739693244686,0.0,12.892759372072488,9.627835357118844,381.121590461083,372.73199851174604,0.0
6.197,5.841839720876485,-1.0898138784016984,1.0695040148147719,0.0,12.675297413639658,9.493603626887994,379.8357120119003,372.73199851174604,0.0
6.198,5.215879606701141,-1.1633421327989237,1.6414061044045738,0.0,12.474197530788361,9.466304277371155,379.0179049289322,372.73199851174604,0.0
6.199,4.782233034850825,-1.291195811359343,1.9874505817167627,0.0,12.303806323368173,9.495412267891094,378.381813227994,372.73199851174604,0.0
6.2,4.50467557175844,-1.4477164253546788,2.2489982850233883,0.0,12.169303766495888,9.556074996429286,377.6725808081109,372.73199851174604,0.0
6.2010000000000005,4.345029530712499,-1.6069402660021257,2.5542086720012653,0.0,12.070267154495912,9.64296435184506,376.8076630153882,372.73199851174604,0.0
6.202,4.2750930706825,-1.750764846151783,2.9459109233262115,0.0,12.004051604647502,9.757392804488068,375.6406764865134,372.73199851174604,0.0
6.203,4.27939371913879,-1.8662840975765802,3.500317408015917,0.0,11.96716932690347,9.909652111754056,374.17755187336513,372.73199851174604,0.0
6.204,4.3546180079624435,-1.949646773600843,4.2174241809738735,0.0,11.957215909508852,10.108103275411484,372.5819627791686,372.73199851174604,0.0
6.205,4.503942368581081,-2.0034588712170835,5.016719085397925,0.0,11.973188654196987,10.350791915940958,370.14502263507586,372.73199851174604,0.0
6.206,4.731538905999077,-2.0277528969201737,6.2610589162109855,0.0,12.01396721032043,10.676151023721705,368.6762625067263,372.73199851174604,0.0
6.207,5.060527573718614,-2.0362247742124127,7.03599634043597,0.0,12.083892787854722,11.011939006618364,367.28169679572875,372.73199851174604,0.0
6.208,5.466780535192125,-2.0221673150955937,7.787782213094913,0.0,12.178773566649477,11.354689881644134,365.67796202151914,372.73199851174604,0.0
6.2090000000000005,5.935593386322599,-1.9800222008128523,8.660189965101988,0.0,12.293945967087403,11.713593857031373,363.900274478148,372.73199851174604,0.0
6.21,6.463549029201926,-1.9113090897850846,9.63735097712354,0.0,12.42635453395003,12.093501316520562,362.0445784957611,372.73199851174604,0.0
6.211,7.052003848001444,-1.8209927233152636,10.0,0.0,12.57426532087391,12.41932819550413,359.53262845225106,372.73199851174604,0.0
6.212,7.662582140010953,-1.6960217134415845,10.0,0.0,12.727124069582354,12.662457911119917,355.71105133685296,372.73199851174604,0.0
6.213,8.256425350082068,-1.5248201594013784,10.0,0.0,12.871427454135844,12.837343559857244,350.4213972135444,372.73199851174604,0.0
6.214,8.81801021083931,-1.3074461432925388,10.0,0.0,12.99658993887615,12.953335079593602,343.5503642503243,372.73199851174604,0.0
6.215,9.340941060373865,-1.0543899836216406,10.0,0.0,13.095172889713352,13.018337150989122,334.91297682320675,372.73199851174604,0.0
6.216,9.828800472236798,-0.7725422616430748,10.0,0.0,13.161925064785452,13.038262083519236,350.2338207343375,372.73199851174604,0.0
6.2170000000000005,10.102037593369682,-0.7676124840983976,10.0,0.0,13.226270717293222,13.037692251097562,366.65494110346043,372.73199851174604,0.0
6.218,10.228054970761542,-0.9230382029843334,8.921815122891093,0.0,13.301270948160942,12.913884090385071,378.56827824578244,372.73199851174604,0.0
6.219,10.187201603629731,-1.1414605712625914,2.906783754389725,0.0,13.3788625431924,12.164839211224962,383.70257802372146,372.73199851174604,0.0
6.22,9.690332964720815,-1.2339539888089774,0.2299280703004598,0.0,13.381780543052017,11.318401184527868,385.1248064763116,372.73199851174604,0.0
6.221,8.8469949538744,-1.2127918947877894,-0.6051142356402757,0.0,13.296510175738167,10.579611158477874,384.5829306752937,372.73199851174604,0.0
6.222,7.846274169234734,-1.1420137807180013,-0.45268565676679806,0.0,13.13831387094324,10.032936571238878,383.1813274154893,372.73199851174604,0.0
6.223,6.860055084906291,-1.0845377228688058,0.14362268409796997,0.0,12.935655152681193,9.687656335380415,381.4185537914945,372.73199851174604,0.0
6.224,6.004463619436761,-1.0804222636523084,0.9381439432978871,0.0,12.718856342724184,9.5223253767433,380.08658128468824,372.73199851174604,0.0
6.2250000000000005,5.341261530626545,-1.1435266874446919,1.5305843689715983,0.0,12.514186959108487,9.473467182320734,379.2136259674804,372.73199851174604,0.0
6.226,4.871030953909306,-1.263151720722834,1.9022457530181605,0.0,12.337626403834776,9.48907955951803,378.55655776634194,372.73199851174604,0.0
6.227,4.562163837619418,-1.4156390455967065,2.172534261041445,0.0,12.195860497211513,9.540762842535038,377.86184714183804,372.73199851174604,0.0
6.228,4.377191292050505,-1.5753055225702215,2.4685910869924736,0.0,12.08947794877062,9.620222881212085,377.0163266357712,372.73199851174604,0.0
6.229,4.286955970440649,-1.722412433792551,2.8485080587856535,0.0,12.016264754506247,9.728005119736466,375.87236275796204,372.73199851174604,0.0
6.23,4.273953898381714,-1.8439613980559169,3.3890863552280646,0.0,11.973050420477495,9.873880132583093,374.49652871660896,372.73199851174604,0.0
6.231,4.333722342080837,-1.9347731004788826,4.059358073855972,0.0,11.957518818760168,10.062465767299333,373.0021322202227,372.73199851174604,0.0
6.232,4.466818320634042,-1.995198427082645,4.803854984964349,0.0,11.968137609588387,10.291788748204,370.5626435941797,372.73199851174604,0.0
6.2330000000000005,4.674432396753198,-2.0260533206219633,6.045292847161506,0.0,12.003416604447539,10.606847917244053,369.03653063298515,372.73199851174604,0.0
6.234,4.984219071713891,-2.0385385001593757,6.845304006546386,0.0,12.067738437538502,10.93751552429189,367.6527973554485,372.73199851174604,0.0
6.235,5.373442183349576,-2.0292371386736137,7.587962656877679,0.0,12.157546846466344,11.275524218356317,366.0722182356868,372.73199851174604,0.0
6.236,5.826582485489707,-1.9920240937560623,8.444850019519118,0.0,12.26817486258177,11.629590705175275,364.30546030781863,372.73199851174604,0.0
6.237,6.339516266354176,-1.927795311147603,9.412494365492483,0.0,12.3964536901298,12.00529403648084,362.45287177404714,372.73199851174604,0.0
6.238,6.913547006187545,-1.8413333910689198,10.0,0.0,12.54060644467101,12.353190050173724,360.163889446074,372.73199851174604,0.0
6.239,7.524006079954219,-1.7257882561299582,10.0,0.0,12.693288179484886,12.613426490890365,356.67630728593423,372.73199851174604,0.0
6.24,8.123901323640524,-1.5654593166125754,10.0,0.0,12.840244652891517,12.803023574948902,351.68441339923805,372.73199851174604,0.0
6.2410000000000005,8.693839693313317,-1.3584159654358254,10.0,0.0,12.970293708129073,12.9316623297151,345.4087739427109,372.73199851174604,0.0
6.242,9.226342022207437,-1.1122150538915259,10.0,0.0,13.075190066561385,13.007566242046815,336.90061780145464,372.73199851174604,0.0
6.243,9.721616123199553,-0.8371330772144457,10.0,0.0,13.1493901720646,13.037214271168398,348.1844168531376,372.73199851174604,0.0
6.244,10.042776197812962,-0.7742077750970024,10.0,0.0,13.214964106463503,13.040942640730588,361.0148079714328,372.73199851174604,0.0
6.245,10.207996017300845,-0.8838754376040171,10.0,0.0,13.287046180275686,13.035892987378917,376.4795348151415,372.73199851174604,0.0
6.246,10.257721467880046,-1.1045687138330509,3.9744575976187164,0.0,13.3745946651316,12.371929241112852,383.69110162502255,372.73199851174604,0.0
6.247,9.859605805574695,-1.2328518958317205,0.2590831615454263,0.0,13.398896144132888,11.478970931374125,385.2907457204008,372.73199851174604,0.0
6.248,9.054040454057276,-1.2231807551730096,-0.666326358230255,0.0,13.329124986967729,10.697728329738664,384.72861225986895,372.73199851174604,0.0
6.2490000000000006,8.053388224072776,-1.1485097883782782,-0.5052257654455499,0.0,13.1800895904147,10.116624124737431,383.38177666677495,372.73199851174604,0.0
6.25,7.046525640157345,-1.081062078609129,0.06169424955116121,0.0,12.981174774610192,9.740225358233655,381.6549921334646,372.73199851174604,0.0
6.251,6.158926998050326,-1.0651585327146085,0.8358565799891586,0.0,12.763436650785055,9.548630867790646,380.26001557611244,372.73199851174604,0.0
6.252,5.459409768352272,-1.1178831476186832,1.4580646880215706,0.0,12.554271633396525,9.483194191434322,379.3588456092988,372.73199851174604,0.0
6.253,4.956235306289147,-1.230855360156872,1.84238120045287,0.0,12.37137914734137,9.487791434791855,378.71268372519205,372.73199851174604,0.0
6.2540000000000004,4.62001075017996,-1.3811060937641115,2.105655290371776,0.0,12.222633492798904,9.530709646526272,378.0506208049845,372.73199851174604,0.0
6.255,4.412595927666986,-1.5423584507165566,2.3835005275431795,0.0,12.109289476812823,9.601845091738,377.2974244588078,372.73199851174604,0.0
6.256,4.303090841140829,-1.6939834691243874,2.714444441160887,0.0,12.029459635401853,9.698129380248929,376.2478319536931,372.73199851174604,0.0
6.257000000000001,4.270977978579011,-1.8209261295227182,3.2040823592987824,0.0,11.979688649442817,9.82979035164319,375.07630574899457,372.73199851174604,0.0
6.258,4.310396134465612,-1.9161846027179525,3.766402389275558,0.0,11.957269864666603,9.995609825645051,373.1531127441119,372.73199851174604,0.0
6.259,4.418034137035334,-1.9772898212309435,4.723787749393223,0.0,11.959443895072669,10.230848664358476,370.95665234063455,372.73199851174604,0.0
6.26,4.610399183779406,-2.0166740106089693,5.839771412843025,0.0,11.988645614955928,10.535881596503316,369.2882463871017,372.73199851174604,0.0
6.261,4.904150461687593,-2.0356073210617045,6.708411910855888,0.0,12.047119278321365,10.867333035466455,367.942734970232,372.73199851174604,0.0
6.2620000000000005,5.281778184720849,-2.034446151329017,7.429060254705892,0.0,12.13257365747145,11.203470072958615,366.4397085907494,372.73199851174604,0.0
6.263,5.72424641625655,-2.0052866160752476,8.24349634365716,0.0,12.239900365275151,11.552025102724112,364.7186391091245,372.73199851174604,0.0
6.264,6.224853563583591,-1.947361420073944,9.1841646784958,0.0,12.365269729067432,11.921144352345555,362.87764093039635,372.73199851174604,0.0
6.265000000000001,6.784697605610283,-1.865175619813606,10.0,0.0,12.506552895374003,12.289647042251492,360.80929468494065,372.73199851174604,0.0
6.266,7.394122828336258,-1.7588687421563942,10.0,0.0,12.659686115500817,12.565831092502856,357.64605313017574,372.73199851174604,0.0
6.267,7.998631194336479,-1.6088534960490306,10.0,0.0,12.80968581034485,12.769308391709002,352.9777357395205,372.73199851174604,0.0
6.268,8.575379608679494,-1.4114015892050422,10.0,0.0,12.944813708333328,12.910040688561203,347.133743895721,372.73199851174604,0.0
6.269,9.116083482723003,-1.171202519073924,10.0,0.0,13.056054667562199,12.996502603525684,338.9670389287366,372.73199851174604,0.0
6.2700000000000005,9.617494502374408,-0.9023112579890133,10.0,0.0,13.1376416743466,13.035694249495378,353.26567391636235,372.73199851174604,0.0
6.271,10.001889859272627,-0.7498365296505676,10.0,0.0,13.20090583754315,13.041856052484258,359.8753215458974,372.73199851174604,0.0
6.272,10.176661516841465,-0.8600329269189997,10.0,0.0,13.272106115701844,13.038347162730313,371.7771087665669,372.73199851174604,0.0
6.273,10.251490233711811,-1.0564943103612134,6.356290698133035,0.0,13.356344265275233,12.63501772428221,382.40264335092627,372.73199851174604,0.0
6.274,10.0168737898293,-1.230166609656067,0.9468169575615617,0.0,13.408964995134486,11.748396122187849,385.98904300598315,372.73199851174604,0.0
6.275,9.31434275179873,-1.2596090578986703,-0.9789533149092495,0.0,13.369163438112116,10.872891010467315,385.71503478530434,372.73199851174604,0.0
6.276,8.324283805387367,-1.187564134651567,-0.971779567305429,0.0,13.237572159580322,10.202884242902662,384.0412682406836,372.73199851174604,0.0
6.277,7.2727038212384505,-1.0980499438149538,-0.24798899228444515,0.0,13.043013220385683,9.772037458809839,382.0248503233785,372.73199851174604,0.0
6.2780000000000005,6.324180688451657,-1.0550277981576506,0.6672914482518051,0.0,12.820988202587294,9.55208414668067,380.4468446555821,372.73199851174604,0.0
6.279,5.568185904640234,-1.0870888961231029,1.3791458207116403,0.0,12.603127297588593,9.474749035441182,379.40731691885946,372.73199851174604,0.0
6.28,5.022588638648444,-1.1873372147138845,1.832156505001815,0.0,12.41002567603115,9.478529727794083,378.77603128456303,372.73199851174604,0.0
6.281,4.659129255940131,-1.3346810595140202,2.0873589944218613,0.0,12.251817625606847,9.520688915187247,378.1879899326971,372.73199851174604,0.0
6.282,4.434425753191545,-1.4997452879716189,2.326819756145306,0.0,12.130329925646622,9.5876828291693,377.4289588667048,372.73199851174604,0.0
6.283,4.312310385998583,-1.658014588885839,2.6593656855918697,0.0,12.043449367896617,9.68119968174276,376.60414357517413,372.73199851174604,0.0
6.284,4.270071207132467,-1.794987170862276,3.0330518807229305,0.0,11.988092842187221,9.797881971457162,375.3841655528077,372.73199851174604,0.0
6.285,4.29468136348748,-1.89750818333421,3.6165192214955306,0.0,11.959847783572359,9.954675416175146,373.505544942126,372.73199851174604,0.0
6.2860000000000005,4.387083205791034,-1.965643061066486,4.548094062532584,0.0,11.95657620171661,10.179685468576363,371.64938544546175,372.73199851174604,0.0
6.287,4.562839873734751,-2.0113889087383567,5.486999941527552,0.0,11.980483477753136,10.45742204078018,369.59233743989535,372.73199851174604,0.0
6.288,4.82981760182336,-2.031392189970748,6.546920555029259,0.0,12.03151658586524,10.789367908652197,368.1758389883547,372.73199851174604,0.0
6.289,5.18926517885255,-2.0344121241794775,7.300731376033489,0.0,12.11077312990397,11.128673028531344,366.73722278770043,372.73199851174604,0.0
6.29,5.6198632596319245,-2.012350398178772,8.079987233601084,0.0,12.213577542324577,11.476382013833405,365.0874107310686,372.73199851174604,0.0
6.291,6.110206999173682,-1.9616996886893372,8.981339139723783,0.0,12.335521451249502,11.84132486240334,363.28521827332014,372.73199851174604,0.0
6.292,6.6587769511329835,-1.8853254130119164,9.976903170982265,0.0,12.473870590909302,12.227027084065876,361.41739271912445,372.73199851174604,0.0
6.293,7.267416792428808,-1.788646479192324,10.0,0.0,12.627084098805994,12.519114325384557,358.555100719089,372.73199851174604,0.0
6.2940000000000005,7.876884565783058,-1.649339934136604,10.0,0.0,12.779828049426955,12.73612816841485,354.2130845212112,372.73199851174604,0.0
6.295,8.460666491526597,-1.4617463718704755,10.0,0.0,12.919756762890133,12.888593688105974,348.5725684108677,372.73199851174604,0.0
6.296,9.00896167713679,-1.2288828952997695,10.0,0.0,13.037200110175988,12.985330876014604,340.8654698519066,372.73199851174604,0.0
6.297,9.517305392692998,-0.9649761631298737,10.0,0.0,13.12587173575113,13.033703823005876,346.55375414581556,372.73199851174604,0.0
6.298,9.972896463673706,-0.7071261918921969,10.0,0.0,13.184789063953449,13.041075057203226,360.6136536359557,372.73199851174604,0.0
6.299,10.156883764880103,-0.8155360989670974,10.0,0.0,13.253055372245882,13.037918208378171,370.71489902964845,372.73199851174604,0.0
6.3,10.242577274957512,-1.0099841879018179,6.881967161384364,0.0,13.334484555538639,12.691333649920697,379.8298496620717,372.73199851174604,0.0
6.301,10.057126430609383,-1.184285370728385,2.253513333669485,0.0,13.390341013877949,11.930857400954835,384.6907773716317,372.73199851174604,0.0
6.3020000000000005,9.45781355775704,-1.245996219353425,-0.296538309709387,0.0,13.36960938300723,11.081863187795236,385.6393677782587,372.73199851174604,0.0
6.303,8.546530109557871,-1.205388409264415,-0.8999072056880024,0.0,13.260967526311584,10.369073221314057,384.5379329523418,372.73199851174604,0.0
6.304,7.519266627608806,-1.1265825063155148,-0.46724913713551164,0.0,13.083648287413894,9.87421029084439,382.69030092366893,372.73199851174604,0.0
6.305,6.54802186521202,-1.0747301291790627,0.35698385308169733,0.0,12.869658976903484,9.594005066814452,380.8999755187045,372.73199851174604,0.0
6.306,5.741253505963847,-1.0875275517887433,1.1704667854943374,0.0,12.650974315299553,9.480694298693013,379.6524204830387,372.73199851174604,0.0
6.307,5.1412736045641205,-1.169069706431978,1.7250400836142878,0.0,12.451668705828528,9.467644480253881,378.90372287483336,372.73199851174604,0.0
6.308,4.732773826896357,-1.303962820981008,2.037671644086095,0.0,12.285011496514654,9.503747997911713,378.3015584719058,372.73199851174604,0.0
6.309,4.475530256897647,-1.4644214954848342,2.2830582459482684,0.0,12.15493188294788,9.567653448395678,377.5857223283911,372.73199851174604,0.0
6.3100000000000005,4.330822178241694,-1.6242950689367492,2.5924390795391723,0.0,12.060232282120852,9.657083871103115,376.712831158566,372.73199851174604,0.0
6.311,4.27194092308129,-1.7663593127325146,2.98907633798352,0.0,11.99797401473029,9.773667438831161,375.49845592539737,372.73199851174604,0.0
6.312,4.2849434221793885,-1.8780851315519536,3.5685993804313325,0.0,11.964469128483767,9.930128897679763,373.9684409419214,372.73199851174604,0.0
6.313,4.3684540004973975,-1.9573648583770782,4.321242447867554,0.0,11.957564388509326,10.135533090388362,372.3619552831611,372.73199851174604,0.0
6.314,4.5270930826755675,-2.00846157024613,5.128185709533572,0.0,11.976718382840533,10.384328524681138,369.96854297251537,372.73199851174604,0.0
6.315,4.765245902286369,-2.029405822760307,6.3525264202487355,0.0,12.020629421825763,10.712157441204358,368.48042653155187,372.73199851174604,0.0
6.316,5.102932746063652,-2.0347609455298783,7.139100360532424,0.0,12.093311869544308,11.051110271678441,367.0684921956897,372.73199851174604,0.0
6.317,5.517530063863459,-2.017669008035822,7.9017025916240655,0.0,12.19068769118636,11.397227733374006,365.45900237435336,372.73199851174604,0.0
6.3180000000000005,5.99468989768028,-1.9728782531038251,8.77917746366617,0.0,12.308181613166191,11.759025636136084,363.68276743260753,372.73199851174604,0.0
6.319,6.53084063158461,-1.901923223859752,9.757787245330466,0.0,12.442748787556711,12.141060485691273,361.82800656630417,372.73199851174604,0.0
6.32,7.127068221581393,-1.8096785170181147,10.0,0.0,12.592625362003563,12.454982345366412,359.1953150185083,372.73199851174604,0.0
6.321,7.737689516372739,-1.6798049939910058,10.0,0.0,12.745542824508677,12.688871482444936,355.191497149532,372.73199851174604,0.0
6.322,8.328243997190597,-1.5028829832259318,10.0,0.0,12.888394768517248,12.855808672124072,349.7611436870368,372.73199851174604,0.0
6.323,8.885295629039454,-1.280024564566682,10.0,0.0,13.010910031148002,12.964967202540953,342.58278787602023,372.73199851174604,0.0
6.324,9.403145459300665,-1.0231123026005537,10.0,0.0,13.106057855927698,13.024068441168982,334.1243790668866,372.73199851174604,0.0
6.325,9.887409992684814,-0.7368260458230504,10.0,0.0,13.168678656466353,13.03868373804253,355.20680871956205,372.73199851174604,0.0
6.3260000000000005,10.129218394114863,-0.7711828035793332,10.0,0.0,13.233141012559468,13.036343306459127,369.22693417423415,372.73199851174604,0.0
6.327,10.233083588113221,-0.9533361380683077,7.620575447015682,0.0,13.310616389101154,12.769939365489584,378.29724656379443,372.73199851174604,0.0
6.328,10.10582704032951,-1.1419955026150785,3.029766771715055,0.0,13.37263483064697,12.071765519714122,383.39945964741224,372.73199851174604,0.0
6.329,9.58273652700367,-1.2255140658366348,0.37198561854948764,0.0,13.365934491769563,11.259430453563594,385.13600734827924,372.73199851174604,0.0
6.33,8.740773252555385,-1.2092041772667583,-0.6203283202493406,0.0,13.27604140678994,10.532467193460212,384.6495836743419,372.73199851174604,0.0
6.331,7.747969191390938,-1.1445736404517548,-0.4962923349066308,0.0,13.115495044133993,9.993566862628501,383.143883311149,372.73199851174604,0.0
6.332,6.771857584365187,-1.0918822395492895,0.15243899869578392,0.0,12.911963535929349,9.66006625161839,381.32811218690233,372.73199851174604,0.0
6.333,5.93001137090989,-1.0918415645178794,0.97436342406756,0.0,12.695957557199726,9.506328891753526,379.9818735242671,372.73199851174604,0.0
6.3340000000000005,5.282452380797356,-1.1583687903870101,1.5749840052599717,0.0,12.4934968419525,9.467026716457458,379.1095739237022,372.73199851174604,0.0
6.335,4.827699673413328,-1.2802982663623834,1.9473580514228468,0.0,12.32009895079899,9.489910834343378,378.452008892056,372.73199851174604,0.0
6.336,4.53282280645894,-1.4335403473039392,2.2189404634428396,0.0,12.181966594693236,9.547206004477074,377.7541841748297,372.73199851174604,0.0
6.337,4.359965586737869,-1.5923294143888844,2.5176309654251803,0.0,12.079311367781354,9.631164078584458,376.89459614784596,372.73199851174604,0.0
6.338,4.279957351814055,-1.7373854703421345,2.905799002556038,0.0,12.009685746455414,9.743244735298893,375.8235810030206,372.73199851174604,0.0
6.339,4.275970908580986,-1.8561425925330581,3.410390750055976,0.0,11.969843475814976,9.888416602469372,374.3126196167338,372.73199851174604,0.0
6.34,4.341949138776068,-1.9417037092118485,4.150065232149496,0.0,11.956726770568388,10.08410786166026,372.7382383401912,372.73199851174604,0.0
6.341,4.483420865682687,-1.9983557615334095,4.937193472136356,0.0,11.969866976354133,10.323203578327243,370.309697493642,372.73199851174604,0.0
6.3420000000000005,4.702994418358845,-2.026296067615884,6.175686905591996,0.0,12.008109646373857,10.64532836566104,368.85426107135663,372.73199851174604,0.0
6.343,5.024563968439892,-2.0377027869044495,6.9421824911385634,0.0,12.07571586418591,10.977817606356846,367.4724507513814,372.73199851174604,0.0
6.344,5.423334246563113,-2.026307245857201,7.685683128729817,0.0,12.168442807578248,11.317289623951103,365.8727030956563,372.73199851174604,0.0
6.345,5.884521544841151,-1.9864156166538796,8.554149910753285,0.0,12.28157013458889,11.673440573742484,364.09288067489405,372.73199851174604,0.0
6.346,6.404957613012154,-1.9195933595426968,9.530452299502919,0.0,12.412048291887405,12.051361661681986,362.235398713228,372.73199851174604,0.0
6.347,6.986300985537346,-1.830915877450384,10.0,0.0,12.55818444179098,12.387682269428511,359.82886359392467,372.73199851174604,0.0
6.348,7.5966546502095404,-1.7102703545367728,10.0,0.0,12.710954804779275,12.638963484997083,356.1668321098593,372.73199851174604,0.0
6.349,8.193272512644032,-1.544134142004534,10.0,0.0,12.856507724876188,12.820869187086556,351.01399144144494,372.73199851174604,0.0
6.3500000000000005,8.758774766119526,-1.3316177275532999,10.0,0.0,12.983980479708046,12.942900541718812,344.42823082531487,372.73199851174604,0.0
6.351,9.286192990302675,-1.081879714303184,10.0,0.0,13.085563077206936,13.013115054245631,335.83701404401165,372.73199851174604,0.0
6.352,9.777669522097307,-0.8031209948676739,10.0,0.0,13.155842787203223,13.037678139014087,348.66603478233156,372.73199851174604,0.0
6.353,10.074410449738117,-0.769836752857048,10.0,0.0,13.220677155249904,13.039086149582777,363.81709021296973,372.73199851174604,0.0
6.354,10.22001251254682,-0.9019430817558471,10.0,0.0,13.294033426147768,13.033787978266723,378.07111694805735,372.73199851174604,0.0
6.355,10.255005164470449,-1.1384338331856036,3.1726305984518497,0.0,13.384217172192518,12.282951445918247,384.22905835378793,372.73199851174604,0.0
6.356,9.802176004751143,-1.2481054621277683,-0.021310702833860162,0.0,13.399997862067291,11.38331822637151,385.4484868745731,372.73199851174604,0.0
6.357,8.95737519628332,-1.2237966721529003,-0.7581898468547248,0.0,13.320466477813252,10.614508902271753,384.67524451342064,372.73199851174604,0.0
6.3580000000000005,7.938752176359142,-1.142517499840874,-0.4910011262952292,0.0,13.163309678520076,10.054987446965306,383.2172359859551,372.73199851174604,0.0
6.359,6.933362035806495,-1.075650552749737,0.13315076269545667,0.0,12.959373841168658,9.702093963105114,381.4370073382694,372.73199851174604,0.0
6.36,6.060818080221772,-1.065291084231333,0.9362149982730745,0.0,12.740071367100256,9.532117724628222,380.1190228753185,372.73199851174604,0.0
6.361,5.384058995951143,-1.125355531331387,1.5213369861128019,0.0,12.532412200457188,9.479259698612692,379.2729160151274,372.73199851174604,0.0
6.362,4.903037619874346,-1.2443401042396274,1.8789812411745244,0.0,12.352720806425788,9.490555967238546,378.64160202373483,372.73199851174604,0.0
6.363,4.585034185674694,-1.3977742730094096,2.1355422017509236,0.0,12.207816091495696,9.537568896712651,377.965896363342,372.73199851174604,0.0
6.364,4.391742386356282,-1.5593686833355032,2.421056053431389,0.0,12.098344184454207,9.612313039408457,377.1285378482816,372.73199851174604,0.0
6.365,4.293645106955734,-1.7088910242083348,2.7957699175962203,0.0,12.022125395779188,9.715856746412733,376.0095078263356,372.73199851174604,0.0
6.3660000000000005,4.273021537604529,-1.8335167133292039,3.3225098354233262,0.0,11.976096459066675,9.856906076003042,374.91507226206215,372.73199851174604,0.0
6.367,4.324747346574292,-1.9277285199551808,3.847896880056892,0.0,11.95789239082209,10.025876680014301,373.0640870300404,372.73199851174604,0.0
6.368,4.442413635727002,-1.9862699850723853,4.770068610884819,0.0,11.96390323289972,10.259888803027618,370.7072132786079,372.73199851174604,0.0
6.369,4.641493329581112,-2.0205607815093822,5.968753338932444,0.0,11.99590077602782,10.573012297291895,369.1219476644732,372.73199851174604,0.0
6.37,4.944558622054283,-2.0362582178986477,6.797486654472522,0.0,12.057394724307985,10.905850628637978,367.7750371582962,372.73199851174604,0.0
6.371,5.329837439444837,-2.031445112810156,7.52051152109554,0.0,12.14533669497111,11.243449906862374,366.2447246951584,372.73199851174604,0.0
6.372,5.779186482681371,-1.9985666767085983,8.350540490830298,0.0,12.254675899470087,11.594580785753125,364.5041940124297,372.73199851174604,0.0
6.373,6.28692168408567,-1.9375159105976787,9.30308387718782,0.0,12.38180747149705,11.966654598284574,362.6555544430171,372.73199851174604,0.0
6.3740000000000006,6.85436820901697,-1.8530000648870546,10.0,0.0,12.524747032207397,12.324027760682926,360.46822164617356,372.73199851174604,0.0
6.375,7.464281068133357,-1.7416339474460298,10.0,0.0,12.677724838625139,12.59157245243087,357.13149384924407,372.73199851174604,0.0
6.376,8.066204652295028,-1.5859569049538011,10.0,0.0,12.82614852007617,12.787547989979181,352.2870013325382,372.73199851174604,0.0
6.377,8.639180481552186,-1.3832404202271515,10.0,0.0,12.958585344241925,12.92176023654109,346.24563295667633,372.73199851174604,0.0
6.378,9.175425551131442,-1.1396483670123083,10.0,0.0,13.066431749640923,13.002537741502236,337.865381727125,372.73199851174604,0.0
6.3790000000000004,9.673383194001286,-0.8674970029747411,10.0,0.0,13.144070535484154,13.036609246487275,351.42893734881113,372.73199851174604,0.0
6.38,10.020082300205026,-0.7697081804801371,10.0,0.0,13.209317336407532,13.041880154304426,359.59381451337435,372.73199851174604,0.0
6.381,10.192381680136977,-0.875597665479698,10.0,0.0,13.281192279595185,13.037662710701719,373.5585047731125,372.73199851174604,0.0
6.382000000000001,10.256049505831935,-1.081121964352195,5.456615294092403,0.0,13.367006762129783,12.536001721101087,383.4629809619942,372.73199851174604,0.0
6.383,9.95636365548481,-1.2404228251662461,0.39706737514904944,0.0,13.409541549151678,11.615573976484416,386.0322210661094,372.73199851174604,0.0
6.384,9.194926406065772,-1.2492060929473476,-1.020554902452175,0.0,13.355153233857495,10.766860752617525,385.34581036639713,372.73199851174604,0.0
6.385,8.183539671496261,-1.169397778589894,-0.8034876711425509,0.0,13.21246568044892,10.139271806136437,383.6593802417753,372.73199851174604,0.0
6.386,7.143361249232582,-1.0854134476778672,-0.06954642613192608,0.0,13.012847794476334,9.743041622703975,381.75142636290775,372.73199851174604,0.0
6.3870000000000005,6.222630709081118,-1.0543956469333096,0.7942362347902296,0.0,12.79099656398498,9.545027924462858,380.2732594595213,372.73199851174604,0.0
6.388,5.497975921199248,-1.0976754002109672,1.457907077005709,0.0,12.576600037586644,9.47950116029669,379.3629187768384,372.73199851174604,0.0
6.389,4.978868184769229,-1.206940462589301,1.8467682156962288,0.0,12.388676846740358,9.485080739869588,378.74884017809194,372.73199851174604,0.0
6.390000000000001,4.633423309912452,-1.3577479188284614,2.0936390984059994,0.0,12.235600102498521,9.527385086981688,378.1274100269544,372.73199851174604,0.0
6.391,4.420190738845408,-1.5219714211944058,2.3504000588226814,0.0,12.118617978089938,9.595927455845933,377.33175945017143,372.73199851174604,0.0
6.392,4.306082258263046,-1.6770525441324793,2.702227737829915,0.0,12.035604991508169,9.69247041762292,376.41230491617796,372.73199851174604,0.0
6.393,4.270784627988805,-1.809502833792392,3.1251519407823327,0.0,11.98356632039548,9.81680282462306,374.99471451409795,372.73199851174604,0.0
6.394,4.304455181319813,-1.9078845548570653,3.8113199817988184,0.0,11.95866224351459,9.99069062912506,373.42429805146605,372.73199851174604,0.0
6.3950000000000005,4.411509373325934,-1.9763941268182954,4.589605217717567,0.0,11.960189590477079,10.212009685442302,371.39779910432253,372.73199851174604,0.0
6.396,4.5952222150694855,-2.018703768942258,5.616196685363564,0.0,11.98766507328907,10.497353909234214,369.4739070836147,372.73199851174604,0.0
6.397,4.872406040247165,-2.0353762440086327,6.6107236099988045,0.0,12.042338306035113,10.827390213609437,368.0424860846287,372.73199851174604,0.0
6.398000000000001,5.238054084419389,-2.033767816300153,7.373329233762963,0.0,12.124204194145474,11.166382113582284,366.55611339512063,372.73199851174604,0.0
6.399,5.673547790903101,-2.006743110885144,8.178274429683253,0.0,12.228826050123516,11.516331500410985,364.87333946353493,372.73199851174604,0.0
6.4,6.1695209885750355,-1.9520052353735593,9.098247985958213,0.0,12.352229739934508,11.884693658706583,363.0588672340083,372.73199851174604,0.0
6.401,6.724976864861366,-1.8727917541978343,10.0,0.0,12.491963172419737,12.262412541720796,361.09466076968636,372.73199851174604,0.0
6.402,7.335363800419262,-1.7714979636548036,10.0,0.0,12.645144967809896,12.545727355393183,358.07258417476,372.73199851174604,0.0
6.4030000000000005,7.942987930260693,-1.6267676510335765,10.0,0.0,12.796432668545368,12.755294082310371,353.55007891834936,372.73199851174604,0.0
6.404,8.523505371614041,-1.434047047680016,10.0,0.0,12.933796308656337,12.901252229358935,347.8119744161612,372.73199851174604,0.0
6.405,9.068099423788134,-1.197151563993207,10.0,0.0,13.047888102289043,12.992250754388118,339.84602331152155,372.73199851174604,0.0
6.406,9.572765440144684,-0.9306861706672602,10.0,0.0,13.13272833063242,13.035491285000177,354.29719172272075,372.73199851174604,0.0
6.407,9.99167098159958,-0.7270809565041001,10.0,0.0,13.19367666957797,13.041858835988894,360.5355734970623,372.73199851174604,0.0
6.408,10.164556671291482,-0.8465542830425347,10.0,0.0,13.2643450477887,13.03885609532173,370.5866308069104,372.73199851174604,0.0
6.409,10.247736582782382,-1.0367010772730123,6.957041830901169,0.0,13.347367728211612,12.701074134574409,381.34166893640986,372.73199851174604,0.0
6.41,10.057714261406067,-1.219204497722821,1.4934260619048114,0.0,13.406483852824671,11.856538739511805,385.82186585828794,372.73199851174604,0.0
6.4110000000000005,9.406637141913452,-1.2660249630741425,-0.8775710724996459,0.0,13.378560042454316,10.965913229252665,385.96229740128064,372.73199851174604,0.0
6.412,8.439485980965909,-1.2032054272608306,-1.0800898328913426,0.0,13.256987708502097,10.262866653192665,384.36678852743245,372.73199851174604,0.0
6.413,7.383238880766065,-1.1109394966077613,-0.3986832961241129,0.0,13.067746893325399,9.801463077404259,382.3056737175555,372.73199851174604,0.0
6.414,6.413565482103796,-1.0586084672954432,0.5361373567562557,0.0,12.846456048169703,9.559393586977047,380.594779237345,372.73199851174604,0.0
6.415,5.6308026912029545,-1.0800682847180814,1.3129567896055292,0.0,12.625971228696475,9.47191106517407,379.47071486102453,372.73199851174604,0.0
6.416,5.0619793422621076,-1.1725462759585217,1.8076018142729753,0.0,12.428744619852488,9.472514012463481,378.81169860577535,372.73199851174604,0.0
6.417,4.681857368880917,-1.3161736411245721,2.0763129409572745,0.0,12.266175196877706,9.51407096141067,378.23730282756435,372.73199851174604,0.0
6.418,4.446299733761411,-1.481130664675476,2.30845778690459,0.0,12.140727410034057,9.580174215082362,377.5062234780075,372.73199851174604,0.0
6.4190000000000005,4.316925706954306,-1.6416069191331621,2.626255212020409,0.0,12.050437544996782,9.671634199603371,376.7383660503523,372.73199851174604,0.0
6.42,4.268904037348325,-1.782048281389626,2.970120250461947,0.0,11.992166452218967,9.783555022534552,375.4007596820595,372.73199851174604,0.0
6.421,4.287187214124987,-1.8877527617997558,3.6122358229051965,0.0,11.9611376302346,9.943159350337671,373.68160143726584,372.73199851174604,0.0
6.422,4.3765098312097575,-1.9611306126762194,4.4623189160468355,0.0,11.9561866420213,10.161145691571647,371.9566775127516,372.73199851174604,0.0
6.423,4.546099051715277,-2.0100328555866582,5.332534088293909,0.0,11.978174854964104,10.42629954979189,369.7658386217067,372.73199851174604,0.0
6.424,4.801444480659868,-2.0308583634675443,6.457615132716755,0.0,12.026281415872447,10.755801501669586,368.3152136647124,372.73199851174604,0.0
6.425,5.151572366432939,-2.035072906569071,7.227095459684222,0.0,12.10278286054008,11.09459532682694,366.88452851633815,372.73199851174604,0.0
6.426,5.575083575356846,-2.0151645233688074,8.000912733825434,0.0,12.203281475673641,11.441500056697285,365.25009954328397,372.73199851174604,0.0
6.4270000000000005,6.059519694568586,-1.9670023932157736,8.892946210037145,0.0,12.323321951796059,11.805096823711777,363.45892555466844,372.73199851174604,0.0
6.428,6.6025571845880116,-1.8929331731091898,9.881263933915685,0.0,12.460052064097484,12.189242813791564,361.5976426333554,372.73199851174604,0.0
6.429,7.205705903512559,-1.7981448568739342,10.0,0.0,12.611837741591929,12.490909021942496,358.8371658214403,372.73199851174604,0.0
6.43,7.815640626259622,-1.6629138399840682,10.0,0.0,12.764683943456495,12.715338484054008,354.6441611460447,372.73199851174604,0.0
6.431,8.402362716362523,-1.479953816575223,10.0,0.0,12.905915178939681,12.874169537456973,349.088469968918,372.73199851174604,0.0
6.432,8.954496385812183,-1.2514200611124502,10.0,0.0,13.025597283348027,12.976373126329525,341.61049086307355,372.73199851174604,0.0
6.433,9.46701443187107,-0.990543113090721,10.0,0.0,13.11712040947503,13.02946891838368,341.025435659356,372.73199851174604,0.0
6.434,9.938297214943553,-0.7150878772524667,10.0,0.0,13.17710949573276,13.039691518167736,359.04807821025054,372.73199851174604,0.0
6.4350000000000005,10.145104787262332,-0.7951201703863866,10.0,0.0,13.243680037946238,13.036854761474821,370.06719924687803,372.73199851174604,0.0
6.436,10.23766111992411,-0.9862556192930199,7.203673050431092,0.0,13.323534426717464,12.725249649350351,379.0090543089364,372.73199851174604,0.0
6.437,10.078391350283612,-1.1656900905023089,2.6699749614299986,0.0,13.382069302743075,12.000492205008094,384.1351845936172,372.73199851174604,0.0
6.438,9.517202123974563,-1.2387394060447643,-0.007122041729119566,0.0,13.368516026729477,11.165058420442726,385.4920772402645,372.73199851174604,0.0
6.439,8.637592717292438,-1.2096591542738344,-0.8131691523379452,0.0,13.268845379010479,10.441063617069096,384.642182174762,372.73199851174604,0.0
6.44,7.6233710861465065,-1.1362907587898226,-0.5073234562168576,0.0,13.098962594740483,9.923973012299568,382.8950883751679,372.73199851174604,0.0
6.441,6.646907057643939,-1.08285929405088,0.2645925449459723,0.0,12.88921525125409,9.620724319570517,381.07379535574296,372.73199851174604,0.0
6.442,5.823291121763077,-1.0886654201603845,1.0918210862184807,0.0,12.671290761362867,9.490934853955947,379.8014187251701,372.73199851174604,0.0
6.4430000000000005,5.201855732648919,-1.1637083360352354,1.6573151993706734,0.0,12.470376433384445,9.466385686391478,378.997807459252,372.73199851174604,0.0
6.444,4.772784129629766,-1.2929501670426404,1.9964627428546668,0.0,12.300564793699488,9.496834813878296,378.3684351239531,372.73199851174604,0.0
6.445,4.498990856564924,-1.4503102791136249,2.2547845443820522,0.0,12.166796424749439,9.558108331388048,377.6581812237717,372.73199851174604,0.0
6.446,4.342139656656324,-1.6097703956612641,2.5606496673524886,0.0,12.068499256144902,9.645455305022596,376.7920223676334,372.73199851174604,0.0
6.447,4.27427358481505,-1.7533812772706756,2.95312885686275,0.0,12.002969097575836,9.760248679953108,375.6029575412124,372.73199851174604,0.0
6.448,4.280215913696496,-1.8682475256918782,3.518951679778602,0.0,11.966670470866962,9.913993103263941,374.14975925041165,372.73199851174604,0.0
6.449,4.3573062361563375,-1.9512070993098014,4.231373217792317,0.0,11.957353039773817,10.113020850343373,372.55302860737237,372.73199851174604,0.0
6.45,4.508207631231305,-2.004512956699278,5.031528238355693,0.0,11.973904175074596,10.35627866625374,370.11510026126547,372.73199851174604,0.0
6.4510000000000005,4.737331179954961,-2.028079524289689,6.276661393913949,0.0,12.015185242297385,10.682134334600072,368.641110183449,372.73199851174604,0.0
6.452,5.067678893400752,-2.035916719440471,7.054565316105167,0.0,12.08555019542321,11.018603629727702,367.2435863908203,372.73199851174604,0.0
6.453,5.47535689888332,-2.02131048242524,7.808211333628748,0.0,12.180840524726026,11.362043409892202,365.63950108458386,372.73199851174604,0.0
6.454,5.945663370244706,-1.9787237897564585,8.681178961018606,0.0,12.296407325291602,11.721501292013258,363.8626325505292,372.73199851174604,0.0
6.455,6.475101360108945,-1.909648679239284,9.658306887658096,0.0,12.429190838782525,12.101789347463761,362.00738648619034,372.73199851174604,0.0
6.456,7.064952374474798,-1.8190181537781234,10.0,0.0,12.57744619977385,12.425552680127916,359.47463529992734,372.73199851174604,0.0
6.457,7.675572638484163,-1.6932071123669763,10.0,0.0,12.730319448631843,12.667078565604001,355.62152583950046,372.73199851174604,0.0
6.458,8.268868405718353,-1.5210180028817564,10.0,0.0,12.874375269522385,12.840582855662609,350.306242856016,372.73199851174604,0.0
6.4590000000000005,8.829681310496829,-1.3026939155516213,10.0,0.0,12.999082178818265,12.955385836951118,343.38045278312995,372.73199851174604,0.0
6.46,9.35173574575873,-1.0489741179125356,10.0,0.0,13.097072758446416,13.019361352209339,334.73451655173983,372.73199851174604,0.0
6.461,9.838862069041586,-0.7665499348045772,10.0,0.0,13.163132369472084,13.038375022696059,351.1061603978319,372.73199851174604,0.0
6.462,10.107704485395416,-0.766723425893705,10.0,0.0,13.227330712294743,13.037391884670576,367.2765827772399,372.73199851174604,0.0
6.463,10.22896072216508,-0.928242442345252,8.606682859092041,0.0,13.302776263931369,12.879012247348916,378.4052517664017,372.73199851174604,0.0
6.464,10.167594227036826,-1.1394235713491057,2.9856158319645942,0.0,13.37645403069807,12.147593804179944,383.5584113553134,372.73199851174604,0.0
6.465,9.66790733040213,-1.2306978383725857,0.3007719090730685,0.0,13.377550534553754,11.311914714436282,385.1092482816184,372.73199851174604,0.0
6.466,8.828526788453708,-1.212084076249241,-0.5984190517781602,0.0,13.292009222545696,10.575185608235815,384.6098887198714,372.73199851174604,0.0
6.4670000000000005,7.831507002248447,-1.1435868602808208,-0.46751817298589327,0.0,13.134000574983107,10.028244658793344,383.19699601386,372.73199851174604,0.0
6.468,6.847598562167756,-1.0872401404571237,0.13427820499866971,0.0,12.931585530211601,9.683345262876061,381.4169560912543,372.73199851174604,0.0
6.469,5.993754932607611,-1.0835338974748656,0.9374485905064276,0.0,12.715077830795712,9.519108795550178,380.0729083697933,372.73199851174604,0.0
6.47,5.332295468835207,-1.1467398885590254,1.5360633526564458,0.0,12.510786976037908,9.471683229716081,379.1942576283649,372.73199851174604,0.0
6.471,4.863965193506759,-1.2663568618534706,1.910766132204473,0.0,12.334708457324014,9.488704028766797,378.5354513523959,372.73199851174604,0.0
6.472,4.557081824582382,-1.4187466457996698,2.18213474178246,0.0,12.193506576887719,9.541592283127553,377.8405521803454,372.73199851174604,0.0
6.473,4.374042990495191,-1.5781882644381173,2.478498791121714,0.0,12.087728390141898,9.622023321400484,376.9910673084502,372.73199851174604,0.0
6.474,4.285562284031966,-1.7249781099056996,2.8606505391022656,0.0,12.015123592713003,9.730808978326094,375.85094569798366,372.73199851174604,0.0
6.4750000000000005,4.274297345688935,-1.8460632718159389,3.399521872473172,0.0,11.972509310075008,9.877264255160345,374.4728519096703,372.73199851174604,0.0
6.476,4.33556814537402,-1.9362564059774081,4.071160232650619,0.0,11.9575123765229,10.066451644984395,372.96674763067307,372.73199851174604,0.0
6.477,4.470050371072576,-1.9960146453564513,4.821864880959955,0.0,11.96860535029848,10.296901393353092,370.5195703636356,372.73199851174604,0.0
6.478,4.679376967201853,-2.026198782172705,6.067577795959805,0.0,12.004356674189374,10.61325573511213,369.00535419271444,372.73199851174604,0.0
6.479,4.99101966261789,-2.0383861847698888,6.861952324610693,0.0,12.069207072784613,10.944286413551488,367.62201393541847,372.73199851174604,0.0
6.48,5.381801756326768,-2.028669009445241,7.604722299021954,0.0,12.159484736052576,11.28259041255134,366.038119208923,372.73199851174604,0.0
6.481,5.836300324666879,-1.9909751730819032,8.463608455297928,0.0,12.270515882647004,11.637054533843928,364.26909721718727,372.73199851174604,0.0
6.482,6.3505344975504,-1.9263020626241394,9.432748464111372,0.0,12.399153222924536,12.013171123739628,362.41568286898007,372.73199851174604,0.0
6.4830000000000005,6.925852013661609,-1.8394723376471152,10.0,0.0,12.543633949520986,12.359103472489734,360.1065866570873,372.73199851174604,0.0
6.484,7.536332086459026,-1.7230666813056927,10.0,0.0,12.696323513385018,12.617818510818985,356.5892035507669,372.73199851174604,0.0
6.485,8.135703006390296,-1.5617561323606353,10.0,0.0,12.84303552087503,12.806105001237245,351.5690643526718,372.73199851174604,0.0
6.486,8.70491292510034,-1.353787553979037,10.0,0.0,12.972641538525343,12.93361466150389,345.24222584674294,372.73199851174604,0.0
6.487,9.236562813924408,-1.1070019566055895,10.0,0.0,13.076971190510019,13.008544568925359,336.7156096540484,372.73199851174604,0.0
6.488,9.73121420452123,-0.8312841306844203,10.0,0.0,13.150499763160783,13.037319296725732,347.7231733219528,372.73199851174604,0.0
6.489,10.047423539570984,-0.7748952462868346,10.0,0.0,13.216107352301986,13.040732896061641,361.34212622250055,372.73199851174604,0.0
6.49,10.210833774711684,-0.8858615997899163,10.0,0.0,13.288265730191972,13.0355528618631,376.7424673683137,372.73199851174604,0.0
6.4910000000000005,10.257336605750895,-1.1103326822823743,3.841979785011098,0.0,13.376272422412248,12.357243236161723,383.77825048401155,372.73199851174604,0.0
6.492,9.850159551871405,-1.2355174402377598,0.21362570743953047,0.0,13.399173095390525,11.463281000106669,385.3245022700494,372.73199851174604,0.0
6.493,9.038108404436967,-1.2234858369942994,-0.6854252231624169,0.0,13.327812153529136,10.683646849043445,384.7275485043343,372.73199851174604,0.0
6.494,8.034220796203766,-1.1476567650900344,-0.5069038402307706,0.0,13.177403008870527,10.105775005760204,383.35983591862,372.73199851174604,0.0
6.495,7.027248325866045,-1.0801624096559104,0.07067407855766206,0.0,12.977581505970738,9.733125885231658,381.62232050869414,372.73199851174604,0.0
6.496,6.14185790873117,-1.065018310129384,0.850528563551098,0.0,12.759486333914507,9.545090961808842,380.23266405912585,372.73199851174604,0.0
6.497,5.445916049395862,-1.1188766562750052,1.4703501328614461,0.0,12.550473045792895,9.482131541652423,379.3393726946548,372.73199851174604,0.0
6.498,4.9465263025953305,-1.2328884087520713,1.8509220732678848,0.0,12.368067853778827,9.488204886005796,378.69747305888006,372.73199851174604,0.0
6.4990000000000006,4.613610153912804,-1.383791376159794,2.1122171456839123,0.0,12.219969724291577,9.531993994171193,378.03522595315235,372.73199851174604,0.0
6.5,4.408834767164805,-1.5452268003484257,2.390308424133707,0.0,12.107309185556272,9.603767599532105,377.2236835092921,372.73199851174604,0.0
6.501,4.301542466818628,-1.6963964342575288,2.7511627960883844,0.0,12.0281063667187,9.703765257784504,376.22298484641294,372.73199851174604,0.0
6.502,4.272679432127984,-1.8238716630413403,3.2166022641812813,0.0,11.97933417441725,9.83553467691109,374.7481371892353,372.73199851174604,0.0
6.503,4.314610608396196,-1.9183894560525512,3.933864705995205,0.0,11.957738348201998,10.01859334907706,373.2681403456187,372.73199851174604,0.0
6.5040000000000004,4.432245935932437,-1.9843480764256116,4.668501709464787,0.0,11.962918242135801,10.242303443102125,371.0331905560157,372.73199851174604,0.0
6.505,4.624951249998509,-2.022653762711046,5.80296468382358,0.0,11.993505195366389,10.541583842990923,369.33455732607393,372.73199851174604,0.0
6.506,4.915928249432289,-2.0383897551861923,6.68625571065119,0.0,12.052309395572214,10.869731864624299,367.9343912629397,372.73199851174604,0.0
6.507000000000001,5.290126324731382,-2.0337402503060042,7.4343148147063705,0.0,12.137379172459223,11.206147077004152,366.3971343161321,372.73199851174604,0.0
6.508,5.7308070852675455,-2.00210206734,8.266291930066304,0.0,12.244149787818056,11.556731734577768,364.66568211578,372.73199851174604,0.0
6.509,6.231712331056878,-1.9429938778402622,9.212681194202027,0.0,12.369116288383054,11.928025266399775,362.82817683811226,372.73199851174604,0.0
6.51,6.793317001727335,-1.8605829150700175,10.0,0.0,12.510241368064028,12.295059809776648,360.7410096909619,372.73199851174604,0.0
6.511,7.403509070811207,-1.7537750842369495,10.0,0.0,12.663032642350654,12.570125137833429,357.5476782242394,372.73199851174604,0.0
6.5120000000000005,8.008343229192704,-1.6032263266399673,10.0,0.0,12.812559036986961,12.772533223782068,352.8475861629822,372.73199851174604,0.0
6.513,8.5851659056482,-1.405287106460439,10.0,0.0,12.947105774110717,12.912250987773177,346.97453333127083,372.73199851174604,0.0
6.514,9.125720880791864,-1.1648338479192382,10.0,0.0,13.057699147683472,12.99775882857631,338.7671206183002,372.73199851174604,0.0
6.515000000000001,9.626980339383467,-0.8956816319123253,10.0,0.0,13.138581756803925,13.036042231962764,352.54565790764264,372.73199851174604,0.0
6.516,10.00569732127789,-0.7520377022181424,10.0,0.0,13.202095135244678,13.041939282500145,359.9667939765976,372.73199851174604,0.0
6.517,10.179855514895824,-0.8621712928137013,10.0,0.0,13.27339801515755,13.038227734348839,372.14515580750634,372.73199851174604,0.0
6.518,10.252152902356864,-1.0614193101898226,6.170066900038402,0.0,13.358015398269425,12.614513857323637,382.54770073451664,372.73199851174604,0.0
6.519,10.004676875034354,-1.2314908070596826,0.8706374143055475,0.0,13.408515039849513,11.724940530761232,385.9762824990049,372.73199851174604,0.0
6.5200000000000005,9.292413314340635,-1.25755566937117,-0.9760963078111837,0.0,13.366173804500917,10.855102317840647,385.6490892051576,372.73199851174604,0.0
6.521,8.299503077268286,-1.184612524174308,-0.9416705678216495,0.0,13.23279847680035,10.1923654617683,383.98027060115265,372.73199851174604,0.0
6.522,7.250378894123431,-1.0963245512223088,-0.21974398671323137,0.0,13.037504750689859,9.767106982830375,381.9812956433097,372.73199851174604,0.0
6.523000000000001,6.306735253119118,-1.0554191268540825,0.6872505208926132,0.0,12.815597832345638,9.55070466787977,380.426037019969,372.73199851174604,0.0
6.524,5.555985030634182,-1.0894687457291359,1.3879394474807363,0.0,12.598395886660715,9.474903817501747,379.3969145061408,372.73199851174604,0.0
6.525,5.014658302953343,-1.1909765967196113,1.835851544450895,0.0,12.40615941792668,9.479264736813906,378.76658933395714,372.73199851174604,0.0
6.526,4.654242611697724,-1.3387902225639439,2.0906682223206,0.0,12.248827108330245,9.521749089678725,378.1740772332641,372.73199851174604,0.0
6.527,4.431630409443874,-1.5037003497915984,2.332503485451948,0.0,12.128138442716526,9.589188673798533,377.40880872336385,372.73199851174604,0.0
6.5280000000000005,4.311072467912533,-1.6614280289440941,2.6683696382858892,0.0,12.041963545510665,9.683377608671321,376.56820051931635,372.73199851174604,0.0
6.529,4.270209882188434,-1.7976671680758676,3.0503117202339354,0.0,11.987234060025632,9.80147443283653,375.38415309829736,372.73199851174604,0.0
6.53,4.296477503358567,-1.8996208314485208,3.615813884877916,0.0,11.959639717085304,9.957376379142113,373.4697051508293,372.73199851174604,0.0
6.531,4.389577887880228,-1.9666261448069806,4.5656607922211006,0.0,11.956746050905265,10.183778468598733,371.58298272836083,372.73199851174604,0.0
6.532,4.56663854651323,-2.0116295914416567,5.5205121612892,0.0,11.981062286285123,10.464240495411335,369.5528662631938,372.73199851174604,0.0
6.533,4.8361110050315395,-2.0314304457415098,6.56736171635825,0.0,12.032721160314894,10.796821516596891,368.14423890889697,372.73199851174604,0.0
6.534,5.1976333752088655,-2.0341891287332534,7.317552989535146,0.0,12.112577695646339,11.136290131431316,366.7045222971111,372.73199851174604,0.0
6.535,5.6298382514528615,-2.011671546908622,8.097686057574425,0.0,12.215890918097449,11.484182950382923,365.05169907856174,372.73199851174604,0.0
6.5360000000000005,6.12152003473211,-1.9604889922867264,9.000900661180953,0.0,12.338257195008453,11.849407138002533,363.2471155028928,372.73199851174604,0.0
6.537,6.671327479955141,-1.8836149682439314,9.99804127910394,0.0,12.476964945891826,12.235436855345005,361.377681259612,372.73199851174604,0.0
6.538,7.281183894627505,-1.7865215965979684,10.0,0.0,12.630493362780483,12.525392297999174,358.4925806790082,372.73199851174604,0.0
6.539,7.8905430353771315,-1.646316187629906,10.0,0.0,12.78321282097566,12.740754509532094,354.1174368910572,372.73199851174604,0.0
6.54,8.473666801998132,-1.4576969476637411,10.0,0.0,12.922850492198016,12.891802422810429,348.45896331408375,372.73199851174604,0.0
6.541,9.021096064980501,-1.2238864013468467,10.0,0.0,13.039796219930775,12.987323330621315,340.70124212043595,372.73199851174604,0.0
6.542,9.528507200014879,-0.9593072909871734,10.0,0.0,13.12783386899495,13.034645788200429,348.3525052401011,372.73199851174604,0.0
6.543,9.977839453065963,-0.710043721407204,10.0,0.0,13.187026797360419,13.041687328442777,360.69405196509314,372.73199851174604,0.0
6.5440000000000005,10.158844741672532,-0.8215106018038014,10.0,0.0,13.255758579452998,13.038526748281217,370.7459103524178,372.73199851174604,0.0
6.545,10.243882850049017,-1.0151679054389549,6.868242646667865,0.0,13.337488759916067,12.690517956443195,380.09032259675246,372.73199851174604,0.0
6.546,10.056025797893607,-1.18985343775564,2.1224532836504775,0.0,13.393523878667509,11.91627846225755,384.8840650851781,372.73199851174604,0.0
6.547,9.447040350845697,-1.2487595159726101,-0.3959386262966751,0.0,13.37126434940594,11.060611041555312,385.6920925255234,372.73199851174604,0.0
6.548,8.525969221905761,-1.2043260814302363,-0.9295532866070761,0.0,13.260187292418479,10.349998686175384,384.50660543654897,372.73199851174604,0.0
6.549,7.493928713479098,-1.12335701755579,-0.4545558113679,0.0,13.080694442911003,9.861239474151656,382.6202399763265,372.73199851174604,0.0
6.55,6.523306214674866,-1.0716494845790705,0.3897445040975285,0.0,12.865396819163209,9.587978028112552,380.846724926682,372.73199851174604,0.0
6.551,5.721146271200004,-1.086161659543634,1.1953547647704266,0.0,12.646416227762153,9.479218458616138,379.6218280844822,372.73199851174604,0.0
6.5520000000000005,5.126909762882526,-1.1697467552962995,1.7389048901429494,0.0,12.447506977334708,9.468515614593684,378.88872713324247,372.73199851174604,0.0
6.553,4.723543552937468,-1.3062280326558378,2.043888079547859,0.0,12.281595457099785,9.505532697522325,378.29069616807215,372.73199851174604,0.0
6.554,4.470180615509842,-1.4674846850101577,2.2873165855697604,0.0,12.152350216166592,9.569820484920555,377.5712116313004,372.73199851174604,0.0
6.555,4.328207091839873,-1.6274551281997995,2.598666722760089,0.0,12.058442460293872,9.659652657745786,376.6945745556366,372.73199851174604,0.0
6.556,4.271327083621533,-1.769149703573052,2.997359500153073,0.0,11.996895396150096,9.77669060750986,375.48911084303273,372.73199851174604,0.0
6.557,4.285914974799781,-1.8802186547621955,3.57252023314215,0.0,11.964007472274185,9.932977340626227,373.92746817252515,372.73199851174604,0.0
6.558,4.370491242893821,-1.9584471075820795,4.341386871788149,0.0,11.957531454395795,10.140012820385978,372.30200225064414,372.73199851174604,0.0
6.559,4.5307724300032515,-2.008939018153527,5.158419795339676,0.0,11.97717841191588,10.39109693768502,369.9310024668759,372.73199851174604,0.0
6.5600000000000005,4.771453115708265,-2.0295438546077107,6.3719296476724985,0.0,12.021730698318105,10.71948102997081,368.44576048107547,372.73199851174604,0.0
6.561,5.111165226929988,-2.034554622677748,7.157413020879418,0.0,12.095011301431853,11.058788488820333,367.0315563469027,372.73199851174604,0.0
6.562,5.5274479321836125,-2.016982004627879,7.921519509614248,0.0,12.192911494452993,11.405296165659365,365.4197910356916,372.73199851174604,0.0
6.563,6.006114190327512,-1.9716789621461372,8.800524239980321,0.0,12.310864827363421,11.767502088226227,363.64243669140154,372.73199851174604,0.0
6.564,6.543684388172509,-1.900251008095942,9.780097030328804,0.0,12.445839374718792,12.14989965228061,361.7870501907427,372.73199851174604,0.0
6.565,7.14126899621582,-1.8075990314728698,10.0,0.0,12.596078785856031,12.461589908519125,359.13140638314576,372.73199851174604,0.0
6.566,7.75182838644008,-1.6767806028289312,10.0,0.0,12.748999774118797,12.693750363706565,355.09334748407156,372.73199851174604,0.0
6.567,8.341720332022197,-1.4987727377823155,10.0,0.0,12.891572028205335,12.859204352089748,349.63869419116855,372.73199851174604,0.0
6.5680000000000005,8.897893755192623,-1.2748816469132285,10.0,0.0,13.01358451437641,12.96709000995034,342.40491527390935,372.73199851174604,0.0
6.569,9.414778409449816,-1.017241517403558,10.0,0.0,13.108082814379063,13.02509277290539,335.36680531449133,372.73199851174604,0.0
6.57,9.896719041210684,-0.7328564599886302,10.0,0.0,13.170225605656409,13.038900466614082,355.8369587179516,372.73199851174604,0.0
6.571,10.132224298714844,-0.7754279061166405,10.0,0.0,13.235061596825117,13.03645549807179,369.3999457438067,372.73199851174604,0.0
6.572,10.234055695779052,-0.9591785172658004,7.534476581628908,0.0,13.312956344787855,12.760684648377755,378.42752036492624,372.73199851174604,0.0
6.573,10.10028497329092,-1.146010264213606,2.963734052537342,0.0,13.374198519037687,12.057887007877374,383.5209403226847,372.73199851174604,0.0
6.574,9.570004065986122,-1.22751394737296,0.30913465554873554,0.0,13.366133799490544,11.242188033052827,385.1914472908266,372.73199851174604,0.0
6.575,8.721509894222574,-1.2090296211356246,-0.6507133163130305,0.0,13.274457341697962,10.516246750642056,384.64542491034024,372.73199851174604,0.0
6.5760000000000005,7.7252824726046185,-1.143050363611286,-0.4968363900557913,0.0,13.112281526378254,9.981356966960359,383.099066841329,372.73199851174604,0.0
6.577,6.7494278496882245,-1.0904001186970114,0.17267196115401084,0.0,12.907702579857023,9.653227463789992,381.28415989244775,372.73199851174604,0.0
6.578,5.9110216279491965,-1.091494228869396,0.9946038217876092,0.0,12.691415432238987,9.50363657560426,379.95122276680337,372.73199851174604,0.0
6.579,5.268160521548509,-1.1595596894117393,1.5888801420592253,0.0,12.489274170122112,9.466857797585526,379.0903597086959,372.73199851174604,0.0
6.58,4.817943994573673,-1.2827607669833427,1.9557280591434472,0.0,12.316540620342504,9.491048485736753,378.43706305534806,372.73199851174604,0.0
6.581,4.526767062439713,-1.43669026294863,2.2253257403813596,0.0,12.179199728136444,9.549061313125218,377.7374692256218,372.73199851174604,0.0
6.582,4.3567110437272545,-1.5955805271286354,2.525067948105736,0.0,12.07733284198998,9.633608827328551,376.8752539028474,372.73199851174604,0.0
6.583,4.278838790588283,-1.7403230551587132,2.9147430555819103,0.0,12.00844017132001,9.74624712890021,375.7892955668473,372.73199851174604,0.0
6.5840000000000005,4.276624728736562,-1.8583892456547386,3.4271492530309713,0.0,11.969240453548464,9.892665088164637,374.2826148123126,372.73199851174604,0.0
6.585,4.3444523547127485,-1.9433762227205396,4.1649834672926405,0.0,11.9567704090528,10.089075801843867,372.7011169594418,372.73199851174604,0.0
6.586,4.487598922553731,-1.9993779864595613,4.9560412092510955,0.0,11.97049876461525,10.329168602975669,370.2715490484122,372.73199851174604,0.0
6.587,4.709012962096512,-2.026568985745518,6.195429659399209,0.0,12.009294557018698,10.652123032975949,368.81628352646396,372.73199851174604,0.0
6.588,5.032313764019763,-2.0374197313079176,6.962219570226162,0.0,12.077427885200843,10.9852656570899,367.43224663317886,372.73199851174604,0.0
6.589,5.432749461228402,-2.0254803668388073,7.707235535654382,0.0,12.170640305428936,11.325376290025789,365.8311125652876,372.73199851174604,0.0
6.59,5.895576268582273,-1.9850967447758974,8.576811429064607,0.0,12.284219742145584,11.682093698474901,364.05125518219864,372.73199851174604,0.0
6.591,6.417614238991024,-1.9178495799914392,9.55354755390455,0.0,12.415119624129812,12.06044661587763,362.1939365482356,372.73199851174604,0.0
6.5920000000000005,7.000479016430965,-1.828803712537944,10.0,0.0,12.561642235883859,12.394501891746309,359.7646625353685,372.73199851174604,0.0
6.593,7.610871981841994,-1.707210643333903,10.0,0.0,12.714433335111455,12.644024798321755,356.06832277607293,372.73199851174604,0.0
6.594,8.20688508350143,-1.5399708932334888,10.0,0.0,12.859717173254829,12.824417012633988,350.885124378509,372.73199851174604,0.0
6.595,8.771538570617901,-1.326400116085198,10.0,0.0,12.986691461029782,12.945146636763118,344.23720950946256,372.73199851174604,0.0
6.596,9.297980627525659,-1.0759547183592528,10.0,0.0,13.08762799646178,13.014238635868136,335.6348885628555,372.73199851174604,0.0
6.597,9.788691791644133,-0.7965062381908066,10.0,0.0,13.157145199419816,13.037801281121908,348.3588858297537,372.73199851174604,0.0
6.598,10.080957625699156,-0.7683943415310219,10.0,0.0,13.221769122776525,13.038717252041227,364.5929239331436,372.73199851174604,0.0
6.599,10.222766676391224,-0.904724093275675,9.966347135391983,0.0,13.295299642548011,13.029625865861835,378.5667106538332,372.73199851174604,0.0
6.6000000000000005,10.252244969934516,-1.1443947785097506,2.9211066536263166,0.0,13.385568449582712,12.25233222414654,384.2163850024183,372.73199851174604,0.0
6.601,9.782338857576951,-1.2475211135009143,-0.018574385572961205,0.0,13.398028201739095,11.36086677310675,385.3459107211924,372.73199851174604,0.0
6.602,8.931390339940467,-1.2205656306047825,-0.7094763670544841,0.0,13.316099067107372,10.602096710632038,384.60683438478077,372.73199851174604,0.0
6.603,7.914478971972829,-1.1403243412766446,-0.45868655757901067,0.0,13.157928852694226,10.04885740509882,383.1798984970367,372.73199851174604,0.0
6.604,6.913835548454964,-1.0757546548100283,0.1503023864401305,0.0,12.953951476551026,9.699507557332248,381.4240783462135,372.73199851174604,0.0
6.605,6.046462483772303,-1.067532477760397,0.9412916635070481,0.0,12.735178110634688,9.531018490645094,380.1154113910765,372.73199851174604,0.0
6.606,5.373925488824841,-1.1289432880557055,1.521791012282228,0.0,12.528270585544254,9.47875136842702,379.266975237912,372.73199851174604,0.0
6.607,4.895944689645037,-1.2484508817415159,1.880659321602832,0.0,12.34935882794354,9.490543244419527,378.6285123285031,372.73199851174604,0.0
6.6080000000000005,4.580139762367462,-1.401801915290078,2.1409256381396977,0.0,12.205190971455636,9.538264102787295,377.94579319313567,372.73199851174604,0.0
6.609,4.388625436019746,-1.5629588437159254,2.4301472590095266,0.0,12.09640573824465,9.613916331425283,377.1044588243668,372.73199851174604,0.0
6.61,4.292154841097754,-1.7118944708484327,2.8070898402677464,0.0,12.020835600918879,9.71839290378602,375.9745908829156,372.73199851174604,0.0
6.611,4.273158840022688,-1.8357748084119603,3.3395978872816556,0.0,11.975407615422428,9.860796118706094,374.66854616568526,372.73199851174604,0.0
6.612,4.326856712159961,-1.9291391515396135,3.973254769357438,0.0,11.957794024336033,10.042696664196859,373.10679021887205,372.73199851174604,0.0
6.613,4.452303623240665,-1.9908007202834896,4.750384825692782,0.0,11.965980976037901,10.270531351908534,370.7248239530176,372.73199851174604,0.0
6.614,4.653338665641476,-2.0243458797816745,5.96143970420728,0.0,11.999206053198115,10.580986616539189,369.1460161922943,372.73199851174604,0.0
6.615,4.9561832041910305,-2.038333435351069,6.7867034077634445,0.0,12.061357328623025,10.911084772212385,367.7662887893635,372.73199851174604,0.0
6.6160000000000005,5.339992369645157,-2.0311667180265047,7.526224206452683,0.0,12.149375077611365,11.248292327866555,366.20600255856215,372.73199851174604,0.0
6.617,5.788440207647719,-1.9962994526263245,8.371627281385198,0.0,12.258548075245516,11.600688862584082,364.45232950658,372.73199851174604,0.0
6.618,6.296596933360993,-1.9340912534515393,9.331260497427941,0.0,12.385549197332772,11.974455905160216,362.6037753030748,372.73199851174604,0.0
6.619,6.865583643691955,-1.8491603457974521,10.0,0.0,12.528506593618724,12.330004397930688,360.39460294459747,372.73199851174604,0.0
6.62,7.475891890825378,-1.7370242462090553,10.0,0.0,12.681237437674943,12.596162345945615,357.0247530517174,372.73199851174604,0.0
6.621,8.077733451520649,-1.5805370733517146,10.0,0.0,12.829218764108607,12.790878094359535,352.14708323148676,372.73199851174604,0.0
6.622,8.650408506845437,-1.3770884594726631,10.0,0.0,12.96105905694218,12.923944560096656,346.05848500453374,372.73199851174604,0.0
6.623,9.18615432709727,-1.133114038212296,10.0,0.0,13.068219266866251,13.003683118868958,337.6452813501806,372.73199851174604,0.0
6.6240000000000006,9.68377220334628,-0.8604823432159021,10.0,0.0,13.145087569438145,13.036783334571565,350.4195778242275,372.73199851174604,0.0
6.625,10.024280640254002,-0.7718232633789368,10.0,0.0,13.210552881491013,13.041780609663748,359.67676877965306,372.73199851174604,0.0
6.626,10.19612162361423,-0.8770263025096439,10.0,0.0,13.282430314950556,13.037327264651445,373.9621894703704,372.73199851174604,0.0
6.627,10.25675098583536,-1.0859256551592171,5.252319632969233,0.0,13.368601568963062,12.513311337102223,383.63733421621964,372.73199851174604,0.0
6.628,9.942639512286412,-1.241826922520354,0.305693902999872,0.0,13.40881425070263,11.588820656795455,385.99993510250573,372.73199851174604,0.0
6.6290000000000004,9.170171938011087,-1.2465809557601464,-1.0082859060507694,0.0,13.351520527220323,10.747559109432231,385.25542838176665,372.73199851174604,0.0
6.63,8.156141626757162,-1.165872989060163,-0.761266844381435,0.0,13.206904604680528,10.12882489782641,383.5969185681114,372.73199851174604,0.0
6.631,7.119484439282967,-1.0834825190457171,-0.04066113811745886,0.0,13.006620981199543,9.738190939709161,381.70487409475817,372.73199851174604,0.0
6.632000000000001,6.204299667909666,-1.0548883365745434,0.8156323427290317,0.0,12.78498086888325,9.543881993862335,380.24651044964213,372.73199851174604,0.0
6.633,5.485419861977029,-1.1003453483525623,1.4696690459080894,0.0,12.571360086334197,9.48014596484865,379.34955175907584,372.73199851174604,0.0
6.634,4.971049352539531,-1.2110312937788452,1.8519728587179385,0.0,12.384448663017789,9.48632647083752,378.7384692692127,372.73199851174604,0.0
6.635,4.628943443729196,-1.3623711993403784,2.0974493960748335,0.0,12.232386962789413,9.528865109751782,378.11305655620475,372.73199851174604,0.0
6.636,4.417925043854421,-1.5264041609092645,2.356345172134226,0.0,12.116315523192267,9.597758449642868,377.31369944361785,372.73199851174604,0.0
6.6370000000000005,4.305361780247353,-1.680886912315996,2.7102067191089603,0.0,12.034093334582995,9.69476289898979,376.3774663702707,372.73199851174604,0.0
6.638,4.271335752137933,-1.8124211970319908,3.1418685771972754,0.0,11.982717753574033,9.82040610391702,374.90110233835907,372.73199851174604,0.0
6.639,4.306612635895321,-1.9099280402995866,3.858359554886974,0.0,11.958454461070962,9.998624101721209,373.41591667305516,372.73199851174604,0.0
6.640000000000001,4.416924955281594,-1.9787665335006224,4.594113205925834,0.0,11.961036463418063,10.218580376037133,371.3498090183797,372.73199851174604,0.0
6.641,4.602125192694035,-2.020326891925467,5.6409889281972365,0.0,11.989239147456765,10.505329113174135,369.45544179200584,372.73199851174604,0.0
6.642,4.881165946169527,-2.0363262803345408,6.62093810858156,0.0,12.044640765946044,10.834706417112688,368.020981941343,372.73199851174604,0.0
6.643,5.247778531087703,-2.033713620142873,7.385278199617015,0.0,12.126992566475078,11.173427093910128,366.5228417489578,372.73199851174604,0.0
6.644,5.683955548476731,-2.005600027297195,8.196439863437508,0.0,12.231914886019851,11.523781919127016,364.831745683244,372.73199851174604,0.0
6.6450000000000005,6.180838150081284,-1.949987353514714,9.120990424579425,0.0,12.35554419794421,11.892887122861488,363.0142741951571,372.73199851174604,0.0
6.646,6.737561690901271,-1.8702039466165696,10.0,0.0,12.495501051028612,12.268619521625636,361.0271534828233,372.73199851174604,0.0
6.647,7.348017106737132,-1.7679096422890446,10.0,0.0,12.648580919273945,12.550401409733864,357.9726020900698,372.73199851174604,0.0
6.648000000000001,7.955213339568264,-1.6221213746716026,10.0,0.0,12.799517223110925,12.758626064402737,353.4158605195259,372.73199851174604,0.0
6.649,8.535116983349507,-1.4284507796366817,10.0,0.0,12.936336479253418,12.903404445500792,347.65630494704067,372.73199851174604,0.0
6.65,9.079032562233598,-1.190880670565265,10.0,0.0,13.049755641843975,12.99335523686385,339.64269915812486,372.73199851174604,0.0
6.651,9.583081815049818,-0.9239617658360596,10.0,0.0,13.13384258888227,13.03564660332872,354.08259445592483,372.73199851174604,0.0
6.652,9.994066526238274,-0.7323114030782967,10.0,0.0,13.195337627007167,13.04194970214836,360.37512503223155,372.73199851174604,0.0
6.6530000000000005,10.167368061292901,-0.8498340391494157,10.0,0.0,13.266157464796938,13.038818673154404,370.90428093263034,372.73199851174604,0.0
6.654,10.24888439854116,-1.0410565354153374,6.79649042168645,0.0,13.349441464136879,12.683462895477568,381.61838971341876,372.73199851174604,0.0
6.655,10.04709058576425,-1.2212073880606498,1.3505721192755118,0.0,13.406765854603469,11.827967660798286,385.83353820405927,372.73199851174604,0.0
6.656000000000001,9.382613275948113,-1.2634185438712433,-0.8880175229678713,0.0,13.375650001168177,10.943043276962936,385.8959303875473,372.73199851174604,0.0
6.657,8.410720998122509,-1.1982408433715221,-1.0508529334699048,0.0,13.25156163607981,10.248237124897454,384.2780948060632,372.73199851174604,0.0
6.658,7.356024831280743,-1.1071382991240661,-0.3573961056710324,0.0,13.061031989431505,9.794709012266916,382.2237655066554,372.73199851174604,0.0
6.659,6.392078181555675,-1.0574632181248418,0.5748508740837792,0.0,12.83964926271754,9.558580515530988,380.55103327941396,372.73199851174604,0.0
6.66,5.61652276573073,-1.0818945500695147,1.3330266400278274,0.0,12.61997615632528,9.473675089497045,379.4542845135697,372.73199851174604,0.0
6.6610000000000005,5.053830372130307,-1.1765542120751336,1.8141781629317242,0.0,12.423948067470025,9.474778414425048,378.80591843187545,372.73199851174604,0.0
6.662,4.6778790642909165,-1.3212043497443484,2.077622004577548,0.0,12.262598038516657,9.516063625253064,378.22902316677926,372.73199851174604,0.0
6.663,4.4447616159037615,-1.486151082699095,2.3110993905753148,0.0,12.138209172789754,9.582016792390426,377.49023372326155,372.73199851174604,0.0
6.664,4.316782573946112,-1.6459671329242718,2.6329117602190113,0.0,12.048784808544498,9.673746863173664,376.7147227307274,372.73199851174604,0.0
6.665,4.269755758257046,-1.7854513552467053,2.9808400142962874,0.0,11.991220991755313,9.786308634012336,375.3920166841083,372.73199851174604,0.0
6.666,4.289027860273338,-1.890153652528295,3.61559285588221,0.0,11.960792144206657,9.945611176743215,373.63728520717217,372.73199851174604,0.0
6.667,4.378933785221838,-1.9622338451797974,4.483905727396007,0.0,11.956218233904808,10.165410537172631,371.88350860348277,372.73199851174604,0.0
6.668,4.549950300290843,-2.0104186270243156,5.36927892832334,0.0,11.978661174752467,10.43356773650768,369.72682104173543,372.73199851174604,0.0
6.6690000000000005,4.808041124136599,-2.0310674283169208,6.477674483897113,0.0,12.027465061772606,10.763543463625494,368.28409262507904,372.73199851174604,0.0
6.67,5.160297143490979,-2.034999365976047,7.2435177510919795,0.0,12.10461215793209,11.102393556678706,366.8509650541717,372.73199851174604,0.0
6.671,5.585392324790026,-2.0145684584054924,8.018891871121395,0.0,12.205642834571595,11.449468160824484,365.2125119586217,372.73199851174604,0.0
6.672,6.071147510358604,-1.9658081463214865,8.913313284427641,0.0,12.32611857870819,11.813388867883475,363.41865790094926,372.73199851174604,0.0
6.673,6.615438486565864,-1.891193574843844,9.903373719371826,0.0,12.463218819395326,12.197913056833913,361.55597195400276,372.73199851174604,0.0
6.674,7.219848217384203,-1.7959647266238417,10.0,0.0,12.615332427319371,12.497380976849733,358.77221276289384,372.73199851174604,0.0
6.675,7.829677573606456,-1.6597918945447319,10.0,0.0,12.768154743406091,12.72011007097383,354.54497797101806,372.73199851174604,0.0
6.676,8.415727527100477,-1.4757646603369996,10.0,0.0,12.909086469854486,12.87748128597207,348.96889343983685,372.73199851174604,0.0
6.6770000000000005,8.966987193324346,-1.246229444696433,10.0,0.0,13.028253543779478,12.978430488365635,341.4379885330939,372.73199851174604,0.0
6.678,9.478552009578888,-0.9846546665795515,10.0,0.0,13.119120957114882,13.030441944786588,342.2897410958894,372.73199851174604,0.0
6.679,9.947433154183662,-0.7112645564647067,10.0,0.0,13.178645610427372,13.039877719155001,359.5153096369176,372.73199851174604,0.0
6.68,10.147634080645105,-0.7999968766697276,10.0,0.0,13.24565583216916,13.036989090953114,370.17443348290425,372.73199851174604,0.0
6.681,10.238678496500428,-0.9918545349079184,7.150947155281486,0.0,13.32589318812073,12.719681658347087,379.1875691201802,372.73199851174604,0.0
6.682,10.074813429408762,-1.1704548446660152,2.5798236305591544,0.0,13.38410352270755,11.98673124686318,384.28680292138654,372.73199851174604,0.0
6.683,9.505636542662577,-1.241285278230643,-0.0853413141404058,0.0,13.369203127281828,11.146410808187788,385.54792365872737,372.73199851174604,0.0
6.684,8.618197142892852,-1.2093753311040298,-0.8440609342806358,0.0,13.267542329011556,10.42375143017614,384.62752830688476,372.73199851174604,0.0
6.6850000000000005,7.599919104770489,-1.134280441702297,-0.5028185563107161,0.0,13.09584033440423,9.91145195811248,382.8658286246048,372.73199851174604,0.0
6.686,6.623869955058299,-1.0806709192250779,0.27669298370068773,0.0,12.884932493472787,9.61272870550313,381.02243246912326,372.73199851174604,0.0
6.687,5.803227541907337,-1.0875335580660315,1.115486721867673,0.0,12.666534096870835,9.487769363809308,379.7569369563412,372.73199851174604,0.0
6.688,5.1866509333183455,-1.1642041006534136,1.6779850938127616,0.0,12.465844739055898,9.466570002970244,378.96925603880686,372.73199851174604,0.0
6.689,4.762706264331346,-1.2950189465566826,2.009452977309312,0.0,12.29672730856203,9.498726273401441,378.35052410922475,372.73199851174604,0.0
6.69,4.4932246388109744,-1.453389396956892,2.2626336861255805,0.0,12.163849849245668,9.560693904992327,377.6419334744959,372.73199851174604,0.0
6.691,4.339548889934628,-1.6131659826504015,2.567829653862515,0.0,12.06644861894231,9.648426292976584,376.77563689516734,372.73199851174604,0.0
6.692,4.2739403911268825,-1.7565361861698034,2.960541559692576,0.0,12.00173370699791,9.763471846476103,375.5618293244468,372.73199851174604,0.0
6.6930000000000005,4.281580595235307,-1.8706220622805376,3.5391470369258275,0.0,11.966110585934887,9.918764329428583,374.11831337766364,372.73199851174604,0.0
6.694,4.36059145842889,-1.9530690153855195,4.247041861658241,0.0,11.95750733135386,10.11843283501754,372.5214997622704,372.73199851174604,0.0
6.695,4.513127592759685,-2.0057823194785325,5.047553656849605,0.0,11.974705246709009,10.36226264766877,370.082484174638,372.73199851174604,0.0
6.696,4.7438325097508285,-2.028504247110469,6.293556594036891,0.0,12.016538630792354,10.688632296203355,368.6019987636763,372.73199851174604,0.0
6.697,5.075592479748725,-2.0356011871378117,7.075099296998441,0.0,12.087379085447507,11.025871438716866,367.2012473607134,372.73199851174604,0.0
6.698,5.484792551758789,-2.0203716286193827,7.8307825099902155,0.0,12.183113188051198,11.370086030622888,365.59704004733544,372.73199851174604,0.0
6.699,5.956719605260538,-1.9772942858059182,8.704235751323306,0.0,12.299109127460827,11.73015562285031,363.82125872165017,372.73199851174604,0.0
6.7,6.487773492958879,-1.9078214836285379,9.6812338120669,0.0,12.432301197340852,12.110856446952614,361.9665433205797,372.73199851174604,0.0
6.7010000000000005,7.079146494671864,-1.8168467250750089,10.0,0.0,12.580931647223995,12.432360204386455,359.4109794963527,372.73199851174604,0.0
6.702,7.689807905612977,-1.690117865415096,10.0,0.0,12.733819000885156,12.672129943999503,355.5232828904634,372.73199851174604,0.0
6.703,8.28250118737881,-1.5168496369720126,10.0,0.0,12.877602376609355,12.844121798132525,350.18047989201,372.73199851174604,0.0
6.704,8.842466931678022,-1.2974870317778104,10.0,0.0,13.001809395887516,12.957623505369416,343.19540875557135,372.73199851174604,0.0
6.705,9.363562493376879,-1.0430382685712667,10.0,0.0,13.099150146060762,13.020474889466547,334.53983447235635,372.73199851174604,0.0
6.706,9.849878486404359,-0.7599940690801317,10.0,0.0,13.164451585314445,13.038491406555258,352.12793544218135,372.73199851174604,0.0
6.707,10.113663199289391,-0.766148783547349,10.0,0.0,13.228531992937933,13.03708325737339,368.055120817312,372.73199851174604,0.0
6.708,10.229979139016198,-0.9338935466679228,8.211643181833736,0.0,13.30445392167948,12.835347807632667,378.20755154312474,372.73199851174604,0.0
6.7090000000000005,10.143055979496022,-1.135956222540453,3.0806722886135818,0.0,13.373159559287565,12.125579572612102,383.3393282554766,372.73199851174604,0.0
6.71,9.639805730110407,-1.2255104201462395,0.4087106350003573,0.0,13.371848144610702,11.305540947726367,385.0569608424343,372.73199851174604,0.0
6.711,8.806647043309269,-1.2104694837126706,-0.5733552817853917,0.0,13.286113963929202,10.57268236260549,384.6332184907629,372.73199851174604,0.0
6.712,7.815783219606682,-1.145471720783187,-0.48049630573984903,0.0,13.128667998245849,10.025234798200687,383.2224387403054,372.73199851174604,0.0
6.713,6.835614958013879,-1.0909604753988744,0.11998916720330399,0.0,12.926875613327375,9.679822076469506,381.4251738161524,372.73199851174604,0.0
6.714,5.983906717900682,-1.0878135576031065,0.9316898762357457,0.0,12.710920146223941,9.515939835480257,380.06376460220207,372.73199851174604,0.0
6.715,5.323983228186144,-1.1509424894639186,1.53907682230634,0.0,12.507147653414574,9.469620330324496,379.1745481912404,372.73199851174604,0.0
6.716,4.857199501696346,-1.2702764869982655,1.9192595309922442,0.0,12.331615909780739,9.48804872991485,378.5113864873227,372.73199851174604,0.0
6.7170000000000005,4.55204381968858,-1.4223305906224892,2.1930465031953252,0.0,12.191012791892637,9.54229514279422,377.8162466556827,372.73199851174604,0.0
6.718,4.370846528700804,-1.5813778396763998,2.489773937575962,0.0,12.085869283440976,9.623838895845262,376.96714233658895,372.73199851174604,0.0
6.719,4.284165059266594,-1.7276833462279941,2.8719746588743957,0.0,12.013897634369721,9.73351171647294,375.82599814447275,372.73199851174604,0.0
6.72,4.274561918095815,-1.8482067207420678,3.411606758605229,0.0,11.971884948399392,9.880747144722577,374.44433294189355,372.73199851174604,0.0
6.721,4.337412470512389,-1.9377302888370878,4.085316015593354,0.0,11.957439432596367,10.07075986664407,372.9267313479632,372.73199851174604,0.0
6.722,4.47346466684591,-1.9968202346687174,4.842169484196358,0.0,11.969044398926325,10.302506317697038,370.47373942439276,372.73199851174604,0.0
6.723,4.6847324411522315,-2.026340598701154,6.0912480368551085,0.0,12.005319854313834,10.620189793173779,368.9712440694022,372.73199851174604,0.0
6.724,4.998402883923527,-2.038226558266632,6.8801032587738336,0.0,12.070748363622146,10.95162468456429,367.5881957636339,372.73199851174604,0.0
6.7250000000000005,5.390889307246692,-2.0280761278382413,7.623065439139096,0.0,12.161542104195904,11.290259423229736,366.00104354352163,372.73199851174604,0.0
6.726,5.846871593522976,-1.9898767257763543,8.483951098877476,0.0,12.273019514656303,11.645144675596423,364.2298484930155,372.73199851174604,0.0
6.727,6.362513256165118,-1.9247299226187817,9.454570124317858,0.0,12.402053554980615,12.021687619945668,362.3756252977131,372.73199851174604,0.0
6.728,6.939208540680151,-1.8375007447349772,10.0,0.0,12.546894744171782,12.365490705292821,360.0448301064874,372.73199851174604,0.0
6.729,7.549695633463532,-1.7201617458392775,10.0,0.0,12.699597124878855,12.622556674906527,356.4952369669536,372.73199851174604,0.0
6.73,8.148484305536645,-1.5577860559570933,10.0,0.0,12.846047928578512,12.809424402629366,351.44489723755464,372.73199851174604,0.0
6.731,8.716893315407344,-1.3488128815609337,10.0,0.0,12.975177132395727,12.93571333358484,345.0615534870685,372.73199851174604,0.0
6.732,9.247613474055749,-1.1013866111372044,10.0,0.0,13.078895150924124,13.00959116447387,336.51725459215857,372.73199851174604,0.0
6.7330000000000005,9.74158030952087,-0.8249825464003961,10.0,0.0,13.151698966271768,13.037423863812158,347.87713582211023,372.73199851174604,0.0
6.734,10.053508683034165,-0.7736920059949648,10.0,0.0,13.217127751221252,13.040381222019569,361.9355719819315,372.73199851174604,0.0
6.735,10.212898086073551,-0.8894840114274883,10.0,0.0,13.289559419498156,13.035172172301989,377.03227106155407,372.73199851174604,0.0
6.736,10.256654684818065,-1.116964524109508,3.696068248192219,0.0,13.37809195231631,12.3410753698535,383.8570818947269,372.73199851174604,0.0
6.737,9.83966515692731,-1.238519210769046,0.1724119977760017,0.0,13.399457762013526,11.446985044959394,385.3600382844336,372.73199851174604,0.0
6.738,9.021077910601658,-1.2240350137474314,-0.7053465948042223,0.0,13.326469149712642,10.668998152661676,384.7329826025158,372.73199851174604,0.0
6.739,8.013913529273383,-1.1470244042034472,-0.5118285947530214,0.0,13.174654384332447,10.094177863777924,383.33841029118605,372.73199851174604,0.0
6.74,7.006698291058719,-1.0794177135203153,0.07939344311744811,0.0,12.973872436722196,9.725479403800103,381.59067127559973,372.73199851174604,0.0
6.7410000000000005,6.123560607300334,-1.0649971474379878,0.8646762232720704,0.0,12.755388642512957,9.541114473328612,380.20545807789256,372.73199851174604,0.0
6.742,5.431293617428801,-1.1199685124241332,1.4825482264641918,0.0,12.546507790486796,9.480768741081224,379.31895682248137,372.73199851174604,0.0
6.743,4.935840434171392,-1.235011265584808,1.859929271062434,0.0,12.364585439636333,9.488479871989442,378.6806345540859,372.73199851174604,0.0
6.744,4.606431962192978,-1.3865706224321568,2.1196040448367777,0.0,12.217147538683331,9.53329846947604,378.0179520474914,372.73199851174604,0.0
6.745,4.404523210475495,-1.5481988349559674,2.3980857627765637,0.0,12.105198797383437,9.605843536323448,377.21544080328636,372.73199851174604,0.0
6.746,4.299448603655145,-1.6993097454381554,2.754506961963685,0.0,12.026705354926074,9.705899856320375,376.1152628981714,372.73199851174604,0.0
6.747,4.27243991291952,-1.825647565163335,3.2707632706569045,0.0,11.97845293977909,9.843245391948972,374.7377653513585,372.73199851174604,0.0
6.748,4.318316833713874,-1.9209089651055227,3.939454375667225,0.0,11.957975695506052,10.02510804276948,373.282085352274,372.73199851174604,0.0
6.7490000000000006,4.437857676483514,-1.986577177658293,4.6617935068042,0.0,11.964003330123756,10.24681637395888,371.01794541283033,372.73199851174604,0.0
6.75,4.630812297077204,-2.0236518899456186,5.811004007515197,0.0,11.995020570624702,10.546116799420341,369.2893437874214,372.73199851174604,0.0
6.751,4.922217941829842,-2.0380014367345947,6.709731367462915,0.0,12.054073832645614,10.875831736256035,367.8820833368215,372.73199851174604,0.0
6.752,5.297735889740535,-2.0325316059034866,7.461860744512106,0.0,12.139448085288695,11.213834545663536,366.35027245763604,372.73199851174604,0.0
6.753,5.740344325565841,-2.0005182980702814,8.291583444645934,0.0,12.246618428054873,11.565390954177143,364.62551421898115,372.73199851174604,0.0
6.7540000000000004,6.243257038520022,-1.9411934975232934,9.235027406901025,0.0,12.372021782413963,11.937096050896029,362.79103043006035,372.73199851174604,0.0
6.755,6.8066333984768566,-1.8585479983572624,10.0,0.0,12.513557554106235,12.301941246531555,360.6830615902611,372.73199851174604,0.0
6.756,7.417070655548761,-1.7508772796602905,10.0,0.0,12.666406944127827,12.575291439163431,357.45744180154503,372.73199851174604,0.0
6.757000000000001,8.02145170720593,-1.5992733164093749,10.0,0.0,12.815706685639816,12.776214008422704,352.7239339627974,372.73199851174604,0.0
6.758,8.597529075859265,-1.4003072383065946,10.0,0.0,12.949798480967736,12.914649594871955,346.81749396469036,372.73199851174604,0.0
6.759,9.137185425505026,-1.15914491397628,10.0,0.0,13.059786460512484,12.999049377434575,338.56719004706014,372.73199851174604,0.0
6.76,9.6377065667686,-0.8893385031205345,10.0,0.0,13.139948538408191,13.03634721765287,352.3780885305801,372.73199851174604,0.0
6.761,10.008938530300773,-0.7565278877975214,10.0,0.0,13.203913088959176,13.042101177063003,359.9313216211595,372.73199851174604,0.0
6.7620000000000005,10.182886281033275,-0.8653355454480529,10.0,0.0,13.27535352889087,13.03825426264197,372.4476786373797,372.73199851174604,0.0
6.763,10.253143875205849,-1.066083109223742,6.017541166032122,0.0,13.360259388826112,12.597876754068082,382.7527189611333,372.73199851174604,0.0
6.764,9.994448007824142,-1.2337923696996662,0.764813799661427,0.0,13.409077454925031,11.70121128173772,386.0045818937413,372.73199851174604,0.0
6.765000000000001,9.27128728567308,-1.25607801831209,-0.9938435004625221,0.0,13.364121495923634,10.835129854663165,385.5950656672217,372.73199851174604,0.0
6.766,8.273745161425653,-1.1814234399611707,-0.9177160587574793,0.0,13.228618130010197,10.179619592430422,383.90010263920595,372.73199851174604,0.0
6.767,7.225874606828639,-1.0939421639354827,-0.18191558602419722,0.0,13.032237679885508,9.76157713717642,381.92954858826096,372.73199851174604,0.0
6.768,6.287376984261075,-1.055157262056004,0.7113859386831525,0.0,12.810299502801408,9.549362078362288,380.4057525102601,372.73199851174604,0.0
6.769,5.542413467432945,-1.0914265944480694,1.396546437698455,0.0,12.59371111312622,9.475170357991182,379.3900154500672,372.73199851174604,0.0
6.7700000000000005,5.0057780230126525,-1.1943815215229205,1.8378347984116745,0.0,12.402324739035755,9.480009349095923,378.75981927237996,372.73199851174604,0.0
6.771,4.648647667028806,-1.3427569287044534,2.0926546796489625,0.0,12.245852646984034,9.522761091724135,378.16096664043914,372.73199851174604,0.0
6.772,4.428275112045658,-1.5075426746027007,2.3377913143324385,0.0,12.125945616377297,9.590676959375463,377.38967389169056,372.73199851174604,0.0
6.773000000000001,4.309395657055939,-1.6647609875082732,2.6768609349072827,0.0,12.040467032556998,9.685529843616425,376.5314010353171,372.73199851174604,0.0
6.774,4.270014364858559,-1.8002481291687504,3.068003337858295,0.0,11.986352997996418,9.805127696761945,375.22441896195846,372.73199851174604,0.0
6.775,4.298134756096735,-1.9015208075774186,3.696570170035498,0.0,11.9593952754148,9.969098232688658,373.47765626083213,372.73199851174604,0.0
6.776,4.396595312867914,-1.970049955889253,4.562494943107801,0.0,11.958055858214228,10.192392542148276,371.5604576307112,372.73199851174604,0.0
6.777,4.57546484598389,-2.0146188660031603,5.5328096669786175,0.0,11.98339710230909,10.47260780776189,369.55998527009285,372.73199851174604,0.0
6.7780000000000005,4.846137152779266,-2.033305268368451,6.5647659797043225,0.0,12.035835563714867,10.803162459968421,368.13360527822067,372.73199851174604,0.0
6.779,5.207434723267607,-2.0343643172539227,7.323939907975666,0.0,12.116015275554469,11.1420590523917,366.6720885482015,372.73199851174604,0.0
6.78,5.63940104734726,-2.010213832094287,8.115297372620704,0.0,12.219399531596027,11.490638218640973,365.0071952538592,372.73199851174604,0.0
6.781000000000001,6.131572868521277,-1.957902228791892,9.024992052370711,0.0,12.341790507146683,11.857031496907183,363.1999513967829,372.73199851174604,0.0
6.782,6.682638669499257,-1.8804435462430225,10.0,0.0,12.480584373921547,12.241482952447722,361.31008358350675,372.73199851174604,0.0
6.783,7.292810646600073,-1.7824778660174707,10.0,0.0,12.63394236157366,12.530010310164087,358.39408678101626,372.73199851174604,0.0
6.784,7.901984212784481,-1.6413500222984028,10.0,0.0,12.78627288022535,12.74411335836475,353.9847965639796,372.73199851174604,0.0
6.785,8.484715484316677,-1.4519054469987078,10.0,0.0,12.925353026986162,12.894030449403827,348.308721203359,372.73199851174604,0.0
6.7860000000000005,9.031680986180472,-1.2174695878517374,10.0,0.0,13.041623369421632,12.988524953525372,340.5026013678369,372.73199851174604,0.0
6.787,9.538594003252001,-0.9525450152936461,10.0,0.0,13.128918783635786,13.034906264619082,350.2428507971281,372.73199851174604,0.0
6.788,9.981667728223357,-0.7127976689367896,10.0,0.0,13.188399825164229,13.041710006448701,360.76293699473325,372.73199851174604,0.0
6.789,10.159915170762694,-0.8276795372852526,10.0,0.0,13.257647615704688,13.03860499681859,370.70559157169345,372.73199851174604,0.0
6.79,10.244534592193142,-1.02066397242936,6.890659602381502,0.0,13.339739595410451,12.693182161535544,380.35810402108876,372.73199851174604,0.0
6.791,10.056627660735748,-1.196700065780905,1.9881423225904165,0.0,13.396514219534566,11.903843267625165,385.1122250597068,372.73199851174604,0.0
6.792,9.438592207560454,-1.2531671476102018,-0.5127204621982173,0.0,13.373128509922942,11.039150822524107,385.76852366017766,372.73199851174604,0.0
6.793,8.506749541704973,-1.204489333210765,-0.9712350139179584,0.0,13.25969289636014,10.329483416843054,384.48151210128174,372.73199851174604,0.0
6.7940000000000005,7.468581196857551,-1.1206811226644438,-0.44522437036535223,0.0,13.077901978569411,9.84676559795647,382.5284907463424,372.73199851174604,0.0
6.795,6.497574569452841,-1.068776626010314,0.43332138475834636,0.0,12.861146958142609,9.5819494413736,380.78767188000523,372.73199851174604,0.0
6.796,5.700314447181633,-1.0849444908518318,1.2231740842443442,0.0,12.6418833341993,9.478026284974343,379.59530426900335,372.73199851174604,0.0
6.797,5.1121320098815035,-1.1706442481788277,1.750724832172713,0.0,12.443419051667963,9.469428603978246,378.8786633303243,372.73199851174604,0.0
6.798,4.713963776476982,-1.308678267200968,2.047578653326462,0.0,12.278268173809307,9.507139356977747,378.2818952968874,372.73199851174604,0.0
6.799,4.464409857519559,-1.4706209822337681,2.2904637021934917,0.0,12.14983681749985,9.57178201280654,377.55602732066694,372.73199851174604,0.0
6.8,4.325122714428526,-1.6305809096915203,2.6051574022145116,0.0,12.056689027274249,9.662130770485588,376.8171401493868,372.73199851174604,0.0
6.801,4.270024949917504,-1.7723036369085672,2.933749571478188,0.0,11.995880792558411,9.771795957658272,375.4220735901068,372.73199851174604,0.0
6.8020000000000005,4.282418923350939,-1.880033743371463,3.604382100334579,0.0,11.962552984470175,9.932983144400882,373.81795160545005,372.73199851174604,0.0
6.803,4.368336623405631,-1.9571704904329454,4.395583561725903,0.0,11.956084416977152,10.145717659853203,372.18312883593023,372.73199851174604,0.0
6.804,4.532630623585244,-2.0083879880431783,5.218483643243969,0.0,11.976398715045177,10.401925698344852,369.8977852897341,372.73199851174604,0.0
6.805,4.778990956360899,-2.0301732752576944,6.3894975485621615,0.0,12.02218659377306,10.729670194960438,368.42998658361404,372.73199851174604,0.0
6.806,5.122010804077673,-2.0355676637341933,7.166417020903506,0.0,12.096545664149984,11.067701452770532,367.0075100436849,372.73199851174604,0.0
6.807,5.539884098976297,-2.0174466270470073,7.9349001755487,0.0,12.195224695349866,11.41359358016318,365.38357874631464,372.73199851174604,0.0
6.808,6.019414151534089,-1.971227991465946,8.820350021888132,0.0,12.313722196621978,11.77590947665507,363.598771854811,372.73199851174604,0.0
6.809,6.5578000618565655,-1.8989307532392519,9.804085734209306,0.0,12.449111027566946,12.15877281390702,361.74109224641614,372.73199851174604,0.0
6.8100000000000005,7.156392582545491,-1.80561501688528,10.0,0.0,12.599705550525947,12.468140594469483,359.06123651277835,372.73199851174604,0.0
6.811,7.7666115439955545,-1.6736583207773623,10.0,0.0,12.752595320036955,12.698533746061074,354.98758062698056,372.73199851174604,0.0
6.812,8.355646819049104,-1.4944355743876723,10.0,0.0,12.894840492614236,12.862484868803216,349.50840225529595,372.73199851174604,0.0
6.813,8.91081914856165,-1.2694355774928634,10.0,0.0,13.016298488013472,12.969086793033028,342.2176469114862,372.73199851174604,0.0
6.814,9.426667330608208,-1.0110349114848507,10.0,0.0,13.110096803003833,13.025982747649786,336.6589346533011,372.73199851174604,0.0
6.815,9.90617893537648,-0.7286606054532188,10.0,0.0,13.171727714953432,13.038981143599855,356.5279415415148,372.73199851174604,0.0
6.816,10.135270706403386,-0.7795755187205556,10.0,0.0,13.236919758822804,13.03643781238461,369.5822567294309,372.73199851174604,0.0
6.817,10.234903079495849,-0.965171840436573,7.443660523900328,0.0,13.315244711439803,12.750802032976955,378.5607516137867,372.73199851174604,0.0
6.8180000000000005,10.094292983587133,-1.1501133617140051,2.8961255507020374,0.0,13.375661194977695,12.043360308761834,383.64203372854007,372.73199851174604,0.0
6.819,9.556604042422094,-1.2295415785834678,0.24638414115740837,0.0,13.366179546383144,11.224447882573156,385.24567205960597,372.73199851174604,0.0
6.82,8.701524991451352,-1.2088722785104664,-0.6805717598541392,0.0,13.272686914852468,10.499692605323196,384.64006203834714,372.73199851174604,0.0
6.821,7.701933054549649,-1.141571574689418,-0.49684738449073684,0.0,13.10887163433027,9.968947155494737,383.0531791767821,372.73199851174604,0.0
6.822,6.726449951954809,-1.0890038324164213,0.19338223964141044,0.0,12.903253892265631,9.646289959414222,381.2394041894713,372.73199851174604,0.0
6.823,5.891614685496449,-1.0912713368774745,1.0151956765195624,0.0,12.686707307712844,9.500910938835037,379.91988227564764,372.73199851174604,0.0
6.824,5.2535735032921105,-1.160896155586938,1.6030777957923856,0.0,12.48491353457085,9.466700237987617,379.07052840058833,372.73199851174604,0.0
6.825,4.807994559484984,-1.2853751981654693,1.9643694344336158,0.0,12.312874515154864,9.492227760965285,378.4214385979265,372.73199851174604,0.0
6.8260000000000005,4.520597854390466,-1.4399834971279193,2.2320199349027217,0.0,12.17635427243832,9.550985116491105,377.7168296915091,372.73199851174604,0.0
6.827,4.353482213505469,-1.5988268335754203,2.5344760763138083,0.0,12.075288473565617,9.636317136189625,376.8559074783952,372.73199851174604,0.0
6.828,4.277841303146476,-1.743365069674661,2.9236980932042638,0.0,12.007173229156479,9.749448578205497,375.7488608553164,372.73199851174604,0.0
6.829,4.277459598941666,-1.8607207285268499,3.4470527813079395,0.0,11.968646393502583,9.897417725460308,374.2537580795674,372.73199851174604,0.0
6.83,4.34732396082255,-1.945205861541472,4.1793865735042495,0.0,11.95688896418265,10.094371547835859,372.66646822724454,372.73199851174604,0.0
6.831,4.492172569270567,-2.000530428823925,4.973686802510684,0.0,11.971243511103186,10.335269229000133,370.2336961935115,372.73199851174604,0.0
6.832,4.715344614997584,-2.0268811174893466,6.215055842559552,0.0,12.010597701528472,10.659019749909852,368.77603231351037,372.73199851174604,0.0
6.833,5.040321233950522,-2.037078306610245,6.9834474445424695,0.0,12.079249708918844,10.992924315961211,367.3894503514512,372.73199851174604,0.0
6.8340000000000005,5.442454874255782,-2.0245512947587563,7.730163907174994,0.0,12.172947028980444,11.333773586772168,365.7875095265421,372.73199851174604,0.0
6.835,5.907006680383062,-1.983668414569901,8.60057920948158,0.0,12.28698769741472,11.691106818864636,364.0081149518253,372.73199851174604,0.0
6.836,6.430739881968272,-1.9159994081531724,9.577515332439203,0.0,12.418322860310859,12.069904480980462,362.15119674814116,372.73199851174604,0.0
6.837,7.015204704758628,-1.8265859874174764,10.0,0.0,12.565245486912207,12.401606046885345,359.69830084751504,372.73199851174604,0.0
6.838,7.62565158373645,-1.7040208571545268,10.0,0.0,12.718057977322347,12.649300363724608,355.9662214356923,372.73199851174604,0.0
6.839,8.221044477841144,-1.5356428153785449,10.0,0.0,12.863062717082668,12.82811774835922,350.7519242083699,372.73199851174604,0.0
6.84,8.784820493330756,-1.3209808367114926,10.0,0.0,12.989519684094802,12.947492435743595,344.0395919727638,372.73199851174604,0.0
6.841,9.310253994666043,-1.0697948395944588,10.0,0.0,13.089784583247958,13.015415426098759,335.42666259569086,372.73199851174604,0.0
6.8420000000000005,9.800161010301014,-0.7896425666682627,10.0,0.0,13.158510401470604,13.037937170627226,348.6742591341779,372.73199851174604,0.0
6.843,10.087666174254132,-0.7671119652018654,10.0,0.0,13.222938968891787,13.03835282464662,365.31479956288257,372.73199851174604,0.0
6.844,10.224493967866554,-0.9095947685538661,9.60019286331328,0.0,13.296864659356174,12.989014979312815,378.6718355740025,372.73199851174604,0.0
6.845,10.229164216718972,-1.1424951273186723,2.8622764871307504,0.0,13.382658207671357,12.215685308107979,383.8920955138281,372.73199851174604,0.0
6.846,9.74715384321173,-1.2399092004822414,0.14054554719712442,0.0,13.39092597849488,11.349324562798593,385.166892703954,372.73199851174604,0.0
6.847,8.902487720709956,-1.2159857587902665,-0.6212019897878873,0.0,13.308125178387357,10.601944919173603,384.5810440994527,372.73199851174604,0.0
6.848,7.895906236014022,-1.1411175057177607,-0.4467681434143138,0.0,13.150870220507034,10.05010566046284,383.20056618932085,372.73199851174604,0.0
6.849,6.902681305735008,-1.0802912513907188,0.13878513487586108,0.0,12.948214627098414,9.699580281467037,381.45548913263303,372.73199851174604,0.0
6.8500000000000005,6.039411823810256,-1.0736204081178773,0.9240887570109013,0.0,12.730646524914338,9.529397140390838,380.12931724388494,372.73199851174604,0.0
6.851,5.368449807805391,-1.1349825968691574,1.5132015140635584,0.0,12.524633468036418,9.47659799719958,379.2592580903407,372.73199851174604,0.0
6.852,4.89104948929295,-1.2536978446230906,1.8829584950497207,0.0,12.346386857892583,9.489064017853927,378.6061335751378,372.73199851174604,0.0
6.853,4.575884415506244,-1.4061131981804087,2.15077940201727,0.0,12.20279004724233,9.538115660316436,377.9170520235031,372.73199851174604,0.0
6.854,4.385454510898262,-1.56644733986984,2.4434696427170346,0.0,12.094570683953618,9.61521581364398,377.1404652832827,372.73199851174604,0.0
6.855,4.290233639240368,-1.7150858009754013,2.787678345111873,0.0,12.01963016163125,9.717290067002622,375.921891281622,372.73199851174604,0.0
6.856,4.271202489442413,-1.8369476552357322,3.365066418243477,0.0,11.974309536234564,9.862874661574887,374.5404594433761,372.73199851174604,0.0
6.857,4.326699043953537,-1.9294282669568208,4.037697728050113,0.0,11.957033681581489,10.051289365003466,373.08520497203745,372.73199851174604,0.0
6.8580000000000005,4.456683644812803,-1.992245381166757,4.76179289911653,0.0,11.966311959182462,10.278315827793712,370.6880520651125,372.73199851174604,0.0
6.859,4.660499241856329,-2.0255576174017564,5.980808817045331,0.0,12.000401230146116,10.58929840166034,369.13175998600684,372.73199851174604,0.0
6.86,4.965425707689329,-2.0392372905398313,6.79495724185556,0.0,12.063351473082903,10.918454057515314,367.7452588706293,372.73199851174604,0.0
6.861,5.350212199707931,-2.0312010108330103,7.538075195955498,0.0,12.151901469812374,11.25531341331764,366.17158232303325,372.73199851174604,0.0
6.862,5.799300076383831,-1.9953129532643648,8.390517631640652,0.0,12.26141507891365,11.608127520082885,364.40976419324465,372.73199851174604,0.0
6.863,6.308325890986982,-1.9322815835581866,9.354649039719963,0.0,12.388684167689327,11.982639646774022,362.5592283826654,372.73199851174604,0.0
6.864,6.878533078113663,-1.8468173947080062,10.0,0.0,12.531906813180095,12.336142228785718,360.3278755725201,372.73199851174604,0.0
6.865,7.48881812713239,-1.7336990077892782,10.0,0.0,12.684569071650397,12.600734024021733,356.9256432367797,372.73199851174604,0.0
6.8660000000000005,8.090129261474857,-1.5761573138108167,10.0,0.0,12.832225881328831,12.79409149129369,352.0161691820658,372.73199851174604,0.0
6.867,8.662093920452243,-1.3717484697740412,10.0,0.0,12.963543200862352,12.925975891662201,345.8790814404406,372.73199851174604,0.0
6.868,9.197005434655788,-1.1272006756920656,10.0,0.0,13.070061059570723,13.004682963974602,337.4363041192211,372.73199851174604,0.0
6.869,9.694034638522986,-0.8539398034032057,10.0,0.0,13.146184621628542,13.036847017643243,349.55243346993586,372.73199851174604,0.0
6.87,10.028711112162297,-0.7734046635256187,10.0,0.0,13.2117859761838,13.041562902089149,359.9510024339841,372.73199851174604,0.0
6.871,10.19968616577113,-0.8783730435749977,10.0,0.0,13.283650656932325,13.036906842385413,374.2982106130155,372.73199851174604,0.0
6.872,10.25727938097564,-1.0905722317363988,5.082489811164872,0.0,13.370155490532891,12.49435123281863,383.8174945304475,372.73199851174604,0.0
6.873,9.930951819973302,-1.2437740660130263,0.21199289226185503,0.0,13.408484489705533,11.564594072239906,385.9957602657381,372.73199851174604,0.0
6.8740000000000006,9.148080237730628,-1.244794057311677,-1.0097775929233697,0.0,13.348585053603117,10.72880834189164,385.1842361771537,372.73199851174604,0.0
6.875,8.130679531404493,-1.1628513463757675,-0.7285379252852433,0.0,13.20207308996019,10.117850671133459,383.5328620196177,372.73199851174604,0.0
6.876,7.096443688810828,-1.0815741587558665,-0.010859481595962173,0.0,13.000995492076905,9.733061738838282,381.6588763418307,372.73199851174604,0.0
6.877,6.186260272309379,-1.0551120163529584,0.8368645789966944,0.0,12.779448696964312,9.54249461960182,380.2202299057277,372.73199851174604,0.0
6.878,5.4728320130596035,-1.1025989977952224,1.4813054831083772,0.0,12.566488058822006,9.480616065976559,379.33663722565205,372.73199851174604,0.0
6.8790000000000004,4.963043639439344,-1.2146645062219512,1.8570554360071423,0.0,12.380487965243924,9.487459828183072,378.72862204201,372.73199851174604,0.0
6.88,4.6242309026561665,-1.3665633077898578,2.101096792525536,0.0,12.229360470332503,9.530277771809109,378.09935801517963,372.73199851174604,0.0
6.881,4.415442949850799,-1.5304654252172318,2.3620552109063775,0.0,12.11413776417616,9.599544731478867,377.2971201049689,372.73199851174604,0.0
6.882000000000001,4.3044590003101355,-1.6844328457505375,2.7175229500795233,0.0,12.032661419686816,9.696974946612674,376.3446368062756,372.73199851174604,0.0
6.883,4.271721535903373,-1.8151173710813155,3.157638216480861,0.0,11.981911354740841,9.823863789285918,374.8921206591846,372.73199851174604,0.0
6.884,4.308373365238649,-1.9121641658403965,3.86229506855197,0.0,11.958293482726981,10.001740766390101,373.3654247480561,372.73199851174604,0.0
6.885,4.419682624161577,-1.9797809643321558,4.619308761753126,0.0,11.961292475511424,10.223815696125726,371.2507021838651,372.73199851174604,0.0
6.886,4.606834304924652,-2.020601526188896,5.691483007127449,0.0,11.990013155810313,10.514878469930688,369.43136219369,372.73199851174604,0.0
6.8870000000000005,4.889476419014983,-2.037024164715103,6.63415936539555,0.0,12.04636633007912,10.843460575598485,368.0132534899494,372.73199851174604,0.0
6.888,5.2580753694025395,-2.034137514235304,7.390401167483809,0.0,12.129460639549789,11.180860159371681,366.50190081034305,372.73199851174604,0.0
6.889,5.6950068309676105,-2.0050995882083535,8.208378484301026,0.0,12.234820171092547,11.530867831275355,364.79560214201587,372.73199851174604,0.0
6.890000000000001,6.192410976563237,-1.9484831288160034,9.140891782161919,0.0,12.358707085398505,11.900462237339598,362.97028616183394,372.73199851174604,0.0
6.891,6.749986161034229,-1.8679587237954722,10.0,0.0,12.498873228921951,12.274303436375737,360.9594751381218,372.73199851174604,0.0
6.892,7.360265962969566,-1.7645720760099879,10.0,0.0,12.651839590790475,12.554631021314044,357.87360069698207,372.73199851174604,0.0
6.893,7.9668951043936564,-1.617688017798176,10.0,0.0,12.802418695040528,12.76159607640808,353.28449867754045,372.73199851174604,0.0
6.894,8.546117780305577,-1.4230665599360925,10.0,0.0,12.938696874592278,12.905274333481652,347.50294588133016,372.73199851174604,0.0
6.8950000000000005,9.089328609391345,-1.1848515027879052,10.0,0.0,13.05145762018852,12.994251618362721,339.44461921754475,372.73199851174604,0.0
6.896,9.592780324519875,-0.9174889603978276,10.0,0.0,13.134812290621822,13.035659668942031,353.8574539568491,372.73199851174604,0.0
6.897,9.996182766638862,-0.7372966477442839,10.0,0.0,13.196824770101731,13.041922630024933,360.23329382840495,372.73199851174604,0.0
6.898000000000001,10.170020738592324,-0.8527375647736741,10.0,0.0,13.267762721741716,13.03867239045385,371.18755893130685,372.73199851174604,0.0
6.899,10.249669100347289,-1.0454935069812707,6.653374019686146,0.0,13.351330598733131,12.667689172095832,381.8462854062797,372.73199851174604,0.0
6.9,10.037420666849375,-1.2234363735742324,1.2328679132543767,0.0,13.407089522092756,11.803515462670722,385.86015626748787,372.73199851174604,0.0
6.901,9.361547272156502,-1.2617876005707624,-0.9053490949071152,0.0,13.373294388477595,10.922559795771877,385.8287388525864,372.73199851174604,0.0
6.902,8.384869953174652,-1.1948294586499135,-1.0206077908647915,0.0,13.247034293652806,10.235699666868749,384.20449837096123,372.73199851174604,0.0
6.9030000000000005,7.33180958333747,-1.1045352831915076,-0.3232125486443538,0.0,13.055451417538961,9.788835472469547,382.1664160475943,372.73199851174604,0.0
6.904,6.372840276424611,-1.0570474100762557,0.6014844376806385,0.0,12.834019685308496,9.557198146034473,380.52344080128205,372.73199851174604,0.0
6.905,5.603154589442139,-1.083790822524081,1.3450576379413945,0.0,12.61498404775798,9.474203193684229,379.4430128357856,372.73199851174604,0.0
6.906000000000001,5.045366828466723,-1.180042986635717,1.8181614774492125,0.0,12.419872782655291,9.475869659994688,378.798376968664,372.73199851174604,0.0
6.907,4.67286627695531,-1.3253824562266237,2.079815626440844,0.0,12.2594641107078,9.517306454214332,378.21717858242835,372.73199851174604,0.0
6.908,4.442005994446685,-1.4902652208596008,2.315563018851849,0.0,12.135923694790748,9.583543999053392,377.4718703702466,372.73199851174604,0.0
6.909,4.3155899879440955,-1.649556365829086,2.640818406357706,0.0,12.047234273249614,9.675821524408573,376.6922321412501,372.73199851174604,0.0
6.91,4.269856027147354,-1.7882951907109896,2.991035184560932,0.0,11.990309905685429,9.789040222424035,375.38383185526453,372.73199851174604,0.0
6.9110000000000005,4.290349054995026,-1.8921701199841021,3.6187169941185253,0.0,11.960438698650428,9.948075872479622,373.59456243291174,372.73199851174604,0.0
6.912,4.38101837183058,-1.9631132773638753,4.504726066083262,0.0,11.956223175343537,10.169636322073263,371.81193133862376,372.73199851174604,0.0
6.913,4.553562907115312,-2.010684664283485,5.405242284958474,0.0,11.979108670314051,10.44074266202051,369.6891444911206,372.73199851174604,0.0
6.914,4.814428682235121,-2.0312387243670913,6.497064248916311,0.0,12.028601482522244,10.771152381406363,368.25460270850186,372.73199851174604,0.0
6.915,5.168812139834347,-2.0349358979986825,7.259109098258121,0.0,12.10638713394684,11.110003601277757,366.81902465528924,372.73199851174604,0.0
6.916,5.595455639556717,-2.014008914968581,8.036027863429002,0.0,12.207940402346491,11.457201929586379,365.17638877900055,372.73199851174604,0.0
6.917,6.0824751617792625,-1.9646637880999953,8.932901898900802,0.0,12.32883948261179,11.821416995707038,363.379691065324,372.73199851174604,0.0
6.918,6.627960820130774,-1.8895119657008626,9.924773830203305,0.0,12.466296912267412,12.206304408134274,361.5155184313492,372.73199851174604,0.0
6.9190000000000005,7.233577589684232,-1.793850053206413,10.0,0.0,12.6187260480498,12.5036419935816,358.7091271222195,372.73199851174604,0.0
6.92,7.843294510191143,-1.6567621723043358,10.0,0.0,12.771522981024386,12.724723778804233,354.44871481122453,372.73199851174604,0.0
6.921,8.428686696474255,-1.4717000109671865,10.0,0.0,12.912162440285721,12.880681107515993,348.8534497944914,372.73199851174604,0.0
6.922,8.979093983777638,-1.241197273261407,10.0,0.0,13.030829006957829,12.980415769542166,341.271447931887,372.73199851174604,0.0
6.923,9.489732068180288,-0.9789485651957381,10.0,0.0,13.121060052655181,13.03137750562168,343.45797199225996,372.73199851174604,0.0
6.924,9.956128711222547,-0.7078089107483225,10.0,0.0,13.18016129248219,13.040068922772353,359.9149700421046,372.73199851174604,0.0
6.925,10.150460391250991,-0.8040775338888824,10.0,0.0,13.247522495131498,13.037088803817955,370.3447804571683,372.73199851174604,0.0
6.926,10.239752755766732,-0.9970646217068113,7.065952983858618,0.0,13.328115459049007,12.710518801951924,379.35237862516175,372.73199851174604,0.0
6.9270000000000005,10.069243381546997,-1.1742146018630204,2.49595009872775,0.0,13.385548753327164,11.970954204270598,384.39202987979695,372.73199851174604,0.0
6.928,9.49184547921116,-1.242599453603035,-0.14047584227036047,0.0,13.36903309229921,11.128591246641475,385.5741958758289,372.73199851174604,0.0
6.929,8.598057625473338,-1.2084517903700946,-0.8599808139271534,0.0,13.265492610138113,10.408574416088012,384.60552397654834,372.73199851174604,0.0
6.93,7.577392836037185,-1.132410688278073,-0.49438011893490685,0.0,13.09228144853999,9.900951594840098,382.82270384620614,372.73199851174604,0.0
6.931,6.602659997081977,-1.0792569207038762,0.2961228928915931,0.0,12.880542617564648,9.607083228298865,380.98152689778664,372.73199851174604,0.0
6.932,5.785798011688938,-1.08746788498279,1.134216083240938,0.0,12.66202557677914,9.485820526138065,379.7284235411509,372.73199851174604,0.0
6.933,5.1738826352296154,-1.1656656598888286,1.6908035112647566,0.0,12.461753615452974,9.466818146850517,378.9513108604929,372.73199851174604,0.0
6.934,4.754244859576991,-1.2976584208501913,2.017166728106277,0.0,12.293345838287358,9.500063890488633,378.336196525578,372.73199851174604,0.0
6.9350000000000005,4.488176140659979,-1.4566023755846518,2.2686819154254323,0.0,12.161267320613298,9.562618501807412,377.625116807407,372.73199851174604,0.0
6.936,4.33702725359868,-1.616390454666584,2.575290591554319,0.0,12.064639364990189,9.650887293115469,376.7573302672596,372.73199851174604,0.0
6.937,4.273344085953272,-1.7593863109827748,2.9689305440728795,0.0,12.000632747464154,9.766394377316544,375.5270608553017,372.73199851174604,0.0
6.938,4.282570334899646,-1.8727278993637857,3.556114626616254,0.0,11.965615116269582,9.922952221838932,374.0832211040565,372.73199851174604,0.0
6.939,4.3633230896435435,-1.9545866070381956,4.264522276315753,0.0,11.957626074607083,10.123614978898772,372.48690490281115,372.73199851174604,0.0
6.94,4.517564134635886,-2.006810691815965,5.065131313027788,0.0,11.975428275065624,10.36823648622599,370.0513160705316,372.73199851174604,0.0
6.941,4.750021869353683,-2.028833961459671,6.309732553579714,0.0,12.017812725024065,10.6950481685909,368.5653605864196,372.73199851174604,0.0
6.942,5.083259763943949,-2.035290987809066,7.094376674888963,0.0,12.089129938425149,11.032950377595904,367.16130412393954,372.73199851174604,0.0
6.9430000000000005,5.493960743773331,-2.01948663004642,7.852111850007064,0.0,12.185302601769237,11.377853786255091,365.55653732936725,372.73199851174604,0.0
6.944,5.967440021211472,-1.9759363377937842,8.726249859117,0.0,12.301715851074677,11.738486238913774,363.78146848280056,372.73199851174604,0.0
6.945,6.500029751121511,-1.9060724473837898,9.703289582689798,0.0,12.435301495692865,12.11957968322332,361.92711328860605,372.73199851174604,0.0
6.946,7.092852023211334,-1.814759644397165,10.0,0.0,12.58429215085576,12.438905543601345,359.3495072420584,372.73199851174604,0.0
6.947,7.703540355226323,-1.6871435743850554,10.0,0.0,12.737191686868702,12.676983285484004,355.42845641381183,372.73199851174604,0.0
6.948,8.295644328938943,-1.5128344339327695,10.0,0.0,12.880711198718986,12.84751865299145,350.0597203607223,372.73199851174604,0.0
6.949,8.85478803644192,-1.2924709633499853,10.0,0.0,13.004435405775402,12.959767666844982,343.0182362429352,372.73199851174604,0.0
6.95,9.374957770710893,-1.0373171159557972,10.0,0.0,13.101148805003993,13.021536966324245,334.7207547112417,372.73199851174604,0.0
6.9510000000000005,9.860649109829113,-0.7534004127017067,10.0,0.0,13.165688495373649,13.038576325818125,353.02817113054886,372.73199851174604,0.0
6.952,10.118605787879961,-0.7668646439848414,10.0,0.0,13.229798385129412,13.036847397205173,368.60379260814113,372.73199851174604,0.0
6.953,10.230886281825757,-0.9394846969908599,7.933819437658644,0.0,13.306177956566131,12.804651201018018,378.1340265968935,372.73199851174604,0.0
6.954,10.125728970249504,-1.1351148144832832,3.1146821624309977,0.0,13.371493063634574,12.106559396154463,383.2390113991456,372.73199851174604,0.0
6.955,9.617582483461538,-1.2228348414879218,0.4571196324309277,0.0,13.368160381305401,11.29551231736729,385.0369381003242,372.73199851174604,0.0
6.956,8.786161133491408,-1.2093159564780813,-0.5648931140441515,0.0,13.2816919817093,10.565765785042496,384.642692792651,372.73199851174604,0.0
6.957,7.798212768073681,-1.146162860098321,-0.4868774030166003,0.0,13.124084117088653,10.019509028364602,383.2227173545518,372.73199851174604,0.0
6.958,6.8206952926269695,-1.0929195637521327,0.11820312760496421,0.0,12.922386131627999,9.675543300795491,381.416080512709,372.73199851174604,0.0
6.9590000000000005,5.971585788293539,-1.0905719750063043,0.9346807285167147,0.0,12.706735570157917,9.51319294895351,380.0491137598412,372.73199851174604,0.0
6.96,5.314222942603261,-1.1541667169096863,1.5449929524696753,0.0,12.503433927147482,9.468300962757027,379.15689207748966,372.73199851174604,0.0
6.961,4.849871231319049,-1.2737115821723415,1.9268548579880056,0.0,12.328487237578294,9.48797475803099,378.4918014577465,372.73199851174604,0.0
6.962,4.546952273705692,-1.4257335691934991,2.201802138399592,0.0,12.188529566413129,9.543289654835359,377.79576082788316,372.73199851174604,0.0
6.963,4.367777960232563,-1.5845163456516678,2.49918483016988,0.0,12.084045037585101,9.625719903039304,376.9443727450295,372.73199851174604,0.0
6.964,4.282871408330706,-1.7304027777020585,2.8827551292638685,0.0,12.012711666221229,9.736225557097157,375.80206431080245,372.73199851174604,0.0
6.965,4.274914264408835,-1.8503454776043857,3.4232086883868353,0.0,11.97129703006828,9.884187717437811,374.4163622934432,372.73199851174604,0.0
6.966,4.339295813138763,-1.93919081855837,4.099216059249475,0.0,11.957393634070609,10.075006931533258,372.886950392838,372.73199851174604,0.0
6.9670000000000005,4.476872303318185,-1.9976118202447934,4.862372490741167,0.0,11.969500355858218,10.308051419942412,370.4305435335057,372.73199851174604,0.0
6.968,4.690047496579885,-2.0264798967632913,6.113590470189709,0.0,12.00629213270815,10.626931038756844,368.93747936231415,372.73199851174604,0.0
6.969,5.005654020797409,-2.0380386388460847,6.898067747279816,0.0,12.072275474618458,10.958797228328944,367.55417654016287,372.73199851174604,0.0
6.97,5.39979988654079,-2.027452102016627,7.6414973780712865,0.0,12.163566994822874,11.297807639761423,365.9641120102136,372.73199851174604,0.0
6.971,5.85725895366889,-1.988765825266402,8.504208508061232,0.0,12.275480779075869,11.653131051335421,364.1911713051973,372.73199851174604,0.0
6.972,6.374309889878788,-1.9231688558147524,9.476087132634875,0.0,12.40490672218878,12.030092025268715,362.3363520230765,372.73199851174604,0.0
6.973,6.952376035080258,-1.8355580802995193,10.0,0.0,12.550104952771576,12.371794358674332,359.9842419612772,372.73199851174604,0.0
6.974,7.562876214304778,-1.7173080014596898,10.0,0.0,12.702822192719424,12.627232794861333,356.40289048626323,372.73199851174604,0.0
6.9750000000000005,8.161092848587657,-1.553887737072555,10.0,0.0,12.849017823996995,12.812700283445551,351.32310982389936,372.73199851174604,0.0
6.976,8.728711687903886,-1.3439264413171204,10.0,0.0,12.977679101116008,12.93778468031714,344.88315546105724,372.73199851174604,0.0
6.977,9.258516273641614,-1.0958633086398812,10.0,0.0,13.08079535857334,13.01062444917549,336.32348656884807,372.73199851174604,0.0
6.978,9.751801000313824,-0.8187880802328419,10.0,0.0,13.152886323372764,13.037528592817168,348.0472103421371,372.73199851174604,0.0
6.979,10.059484550601145,-0.7725422714327668,10.0,0.0,13.218142319372484,13.040039075309737,362.49546753098616,372.73199851174604,0.0
6.98,10.214918150220884,-0.8930643404392933,10.0,0.0,13.290843649700202,13.034803248697733,377.2978898596984,372.73199851174604,0.0
6.981,10.256138691961315,-1.1232052145286393,3.56247377447632,0.0,13.379861539793712,12.326253329376833,383.9620327424968,372.73199851174604,0.0
6.982,9.829964292037305,-1.2416507922893085,0.11810199076961858,0.0,13.399850253758565,11.430245946453931,385.4030523102073,372.73199851174604,0.0
6.9830000000000005,9.004288768424843,-1.2245591909718117,-0.7291183310702429,0.0,13.325174826112104,10.653650219252604,384.7317981155071,372.73199851174604,0.0
6.984,7.993392758988503,-1.1461414021449143,-0.5134892297577691,0.0,13.171852327752378,10.082379732171418,383.31556535011015,372.73199851174604,0.0
6.985,6.985950796913244,-1.0783725066758352,0.08879148455706698,0.0,12.970064629907174,9.717708287257794,381.54449300602937,372.73199851174604,0.0
6.986,6.105100618933111,-1.0647310506931167,0.8862027116546232,0.0,12.751165686151719,9.537836744845666,380.1760366261339,372.73199851174604,0.0
6.987,5.416998711828182,-1.1210607822638523,1.4959905204584754,0.0,12.542502167563207,9.48004771699839,379.3019048537221,372.73199851174604,0.0
6.988,4.925755708096283,-1.2372920003327936,1.8673573432446293,0.0,12.361148234720698,9.489079423834884,378.66776527116485,372.73199851174604,0.0
6.989,4.599844917494628,-1.3895248069177086,2.1250694669290544,0.0,12.214416162389732,9.53464498900977,378.0031586450226,372.73199851174604,0.0
6.99,4.400630829888904,-1.5512776113445013,2.4046611786674106,0.0,12.103184334230452,9.607813199219056,377.24264105341473,372.73199851174604,0.0
6.9910000000000005,4.297618859641567,-1.7021704141757314,2.739813549054664,0.0,12.025373190175198,9.705951425067848,376.07221571500753,372.73199851174604,0.0
6.992,4.271086477023742,-1.827133687605365,3.2916240462256487,0.0,11.977394015159298,9.845730787296665,374.731333087388,372.73199851174604,0.0
6.993,4.318543398437943,-1.9219364681970013,3.94207201427899,0.0,11.957369366998648,10.027279882133424,373.21614631994294,372.73199851174604,0.0
6.994,4.439221434400441,-1.9865737715993936,4.694823919919557,0.0,11.963664168706092,10.252169817868639,370.92111783180536,372.73199851174604,0.0
6.995,4.634864406973584,-2.02332127742104,5.860446970787752,0.0,11.995214336422666,10.555577310116751,369.25821853658863,372.73199851174604,0.0
6.996,4.930217307055385,-2.0384123120569653,6.726634418147691,0.0,12.055242775344128,10.884891069329353,367.8677686178393,372.73199851174604,0.0
6.997,5.308177420654233,-2.0329720674817535,7.470501676461415,0.0,12.141450409045078,11.221817736958698,366.32701485532385,372.73199851174604,0.0
6.998,5.751950503980514,-2.000301007393353,8.304928394283369,0.0,12.249190531974888,11.572985329542574,364.59033805797384,372.73199851174604,0.0
6.9990000000000006,6.255599583476048,-1.9401247381397324,9.254683397496098,0.0,12.374980722853097,11.944975290424987,362.7491665159995,372.73199851174604,0.0
7.0,6.8198252000141,-1.8567641200799478,10.0,0.0,12.51682298543768,12.307804223526045,360.61791617256745,372.73199851174604,0.0
7.001,7.4299846819357835,-1.7479681563518734,10.0,0.0,12.669629965244425,12.579606036704416,357.3608465617787,372.73199851174604,0.0
7.002,8.033653164803182,-1.595204818944239,10.0,0.0,12.81862042091077,12.779206428249426,352.59581098312754,372.73199851174604,0.0
7.003,8.608898680663472,-1.3952132681088867,10.0,0.0,12.95220043294717,12.916505504290605,346.65483066638956,372.73199851174604,0.0
7.0040000000000004,9.147671555182715,-1.1534058383761385,10.0,0.0,13.0615534496218,12.999920112892799,338.36563050526496,372.73199851174604,0.0
7.005,9.64753695416799,-0.8830112132979306,10.0,0.0,13.140987291027916,13.036331097159048,352.24502692421424,372.73199851174604,0.0
7.006,10.011633692846745,-0.7606880564593772,10.0,0.0,13.205367245718575,13.041992379874468,359.89935509450225,372.73199851174604,0.0
7.007000000000001,10.18542120734085,-0.8683204819984325,10.0,0.0,13.276938131589397,13.038049870579853,372.7428444085278,372.73199851174604,0.0
7.008,10.253847558738908,-1.0704488208614031,5.86860420722886,0.0,13.362115470963214,12.581416140088113,382.94370502082205,372.73199851174604,0.0
7.009,9.984257747855311,-1.2358984325164184,0.6660568359909682,0.0,13.409289877243902,11.678336406385643,386.02335312705367,372.73199851174604,0.0
7.01,9.250804668855178,-1.254614378889256,-1.0066807632779158,0.0,13.361843127510724,10.816290365055472,385.5382016653694,372.73199851174604,0.0
7.011,8.2491613657974,-1.1784572974340133,-0.892167063972015,0.0,13.224372010194049,10.16787436834769,383.84152622284637,372.73199851174604,0.0
7.0120000000000005,7.20289457024783,-1.091696713428572,-0.15492461982150285,0.0,13.02702431151222,9.755577305922394,381.8799758797601,372.73199851174604,0.0
7.013,6.2688078728942145,-1.0548322049235446,0.7343707780414999,0.0,12.804994186360538,9.547512117948274,380.3778636541163,372.73199851174604,0.0
7.014,5.529164197485425,-1.093140838947934,1.408968239439682,0.0,12.58894314975435,9.475383140352996,379.3754536777326,372.73199851174604,0.0
7.015000000000001,4.997175455985935,-1.1975556269716414,1.8437386759716752,0.0,12.39838685939162,9.481063055072022,378.7495636070973,372.73199851174604,0.0
7.016,4.643496750130229,-1.3466247311631654,2.0965080603358164,0.0,12.242807643117889,9.524161047426734,378.14819487241465,372.73199851174604,0.0
7.017,4.425503451933417,-1.511417257911356,2.3430304640704493,0.0,12.123732634607391,9.592423565228867,377.37303352644176,372.73199851174604,0.0
7.018,4.308304797901253,-1.6681975963681668,2.684200786909938,0.0,12.038989290690925,9.687727760836307,376.4980349118908,372.73199851174604,0.0
7.019,4.270275950876142,-1.8029326926362523,3.084039730183978,0.0,11.985503757931767,9.808608969655545,375.13068521653054,372.73199851174604,0.0
7.0200000000000005,4.3001406042357395,-1.903298799179151,3.7437277108162563,0.0,11.95914782008749,9.976955392413945,373.47632083873157,372.73199851174604,0.0
7.021,4.4018335254820995,-1.9724021629389668,4.563466676445886,0.0,11.958859827251631,10.19851841072151,371.53582586615005,372.73199851174604,0.0
7.022,4.581939191351114,-2.0163551414469523,5.545675889192606,0.0,11.984900729528396,10.478947257627448,369.5397974218234,372.73199851174604,0.0
7.023000000000001,4.853731584777562,-2.034053286999775,6.575612122255167,0.0,12.037887692493802,10.80931209696166,368.1035239386588,372.73199851174604,0.0
7.024,5.215780181303504,-2.0340505460930007,7.340033609568338,0.0,12.118435160140821,11.14861872824923,366.6348432128739,372.73199851174604,0.0
7.025,5.648647104597271,-2.009002082438277,8.135345525449512,0.0,12.222103240558942,11.49789466344949,364.96734768403934,372.73199851174604,0.0
7.026,6.142006167206886,-1.9560478527087726,9.046739798143848,0.0,12.34475762582158,11.864969236354975,363.16005911835435,372.73199851174604,0.0
7.027,6.6944613456815825,-1.8781648256791008,10.0,0.0,12.483816439172536,12.247509990967291,361.24983158625037,372.73199851174604,0.0
7.0280000000000005,7.30479354291208,-1.7793065339737857,10.0,0.0,12.637127864832333,12.534557959524307,358.3039022933766,372.73199851174604,0.0
7.029,7.913596129353013,-1.6371900014563407,10.0,0.0,12.789168709121991,12.747367311255395,353.862273218424,372.73199851174604,0.0
7.03,8.495743188204987,-1.446834341531234,10.0,0.0,12.927768446889203,12.896151661633034,348.16940700999356,372.73199851174604,0.0
7.031000000000001,9.042068809515802,-1.211695452441682,10.0,0.0,13.043424924716861,12.989643202993966,340.31747468140355,372.73199851174604,0.0
7.032,9.548350564543655,-0.9463434509270625,10.0,0.0,13.13002757762213,13.03512350116161,351.21896727310974,372.73199851174604,0.0
7.033,9.984393711777114,-0.7171414650722125,10.0,0.0,13.189959296624748,13.041814106157615,360.70237493930495,372.73199851174604,0.0
7.034,10.16132056104502,-0.8330248114387393,10.0,0.0,13.259606092185575,13.038727300607148,370.66322248830704,372.73199851174604,0.0
7.035,10.245237254425657,-1.0257108197165818,6.913880509060056,0.0,13.342016155082172,12.695979143385225,380.59945919947006,372.73199851174604,0.0
7.0360000000000005,10.057210273804873,-1.2033445005371801,1.8670875466013062,0.0,13.3995232407744,11.892982912016183,385.32866875223556,372.73199851174604,0.0
7.037,9.43108512632066,-1.257563691568051,-0.6234839321863372,0.0,13.375167768965687,11.019535575728266,385.8509887367284,372.73199851174604,0.0
7.038,8.489186727472582,-1.2049075932547546,-1.015833826682595,0.0,13.25956874798429,10.310092224680012,384.46594063287444,372.73199851174604,0.0
7.039000000000001,7.444922406783087,-1.1182695073941482,-0.4406491959668841,0.0,13.075581665534672,9.832677206249496,382.47941061230705,372.73199851174604,0.0
7.04,6.473275188627232,-1.0657224219568615,0.4551416933111989,0.0,12.857337990947471,9.573828683720748,380.72836438197277,372.73199851174604,0.0
7.041,5.679214401590945,-1.0829542565883576,1.2507011497760736,0.0,12.637454804229943,9.475224491696945,379.550281138214,372.73199851174604,0.0
7.042,5.096343286459486,-1.1704751017113382,1.7715599453907682,0.0,12.439154491599007,9.470006487950833,378.8526480868193,372.73199851174604,0.0
7.043,4.703641332532941,-1.3102622178323111,2.059169975337409,0.0,12.274663784178632,9.509277272434831,378.2665086480141,372.73199851174604,0.0
7.0440000000000005,4.458565901142243,-1.4733193127390272,2.29689459337731,0.0,12.14708763522722,9.57447679332702,377.5419696814321,372.73199851174604,0.0
7.045,4.32251226879451,-1.633642665934242,2.6110643649714644,0.0,12.054794051162578,9.665095321174157,376.7946857297158,372.73199851174604,0.0
7.046,4.269675684143035,-1.7751266425469212,2.9440794686499014,0.0,11.994751682184553,9.775364089506985,375.41639321015253,372.73199851174604,0.0
7.047,4.283878225299064,-1.8823525103535403,3.6063817814474737,0.0,11.962120432630217,9.936034202105999,373.7803615348735,372.73199851174604,0.0
7.048,4.370814990687487,-1.9584287792098622,4.413913988855706,0.0,11.956115450187344,10.150158679395442,372.1210408448937,372.73199851174604,0.0
7.049,4.536586329377198,-2.008955661285345,5.249683910514148,0.0,11.97692060805744,10.408764100418011,369.8601091358414,372.73199851174604,0.0
7.05,4.785406531024009,-2.030392992788855,6.408868658799331,0.0,12.023358629887419,10.737029609425873,368.39603985004504,372.73199851174604,0.0
7.051,5.130396412854966,-2.035407590336016,7.1842628883145245,0.0,12.098316632850336,11.075353202494826,366.97122758233104,372.73199851174604,0.0
7.0520000000000005,5.549882788174625,-2.016767429503269,7.954276731465676,0.0,12.197510631156785,11.421594214537798,365.34470483536916,372.73199851174604,0.0
7.053,6.030849600914821,-1.9700036520533717,8.841411041710387,0.0,12.316451716925723,11.784303675254296,363.5584587093448,372.73199851174604,0.0
7.054,6.570603241028782,-1.8972129240839763,9.826269502746582,0.0,12.452230297887287,12.167536153802441,361.6999481521564,372.73199851174604,0.0
7.055,7.170524819441172,-1.8034835777575482,10.0,0.0,12.603171947791289,12.474691175455224,358.99706646850683,372.73199851174604,0.0
7.056,7.780674932859058,-1.6705896886007967,10.0,0.0,12.756053900526194,12.703370258268741,354.88919736438424,372.73199851174604,0.0
7.057,8.369052638736234,-1.4902938899974325,10.0,0.0,12.898011967314158,12.865849581562093,349.38719674327643,372.73199851174604,0.0
7.058,8.923356167595298,-1.2642762150808995,10.0,0.0,13.018963173497877,12.97118716808918,342.0422456702246,372.73199851174604,0.0
7.059,9.43824989471942,-1.0051606195499896,10.0,0.0,13.1121104789567,13.026990841886866,337.905416213397,372.73199851174604,0.0
7.0600000000000005,9.915423211611943,-0.724732521902806,10.0,0.0,13.173267486463521,13.039188751263731,357.2455925618227,372.73199851174604,0.0
7.061,10.138390078214377,-0.7835558421921998,10.0,0.0,13.238803430365655,13.036527948296243,369.7618484448205,372.73199851174604,0.0
7.062,10.235765986163297,-0.9711017578382294,7.354122903996139,0.0,13.317561517098998,12.741158658246947,378.6797514840857,372.73199851174604,0.0
7.063,10.088483705149658,-1.154052156108561,2.8356938546401214,0.0,13.377155950807351,12.029808491397773,383.7589692687087,372.73199851174604,0.0
7.064,9.543897046412019,-1.2315365691762745,0.18581525475900307,0.0,13.3663497059147,11.20768213876199,385.3022502679718,372.73199851174604,0.0
7.065,8.682545720207488,-1.2087923498493809,-0.7115277624347849,0.0,13.271134741991098,10.483781630303145,384.63801173208896,372.73199851174604,0.0
7.066,7.679596961041417,-1.1401647577062068,-0.4984686266968055,0.0,13.10572963067149,9.956870461647158,383.0099593969374,372.73199851174604,0.0
7.067,6.704312704637749,-1.087598696687632,0.21277793202705553,0.0,12.899077922827635,9.639468209439796,381.19597339450775,372.73199851174604,0.0
7.0680000000000005,5.872811386231657,-1.0909436916221944,1.0351311844142677,0.0,12.682244770600413,9.498199706304773,379.8889097095801,372.73199851174604,0.0
7.069,5.239382864630285,-1.1620531026928005,1.6170939148997476,0.0,12.480756668550837,9.466529230282156,379.05080986478936,372.73199851174604,0.0
7.07,4.798295211636825,-1.287776347087967,1.972955723764688,0.0,12.309368791876718,9.493387519940395,378.40609106641637,372.73199851174604,0.0
7.071,4.514585244324751,-1.4430646412156247,2.238574197404481,0.0,12.173630011745923,9.552877826851516,377.69991657060535,372.73199851174604,0.0
7.072,4.350277137882825,-1.6020067300474348,2.541982264721394,0.0,12.073344887149545,9.638800719762404,376.83680231462506,372.73199851174604,0.0
7.073,4.276775628705243,-1.7462421897327747,2.9324913546827496,0.0,12.005957043980963,9.752466815090258,375.7070526683702,372.73199851174604,0.0
7.074,4.278176052901091,-1.862882906897613,3.4676156362439485,0.0,11.968062718953302,9.90209703488727,374.2247298801594,372.73199851174604,0.0
7.075,4.350095882447618,-1.9469306104825,4.193849716665219,0.0,11.956999688630797,10.099612129224377,372.6334896636825,372.73199851174604,0.0
7.0760000000000005,4.49665831163952,-2.0016571060650725,4.990454913384293,0.0,11.971973908252489,10.341230973014767,370.198875140102,372.73199851174604,0.0
7.077,4.721543686716924,-2.0272151836855405,6.233093408890972,0.0,12.011876713873477,10.665637769960242,368.73767452564357,372.73199851174604,0.0
7.078,5.048088311184642,-2.0367609742445523,7.0036369559812215,0.0,12.081024374812193,11.000256518057444,367.3481210890044,372.73199851174604,0.0
7.079,5.4518166877996315,-2.023648719963743,7.752252448528226,0.0,12.17518133859029,11.3418257509651,365.7453476800907,372.73199851174604,0.0
7.08,5.918007971851807,-1.9822771303669682,8.623505661301639,0.0,12.289659776968499,11.699761697959813,363.96649114204416,372.73199851174604,0.0
7.081,6.443364891891315,-1.9142020600410756,9.600589004021913,0.0,12.421409424368479,12.078991181300552,362.11002614967714,372.73199851174604,0.0
7.082,7.0293669152225196,-1.8244382151007246,10.0,0.0,12.568713783122359,12.408430403811563,359.6344122016986,372.73199851174604,0.0
7.083,7.639865125733846,-1.7009432306139454,10.0,0.0,12.721544818407803,12.65436724706414,355.8679137474198,372.73199851174604,0.0
7.0840000000000005,8.234661953102485,-1.5314752196918073,10.0,0.0,12.8662799031334,12.831670840614576,350.6241948990173,372.73199851174604,0.0
7.085,8.797594851301495,-1.3157672987341598,10.0,0.0,12.992238647545356,12.949742932754319,343.8503137748014,372.73199851174604,0.0
7.086,9.322062783400535,-1.0638648614222186,10.0,0.0,13.091856537835353,13.016541546572377,335.22777962426824,372.73199851174604,0.0
7.087,9.81118840217189,-0.7830498353747362,10.0,0.0,13.159821871986058,13.03806294929377,349.32068534830563,372.73199851174604,0.0
7.088,10.092800922635181,-0.7680286533107843,10.0,0.0,13.224298633227267,13.038142624094853,365.7473103890873,372.73199851174604,0.0
7.089,10.225859220541247,-0.9148700801275798,9.381568764064266,0.0,13.298638454594949,12.964814284021976,378.7092226803071,372.73199851174604,0.0
7.09,10.215488137323737,-1.143438337284734,2.8408403767687602,0.0,13.381885553837694,12.195428351982994,383.83330102858605,372.73199851174604,0.0
7.091,9.72640186459027,-1.2382635320340212,0.16778817746088848,0.0,13.388014438803125,11.336373044189783,385.15084600546874,372.73199851174604,0.0
7.0920000000000005,8.881164657134319,-1.2147969331880135,-0.6151727859176823,0.0,13.30409532667213,10.592526201786693,384.5809633404389,372.73199851174604,0.0
7.093,7.8762502461627815,-1.1411949426852288,-0.44872110168970636,0.0,13.146321888547082,10.04289964044198,383.1921988537085,372.73199851174604,0.0
7.094,6.885474723049765,-1.081546958215213,0.1410591382558959,0.0,12.943537879713391,9.69460586440369,381.4401735327985,372.73199851174604,0.0
7.095,6.025140561318281,-1.075865633540027,0.9299900485003603,0.0,12.726174428289672,9.526476665372629,380.11219107754306,372.73199851174604,0.0
7.096,5.35728110813028,-1.1379648407196752,1.5201793504701087,0.0,12.520622128141735,9.475316753449896,379.24143529709545,372.73199851174604,0.0
7.097,4.8828036757804565,-1.2571165654395693,1.890462872840419,0.0,12.342994764463704,9.489060820172275,378.587049429813,372.73199851174604,0.0
7.098,4.570220519463108,-1.4096403247083136,2.1591052973009646,0.0,12.200090640098079,9.53915494819298,377.89588033268643,372.73199851174604,0.0
7.099,4.382020432238888,-1.5697798411281112,2.4530510276548547,0.0,12.09257645018458,9.617173035100869,377.0667376764726,372.73199851174604,0.0
7.1000000000000005,4.288785078931562,-1.7179219414253954,2.8242749641145055,0.0,12.018309723821723,9.722906958025204,375.9080966534767,372.73199851174604,0.0
7.101,4.2729142707868535,-1.8400798779536678,3.371834494195139,0.0,11.973999014402718,9.867973560327938,374.5396681930362,372.73199851174604,0.0
7.102,4.330219462006484,-1.9320193990167496,4.0379720276024855,0.0,11.957517804107548,10.055439685716893,373.05837561852906,372.73199851174604,0.0
7.103,4.460975016874594,-1.9936268268652495,4.7753545437882385,0.0,11.96728874923349,10.283151719860497,370.6416196238466,372.73199851174604,0.0
7.104,4.66585498054417,-2.025752759666112,6.004636330008449,0.0,12.00177158159081,10.59568757596973,369.09337135436925,372.73199851174604,0.0
7.105,4.972400744040767,-2.0387990045155227,6.8151467363209015,0.0,12.06517354392875,10.925610222188013,367.7074162828306,372.73199851174604,0.0
7.106,5.358845141238902,-2.0302191831019734,7.558370094379386,0.0,12.154153331850736,11.263086839284739,366.1318301243123,372.73199851174604,0.0
7.107,5.809568666314906,-1.9938411017617526,8.412164857512884,0.0,12.264067011956914,11.616483820041715,364.3689256006771,372.73199851174604,0.0
7.1080000000000005,6.320214985358735,-1.9303961912982088,9.377247848441172,0.0,12.39171386279058,11.991489792260325,362.51802010065245,372.73199851174604,0.0
7.109,6.891999125929422,-1.8445921948241666,10.0,0.0,12.535292635255228,12.342821966830279,360.264398964804,372.73199851174604,0.0
7.11,7.502421972368356,-1.7305663135138643,10.0,0.0,12.687961940951013,12.605722607971547,356.8290148354848,372.73199851174604,0.0
7.111,8.103233627903299,-1.5719656713631731,10.0,0.0,12.835348568367877,12.797615061923818,351.8872338408443,372.73199851174604,0.0
7.112,8.674444722516053,-1.3665479193501184,10.0,0.0,12.966175832138354,12.928231829370496,345.6979245475359,372.73199851174604,0.0
7.113,9.208439886205534,-1.121366726863779,10.0,0.0,13.072066292623084,13.005842289389829,337.22742340835543,372.73199851174604,0.0
7.114,9.704797392464943,-0.8474022598993836,10.0,0.0,13.14744447362005,13.037021375404064,349.0022628130369,372.73199851174604,0.0
7.115,10.034179691319897,-0.7737902623217066,10.0,0.0,13.21304507005485,13.041351893105123,360.3317524751994,372.73199851174604,0.0
7.1160000000000005,10.20298195672372,-0.8804902895055084,10.0,0.0,13.284991781582264,13.036534992473687,374.8760410514554,372.73199851174604,0.0
7.117,10.258236202338084,-1.0947294116552229,4.78948497531721,0.0,13.371761435058422,12.461847855979485,383.9566528024791,372.73199851174604,0.0
7.118,9.911775607853972,-1.2426971341587807,0.13693255689803152,0.0,13.406519467791444,11.532293990552432,385.85848790318073,372.73199851174604,0.0
7.119,9.117072521445927,-1.2390351165254807,-0.9452498873671384,0.0,13.342963811543761,10.710609503816455,385.02665477247103,372.73199851174604,0.0
7.12,8.100313033995901,-1.1575732864714818,-0.6522798846195395,0.0,13.194671091117637,10.111682937629617,383.4406677675926,372.73199851174604,0.0
7.121,7.073444464770396,-1.0798087397156073,0.03362692526122579,0.0,12.993575504272838,9.733127752818568,381.6242040027712,372.73199851174604,0.0
7.122,6.1716169357397455,-1.05714013750038,0.8529367527616625,0.0,12.773018056855289,9.544515883231496,380.2177941521681,372.73199851174604,0.0
7.123,5.464704052419931,-1.1071851087371782,1.4812837216589907,0.0,12.561386800079001,9.482376666039956,379.3418207163618,372.73199851174604,0.0
7.1240000000000006,4.958883602171772,-1.2203096635690436,1.8531722175159917,0.0,12.37664799858032,9.488483630439331,378.7262897047529,372.73199851174604,0.0
7.125,4.622088816619094,-1.3720913776370454,2.100994811390363,0.0,12.226558516670606,9.531036840524827,378.08541458269025,372.73199851174604,0.0
7.126,4.414335590442036,-1.5352170268309162,2.367898211712247,0.0,12.112159308231055,9.600691836531416,377.2786738133682,372.73199851174604,0.0
7.127,4.304113079089962,-1.688247008981183,2.725801843357056,0.0,12.03136756178071,9.698688721558058,376.3087551256607,372.73199851174604,0.0
7.128,4.272205185778001,-1.817823091608022,3.174993621071655,0.0,11.98117774774552,9.827046445819954,375.19234396032425,372.73199851174604,0.0
7.1290000000000004,4.309854127198874,-1.9146440260259647,3.708595749254095,0.0,11.958197229499735,9.987293270085647,373.215827589457,372.73199851174604,0.0
7.13,4.413317353336443,-1.975722853922645,4.692015643910622,0.0,11.959289907229559,10.221053061769666,371.0702842775308,372.73199851174604,0.0
7.131,4.601922997136482,-2.015507579794891,5.7814044422158695,0.0,11.98741482792178,10.521832722368643,369.3147932568498,372.73199851174604,0.0
7.132000000000001,4.890879294159686,-2.0340938353108293,6.693322005105335,0.0,12.044451863452707,10.854864816677186,367.9588710586612,372.73199851174604,0.0
7.133,5.26612011534705,-2.0336968119275016,7.419014378730473,0.0,12.128858869734074,11.192617463217456,366.4764462575289,372.73199851174604,0.0
7.134,5.70765563792874,-2.006050726301224,8.222782301838802,0.0,12.235563340856274,11.541376594265392,364.77482010372296,372.73199851174604,0.0
7.135,6.207449764661871,-1.9496146917434287,9.153167162821997,0.0,12.360541775025949,11.909672916082993,362.94285012586886,372.73199851174604,0.0
7.136,6.765956582815752,-1.868496780676841,10.0,0.0,12.50149338808867,12.281047403885953,360.90899552411395,372.73199851174604,0.0
7.1370000000000005,7.3756335196102345,-1.7638036643947688,10.0,0.0,12.654782224945052,12.559431880977261,357.7926810238697,372.73199851174604,0.0
7.138,7.98100143287412,-1.6154215861319612,10.0,0.0,12.805305528378847,12.76481309295399,353.1725428197062,372.73199851174604,0.0
7.139,8.55878975441081,-1.4193973987230843,10.0,0.0,12.941235782834575,12.907205477840026,347.36820254344616,372.73199851174604,0.0
7.140000000000001,9.100600381477905,-1.1801282140077984,10.0,0.0,13.053452881888745,12.995130363921016,339.2661208217872,372.73199851174604,0.0
7.141,9.602898313676954,-0.911962710408744,10.0,0.0,13.13613524609686,13.035649805028104,353.6419516325517,372.73199851174604,0.0
7.142,9.998736774763614,-0.7422383790455113,10.0,0.0,13.1986132965809,13.041866287047752,360.10188227686524,372.73199851174604,0.0
7.143,10.17273649379551,-0.8555791620296166,10.0,0.0,13.269629919660385,13.038527341431195,371.4216962837752,372.73199851174604,0.0
7.144,10.250381670523394,-1.0497567945520958,6.535389955536443,0.0,13.3534371176179,12.654715875543507,382.0578442882412,372.73199851174604,0.0
7.1450000000000005,10.029264288943459,-1.2258970959165925,1.1240574955384872,0.0,13.407916106015767,11.782165169626264,385.9082548268387,372.73199851174604,0.0
7.146,9.343110695890497,-1.2607978792805192,-0.9329103369111831,0.0,13.371769808138506,10.903430017591083,385.7855524810758,372.73199851174604,0.0
7.147,8.361339893673474,-1.1919179099536108,-1.0020947037230359,0.0,13.243438820385855,10.223046401260227,384.14328148741737,372.73199851174604,0.0
7.148000000000001,7.308887590721193,-1.1019511569116476,-0.2950720366505344,0.0,13.050695026634035,9.782284430135862,382.11237306067176,372.73199851174604,0.0
7.149,6.3539323190461605,-1.0561933555704341,0.626578431233014,0.0,12.829015724527851,9.55515615839995,380.49396094483393,372.73199851174604,0.0
7.15,5.589525965778684,-1.0849939969339497,1.358164864821049,0.0,12.610417174022087,9.474365932785531,379.4291278624462,372.73199851174604,0.0
7.151,5.036456093807878,-1.1827999049085105,1.8236101125079154,0.0,12.416070099469032,9.476871609975767,378.7896747705753,372.73199851174604,0.0
7.152,4.667469430946408,-1.328929878016372,2.0827598958550757,0.0,12.256504538052422,9.51860186987805,378.2059196183909,372.73199851174604,0.0
7.1530000000000005,4.439011501763167,-1.4938999401849076,2.3198982608808167,0.0,12.13375396587516,9.585136775549344,377.4552613332284,372.73199851174604,0.0
7.154,4.3142771225528005,-1.6528097360103797,2.647994775247244,0.0,12.04576231840187,9.677898568787139,376.65818286278,372.73199851174604,0.0
7.155,4.269908238777668,-1.7908801856885033,3.00727216696111,0.0,11.989444666506028,9.792457799321843,375.38321332798444,372.73199851174604,0.0
7.156000000000001,4.2920000056627226,-1.8942466245974647,3.618244786196506,0.0,11.960204306636449,9.950669772617147,373.5606114607724,372.73199851174604,0.0
7.157,4.38336842178359,-1.9641205216801405,4.5212595903122565,0.0,11.95636164437336,10.173528806751891,371.75004289523264,372.73199851174604,0.0
7.158,4.5571510338604355,-2.010989810969419,5.436363429247275,0.0,11.979646034601044,10.447146542321303,369.65227544460964,372.73199851174604,0.0
7.159,4.820350829496021,-2.0313138340562107,6.516044385230137,0.0,12.02973070900956,10.77813065872616,368.22422414586396,372.73199851174604,0.0
7.16,5.1766611312077995,-2.0347345580281537,7.2751477782618,0.0,12.108078367023754,11.117167259373097,366.7873101903449,372.73199851174604,0.0
7.1610000000000005,5.604818614992214,-2.0133626346030424,8.053051639235342,0.0,12.210109800484744,11.464579136334368,365.1419314464771,372.73199851174604,0.0
7.162,6.093122244205299,-1.9635139246361049,8.951641681821936,0.0,12.331409639433645,11.829087010644804,363.34320597423874,372.73199851174604,0.0
7.163,6.6398055693375255,-1.8878939970271347,9.944892343316184,0.0,12.469210576981382,12.214293624285173,361.47770436880046,372.73199851174604,0.0
7.164000000000001,7.246596321066116,-1.791843289640651,10.0,0.0,12.621942703601963,12.509608856497733,358.64982535203234,372.73199851174604,0.0
7.165,7.856224145894602,-1.6539017775540832,10.0,0.0,12.774720081526086,12.729123548370413,354.35796521130624,372.73199851174604,0.0
7.166,8.441000701093575,-1.4678649110086668,10.0,0.0,12.915086550645931,12.883735366024633,348.7449922427896,372.73199851174604,0.0
7.167,8.990599431473477,-1.2364495625719312,10.0,0.0,13.033282234956628,12.98231455403562,341.1147009562423,372.73199851174604,0.0
7.168,9.500355800417866,-0.9735616627422776,10.0,0.0,13.122912754140458,13.032278178396487,344.29774298860974,372.73199851174604,0.0
7.1690000000000005,9.96379753082337,-0.7054837295201715,10.0,0.0,13.181716890185855,13.04032746558449,360.3000025727707,372.73199851174604,0.0
7.17,10.153416249821074,-0.8075336416346737,10.0,0.0,13.249351811010332,13.037228595872547,370.57141426617136,372.73199851174604,0.0
7.171,10.240762274640398,-1.0020314141893776,6.95215523321188,0.0,13.330287608641038,12.698228305327397,379.49515449216426,372.73199851174604,0.0
7.172,10.06188688459703,-1.1770477362890719,2.4226535604112476,0.0,13.386536615159574,11.95400464041261,384.45548812467035,372.73199851174604,0.0
7.173,9.476414180728671,-1.2428589038272633,-0.1747481519710421,0.0,13.368227419742984,11.112022314532195,385.5779497208507,372.73199851174604,0.0
7.174,8.577747823968513,-1.2070453940375772,-0.8644384621522683,0.0,13.262953313527767,10.395513956906985,384.5802765706041,372.73199851174604,0.0
7.175,7.556109865304978,-1.130708939024557,-0.48408466761754276,0.0,13.088516907218015,9.892258356808792,382.7748385609887,372.73199851174604,0.0
7.176,6.583372227794766,-1.0784237186431445,0.3182059366977237,0.0,12.876210571837591,9.603117865158266,380.97255503951925,372.73199851174604,0.0
7.1770000000000005,5.770236628940422,-1.0888669952173862,1.1369421321547222,0.0,12.65789243345714,9.483416404090741,379.69996234006265,372.73199851174604,0.0
7.178,5.162257430450489,-1.1676593890317726,1.703558843599854,0.0,12.457998693361823,9.46674010744167,378.93053725850945,372.73199851174604,0.0
7.179,4.74641864813761,-1.3003692404150895,2.0262859969088245,0.0,12.29023685732515,9.501238360267026,378.32125954662956,372.73199851174604,0.0
7.18,4.483474913301453,-1.4597036174666462,2.2750322424999307,0.0,12.15890071313652,9.564410842696958,377.6092935011166,372.73199851174604,0.0
7.181,4.334667501856693,-1.6194389966834648,2.5822423153627003,0.0,12.062992979553078,9.653177485934592,376.7401834364811,372.73199851174604,0.0
7.182,4.272764721936933,-1.7620455155723629,2.976715498433096,0.0,11.999642046937355,9.769117872575956,375.5148879914349,372.73199851174604,0.0
7.183,4.2834084260423575,-1.8747594321527594,3.561534326159329,0.0,11.965192711882295,9.925724631260003,374.0398930501142,372.73199851174604,0.0
7.184,4.365244256638442,-1.955651573587077,4.285952851435991,0.0,11.957619982593117,10.128168125748795,372.4407936814601,372.73199851174604,0.0
7.1850000000000005,4.521171050354292,-2.007444231686616,5.088414584065898,0.0,11.975937146658339,10.374303014193524,370.01999061377035,372.73199851174604,0.0
7.186,4.755763576190914,-2.029035766303319,6.325936196890528,0.0,12.018893225388355,10.70151298037985,368.53297159068813,372.73199851174604,0.0
7.187,5.0906794467179575,-2.035065607812703,7.111435977642214,0.0,12.090722060083872,11.039832497075368,367.12581635181886,372.73199851174604,0.0
7.188,5.502864749601168,-2.0187713083315026,7.871075418676124,0.0,12.18734729162136,11.385217061665225,365.5192520872312,372.73199851174604,0.0
7.189,5.977757657296271,-1.9747545296422795,8.74648501521509,0.0,12.304169553803078,11.746307987341158,363.74380865544805,372.73199851174604,0.0
7.19,6.511720200809083,-1.9044831348261806,9.724088629669655,0.0,12.438128996691347,12.127767397582822,361.88938476897164,372.73199851174604,0.0
7.191,7.105854705005227,-1.812822496371436,10.0,0.0,12.587458480033087,12.445035855654497,359.2908666681145,372.73199851174604,0.0
7.192,7.716528412338543,-1.6843504362084167,10.0,0.0,12.740366540614438,12.681518539785165,355.3383428656592,372.73199851174604,0.0
7.1930000000000005,8.308049492063658,-1.509048153092031,10.0,0.0,12.883633533009554,12.850683179864477,349.94570912284445,372.73199851174604,0.0
7.194,8.866400968049204,-1.2877351928178857,10.0,0.0,13.006898887374089,12.961754603614205,342.85165981714187,372.73199851174604,0.0
7.195,9.385689246727054,-1.0319126444598932,10.0,0.0,13.103017497960511,13.022507224530713,334.9699512405228,372.73199851174604,0.0
7.196,9.870826834783328,-0.7471034866419375,10.0,0.0,13.166828727703543,13.038624192514796,353.94826877689934,372.73199851174604,0.0
7.197,10.123065048089302,-0.7678074891899254,10.0,0.0,13.230996063129142,13.036615759091678,368.8615727903848,372.73199851174604,0.0
7.198,10.23159159649137,-0.944958888921497,7.804206495205025,0.0,13.30782543561486,12.790272078834821,378.1734553903236,372.73199851174604,0.0
7.199,10.117475414524305,-1.1375667753589704,3.0938506264498358,0.0,13.371752856337128,12.093702538837494,383.29082631928816,372.73199851174604,0.0
7.2,9.604156327114712,-1.2238204235426071,0.4295768838921479,0.0,13.367192403423259,11.282540079713717,385.0782503916475,372.73199851174604,0.0
7.2010000000000005,8.76922551970312,-1.209474478411555,-0.5875976710865309,0.0,13.279531159442149,10.55350055553004,384.65136668413174,372.73199851174604,0.0
7.202,7.779540508057364,-1.1458264826291629,-0.4933494990525169,0.0,13.120874267356028,10.009653947047058,383.19678111159135,372.73199851174604,0.0
7.203,6.802404700571058,-1.0927210583852816,0.12929546121922808,0.0,12.918493286921223,9.669462862820355,381.3831772153075,372.73199851174604,0.0
7.204,5.9558269327565405,-1.0911596623275446,0.9495856223255323,0.0,12.702690596783313,9.510410453476547,380.0233300034387,372.73199851174604,0.0
7.205,5.302066888080892,-1.155785947704857,1.5565959133430258,0.0,12.4996874400769,9.467699073690369,379.1386557276032,372.73199851174604,0.0
7.206,4.841312286483297,-1.276200036697679,1.934866479102201,0.0,12.325312747997934,9.488643581264478,378.4765676292933,372.73199851174604,0.0
7.207,4.541445467692842,-1.4286765771562957,2.208464837081669,0.0,12.18603825444481,9.544747086644406,377.7801481546533,372.73199851174604,0.0
7.208,4.364692550957535,-1.5874632215571989,2.506193077972587,0.0,12.082243326264496,9.627771067702216,376.9253108042759,372.73199851174604,0.0
7.2090000000000005,4.28166910378756,-1.7330402682079022,2.891678630235992,0.0,12.011555897695567,9.73890433619762,375.8605250983169,372.73199851174604,0.0
7.21,4.275119868370401,-1.8527698322710153,3.392786217349796,0.0,11.970765020413502,9.883012695470667,374.3608153085855,372.73199851174604,0.0
7.211,4.3387699474532075,-1.9394281508975908,4.126352944247108,0.0,11.956799186195246,10.077245394122482,372.8009260257462,372.73199851174604,0.0
7.212,4.4778078460690525,-1.9970797444750519,4.905608310526739,0.0,11.969128297371249,10.314382994452163,370.3714446178233,372.73199851174604,0.0
7.213,4.6944174221333945,-2.0260139986690446,6.1439545534274345,0.0,12.006544509488185,10.635028604541844,368.909577084627,372.73199851174604,0.0
7.214,5.013156123047284,-2.038060680247337,6.913112534296752,0.0,12.073319453834067,10.966680028960978,367.52970953575937,372.73199851174604,0.0
7.215,5.409364749190868,-2.027386493956127,7.655069198490443,0.0,12.165287418879458,11.305371896758746,365.93288184826844,372.73199851174604,0.0
7.216,5.868159288708164,-1.9882212865597941,8.521474208870684,0.0,12.2777263432494,11.660771045695697,364.15412470173374,372.73199851174604,0.0
7.2170000000000005,6.386301194243312,-1.9220567711292995,9.496631520238157,0.0,12.407574845452658,12.038069762108874,362.2969146863866,372.73199851174604,0.0
7.218,6.965459017555349,-1.833952400711198,10.0,0.0,12.553138533485217,12.377716475252216,359.9238049262797,372.73199851174604,0.0
7.219,7.575788916399993,-1.7147245628642176,10.0,0.0,12.705876505569869,12.631576490447072,356.31194884048267,372.73199851174604,0.0
7.22,8.17331761793376,-1.5502268523798677,10.0,0.0,12.851824212190731,12.815699443150637,351.2043280908881,372.73199851174604,0.0
7.221,8.740080177926991,-1.3392685514200906,10.0,0.0,12.980029007419134,12.939636276662013,344.70949163916185,372.73199851174604,0.0
7.222,9.268945994622694,-1.0905608875789168,10.0,0.0,13.082558746462903,13.011492292108498,336.1368522933821,372.73199851174604,0.0
7.223,9.76153444446912,-0.812836471240336,10.0,0.0,13.153958503988108,13.037519608598563,347.968815418671,372.73199851174604,0.0
7.224,10.064818945409382,-0.7718965572810002,10.0,0.0,13.219094871037663,13.039648758587175,362.9696502222036,372.73199851174604,0.0
7.2250000000000005,10.217089120091181,-0.8959171730692956,10.0,0.0,13.291982183257424,13.034361756076287,377.6077016870948,372.73199851174604,0.0
7.226,10.255739777789966,-1.128809075467351,3.4061442320948565,0.0,13.381429967110025,12.30883917996885,384.0657565043772,372.73199851174604,0.0
7.227,9.818880168725617,-1.2438415842755988,0.06377924352734432,0.0,13.399705371911551,11.411533112368105,385.4088759605327,372.73199851174604,0.0
7.228,8.98569116213521,-1.2239025669007182,-0.7345492590382898,0.0,13.323079012473528,10.638674901245352,384.7000705148819,372.73199851174604,0.0
7.229,7.972156547205831,-1.1445223363974228,-0.4998272562442221,0.0,13.168297032685421,10.0723994982004,383.2745287638211,372.73199851174604,0.0
7.23,6.965984800978177,-1.077323906648584,0.10751831676542256,0.0,12.96576768560429,9.712277776419999,381.49145612423246,372.73199851174604,0.0
7.231,6.0885799907735585,-1.0652099154521317,0.9114600604348713,0.0,12.746818546319107,9.536728239843299,380.15743419075864,372.73199851174604,0.0
7.232,5.4053323104344075,-1.1231569458856652,1.5042166703816555,0.0,12.538704680564425,9.480385749388464,379.2987716994032,372.73199851174604,0.0
7.2330000000000005,4.918045701553565,-1.2404577388626936,1.8678801841828152,0.0,12.358091569262871,9.489710591995804,378.6637325016337,372.73199851174604,0.0
7.234,4.5948471268538755,-1.3929959340378655,2.1260824431686673,0.0,12.212078446891702,9.535486229690846,377.9912434718057,372.73199851174604,0.0
7.235,4.397493542938751,-1.5544846820577658,2.409734508482071,0.0,12.101482580857592,9.609179604457548,377.1583821082792,372.73199851174604,0.0
7.236,4.296191502439423,-1.704459359208658,2.7819013542799835,0.0,12.024197965909961,9.71171557614458,376.05872806739825,372.73199851174604,0.0
7.237,4.272829159013298,-1.8300454273290254,3.2984610791639506,0.0,11.97721013034753,9.850926227819285,374.80516133093425,372.73199851174604,0.0
7.238,4.32196284972031,-1.9247229616234816,3.904512819204066,0.0,11.958000811599998,10.027378795513817,373.1727571272609,372.73199851174604,0.0
7.239,4.441336499555861,-1.9869797722073141,4.716307334885583,0.0,11.964259155317947,10.254862289313866,370.851028147308,372.73199851174604,0.0
7.24,4.637694813344148,-2.0224924867135483,5.895981528506424,0.0,11.995923844533959,10.56146380622883,369.2077902809527,372.73199851174604,0.0
7.2410000000000005,4.935354970159117,-2.0374373373359376,6.752842543992018,0.0,12.056371022943262,10.892250576029333,367.829996125377,372.73199851174604,0.0
7.242,5.3157839532066955,-2.0320332213027594,7.490759645643537,0.0,12.143108259221815,11.229735071150452,366.29331463615074,372.73199851174604,0.0
7.243,5.761657780860849,-1.999255590903064,8.323487229012631,0.0,12.251368723200986,11.581123872329913,364.55652339280994,372.73199851174604,0.0
7.244,6.266995531827449,-1.9388139161048867,9.273637601872394,0.0,12.377621212976385,11.953260690640448,362.7136098948527,372.73199851174604,0.0
7.245,6.832613084515186,-1.8551045311250527,10.0,0.0,12.519858520005501,12.314042882876922,360.5614226832267,372.73199851174604,0.0
7.246,7.442816281957779,-1.7454069663609628,10.0,0.0,12.672720677281095,12.584240786419574,357.2741184202522,372.73199851174604,0.0
7.247,8.045928741073393,-1.5915935248404338,10.0,0.0,12.82149390626378,12.782464776807233,352.4786324512688,372.73199851174604,0.0
7.248,8.620389036803267,-1.3906057934402645,10.0,0.0,12.954641695348155,12.91858418311526,346.50150657734747,372.73199851174604,0.0
7.2490000000000006,9.158256134053664,-1.1481387993121497,10.0,0.0,13.063425154114798,13.00098564996068,338.1759645736714,372.73199851174604,0.0
7.25,9.657421294699743,-0.8770993396560276,10.0,0.0,13.14218074306843,13.036495819299656,352.21752194673417,372.73199851174604,0.0
7.251,10.014806286853153,-0.7643191782689769,10.0,0.0,13.206916366904574,13.042009833069683,359.8481044743476,372.73199851174604,0.0
7.252,10.187846493780512,-0.8716308038156715,10.0,0.0,13.278661910158126,13.037985435005847,373.02716840567007,372.73199851174604,0.0
7.253,10.254656642139256,-1.0747427263605998,5.725205960096848,0.0,13.364099654504404,12.565691972434214,383.1406882289161,372.73199851174604,0.0
7.2540000000000004,9.974514319722662,-1.238026294575957,0.5643591513021438,0.0,13.409694351437135,11.655710178935404,386.0451421288397,372.73199851174604,0.0
7.255,9.230721420832767,-1.2531145022133277,-1.0209992348306045,0.0,13.359758266484672,10.797520875746809,385.4806489011679,372.73199851174604,0.0
7.256,8.224860278948288,-1.1753622934054018,-0.8662391248889287,0.0,13.220293234663345,10.156240886955135,383.78040452604534,372.73199851174604,0.0
7.257000000000001,7.180146917700813,-1.0892900351307078,-0.12660099747063924,0.0,13.021956280822847,9.74981484509547,381.8301305372426,372.73199851174604,0.0
7.258,6.250519903261922,-1.0543591220500284,0.7575546766757624,0.0,12.799828740324307,9.545870292895442,380.3094594177264,372.73199851174604,0.0
7.259,5.516612975152866,-1.0940190549652953,1.4421156273740774,0.0,12.584231400407102,9.478001081648525,379.37577651760057,372.73199851174604,0.0
7.26,4.990197503389359,-1.2009752193731391,1.8425192973784332,0.0,12.394775452112642,9.48312448434097,378.7588587843878,372.73199851174604,0.0
7.261,4.639852025677878,-1.3509629199023658,2.0907095612583877,0.0,12.240206524331,9.5253606920921,378.14580277562067,372.73199851174604,0.0
7.2620000000000005,4.423521735431975,-1.5155049732592982,2.3430995230032217,0.0,12.12191785896661,9.593490256593022,377.3585805100585,372.73199851174604,0.0
7.263,4.307285619101818,-1.6715284794209722,2.6904448358011717,0.0,12.037788181732964,9.689284752791595,376.4644798573214,372.73199851174604,0.0
7.264,4.27017898015673,-1.805320238661701,3.1001703487139727,0.0,11.984807780297405,9.811602554060036,375.3602511778499,372.73199851174604,0.0
7.265000000000001,4.301273144173624,-1.9052963243587864,3.6260021617887004,0.0,11.959016650966516,9.966343354935857,373.36329432700586,372.73199851174604,0.0
7.266,4.397100023037631,-1.9693496267562511,4.618167629058109,0.0,11.957324817063052,10.196680831025027,371.38488910509875,372.73199851174604,0.0
7.267,4.57838411807095,-2.0123194720592057,5.620841334078137,0.0,11.982922064118197,10.485204847329415,369.437765779348,372.73199851174604,0.0
7.268,4.855482143462295,-2.031606549756733,6.627345324277487,0.0,12.036503868191971,10.819456946737892,368.05243329805126,372.73199851174604,0.0
7.269,5.223204579385201,-2.0335572883760396,7.366807217062814,0.0,12.118174412270356,11.159239297219683,366.6080166573635,372.73199851174604,0.0
7.2700000000000005,5.660122333288118,-2.009604279916932,8.150255355950506,0.0,12.223001798672394,11.507611414840843,364.9449075256635,372.73199851174604,0.0
7.271,6.1557153488352245,-1.9567641506749505,9.059680831661344,0.0,12.34661077406431,11.873685326108241,363.1324496197128,372.73199851174604,0.0
7.272,6.709179247227634,-1.8783577214329685,10.0,0.0,12.48636993711958,12.253928498880548,361.20068848769625,372.73199851174604,0.0
7.273000000000001,7.31906588979405,-1.7783071449459844,10.0,0.0,12.639956002025407,12.53916718729938,358.22588412922585,372.73199851174604,0.0
7.274,7.926791851803789,-1.634816873619548,10.0,0.0,12.791923905201493,12.750489623971509,353.7539807804652,372.73199851174604,0.0
7.275,8.507680351956338,-1.4431724488041424,10.0,0.0,12.930181277710755,12.898056131897345,348.04504265551327,372.73199851174604,0.0
7.276,9.052790415155853,-1.2070138549840572,10.0,0.0,13.04530856268962,12.99053850433111,340.1493032833641,372.73199851174604,0.0
7.277,9.55800560748019,-0.9409738571029322,10.0,0.0,13.131268542585252,13.035162797495701,351.87618701679725,372.73199851174604,0.0
7.2780000000000005,9.986916466111026,-0.7217808350565296,10.0,0.0,13.191644121361481,13.04179261680724,360.57793753799467,372.73199851174604,0.0
7.279,10.162801046697329,-0.8378031651726321,10.0,0.0,13.261599510724484,13.038738816787067,370.6057748853417,372.73199851174604,0.0
7.28,10.245931972950306,-1.030114403970689,6.9446435441021945,0.0,13.344247994115786,12.699511169474487,380.8468704688485,372.73199851174604,0.0
7.281000000000001,10.058183641639875,-1.209607399447938,1.74294703277776,0.0,13.402529981551226,11.882321709252267,385.53590942872756,372.73199851174604,0.0
7.282,9.424007639476214,-1.2615461830881758,-0.7296115563315766,0.0,13.377183160466545,11.000596791031924,385.92289920151535,372.73199851174604,0.0
7.283,8.472377963417408,-1.2049970214642824,-1.0550154496231627,0.0,13.259458734053272,10.291778344498999,384.4455275685157,372.73199851174604,0.0
7.284,7.42245087502429,-1.115712348689497,-0.4334649236910195,0.0,13.073369083239047,9.819669579726153,382.42563101952663,372.73199851174604,0.0
7.285,6.450465322265416,-1.0626102362817407,0.47954702572569374,0.0,12.853729135391852,9.566797675445223,380.67459840563225,372.73199851174604,0.0
7.2860000000000005,5.659739661511792,-1.0810688074854142,1.2756373337340223,0.0,12.633327455857765,9.472948748349726,379.5112370478397,372.73199851174604,0.0
7.287,5.081943614549612,-1.1703776645294246,1.789525627269362,0.0,12.435220440130347,9.470661663777483,378.83035610688546,372.73199851174604,0.0
7.288,4.694293662203568,-1.3117978235885417,2.0689825217950872,0.0,12.271358546444505,9.51125749584064,378.2529105636339,372.73199851174604,0.0
7.289000000000001,4.453294450393229,-1.4758513082684368,2.3024961729019804,0.0,12.14457410705776,9.576932901781072,377.52897206326054,372.73199851174604,0.0
7.29,4.320167078107225,-1.636474123983096,2.616495687573524,0.0,12.053063627085544,9.667801152124945,376.77452402950667,372.73199851174604,0.0
7.291,4.269378537398981,-1.7777168392510583,2.953294449272855,0.0,11.993721490667273,9.77859486383247,375.4114562591005,372.73199851174604,0.0
7.292,4.285213069482014,-1.8844494671126593,3.6080337570024046,0.0,11.961721100973673,9.93877864302445,373.7447078605957,372.73199851174604,0.0
7.293,4.373061013500471,-1.9595339884498961,4.431280862766284,0.0,11.956131099237112,10.15424886536341,372.0617568679521,372.73199851174604,0.0
7.2940000000000005,4.5402138267933925,-2.009434254524156,5.279458775526029,0.0,11.977385303962903,10.415171834618715,369.82491252580604,372.73199851174604,0.0
7.295,4.7913708817745215,-2.030591897194101,6.426951806458465,0.0,12.02443472317459,10.743914633781039,368.3650897333474,372.73199851174604,0.0
7.296,5.138221150396026,-2.0352795925730343,7.200532290471763,0.0,12.099957550446327,11.082465058881887,366.9381897986148,372.73199851174604,0.0
7.297,5.559199294216722,-2.0161631983137953,7.9719203449693765,0.0,12.19963345717867,11.42899051222036,365.3090637923913,372.73199851174604,0.0
7.298,6.0414729454475,-1.9688870931409717,8.860712695274668,0.0,12.31898511094521,11.792043968689654,363.52126051245375,372.73199851174604,0.0
7.299,6.582465628234939,-1.8956295255808318,9.846721715236379,0.0,12.455121373602136,12.175613854987102,361.6618461949172,372.73199851174604,0.0
7.3,7.183596940577387,-1.801510622361032,10.0,0.0,12.606380494944538,12.480726382515076,358.93762211477986,372.73199851174604,0.0
7.301,7.793672144685476,-1.6677483164065188,10.0,0.0,12.759252292282698,12.707823827248392,354.7981295529112,372.73199851174604,0.0
7.3020000000000005,8.381436104047877,-1.4864609401938984,10.0,0.0,12.90094266603653,12.868945423753415,349.27567774480025,372.73199851174604,0.0
7.303,8.934933457772384,-1.2595050475299456,10.0,0.0,13.021423887634572,12.973116828667239,341.88104594853144,372.73199851174604,0.0
7.304,9.448943697613682,-0.9997316317504481,10.0,0.0,13.113968610755087,13.027913062404194,339.060866580481,372.73199851174604,0.0
7.305,9.923941155586366,-0.7211269885778268,10.0,0.0,13.174689708346056,13.039374527100923,357.9371431250616,372.73199851174604,0.0
7.306,10.141150352693222,-0.7874175866385573,10.0,0.0,13.240562854866006,13.036618917985042,369.91197428027374,372.73199851174604,0.0
7.307,10.236479414102133,-0.9767066357507553,7.279445989843882,0.0,13.319732015244107,12.733151138531667,378.787211335852,372.73199851174604,0.0
7.308,10.083585591126376,-1.1579125246473871,2.7812753338136824,0.0,13.378677238926564,12.018125432141098,383.8773614021378,372.73199851174604,0.0
7.309,9.532886570704429,-1.2337099420707502,0.1247466717668706,0.0,13.366751026629322,11.19230832650964,385.36326634122275,372.73199851174604,0.0
7.3100000000000005,8.665486678941106,-1.208939640402118,-0.74451847607037,0.0,13.269953017640884,10.468733428459721,384.6393269008164,372.73199851174604,0.0
7.311,7.659014260589874,-1.1388808537152144,-0.5016220397578968,0.0,13.103018556227417,9.945285445889697,382.969248970899,372.73199851174604,0.0
7.312,6.683601515741109,-1.0861606483710837,0.23104442060927255,0.0,12.895334107977312,9.632883839462442,381.15406379116615,372.73199851174604,0.0
7.313,5.855071522002145,-1.0904401053526072,1.0544163576814967,0.0,12.678175886230903,9.495582369189979,379.85884609267237,372.73199851174604,0.0
7.314,5.225940504801199,-1.1629335753158676,1.630756731119127,0.0,12.47693482675803,9.466378057432248,379.0319197061023,372.73199851174604,0.0
7.315,4.78910178870408,-1.2898545940244825,1.9812207124605896,0.0,12.306133819414985,9.494518653714863,378.39182010955676,372.73199851174604,0.0
7.316,4.508899659027075,-1.4458219751820864,2.244672294755259,0.0,12.171114174174761,9.55469397097741,377.6837044013729,372.73199851174604,0.0
7.317,4.347255955341444,-1.6049023535615847,2.549213089950924,0.0,12.071553192994974,9.641193549746907,376.8195960152263,372.73199851174604,0.0
7.3180000000000005,4.275803187705979,-1.748886032974605,2.9403913079894197,0.0,12.00484566876176,9.7553146359568,375.66840038797204,372.73199851174604,0.0
7.319,4.278878852606583,-1.8648704639856077,3.486625102854287,0.0,11.967539456189936,9.906473945561707,374.1974724470357,372.73199851174604,0.0
7.32,4.352712736338264,-1.9485167179219351,4.207434333969564,0.0,11.957121039458672,10.104522409861495,372.6033624289431,372.73199851174604,0.0
7.321,4.500872088131112,-2.002703376594307,5.0057757038438835,0.0,11.972673380745105,10.346774454573305,370.1672987298645,372.73199851174604,0.0
7.322,4.727333289839237,-2.027525397271144,6.249454551202,0.0,12.013084248061809,10.671748649783261,368.70196751256054,372.73199851174604,0.0
7.323,5.0553049319127,-2.036451361652473,7.022420469845839,0.0,12.082685084043014,11.00704370617013,367.30953779800035,372.73199851174604,0.0
7.324,5.460502952421533,-2.0227914744884243,7.772859934263394,0.0,12.17726349483293,11.349295956580693,365.70615724631,372.73199851174604,0.0
7.325,5.928217336358882,-1.980969943008763,8.644808622762929,0.0,12.292145519993783,11.707794182091943,363.927941333754,372.73199851174604,0.0
7.3260000000000005,6.455083996272357,-1.912523298452887,9.621957150820846,0.0,12.424278249603331,12.087419450018423,362.0719214601641,372.73199851174604,0.0
7.327,7.042511980120796,-1.82243799023327,10.0,0.0,12.57193531558597,12.414760280618141,359.57521194882423,372.73199851174604,0.0
7.328,7.653057615727542,-1.6980847010557931,10.0,0.0,12.724782749302994,12.659066566186102,355.77673745018313,372.73199851174604,0.0
7.329,8.24730116975339,-1.5276089573400284,10.0,0.0,12.869267269288146,12.834965631982191,350.5061742280366,372.73199851174604,0.0
7.33,8.809451494222891,-1.310932805779042,10.0,0.0,12.994763624619853,12.951829143045803,343.6756696376681,372.73199851174604,0.0
7.331,9.333026017552971,-1.0583616166740413,10.0,0.0,13.093780626238802,13.017584244214614,335.04448821959164,372.73199851174604,0.0
7.332,9.821418814801007,-0.7769430333768104,10.0,0.0,13.161041105541086,13.038178072964453,350.01739637598064,372.73199851174604,0.0
7.333,10.098333502018331,-0.767512666634345,10.0,0.0,13.225411765279436,13.03786187914811,366.30409138627203,372.73199851174604,0.0
7.3340000000000005,10.226921259598006,-0.9199707594940558,9.099441035276808,0.0,13.300178433544305,12.933577378106094,378.5664304107892,372.73199851174604,0.0
7.335,10.19807106596111,-1.1420523031251775,2.90992720402778,0.0,13.379944373749314,12.17981646108046,383.74813876858843,372.73199851174604,0.0
7.336,9.706097314596965,-1.2360169633925042,0.20891162255975182,0.0,13.384472925424351,11.328020264842586,385.15663941204537,372.73199851174604,0.0
7.337,8.862857292985248,-1.2143414792934462,-0.6195851081717079,0.0,13.300045052454529,10.585568723693868,384.60162539768686,372.73199851174604,0.0
7.338,7.860060736532508,-1.1422726058419144,-0.4607743698518636,0.0,13.142103991428137,10.03654891887922,383.19513464105097,372.73199851174604,0.0
7.339,6.8711006525236575,-1.0834925245146485,0.1378396471730312,0.0,12.93930993581144,9.689654066609389,381.42790282294146,372.73199851174604,0.0
7.34,6.012791270922439,-1.0783585609913968,0.9344965131158318,0.0,12.722128865355137,9.523339840224372,380.09374110084303,372.73199851174604,0.0
7.341,5.347284928674273,-1.1408600027114781,1.527959948274077,0.0,12.516960977530411,9.473875942471494,379.22172789210595,372.73199851174604,0.0
7.3420000000000005,4.875265134263987,-1.2602779061963552,1.8990692588390221,0.0,12.339874443679005,9.48899614948464,378.56737382377486,372.73199851174604,0.0
7.343,4.565013378813859,-1.4128683303409046,2.167892539884278,0.0,12.1975993515351,9.540162645376071,377.8756622976931,372.73199851174604,0.0
7.344,4.378896187108019,-1.5728408736759087,2.4623116650656804,0.0,12.090739493720141,9.619053226956614,377.05497299855506,372.73199851174604,0.0
7.345,4.287553781660933,-1.7204905687593859,2.829426569766616,0.0,12.01709642087056,9.724993705545014,375.88301393127205,372.73199851174604,0.0
7.346,4.272962607637139,-1.8420448751134662,3.383895949212862,0.0,11.97330617991289,9.870987916769844,374.57162895982066,372.73199851174604,0.0
7.347,4.331549052206484,-1.9335804057732395,4.021192130457811,0.0,11.95734774948251,10.055971148276035,372.9844372177098,372.73199851174604,0.0
7.348,4.462192643636285,-1.9934036610920431,4.812263614453603,0.0,11.967148688024254,10.28772018440408,370.56754916283046,372.73199851174604,0.0
7.349,4.669388827278681,-2.0250182278119473,6.042352135382427,0.0,12.002023806110628,10.60318828894933,369.0549473831735,372.73199851174604,0.0
7.3500000000000005,4.979007392420856,-2.03847039403773,6.835423536496633,0.0,12.066121815460534,10.933547983432756,367.67974553629836,372.73199851174604,0.0
7.351,5.367828186429739,-2.0299613848780194,7.573546989688682,0.0,12.155775480653958,11.270870273553264,366.1016156283307,372.73199851174604,0.0
7.352,5.820182011005331,-1.9932648926084762,8.42891577250666,0.0,12.266244484282042,11.624264319995888,364.3340273363094,372.73199851174604,0.0
7.353,6.3320689995369985,-1.92933498654215,9.39668963027167,0.0,12.394340667446977,11.9994832681903,362.4801460289831,372.73199851174604,0.0
7.354,6.904973754361329,-1.8430516785239246,10.0,0.0,12.538297262293518,12.348775688828878,360.20539946125444,372.73199851174604,0.0
7.355,7.515254006249059,-1.7280500028874726,10.0,0.0,12.691000088479436,12.610099643031555,356.73982929445947,372.73199851174604,0.0
7.356,8.115394665051129,-1.5683667510398194,10.0,0.0,12.838149886520156,12.800648814483212,351.7691378812345,372.73199851174604,0.0
7.357,8.685758184547637,-1.3619460007737736,10.0,0.0,12.968530171891175,12.930119468037175,345.5306120484378,372.73199851174604,0.0
7.3580000000000005,9.218808648537753,-1.1161321870699084,10.0,0.0,13.073844182075725,13.006749168928902,337.0375440245044,372.73199851174604,0.0
7.359,9.714485655525342,-0.8414945740880109,10.0,0.0,13.148537762040029,13.037053334621174,348.60924648134136,372.73199851174604,0.0
7.36,10.039362398249125,-0.7735521676204433,10.0,0.0,13.214065111995511,13.041016770110911,360.78750310900483,372.73199851174604,0.0
7.361,10.205703958441788,-0.8825825734641759,10.0,0.0,13.286108839211904,13.036087792853262,376.09527259850677,372.73199851174604,0.0
7.362,10.258607063835784,-1.0991103330515575,4.1692633735483975,0.0,13.37318304547707,12.393319131141933,383.77430127832747,372.73199851174604,0.0
7.363,9.872550244618527,-1.2329954831835348,0.21932600597223129,0.0,13.399835053863235,11.49034429322723,385.35700832664503,372.73199851174604,0.0
7.364,9.069197164945823,-1.2245248777356585,-0.6982776163355382,0.0,13.331253759518713,10.703403385736337,384.7344128824546,372.73199851174604,0.0
7.365,8.066912233221608,-1.1488705885189474,-0.5070040379474055,0.0,13.182599238100206,10.120732381098799,383.3699389643283,372.73199851174604,0.0
7.3660000000000005,7.058073541814744,-1.0803885876924113,0.06885351658991912,0.0,12.983766591161038,9.743844026735898,381.651454196029,372.73199851174604,0.0
7.367,6.168840332416466,-1.06388324297221,0.8389013438967279,0.0,12.765997605568545,9.551435194693491,380.2661290245606,372.73199851174604,0.0
7.368,5.467738528662362,-1.116293022026014,1.456222624502793,0.0,12.556694764474177,9.48492407620864,379.37126305508406,372.73199851174604,0.0
7.369,4.962901027878678,-1.2290823353824036,1.8372629638076843,0.0,12.37355382231943,9.488396117028982,378.7278829145307,372.73199851174604,0.0
7.37,4.624954503978307,-1.3792363863503287,2.0989941900565112,0.0,12.224463230935097,9.53031263366734,378.06669532928873,372.73199851174604,0.0
7.371,4.415854570292771,-1.5404987330566744,2.376241014502072,0.0,12.110710667981051,9.600629805396357,377.2575213781614,372.73199851174604,0.0
7.372,4.304917566538602,-1.6920343189164866,2.7355727614015777,0.0,12.030421369472828,9.699406098647659,376.2722329795523,372.73199851174604,0.0
7.373,4.2729736587764595,-1.8202585450554387,3.1928146160280653,0.0,11.980627939157245,9.829383579079225,374.789401772557,372.73199851174604,0.0
7.3740000000000006,4.311924501148279,-1.915458951543499,3.9136561869175983,0.0,11.958001402368671,10.011500090949134,373.32439788222337,372.73199851174604,0.0
7.375,4.426897254239563,-1.9825145731687281,4.640234138379656,0.0,11.962273284759844,10.233599962488805,371.1455535065047,372.73199851174604,0.0
7.376,4.616706890329897,-2.022003406738659,5.7455207762913965,0.0,11.992001181542307,10.528503453330272,369.38071581036394,372.73199851174604,0.0
7.377,4.9033602118644435,-2.037812062954132,6.661452451375605,0.0,12.049590701578673,10.85695523363809,367.96892065162746,372.73199851174604,0.0
7.378,5.274714524986246,-2.0338582569769232,7.414980809345031,0.0,12.133673442422532,11.194067149316503,366.4450407660675,372.73199851174604,0.0
7.3790000000000004,5.713619109006475,-2.003432596739865,8.23979032958179,0.0,12.239751816183542,11.544503950046803,364.7271971777076,372.73199851174604,0.0
7.38,6.212934911788425,-1.9455339555725308,9.178760137102138,0.0,12.36420143871545,11.91500779923923,362.8963247843771,372.73199851174604,0.0
7.381,6.772685926784245,-1.8640438666206873,10.0,0.0,12.50487156054038,12.28527345898745,360.8456366935134,372.73199851174604,0.0
7.382000000000001,7.382961702185071,-1.7588758431294749,10.0,0.0,12.65774765446312,12.562834341170227,357.70331611284433,372.73199851174604,0.0
7.383,7.988677013268101,-1.6100749200740425,10.0,0.0,12.807775805910676,12.767400818061876,353.055559576147,372.73199851174604,0.0
7.384,8.566657771278008,-1.4137136637262007,10.0,0.0,12.943146060934936,12.908992732138858,347.22916320007243,372.73199851174604,0.0
7.385,9.108496775299338,-1.1743027818456369,10.0,0.0,13.054766897421088,12.99613999744832,339.09092194623474,372.73199851174604,0.0
7.386,9.61078822170564,-0.9060218001336151,10.0,0.0,13.136823577620051,13.035900950810964,353.42465873657926,372.73199851174604,0.0
7.3870000000000005,10.00033222370763,-0.7465358300110493,10.0,0.0,13.199790038239026,13.042064551101094,359.9692966701649,372.73199851174604,0.0
7.388,10.175005149923841,-0.8581890887660123,10.0,0.0,13.270952930989381,13.03858985556034,371.6214847066783,372.73199851174604,0.0
7.389,10.251113815861057,-1.0538121229997832,6.434827533259283,0.0,13.355054066088794,12.643784723516283,382.2568007434241,372.73199851174604,0.0
7.390000000000001,10.022442839062954,-1.2286021720810572,1.0219214925696072,0.0,13.408535249530464,11.763017172485288,385.95963740726893,372.73199851174604,0.0
7.391,9.326911754216056,-1.260382997346715,-0.96177322830804,0.0,13.370339549813274,10.885818845577088,385.7493615460757,372.73199851174604,0.0
7.392,8.340205577096235,-1.189610835563652,-0.9868089280547236,0.0,13.240140841328188,10.21118617025934,384.0865765181392,372.73199851174604,0.0
7.393,7.288019301402426,-1.0997911456775948,-0.2689621941504159,0.0,13.0463262918902,9.77608381790692,382.06190664821486,372.73199851174604,0.0
7.394,6.336586598330547,-1.0555155951003137,0.6500736594470791,0.0,12.824410848496134,9.553161456983599,380.4659496560113,372.73199851174604,0.0
7.3950000000000005,5.576951343813163,-1.0861496458073976,1.3707126441062183,0.0,12.606207214432693,9.474465268555925,379.4156936895964,372.73199851174604,0.0
7.396,5.0282001367987545,-1.185360177635177,1.82900367553514,0.0,12.412561142926808,9.47779023940167,378.7812919085123,372.73199851174604,0.0
7.397,4.662457805623078,-1.3322100601625912,2.085711632109545,0.0,12.25377355741583,9.519817215280337,378.19538968750476,372.73199851174604,0.0
7.398000000000001,4.436232624660189,-1.4972588579075106,2.324028830855724,0.0,12.131754296970481,9.58663789391053,377.44004899364927,372.73199851174604,0.0
7.399,4.313066577944243,-1.6558173514816985,2.6546186729644345,0.0,12.044409976748394,9.679842302606787,376.62671350506474,372.73199851174604,0.0
7.4,4.269968827579584,-1.79326420353204,3.0223392673235114,0.0,11.988654098207942,9.79564429744258,375.3836880951213,372.73199851174604,0.0
7.401,4.293550006284598,-1.8961521037748092,3.6173350764614938,0.0,11.959997207511318,9.953037930841138,373.5288605017807,372.73199851174604,0.0
7.402,4.385540478135174,-1.9650209763468736,4.536780253231441,0.0,11.956492066204705,10.177132383066974,371.6918516316045,372.73199851174604,0.0
7.4030000000000005,4.560475500645241,-2.0112360969177994,5.4656861571209525,0.0,11.98014185878842,10.45312912584211,369.6175826471262,372.73199851174604,0.0
7.404,4.825867802162001,-2.0313647517824927,6.533964808006298,0.0,12.030778347220688,10.784668963214859,368.1960520574807,372.73199851174604,0.0
7.405,5.18399773653127,-2.0345450115569603,7.290089567371702,0.0,12.109653712573547,11.123869032949447,366.7580872689939,372.73199851174604,0.0
7.406000000000001,5.613576077474934,-2.012768119339205,8.068811074042621,0.0,12.21213428762288,11.471462432225898,365.1101467253004,372.73199851174604,0.0
7.407,6.1030726448215535,-1.9624521466108549,8.968999863753822,0.0,12.333809157016981,11.836229261882467,363.30944249763934,372.73199851174604,0.0
7.408,6.650861419173198,-1.8863939186140755,9.963577537725426,0.0,12.47192997708497,12.221726752247339,361.4426153446559,372.73199851174604,0.0
7.409,7.258735123716728,-1.7899782031171143,10.0,0.0,12.62494331775795,12.515159049936743,358.5946773082289,372.73199851174604,0.0
7.41,7.868272696914254,-1.6512409426895696,10.0,0.0,12.77770161264051,12.733214831295461,354.27355015457704,372.73199851174604,0.0
7.4110000000000005,8.452471136399797,-1.464296152439379,10.0,0.0,12.91781310184744,12.88657441139513,348.6444231291623,372.73199851174604,0.0
7.412,9.00131170280802,-1.2320345219224254,10.0,0.0,13.035570068689283,12.984078704495472,340.969286706809,372.73199851174604,0.0
7.413,9.510244841323674,-0.9685521091001248,10.0,0.0,13.12464131905169,13.033114025397332,345.42730280302635,372.73199851174604,0.0
7.414000000000001,9.969745466617548,-0.7053459652318805,10.0,0.0,13.183391124770761,13.040697201848072,360.54842601990856,372.73199851174604,0.0
7.415,10.15572951413684,-0.8116301419527927,10.0,0.0,13.251347588440979,13.03753380225146,370.7068761551976,372.73199851174604,0.0
7.416,10.24177905528919,-1.006658308928675,6.884827753466466,0.0,13.332582322384653,12.691207832811283,379.6660448934492,372.73199851174604,0.0
7.417,10.057460382366763,-1.1806228901356453,2.3359029205236315,0.0,13.388246808252951,11.939543473984104,384.5612935388443,372.73199851174604,0.0
7.418,9.464112887489769,-1.244029733952198,-0.23001435244490143,0.0,13.36841351665945,11.095275385636608,385.6004619079079,372.73199851174604,0.0
7.4190000000000005,8.55921567512701,-1.2059170234042065,-0.8782831709383148,0.0,13.26131027879211,10.381405598071051,384.55584178521156,372.73199851174604,0.0
7.42,7.535265711954901,-1.1286146979324154,-0.4742115423247908,0.0,13.085408257258527,9.882728556633047,382.73380059693363,372.73199851174604,0.0
7.421,6.563832627443227,-1.0767828010291356,0.3367910309622939,0.0,12.872300248329857,9.598116723625486,380.9350600120839,372.73199851174604,0.0
7.422000000000001,5.754274931773904,-1.088545682675316,1.1541307083837768,0.0,12.653854092943414,9.481789627487819,379.6735990208565,372.73199851174604,0.0
7.423,5.150656002112153,-1.1687889108354297,1.7154451989063775,0.0,12.454328969763,9.467124327914645,378.91437691037686,372.73199851174604,0.0
7.424,4.738825199636613,-1.3026315664588348,2.0332324701598896,0.0,12.287210088780279,9.502581699889095,378.3088258276232,372.73199851174604,0.0
7.425,4.479030321100966,-1.462532398017192,2.2802397383779507,0.0,12.156599498008465,9.566233501973453,377.5948965211541,372.73199851174604,0.0
7.426,4.332521139134401,-1.6223048973228276,2.588575411518411,0.0,12.061391113130309,9.655423977366423,376.72412480549195,372.73199851174604,0.0
7.4270000000000005,4.272335734912584,-1.7645798341986016,2.984040006412031,0.0,11.998675132342537,9.77174761808391,375.5049626225167,372.73199851174604,0.0
7.428,4.284327140642238,-1.8767129151981472,3.5658914567919515,0.0,11.964775003246483,9.92829540157125,373.9979708486376,372.73199851174604,0.0
7.429,4.367134863767773,-1.9566674145617846,4.306727620362597,0.0,11.957593329528773,10.132482921802705,372.39639113070007,372.73199851174604,0.0
7.43,4.52464372888225,-2.008067450184944,5.110873553141813,0.0,11.976403034130891,10.380083315677917,369.9907238326631,372.73199851174604,0.0
7.431,4.761265322950337,-2.029266439344977,6.341119948951129,0.0,12.019909696111695,10.707636998140709,368.50262703154397,372.73199851174604,0.0
7.432,5.097756126582513,-2.0348897196441813,7.127462064312713,0.0,12.092227631082006,11.046333374828118,367.09257591948887,372.73199851174604,0.0
7.433,5.511324552832257,-2.0181260565555155,7.8888818462628345,0.0,12.18928317448128,11.392157043353565,365.48434722192405,372.73199851174604,0.0
7.434,5.9875295537475965,-1.973660749898706,8.76547270794346,0.0,12.30649198329181,11.753667830493576,363.70852264119327,372.73199851174604,0.0
7.4350000000000005,6.5227647146708065,-1.9029965349501594,9.743619757014379,0.0,12.440802579357516,12.135464868889235,361.8539662571956,372.73199851174604,0.0
7.436,7.118117351716142,-1.811001049206363,10.0,0.0,12.590448958373887,12.450797180823848,359.23570351344284,372.73199851174604,0.0
7.437,7.728765799926201,-1.6817198167849292,10.0,0.0,12.743362949973164,12.685779294104135,355.2535090381729,372.73199851174604,0.0
7.438,8.319731109190709,-1.5054812793229582,10.0,0.0,12.886390326943935,12.853654895679323,349.8388659022585,372.73199851174604,0.0
7.439,8.877332835110456,-1.2832744185062102,10.0,0.0,13.009222157059925,12.96361913803554,342.6958540822924,372.73199851174604,0.0
7.44,9.395790122639742,-1.0268216330443019,10.0,0.0,13.1047794906073,13.023415854798708,334.20162397727756,372.73199851174604,0.0
7.441,9.880691345844255,-0.7407125740603204,10.0,0.0,13.167853293842635,13.038634071563099,354.7992920490614,372.73199851174604,0.0
7.442,10.126984736843628,-0.7691320714712724,10.0,0.0,13.232128773735917,13.0363945861967,369.0930576030211,372.73199851174604,0.0
7.4430000000000005,10.23238933274941,-0.949865536869055,7.687726042206822,0.0,13.309349243322874,12.777324890359365,378.22464127939367,372.73199851174604,0.0
7.444,10.110092967332047,-1.1398760849164526,3.0670077763440737,0.0,13.372034521998645,12.081234587552467,383.34215085337775,372.73199851174604,0.0
7.445,9.591547459000395,-1.224671969954965,0.4021514659357175,0.0,13.366269684399908,11.269911873669846,385.11201658705033,372.73199851174604,0.0
7.446,8.753084363983149,-1.2094455721186539,-0.6065815816536198,0.0,13.277426196560407,10.541878360653456,384.6544646703445,372.73199851174604,0.0
7.447,7.761816026674081,-1.1453523052323318,-0.49703028488669254,0.0,13.117765710824075,10.000556709428833,383.1698800927116,372.73199851174604,0.0
7.448,6.78521754571536,-1.0924655689552436,0.14088318812010936,0.0,12.914762500217309,9.663989293348491,381.3530365854728,372.73199851174604,0.0
7.449,5.941193279633843,-1.0916958777803392,0.9630945610022357,0.0,12.698847070396715,9.507919098561846,379.9995203504624,372.73199851174604,0.0
7.45,5.2908439653268315,-1.1573335072785946,1.5671774601202877,0.0,12.496144000236066,9.467189567358929,379.12132712116477,372.73199851174604,0.0
7.4510000000000005,4.833449548014617,-1.2785677735772574,1.942380788674904,0.0,12.32231767696907,9.489304112171343,378.46184549949436,372.73199851174604,0.0
7.452,4.536422743063186,-1.431464981960778,2.2148231296326246,0.0,12.183691790769208,9.54614019876715,377.76516591682844,372.73199851174604,0.0
7.453,4.361919564445072,-1.5902492135172621,2.512831246914762,0.0,12.080549395236293,9.629711639173328,376.9074183982705,372.73199851174604,0.0
7.454,4.280640256737043,-1.7355310437615503,2.8999508073284748,0.0,12.010471542308593,9.741410458519983,375.8389576555292,372.73199851174604,0.0
7.455,4.275583801953703,-1.8547086227913012,3.4031115872612965,0.0,11.970228071999161,9.886151517776767,374.33338986324105,372.73199851174604,0.0
7.456,4.340595980311323,-1.940746525015843,4.139881569890427,0.0,11.956755448100747,10.081205310199632,372.7650475385087,372.73199851174604,0.0
7.457,4.481040366543455,-1.997821775105157,4.923722241988964,0.0,11.969553364322046,10.319462474392957,370.33563387300273,372.73199851174604,0.0
7.458,4.699356030071106,-2.0261793360957694,6.162392721129392,0.0,12.007445784548619,10.64097878064782,368.8777835514149,372.73199851174604,0.0
7.4590000000000005,5.019733793671347,-2.0378600393552535,6.9298600315266246,0.0,12.07470189512666,10.9731090002914,367.4968549219478,372.73199851174604,0.0
7.46,5.417421286660024,-2.0267702412270827,7.6726757821581675,0.0,12.167108731784559,11.312245021901168,365.8982849807538,372.73199851174604,0.0
7.461,5.877593597940642,-1.9871840771743552,8.54029788806509,0.0,12.279944906873128,11.668076319848215,364.1188546144826,372.73199851174604,0.0
7.462,6.397056436374855,-1.9206379525779476,9.516144510173318,0.0,12.410156382182468,12.045735823767291,362.26146679249337,372.73199851174604,0.0
7.463,6.977474381473072,-1.832201661827971,10.0,0.0,12.556050129616246,12.383464816908788,359.86907686840084,372.73199851174604,0.0
7.464,7.587818310718474,-1.712154959078086,10.0,0.0,12.708806627225814,12.63583807781523,356.2282936417033,372.73199851174604,0.0
7.465,8.184822381115607,-1.5467114506666308,10.0,0.0,12.854526482267298,12.818682653940758,351.0944835967451,372.73199851174604,0.0
7.466,8.750858892340997,-1.3348541836259988,10.0,0.0,12.982308945126839,12.941520782427062,344.54726392907327,372.73199851174604,0.0
7.4670000000000005,9.278889589164086,-1.0855541223825245,10.0,0.0,13.08429254048268,13.0124303328124,335.96352015402994,372.73199851174604,0.0
7.468,9.770839553871234,-0.8072303168060477,10.0,0.0,13.155046113340491,13.037613098545231,348.57870248807063,372.73199851174604,0.0
7.469,10.07042923602194,-0.7705827737508467,10.0,0.0,13.219994613805497,13.03931757960106,363.4628417173118,372.73199851174604,0.0
7.47,10.21844836909987,-0.8999525178516927,10.0,0.0,13.293215859611232,13.034060254780735,377.82561879669555,372.73199851174604,0.0
7.471,10.255267341418655,-1.1344889413877846,3.2967073008412164,0.0,13.383094557502321,12.296718694491263,384.1700874602443,372.73199851174604,0.0
7.472,9.81079056857839,-1.2469693551736585,0.010092079581856872,0.0,13.40027871085644,11.396865047408525,385.46070178804104,372.73199851174604,0.0
7.473,8.971140320217486,-1.2246789439162802,-0.7625021170794586,0.0,13.322182334790702,10.624512730540618,384.70467384350565,372.73199851174604,0.0
7.474,7.953779002134505,-1.1438179205223618,-0.5042148981293595,0.0,13.16598855618399,10.061236786309571,383.2480898424513,372.73199851174604,0.0
7.4750000000000005,6.9469879554336735,-1.0762917637391864,0.11891618909076396,0.0,12.962467294002634,9.70520400800193,381.4495459040664,372.73199851174604,0.0
7.476,6.071622692606547,-1.0649095072348937,0.9310126843600157,0.0,12.743118093561012,9.533743953358316,380.130822459104,372.73199851174604,0.0
7.477,5.392183733597413,-1.1240458924510217,1.5163861673676147,0.0,12.535176632638002,9.479749735175767,379.28401248482544,372.73199851174604,0.0
7.478,4.9087518906173475,-1.242421105065816,1.874271014776114,0.0,12.355059805524512,9.490257504241756,378.6526895053603,372.73199851174604,0.0
7.479,4.58874692336741,-1.395570968747512,2.1307255945725476,0.0,12.2096681709078,9.536700196961007,377.9780624084987,372.73199851174604,0.0
7.48,4.393852861028547,-1.557174635284288,2.415578504035807,0.0,12.09970487370692,9.610967028374436,377.14675801956673,372.73199851174604,0.0
7.481,4.294368768796804,-1.7070909103811136,2.7870831034235914,0.0,12.023039342962754,9.71382213328656,376.02833625944544,372.73199851174604,0.0
7.482,4.272572866542288,-1.8319452324907168,3.313330606007244,0.0,11.976560688465298,9.854300062249056,374.89288259759314,372.73199851174604,0.0
7.4830000000000005,4.323260761524427,-1.9263826339490888,3.8594485960749214,0.0,11.957917263253169,10.025099209276583,373.0980003672947,372.73199851174604,0.0
7.484,4.441042080958369,-1.9860752193925868,4.75322969266867,0.0,11.963839905649202,10.257359773616868,370.7563581898256,372.73199851174604,0.0
7.485,4.639133199610021,-2.0209249906222295,5.943807184622401,0.0,11.995632889220486,10.568400049054363,369.15323271794244,372.73199851174604,0.0
7.486,4.9403772942524276,-2.036565846301478,6.781157578502025,0.0,12.056722598390817,10.90056242448831,367.79791419442955,372.73199851174604,0.0
7.487,5.324009774469782,-2.031735727225918,7.5081576834316355,0.0,12.144231852532403,11.238026909021869,366.2664391840604,372.73199851174604,0.0
7.488,5.772100327949143,-1.9990206532950794,8.338550781893067,0.0,12.253186272771545,11.589115474217133,364.52730290927667,372.73199851174604,0.0
7.489,6.278868844134273,-1.9382513392779104,9.290165875309627,0.0,12.379996633703728,11.961100722962428,362.6803912367943,372.73199851174604,0.0
7.49,6.845501605695681,-1.8540475508360235,10.0,0.0,12.52266975982878,12.319872167098277,360.5075199113033,372.73199851174604,0.0
7.4910000000000005,7.455480174891177,-1.7433455448133945,10.0,0.0,12.675617534976842,12.588504123190251,357.19146725799897,372.73199851174604,0.0
7.492,8.057844877667483,-1.5884134093207636,10.0,0.0,12.824198213375334,12.785407329574403,352.36747489238894,372.73199851174604,0.0
7.493,8.631392132154515,-1.3863901304482757,10.0,0.0,12.956937905251344,12.920411732194175,346.3538511167101,372.73199851174604,0.0
7.494,9.168277542855014,-1.1432431947576376,10.0,0.0,13.065178138064487,13.001867741107384,337.99580104325577,372.73199851174604,0.0
7.495,9.666709305337719,-0.8715439244382566,10.0,0.0,13.143284498109406,13.036543532644492,352.0503286418807,372.73199851174604,0.0
7.496,10.01752742709136,-0.7680290742307392,10.0,0.0,13.208378160483914,13.041956705264312,359.7214719849437,372.73199851174604,0.0
7.497,10.190169071719948,-0.8744920826117903,10.0,0.0,13.280249853306945,13.037855527167991,373.3082687410647,372.73199851174604,0.0
7.498,10.255420943844685,-1.0785662590993939,5.583305317718352,0.0,13.365907788367862,12.550063931625186,383.33356605070867,372.73199851174604,0.0
7.4990000000000006,9.964841472320286,-1.239785499732604,0.46464098750673877,0.0,13.409914145073184,11.633347420231228,386.0553921736682,372.73199851174604,0.0
7.5,9.21093589965303,-1.2513000734643371,-1.02950601059226,0.0,13.357502625672742,10.779557487436577,385.41431846192046,372.73199851174604,0.0
7.501,8.201322254716036,-1.172121391199172,-0.8357923542201222,0.0,13.216128464146394,10.14567381337967,383.71448634138915,372.73199851174604,0.0
7.502,7.1585896521538634,-1.0869471776186432,-0.09570117225089625,0.0,13.016925974695779,9.74511843386118,381.78271373725784,372.73199851174604,0.0
7.503,6.233690681169552,-1.0540771325780498,0.7796779775596407,0.0,12.794824233419723,9.544900698791597,380.2852846087559,372.73199851174604,0.0
7.5040000000000004,5.505051290997491,-1.0957862070997963,1.4528596808405165,0.0,12.579827591412101,9.47869210217324,379.36602193561464,372.73199851174604,0.0
7.505,4.9829984229893345,-1.2041430671448534,1.8461507831724528,0.0,12.391211917803151,9.484274326818841,378.7521667434896,372.73199851174604,0.0
7.506,4.63569900480987,-1.3547105889993953,2.092876696917525,0.0,12.237494892823209,9.526626108447282,378.1352267131065,372.73199851174604,0.0
7.507000000000001,4.421350743912012,-1.5191619551607838,2.347314430095495,0.0,12.119968723563307,9.594997215443982,377.3434181284187,372.73199851174604,0.0
7.508,4.306477121449262,-1.6747008578562341,2.6971045262726543,0.0,12.036497047563952,9.691203743924651,376.43447963354856,372.73199851174604,0.0
7.509,4.27049340614198,-1.8077484340939047,3.1145489624897005,0.0,11.984073036371788,9.814672911438594,375.09621064989176,372.73199851174604,0.0
7.51,4.303134093148256,-1.9067931278697332,3.7600413329366447,0.0,11.958802783603202,9.983432164745162,373.4122665533837,372.73199851174604,0.0
7.511,4.40698923927618,-1.974290865501879,4.595210700774304,0.0,11.959369785643906,10.207104514997875,371.4056330200462,372.73199851174604,0.0
7.5120000000000005,4.589854239659408,-2.0169864219906177,5.6117911223600485,0.0,11.986268856343251,10.492861884544563,369.47597597032876,372.73199851174604,0.0
7.513,4.866603119447462,-2.0344769878699145,6.6091798726329385,0.0,12.040550763609167,10.82366665574783,368.05561385154965,372.73199851174604,0.0
7.514,5.232308660433869,-2.0338705705251336,7.3661247786244575,0.0,12.122243345702103,11.162649072003079,366.5790497189951,372.73199851174604,0.0
7.515000000000001,5.667701002966719,-2.0077073542750834,8.165936332829231,0.0,12.226793021597205,11.512076224475948,364.90072493472434,372.73199851174604,0.0
7.516,6.1631620017896305,-1.953537133142269,9.08341146073484,0.0,12.350133352987978,11.87979299137342,363.0867118184553,372.73199851174604,0.0
7.517,6.717753671995303,-1.8746223658708578,10.0,0.0,12.48977240574089,12.258671629025939,361.1358617568821,372.73199851174604,0.0
7.518,7.327998045077986,-1.7738784691507807,10.0,0.0,12.643042736017275,12.542879458458813,358.1333523012211,372.73199851174604,0.0
7.519,7.93578391516696,-1.6297337419526512,10.0,0.0,12.794558335184714,12.753239535997075,353.6317261145149,372.73199851174604,0.0
7.5200000000000005,8.516589550375588,-1.437541722584046,10.0,0.0,12.932258707330668,12.899904404526191,347.9059622353999,372.73199851174604,0.0
7.521,9.06152488841085,-1.201025821146744,10.0,0.0,13.046760700150523,12.991537992585204,339.96912499781075,372.73199851174604,0.0
7.522,9.566521079963518,-0.9348038174854008,10.0,0.0,13.132056591105918,13.035358193429857,353.31735424692243,372.73199851174604,0.0
7.523000000000001,9.989630348235757,-0.7248268574983632,10.0,0.0,13.192769667488276,13.041833905691163,360.5419746857383,372.73199851174604,0.0
7.524,10.163624959096989,-0.8432286211502147,10.0,0.0,13.263182971060106,13.038825039852565,370.53954608446554,372.73199851174604,0.0
7.525,10.24699414306155,-1.0340100168466142,6.979970696712004,0.0,13.346055993580975,12.703524503465838,381.1502482098222,372.73199851174604,0.0
7.526,10.059607192302245,-1.2160309632380581,1.590437137052902,0.0,13.40522615035718,11.868839180863416,385.7347950335011,372.73199851174604,0.0
7.527,9.415730982241328,-1.2651231783450223,-0.8318642400040801,0.0,13.378590693393377,10.979934103918294,385.9654114569225,372.73199851174604,0.0
7.5280000000000005,8.45401054293248,-1.2044698205595719,-1.0795065811665419,0.0,13.25856548292397,10.273588831437362,384.40440253334043,372.73199851174604,0.0
7.529,7.399232175911085,-1.112884966666091,-0.4157261595914603,0.0,13.070440465902983,9.80777625092173,382.3471419016141,372.73199851174604,0.0
7.53,6.427873151008031,-1.0599015370096363,0.5167527223730124,0.0,12.849634363809256,9.561969008625033,380.62333686298285,372.73199851174604,0.0
7.531000000000001,5.641789842662721,-1.0800774777999984,1.2997418581762794,0.0,12.629077335478737,9.472221470136299,379.4863535935348,372.73199851174604,0.0
7.532,5.0694606006987915,-1.171339172692425,1.8006899420824327,0.0,12.431438283162661,9.471762764067606,378.81987071916814,372.73199851174604,0.0
7.533,4.686451061237234,-1.314163310707367,2.0730526571915293,0.0,12.26831530370404,9.512944198118246,378.2444674098903,372.73199851174604,0.0
7.534,4.4488175344390415,-1.4788265974472317,2.305629622848995,0.0,12.142307485757586,9.578864622442381,377.51600537009637,372.73199851174604,0.0
7.535,4.318012898385183,-1.6394122533641418,2.6220205741624687,0.0,12.051510281321647,9.670081632225301,376.75300976414286,372.73199851174604,0.0
7.5360000000000005,4.268934802059871,-1.7802140690269797,2.963308264615253,0.0,11.99279684147134,9.781565501258255,375.40498669209774,116.9967300696036,0.0
7.537,4.286282739766087,-1.8863679386243055,-10.0,0.0,11.96137204000843,8.444253799279739,359.45757856952645,116.9967300696036,0.0
7.538,3.6021502447830582,-1.5319538784433713,-10.0,0.0,11.759311463178092,7.442591923824135,339.31547904085113,116.9967300696036,0.0
7.539000000000001,2.6764719385911677,-0.9752574917345448,-10.0,0.0,11.419598294549061,6.6158734669623325,317.69589554036685,116.9967300696036,0.0
7.54,1.72661317006722,-0.35452963193092046,-10.0,0.0,10.968471496385446,5.933083220399523,295.7455354213981,116.9967300696036,0.0
7.541,0.8739973324370187,0.24148996797126066,-10.0,0.0,10.4348234759907,5.357748473130714,273.9855698054347,116.9967300696036,0.0
7.542,0.17133181355447907,0.7635152015571434,-10.0,0.0,9.84554420321313,4.8553494472500915,252.62830977930312,116.9967300696036,0.0
7.543,-0.37280558478363063,1.19208025773304,-10.0,0.0,9.223031051281763,4.39709085530814,231.8335656828647,116.9967300696036,0.0
7.5440000000000005,-0.7757427987848768,1.5264542632471003,-10.0,0.0,8.584447865304552,3.961288526924003,211.6652040810849,116.9967300696036,0.0
7.545,-1.0670352132463827,1.7764003874273362,-10.0,0.0,7.941992431481961,3.5332209062313105,192.1772473736411,116.9967300696036,0.0
7.546,-1.2789620195057958,1.9566959455880342,-10.0,0.0,7.3036427288164845,3.1041135287695494,173.30105234789926,116.9967300696036,0.0
7.547000000000001,-1.4417040377718509,2.082081635276372,-10.0,0.0,6.67422778838727,2.669864272734088,155.1086597959989,116.9967300696036,0.0
7.548,-1.579346517978844,2.167006237256376,-10.0,0.0,6.0562415670765155,2.2296117008993606,137.4461382635797,116.9967300696036,0.0
7.549,-1.7102363521671489,2.2225784137663247,-8.371298099282841,0.0,5.450765017317067,1.9637644301545614,121.70590658529697,116.9967300696036,0.0
7.55,-1.7504944801481044,2.2100685460144307,-0.5482740252984051,0.0,4.881183202676891,2.511319356375436,113.73456626334769,116.9967300696036,0.0
7.551,-1.3061829985235758,1.9383495832121973,3.4700177737387965,0.0,4.4530790493535495,3.261665621405946,111.97586447401353,116.9967300696036,0.0
7.5520000000000005,-0.4651690329212984,1.456202321644992,4.399577324361774,0.0,4.193138947009962,3.868167055779219,113.2504140588662,116.9967300696036,0.0
7.553,0.523429717299709,0.9038467952035263,3.799765692042816,0.0,4.07578063363095,4.212413738551206,115.0145201072668,116.9967300696036,0.0
7.554,1.4316082071147074,0.4045085976341192,2.937534767465881,0.0,4.053986466335258,4.3316389899503775,115.5144583222455,116.9967300696036,0.0
7.555,2.138311670085856,0.027750321848295956,2.702388377450113,0.0,4.082744269269798,4.3508629097954215,115.14168941890034,116.9967300696036,0.0
7.556,2.64088467136568,-0.22024451974369053,2.9073232356297263,0.0,4.13406053371265,4.347718520738263,114.70868197278129,116.9967300696036,0.0
7.557,2.985416040200435,-0.36536605998373034,3.1467074396574737,0.0,4.193414153815983,4.341430390333334,114.7979063101237,116.9967300696036,0.0
7.558,3.215509287914013,-0.43881748318171976,3.1240835085810725,0.0,4.2528320400178705,4.3149590169604055,114.6343461678576,116.9967300696036,0.0
7.559,3.355316586813423,-0.45830290372930194,3.229487418731579,0.0,4.305069882290531,4.295819368570479,114.3322819864067,116.9967300696036,0.0
7.5600000000000005,3.439922160638758,-0.44265561270315046,3.407163990288999,0.0,4.348253919278577,4.294399312884829,114.00917037254301,116.9967300696036,0.0
7.561,3.49758713234659,-0.4117279866585357,3.5985953941914484,0.0,4.383731981044611,4.3112232640306365,113.22720270955989,116.9967300696036,0.0
7.562,3.5518056239113935,-0.3723595056432118,4.027274499283446,0.0,4.4133233750973835,4.369765629404511,113.76600883470044,116.9967300696036,0.0
7.563,3.624199098724244,-0.34657560572072893,3.790178649062201,0.0,4.443367322100941,4.387624465757252,113.00791458330764,116.9967300696036,0.0
7.564,3.688390976437987,-0.3180161757769395,4.209113929621563,0.0,4.469309059744829,4.448818480738434,115.16748775627555,116.9967300696036,0.0
7.565,3.765537594578359,-0.3111289454992815,3.1476197662708882,0.0,4.4983040240913414,4.377689347993416,115.72380956389678,116.9967300696036,0.0
7.566,3.761909373432762,-0.3124528505078512,2.8821880675173412,0.0,4.51750108058242,4.299160650235587,115.90484749096925,116.9967300696036,0.0
7.567,3.7119438372724187,-0.30117252396868255,2.8025879297674514,0.0,4.5256714866792125,4.229762756503879,116.4614762091583,116.9967300696036,0.0
7.5680000000000005,3.637422686926768,-0.2863745545055731,2.529626109277374,0.0,4.524570089417606,4.146589565055028,116.93020652679714,116.9967300696036,0.0
7.569,3.5383260876404035,-0.2715174364751773,2.2959261858860236,0.0,4.513775209448563,4.058801594074797,116.87843247517952,116.9967300696036,0.0
7.57,3.4234658937724247,-0.25502596492157276,2.3229961876390712,0.0,4.493615529687807,3.9956712869550484,116.87932653910129,116.9967300696036,0.0
7.571,3.313710037087863,-0.24527034432062578,2.323723190983213,0.0,4.468250583640583,3.947571855218147,117.0011891231192,116.9967300696036,0.0
7.572,3.216582818487244,-0.2454370379657017,2.262747308439098,0.0,4.440728081531361,3.9046176904161407,117.16011202272291,116.9967300696036,0.0
7.573,3.131199518335932,-0.254169126207343,2.1816520391060497,0.0,4.412621275922989,3.8633168619128577,117.30472042440059,116.9967300696036,0.0
7.574,3.054728965492284,-0.26902405647207706,2.106267934719244,0.0,4.38474178947183,3.823412064721135,117.43678509055542,116.9967300696036,0.0
7.575,2.9848674916424924,-0.2880209821055662,2.0358350514323096,0.0,4.357600884463653,3.7846360790808147,117.56810757066907,116.9967300696036,0.0
7.5760000000000005,2.919721087315334,-0.3096291171268454,1.9644600363648284,0.0,4.331483396988266,3.7463441684166447,117.70198703742474,116.9967300696036,0.0
7.577,2.857538575709221,-0.3325791872651722,1.8904677333087805,0.0,4.306456893559005,3.7080329091192636,117.83486025489408,116.9967300696036,0.0
7.578,2.7968229248453316,-0.35584019998377414,1.8156498227212068,0.0,4.282431125240592,3.6696169747535876,117.9624651448208,116.9967300696036,0.0
7.579,2.7365328210774846,-0.3786813634246892,1.7421900270056772,0.0,4.25924625816877,3.631332413475631,118.08236379478883,116.9967300696036,0.0
7.58,2.676138602381282,-0.40068076317476103,1.671384364769807,0.0,4.236742944014433,3.593544259748401,118.19379304346839,116.9967300696036,0.0
7.581,2.615535138787576,-0.42166662499949,1.6036991106913807,0.0,4.214799596706026,3.556609707460537,118.2968919278586,116.9967300696036,0.0
7.582,2.5548965229125593,-0.4416313048757111,1.5391480499137278,0.0,4.19334338506781,3.520814724636177,118.39035211527097,116.9967300696036,0.0
7.583,2.494563430547483,-0.4606057669260675,1.478481735750866,0.0,4.172340840337756,3.4864560889817002,118.47883524430104,116.9967300696036,0.0
7.5840000000000005,2.4349295550325736,-0.478745205094133,1.4194191194888583,0.0,4.151808280093245,3.4534992331554633,118.56133691759143,116.9967300696036,0.0
7.585,2.376260046694279,-0.4961393194954117,1.3625222143637825,0.0,4.1317652484930205,3.421974080648323,118.6359000010665,116.9967300696036,0.0
7.586,2.3187741565824105,-0.5128340836230547,1.3088489733116186,0.0,4.112236487712133,3.3919988055963106,118.70224765327097,116.9967300696036,0.0
7.587,2.2627028879619218,-0.5288740753720774,1.2586199713727098,0.0,4.093260526955249,3.363672704815788,118.76123860158445,116.9967300696036,0.0
7.588,2.208267276566121,-0.5443022914749472,1.2114794118961618,0.0,4.074886256049827,3.337025651081931,118.8137615322062,116.9967300696036,0.0
7.589,2.155639348043072,-0.5591423687892033,1.1670476319592615,0.0,4.0571628332050995,3.312034501456201,118.86025166815433,116.9967300696036,0.0
7.59,2.104928613577129,-0.5733897793113059,1.1251673479996875,0.0,4.0401314520665625,3.288659512578411,118.90074989932207,116.9967300696036,0.0
7.591,2.0561952344751617,-0.587016806302817,1.0858780341186374,0.0,4.023822209017945,3.2668694271437833,118.93511984450635,116.9967300696036,0.0
7.5920000000000005,2.0094734250562096,-0.5999839998265162,1.0493091637774694,0.0,4.008255002748416,3.2466498085941025,118.9632019388571,116.9967300696036,0.0
7.593,1.9647916510485195,-0.6122507379321452,1.0156033979095591,0.0,3.9934422245072563,3.2280012627770356,118.98486717561532,116.9967300696036,0.0
7.594,1.9221847287712652,-0.6237817757294031,0.9848894084703297,0.0,3.9793916162851466,3.2109347562483452,119.00000792439864,116.9967300696036,0.0
7.595,1.8816987861896797,-0.634549998044538,0.9572862555307173,0.0,3.966108612309071,3.1954680170825465,119.008504169678,116.9967300696036,0.0
7.596,1.8433920588277313,-0.6445368592567958,0.9329203918902929,0.0,3.95359810732422,3.1816243185486717,119.01018219392665,116.9967300696036,0.0
7.597,1.8073342786038293,-0.6537319450380168,0.9119468585227386,0.0,3.941865873808281,3.169433797886681,119.00476806605894,116.9967300696036,0.0
7.598,1.7736065740281868,-0.6621326565345567,0.8945735424920398,0.0,3.930919938984541,3.1589372462106757,118.99186113805169,116.9967300696036,0.0
7.599,1.74230298161413,-0.6697448009646138,0.881075695811186,0.0,3.9207722712479165,3.1501908443650994,118.97127269244866,116.9967300696036,0.0
7.6000000000000005,1.7135324095218993,-0.6765858790972372,0.8716244923842476,0.0,3.9114411272506855,3.143251389026271,118.9449281281234,116.9967300696036,0.0
7.601,1.6874065240179759,-0.6826911195947512,0.8653147939616852,0.0,3.9029523177926944,3.138059351713896,118.91016097968122,116.9967300696036,0.0
7.602,1.6640220899241545,-0.6879900198284441,0.8635640590819946,0.0,3.8953150121699958,3.134719182229701,118.88135601341264,116.9967300696036,0.0
7.603,1.6434243866280682,-0.6926224498700992,0.8591202827781945,0.0,3.8885639984633924,3.132509894108666,118.84608567293694,116.9967300696036,0.0
7.604,1.6252275145009563,-0.6965434582473975,0.8582618969827138,0.0,3.8826521439364328,3.1315921276556296,118.80969754351766,116.9967300696036,0.0
7.605,1.6094388082116877,-0.6995077719791608,0.8583262869532131,0.0,3.877526562643586,3.1317454081204614,118.76552346176983,116.9967300696036,0.0
7.606,1.5958932385204387,-0.7014418291985529,0.862725393905464,0.0,3.873111970683323,3.133186185877711,118.70637763165858,116.9967300696036,0.0
7.607,1.5846482249123142,-0.7023469394102373,0.875201833340538,0.0,3.8693631372459025,3.136471339731527,118.63683193026132,116.9967300696036,0.0
7.6080000000000005,1.5760570569918988,-0.7024184270289,0.8935736654325908,0.0,3.8663165150735406,3.141781810327158,118.56113021039998,116.9967300696036,0.0
7.609,1.5704548826625613,-0.7018584870131848,0.9157805239552985,0.0,3.864043293900064,3.1490459352595894,118.48037344197822,116.9967300696036,0.0
7.61,1.5680189301885958,-0.7007954433833156,0.9413224744424347,0.0,3.86261247193805,3.158155804578633,118.39181863304033,116.9967300696036,0.0
7.611,1.5687955279466128,-0.6993012935134657,0.9716489932770103,0.0,3.8620819930547556,3.1691823170583797,118.28635451556984,116.9967300696036,0.0
7.612,1.5728316670162448,-0.697473486158848,1.0114848075525926,0.0,3.8625210959974567,3.1826955954637124,118.12893980567387,116.9967300696036,0.0
7.613,1.5805173900151888,-0.6954273269482234,1.078870065139877,0.0,3.8640608170467976,3.2011104083754383,117.92866654424505,116.9967300696036,0.0
7.614,1.5936827216283587,-0.6933822497602984,1.1696873311078722,0.0,3.8670835503838132,3.2257824295340747,117.82988686696758,116.9967300696036,0.0
7.615,1.6139007009027166,-0.6923045403424865,1.2107456017729636,0.0,3.87217311523891,3.2498054346199803,117.82443950418839,116.9967300696036,0.0
7.6160000000000005,1.6381772483023247,-0.6912291635180682,1.2051921888167125,0.0,3.87904850976058,3.2684453971297547,117.81414432538692,116.9967300696036,0.0
7.617,1.6622083739608615,-0.6879337076987694,1.2021656356596147,0.0,3.8867486147091816,3.283230857774556,117.76115379712284,116.9967300696036,0.0
7.618,1.6843069684635341,-0.6812338489543242,1.2210166625164598,0.0,3.8944532253237063,3.297221127196852,117.73564062962312,116.9967300696036,0.0
7.619,1.7050736757332259,-0.6715466644833364,1.2263841406661269,0.0,3.9017878101146444,3.308921391211627,117.74324618376167,116.9967300696036,0.0
7.62,1.7235725033636327,-0.6599894721544861,1.2151162024552713,0.0,3.908384543516503,3.3170647353526808,117.52543089449583,116.9967300696036,0.0
7.621,1.739344283722457,-0.6458707746393668,1.3187368388392704,0.0,3.913698453188907,3.3350144602409966,117.3244780689264,116.9967300696036,0.0
7.622,1.7599888875792313,-0.6314522794580835,1.4159357716307577,0.0,3.918831096888111,3.3592430912302875,117.14950040033507,116.9967300696036,0.0
7.623,1.7875098605850543,-0.6188272323888508,1.5018969026191054,0.0,3.9246287690905213,3.3872249975793,116.90888935733018,116.9967300696036,0.0
7.6240000000000006,1.8217554353672534,-0.6085022851821574,1.6230808312442844,0.0,3.931635370985548,3.421967297856555,116.35943075376971,116.9967300696036,0.0
7.625,1.8641195067106144,-0.6014532594168988,1.9041831261828568,0.0,3.9407433993566863,3.479327849352631,116.30335526935944,116.9967300696036,0.0
7.626,1.9252345257014798,-0.6000135478009924,1.939154616390434,0.0,3.9545888020202207,3.5265999781340995,116.4402704172859,116.9967300696036,0.0
7.627,1.9918176823451939,-0.6003118410077167,1.876261638950382,0.0,3.971824086664447,3.556548494842392,116.48905365347304,116.9967300696036,0.0
7.628,2.0525140140606517,-0.5959664723037815,1.8569467850181205,0.0,3.9898497210255806,3.5777192192638676,116.41082473508324,116.9967300696036,0.0
7.6290000000000004,2.1049400939975884,-0.5852456401862001,1.9019202975582226,0.0,4.007054026546855,3.598555764122133,116.27051634357206,116.9967300696036,0.0
7.63,2.152244501061972,-0.5699138698905505,1.9793366305741298,0.0,4.02304226959048,3.622415922575337,116.10985512405347,116.9967300696036,0.0
7.631,2.1983086724891043,-0.552547377407317,2.068535989788925,0.0,4.038060707704864,3.649932640884709,115.9102735579944,116.9967300696036,0.0
7.632000000000001,2.2461570560234696,-0.5349481413039191,2.17919133793455,0.0,4.052566722792208,3.6826769454039456,115.66952660771678,116.9967300696036,0.0
7.633,2.2987702515634987,-0.518395810834281,2.312836847692231,0.0,4.067251802832113,3.721882905897822,115.42616989962197,116.9967300696036,0.0
7.634,2.358410763318786,-0.5043803892050333,2.4502208034394517,0.0,4.083012797842894,3.7663782340432355,115.2175773068487,116.9967300696036,0.0
7.635,2.4258637294097856,-0.49325604516752486,2.572308627453636,0.0,4.100563702539306,3.81323252880682,115.06796469472341,116.9967300696036,0.0
7.636,2.500031613379508,-0.4841151609026926,2.666402587265079,0.0,4.120150692413678,3.8588020043270426,114.96203957212083,116.9967300696036,0.0
7.6370000000000005,2.578065770723689,-0.4754257118374804,2.739712053541199,0.0,4.141471500298111,3.901054254506776,114.85543556011628,116.9967300696036,0.0
7.638,2.6569826745898584,-0.4656935644385547,2.8144270046383486,0.0,4.1639018106888415,3.940798392563068,114.72144275280245,116.9967300696036,0.0
7.639,2.735367720522142,-0.45420366632907894,2.904176281463276,0.0,4.186896936528079,3.9801032327786854,114.56250720330758,116.9967300696036,0.0
7.640000000000001,2.813516475381276,-0.4411395069982489,3.007986284873671,0.0,4.2102008752596545,4.020486196588378,114.39333666563505,116.9967300696036,0.0
7.641,2.8925056782782925,-0.42713078748778943,3.1186054877496208,0.0,4.233802398946203,4.062383945402427,114.22441202565363,116.9967300696036,0.0
7.642,2.973308811904479,-0.41276173385646864,3.2307909881798267,0.0,4.257793036441158,4.105587832052379,114.05797869244509,116.9967300696036,0.0
7.643,3.0564641025702923,-0.39836933384438256,3.3433951685556846,0.0,4.282265525386597,4.149795947986897,113.89230937528423,116.9967300696036,0.0
7.644,3.142164536878874,-0.3840826591705413,3.4572740340793096,0.0,4.307283966816945,4.194835639759062,113.72610735274425,116.9967300696036,0.0
7.6450000000000005,3.2304417942274073,-0.3699267857755393,3.5730812725178915,0.0,4.332890253954759,4.240619720104799,113.5593542128186,116.9967300696036,0.0
7.646,3.3212650315343346,-0.35588715754655587,3.6908316010485644,0.0,4.359111520042131,4.2870727013534555,113.39215580820624,116.9967300696036,0.0
7.647,3.4145690907312423,-0.34193033180203636,3.81047654596872,0.0,4.38596110309602,4.334130737603301,113.22425867985022,116.9967300696036,0.0
7.648000000000001,3.5102758543009602,-0.3280145537882635,3.9321498240442625,0.0,4.413440364145437,4.381760836271962,113.05546359890096,116.9967300696036,0.0
7.649,3.608318621536672,-0.314102125914407,4.055960029225922,0.0,4.441543499670792,4.4299506042076935,112.88583073423163,116.9967300696036,0.0
7.65,3.708651633916168,-0.30016489910810584,4.181885454914304,0.0,4.47026132776723,4.478689199986906,115.15417712011417,116.9967300696036,0.0
7.651,3.790383229338516,-0.3214480730721905,3.0661377914679293,0.0,4.503461754036057,4.393447076389192,116.77311694650372,116.9967300696036,0.0
7.652,3.7864026274903533,-0.3285393053720318,2.2589040095041533,0.0,4.525385129131573,4.243666150554104,116.28510336256092,116.9967300696036,0.0
7.6530000000000005,3.694578243643647,-0.3051654783532314,2.5100270685459813,0.0,4.52749604083896,4.156812405330968,116.14033168558369,116.9967300696036,0.0
7.654,3.584051422777781,-0.2771569078449172,2.5909768908747948,0.0,4.51786328236757,4.096488082123416,116.54077334942025,116.9967300696036,0.0
7.655,3.476550685131587,-0.25783591988855603,2.3953156261583484,0.0,4.501316144452447,4.029620490979805,116.87871447566017,116.9967300696036,0.0
7.656000000000001,3.3675015238230697,-0.24706078630073702,2.22752521897782,0.0,4.4787449063993785,3.962205013383824,116.83029165286226,116.9967300696036,0.0
7.657,3.259792820169663,-0.24081159251994566,2.253401014544192,0.0,4.451109584412007,3.914555667115029,116.85591294257014,116.9967300696036,0.0
7.658,3.1650106701158798,-0.2435469387601945,2.2419985409605836,0.0,4.421836240020733,3.8767436426938993,116.98923379357822,116.9967300696036,0.0
7.659,3.0845264335747813,-0.2554420694000683,2.1754130782167977,0.0,4.392990138534453,3.8404805546287566,117.15640717128754,116.9967300696036,0.0
7.66,3.0142868241868443,-0.2737937160054359,2.0902296183452993,0.0,4.365302068210482,3.8031763539303367,117.3134381176355,116.9967300696036,0.0
7.6610000000000005,2.9499694282251645,-0.29570366942049386,2.0085470646910006,0.0,4.338878963258669,3.765073037428008,117.45733354969249,116.9967300696036,0.0
7.662,2.8887058068439133,-0.3191737939750998,1.9319933138616152,0.0,4.313650451318657,3.7266294794183628,117.5947687948412,116.9967300696036,0.0
7.663,2.828772899346366,-0.3429823751824973,1.857295304034885,0.0,4.289484677458951,3.6880361660539522,117.72761423212329,116.9967300696036,0.0
7.664000000000001,2.7691214629118175,-0.366372527085445,1.7835637437686453,0.0,4.266210980546024,3.6494844440418177,117.85427750868641,116.9967300696036,0.0
7.665,2.70919135527064,-0.3889001658509583,1.7116566310962567,0.0,4.243653619868357,3.611283855224489,117.97307326149632,116.9967300696036,0.0
7.666,2.6488311709695576,-0.4103649594166955,1.6424953227723713,0.0,4.221667787281294,3.573799235628927,118.08341352517226,116.9967300696036,0.0
7.667,2.588194457401443,-0.43074425063924826,1.576458356378716,0.0,4.200159150092209,3.537358478163636,118.18452902732496,116.9967300696036,0.0
7.668,2.5276275524479463,-0.45009006226365045,1.514022615725155,0.0,4.179081547241961,3.502259363327215,118.27893737720866,116.9967300696036,0.0
7.6690000000000005,2.467552842508073,-0.4685375555409818,1.453996367707251,0.0,4.158437559337358,3.468586418857826,118.36773614668039,116.9967300696036,0.0
7.67,2.4083123097778314,-0.4862180762733088,1.3958869222006216,0.0,4.138251058124059,3.436340305020294,118.4491677866643,116.9967300696036,0.0
7.671,2.3501594015178098,-0.5032002869582519,1.3406467250380554,0.0,4.118549833616357,3.4056092397936695,118.52246541129337,116.9967300696036,0.0
7.672000000000001,2.2933325470637294,-0.5195334918263894,1.2887405593066261,0.0,4.099372455465407,3.3764933072874532,118.58817494019064,116.9967300696036,0.0
7.673,2.2380593078538884,-0.535261938238727,1.2399713461521191,0.0,4.080768018935609,3.349037466195626,118.64716468428728,116.9967300696036,0.0
7.674,2.18452461816822,-0.5504133044002567,1.1939721279569646,0.0,4.062787807763251,3.323230627163403,118.69997002627665,116.9967300696036,0.0
7.675,2.1328526908486607,-0.5649885842816992,1.1505370573955496,0.0,4.0454767009302515,3.299037150445659,118.74672074732159,116.9967300696036,0.0
7.676,2.0831147901704505,-0.5789642316971908,1.1096617900958976,0.0,4.028868925525665,3.2764244318204487,118.78732464253561,116.9967300696036,0.0
7.6770000000000005,2.035350717095321,-0.5923023201158708,1.071453896759568,0.0,4.012988089050917,3.2553747609547816,118.82163736909466,116.9967300696036,0.0
7.678,1.9895898458618153,-0.6049613509771377,1.0360484604851317,0.0,3.997849481647632,3.2358855095763195,118.8495377511887,116.9967300696036,0.0
7.679,1.9458649564968415,-0.6169036471000258,1.0035701926222576,0.0,3.983462872111732,3.2179648966110124,118.87093145323584,116.9967300696036,0.0
7.68,1.9042186397734315,-0.628098861999161,0.974131327762368,0.0,3.969834912910566,3.2016280374786135,118.88572338067996,116.9967300696036,0.0
7.681,1.864704875516973,-0.638524856596062,0.9478454309295432,0.0,3.956970970972946,3.1868950592373015,118.89378179279366,116.9967300696036,0.0
7.682,1.8273885730919137,-0.6481673939031698,0.9248457076407939,0.0,3.944876544562769,3.1737915296571164,118.89489804508929,116.9967300696036,0.0
7.683,1.7923450890479222,-0.6570196946168796,0.9053059017381213,0.0,3.93355853554103,3.1623511491981153,118.88874342586882,116.9967300696036,0.0
7.684,1.759660989519328,-0.6650825368999255,0.8894630777857024,0.0,3.923026679019562,3.1526205094148065,118.8748906207461,116.9967300696036,0.0
7.6850000000000005,1.7294365036344357,-0.6723656641264419,0.8776078748356393,0.0,3.913295459743996,3.1446619563247507,118.85371192102565,116.9967300696036,0.0
7.686,1.7017855633369816,-0.678893693895932,0.8696274061816445,0.0,3.904386759089359,3.138506195667576,118.82966358825009,116.9967300696036,0.0
7.687,1.6768027685217597,-0.6847082150576651,0.8633222373829617,0.0,3.8963276694645645,3.1339329751560414,118.78970847773925,116.9967300696036,0.0
7.688,1.6545477410404998,-0.6895905386991099,0.8653700085570208,0.0,3.8890960771400382,3.131497699325098,118.77854026507976,116.9967300696036,0.0
7.689,1.6350413094705154,-0.6941460728606628,0.8531360129320085,0.0,3.882796401986225,3.1291397318121907,118.72863095164351,116.9967300696036,0.0
7.69,1.6175983879306108,-0.6974719287511979,0.860771660829732,0.0,3.8772111864028473,3.129073511813883,118.69251657727418,116.9967300696036,0.0
7.691,1.6027713631996767,-0.7000263420851879,0.8618709829376927,0.0,3.8724255972858086,3.1299565047149693,118.64670740520755,116.9967300696036,0.0
7.692,1.5902878941559873,-0.7016109243114572,0.8682757956149663,0.0,3.8683556262821335,3.132191086935161,118.58640877042393,116.9967300696036,0.0
7.6930000000000005,1.5802107997409736,-0.7022324184480223,0.8825283259985732,0.0,3.8649686291336036,3.136282589743605,118.51661117087652,116.9967300696036,0.0
7.694,1.57286448552286,-0.7020746028571849,0.9022283147595511,0.0,3.8623059073244153,3.142358039636065,118.44085795973237,116.9967300696036,0.0
7.695,1.5685334597385843,-0.7013158872685652,0.9256636414303365,0.0,3.86043512212655,3.1503435080986244,118.35920599755804,116.9967300696036,0.0
7.696,1.5673584210085083,-0.7000702616089212,0.9528648632379593,0.0,3.8594205306280527,3.16018707632974,118.26711519671007,116.9967300696036,0.0
7.697,1.5693884640392641,-0.6984217593967368,0.9862064123908794,0.0,3.8593228761157734,3.1721053316559544,118.14755066267496,116.9967300696036,0.0
7.698,1.5747601725339777,-0.6964974503738466,1.0344804734777189,0.0,3.8602316236169467,3.1872281397222317,117.96050791164942,116.9967300696036,0.0
7.699,1.584329625599714,-0.6943939751670283,1.1183640705700326,0.0,3.86234963799211,3.208675074049001,117.79430312838838,116.9967300696036,0.0
7.7,1.6004664343034645,-0.6927244376910757,1.1934907316127035,0.0,3.8662379299921477,3.233934858697625,117.74635946677657,116.9967300696036,0.0
7.7010000000000005,1.6228271508602055,-0.6919116907480626,1.209966268446879,0.0,3.8721906644680706,3.255820225788518,117.75183561495058,116.9967300696036,0.0
7.702,1.647294680738978,-0.6901626828157843,1.1996771389064036,0.0,3.8795523988023715,3.272347948879024,117.72335955732959,116.9967300696036,0.0
7.703,1.6703884867231849,-0.6854876412938057,1.2066488728396398,0.0,3.8873339675241967,3.286533211762495,117.67041298449857,116.9967300696036,0.0
7.704,1.691702476060704,-0.6774267548936032,1.2263853301061993,0.0,3.894915958573385,3.300065797422505,117.68084053474757,116.9967300696036,0.0
7.705,1.7117155417582675,-0.666843371984223,1.214330450330257,0.0,3.9020094458276255,3.309491624940057,117.60310574889832,116.9967300696036,0.0
7.706,1.7284823336888515,-0.6543725067412394,1.2471340864619394,0.0,3.9080702057605627,3.3207689507481337,117.35959537244166,116.9967300696036,0.0
7.707,1.7454594066751683,-0.6398172263861521,1.365260621661886,0.0,3.9131762500943843,3.3424906923701836,117.20311032966752,116.9967300696036,0.0
7.708,1.7692334231196176,-0.6259683287013298,1.441439340448315,0.0,3.918566038215248,3.3673038868988923,116.99448761868496,116.9967300696036,0.0
7.7090000000000005,1.7990220563367982,-0.6142347462571232,1.5457731204487852,0.0,3.9247459618848834,3.3978506599095604,116.7223459351293,116.9967300696036,0.0
7.71,1.836463605486165,-0.6047120421952215,1.684587803571358,0.0,3.932432408866254,3.4363663412553445,116.0449850240483,116.9967300696036,0.0
7.711,1.8833666354088643,-0.5984192752018527,2.032785709567409,0.0,3.9426048019554156,3.5039278041930224,116.31341731575385,116.9967300696036,0.0
7.712,1.9523279004811165,-0.6008928128031259,1.9054026912531308,0.0,3.958851118835502,3.5411395402125976,116.47217813601063,116.9967300696036,0.0
7.713,2.0183551351355757,-0.6006967853477767,1.8312678004606735,0.0,3.9771476792334353,3.562800343352929,116.44672663512262,116.9967300696036,0.0
7.714,2.0742914119059166,-0.5931641757865046,1.8494935852494885,0.0,3.994954037128421,3.581378189355521,116.31908529505661,116.9967300696036,0.0
7.715,2.122402053050181,-0.5793261338858061,1.9200907030279615,0.0,4.011390685320705,3.6027295038969323,116.1705277251674,116.9967300696036,0.0
7.716,2.1673114225963195,-0.5622344079710422,2.0026315114169266,0.0,4.026577090716284,3.627503945309797,115.98486972107453,116.9967300696036,0.0
7.7170000000000005,2.2125003437870756,-0.5442277693573521,2.105579116948653,0.0,4.040912486725234,3.6572967240100134,115.74413189147069,116.9967300696036,0.0
7.718,2.2614721951208536,-0.5266907445037498,2.2384740135319046,0.0,4.055044614655551,3.6941977125751357,115.48625316981197,116.9967300696036,0.0
7.719,2.3173561189776697,-0.5113636123593412,2.3825181433591776,0.0,4.069943014362002,3.7376802072810325,115.26716927310811,116.9967300696036,0.0
7.72,2.38151490607751,-0.49949567009009754,2.509355699676065,0.0,4.08654762124022,3.7843173550411553,115.09251291846203,116.9967300696036,0.0
7.721,2.453233151509384,-0.49010614962085985,2.615726048510518,0.0,4.105241314377707,3.831136192395201,114.97880294597913,116.9967300696036,0.0
7.722,2.5301883273329246,-0.4818497100766036,2.692760305988217,0.0,4.125933208791675,3.874804693275522,114.88358066493144,116.9967300696036,0.0
7.723,2.6089819725524,-0.4730018625956457,2.76150294055878,0.0,4.148032065024815,3.9150691315212867,114.76647839983471,116.9967300696036,0.0
7.724,2.6873241425644188,-0.46241433984980185,2.8423565898048353,0.0,4.170871330431984,3.953893784388022,114.61846879760789,116.9967300696036,0.0
7.7250000000000005,2.7649004434583158,-0.4499452411155104,2.940144003638203,0.0,4.194043408951796,3.993318006139801,114.45248577745495,116.9967300696036,0.0
7.726,2.842693499548132,-0.4361658583697682,3.0485779566361577,0.0,4.217449660680115,4.034285401098883,114.28306059236903,116.9967300696036,0.0
7.727,2.9219029274734973,-0.4217847190517807,3.1604272439514673,0.0,4.241167895233991,4.076780657298705,114.1163143472339,116.9967300696036,0.0
7.728,3.0033262634171884,-0.4072879783394745,3.2726045237427295,0.0,4.265313001867284,4.120454746563262,113.95161107794402,116.9967300696036,0.0
7.729,3.087302376223753,-0.39289413588397903,3.3854073483042617,0.0,4.289972651500728,4.165039336419265,113.78691537698936,116.9967300696036,0.0
7.73,3.1739067403545578,-0.37865819874751505,3.4998533457077374,0.0,4.315202780495968,4.210405744795455,113.62156826627562,116.9967300696036,0.0
7.731,3.2631142843247725,-0.36456947291590946,3.616278519097887,0.0,4.341039136959191,4.256474048137016,113.4557380862215,116.9967300696036,0.0
7.732,3.3548594223649237,-0.3505936288683782,3.7346035289587656,0.0,4.367502232523336,4.303170766396825,113.28933377367785,116.9967300696036,0.0
7.7330000000000005,3.4490560293699355,-0.33668522126929656,3.854879648189847,0.0,4.3945985239616245,4.350447070013731,113.12206566812404,116.9967300696036,0.0
7.734,3.545621796519686,-0.3227991101966823,3.9772603449815507,0.0,4.422324428475777,4.398284219551124,112.95385307589791,116.9967300696036,0.0
7.735,3.6444960150275816,-0.3089003210461867,4.101795411031671,0.0,4.450671451796425,4.446674788519419,114.81427220773583,116.9967300696036,0.0
7.736,3.7420573712770233,-0.30108053263004053,3.1934104237313914,0.0,4.480301640847567,4.38215029665706,115.59725328697398,116.9967300696036,0.0
7.737,3.7518901892344094,-0.310305372066888,2.81591465193861,0.0,4.501609292029573,4.294494591449029,115.46045463784203,116.9967300696036,0.0
7.738,3.7066779151680187,-0.2999949997192246,2.899676730822199,0.0,4.510794218219964,4.2357956866020015,115.97760509926599,116.9967300696036,0.0
7.739,3.6416796804218188,-0.2873248729874871,2.651292749813599,0.0,4.5119001510896,4.162422989240352,116.623536006832,116.9967300696036,0.0
7.74,3.55428297788895,-0.2754214324655542,2.3320592366583095,0.0,4.50437554374601,4.0728299631959874,116.73106486542653,116.9967300696036,0.0
7.7410000000000005,3.44491798090459,-0.26107387465013465,2.280951459402813,0.0,4.487184897577867,4.0001704412981,116.64671806143754,116.9967300696036,0.0
7.742,3.3330994873634205,-0.24945872797926327,2.32662498147897,0.0,4.463313173281108,3.9497993564938034,116.71514723229183,116.9967300696036,0.0
7.743,3.2331180697724076,-0.24712673167804367,2.295226224424944,0.0,4.43665114480717,3.9080473802431577,116.88487032229592,116.9967300696036,0.0
7.744,3.1462787694915155,-0.254206423421808,2.211483276895972,0.0,4.409282207610388,3.8674591709675243,117.05783602009228,116.9967300696036,0.0
7.745,3.069023675774869,-0.26801262265672143,2.1243893684929063,0.0,4.382039228204123,3.8270796557567515,117.20501614630984,116.9967300696036,0.0
7.746,2.9982268316896103,-0.2860845815918107,2.0487164446170625,0.0,4.355332448707917,3.787575813496328,117.33988306168109,116.9967300696036,0.0
7.747,2.931975642812274,-0.3068054529406763,1.9778514570106633,0.0,4.329444539194314,3.7488929204500328,117.47441230576958,116.9967300696036,0.0
7.748,2.8688193369444677,-0.3290196185606482,1.905810012604762,0.0,4.304513480832151,3.710558298505111,117.6094025444151,116.9967300696036,0.0
7.7490000000000006,2.8074571136309743,-0.3517826225026863,1.8321881685338828,0.0,4.280523854889135,3.6723043260205315,117.74094547693984,116.9967300696036,0.0
7.75,2.7468610097480552,-0.3743615108372924,1.7589745481981516,0.0,4.257363841969351,3.634211457587874,117.86576631704965,116.9967300696036,0.0
7.751,2.6864126006825364,-0.3962793215172158,1.687873765668788,0.0,4.234895713789724,3.596566288790008,117.9824439581873,116.9967300696036,0.0
7.752,2.6258967141486007,-0.4172991605624061,1.6196778062141233,0.0,4.2130028857364445,3.559700539767325,118.09081373230134,116.9967300696036,0.0
7.753,2.5653958319011645,-0.43735989082053073,1.5545520825301264,0.0,4.191609247524166,3.523900151012767,118.18946727269457,116.9967300696036,0.0
7.7540000000000004,2.5051891154188954,-0.4564537238477444,1.493297940302602,0.0,4.170674648588072,3.4894714688948247,118.2833330095203,116.9967300696036,0.0
7.755,2.445630826855178,-0.4747195458119391,1.4334990424905683,0.0,4.1502089434195835,3.456376202335205,118.37088927956523,116.9967300696036,0.0
7.756,2.3869611556361385,-0.4922311640090319,1.3759793153684878,0.0,4.13022390189402,3.424672791857847,118.45017920066093,116.9967300696036,0.0
7.757000000000001,2.3294001262189257,-0.5090319483097782,1.3217998635100678,0.0,4.110739993564387,3.394501692366166,118.52111377044193,116.9967300696036,0.0
7.758,2.2731922898871133,-0.5251718413667923,1.2710887416111838,0.0,4.091794746511814,3.3659701348027253,118.58468133077248,116.9967300696036,0.0
7.759,2.2185722722055625,-0.5407002616014247,1.2234254488342176,0.0,4.0734375957033935,3.3391074808855454,118.6417948450835,116.9967300696036,0.0
7.76,2.1657208606578147,-0.5556450661073534,1.1784180439239123,0.0,4.055718538877405,3.313888650760315,118.69286053229273,116.9967300696036,0.0
7.761,2.11475226371666,-0.5700037359202204,1.1359238956924052,0.0,4.038679510355846,3.2902735472566946,118.73788944259131,116.9967300696036,0.0
7.7620000000000005,2.065729450120892,-0.5837494310057544,1.0959978468132363,0.0,4.02235131409736,3.2682319508830098,118.77673466240088,116.9967300696036,0.0
7.763,2.018688880784814,-0.5968432206565752,1.0587751909804768,0.0,4.0067546377380925,3.247750697359044,118.80924273794682,116.9967300696036,0.0
7.764,1.9736609621017136,-0.6092448451713647,1.0243960265240775,0.0,3.991902744462473,3.228831085381453,118.83529855693149,116.9967300696036,0.0
7.765000000000001,1.9306818943069672,-0.6209191525140749,0.9929824321584619,0.0,3.977804236879205,3.2114839598089957,118.85481016079542,116.9967300696036,0.0
7.766,1.889798371585922,-0.6318387057648949,0.9646458293145774,0.0,3.964465275281181,3.1957262024876534,118.86767387024241,116.9967300696036,0.0
7.767,1.851068286462513,-0.6419841671278952,0.9395045365846946,0.0,3.951891239328248,3.181579622703159,118.87373582038056,116.9967300696036,0.0
7.768,1.8145601413326413,-0.6513438817741779,0.9177035040078516,0.0,3.940088062989619,3.169072191758719,118.8727493246489,116.9967300696036,0.0
7.769,1.7803529412666714,-0.6599135800308541,0.8994365593232319,0.0,3.9290635308521815,3.158241543241279,118.86433838915175,116.9967300696036,0.0
7.7700000000000005,1.748537613260386,-0.6676968444543674,0.8849659438763198,0.0,3.9188288491807626,3.1491400221895556,118.84813424987841,116.9967300696036,0.0
7.771,1.7192196756006133,-0.6747074336675525,0.8745539717102422,0.0,3.9094008157405296,3.141831394154576,118.82533323111029,116.9967300696036,0.0
7.772,1.69251442381102,-0.6809768845962711,0.8676684494792357,0.0,3.9008042565508476,3.1363019361755793,118.80636475894968,116.9967300696036,0.0
7.773000000000001,1.6684826813978777,-0.6865560509365969,0.8590563386660792,0.0,3.893065421270383,3.131963730255926,118.76134665672149,116.9967300696036,0.0
7.774,1.6469942409361027,-0.6910767759606828,0.8639192239089994,0.0,3.886108137015247,3.1300299109117087,118.73574646041521,116.9967300696036,0.0
7.775,1.628300404034087,-0.6952481435774727,0.859329158154019,0.0,3.8800668424388083,3.128881646645525,118.69889989832535,116.9967300696036,0.0
7.776,1.6120443280845618,-0.6984603396616732,0.8607307409117331,0.0,3.8748264787864892,3.1290453840946433,118.6626686149934,116.9967300696036,0.0
7.777,1.5981495154684866,-0.7007433138723023,0.8621869971238141,0.0,3.8703455304466394,3.130180752417642,118.61077066697612,116.9967300696036,0.0
7.7780000000000005,1.5864550073717196,-0.70195770787549,0.8719955651587239,0.0,3.866536967371322,3.132966316760559,118.54609095266909,116.9967300696036,0.0
7.779,1.5772387749991006,-0.7022473141649437,0.8888418134815856,0.0,3.863407529789634,3.1377443104768403,118.4739008019257,116.9967300696036,0.0
7.78,1.570877502820601,-0.7018326243487403,0.9101651815300624,0.0,3.861020323395067,3.1445162466813343,118.39648019849751,116.9967300696036,0.0
7.781000000000001,1.5676184884081028,-0.7008772006732412,0.9348779819552138,0.0,3.8594480815542624,3.1531723218557963,118.31227303616092,116.9967300696036,0.0
7.782,1.5675550673186733,-0.699475066252284,0.963826133457939,0.0,3.858753990865434,3.16371712016549,118.21424171902156,116.9967300696036,0.0
7.783,1.570731083032008,-0.6977172256580549,1.0006666755334388,0.0,3.859004447955302,3.1765510117492495,118.07464273340703,116.9967300696036,0.0
7.784,1.5774081755004745,-0.6957301826078307,1.0596870417026674,0.0,3.8603122521649773,3.1935476747270815,117.87404526131724,116.9967300696036,0.0
7.785,1.5890178380475546,-0.6936417171382421,1.1512126258304294,0.0,3.862979081480317,3.2172427704649653,117.7507366132235,116.9967300696036,0.0
7.7860000000000005,1.6077001829254338,-0.6923821199163456,1.2053268844411007,0.0,3.8676310663981965,3.2419333908553964,117.73461760679284,116.9967300696036,0.0
7.787,1.6313405001562566,-0.6915184804993059,1.2060075122845366,0.0,3.874204510499676,3.2617402627286305,117.73422637770345,116.9967300696036,0.0
7.788,1.6555309394208368,-0.6888920910136891,1.198828163748232,0.0,3.8818210309290846,3.2770027120604652,117.69001671528774,116.9967300696036,0.0
7.789000000000001,1.6778781976720467,-0.6829766227402653,1.2140001284992459,0.0,3.889577706633515,3.291024984095045,117.65130433125326,116.9967300696036,0.0
7.79,1.6987394293205889,-0.6738883219104206,1.2268105778999905,0.0,3.8970203835624107,3.303606863384354,117.6753287114066,116.9967300696036,0.0
7.791,1.7178380178443542,-0.6627158756390876,1.2080124014052858,0.0,3.9038388946458014,3.3115866861080683,117.50285830438544,116.9967300696036,0.0
7.792,1.733556999588572,-0.6491919265418501,1.2891863225680504,0.0,3.9093976269552395,3.327029388653975,117.27818869697647,116.9967300696036,0.0
7.793,1.7525547599364124,-0.6346798768770658,1.3987065399988068,0.0,3.914483670316173,3.3507866150611703,117.09228320716957,116.9967300696036,0.0
7.7940000000000005,1.778731239594076,-0.6217124588980752,1.4907037535265963,0.0,3.9201555365006895,3.379011779318623,116.83004051662506,116.9967300696036,0.0
7.795,1.812266328874769,-0.6110382415118274,1.6234919943286372,0.0,3.927038242759804,3.41524125309743,116.25018132435648,116.9967300696036,0.0
7.796,1.8552952053178884,-0.6035046672752827,1.9208870779154015,0.0,3.9361336747787288,3.4755238013948553,116.39734727733183,116.9967300696036,0.0
7.797000000000001,1.9174617226192332,-0.603978044979822,1.8532979293504408,0.0,3.9504752257153677,3.5138708527477003,116.49710667345599,116.9967300696036,0.0
7.798,1.9797934820705188,-0.6030728653935019,1.8084144652498388,0.0,3.96711302316209,3.539321236126881,116.47100561149068,116.9967300696036,0.0
7.799,2.035384988961661,-0.5965854579702431,1.8267222408136212,0.0,3.9839275161813585,3.5608613027023237,116.3628153746912,116.9967300696036,0.0
7.8,2.084774926364397,-0.584706654938165,1.8871565061624889,0.0,3.999972772296952,3.5835165253094976,116.22905652989249,116.9967300696036,0.0
7.801,2.131095157618308,-0.5694939604013466,1.961712663958953,0.0,4.015124416692974,3.6085062599077338,116.06939156935775,116.9967300696036,0.0
7.8020000000000005,2.1771258598711793,-0.5528778333013253,2.0508185292287817,0.0,4.029584223073582,3.636968094152188,115.85846880300701,116.9967300696036,0.0
7.803,2.225515671245886,-0.5361869045874659,2.1676625250701145,0.0,4.0437743913530495,3.671128934271415,115.61246505957612,116.9967300696036,0.0
7.804,2.2792773132120248,-0.520665436049547,2.3045070468858344,0.0,4.058421174564462,3.7117472821454554,115.38697003234505,116.9967300696036,0.0
7.805000000000001,2.340237824035975,-0.5079625856462995,2.433352160873958,0.0,4.07442301538316,3.7564049511027964,115.19087010370153,116.9967300696036,0.0
7.806,2.408507778836682,-0.49773275991169325,2.5494607248547387,0.0,4.092292186688946,3.8027804382244392,115.05438566553204,116.9967300696036,0.0
7.807,2.482748055007569,-0.4890504948536569,2.6371263879801994,0.0,4.112159238677281,3.8473037002376986,114.95347680671314,116.9967300696036,0.0
7.808,2.5600465973839253,-0.4803696710808321,2.708013350018552,0.0,4.133623843703678,3.888521813541739,114.84614007800754,116.9967300696036,0.0
7.809,2.6377186972166404,-0.4703576627403568,2.783187614287315,0.0,4.1560492868781145,3.92755392990936,114.71049759731494,116.9967300696036,0.0
7.8100000000000005,2.714721551026582,-0.4585045777416592,2.8738711793564997,0.0,4.1789316781054175,3.966455235551821,114.55118388197855,116.9967300696036,0.0
7.811,2.7915841429300046,-0.44513095643308004,2.9779834989009477,0.0,4.20206339328028,4.006615312680685,114.38271008775583,116.9967300696036,0.0
7.812,2.869463378805173,-0.4309144927834486,3.0883605958307854,0.0,4.225467869862168,4.04837482105375,114.21498046927098,116.9967300696036,0.0
7.813,2.9493288980098846,-0.41643559581704265,3.2000429010765323,0.0,4.2492573355933665,4.091473694101667,114.05003850652423,116.9967300696036,0.0
7.814,3.0316833622937747,-0.4020091362041992,3.311980798080702,0.0,4.273535620468488,4.135577636156732,113.88604977530653,116.9967300696036,0.0
7.815,3.116674465373536,-0.38773796504896296,3.4250819666325225,0.0,4.298370906830657,4.180495285368528,113.7215347341047,116.9967300696036,0.0
7.816,3.2042913015162466,-0.3736232428887671,3.540091440588431,0.0,4.323804521751718,4.226136787800091,113.55635056862812,116.9967300696036,0.0
7.817,3.2944724060348274,-0.3596332119367117,3.657087318336473,0.0,4.349861169240708,4.272433200157714,113.3906162355995,116.9967300696036,0.0
7.8180000000000005,3.3871356050027206,-0.3457250382847401,3.776015623190826,0.0,4.376551794424364,4.3193266499436875,113.22412588407705,116.9967300696036,0.0
7.819,3.4821947268839377,-0.3318530749219719,3.896986840807312,0.0,4.403875867834864,4.366787496741445,113.05668333978129,116.9967300696036,0.0
7.82,3.579579762751969,-0.3179785729137761,4.020108580253419,0.0,4.431826142996818,4.4148065826367136,112.88829970351797,116.9967300696036,0.0
7.821,3.6792444991143087,-0.3040745825888994,4.1453847020459325,0.0,4.460392605316449,4.463378672820188,115.01484738559385,116.9967300696036,0.0
7.822,3.765295235673715,-0.31715471450804794,3.1019296878480893,0.0,4.492537484836819,4.385448453779679,115.48492191400469,116.9967300696036,0.0
7.823,3.7691582287073624,-0.31973067366459673,2.8820105051986618,0.0,4.513827408689131,4.305204762777692,116.23163293892249,116.9967300696036,0.0
7.824,3.7218504496774845,-0.30992516626010985,2.516305964046573,0.0,4.523859605649951,4.202328611184523,116.60597589437496,116.9967300696036,0.0
7.825,3.62817519918291,-0.290615550310714,2.3330420280726205,0.0,4.520574965074988,4.104072506665241,116.5034417582284,116.9967300696036,0.0
7.8260000000000005,3.5097869876586607,-0.26630044293086996,2.389241979259652,0.0,4.505311612453302,4.035414133293428,116.53632965775674,116.9967300696036,0.0
7.827,3.3934804897925117,-0.24874230632697103,2.3774020336139543,0.0,4.483020513803972,3.981840701113765,116.6866784731638,116.9967300696036,0.0
7.828,3.288177331361551,-0.24169136376483735,2.3053281418748237,0.0,4.457001159485812,3.93400605610103,116.8464085732089,116.9967300696036,0.0
7.829,3.1942871300638322,-0.24407985823381984,2.226966306816216,0.0,4.429133519915405,3.889728767777138,116.97805009884001,116.9967300696036,0.0
7.83,3.11049647654127,-0.25394917731555866,2.1613323437082963,0.0,4.400686655623952,3.848934396611814,117.10095563107045,116.9967300696036,0.0
7.831,3.03550912491416,-0.26962211254786733,2.098837321978411,0.0,4.372630370329849,3.810567365518426,117.23215188905809,116.9967300696036,0.0
7.832,2.967549231362905,-0.2895004377757084,2.0308849747900464,0.0,4.345572896878556,3.7731073158059116,117.37177074829916,116.9967300696036,0.0
7.833,2.9043823306681853,-0.311955501568916,1.957325138382557,0.0,4.3197464395661145,3.7355442253274838,117.51343880084396,116.9967300696036,0.0
7.8340000000000005,2.843853979620691,-0.33553419186219663,1.8813240247977525,0.0,4.295115424231405,3.6975567236436797,117.65129409253933,116.9967300696036,0.0
7.835,2.7843220425436477,-0.35913885620569236,1.8058507387207086,0.0,4.271509486436636,3.659306049830158,117.7820268662547,116.9967300696036,0.0
7.836,2.7248011448882004,-0.38207711655701787,1.7326313838965146,0.0,4.248726237035203,3.6211724328199497,117.90431655399358,116.9967300696036,0.0
7.837,2.6648897061583394,-0.40400394031395936,1.6624106751831724,0.0,4.2265905188826425,3.5835768174441247,118.01794625948432,116.9967300696036,0.0
7.838,2.604605767199617,-0.4248201301901385,1.5953836605389964,0.0,4.204979323656567,3.5468885461650594,118.12264681008655,116.9967300696036,0.0
7.839,2.544225406998,-0.44455444714884984,1.5317742178330511,0.0,4.183823033791888,3.5114202141726727,118.21932655789317,116.9967300696036,0.0
7.84,2.484152667096565,-0.46330673968315317,1.4712083790468462,0.0,4.163100948723624,3.4773611363407726,118.31068996356719,116.9967300696036,0.0
7.841,2.424771193970417,-0.48123347715499787,1.4123870772702025,0.0,4.142829582575558,3.444702307622533,118.39503226866289,116.9967300696036,0.0
7.8420000000000005,2.366358890981605,-0.49842161482499536,1.3562329027317581,0.0,4.123030897939454,3.4135250175773555,118.47116077773605,116.9967300696036,0.0
7.843,2.3091700614497976,-0.5149304004495899,1.3034243411138546,0.0,4.1037384378044495,3.383944836259108,118.53942526279631,116.9967300696036,0.0
7.844,2.253454054437034,-0.5308144114968656,1.2538651466517932,0.0,4.084999358910077,3.3560268737606265,118.60076166004978,116.9967300696036,0.0
7.845,2.199422613972315,-0.546113868166814,1.2071566321205967,0.0,4.066866491778512,3.3297707533497354,118.65584531923716,116.9967300696036,0.0
7.846,2.1472237248643755,-0.5608412166589495,1.1630236500305737,0.0,4.04938831308645,3.3051409787794106,118.7048967306924,116.9967300696036,0.0
7.847,2.0969439572568667,-0.5749803281702127,1.1214162776920666,0.0,4.032603003587878,3.2820996682063255,118.74784949126692,116.9967300696036,0.0
7.848,2.0486295969053154,-0.5884961671583798,1.0824287031881723,0.0,4.016537445155444,3.2606231802312426,118.78455000924855,116.9967300696036,0.0
7.849,2.002310306332911,-0.601346817197819,1.0462002448009087,0.0,4.0012092068832015,3.2407045088923137,118.81486157882037,116.9967300696036,0.0
7.8500000000000005,1.9580160237654318,-0.6134924662142024,1.0128631449228298,0.0,3.986629440195694,3.2223492626340366,118.83868229270283,116.9967300696036,0.0
7.851,1.915785556375406,-0.6249001007883914,0.9825332657506087,0.0,3.97280550886411,3.205571057209901,118.85592097281393,116.9967300696036,0.0
7.852,1.8756692459600517,-0.6355449921365456,0.9553220166629526,0.0,3.959743011825826,3.1903888300588887,118.86646120849883,116.9967300696036,0.0
7.853,1.8377287703237817,-0.645410560833864,0.9313545874315503,0.0,3.947447305419491,3.176826560410409,118.8701219561698,116.9967300696036,0.0
7.854,1.8020364234967592,-0.6544878448026575,0.9107902947304067,0.0,3.935924788238537,3.16491530257594,118.86661341252314,116.9967300696036,0.0
7.855,1.7686753635296468,-0.6627753446325136,0.8938457331245413,0.0,3.9251842491338267,3.1546974530853014,118.85552105437534,116.9967300696036,0.0
7.856,1.7377415972192916,-0.6702799193401204,0.88080400235072,0.0,3.9152386072100613,3.146231293558661,118.83678657178226,116.9967300696036,0.0
7.857,1.7093457608182576,-0.677020904736352,0.871770678625478,0.0,3.906107376172519,3.139568141831281,118.81278051312864,116.9967300696036,0.0
7.8580000000000005,1.6835962913340299,-0.6830348071434722,0.8656132035170336,0.0,3.8978170724768146,3.134619676427464,118.77781709319368,116.9967300696036,0.0
7.859,1.6605934696028068,-0.6882061472702822,0.8652840432486166,0.0,3.8903696610001743,3.131635210011608,118.76049870458804,116.9967300696036,0.0
7.86,1.640370955259022,-0.6928492205122601,0.8563055512015874,0.0,3.883827568684965,3.129214554927688,118.71962344049108,116.9967300696036,0.0
7.861,1.622330709794086,-0.6965523115261502,0.8595142495411969,0.0,3.87805852937199,3.128606699716172,118.68450255077416,116.9967300696036,0.0
7.862,1.6068008020435942,-0.6993815933635065,0.8601969695879521,0.0,3.8730797985611325,3.129053625714163,118.64198690037406,116.9967300696036,0.0
7.863,1.5935809568305446,-0.701225644184303,0.865002226480293,0.0,3.8688181862030753,3.1307786209848887,118.58471081854435,116.9967300696036,0.0
7.864,1.582701453262303,-0.7020706851070784,0.8777604599057418,0.0,3.865229748601192,3.1343248555409877,118.51717453201933,116.9967300696036,0.0
7.865,1.5744885907711748,-0.7020980973995553,0.8963241585440977,0.0,3.8623493431580513,3.1398666672355953,118.4433970521025,116.9967300696036,0.0
7.8660000000000005,1.5692557056245824,-0.7014988662589524,0.9187462286775225,0.0,3.860244969880294,3.147340536685934,118.3642164833624,116.9967300696036,0.0
7.867,1.5671698137007006,-0.7003970810785703,0.9446616489099842,0.0,3.8589832168169123,3.156660176647862,118.27631156425984,116.9967300696036,0.0
7.868,1.568281825044637,-0.6988692740872989,0.9758182935146997,0.0,3.858622562138825,3.167946573844382,118.16890653363403,116.9967300696036,0.0
7.869,1.5726686873512017,-0.6970293368453674,1.017799044187302,0.0,3.8592394976214974,3.1819031472410964,118.00300821505033,116.9967300696036,0.0
7.87,1.5808427976603285,-0.6949836455168,1.0906854220246847,0.0,3.8609837702218512,3.201268167390855,117.81249358870474,116.9967300696036,0.0
7.871,1.5948695814248026,-0.693056966385358,1.1777851000064679,0.0,3.8642986397859724,3.226262008474294,117.73305371244089,116.9967300696036,0.0
7.872,1.6157669939027435,-0.6921191293868324,1.210141801710019,0.0,3.869697511223504,3.249617745278446,117.7351928626487,116.9967300696036,0.0
7.873,1.640084452454349,-0.6908911339632761,1.2016875986756628,0.0,3.876766368071089,3.267458319879223,117.7208936504489,116.9967300696036,0.0
7.8740000000000006,1.66371028859042,-0.6871801631690008,1.201595568967111,0.0,3.88451646986086,3.281940474077633,117.66718339681368,116.9967300696036,0.0
7.875,1.6854104987183782,-0.6800395039435391,1.2217461625126183,0.0,3.8921914140846368,3.295816143869556,117.65433259000771,116.9967300696036,0.0
7.876,1.705850340540301,-0.6700624606730152,1.2215955407115628,0.0,3.899460362697725,3.306822286271959,117.64260517067038,116.9967300696036,0.0
7.877,1.7237073300624621,-0.6582844060004981,1.2210004993695618,0.0,3.9059072151084724,3.315630890536604,117.41129436778635,116.9967300696036,0.0
7.878,1.739611406770849,-0.6439840196960167,1.3325102578297465,0.0,3.9111349807578435,3.3349044649172,117.23257002785228,116.9967300696036,0.0
7.8790000000000004,1.7611613604422671,-0.6297295977701042,1.4195140282142988,0.0,3.9163423447315298,3.3590173214455983,117.05083027380745,116.9967300696036,0.0
7.88,1.7891285471042864,-0.6173767910302649,1.5098429031946738,0.0,3.922223993438565,3.387444876266414,116.80491152777654,116.9967300696036,0.0
7.881,1.8239181246929843,-0.6073579434732207,1.6347204616283992,0.0,3.929381687593102,3.422903901485621,116.19806711157169,116.9967300696036,0.0
7.882000000000001,1.8670353049682644,-0.6006690657391015,1.9461292993111439,0.0,3.938733926778922,3.48414399610473,116.22061682601688,116.9967300696036,0.0
7.883,1.9308112589945672,-0.6002872945372152,1.9426155745244158,0.0,3.9532998454532056,3.530110523937004,116.38435280159776,116.9967300696036,0.0
7.884,1.9982857275718415,-0.6009145939695528,1.8668713594140354,0.0,3.9710786456928657,3.5578558324359677,116.42950611620046,116.9967300696036,0.0
7.885,2.0583052698226414,-0.5960608384965984,1.8499669416467166,0.0,3.9893139106621054,3.5775750413438834,116.34065322705341,116.9967300696036,0.0
7.886,2.109492096507771,-0.5844948861268618,1.900954154645743,0.0,4.006473852819272,3.5978931379526413,116.1959646367074,116.9967300696036,0.0
7.8870000000000005,2.1557158282336477,-0.5684361213842285,1.9813061041477085,0.0,4.022298805823604,3.6216515192084713,116.03251877508993,116.9967300696036,0.0
7.888,2.2010328713431244,-0.5506204835342985,2.072671147901583,0.0,4.0371179691370225,3.649340555532274,115.82393993705743,116.9967300696036,0.0
7.889,2.248548905966115,-0.5328037156602095,2.188688468243292,0.0,4.051442431663829,3.6828172659776555,115.57480575154771,116.9967300696036,0.0
7.890000000000001,2.30145053353713,-0.5162746572335716,2.3274748041787094,0.0,4.066042090234301,3.7231410566940744,115.33526166830264,116.9967300696036,0.0
7.891,2.3618934183797973,-0.5026828399849371,2.4638615298142588,0.0,4.081884352706287,3.7683874095994714,115.13248659944084,116.9967300696036,0.0
7.892,2.4303256529235657,-0.4920161569806015,2.5838914989467847,0.0,4.099629607263623,3.815609665858363,114.99323615052015,116.9967300696036,0.0
7.893,2.50534632883871,-0.4832455930546109,2.6735516625979647,0.0,4.119464466789298,3.860978588252175,114.89361720566669,116.9967300696036,0.0
7.894,2.5838205094836324,-0.4747110606998989,2.7443922636640643,0.0,4.141001639682026,3.902808015728141,114.78762610654387,116.9967300696036,0.0
7.8950000000000005,2.662784941482278,-0.4649282732275759,2.8194788528560704,0.0,4.163577276734673,3.942257990832843,114.65190446479971,116.9967300696036,0.0
7.896,2.7410392816590345,-0.4532900394436068,2.9107879297761867,0.0,4.18665796975101,3.9814953316021744,114.49204042774589,116.9967300696036,0.0
7.897,2.8190716111261422,-0.4400860926450032,3.015766844721675,0.0,4.210018275732641,4.021950584631394,114.32347579249037,116.9967300696036,0.0
7.898000000000001,2.8980350802621944,-0.4259919086944952,3.126781705120568,0.0,4.233669755652461,4.063952530139986,114.1559278449801,116.9967300696036,0.0
7.899,2.9788929517144385,-0.4115872886608307,3.2389637011219388,0.0,4.25771271576696,4.107244568877475,113.9908754859029,116.9967300696036,0.0
7.9,3.0621493497097125,-0.39718928575384327,3.351548426497543,0.0,4.2822408496243245,4.1515245745190095,113.82639889774069,116.9967300696036,0.0
7.901,3.1479737642227565,-0.3829119747115868,3.4654900322972804,0.0,4.30731764647453,4.19662900074986,113.66133245898764,116.9967300696036,0.0
7.902,3.236386498232497,-0.36877283946868067,3.581377227779962,0.0,4.332984674496504,4.2424716828918045,113.49573117759802,116.9967300696036,0.0
7.9030000000000005,3.3273491912492004,-0.35475284782033345,3.699187857394831,0.0,4.359268460201584,4.288975328032819,113.32965713045758,116.9967300696036,0.0
7.904,3.420790679737226,-0.34081509651632436,3.818895610356512,0.0,4.386181279123299,4.336077796956359,113.16282988542852,116.9967300696036,0.0
7.905,3.516630009318251,-0.32691594167258575,3.9406482347127896,0.0,4.413723533525426,4.3837491006602605,112.99507310973542,116.9967300696036,0.0
7.906000000000001,3.6148003922726097,-0.3130173964722529,4.064543192158025,0.0,4.441888844434131,4.431978069680227,112.8705495066825,116.9967300696036,0.0
7.907,3.7152805433865943,-0.2990505596402415,4.168066799313697,0.0,4.470663154554446,4.478278207308744,115.74054798180033,116.9967300696036,0.0
7.908,3.7940811436391693,-0.32248860967251036,2.7456293826328095,0.0,4.503907901297447,4.357659145763344,116.49909506890742,116.9967300696036,0.0
7.909,3.767949214165976,-0.3232257148426816,2.371332189086227,0.0,4.521612968280007,4.229140666168046,115.98790534535185,116.9967300696036,0.0
7.91,3.6756312827390603,-0.2984099247775427,2.6370152981065313,0.0,4.521958572645915,4.158106308320462,116.11625526892217,116.9967300696036,0.0
7.9110000000000005,3.5736284896914134,-0.274291384208452,2.5816450843281826,0.0,4.512761299228523,4.095759520009377,116.63339132162211,116.9967300696036,0.0
7.912,3.469919128875558,-0.2584855911610222,2.326710445458028,0.0,4.496751622492238,4.021626576808995,116.83338771670124,116.9967300696036,0.0
7.913,3.359615197904148,-0.24763508573181015,2.228345671447489,0.0,4.473894121442801,3.9561315203012626,116.75458550117264,116.9967300696036,0.0
7.914000000000001,3.2522677688120267,-0.24165521105660326,2.2701682248960973,0.0,4.446223583687557,3.91118952584923,116.798459725337,116.9967300696036,0.0
7.915,3.159218680091226,-0.2452363330773233,2.250213816256586,0.0,4.417279622431664,3.8745233920504125,116.95453792236728,116.9967300696036,0.0
7.916,3.0804204118013043,-0.25795924052374786,2.1725966392138076,0.0,4.388927152520377,3.8380284487422602,117.13154516520193,116.9967300696036,0.0
7.917,3.011048136227935,-0.2767051532642002,2.0827448668405006,0.0,4.361695256596388,3.800083197213328,117.28910979238599,116.9967300696036,0.0
7.918,2.94683327190876,-0.29858388468611474,2.0010387560206473,0.0,4.335611226440914,3.761490039097816,117.43130610956719,116.9967300696036,0.0
7.9190000000000005,2.8852622912014008,-0.3217883745923007,1.9255948370304106,0.0,4.310609990064895,3.7227966830321977,117.56756573688952,116.9967300696036,0.0
7.92,2.8249004723094853,-0.34525992543615225,1.8517566666963856,0.0,4.286589367413681,3.6841288696597374,117.69989189233749,116.9967300696036,0.0
7.921,2.7648547917490363,-0.36833054713671076,1.7785619707450615,0.0,4.263407078568962,3.645614147180824,117.82633858418548,116.9967300696036,0.0
7.922000000000001,2.704631496562112,-0.390592739719021,1.7070425396752484,0.0,4.240909681327874,3.6075215832721232,117.94505211674547,116.9967300696036,0.0
7.923,2.6440972347377305,-0.4118550512092671,1.6382025529238327,0.0,4.218968999758129,3.5701878676470384,118.05542181097655,116.9967300696036,0.0
7.924,2.583398020038059,-0.4320898052571566,1.5724307883945623,0.0,4.197502214613214,3.533918532195502,118.15646288973785,116.9967300696036,0.0
7.925,2.5228626955733877,-0.45133132268010895,1.5103129208125705,0.0,4.176469393813683,3.499006097530018,118.25145010180042,116.9967300696036,0.0
7.926,2.4628890064959337,-0.4697138449383098,1.4502721144593211,0.0,4.155878273901728,3.465490066781965,118.3406127876636,116.9967300696036,0.0
7.9270000000000005,2.403780527553204,-0.4873465189582874,1.3922519443471275,0.0,4.135750431825782,3.43338691226164,118.42212740037878,116.9967300696036,0.0
7.928,2.3457740367269038,-0.5042862019195837,1.3372406646817847,0.0,4.116112096890939,3.4027998791251504,118.49544641842138,116.9967300696036,0.0
7.929,2.289104587575432,-0.5205792339749106,1.2855939921723087,0.0,4.097001728832403,3.3738302691278363,118.56125108710866,116.9967300696036,0.0
7.930000000000001,2.2339976229164287,-0.5362689869394361,1.237046447653619,0.0,4.078468379085537,3.3465178917734155,118.6204126011596,116.9967300696036,0.0
7.931,2.1806336629199166,-0.5513813924034826,1.191228865312588,0.0,4.060562593649312,3.320847924520449,118.67341647694117,116.9967300696036,0.0
7.932,2.1291320783784,-0.5659152858421276,1.1479600633484273,0.0,4.043327994255025,3.2967845177561115,118.72035245418799,116.9967300696036,0.0
7.933,2.079561090743337,-0.5798457009389243,1.1072558508791743,0.0,4.026797520849994,3.2742970091712444,118.76111396182583,116.9967300696036,0.0
7.934,2.0319598482044268,-0.593134464913194,1.0692312581380325,0.0,4.010993803813182,3.2533699678304577,118.79555903277459,116.9967300696036,0.0
7.9350000000000005,1.9863587888224306,-0.6057407366445842,1.034020433031941,0.0,3.9959315565966804,3.23400241819244,118.8235735734534,116.9967300696036,0.0
7.936,1.9427924745098855,-0.6176278962413937,1.0017447276540377,0.0,3.981620303976365,3.216203463436626,118.84506814364607,116.9967300696036,0.0
7.937,1.901305259190449,-0.6287666574731603,0.972514061817277,0.0,3.968066673282025,3.1999885932481105,118.85994832107349,116.9967300696036,0.0
7.938,1.8619525347457555,-0.6391357548498071,0.9464417905888705,0.0,3.9552761317373815,3.185378131367977,118.86807897232995,116.9967300696036,0.0
7.939,1.824800249924182,-0.6487216145808764,0.9236629759333743,0.0,3.9432543517558383,3.1723979387074963,118.86924436922087,116.9967300696036,0.0
7.94,1.7899245769307415,-0.6575179778348808,0.9043551344917458,0.0,3.9320084718670327,3.161082314083949,118.86310617971112,116.9967300696036,0.0
7.941,1.7574128889463776,-0.6655261130316636,0.888760468145541,0.0,3.921548548743858,3.1514788579985544,118.84923741973826,116.9967300696036,0.0
7.942,1.7273663719840657,-0.6727563955411111,0.8771697746306273,0.0,3.9118895220485337,3.143650725572216,118.82813999518483,116.9967300696036,0.0
7.9430000000000005,1.6998995218951916,-0.6792346978014836,0.8694043876515309,0.0,3.9030538952036524,3.137622106426579,118.80496284344659,116.9967300696036,0.0
7.944,1.6751023254266926,-0.685003815795984,0.8629106357822203,0.0,3.895068789085489,3.1331291507858317,118.76470004567697,116.9967300696036,0.0
7.945,1.6530117113650034,-0.6898268809259029,0.8653623349062936,0.0,3.8879057439994122,3.1308036001017836,118.74795451679276,116.9967300696036,0.0
7.946,1.6336796690566957,-0.6943122767531471,0.8562228548765094,0.0,3.8816716112432377,3.128870058696313,118.70565805490004,116.9967300696036,0.0
7.947,1.6165691321749234,-0.6976833843015605,0.860281805969904,0.0,3.876193505494184,3.1287331762102544,118.67106626048839,116.9967300696036,0.0
7.948,1.6019191902952765,-0.7001951137914115,0.8608343412668829,0.0,3.8714921012398316,3.1295227490075748,118.62347971036309,116.9967300696036,0.0
7.949,1.5895038081103199,-0.7016698840341549,0.8683601199219395,0.0,3.867476902122449,3.131804727020362,118.56179371946565,116.9967300696036,0.0
7.95,1.5795020753275444,-0.702185077384955,0.8835524788720341,0.0,3.8641333442842445,3.1360289258023495,118.49145770256348,116.9967300696036,0.0
7.9510000000000005,1.5722846177094103,-0.7019525642133306,0.9037732109935228,0.0,3.8615158337256714,3.142262608876345,118.4156612113683,116.9967300696036,0.0
7.952,1.5681323078411677,-0.7011502497289369,0.9274821451734645,0.0,3.8596975130687876,3.150401527534989,118.33398131255859,116.9967300696036,0.0
7.953,1.5671655001456153,-0.6998820567807035,0.9549495821487697,0.0,3.8587434382639962,3.1603938767353936,118.24133341301737,116.9967300696036,0.0
7.954,1.5694185687538211,-0.6982256223068599,0.9888274984852417,0.0,3.858714479997084,3.1724859743386786,118.11876964449897,116.9967300696036,0.0
7.955,1.5750381057490033,-0.6963043095092198,1.03888898699549,0.0,3.85970284725419,3.1879383325443187,117.9280611127332,116.9967300696036,0.0
7.956,1.584977174525181,-0.6942116348899026,1.1249299424470764,0.0,3.8619266325259995,3.209871079674249,117.77013782711376,116.9967300696036,0.0
7.957,1.6016207487806506,-0.6926345765999017,1.196157507681698,0.0,3.8659687643179144,3.2350761507593213,117.72973225685423,116.9967300696036,0.0
7.958,1.6242623546459065,-0.6918426464566323,1.209030270938953,0.0,3.8720558483062857,3.2565445153184043,117.73522086013332,116.9967300696036,0.0
7.9590000000000005,1.6486823420176955,-0.6899459734310052,1.1989010613941105,0.0,3.879480345620342,3.2727720285856683,117.70366476384493,116.9967300696036,0.0
7.96,1.6715993065588026,-0.6850328364770434,1.2076097625958964,0.0,3.887263666195039,3.2869018232594516,117.65274670683281,116.9967300696036,0.0
7.961,1.6927894792297045,-0.6767642958579572,1.22650862472966,0.0,3.894821226081084,3.300287008997634,117.66837691350405,116.9967300696036,0.0
7.962,1.7126266135893737,-0.6660568821221317,1.211977052955039,0.0,3.901866418447594,3.3093317875812027,117.57191735595538,116.9967300696036,0.0
7.963,1.729106761007353,-0.653393437342312,1.254454958865856,0.0,3.907825664647388,3.3213800480386197,117.33001262663092,116.9967300696036,0.0
7.964,1.746408031739671,-0.6388303009066911,1.3720744979578132,0.0,3.9129185017128245,3.343594439004908,117.16426866199437,116.9967300696036,0.0
7.965,1.7706506433948852,-0.6251770318128429,1.4532710943521792,0.0,3.9183672659323787,3.3693584302188215,116.98733297760678,116.9967300696036,0.0
7.966,1.8014150656960077,-0.6135844409258489,1.541832907465941,0.0,3.9247089005447373,3.3988790718752955,116.72741299973688,116.9967300696036,0.0
7.9670000000000005,1.838814623331122,-0.6040727184398887,1.6744860670995574,0.0,3.9324380722969234,3.4359817351390687,116.1054225993555,116.9967300696036,0.0
7.968,1.884898599508967,-0.5974681786554338,1.9943943419927275,0.0,3.9424732110488354,3.4993151860903837,116.2481227420216,116.9967300696036,0.0
7.969,1.9511993841806845,-0.5984519109895685,1.9305303439355042,0.0,3.958012436975289,3.54026243673442,116.39081635730228,116.9967300696036,0.0
7.97,2.01765406409692,-0.598319434696628,1.8652426734181715,0.0,3.9760680556579353,3.565478874186298,116.38884595784778,116.9967300696036,0.0
7.971,2.0758140296260112,-0.5919444137631857,1.8723067142629832,0.0,3.9941398286777554,3.5856761015503142,116.27807910777243,116.9967300696036,0.0
7.972,2.1262202264817067,-0.5793668756533727,1.9348766489189704,0.0,4.011104368149249,3.607509753884788,116.13013905879485,116.9967300696036,0.0
7.973,2.172886643336253,-0.5630838248596219,2.017512583515845,0.0,4.026890458700827,3.6326915045066164,115.95742107498978,116.9967300696036,0.0
7.974,2.2194280989783732,-0.5454858918195724,2.114264665364519,0.0,4.041843173132963,3.662097162826718,115.74076876985362,116.9967300696036,0.0
7.9750000000000005,2.2688778989045932,-0.5281344570822045,2.2351504309301014,0.0,4.056508503463185,3.697413376716289,115.49462325894989,116.9967300696036,0.0
7.976,2.324106093829325,-0.5124002937533682,2.3732442544885037,0.0,4.071681678530545,3.7390653617432315,115.26660471889711,116.9967300696036,0.0
7.977,2.3868565992538384,-0.49956605947184485,2.504554778021955,0.0,4.088248310456182,3.7847824114798625,115.08248224300291,116.9967300696036,0.0
7.978,2.4571333328826035,-0.48928670030991406,2.6157584942350613,0.0,4.1067275969979224,3.8314007873385845,114.95747606777964,116.9967300696036,0.0
7.979,2.5330756744352825,-0.4804036788613968,2.6986541218649394,0.0,4.127146453703643,3.8755608459082564,114.85712403815872,116.9967300696036,0.0
7.98,2.6115418934041235,-0.47130867112388175,2.770226196989849,0.0,4.149027809959117,3.916518895607926,114.74090219350136,116.9967300696036,0.0
7.981,2.690117133715864,-0.46078805459554895,2.8508953980795515,0.0,4.1717505178182686,3.9558685530871953,114.59581894479824,116.9967300696036,0.0
7.982,2.768192418952827,-0.4485396115522958,2.9474461336791635,0.0,4.194893798069957,3.9955668755365616,114.43207564975422,116.9967300696036,0.0
7.9830000000000005,2.8465111330612554,-0.4349966392072736,3.0549643253996646,0.0,4.2183253400138945,4.036636881799865,114.26370784992258,116.9967300696036,0.0
7.984,2.9261597523343186,-0.42080069427429434,3.166478447512296,0.0,4.242094604170592,4.079156252167459,114.09733423534131,116.9967300696036,0.0
7.985,3.00791411384474,-0.4064251956916842,3.2786592131455565,0.0,4.266299533553621,4.122828861339084,113.93277417140511,116.9967300696036,0.0
7.986,3.0921304271209147,-0.3920993383493532,3.391578804095638,0.0,4.291019141593678,4.167407799034747,113.76816788782561,116.9967300696036,0.0
7.987,3.1789098362965102,-0.37789380455207877,3.506167567703169,0.0,4.316305332455022,4.212772799975626,113.60288628016191,116.9967300696036,0.0
7.988,3.2682507409525208,-0.3638119064588472,3.622746809429436,0.0,4.342192450872034,4.25884804344196,113.437115519866,116.9967300696036,0.0
7.989,3.3601064944408536,-0.3498302894303891,3.7412283350747693,0.0,4.368701222901782,4.305560925969929,113.27078805046827,116.9967300696036,0.0
7.99,3.454404524482884,-0.33591122378545846,3.861651489964987,0.0,4.395839124930693,4.352860903459806,113.10362039271034,116.9967300696036,0.0
7.9910000000000005,3.5510707165227293,-0.32201415447844606,3.9841664156128838,0.0,4.423603747538378,4.400726782851988,112.93552512140243,116.9967300696036,0.0
7.992,3.6500484223913814,-0.3081062573311577,4.108826100748848,0.0,4.451987597831382,4.449149066949048,115.10517505386801,116.9967300696036,0.0
7.993,3.7459602798067024,-0.30328037211242376,3.0429166846734166,0.0,4.481983523102204,4.367510347789045,115.44287535507888,116.9967300696036,0.0
7.994,3.745957917138395,-0.3087637411980073,2.8896050812132272,0.0,4.501467413381546,4.291789289319927,115.37428207119912,116.9967300696036,0.0
7.995,3.701509939362294,-0.2984158995871975,2.940126203137154,0.0,4.510237712517994,4.237568419100575,116.0034312673858,116.9967300696036,0.0
7.996,3.6392074858602688,-0.287610625615881,2.635484593065988,0.0,4.511623792998128,4.162039667597198,116.69499582942208,116.9967300696036,0.0
7.997,3.5523658747856244,-0.27642903762675197,2.2927196544496646,0.0,4.504196468340819,4.068474224828277,116.75969263588082,116.9967300696036,0.0
7.998,3.4410904168194474,-0.2616415431205241,2.262741625557522,0.0,4.486640523356555,3.9950245443440795,116.6478487543836,116.9967300696036,0.0
7.9990000000000006,3.3276901752756043,-0.24942692950701018,2.3221523794583327,0.0,4.462299472269873,3.945360472618047,116.71134537584594,116.9967300696036,0.0
8.0,3.2271204638955417,-0.24693929668828418,2.293257915664742,0.0,4.435274625645332,3.9043848702360133,116.88294534169216,116.9967300696036,0.0
8.001,3.140375598130386,-0.2541883412629149,2.208595780020743,0.0,4.407676974676437,3.864316691267193,117.05720285738613,116.9967300696036,0.0
8.002,3.06351326516588,-0.2682860683178463,2.1208622942959345,0.0,4.380310530437847,3.8242789109935194,117.20456155063789,116.9967300696036,0.0
8.003,2.9931930584319577,-0.28665663920092066,2.0451046328597116,0.0,4.353556738122336,3.7850188558337043,117.33952635773352,116.9967300696036,0.0
8.004,2.9274036563346186,-0.3076352442242931,1.9741942664305983,0.0,4.327676260366136,3.746500495428848,117.47439049074578,116.9967300696036,0.0
8.005,2.8646403954192565,-0.3300463864390568,1.901985595713048,0.0,4.30278743393846,3.7082581378539334,117.60970992025791,116.9967300696036,0.0
8.006,2.803574597436354,-0.35293791004824726,1.8281960824504364,0.0,4.278857210570925,3.670045978810997,117.7413766630026,116.9967300696036,0.0
8.007,2.7431763019110686,-0.3755804942523815,1.7549162451441043,0.0,4.255760562662212,3.6319722808924837,117.86608914981403,116.9967300696036,0.0
8.008000000000001,2.68284485078346,-0.39750963882146606,1.6838664109362833,0.0,4.233351989813076,3.594346081253935,117.98249416808977,116.9967300696036,0.0
8.009,2.622391908811812,-0.41850470077288593,1.6158062608135508,0.0,4.211511819653965,3.557512035228514,118.09043436919184,116.9967300696036,0.0
8.01,2.5619278069355302,-0.43851762090125934,1.5508991172666344,0.0,4.190163732502829,3.5217647142874617,118.18881798942911,116.9967300696036,0.0
8.011000000000001,2.5017532449473006,-0.457556591581165,1.4897864279497437,0.0,4.169269879546208,3.487398553135956,118.28241230167735,116.9967300696036,0.0
8.012,2.4422307583778693,-0.47576705180511725,1.4301324495048848,0.0,4.148841556687935,3.4543745399709302,118.36956792070355,116.9967300696036,0.0
8.013,2.383606600106388,-0.49322487402750237,1.3728262614807898,0.0,4.128891920641206,3.422756387482543,118.44843478306169,116.9967300696036,0.0
8.014,2.3261073526035294,-0.5099762410070966,1.3188757831671385,0.0,4.109443505095846,3.3926822715466622,118.51901580770033,116.9967300696036,0.0
8.015,2.26997997962074,-0.5260725476520569,1.2683624134668503,0.0,4.090535599572584,3.3642527783190173,118.58230797825587,116.9967300696036,0.0
8.016,2.2154565215293345,-0.5415622970917244,1.2208605491025568,0.0,4.072218444650795,3.337491679138967,118.63918906506294,116.9967300696036,0.0
8.017,2.1627127110133095,-0.556471017973608,1.17599541574443,0.0,4.054541957105792,3.3123714129348403,118.69003089711859,116.9967300696036,0.0
8.018,2.111857977054326,-0.5707938473658072,1.1336414914414534,0.0,4.0375475157192,3.2888518268872087,118.73482703542305,116.9967300696036,0.0
8.019,2.0629521398643247,-0.5845023818563359,1.0938624526310277,0.0,4.0212652703665395,3.2669036950308747,118.77342670110724,116.9967300696036,0.0
8.02,2.0160302186063337,-0.597557016334042,1.056795653473897,0.0,4.0057153608111555,3.246514947272205,118.80567841337698,116.9967300696036,0.0
8.021,1.9711223723348978,-0.6099174605014499,1.022580313901293,0.0,3.990910669949077,3.2276877078497277,118.83146954447399,116.9967300696036,0.0
8.022,1.9282651830437891,-0.6215488769090745,0.9913373536040846,0.0,3.9768595755941267,3.2104333634056306,118.85070894286827,116.9967300696036,0.0
8.023,1.887505962737743,-0.6324242735149976,0.9631778656742997,0.0,3.963568135692837,3.1947691722418994,118.86329155603714,116.9967300696036,0.0
8.024000000000001,1.8489032603086895,-0.6425247759305055,0.9382209442255274,0.0,3.951041721964948,3.1807172947884794,118.86905978362158,116.9967300696036,0.0
8.025,1.8125262210309685,-0.651839175938042,0.9166135332931273,0.0,3.939286340841182,3.168306165015797,118.86776054293799,116.9967300696036,0.0
8.026,1.7784545218317311,-0.6603636478682147,0.8985528489015802,0.0,3.928309932764766,3.1575741254533956,118.85901084052735,116.9967300696036,0.0
8.027000000000001,1.746779883304915,-0.6681022754695529,0.8843048923976626,0.0,3.918123965856597,3.1485744739140373,118.84247901222143,116.9967300696036,0.0
8.028,1.7176086688132668,-0.6750696327224002,0.874113317124442,0.0,3.9087456535071086,3.141369684331594,118.81948668459658,116.9967300696036,0.0
8.029,1.6910556019248433,-0.6812979738088869,0.8673819147869364,0.0,3.900200137381311,3.1359381291808637,118.80214413185463,116.9967300696036,0.0
8.03,1.6671743013464522,-0.6868407021086931,0.8579990505354016,0.0,3.8925134340551337,3.1315917892830725,118.75601105768489,116.9967300696036,0.0
8.031,1.6457825308927887,-0.6912919983005767,0.8634727777394613,0.0,3.8855949823699043,3.129721633421522,118.72740600589756,116.9967300696036,0.0
8.032,1.6271957482134471,-0.6953867143829581,0.8604685442701834,0.0,3.879587266074185,3.1287920734141337,118.69238279991156,116.9967300696036,0.0
8.033,1.6111292874865109,-0.6985797033689787,0.8610236199601076,0.0,3.8743976470349386,3.1290272412916678,118.6560696082631,116.9967300696036,0.0
8.034,1.5974038225954366,-0.7008288904400423,0.8625868203977429,0.0,3.869965987375326,3.130235468299513,118.60359219296839,116.9967300696036,0.0
8.035,1.585866245508383,-0.7020011871046486,0.8727569068114467,0.0,3.8662047771448553,3.1331146629724076,118.53849035197001,116.9967300696036,0.0
8.036,1.5768101393339147,-0.7022507600248052,0.8898902244869729,0.0,3.8631233374592915,3.1379935771434586,118.4660270204864,116.9967300696036,0.0
8.037,1.5706151796320458,-0.7018006513278597,0.911428920719954,0.0,3.8607859254735253,3.1448652638431813,118.38833930452721,116.9967300696036,0.0
8.038,1.5675257898804114,-0.7008136910951404,0.936356686350311,0.0,3.8592653588176775,3.153620591207025,118.30364219838938,116.9967300696036,0.0
8.039,1.5676334274369612,-0.6993839240256615,0.9656361181313653,0.0,3.858624976788482,3.1642770549797756,118.2044137640685,116.9967300696036,0.0
8.040000000000001,1.5709870930820633,-0.6976065642172881,1.0031734983471552,0.0,3.8589330674312574,3.1772723248328623,118.06101092750438,116.9967300696036,0.0
8.041,1.577879383765879,-0.6956072446919571,1.064232108050208,0.0,3.8603077244453603,3.194615334711327,117.86030464916637,116.9967300696036,0.0
8.042,1.5898445712022986,-0.6935308105720325,1.1559495014235892,0.0,3.863070802187961,3.2185925887662297,117.74416601312316,116.9967300696036,0.0
8.043000000000001,1.6089036328690776,-0.6923318539165135,1.2065444600099953,0.0,3.8678441766708853,3.2431198517916906,117.73204873997867,116.9967300696036,0.0
8.044,1.6326916444607602,-0.6914333043410719,1.205249909878493,0.0,3.8745060891213177,3.2625972852041514,117.72990410101504,116.9967300696036,0.0
8.045,1.6568058427349113,-0.6886472872968883,1.1989904890461929,0.0,3.8821520772888465,3.277702894035931,117.68367895694828,116.9967300696036,0.0
8.046,1.6790395411085408,-0.6825350045588302,1.2152335722061225,0.0,3.8898995365920586,3.291707309318845,117.64844190733173,116.9967300696036,0.0
8.047,1.699832947744261,-0.6732963126074848,1.2263349786371185,0.0,3.897317558205973,3.304079815133405,117.67060425834673,116.9967300696036,0.0
8.048,1.7187486651526078,-0.662041295384723,1.208515061242188,0.0,3.904085363264961,3.312012872701587,117.48565896885334,116.9967300696036,0.0
8.049,1.734404358892802,-0.6483608588138645,1.2960984169963832,0.0,3.9095773957243005,3.328108804188422,117.26663603236223,116.9967300696036,0.0
8.05,1.7537730409520143,-0.6338793101190358,1.402910825614354,0.0,3.9146736520956664,3.3520438790738316,117.08130485969572,116.9967300696036,0.0
8.051,1.7802840209506716,-0.6210261580145826,1.4947306640466873,0.0,3.9203847590738974,3.380404609269953,116.81838716198425,116.9967300696036,0.0
8.052,1.8141195869021847,-0.6104716972149818,1.627972941978617,0.0,3.9273283692070056,3.4167820268777955,116.23031508226218,116.9967300696036,0.0
8.053,1.8574107603797163,-0.6030861781802089,1.929673131713065,0.0,3.936508497601757,3.47764698840662,116.37922821977186,116.9967300696036,0.0
8.054,1.9201433787343438,-0.6036656372590353,1.8613915814565425,0.0,3.950994704998935,3.5163478179122425,116.48742939889307,116.9967300696036,0.0
8.055,1.9830186544262869,-0.6029140626418972,1.812383998603043,0.0,3.9678139068082854,3.541630212453133,116.4654075565064,116.9967300696036,0.0
8.056000000000001,2.0388581272141564,-0.5964510051784538,1.828708144927347,0.0,3.9847760073159795,3.562838430395331,116.35663098230938,116.9967300696036,0.0
8.057,2.0882274210758025,-0.5844504919930376,1.8894974228988006,0.0,4.000907293691364,3.585273388110795,116.22126136429891,116.9967300696036,0.0
8.058,2.1344209213866865,-0.5690569356177145,1.9649369189570833,0.0,4.016095661131326,3.6101808383833642,116.06046185719687,116.9967300696036,0.0
8.059000000000001,2.1803349104317014,-0.5522763580211477,2.054699354632171,0.0,4.030564008882679,3.6386472495445092,115.84836691278386,116.9967300696036,0.0
8.06,2.2286695948121014,-0.5354634086082007,2.1722304584068737,0.0,4.044750544315552,3.6728869760317453,115.60116979268459,116.9967300696036,0.0
8.061,2.2824623077410684,-0.5198726342367896,2.3097846212257003,0.0,4.0593955431671365,3.7136431787074886,115.37509826758047,116.9967300696036,0.0
8.062,2.343542751843099,-0.5071563091898992,2.43903670179799,0.0,4.075408774389692,3.7584495265136453,115.17933072927384,116.9967300696036,0.0
8.063,2.4119999458258463,-0.49694623107962693,2.555094464354601,0.0,4.093305371928947,3.8049309088398635,115.04394335836943,116.9967300696036,0.0
8.064,2.486446290862344,-0.488292807334497,2.642316016919148,0.0,4.113210672116038,3.8494830798297337,114.943709842321,116.9967300696036,0.0
8.065,2.563918120904286,-0.4796274110887319,2.7129629772161907,0.0,4.1347140000338225,3.8906920759921046,114.83618465679831,116.9967300696036,0.0
8.066,2.6417208878544116,-0.4696112895467636,2.7883310241055885,0.0,4.157172775368907,3.9297309348207863,114.69997065000989,116.9967300696036,0.0
8.067,2.7188359624042238,-0.45774521432607806,2.879405621695736,0.0,4.180084451994496,3.968671680035153,114.54026438977832,116.9967300696036,0.0
8.068,2.7958169164555304,-0.4443624804749192,2.9838234086097755,0.0,4.203245595507544,4.008887974775139,114.37173080066901,116.9967300696036,0.0
8.069,2.8738275758505605,-0.430144977241436,3.094340195853772,0.0,4.226682156126111,4.050700060127189,114.20410130202498,116.9967300696036,0.0
8.07,2.9538308516793665,-0.4156697404456712,3.206081232851575,0.0,4.250506168202828,4.093840685455994,114.03922537426433,116.9967300696036,0.0
8.071,3.0363211934787775,-0.40124700964706084,3.3180942436852914,0.0,4.274820093584865,4.1379797654416715,113.87522467305688,116.9967300696036,0.0
8.072000000000001,3.1214433974614266,-0.3869776050741079,3.4313096482544867,0.0,4.299691127232227,4.182931355341163,113.71067650135213,116.9967300696036,0.0
8.073,3.2091876932539756,-0.37286299819521374,3.5464442697893777,0.0,4.325160303793852,4.228606893441231,113.54547661879924,116.9967300696036,0.0
8.074,3.2994940804085497,-0.3588721929468648,3.663556745573863,0.0,4.351252274000792,4.274936561879324,113.3797338036258,116.9967300696036,0.0
8.075,3.3922809360526918,-0.344962646145727,3.782598115820363,0.0,4.377977871935208,4.321862396214263,113.21322906358047,116.9967300696036,0.0
8.076,3.487462496049393,-0.3310888094008389,3.9036854959032574,0.0,4.405336466935747,4.369355301972605,113.04577155676586,116.9967300696036,0.0
8.077,3.5849693637173172,-0.31721212679802613,4.026923834438942,0.0,4.4333207962932075,4.417406180249761,112.87737663823869,116.9967300696036,0.0
8.078,3.6847557703830085,-0.30330579694545795,4.152314828016176,0.0,4.461920851084883,4.466009593486536,114.79743851623245,116.9967300696036,0.0
8.079,3.7693963409463156,-0.31896673454424374,3.2142768045530077,0.0,4.494383008155462,4.399861979666777,115.55505312903055,116.9967300696036,0.0
8.08,3.7796778225674923,-0.32453025208114455,2.8498862675596843,0.0,4.5174395656900765,4.312588206828719,116.5009412530191,116.9967300696036,0.0
8.081,3.73200862132624,-0.3153499596079753,2.381900093731253,0.0,4.528397622840006,4.193859320229483,116.69572962932094,116.9967300696036,0.0
8.082,3.629045718001625,-0.29230998239304334,2.287515909983165,0.0,4.5239443910461095,4.093245956884455,116.5050129843291,116.9967300696036,0.0
8.083,3.50344722367924,-0.2647179420584743,2.387791403331829,0.0,4.507070421432445,4.0270089581425905,116.53015183410818,116.9967300696036,0.0
8.084,3.3839580428314298,-0.24578429443902944,2.3798877607972413,0.0,4.483453368071167,3.975723931651288,116.69281269157118,116.9967300696036,0.0
8.085,3.2780113866182887,-0.238740890810835,2.301596505846068,0.0,4.456484079473982,3.9291319412286754,116.8540271052386,116.9967300696036,0.0
8.086,3.184584218116355,-0.24169089885117495,2.2224163286560064,0.0,4.427947455614971,3.88579283602029,116.98135202800594,116.9967300696036,0.0
8.087,3.10180031995063,-0.2523218550007301,2.158907647688311,0.0,4.399070488717071,3.845911782925506,117.10258734974157,116.9967300696036,0.0
8.088000000000001,3.0281195431121506,-0.2688282041706397,2.0972314140191193,0.0,4.370802502046678,3.808258886027052,117.23517760563749,116.9967300696036,0.0
8.089,2.9615006628852583,-0.28949407698698854,2.0285518107108205,0.0,4.343704206871578,3.771197755180757,117.37700145770462,116.9967300696036,0.0
8.09,2.899475891202525,-0.3125883750177212,1.9538371707962434,0.0,4.317943342184575,3.7337576296268926,117.52015621144395,116.9967300696036,0.0
8.091,2.8397713886144325,-0.33660705848257516,1.8770255325081777,0.0,4.293425663611712,3.695730543915036,117.65852660753274,116.9967300696036,0.0
8.092,2.7807416675827104,-0.3604587475306351,1.801222369084492,0.0,4.26994054328559,3.657380391610962,117.78909270859481,116.9967300696036,0.0
8.093,2.7214664395755146,-0.38349170396619436,1.728015692163544,0.0,4.247264028079101,3.6191520175480907,117.91085694102057,116.9967300696036,0.0
8.094,2.6616304979837038,-0.40541127657260745,1.6579923072364933,0.0,4.225213150409326,3.5814975250931185,118.02382127242538,116.9967300696036,0.0
8.095,2.601330944753842,-0.42616330335196173,1.5912392295058702,0.0,4.203665438480695,3.544795380854934,118.12773227113271,116.9967300696036,0.0
8.096,2.540905242818304,-0.4458069537966396,1.527973708136912,0.0,4.18255556460223,3.509360834955037,118.22397303996705,116.9967300696036,0.0
8.097,2.4807960775718434,-0.46447036398775443,1.46758089401611,0.0,4.1618697621381955,3.4753559530754377,118.31483732987287,116.9967300696036,0.0
8.098,2.421399519996019,-0.48231642986494583,1.4089676764605055,0.0,4.141628484877186,3.4427719830283663,118.39861005869771,116.9967300696036,0.0
8.099,2.363001476987072,-0.49943516575760305,1.3530625121571442,0.0,4.121857538626992,3.411688665517311,118.474218164093,116.9967300696036,0.0
8.1,2.305859582315103,-0.5158872344010703,1.3004835785146054,0.0,4.102593895442566,3.3822135820585224,118.54206551952517,116.9967300696036,0.0
8.101,2.2502198931521837,-0.5317258078359474,1.2511065462993076,0.0,4.083886830622104,3.3544029052811144,118.60306377451758,116.9967300696036,0.0
8.102,2.1962863312164376,-0.546987402453662,1.2045440817539617,0.0,4.065789794279549,3.3282507838428703,118.65784017595101,116.9967300696036,0.0
8.103,2.1441983492250465,-0.5616802210793347,1.1605447799737731,0.0,4.048350843530072,3.303720214763523,118.70658098932014,116.9967300696036,0.0
8.104000000000001,2.0940359637485493,-0.5757847962189001,1.1190758640920397,0.0,4.031607306026702,3.2807742023704747,118.74920654474768,116.9967300696036,0.0
8.105,2.0458416788800173,-0.5892641709668548,1.0802383216268319,0.0,4.015585206505245,3.2593907444348114,118.78556319705224,116.9967300696036,0.0
8.106,1.9996436842521228,-0.6020757368203651,1.0441716642000645,0.0,4.0003014496387745,3.2395643020086604,118.81551860312585,116.9967300696036,0.0
8.107,1.9554718849948376,-0.614179773264472,1.0110060758280364,0.0,3.9857667525666507,3.221301497963845,118.83897454964165,116.9967300696036,0.0
8.108,1.9133657371903052,-0.6255437350303695,0.9808556577697578,0.0,3.9719882402270663,3.2046165727795333,118.85584105359455,116.9967300696036,0.0
8.109,1.8733764355670193,-0.6361434750325329,0.9538312959533997,0.0,3.9589714183855875,3.1895288749609945,118.86600007093769,116.9967300696036,0.0
8.11,1.8355664946659849,-0.6459629831463897,0.930059087268488,0.0,3.9467216574389052,3.176062765885864,118.86926595268862,116.9967300696036,0.0
8.111,1.8000089886731168,-0.6549938231543306,0.9097007875621705,0.0,3.9352454589991135,3.164249826992938,118.86534143604395,116.9967300696036,0.0
8.112,1.7667878695577355,-0.6632350087464407,0.8929769322201038,0.0,3.924551808529061,3.154133269097526,118.85380746807034,116.9967300696036,0.0
8.113,1.7360000556894346,-0.6706939925447218,0.880173142222239,0.0,3.9146539436783616,3.145772271932664,118.83467730891896,116.9967300696036,0.0
8.114,1.7077569682844336,-0.6773911334848427,0.8713587494047794,0.0,3.905571861261677,3.139214904165145,118.81062857689004,116.9967300696036,0.0
8.115,1.6821650069460279,-0.6833638578833124,0.8652441303463729,0.0,3.897332278584341,3.134353285637632,118.77454564563139,116.9967300696036,0.0
8.116,1.6593231467696257,-0.6884731491683048,0.8655074402154188,0.0,3.889932787119351,3.1315006659773363,118.74982056604094,116.9967300696036,0.0
8.117,1.6392933766541518,-0.6930467984307036,0.860339075046272,0.0,3.8834399913408424,3.1295970619802134,118.71979376641936,116.9967300696036,0.0
8.118,1.6216272765518713,-0.6968659002730626,0.8581218378889046,0.0,3.87778047945051,3.128785299679429,118.68639384696799,116.9967300696036,0.0
8.119,1.606231913901445,-0.6996596971462709,0.8579251598409456,0.0,3.8728748691567607,3.129006129096512,118.64034776428129,116.9967300696036,0.0
8.120000000000001,1.5929840723243682,-0.7013589274225189,0.864512024237519,0.0,3.868640880195751,3.1307441453535874,118.58046806335105,116.9967300696036,0.0
8.121,1.582101848360256,-0.7020682212909729,0.878614494765164,0.0,3.8650651217793155,3.1344349304232115,118.5117912014729,116.9967300696036,0.0
8.122,1.5739773434571687,-0.7020101678047918,0.8978023143855438,0.0,3.862202538889323,3.140153569896895,118.43768154537551,116.9967300696036,0.0
8.123,1.5689112112865868,-0.7013707884809256,0.9204476276765203,0.0,3.8601283270449347,3.147789222889748,118.35832718360241,116.9967300696036,0.0
8.124,1.5670345752248493,-0.7002553769603047,0.9465088374230819,0.0,3.858908800210239,3.1572499379831713,118.26988800554138,116.9967300696036,0.0
8.125,1.5683704178830218,-0.698726113349791,0.9779968470942229,0.0,3.858600232686407,3.1686799887971286,118.16049026695792,116.9967300696036,0.0
8.126,1.572990609911543,-0.6968918579741906,1.0210581144124062,0.0,3.85927905154114,3.1828631743890377,117.9900528873861,116.9967300696036,0.0
8.127,1.581462158821105,-0.6948518596173059,1.0963435760204927,0.0,3.861102249804093,3.2026610429511715,117.80387051234239,116.9967300696036,0.0
8.128,1.595936832933944,-0.6929832338774807,1.181363359114962,0.0,3.8645377662491507,3.227753267344383,117.73152986241388,116.9967300696036,0.0
8.129,1.6171656336237974,-0.6920890104814517,1.2101856861511122,0.0,3.8700592751728586,3.2508096577510535,117.73519312360048,116.9967300696036,0.0
8.13,1.6415317811650771,-0.6907688108671277,1.2009694250178422,0.0,3.877197992521248,3.268342559791766,117.71812497076401,116.9967300696036,0.0
8.131,1.665035930222177,-0.6868599458139288,1.2022895524244743,0.0,3.884959355179161,3.282731625068438,117.6637860962681,116.9967300696036,0.0
8.132,1.6866310046778203,-0.6795179618192239,1.2227884294057851,0.0,3.8926149585100633,3.296559178577563,117.65609943315623,116.9967300696036,0.0
8.133000000000001,1.7069816497041104,-0.6694063342499899,1.2200380673261932,0.0,3.8998488976661205,3.3072393882619644,117.63277067522439,116.9967300696036,0.0
8.134,1.7245983086485719,-0.6575016700434005,1.2253420402359034,0.0,3.906219067087979,3.316451585500766,117.3965648777048,116.9967300696036,0.0
8.135,1.7406600562498662,-0.6431230924972641,1.3394465909146853,0.0,3.9114108424035217,3.336287415156743,117.22754526026898,116.9967300696036,0.0
8.136000000000001,1.7626744160692958,-0.6289255237977998,1.4216482477259424,0.0,3.9166490763716304,3.3602990140170044,117.02212948562695,116.9967300696036,0.0
8.137,1.7908289402417141,-0.6167204905882977,1.5241021408867264,0.0,3.9225640688629024,3.390004334006852,116.76228701251408,116.9967300696036,0.0
8.138,1.826584003809126,-0.606900181427527,1.656367808014056,0.0,3.9298999104284413,3.427203793948548,116.08857887719934,116.9967300696036,0.0
8.139,1.8714387621745647,-0.6004825151742037,2.0023033875954686,0.0,3.9396143736353393,3.4935706763507874,116.28348734069765,116.9967300696036,0.0
8.14,1.9387567179776606,-0.602086161022507,1.9119815831353744,0.0,3.9552346564676184,3.5339211349923825,116.45729989713861,116.9967300696036,0.0
8.141,2.0053553235885144,-0.6023951349240705,1.830469606639542,0.0,3.9733459075515176,3.557082809623942,116.4593434853094,116.9967300696036,0.0
8.142,2.0623583050950165,-0.5958264443709108,1.8348216783970879,0.0,3.991236555290319,3.5754289476494177,116.34225639869139,116.9967300696036,0.0
8.143,2.1109311074958605,-0.5826453937563215,1.8999099584152168,0.0,4.007788523395715,3.5960727482816166,116.19572916609452,116.9967300696036,0.0
8.144,2.1556844146909735,-0.5657544602973015,1.981183583748741,0.0,4.023023482579444,3.6201594458801867,116.02190017280209,116.9967300696036,0.0
8.145,2.2002802132384938,-0.5477123377779652,2.077846379362972,0.0,4.037327891462122,3.6487231361332273,115.7896098132299,116.9967300696036,0.0
8.146,2.248010280781082,-0.5299785018890811,2.2060627617128037,0.0,4.051287927759251,3.684193722907361,115.52632821244663,116.9967300696036,0.0
8.147,2.302314255936632,-0.5140290651569126,2.35240758067601,0.0,4.065821919422433,3.726832884304564,115.30408591584079,116.9967300696036,0.0
8.148,2.3648818126474858,-0.5016799700380068,2.4804551705165587,0.0,4.081967521963258,3.7729439239345557,115.11416560172464,116.9967300696036,0.0
8.149000000000001,2.4352315036397227,-0.49195669280252863,2.5942409722534236,0.0,4.100163598668287,3.820181591706242,114.99134537296554,116.9967300696036,0.0
8.15,2.5114856857624837,-0.4837307350467175,2.675704933599352,0.0,4.120456211899196,3.8646538149783662,114.89723940777688,116.9967300696036,0.0
8.151,2.5902241987599184,-0.47523010336444305,2.74375282281195,0.0,4.142313976226732,3.9054800108378034,114.78710945738277,116.9967300696036,0.0
8.152000000000001,2.6687742932994065,-0.4651172279975653,2.8209140041312133,0.0,4.165041173733928,3.9443634893276736,114.64521947383797,116.9967300696036,0.0
8.153,2.7464320076927713,-0.45304614849713487,2.9153741018612696,0.0,4.188157309348012,3.983493491018517,114.48180397845942,116.9967300696036,0.0
8.154,2.8240170120901182,-0.4394952420264606,3.0222311104619832,0.0,4.2115049426530025,4.0240740027306865,114.31244079972646,116.9967300696036,0.0
8.155,2.9027709696592874,-0.42519448403350446,3.1337555925272373,0.0,4.235138289484191,4.066243264254673,114.14521730566345,116.9967300696036,0.0
8.156,2.9836069935370197,-0.4106957639466813,3.245882467198143,0.0,4.259173376155037,4.109673222651668,113.98049049999906,116.9967300696036,0.0
8.157,3.0669534422010605,-0.3962710361223709,3.358408265726382,0.0,4.283706217138696,4.15406051385318,113.81614185401364,116.9967300696036,0.0
8.158,3.1529264563432866,-0.382001430403228,3.4723884708749955,0.0,4.308799093793275,4.1992513575449655,113.65116830131544,116.9967300696036,0.0
8.159,3.241514573572016,-0.36788510840227384,3.588330864906977,0.0,4.3344916677886625,4.245161303071324,113.48567217889934,116.9967300696036,0.0
8.16,3.332658527095045,-0.35389114135501765,3.7061895050220706,0.0,4.360807805781958,4.291714584201683,113.31965238911704,116.9967300696036,0.0
8.161,3.4262742597998477,-0.33997537838061387,3.8259701767180845,0.0,4.387756863832248,4.3388551474414445,113.1528181118928,116.9967300696036,0.0
8.162,3.5222760557199657,-0.3260913250646982,3.947826434907312,0.0,4.415336984166478,4.386558901621952,112.98503214332735,116.9967300696036,0.0
8.163,3.6205975714016208,-0.31220121610989504,4.071836398452802,0.0,4.443540396433467,4.434817477060161,112.97546249269078,116.9967300696036,0.0
8.164,3.721155466060163,-0.2983464593992766,4.116833899540212,0.0,4.472364202868959,4.474702008409784,116.05238190333287,116.9967300696036,0.0
8.165000000000001,3.7947843770188565,-0.3230703343644026,2.587817675881874,0.0,4.505152255609132,4.337745106395834,116.33537509735478,116.9967300696036,0.0
8.166,3.756775255163095,-0.31972825378257785,2.4529346285934057,0.0,4.520350945260241,4.223133019405868,115.87233126614424,116.9967300696036,0.0
8.167,3.665394416725621,-0.29476574215351703,2.6957005322332694,0.0,4.519856101773864,4.159226890962842,116.18666337119207,116.9967300696036,0.0
8.168000000000001,3.5679186368750253,-0.2729647867352567,2.5466351466934722,0.0,4.510871649812106,4.092645566968899,116.69778253101967,116.9967300696036,0.0
8.169,3.464353638617996,-0.2586254529792764,2.2940650421655113,0.0,4.494768193488153,4.015949264545261,116.78881881522949,116.9967300696036,0.0
8.17,3.35315072888097,-0.24744603290865008,2.250626012604342,0.0,4.4715191096840226,3.9542563246136457,116.73204422279115,116.9967300696036,0.0
8.171,3.2473919079030593,-0.2422333755714816,2.281660167291639,0.0,4.443964042160762,3.9107773588161945,116.80741284068884,116.9967300696036,0.0
8.172,3.1561374972576437,-0.24678050116370487,2.245869030631939,0.0,4.415368895198595,3.8736238132279377,116.97341209697865,116.9967300696036,0.0
8.173,3.0781729091939636,-0.25999407798167695,2.1631025822132846,0.0,4.387325930567879,3.8362432701233855,117.14640136578394,116.9967300696036,0.0
8.174,3.008791874221802,-0.27875312268414654,2.075111234848833,0.0,4.360280567238869,3.7977973691066147,117.29894142465132,116.9967300696036,0.0
8.175,2.944235789699867,-0.30043308999638585,1.9958190918646692,0.0,4.334292356098405,3.759056658551698,117.43896780162274,116.9967300696036,0.0
8.176,2.8823080045558545,-0.3234132179385313,1.9213835260587682,0.0,4.309339909417008,3.7203627026500405,117.57469027155778,116.9967300696036,0.0
8.177,2.821669743912169,-0.3466972463265334,1.8477426890717026,0.0,4.285344753656845,3.6817376920792575,117.70676980017154,116.9967300696036,0.0
8.178,2.761433879864622,-0.3696229896153703,1.7746025274591442,0.0,4.262175603893511,3.6432862200208174,117.83284441839609,116.9967300696036,0.0
8.179,2.701096097580142,-0.39177673793327905,1.7032040748589443,0.0,4.23968587678275,3.60527534943281,117.95111096189986,116.9967300696036,0.0
8.18,2.6405126883234322,-0.41296079663623375,1.6345269941840992,0.0,4.2177527442984095,3.5680368960396893,118.06105937465176,116.9967300696036,0.0
8.181000000000001,2.5798181301437118,-0.4331411025245713,1.5689094947576656,0.0,4.196297072783877,3.53186838791449,118.16163100317307,116.9967300696036,0.0
8.182,2.5193292436956773,-0.4523421692139751,1.5069746711613163,0.0,4.175280431885231,3.4970613397765096,118.25643147417244,116.9967300696036,0.0
8.183,2.459431038871235,-0.4706970307263011,1.4469774216159412,0.0,4.15471177436211,3.4636368968146427,118.34531762222699,116.9967300696036,0.0
8.184000000000001,2.400409910122053,-0.4883052764263355,1.3890484720624365,0.0,4.134610896707,3.431619162555384,118.4264304989053,116.9967300696036,0.0
8.185,2.34249571569065,-0.5052190608948145,1.3341950294302602,0.0,4.115002767226003,3.4011188748624983,118.49931363812698,116.9967300696036,0.0
8.186,2.2859229881848515,-0.5214841010081307,1.28272762413419,0.0,4.0959254384916,3.37223878091588,118.56470948881977,116.9967300696036,0.0
8.187,2.2309175262888443,-0.5371441760004251,1.2343499045956308,0.0,4.077427791083993,3.3450169619277053,118.623496514621,116.9967300696036,0.0
8.188,2.17765914413601,-0.5522251971873104,1.1886887272448452,0.0,4.0595600380989625,3.3194369752022377,118.67614381601705,116.9967300696036,0.0
8.189,2.1262659546919442,-0.566725606793947,1.145570939082686,0.0,4.042365296584752,3.2954625339438026,118.72272602313029,116.9967300696036,0.0
8.19,2.0768052462548408,-0.5806201222863899,1.1050198759907959,0.0,4.025875977704221,3.2730633696349463,118.76312984366321,116.9967300696036,0.0
8.191,2.0293159054855656,-0.5938705634756872,1.067153967983742,0.0,4.010114277656755,3.252224671019313,118.79721234491898,116.9967300696036,0.0
8.192,1.9838286573652668,-0.6064363610127903,1.0321078946027047,0.0,3.9950946110696615,3.232945967154194,118.8248601290287,116.9967300696036,0.0
8.193,1.9403786228098416,-0.618281312226442,1.0000027019535875,0.0,3.9808263274128945,3.2152366878791776,118.84598368235626,116.9967300696036,0.0
8.194,1.8990107687309412,-0.6293765783306133,0.9709483891622834,0.0,3.9673159739536263,3.1991125492885595,118.86048687463007,116.9967300696036,0.0
8.195,1.85978105490106,-0.6397013153202682,0.9450592249751153,0.0,3.9545690103890436,3.1845941142589,118.86823091652658,116.9967300696036,0.0
8.196,1.8227559529726833,-0.6492423393460879,0.9224721955576278,0.0,3.942591164950897,3.1717076088555163,118.86899406050965,116.9967300696036,0.0
8.197000000000001,1.7880121779592746,-0.6579937766158185,0.9033679836570352,0.0,3.931389701375638,3.1604879406659583,118.86243025134914,116.9967300696036,0.0
8.198,1.7556377684707982,-0.6659573308291902,0.8879928864198354,0.0,3.9209748939297224,3.1509836216543428,118.84811535008907,116.9967300696036,0.0
8.199,1.7257347547060808,-0.6731439811287896,0.8766364842450127,0.0,3.911362031318059,3.143258387951674,118.8266750666088,116.9967300696036,0.0
8.2,1.698418060851609,-0.6795807618125985,0.8690571760150978,0.0,3.9025741109695185,3.1373300376609063,118.80398822110011,116.9967300696036,0.0
8.201,1.6737730708780898,-0.6853117023208396,0.8623280172544763,0.0,3.8946381832758243,3.1328890979415354,118.76296085932657,116.9967300696036,0.0
8.202,1.6518134894933274,-0.6900803457330666,0.8651793902440188,0.0,3.887518995749823,3.1306487060937767,118.74295932540781,116.9967300696036,0.0
8.203,1.6326205718274625,-0.6945062416768623,0.857717864645356,0.0,3.8813268499113422,3.1289627782618417,118.70429873488173,116.9967300696036,0.0
8.204,1.6157322101770657,-0.6978797542370062,0.8599724732556138,0.0,3.875912153295694,3.128814641437254,118.66980147478863,116.9967300696036,0.0
8.205,1.6012258555456014,-0.700346042886626,0.8604903892503157,0.0,3.8712616692850093,3.129601088699831,118.62079979711345,116.9967300696036,0.0
8.206,1.5889094635503866,-0.7017459817915996,0.8687505308128067,0.0,3.8672842087947017,3.1319570188201675,118.55805904195365,116.9967300696036,0.0
8.207,1.5790204752668384,-0.7021931138347232,0.8845076186692031,0.0,3.863975272501151,3.1362949129192566,118.48715434299528,116.9967300696036,0.0
8.208,1.5719474599533967,-0.7019108423692739,0.9050557254144724,0.0,3.8613954980652343,3.1426499866441393,118.41102024543223,116.9967300696036,0.0
8.209,1.5679648287854524,-0.7010745517306174,0.9289798724377145,0.0,3.8596200391898003,3.1509051099333876,118.32892333486325,116.9967300696036,0.0
8.21,1.5671808997776226,-0.6997825018735067,0.9567063950696071,0.0,3.858713875952939,3.1610142569046245,118.23538208295685,116.9967300696036,0.0
8.211,1.5696243619333585,-0.6981107870148503,0.9910905008892754,0.0,3.8587382756010054,3.1732502391416864,118.10981945259806,116.9967300696036,0.0
8.212,1.5754560496262748,-0.6961818605558567,1.0427409222387238,0.0,3.85978836874607,3.1889857173854286,117.9161672894639,116.9967300696036,0.0
8.213000000000001,1.585714989924305,-0.6940897571395368,1.1303726316072011,0.0,3.8620961582897952,3.2113054743804863,117.7648598662967,116.9967300696036,0.0
8.214,1.6027801053251711,-0.6925799651168302,1.1983450452238684,0.0,3.8662599884903206,3.236450109743445,117.72992050619585,116.9967300696036,0.0
8.215,1.6256521554319343,-0.6917903604716836,1.208482820908371,0.0,3.87245014061635,3.2575868214215538,117.73476415279609,116.9967300696036,0.0
8.216,1.650044143003015,-0.6897610511182335,1.1986806567763282,0.0,3.87991962071516,3.2735948632013336,117.70048296194754,116.9967300696036,0.0
8.217,1.6728427115211426,-0.6846488293966868,1.2087837232771617,0.0,3.88770090568623,3.2876944851081458,117.651324351787,116.9967300696036,0.0
8.218,1.6939606486831305,-0.6762100000292568,1.2268170855356009,0.0,3.895236875337673,3.3009499251021652,117.6704348491443,116.9967300696036,0.0
8.219,1.7136684260520836,-0.6654015031854945,1.2105247890615423,0.0,3.9022402456642347,3.309704255688232,117.55810281163443,116.9967300696036,0.0
8.22,1.7299483229855817,-0.6525682719926404,1.2610770803961704,0.0,3.90811514155397,3.322413454370902,117.31808012743335,116.9967300696036,0.0
8.221,1.7475545277861066,-0.6380010118381987,1.3778749219184125,0.0,3.9131994014179377,3.3450075788696565,117.14566516110105,116.9967300696036,0.0
8.222,1.772199408963601,-0.6244968892655929,1.462593054169587,0.0,3.9186948668639427,3.371466858155821,116.94261092397836,116.9967300696036,0.0
8.223,1.8036332255567544,-0.6131555583392058,1.5646613641871823,0.0,3.9251742085177876,3.40299881782392,116.50320629351435,116.9967300696036,0.0
8.224,1.8428983914772104,-0.6037432808124648,1.7892989171800804,0.0,3.9332368747543796,3.451710133334317,116.3275150060654,116.9967300696036,0.0
8.225,1.8964359432003588,-0.6001687889923142,1.8838367115399404,0.0,3.945065334593403,3.499012886736649,116.39749204666886,116.9967300696036,0.0
8.226,1.9581958448508423,-0.599542781216327,1.8548405714675569,0.0,3.9604081078516007,3.5323750437667663,116.41141650616407,116.9967300696036,0.0
8.227,2.0177920914527068,-0.5958929454634073,1.8537314773543447,0.0,3.97715759763193,3.5581652353582633,116.34310635104518,116.9967300696036,0.0
8.228,2.0720420303447593,-0.5873379255379022,1.894422792099376,0.0,3.9939066037590982,3.582166961519621,116.22507042477527,116.9967300696036,0.0
8.229000000000001,2.1221401104237083,-0.5746519617662282,1.961157351682615,0.0,4.010070976074056,3.607409014664503,116.08128874262945,116.9967300696036,0.0
8.23,2.1706012074700216,-0.5595099609422404,2.042202606025264,0.0,4.025604356019084,3.6351611922339457,115.90680935693518,116.9967300696036,0.0
8.231,2.2198653841570404,-0.5434343153059857,2.1403415059990825,0.0,4.040742714714806,3.6667418680295323,115.69658364248552,116.9967300696036,0.0
8.232,2.272340092731081,-0.5276598393748891,2.258455827495095,0.0,4.055950869224458,3.7034099223036803,115.46916020875898,116.9967300696036,0.0
8.233,2.330171481144184,-0.5133787781572963,2.3874432429668127,0.0,4.071891841735933,3.7451027534486077,115.25941008204371,116.9967300696036,0.0
8.234,2.3945860651630673,-0.5013156441548514,2.5096915062000433,0.0,4.089223865982662,3.7898705431731807,115.0935270526985,116.9967300696036,0.0
8.235,2.4653322340532577,-0.4910962114537256,2.611665051041699,0.0,4.108295960520074,3.834751430912487,114.9720836716211,116.9967300696036,0.0
8.236,2.5405270280517134,-0.4816420948528506,2.692633205560224,0.0,4.129011175878592,3.877374235229297,114.86256747879419,116.9967300696036,0.0
8.237,2.6175991621623638,-0.47165946237086487,2.768732927881776,0.0,4.150913601725929,3.917641581748277,114.73533968839065,116.9967300696036,0.0
8.238,2.6948718536188667,-0.4603136827765174,2.8549607268956745,0.0,4.173504310209872,3.9570672221492975,114.58434562046419,116.9967300696036,0.0
8.239,2.7721575118042545,-0.44753325116842946,2.9545816053502993,0.0,4.196486122204576,3.997176692512653,114.41971160153035,116.9967300696036,0.0
8.24,2.85022316629302,-0.4337693144341076,3.0626687994979513,0.0,4.2197944713114515,4.038652414198925,114.25250981250497,116.9967300696036,0.0
8.241,2.929974656773743,-0.4195609266902527,3.1737118965816298,0.0,4.243494274391785,4.081453259956996,114.08722865706989,116.9967300696036,0.0
8.242,3.01199762269827,-0.40527018893230404,3.2854474884245075,0.0,4.267674284463958,4.125299474232282,113.92319412066271,116.9967300696036,0.0
8.243,3.09652857203673,-0.39105465294853103,3.3982001161175024,0.0,4.292400113375805,4.169986326447072,113.75883163669765,116.9967300696036,0.0
8.244,3.1836115292295544,-0.37695086942711087,3.512760342429094,0.0,4.317712783790428,4.215417359151087,113.59372158154218,116.9967300696036,0.0
8.245000000000001,3.273220444773616,-0.36294870088491993,3.6293454548874413,0.0,4.343638089729565,4.261529164595547,113.42803092158016,116.9967300696036,0.0
8.246,3.3653006596724793,-0.34902110700416067,3.747877776348688,0.0,4.370190031977772,4.308262289842194,113.26167454051578,116.9967300696036,0.0
8.247,3.4597831309318194,-0.3351327237464625,3.8684065221717536,0.0,4.397371646306283,4.3555778659253805,113.09443009972065,116.9967300696036,0.0
8.248,3.556603691205564,-0.3212488369689641,3.9910517422681484,0.0,4.425178313097313,4.403460295667955,112.92625345236256,116.9967300696036,0.0
8.249,3.655716129309648,-0.3073428093005397,4.115844832119606,0.0,4.453601732007747,4.451901774209361,115.21560268618404,116.9967300696036,0.0
8.25,3.7496051699321207,-0.3061757393450655,2.9889814890430606,0.0,4.484037639462861,4.363801878063303,115.35553433270566,116.9967300696036,0.0
8.251,3.7462606229855973,-0.30950951910157887,2.9354276231512313,0.0,4.502998353030629,4.29424006103037,115.39694508997668,116.9967300696036,0.0
8.252,3.7029713779566977,-0.29941084124176687,2.930720094311989,0.0,4.511962621176181,4.238276579027823,116.12703921295656,116.9967300696036,0.0
8.253,3.6399150050380085,-0.28918951660668624,2.5743699413885204,0.0,4.513410755375662,4.156157739077661,116.74656749640124,116.9967300696036,0.0
8.254,3.548855606100356,-0.27678534703662483,2.267107425398204,0.0,4.505239946753824,4.06154619146672,116.739920968831,116.9967300696036,0.0
8.255,3.434562982894922,-0.2605453111072735,2.27299878019105,0.0,4.486762701976549,3.9909609865050264,116.65207655258737,116.9967300696036,0.0
8.256,3.320864714878791,-0.2482917731738541,2.320367523483026,0.0,4.461889172367446,3.942102109025682,116.73301619730276,116.9967300696036,0.0
8.257,3.220599333287124,-0.24619639141253447,2.282534839848341,0.0,4.4345091513569095,3.9008986929955496,116.90140212505794,116.9967300696036,0.0
8.258000000000001,3.134008030318436,-0.25374369406299824,2.1992951554162072,0.0,4.406597947953578,3.8608219675268285,117.06636664990168,116.9967300696036,0.0
8.259,3.0573271607509174,-0.26808004838414257,2.1161165271913567,0.0,4.378971718292529,3.821213524626974,117.20937443270999,116.9967300696036,0.0
8.26,2.9874316582533824,-0.2867523324669812,2.042486192156137,0.0,4.3520578550135,3.7824574490584273,117.34449137715077,116.9967300696036,0.0
8.261000000000001,2.922242723562528,-0.30808424698091597,1.9714501068602743,0.0,4.326119558261223,3.7442797564776598,117.48077105080272,116.9967300696036,0.0
8.262,2.8600813183943004,-0.33082337927142547,1.8984698602223125,0.0,4.301245307332916,3.70619440242412,117.61703295747556,116.9967300696036,0.0
8.263,2.7994983384481547,-0.3539600494475075,1.8241358780071715,0.0,4.277367588488547,3.66802573684821,117.74892949269298,116.9967300696036,0.0
8.264,2.73942911710847,-0.37675017443362413,1.7506656161675669,0.0,4.254336322017736,3.6299495615131554,117.87341948327169,116.9967300696036,0.0
8.265,2.679292693164443,-0.398742994135431,1.6796537267415315,0.0,4.23199187357784,3.592315586266502,117.98939031845977,116.9967300696036,0.0
8.266,2.6189403921243732,-0.419741759905792,1.61174170665893,0.0,4.210208408494989,3.5554877492606667,118.09671852844805,116.9967300696036,0.0
8.267,2.5585239155058566,-0.4397186242372846,1.5470777170763443,0.0,4.1889079736385995,3.5197727202115066,118.1947476861562,116.9967300696036,0.0
8.268,2.4983758328957375,-0.4587063436060348,1.486082962056741,0.0,4.168054959850182,3.485448491746221,118.28786306712324,116.9967300696036,0.0
8.269,2.43887347570087,-0.47685841852534416,1.4266139415980272,0.0,4.147661675641513,3.452483518513694,118.37442371181888,116.9967300696036,0.0
8.27,2.3802775654192354,-0.49425738967933464,1.3695566828280556,0.0,4.127743588608203,3.420944632482474,118.45272220897952,116.9967300696036,0.0
8.271,2.3228254862248483,-0.5109549289334283,1.3158475128539737,0.0,4.108326161281513,3.3909641598501628,118.52283351480862,116.9967300696036,0.0
8.272,2.266767381160088,-0.5270045625066493,1.2655308254873732,0.0,4.089450913724776,3.3626341186030078,118.58573968967075,116.9967300696036,0.0
8.273,2.212332111205353,-0.5424536375524516,1.218187641855641,0.0,4.071169088718302,3.335972272043444,118.64227379109738,116.9967300696036,0.0
8.274000000000001,2.159689690703693,-0.5573249866446435,1.1734651539273857,0.0,4.053530619206203,3.3109486993590336,118.69277385035365,116.9967300696036,0.0
8.275,2.108944354364112,-0.5716111594001029,1.1312546864917525,0.0,4.03657640488905,3.2875232732455526,118.73721912662238,116.9967300696036,0.0
8.276,2.0601525062018333,-0.585282040530417,1.0916271577871988,0.0,4.020336004589045,3.2656676947630165,118.77545696277981,116.9967300696036,0.0
8.277000000000001,2.013347482116907,-0.598297228345048,1.054720970776719,0.0,4.004829048319094,3.2453708629823446,118.8073382034351,116.9967300696036,0.0
8.278,1.9685589486422876,-0.6106162816377773,1.0206742691107635,0.0,3.9900680484821227,3.2266356318809546,118.83275221248645,116.9967300696036,0.0
8.279,1.9258236475723207,-0.6222045690517458,0.9896070431562549,0.0,3.976061146601321,3.2094738938506193,118.85160801895536,116.9967300696036,0.0
8.28,1.88518934185158,-0.6330354630152893,0.9616303604282841,0.0,3.9628142765674155,3.1939032972132875,118.86379872973755,116.9967300696036,0.0
8.281,1.846715137614436,-0.643090507574471,0.9368643184358483,0.0,3.950332779835041,3.1799463948532884,118.86916268135282,116.9967300696036,0.0
8.282,1.8104707856607851,-0.6523589288388887,0.9154580165107233,0.0,3.938622718433398,3.167632136936742,118.86744011846709,116.9967300696036,0.0
8.283,1.7765366447653779,-0.6608373582035023,0.8976121974649542,0.0,3.927692180397729,3.1569996335748622,118.85824121362553,116.9967300696036,0.0
8.284,1.7450052701069383,-0.6685304140039392,0.883596538445512,0.0,3.917552897673841,3.1481031722473958,118.84127681430152,116.9967300696036,0.0
8.285,1.7159839029721087,-0.6754535505294623,0.8736332706605379,0.0,3.9082225115493983,3.1410036625523827,118.81801852509076,116.9967300696036,0.0
8.286,1.689586514403382,-0.681639804134669,0.8670495307110455,0.0,3.8997264695992153,3.135669985569042,118.80263996164749,116.9967300696036,0.0
8.287,1.6658581847642497,-0.6871453654601135,0.8566797135122457,0.0,3.8920904133554646,3.131291371971263,118.75512970628878,116.9967300696036,0.0
8.288,1.6445524296703566,-0.6915192092020781,0.8628508448247452,0.0,3.8852061685746704,3.129475886489185,118.72317008744156,116.9967300696036,0.0
8.289,1.626062946020911,-0.6955274876466881,0.861566254069978,0.0,3.8792259719152375,3.128771294431588,118.68937662343653,116.9967300696036,0.0
8.290000000000001,1.6101854384667191,-0.6986951377104794,0.8615365205341634,0.0,3.874081694438557,3.1291103481268805,118.65297525317611,116.9967300696036,0.0
8.291,1.596647950004423,-0.7009156845108075,0.8631747538286487,0.0,3.869698333726474,3.130411920358039,118.6000419058485,116.9967300696036,0.0
8.292,1.5852916562702197,-0.7020544908204782,0.8736083091300046,0.0,3.8659865295347755,3.133390125471216,118.53455833628385,116.9967300696036,0.0
8.293000000000001,1.5764152082249145,-0.7022698874597093,0.8909718112455263,0.0,3.862956031840782,3.1383678256812413,118.46177376064298,116.9967300696036,0.0
8.294,1.5703986069976394,-0.7017858697395382,0.9127136621555658,0.0,3.8606709580215806,3.1453357363343617,118.38371758249474,116.9967300696036,0.0
8.295,1.5674851636178175,-0.7007655099259852,0.9378718761007767,0.0,3.859203783247323,3.1541886463246303,118.29839478559235,116.9967300696036,0.0
8.296,1.567767498509003,-0.6993046238769798,0.9675166273920837,0.0,3.85861812308226,3.1649586970692076,118.19776764348285,116.9967300696036,0.0
8.297,1.5713027886142592,-0.6975042640840816,1.0058198227080424,0.0,3.858984603291435,3.178124022131999,118.05024352237714,116.9967300696036,0.0
8.298,1.5784194238675064,-0.6954890785629771,1.0690467487331587,0.0,3.8604273011765766,3.1958339156422255,117.85000048666257,116.9967300696036,0.0
8.299,1.5907578042052977,-0.6934263722744901,1.1606355624198583,0.0,3.863289972787705,3.220073534350605,117.74104120367242,116.9967300696036,0.0
8.3,1.610193717414737,-0.6922840130420346,1.207672092574241,0.0,3.8681853066558745,3.2444190218797155,117.7325627311678,116.9967300696036,0.0
8.301,1.6341210399435706,-0.6913402754008868,1.2045530022109092,0.0,3.8749332683419366,3.263568382455144,117.72838062094554,116.9967300696036,0.0
8.302,1.6581564769719348,-0.6883857557138874,1.1993275518086197,0.0,3.882605810127776,3.278529369653184,117.68022635779157,116.9967300696036,0.0
8.303,1.6802834990382927,-0.6820729413742923,1.2165697205037276,0.0,3.8903423320743498,3.292516787313475,117.64876499562276,116.9967300696036,0.0
8.304,1.701014103304506,-0.6726837291620652,1.2257800523279423,0.0,3.8977342583923473,3.304660733967486,117.6675927476423,116.9967300696036,0.0
8.305,1.7197432952576759,-0.661337469085755,1.209657549537782,0.0,3.904447190257673,3.3126109948905498,117.47088833020736,116.9967300696036,0.0
8.306000000000001,1.7353710683336665,-0.6475095801196752,1.3032681756492162,0.0,3.9098762498432675,3.3293641536891716,117.25834632317245,116.9967300696036,0.0
8.307,1.7551377519383173,-0.6330632982012462,1.4069230166309836,0.0,3.9149869072287977,3.3534327713476184,117.0755035321708,116.9967300696036,0.0
8.308,1.7819779654076915,-0.6203142920023546,1.4975566775061353,0.0,3.920735432778926,3.3817839906196383,116.81779349646517,116.9967300696036,0.0
8.309000000000001,1.816013437435889,-0.6098681786405602,1.6282010610903335,0.0,3.927722645293436,3.417863986316572,116.2286983472476,116.9967300696036,0.0
8.31,1.8592016222427303,-0.6026133416030763,1.9304289529226786,0.0,3.936925565185682,3.478562982352508,116.34396277969817,116.9967300696036,0.0
8.311,1.921982919908567,-0.6029109791997188,1.8793244095964465,0.0,3.951383381198303,3.518994531194692,116.46381736341269,116.9967300696036,0.0
8.312,1.9858223100583718,-0.6024674371733025,1.824726244801099,0.0,3.9683868044950072,3.5449394341198746,116.45639703065295,116.9967300696036,0.0
8.313,2.0426164252309627,-0.5964032858538874,1.8338397415704735,0.0,3.985621754529689,3.565929696607306,116.35175752652111,116.9967300696036,0.0
8.314,2.0924680952354238,-0.5845599969252987,1.892609219067218,0.0,4.001990115540694,3.5880021928576467,116.21437817203139,116.9967300696036,0.0
8.315,2.138776674496812,-0.5690841786735542,1.9691224152878022,0.0,4.017344982957228,3.612737605374643,116.05444097025189,116.9967300696036,0.0
8.316,2.184671929327142,-0.552126951757144,2.0585139071710685,0.0,4.031927368105521,3.6410175032878236,115.84594382777728,116.9967300696036,0.0
8.317,2.2328749164895894,-0.5351274717178532,2.1742703408266384,0.0,4.046179133995143,3.6749235666682294,115.60021986991798,116.9967300696036,0.0
8.318,2.286394562779524,-0.5193156117438501,2.3110974217531437,0.0,4.060827019837097,3.715352483644648,115.36973838816942,116.9967300696036,0.0
8.319,2.3471644820912836,-0.5063084433430269,2.442608079441763,0.0,4.076780338868145,3.760151704382709,115.17149600686567,116.9967300696036,0.0
8.32,2.4154413207165524,-0.49591473225300253,2.5599816107210205,0.0,4.094605011534002,3.80675956375824,115.03361575665663,116.9967300696036,0.0
8.321,2.4898808478747467,-0.48717802675572747,2.648552878955009,0.0,4.114450902377026,3.851552629054601,114.93272787526115,116.9967300696036,0.0
8.322000000000001,2.5675232199324056,-0.478528019840463,2.7196368415961727,0.0,4.1359273769596765,3.892988234459054,114.8257398914642,116.9967300696036,0.0
8.323,2.645601150186127,-0.4685868084162984,2.7948407352760443,0.0,4.158392731437001,3.932177366852369,114.69018941728406,116.9967300696036,0.0
8.324,2.7230133763989235,-0.4568093208549951,2.8856813788893074,0.0,4.181334352188425,3.971199987733876,114.53083895590737,116.9967300696036,0.0
8.325,2.800264412600413,-0.4434999325061636,2.990015520714614,0.0,4.204537815110097,4.0114593660469895,114.36242038274143,116.9967300696036,0.0
8.326,2.878502858419365,-0.4293314258004517,3.1005679041662044,0.0,4.228021427716775,4.05329685490431,114.19479220273205,116.9967300696036,0.0
8.327,2.9586941461269642,-0.4148826781138143,3.2124013728396137,0.0,4.251892750770045,4.096456456666481,114.02984706375078,116.9967300696036,0.0
8.328,3.041341669813051,-0.4004694339111253,3.3245427723887753,0.0,4.276251932308773,4.140615135093039,113.86573235131617,116.9967300696036,0.0
8.329,3.1266008939747287,-0.38619867056499835,3.437910105788955,0.0,4.301165412010238,4.185590817088421,113.70106678821578,116.9967300696036,0.0
8.33,3.214471734305262,-0.3720772932198393,3.5531995201530258,0.0,4.32667446806659,4.231295240905715,113.53577255809635,116.9967300696036,0.0
8.331,3.30490096321802,-0.3580781029920893,3.670456210327812,0.0,4.352804363747432,4.2776569629454,113.36995448795068,116.9967300696036,0.0
8.332,3.3978106089676605,-0.34416056097385683,3.7896330012171795,0.0,4.3795665043444325,4.324616613701955,113.20338278243577,116.9967300696036,0.0
8.333,3.493116556479621,-0.33027989851950196,3.9108523268463133,0.0,4.406960698507591,4.372144313584044,113.03586575457899,116.9967300696036,0.0
8.334,3.5907500215004244,-0.3163977223791702,4.034219483924947,0.0,4.43498001049175,4.420230235239428,112.86741883772565,116.9967300696036,0.0
8.335,3.6906651707468425,-0.302487044682487,4.159736054670397,0.0,4.463614630657799,4.4688683153720055,114.86445525119551,116.9967300696036,0.0
8.336,3.774867585488438,-0.3190505231410885,3.182540596119549,0.0,4.496210686227914,4.39849626923077,116.09867737144299,116.9967300696036,0.0
8.337,3.7816560615213937,-0.3255452886936197,2.574410062977415,0.0,4.519058721053089,4.281393920984336,116.36407385691987,116.9967300696036,0.0
8.338000000000001,3.7146044385168326,-0.3105453390125468,2.4480383823658105,0.0,4.526196775450657,4.177910594800039,116.33326562835168,116.9967300696036,0.0
8.339,3.609496134067138,-0.28507472481768426,2.470077141062425,0.0,4.519620923725413,4.100068784196094,116.43839111987059,116.9967300696036,0.0
8.34,3.4951144389990425,-0.2627387390222953,2.423097784800303,0.0,4.503716223816757,4.035496356117211,116.62046790317024,116.9967300696036,0.0
8.341,3.3836528654415132,-0.24826153926430747,2.3358220148148114,0.0,4.481575618975653,3.9777771158602153,116.78173580372398,116.9967300696036,0.0
8.342,3.279224551867976,-0.24242611710109874,2.257338007196738,0.0,4.455380026152586,3.926227754764189,116.88423132612958,116.9967300696036,0.0
8.343,3.1839743399204865,-0.24459319450963135,2.207215233428676,0.0,4.426945789238794,3.881918345635642,116.9833260974973,116.9967300696036,0.0
8.344,3.0994066553214816,-0.25428542293907686,2.157801887465881,0.0,4.397968509456682,3.8426121565967617,117.10379457051386,116.9967300696036,0.0
8.345,3.024822442113556,-0.2702831418970659,2.0964970059484993,0.0,4.369621165549978,3.8054480415831513,117.24155834265491,116.9967300696036,0.0
8.346,2.957839302902892,-0.2907428010197744,2.025166837147458,0.0,4.342482729846499,3.7685546371083882,117.3854062221791,116.9967300696036,0.0
8.347,2.8956425079943555,-0.31373813533585476,1.9493561358596088,0.0,4.316693687449434,3.7311826701049307,117.52801256654055,116.9967300696036,0.0
8.348,2.8358479179353613,-0.33769229891206193,1.8727401387095126,0.0,4.292151357241951,3.6932547798458866,117.66540120880323,116.9967300696036,0.0
8.349,2.776803417736109,-0.3615071840761642,1.797359106186177,0.0,4.268650566761603,3.655036641107258,117.79540549293961,116.9967300696036,0.0
8.35,2.717581555795742,-0.3845293468805187,1.7243702098846287,0.0,4.245972330512264,3.61693922873797,117.91695419134793,116.9967300696036,0.0
8.351,2.6578420879726323,-0.4064531959454443,1.6543936194630264,0.0,4.223933578420029,3.5793953208384544,118.02978805665603,116.9967300696036,0.0
8.352,2.597654574189833,-0.4272112986424431,1.5876461069384495,0.0,4.202408463553085,3.5427826998840546,118.13339858622332,116.9967300696036,0.0
8.353,2.537339841315237,-0.4468508683053808,1.5244741569886067,0.0,4.181327369713349,3.507430135647543,118.22951744818322,116.9967300696036,0.0
8.354000000000001,2.4773338898652604,-0.4655030743292702,1.4640868522228634,0.0,4.160674475799935,3.4734913417567252,118.32005943318102,116.9967300696036,0.0
8.355,2.418026511846611,-0.48332703325706383,1.40558256608819,0.0,4.1404671053105995,3.440973291504045,118.40333581650943,116.9967300696036,0.0
8.356,2.3597090709185853,-0.5004144964448715,1.3498783169549267,0.0,4.1207300482063065,3.4099657294062817,118.47842421013485,116.9967300696036,0.0
8.357,2.3026484563711387,-0.5168307701726325,1.297517178736903,0.0,4.101500856080845,3.3805760282861548,118.5458118330989,116.9967300696036,0.0
8.358,2.247096603214894,-0.5326325495757833,1.248332549619926,0.0,4.082829646052987,3.3528557779465196,118.6064121745036,116.9967300696036,0.0
8.359,2.193258697813024,-0.54785752043742,1.201935557868572,0.0,4.064770260994697,3.3267952598992268,118.66082321017377,116.9967300696036,0.0
8.36,2.1412728839635866,-0.5625135269048703,1.158089108627785,0.0,4.047370673640312,3.3023557761212805,118.70920676123359,116.9967300696036,0.0
8.361,2.09121741831243,-0.5765803545325079,1.1167725661815777,0.0,4.030667887617937,3.2795001698921475,118.75147217759007,116.9967300696036,0.0
8.362,2.043133615976316,-0.590020536403935,1.0780924369234701,0.0,4.014687571304465,3.2582068604902217,118.78746361002229,116.9967300696036,0.0
8.363,1.9970491820984912,-0.6027913156207644,1.0421893853031772,0.0,3.999446339577285,3.238470765714691,118.81704929151675,116.9967300696036,0.0
8.364,1.952994017860667,-0.6148530833336381,1.0091933523368122,0.0,3.984954708201518,3.2202988478612786,118.84013108500072,116.9967300696036,0.0
8.365,1.9110078170971871,-0.6261735390827236,0.979218445440857,0.0,3.971219680633258,3.2037056096683436,118.85661756706376,116.9967300696036,0.0
8.366,1.871142114400355,-0.6367288352616978,0.9523763294347334,0.0,3.9582467100247265,3.188710674135181,118.86638752814862,116.9967300696036,0.0
8.367,1.8334598216883482,-0.6465032869141931,0.928794774306855,0.0,3.946041179643716,3.1753387803618276,118.86925006017012,116.9967300696036,0.0
8.368,1.7980344881422448,-0.6554888119770913,0.9086383083904419,0.0,3.9346096761638645,3.163622090991133,118.86490043215711,116.9967300696036,0.0
8.369,1.7649506831699753,-0.6636848366976745,0.8921314187714082,0.0,3.923961361563565,3.153604692222083,118.85291614142827,116.9967300696036,0.0
8.370000000000001,1.7343061509412836,-0.6710993633499711,0.8795617034175851,0.0,3.914109776230937,3.1453466625726083,118.83338797188102,116.9967300696036,0.0
8.371,1.7062130291952022,-0.677753771986477,0.8709592091684326,0.0,3.9050753861501173,3.1388924982107334,118.8093413439218,116.9967300696036,0.0
8.372,1.6807753966940224,-0.6836864370723449,0.8648564104048619,0.0,3.8968850677142726,3.1341122367131327,118.77229871536757,116.9967300696036,0.0
8.373,1.6580889491653616,-0.6887348976137487,0.8656220382243383,0.0,3.8895317589809464,3.1313773494726247,118.75752891186444,116.9967300696036,0.0
8.374,1.6381829929903629,-0.6933378665134805,0.855398951553294,0.0,3.8830961343704598,3.1290112149747893,118.71484694162797,116.9967300696036,0.0
8.375,1.6203995908496096,-0.6969212675187391,0.8595587679512866,0.0,3.8774156031928193,3.1285550568099114,118.67944783511304,116.9967300696036,0.0
8.376,1.6051275702309082,-0.6996360285200549,0.8604311435536574,0.0,3.872520299016548,3.1291329127426892,118.6349941214838,116.9967300696036,0.0
8.377,1.5921634602407575,-0.7013566142727536,0.8662753598494746,0.0,3.8683344276739646,3.131070924593807,118.57635323605294,116.9967300696036,0.0
8.378,1.5815838986905477,-0.7021012575605615,0.879799570900412,0.0,3.864825649554882,3.134859879848819,118.50809659553612,116.9967300696036,0.0
8.379,1.5737166379889278,-0.7020548634099582,0.8988142258994978,0.0,3.8620340949837657,3.14063503476749,118.43382607219402,116.9967300696036,0.0
8.38,1.5688538058336532,-0.7013983018699043,0.9215785275446402,0.0,3.860027453533729,3.1483236842982216,118.35395856261049,116.9967300696036,0.0
8.381,1.567142711874524,-0.7002464678078848,0.9479399974063396,0.0,3.8588702050503456,3.1578545154131614,118.26467419341691,116.9967300696036,0.0
8.382,1.5686283149443967,-0.6986757051685768,0.9799027407649956,0.0,3.858620498977091,3.1693882983618265,118.15297546857603,116.9967300696036,0.0
8.383000000000001,1.5734077192968443,-0.6968058301969186,1.0241896491957099,0.0,3.8593591631855415,3.1837847864540234,117.97821228251468,116.9967300696036,0.0
8.384,1.5821189302209808,-0.6947393787534932,1.1017564200972767,0.0,3.861254998873303,3.203994528714579,117.79641095738916,116.9967300696036,0.0
8.385,1.596988737931242,-0.6929076542453668,1.184660273782181,0.0,3.864801400036886,3.2291680697752914,117.73048897338494,116.9967300696036,0.0
8.386000000000001,1.6185071804822273,-0.6920380332562408,1.2102836767464775,0.0,3.870433174126459,3.2519501020320085,117.73522645553072,116.9967300696036,0.0
8.387,1.6429107196201982,-0.6906209170501041,1.2005299718143136,0.0,3.877632787459963,3.2692187620201643,117.71546837100652,116.9967300696036,0.0
8.388,1.666310800731421,-0.6865252538586697,1.2032216310623838,0.0,3.885402953669937,3.2835441633786093,117.66102964632265,116.9967300696036,0.0
8.389,1.6878271415884014,-0.6790016877796475,1.2237979976371316,0.0,3.8930420077579786,3.2973177282697925,117.65800222662459,116.9967300696036,0.0
8.39,1.708101742837234,-0.668768577377954,1.2186989859159503,0.0,3.900244106442939,3.3076961443967825,117.62274524103127,116.9967300696036,0.0
8.391,1.7255070088723234,-0.656738724315302,1.2300673269983342,0.0,3.906542884139226,3.3173466031644723,117.38325074171951,116.9967300696036,0.0
8.392,1.7417567646198653,-0.6423015405649872,1.3459493699330554,0.0,3.911709038260746,3.337681814665138,117.22334168094936,116.9967300696036,0.0
8.393,1.764218130270459,-0.6281574389359577,1.423637784204671,0.0,3.9169806187784912,3.3615787729043305,116.99571125128493,116.9967300696036,0.0
8.394,1.792551897710505,-0.6160735562698875,1.5374631872200728,0.0,3.922926950991403,3.392465002798456,116.7786644519921,116.9967300696036,0.0
8.395,1.8293296496322036,-0.6062177714084073,1.6481672430426033,0.0,3.9304039754643334,3.4281342199977987,116.19422356563855,116.9967300696036,0.0
8.396,1.8739947781259678,-0.599414474904454,1.9484127512590277,0.0,3.940050414443086,3.4883587966549854,116.26384827432074,116.9967300696036,0.0
8.397,1.9377195358899666,-0.5994750602731349,1.9209292148707642,0.0,3.9548293645452772,3.530936843390353,116.39256189547386,116.9967300696036,0.0
8.398,2.003412030738428,-0.5993137493103045,1.862614086035499,0.0,3.972369874251186,3.558006224798713,116.40138835986222,116.9967300696036,0.0
8.399000000000001,2.0620506631444204,-0.59362346261105,1.864154270938731,0.0,3.9902389527000524,3.579081966048366,116.30214405967311,116.9967300696036,0.0
8.4,2.113181379374798,-0.5818862372794608,1.9207222811325928,0.0,4.0071945055095135,3.6010061278289487,116.15968866982193,116.9967300696036,0.0
8.401,2.160299546834093,-0.5662327243908717,2.0003203900559985,0.0,4.023042405051657,3.6259518493338363,115.9947799357252,116.9967300696036,0.0
8.402000000000001,2.2069166591734737,-0.5489959518874993,2.092794258443146,0.0,4.038060576943591,3.654707232393063,115.78882868822888,116.9967300696036,0.0
8.403,2.255920539838344,-0.5317672169082538,2.207848896005058,0.0,4.052729676829571,3.6888959100337577,115.54868736016617,116.9967300696036,0.0
8.404,2.3101277313677935,-0.5158365539126131,2.3423999871307855,0.0,4.067770648911294,3.7293099512855994,115.31629052133782,116.9967300696036,0.0
8.405,2.371461785337007,-0.502546542510319,2.4754028020276184,0.0,4.084046333285735,3.7742668103265062,115.12242153171937,116.9967300696036,0.0
8.406,2.440303084113099,-0.4918689042854265,2.591080382215686,0.0,4.102148495036106,3.820790855246809,114.98718782308688,116.9967300696036,0.0
8.407,2.5151913713938745,-0.4828000221936496,2.678792658997095,0.0,4.122202044455623,3.8654149878810675,114.88445739521791,116.9967300696036,0.0
8.408,2.593168569731112,-0.4737988186648975,2.7512805996754404,0.0,4.1438132086293695,3.906850003956366,114.77245627644176,116.9967300696036,0.0
8.409,2.6716177608858875,-0.4635548762751378,2.8295238969951333,0.0,4.166369936365686,3.94633487909624,114.63248111024667,116.9967300696036,0.0
8.41,2.749600864660319,-0.451597572200932,2.923153969686246,0.0,4.189406614818092,3.9858501650149445,114.47132862144375,116.9967300696036,0.0
8.411,2.827665140811895,-0.43825049941915517,3.028984228569308,0.0,4.2127425490518755,4.026615378598315,114.30321850024721,116.9967300696036,0.0
8.412,2.906880638380785,-0.4241427468170553,3.1399744048611384,0.0,4.236403029162202,4.0688552190789355,114.13639458333331,116.9967300696036,0.0
8.413,2.9880953575061646,-0.40978766884874585,3.251989718180791,0.0,4.260483464259068,4.112307442096668,113.97169520337823,116.9967300696036,0.0
8.414,3.0717327614962353,-0.3954545728679546,3.3645897568205854,0.0,4.285067988369817,4.156700370191841,113.8072732304935,116.9967300696036,0.0
8.415000000000001,3.1579254605289413,-0.3812348955396838,3.4786953116540555,0.0,4.310212519332704,4.201893245680157,113.64218951653524,116.9967300696036,0.0
8.416,3.2466820910742484,-0.36713909711108883,3.594782574163866,0.0,4.335953543694273,4.247808527674018,113.47655788207248,116.9967300696036,0.0
8.417,3.337961991284076,-0.3531472297354661,3.712800113270555,0.0,4.362313846392038,4.294374217863659,113.3104040305089,116.9967300696036,0.0
8.418000000000001,3.4316963605946,-0.3392239193260769,3.832740299443291,0.0,4.389303042367712,4.341534632769988,113.14345730329137,116.9967300696036,0.0
8.419,3.527810176722441,-0.32532875533885264,3.9547463907151807,0.0,4.416920125301953,4.3892640178804765,112.97557989390135,116.9967300696036,0.0
8.42,3.626243390154746,-0.3114274700817412,4.078896597167212,0.0,4.445158248715409,4.437552119254068,113.35315771686278,116.9967300696036,0.0
8.421,3.726641591840397,-0.29802964941429155,3.926543409213906,0.0,4.474066622504029,4.455775400041162,116.13571837945459,116.9967300696036,0.0
8.422,3.7863918230649274,-0.32067906770191823,2.5438731948194935,0.0,4.504531901210811,4.3189284550067155,116.05692187394587,116.9967300696036,0.0
8.423,3.7410039689539225,-0.3138804270893698,2.5926695295304305,0.0,4.517291612893212,4.223597197572995,115.80937306046837,116.9967300696036,0.0
8.424,3.656057260468952,-0.29147759895431635,2.728317506360529,0.0,4.516845902975271,4.162398610547325,116.27199633985269,116.9967300696036,0.0
8.425,3.563949272775381,-0.27303548142807577,2.50425320396588,0.0,4.508520300700022,4.090554169762159,116.74166145380374,116.9967300696036,0.0
8.426,3.4607251903790495,-0.26000138388358174,2.271971333148352,0.0,4.49259348501915,4.012184819248664,116.7384550757827,116.9967300696036,0.0
8.427,3.349186041763791,-0.24852533121471,2.2761572720970853,0.0,4.469290391036884,3.9540800597346824,116.72060655562031,116.9967300696036,0.0
8.428,3.2451536704643114,-0.24404123710973114,2.2878427673181125,0.0,4.442128640676588,3.9110271812154878,116.83022006804173,116.9967300696036,0.0
8.429,3.1551207764681006,-0.2492361674515926,2.234701111123022,0.0,4.413994060779055,3.872464273005101,116.99923894587305,116.9967300696036,0.0
8.43,3.077060545356803,-0.26244877780203923,2.1501665834446673,0.0,4.386218085885368,3.8338631126256124,117.1620321866347,116.9967300696036,0.0
8.431000000000001,3.0068634744717957,-0.2807901570123692,2.067116941893527,0.0,4.359245018052735,3.7949954309871003,117.30723734683747,116.9967300696036,0.0
8.432,2.941485547571619,-0.3020156852877821,1.9914092890198067,0.0,4.3332338831577015,3.756309466578746,117.44492465328013,116.9967300696036,0.0
8.433,2.8790126107562397,-0.3246756833259835,1.9180836899617124,0.0,4.308235609812787,3.717800489534762,117.58050854819946,116.9967300696036,0.0
8.434000000000001,2.8180956519949456,-0.34777822727440455,1.8444539577160861,0.0,4.284200945951907,3.679352704399835,117.71273003974174,116.9967300696036,0.0
8.435,2.757760258361282,-0.37061495949489276,1.7711832122435638,0.0,4.261005985068396,3.641050470424881,117.83873218810801,116.9967300696036,0.0
8.436,2.697429404975243,-0.3927316352387535,1.6997621168753856,0.0,4.2385047638853575,3.603168390659426,117.9567855383207,116.9967300696036,0.0
8.437,2.636912752325241,-0.4139047809357355,1.6311348870818692,0.0,4.216573336113307,3.566043135686246,118.06648838973537,116.9967300696036,0.0
8.438,2.576315174195014,-0.4340845492215308,1.5655858781732181,0.0,4.195130568675612,3.5299737118189896,118.16671035014804,116.9967300696036,0.0
8.439,2.5159356401575796,-0.4532830735636752,1.5037750951614397,0.0,4.174135175589738,3.4952590305152933,118.26136964949275,116.9967300696036,0.0
8.44,2.456148475805999,-0.47163311130518526,1.4437990496901918,0.0,4.153594372590229,3.4619098135999615,118.34999420447642,116.9967300696036,0.0
8.441,2.3972293242844462,-0.48922839061565904,1.3859541308496297,0.0,4.133524708545871,3.429961492482316,118.43070536809466,116.9967300696036,0.0
8.442,2.339408002917282,-0.5061202510920354,1.3312587960555957,0.0,4.113949330653484,3.399534153268233,118.5031439296913,116.9967300696036,0.0
8.443,2.2829244807589033,-0.5223570647452884,1.279975376656398,0.0,4.0949058875260205,3.3707327616241005,118.5681202596481,116.9967300696036,0.0
8.444,2.2280094707787583,-0.5379854796635684,1.231773309777557,0.0,4.076443407051367,3.3435935875451843,118.62652654075052,116.9967300696036,0.0
8.445,2.1748450997780733,-0.5530330081857247,1.1862722045148772,0.0,4.058612201204545,3.318097912626863,118.67881882594897,116.9967300696036,0.0
8.446,2.12354982650409,-0.5674985654423796,1.1433051743521998,0.0,4.041455284463582,3.294208158700556,118.72505648529875,116.9967300696036,0.0
8.447000000000001,2.074190532556053,-0.5813568422736414,1.102903080520356,0.0,4.025004838882953,3.271893698074451,118.76511729006181,116.9967300696036,0.0
8.448,2.0268057114920675,-0.5945695834295032,1.0651888059342445,0.0,4.009282810556613,3.2511398270642973,118.7988547346461,116.9967300696036,0.0
8.449,1.9814259540219785,-0.6070962624869778,1.0302988369916746,0.0,3.994303405246654,3.2319463115957747,118.82615411710246,116.9967300696036,0.0
8.45,1.9380864785648457,-0.618900839278952,0.9983549052885046,0.0,3.98007582557738,3.214322819070766,118.84692474274672,116.9967300696036,0.0
8.451,1.896832489983994,-0.6299547122719085,0.9694676457349429,0.0,3.966606534883838,3.1982853025867946,118.8610684152253,116.9967300696036,0.0
8.452,1.8577202637409516,-0.640237314593979,0.9437524260394352,0.0,3.9539009691367535,3.1838546121118245,118.8684428036335,116.9967300696036,0.0
8.453,1.8208166507309502,-0.6497357670895417,0.9213481044950387,0.0,3.9419648946681702,3.171057386105382,118.86882050748301,116.9967300696036,0.0
8.454,1.786198840067957,-0.6584445373344068,0.9024383481914902,0.0,3.9308056852477806,3.159929168317608,118.86184837802274,116.9967300696036,0.0
8.455,1.7539555068778738,-0.6663657446151252,0.8872732298374315,0.0,3.920433820089081,3.150519374454941,118.8471068651376,116.9967300696036,0.0
8.456,1.7241895014784314,-0.6735109639567869,0.8761402183246603,0.0,3.9108649241147653,3.1428922206418446,118.82535071621234,116.9967300696036,0.0
8.457,1.69701610025291,-0.6799083752726476,0.8687320863212045,0.0,3.9021224654078956,3.137058742288187,118.80326500033462,116.9967300696036,0.0
8.458,1.6725157612578034,-0.6856032675090842,0.8617095949527553,0.0,3.894233368769197,3.1326592764459207,118.76144643621002,116.9967300696036,0.0
8.459,1.6506765330672994,-0.6903179557008076,0.8649717133489898,0.0,3.8871549019888687,3.1304972171722847,118.73942961672988,116.9967300696036,0.0
8.46,1.6316106419450291,-0.6946873806142685,0.8585531276177985,0.0,3.8810015658177717,3.128983707275131,118.7026800415291,116.9967300696036,0.0
8.461,1.6148988004868288,-0.698041832480745,0.85986841549893,0.0,3.875637507730246,3.128862725923998,118.6679289953148,116.9967300696036,0.0
8.462,1.6005281929299067,-0.7004626530465942,0.8605319493489734,0.0,3.871030503059939,3.1296909211605985,118.61790476198136,116.9967300696036,0.0
8.463000000000001,1.5883302747219536,-0.7018044440744493,0.8693323190919113,0.0,3.8670904071877286,3.132135066667038,118.55445417606616,116.9967300696036,0.0
8.464,1.5785742583530016,-0.7022010778562606,0.8854803709848884,0.0,3.8638189472591042,3.136580252664914,118.48315121046247,116.9967300696036,0.0
8.465,1.5716545690733503,-0.7018803835975082,0.9062676423781459,0.0,3.861279909216848,3.1430424990615413,118.4067249576316,116.9967300696036,0.0
8.466,1.5678385140340054,-0.7010146728863567,0.9303808199133012,0.0,3.8595489783828407,3.1513997629907475,118.32419995421662,116.9967300696036,0.0
8.467,1.5672265740943039,-0.6996988034489316,0.9583686227746571,0.0,3.8586907784941515,3.161614886826003,118.22973518869074,116.9967300696036,0.0
8.468,1.5698463834467034,-0.6980098360358403,0.9932709543467282,0.0,3.8587672832567885,3.1739877583050156,118.10115014599732,116.9967300696036,0.0
8.469,1.5758768006921022,-0.6960705416894939,1.046519274929499,0.0,3.859876991987098,3.1900021372573075,117.90510822838927,116.9967300696036,0.0
8.47,1.5864434707850055,-0.6939780780070753,1.1354564521456705,0.0,3.8622663896780014,3.212674625937585,117.76025593134003,116.9967300696036,0.0
8.471,1.6039012153359475,-0.6925304411920051,1.2002473420529265,0.0,3.86654578105501,3.2377417464368885,117.73023360697303,116.9967300696036,0.0
8.472,1.6269766907613583,-0.6917353708975862,1.2079234688627303,0.0,3.8728309639800127,3.258562834222682,117.73421030187455,116.9967300696036,0.0
8.473,1.6513327147500576,-0.6895740398913579,1.1985603190892584,0.0,3.8803399416833524,3.2743752158947124,117.69742439786124,116.9967300696036,0.0
8.474,1.674020396050107,-0.6842724698520193,1.209946327813339,0.0,3.8881177003892975,3.2884512649241406,117.6502544288312,116.9967300696036,0.0
8.475,1.6950729383838796,-0.6756753755538996,1.2269960687360815,0.0,3.895632623455191,3.3015701934917665,117.67200837320573,116.9967300696036,0.0
8.476,1.7146498635453822,-0.6647754552480487,1.2093663135127983,0.0,3.9025949267805946,3.3100760146810027,117.54469710841063,116.9967300696036,0.0
8.477,1.7307574157594863,-0.6517781856073644,1.2675422755222763,0.0,3.908390881434965,3.3234270759651943,117.30721721266332,116.9967300696036,0.0
8.478,1.7486692152037948,-0.6372145262271627,1.3831773519653356,0.0,3.913470316916902,3.346351502958313,117.12959316353657,116.9967300696036,0.0
8.479000000000001,1.7736908413824637,-0.6238470243331923,1.4706607455893805,0.0,3.9190094629354233,3.3733849924493167,116.90577058532571,116.9967300696036,0.0
8.48,1.80571882690688,-0.612704739081817,1.583481629537588,0.0,3.9256060669424806,3.406531648745237,116.13587202696787,116.9967300696036,0.0
8.481,1.8454064445620804,-0.6052174810421946,1.977039489142864,0.0,3.9341455006465793,3.4751410974425396,116.36616303305665,116.9967300696036,0.0
8.482,1.9106620638266485,-0.6067229284734483,1.8681996564639451,0.0,3.9489324076478325,3.5150543425072387,116.544805122311,116.9967300696036,0.0
8.483,1.9755644071528677,-0.6071902165986354,1.7833978613096946,0.0,3.9662682956748894,3.5377284530521766,116.54384629112599,116.9967300696036,0.0
8.484,2.0311104562927973,-0.6008653733874534,1.788406114686979,0.0,3.9834376003192493,3.5558066251962392,116.42738519080915,116.9967300696036,0.0
8.485,2.0784944716677245,-0.5880176498753442,1.8523301136333437,0.0,3.999347790559363,3.5761186867408172,116.29080511569104,116.9967300696036,0.0
8.486,2.1221598696429753,-0.5715188604196992,1.9276794007315212,0.0,4.014011778324921,3.5993103891227554,116.1234558257451,116.9967300696036,0.0
8.487,2.165356319138452,-0.5538298852560304,2.0200867881430793,0.0,4.027747738178672,3.626745684322596,115.88506182748628,116.9967300696036,0.0
8.488,2.211426228822961,-0.5362185764049776,2.1504004696936594,0.0,4.041093277345051,3.661585751513934,115.61334525748165,116.9967300696036,0.0
8.489,2.264282873988584,-0.5201759893781681,2.300092602817193,0.0,4.054999697829487,3.7040858318594854,115.40325560262758,116.9967300696036,0.0
8.49,2.325549440235504,-0.5081431890195194,2.4210721749139896,0.0,4.070602302130855,3.7493266219828336,115.20141085559513,116.9967300696036,0.0
8.491,2.3944286217846376,-0.4985602258490833,2.5399477405703013,0.0,4.088234927069255,3.7965060657172724,115.0713187288279,116.9967300696036,0.0
8.492,2.469487168616314,-0.49064083140278136,2.6242479173616697,0.0,4.1080469301298725,3.841247443026602,114.97696685746381,116.9967300696036,0.0
8.493,2.5473944834319227,-0.4825813588172837,2.6916214851651166,0.0,4.129544522575419,3.8822447544401273,114.87361532630878,116.9967300696036,0.0
8.494,2.625270960489694,-0.47294996732549,2.764528398175578,0.0,4.15201322857952,3.92085077938177,114.73918859498951,116.9967300696036,0.0
8.495000000000001,2.7020875562309823,-0.4612471882153113,2.8543171785813524,0.0,4.174904674690174,3.9593197083832297,114.57948091857492,116.9967300696036,0.0
8.496,2.7785002465875612,-0.44786762852760864,2.958343508298938,0.0,4.1979991453153644,3.99913866757867,114.41013668327558,116.9967300696036,0.0
8.497,2.855807934184064,-0.43357193863891264,3.0688815598118855,0.0,4.221327334506698,4.040664381554287,114.24175278767962,116.9967300696036,0.0
8.498,2.9350848467817836,-0.41900106505667245,3.180623280429108,0.0,4.245015436981303,4.083609168294453,114.07661523588314,116.9967300696036,0.0
8.499,3.0168873194278154,-0.40450115764231587,3.2923932046645508,0.0,4.269179926802705,4.127600058202706,113.91277038444339,116.9967300696036,0.0
8.5,3.1013759771124434,-0.3901833467520921,3.405155227236027,0.0,4.293897096509012,4.172418703723934,113.74850424160738,116.9967300696036,0.0
8.501,3.1885323954515292,-0.37604498721139024,3.5197705569339957,0.0,4.319212372356237,4.217964948264276,113.5835564459028,116.9967300696036,0.0
8.502,3.2782834711392717,-0.36204761644817784,3.6363761910232926,0.0,4.345152417884227,4.264167508245889,113.41805481235403,116.9967300696036,0.0
8.503,3.3705371601871534,-0.3481427534816477,3.754913760370174,0.0,4.371729153638892,4.310966498031015,113.25180842530517,116.9967300696036,0.0
8.504,3.46519899012799,-0.3342803501838656,3.875486170337587,0.0,4.398942299063513,4.35833058741303,113.08460045464827,116.9967300696036,0.0
8.505,3.5621922009518414,-0.32041824090411675,3.9982114518155925,0.0,4.426784330896079,4.4062510043709935,112.9164313339793,116.9967300696036,0.0
8.506,3.6614662119304646,-0.3065273423564423,4.1230989995063165,0.0,4.455244823493737,4.454723751148206,115.32845861732217,116.9967300696036,0.0
8.507,3.7532971965832984,-0.30913690129702176,2.933768072357698,0.0,4.486132501978293,4.360011326842187,115.25926732534764,116.9967300696036,0.0
8.508000000000001,3.746591794010688,-0.3101984203065662,2.985738345787525,0.0,4.504550841685433,4.297124856293504,115.53502543250654,116.9967300696036,0.0
8.509,3.7050096872857727,-0.29992336490977944,2.8624763385790417,0.0,4.513697829083251,4.2327973209571885,116.39870813850717,116.9967300696036,0.0
8.51,3.637400540699856,-0.28922572314651673,2.4366152048896903,0.0,4.514423374167664,4.137226318317743,116.70841584055312,116.9967300696036,0.0
8.511000000000001,3.5358621618033648,-0.27342176351970715,2.2846444961572248,0.0,4.503887805338374,4.0493199340397625,116.56447546120401,116.9967300696036,0.0
8.512,3.419457241274686,-0.25566495179504334,2.3609372319157726,0.0,4.4838199452707705,3.990851696796604,116.59417721624517,116.9967300696036,0.0
8.513,3.311245022732196,-0.24604951589764368,2.3501118829287773,0.0,4.459031917654142,3.9450090763592334,116.76491467504461,116.9967300696036,0.0
8.514,3.2162078660452043,-0.24684459340219012,2.267061307474649,0.0,4.432322043639917,3.9016165704439976,116.94481255242063,116.9967300696036,0.0
8.515,3.1317855468636693,-0.2557343089021089,2.177631543958468,0.0,4.404913824365535,3.859221643029722,117.08934115318829,116.9967300696036,0.0
8.516,3.0552034687613716,-0.27021631296619164,2.104441132738793,0.0,4.3775110575692135,3.818748544229873,117.21853263428736,116.9967300696036,0.0
8.517,2.984848447413182,-0.28864711789239905,2.0376273665424196,0.0,4.350683826073781,3.779938100028249,117.35060381355089,116.9967300696036,0.0
8.518,2.9192772553277706,-0.30974565092630346,1.96805303947118,0.0,4.324794803892197,3.741850219697284,117.48775487051417,116.9967300696036,0.0
8.519,2.8568682487758377,-0.3323188573853779,1.8945672629804364,0.0,4.299957963275835,3.7038038118378482,117.62460628710508,116.9967300696036,0.0
8.52,2.796107107752998,-0.35532520652202204,1.819862792509964,0.0,4.276105132275605,3.665655362162866,117.75617649778924,116.9967300696036,0.0
8.521,2.73590373573215,-0.3780037438701873,1.7464832228860274,0.0,4.253087315024832,3.627626525913497,117.8799826158911,116.9967300696036,0.0
8.522,2.6756835761151594,-0.3999054086688758,1.6757476383722256,0.0,4.230750793628573,3.5900738568013706,117.9953374313633,116.9967300696036,0.0
8.523,2.6153037178864027,-0.4208365883911982,1.6080841570185282,0.0,4.208976070582195,3.5533467581660516,118.10213050632882,116.9967300696036,0.0
8.524000000000001,2.554911334602009,-0.4407642264299354,1.5436336151685142,0.0,4.187688838363963,3.517741335878662,118.19997287162612,116.9967300696036,0.0
8.525,2.4948257290632734,-0.459719841494844,1.4826800044996409,0.0,4.166855628415565,3.4835128336195265,118.29282709204858,116.9967300696036,0.0
8.526,2.4354039479651926,-0.4778461249664694,1.4232919240639577,0.0,4.146487224267325,3.4506362477156323,118.37898794362789,116.9967300696036,0.0
8.527000000000001,2.3768971224346505,-0.4952194409180922,1.3663889195340606,0.0,4.12659780386348,3.419186563290748,118.45684618787102,116.9967300696036,0.0
8.528,2.3195406405860344,-0.5118899919486847,1.3128586362298202,0.0,4.107212384511383,3.3892977488978446,118.52654705040727,116.9967300696036,0.0
8.529,2.263584058415342,-0.5279112597685479,1.262710035153658,0.0,4.088372259605081,3.3610598899439736,118.58907945575967,116.9967300696036,0.0
8.53,2.209254766841153,-0.5433302442890563,1.2155203386158973,0.0,4.070128236913082,3.3344890800379243,118.6452561063321,116.9967300696036,0.0
8.531,2.1567210010721585,-0.5581691573775469,1.1709467529624,0.0,4.052529626094205,3.3095551727156187,118.69539820990445,116.9967300696036,0.0
8.532,2.106085858603577,-0.5724201438359932,1.128889019773214,0.0,4.035616705004531,3.286218708263236,118.73947938772193,116.9967300696036,0.0
8.533,2.0574055188679834,-0.5860531094004566,1.0894209376832933,0.0,4.019418545926092,3.2644521723953535,118.77734804007656,116.9967300696036,0.0
8.534,2.0107137342389243,-0.5990280014991526,1.0526804318012477,0.0,4.00395445764392,3.2442449922921295,118.80885723169699,116.9967300696036,0.0
8.535,1.9660408382113594,-0.6113048628617802,1.018804564370099,0.0,3.9892367660085437,3.225600281729146,118.8338969660395,116.9967300696036,0.0
8.536,1.9234242273283406,-0.6228495401278825,0.9879130282344832,0.0,3.9752735183660537,3.2085300609951743,118.85237484451024,116.9967300696036,0.0
8.537,1.8829122126951945,-0.633635823734062,0.9601176412500503,0.0,3.962070617838434,3.1930521158642344,118.86418074081993,116.9967300696036,0.0
8.538,1.844564361730068,-0.6436456226198783,0.9355401863830393,0.0,3.9496334278918597,3.179189252487933,118.86914791523111,116.9967300696036,0.0
8.539,1.8084508743767707,-0.6528685091586502,0.9143324207211754,0.0,3.9379680901327196,3.1669708818796796,118.86700934771454,116.9967300696036,0.0
8.540000000000001,1.7746526463870183,-0.6613014892456806,0.8966989116983495,0.0,3.9270828480328555,3.156436876425787,118.85736854277766,116.9967300696036,0.0
8.541,1.7432629607646044,-0.6689496570312092,0.8829129294350486,0.0,3.916989698253125,3.1476425074871295,118.83998281161247,116.9967300696036,0.0
8.542,1.71438984867605,-0.6758293227053018,0.8731732675975556,0.0,3.9077067081037935,3.1406469029583883,118.81649318441372,116.9967300696036,0.0
8.543000000000001,1.6881463129598597,-0.6819742943615679,0.8667204500488328,0.0,3.8992596067419742,3.135408204363501,118.78709802783389,116.9967300696036,0.0
8.544,1.664622637480848,-0.6873475301758862,0.8635143487564418,0.0,3.891662951879859,3.131885691470775,118.75811436898253,116.9967300696036,0.0
8.545,1.6438366425556312,-0.6919715347037916,0.8603923351883322,0.0,3.884928619354609,3.1296956265885245,118.72588167083424,116.9967300696036,0.0
8.546,1.6254976998213622,-0.6959465048807341,0.8592171682501717,0.0,3.8790397202678433,3.128762510465975,118.69164265624258,116.9967300696036,0.0
8.547,1.6095866980156166,-0.6989805507820249,0.8593875496796131,0.0,3.873940394824872,3.1289311304449132,118.65157790113668,116.9967300696036,0.0
8.548,1.5959412575573095,-0.701012069382558,0.8628714489172336,0.0,3.8695609905111366,3.1302963694158605,118.59614901181789,116.9967300696036,0.0
8.549,1.5845603303910138,-0.7020041692492377,0.8745917041544855,0.0,3.8658448663251996,3.133456980725771,118.52967125271164,116.9967300696036,0.0
8.55,1.5757817869576105,-0.7021410753889564,0.8925011718765297,0.0,3.8628215543655493,3.138634587889161,118.45668417381123,116.9967300696036,0.0
8.551,1.5699535640822748,-0.701630698366618,0.9143951702846589,0.0,3.860560823784349,3.1457746673698725,118.37857361376821,116.9967300696036,0.0
8.552,1.5672712653153635,-0.700610448932216,0.9396320148645203,0.0,3.8591330505417787,3.154768549399704,118.29285507378181,116.9967300696036,0.0
8.553,1.5677932773283154,-0.6991577764370859,0.9695300348159395,0.0,3.858597851346328,3.165672435342058,118.19085365951041,116.9967300696036,0.0
8.554,1.5715669538560109,-0.697368791105648,1.0085895060525707,0.0,3.8590242990031522,3.1790200901092307,118.03908293973109,116.9967300696036,0.0
8.555,1.578954576542293,-0.695362506501017,1.0740513372409566,0.0,3.860540065917814,3.19711092915351,117.84018102175474,116.9967300696036,0.0
8.556000000000001,1.591703605065889,-0.6933348427741391,1.165067786707617,0.0,3.8635103598815292,3.221572935203543,117.7385389599353,116.9967300696036,0.0
8.557,1.6115168651479708,-0.6922538502363756,1.2084707287140235,0.0,3.8685311925119907,3.245697960847191,117.73328964978968,116.9967300696036,0.0
8.558,1.6355625903796378,-0.6912560436739827,1.20372978798497,0.0,3.8753634956472833,3.2645101371145957,117.72681696628749,116.9967300696036,0.0
8.559000000000001,1.6595012224771433,-0.6881234104459844,1.199665260769229,0.0,3.883059174506333,3.279331845203941,117.6769137123719,116.9967300696036,0.0
8.56,1.681512876465808,-0.6816056675761019,1.2178150512993398,0.0,3.8907818309050066,3.2932961769829476,117.64964680386863,116.9967300696036,0.0
8.561,1.7021697908056244,-0.6720659515238494,1.2249193382083217,0.0,3.8981444635046625,3.3051841708411156,117.66349280406362,116.9967300696036,0.0
8.562,1.7206905399622017,-0.6606228557879522,1.2113287107662274,0.0,3.904796288859744,3.313222903421886,117.45607515349784,116.9967300696036,0.0
8.563,1.7363199474788016,-0.646656317894963,1.3104440852101789,0.0,3.910164916726525,3.3306275154080835,117.250883858456,116.9967300696036,0.0
8.564,1.7564997608340005,-0.6322514017065909,1.410498194842569,0.0,3.9152922676034563,3.3547798419035555,117.0726711208568,116.9967300696036,0.0
8.565,1.7836515769998955,-0.6195978565204059,1.4988451531296423,0.0,3.921074275233644,3.382962393507733,116.82456128345395,116.9967300696036,0.0
8.566,1.817770804515747,-0.6092452003834251,1.6246217596925638,0.0,3.9280840805380253,3.4183752509884764,116.2493173458214,116.9967300696036,0.0
8.567,1.8605223127114359,-0.6021194504281809,1.919717855746661,0.0,3.9372538851263377,3.477789134125537,116.28951182158657,116.9967300696036,0.0
8.568,1.922640771113364,-0.6016823054814958,1.9066928003442432,0.0,3.9514712691249394,3.5213893770106615,116.421368196997,116.9967300696036,0.0
8.569,1.9877908907304858,-0.6016535634206808,1.846518231365098,0.0,3.9686281488349704,3.5490170533995875,116.44039533420211,116.9967300696036,0.0
8.57,2.0463048239885606,-0.5963890118566574,1.8425680101165558,0.0,3.9862532949614593,3.569979840010859,116.3470978221301,116.9967300696036,0.0
8.571,2.097217157222442,-0.5850340768114021,1.8957130886272973,0.0,4.003015807797086,3.5914791060991735,116.20819132714782,116.9967300696036,0.0
8.572000000000001,2.143888410511891,-0.5696019622587776,1.973051723542995,0.0,4.0186680127076455,3.615855781388337,116.04940408417707,116.9967300696036,0.0
8.573,2.1898098168547224,-0.552454924920666,2.0619186048826332,0.0,4.0334608116944,3.643777338073028,115.84725162044263,116.9967300696036,0.0
8.574,2.2377925866324606,-0.5351894509477062,2.1744896212414604,0.0,4.047838754687303,3.677061271361875,115.60542064704524,116.9967300696036,0.0
8.575000000000001,2.290791043694495,-0.5190337305841132,2.3093182021657435,0.0,4.062502822209538,3.7168100367801666,115.36859246643104,116.9967300696036,0.0
8.576,2.350905114882192,-0.5055219793919181,2.4440136685045672,0.0,4.078350624093871,3.7614359846368517,115.1658870082881,116.9967300696036,0.0
8.577,2.4186816044550175,-0.49477113687849744,2.5636748281891943,0.0,4.096028765410883,3.808145617657089,115.02258414120236,116.9967300696036,0.0
8.578,2.492900781293698,-0.48584247522338075,2.655067721016075,0.0,4.115735411541292,3.853322363564589,114.91975496049162,116.9967300696036,0.0
8.579,2.5706659722086425,-0.47718837915690876,2.7272520624625662,0.0,4.1371264036986455,3.895166468892967,114.81373128156692,116.9967300696036,0.0
8.58,2.6490996888085436,-0.46737171437110003,2.802093889805283,0.0,4.159569415007331,3.934625963580637,114.67981119957317,116.9967300696036,0.0
8.581,2.726935898540933,-0.45575836955451915,2.8922231195024626,0.0,4.182534773371947,3.973771961019107,114.52146388933035,116.9967300696036,0.0
8.582,2.804567731496417,-0.44258862214902495,2.9961494364266037,0.0,4.205785656877511,4.014069357587096,114.35336282166564,116.9967300696036,0.0
8.583,2.883106059021423,-0.4285126534478665,3.106633642738337,0.0,4.229324532606244,4.055913204675695,114.18571693198128,116.9967300696036,0.0
8.584,2.963522611939086,-0.41411320696873205,3.218566718956743,0.0,4.2532507260452705,4.099073913403524,114.0206493536388,116.9967300696036,0.0
8.585,3.0463412392402223,-0.3997183798623175,3.3308613152876276,0.0,4.2776609344962635,4.143238361962736,113.8563869693173,116.9967300696036,0.0
8.586,3.1317378110293426,-0.38544725069758007,3.4443959384512426,0.0,4.302620691021022,4.188227812472025,113.6915774968043,116.9967300696036,0.0
8.587,3.2197284677626836,-0.37131610853897257,3.5598522004357354,0.0,4.328171702598432,4.233954129646742,113.52616241672531,116.9967300696036,0.0
8.588000000000001,3.3102711921787558,-0.35730410849356675,3.677265417004011,0.0,4.354340236152168,4.280344014345958,113.36025014346227,116.9967300696036,0.0
8.589,3.4032945111258015,-0.34337431831211673,3.7965863528969477,0.0,4.381138747900944,4.327335796873152,113.19360279046428,116.9967300696036,0.0
8.59,3.4987173074122686,-0.3294835164983789,3.917941302187333,0.0,4.408567896429864,4.374897812983476,113.0260230475353,116.9967300696036,0.0
8.591,3.5964716983502414,-0.3155936251630652,4.041438243872506,0.0,4.436621351688179,4.423018901387814,112.85752353708138,116.9967300696036,0.0
8.592,3.6965115915638536,-0.30167733142026715,4.167080064424692,0.0,4.465289676862741,4.4716920129773206,114.88813933867182,116.9967300696036,0.0
8.593,3.779919116492855,-0.31975084634624257,3.1728580709387875,0.0,4.498085730258083,4.399569379626306,116.39590689768069,116.9967300696036,0.0
8.594,3.7850205096196383,-0.32699659283252674,2.424982523153582,0.0,4.521006211943022,4.265887446633758,116.34773099165379,116.9967300696036,0.0
8.595,3.707351143114097,-0.3088113623747992,2.4555604669465296,0.0,4.526193619344997,4.167302728650912,116.22890425822625,116.9967300696036,0.0
8.596,3.5987959465929977,-0.2816586782598678,2.5226520917740727,0.0,4.5181988712604255,4.097333900451915,116.42959088875429,116.9967300696036,0.0
8.597,3.486884196338603,-0.2602084906822222,2.427980168318546,0.0,4.501918721372021,4.033702392998746,116.70291461484767,116.9967300696036,0.0
8.598,3.377219045907411,-0.24754506920091873,2.294256459819415,0.0,4.479724961239973,3.971987181646597,116.79177130943211,116.9967300696036,0.0
8.599,3.271914268472613,-0.2417954951007349,2.2518777001289116,0.0,4.453073237049707,3.9213865629490074,116.85443791055307,116.9967300696036,0.0
8.6,3.1767977160909906,-0.244159629864249,2.221967321158934,0.0,4.424344173973696,3.879724252599989,116.96360228397273,116.9967300696036,0.0
8.601,3.0938595688083717,-0.2546889494766912,2.167716412305413,0.0,4.39545636998012,3.8418588014713544,117.10460280483349,116.9967300696036,0.0
8.602,3.02112777189244,-0.2716448407215037,2.0961374245227353,0.0,4.367430656113841,3.804731051676592,117.25271519428708,116.9967300696036,0.0
8.603,2.9553250717317923,-0.29271308534157936,2.0195213785491073,0.0,4.340642686650473,3.7673125093439195,117.39790556860633,116.9967300696036,0.0
8.604000000000001,2.8935416899352835,-0.31589657232663654,1.9429144363994517,0.0,4.315131161022334,3.729434566117461,117.53876591457139,116.9967300696036,0.0
8.605,2.833665456749448,-0.3397602670798746,1.8670639049672477,0.0,4.290776165187366,3.691184327447264,117.67438199323364,116.9967300696036,0.0
8.606,2.774322474929803,-0.36336066092417824,1.7924793463998214,0.0,4.2673890514442165,3.6528067826007975,117.80315674886891,116.9967300696036,0.0
8.607,2.7147615090936146,-0.38614339195508696,1.7200277017895296,0.0,4.244772991065692,3.6146627219669893,117.92382186861815,116.9967300696036,0.0
8.608,2.6547314353008407,-0.4078520971802603,1.6504242239247677,0.0,4.2227642609261,3.5771472936985336,118.03594679857156,116.9967300696036,0.0
8.609,2.5943380155349662,-0.42843839698879155,1.5839695916583834,0.0,4.201252266900308,3.5406115359086274,118.1388669821488,116.9967300696036,0.0
8.61,2.5339099752035463,-0.4479491750842576,1.5210881307443112,0.0,4.180178219090519,3.505368890356043,118.23468576050126,116.9967300696036,0.0
8.611,2.4738734577118437,-0.46651594191137624,1.4607991846591015,0.0,4.15953454807648,3.4715398716382833,118.32488587257559,116.9967300696036,0.0
8.612,2.4145933210339297,-0.484283216271961,1.4024175705922177,0.0,4.139341074803462,3.439130749464042,118.4077435382057,116.9967300696036,0.0
8.613,2.356342834047682,-0.5013314635190393,1.3468786030911462,0.0,4.119623671093896,3.4082324740971823,118.48242555727863,116.9967300696036,0.0
8.614,2.299376432811688,-0.5177187722879443,1.294680638677927,0.0,4.1004203017107095,3.3789496987517045,118.54945860502403,116.9967300696036,0.0
8.615,2.2439356020244974,-0.5334964331774957,1.245636829451024,0.0,4.081780661341453,3.351330852005861,118.60973722561302,116.9967300696036,0.0
8.616,2.1902166441435442,-0.5486977157021012,1.1993674475964355,0.0,4.063757464803349,3.3253654090449727,118.66382716112703,116.9967300696036,0.0
8.617,2.1383514781077753,-0.5633273634195611,1.155651508924194,0.0,4.046397292046643,3.3010161099760875,118.71187223462593,116.9967300696036,0.0
8.618,2.088415277032769,-0.5773636399008989,1.114477550524522,0.0,4.029735900594489,3.278248077959071,118.75378001804759,116.9967300696036,0.0
8.619,2.0404488390815634,-0.5907688966224907,1.0759531593292502,0.0,4.013798060560413,3.2570417127149414,118.78940068665146,116.9967300696036,0.0
8.620000000000001,1.9944808488036692,-0.6035010038931791,1.0402161188568373,0.0,3.998599847237891,3.2373931840028596,118.81860884923736,116.9967300696036,0.0
8.621,1.9505427169659169,-0.6155212794802277,1.0073932497675482,0.0,3.9841515116182804,3.2193100562340105,118.8413097072482,116.9967300696036,0.0
8.622,1.9086755812059684,-0.626798323056948,0.9775970243856842,0.0,3.9704599688213165,3.2028070551941905,118.85741165494915,116.9967300696036,0.0
8.623,1.8689321186380796,-0.6373090257979229,0.9509392346817556,0.0,3.9575306870658045,3.187903914889909,118.86679029064354,116.9967300696036,0.0
8.624,1.8313760855875831,-0.6470382740807323,0.9275493146241613,0.0,3.9453691297391176,3.174625576141087,118.86924878695886,116.9967300696036,0.0
8.625,1.7960817010731214,-0.6559784475879817,0.9075948792929451,0.0,3.9339820208731844,3.1630046488147046,118.86447422250349,116.9967300696036,0.0
8.626,1.7631341992226006,-0.6641294113534344,0.8913047199916333,0.0,3.923378734440334,3.153086011522947,118.85204099425208,116.9967300696036,0.0
8.627,1.732632124662004,-0.6714997098190845,0.8789682248708537,0.0,3.9135731361151604,3.1449305496299704,118.8321241143159,116.9967300696036,0.0
8.628,1.7046882399899825,-0.6781117397692517,0.8705727243918187,0.0,3.904586171743068,3.138578740560604,118.80814690480948,116.9967300696036,0.0
8.629,1.6794039151188955,-0.6840048366412903,0.8644471607929731,0.0,3.8964448432576706,3.1338753958589796,118.77026231698191,116.9967300696036,0.0
8.63,1.6568693101761045,-0.6889927822525511,0.8656541322329714,0.0,3.8891370561991705,3.1312482385683635,118.78190255885342,116.9967300696036,0.0
8.631,1.63704970106136,-0.6936748948225715,0.8419822864047213,0.0,3.8827624850440463,3.127491856498646,118.70710878351979,116.9967300696036,0.0
8.632,1.6186662958792277,-0.6967247395647093,0.8622753869323752,0.0,3.876938394593399,3.127766593515597,118.66305063507987,116.9967300696036,0.0
8.633000000000001,1.6034239409531719,-0.6992798466320885,0.8676412554975705,0.0,3.8719747502195005,3.1293115873127295,118.62410658288216,116.9967300696036,0.0
8.634,1.5910196818815439,-0.701169337647675,0.870839516463638,0.0,3.867844262603746,3.131715912261993,118.57067335472517,116.9967300696036,0.0
8.635,1.5810702398064675,-0.7021321136217813,0.8818166976909174,0.0,3.8644542666914914,3.135612659317638,118.50486602243068,116.9967300696036,0.0
8.636000000000001,1.5736749994098118,-0.7022191337637192,0.8996390043098952,0.0,3.8617928895318983,3.1413453960151885,118.43098273394367,116.9967300696036,0.0
8.637,1.5690933991263116,-0.7015904099982709,0.92223812191,0.0,3.8599008939423998,3.148976424824064,118.35045335401873,116.9967300696036,0.0
8.638,1.5675290421943782,-0.7003920720264234,0.9489655790283185,0.0,3.858835670853489,3.1584954435597945,118.26003661043968,116.9967300696036,0.0
8.639,1.5690991662426486,-0.6987430677852963,0.9815408854094783,0.0,3.8586594648602395,3.1700836900291756,118.14578035870959,116.9967300696036,0.0
8.64,1.5739624777671033,-0.6967943907808425,1.0271785083834672,0.0,3.8594618396851716,3.1846706136884126,117.9668442972218,116.9967300696036,0.0
8.641,1.5828484384989356,-0.6946633601018894,1.10694539685118,0.0,3.8614277427888957,3.2052682414006726,117.78942824618238,116.9967300696036,0.0
8.642,1.5980535544280237,-0.6928407750924692,1.1877264406050998,0.0,3.8650776443092267,3.2305072394354513,117.72935915528649,116.9967300696036,0.0
8.643,1.6198149816423046,-0.6919720665408986,1.2104346951962177,0.0,3.8708091233904227,3.2530357195519883,117.7348000378588,116.9967300696036,0.0
8.644,1.6442385089415756,-0.6904486007324029,1.2003335542275078,0.0,3.878061408421735,3.2700773177817455,117.71247802285136,116.9967300696036,0.0
8.645,1.6675444662187178,-0.6861721087716887,1.2043370821987538,0.0,3.8858374453152957,3.2843619641506874,117.65825862281878,116.9967300696036,0.0
8.646,1.689000555415911,-0.678480480924192,1.2248314966828915,0.0,3.89346102901278,3.2980829896467165,117.65946768955041,116.9967300696036,0.0
8.647,1.7092111177179818,-0.6681374363666728,1.2175995871176069,0.0,3.900633538267266,3.3081852158046114,117.61218595228465,116.9967300696036,0.0
8.648,1.7264336579669421,-0.6559844998255893,1.2350858969236778,0.0,3.906865626638148,3.3182979096421215,117.37064265233153,116.9967300696036,0.0
8.649000000000001,1.7428967672857796,-0.6415050791450144,1.3521184210729595,0.0,3.9120145686462413,3.3390825408687466,117.21919423345685,116.9967300696036,0.0
8.65,1.7657922188604855,-0.6274123108370355,1.4256179888717668,0.0,3.917321669269116,3.3628643618098653,116.97137748252746,116.9967300696036,0.0
8.651,1.7943055063534938,-0.6154304984003888,1.5497798902072224,0.0,3.9232991702388635,3.3948140170795877,116.9449098046514,116.9967300696036,0.0
8.652000000000001,1.8324482846885135,-0.60482214380268,1.5635319317947725,0.0,3.9308267857572265,3.4205269897386663,116.55477238040447,116.9967300696036,0.0
8.653,1.8719274601810938,-0.5961338196041379,1.7630202208102288,0.0,3.9393233048737994,3.462266336538664,115.88592209435397,116.9967300696036,0.0
8.654,1.9225281834475365,-0.5902342544297805,2.108553443587975,0.0,3.95058203783152,3.531523884381335,116.15528483022554,116.9967300696036,0.0
8.655,1.9949671466467827,-0.5930908299035018,1.982286528045972,0.0,3.9680138712315887,3.5701745790788606,116.32741224257396,116.9967300696036,0.0
8.656,2.064195227904524,-0.5931374696894199,1.9029160001420602,0.0,3.987544155383117,3.5923445994262697,116.30891017252455,116.9967300696036,0.0
8.657,2.122629209477861,-0.5855139097995674,1.9190452341375546,0.0,4.006499355168491,3.6110831100121463,116.17730692881389,116.9967300696036,0.0
8.658,2.172601500431827,-0.5712801059128881,1.9930410874007802,0.0,4.023943403205276,3.6329089288477667,116.01355642512948,116.9967300696036,0.0
8.659,2.219176120030842,-0.5536582372658656,2.0847480756877275,0.0,4.040029560809643,3.659020895536086,115.81807693891089,116.9967300696036,0.0
8.66,2.26643991388286,-0.5352119538590744,2.194274350103948,0.0,4.0552654268341275,3.690527830491193,115.58126704502078,116.9967300696036,0.0
8.661,2.3178599585751836,-0.5175948005279778,2.3268339272948317,0.0,4.070374975719321,3.7287103823224363,115.3331681798287,116.9967300696036,0.0
8.662,2.3761535121589223,-0.5023927868805552,2.467518978788619,0.0,4.086295774931214,3.7728373033041964,115.11916794827157,116.9967300696036,0.0
8.663,2.4425464956999443,-0.4902934608604407,2.593294715780508,0.0,4.103858280594355,3.8198518000094626,114.96480018732086,116.9967300696036,0.0
8.664,2.51618112683063,-0.4805007666686022,2.6907978950786884,0.0,4.123409782260807,3.865952810374433,114.8578722289675,116.9967300696036,0.0
8.665000000000001,2.5942574007439543,-0.47149986320902093,2.765650452661733,0.0,4.144724062358476,3.908805575591545,114.75277791918842,116.9967300696036,0.0
8.666,2.6736403077112363,-0.4617115972061496,2.840637129055423,0.0,4.16720549074237,3.9490531440969217,114.62076918685146,116.9967300696036,0.0
8.667,2.752716354128448,-0.45030543305317683,2.9304011040514224,0.0,4.190306737741612,3.9887437330395517,114.46362228043006,116.9967300696036,0.0
8.668000000000001,2.831635542676666,-0.43737583707052585,3.034305635153859,0.0,4.213758725018632,4.029416896183019,114.29619608545792,116.9967300696036,0.0
8.669,2.9113887339067483,-0.4235008869582588,3.1450240724813843,0.0,4.237535881329775,4.071524265385018,114.12891632087057,116.9967300696036,0.0
8.67,2.9929011049802385,-0.40923797816619367,3.257342092262389,0.0,4.261715888463997,4.114877582194782,113.96377553749642,116.9967300696036,0.0
8.671,3.0766923371730015,-0.3949141137171508,3.370242029270539,0.0,4.286380230564301,4.159207469079613,113.79904451049964,116.9967300696036,0.0
8.672,3.162963530136577,-0.38066217299152916,3.4845843983599663,0.0,4.311586652307728,4.204367543811679,113.6336636220414,116.9967300696036,0.0
8.673,3.251767764801449,-0.36651845808518657,3.600905507064711,0.0,4.337375150117579,4.2502783976280085,113.4677692212625,116.9967300696036,0.0
8.674,3.3430934397999508,-0.352479084143295,3.71914231593757,0.0,4.3637729895435315,4.296862071829471,113.30144498923356,116.9967300696036,0.0
8.675,3.436887364257633,-0.3385171784018399,3.8392572827557405,0.0,4.390793996554897,4.3440533658742915,113.13439844760416,116.9967300696036,0.0
8.676,3.5330790295106147,-0.3245946193216307,3.9614038697904372,0.0,4.418440169828195,4.391819462188153,112.96645066687148,116.9967300696036,0.0
8.677,3.6316069696849556,-0.310675908904148,4.085680554184096,0.0,4.446706502850431,4.440146378844264,113.7181208581251,116.9967300696036,0.0
8.678,3.731799765656241,-0.2978016995069428,3.742631550672069,0.0,4.4757019183065365,4.4374531517516305,116.24630385152322,116.9967300696036,0.0
8.679,3.7781781483672012,-0.31838745938596014,2.4860443161538135,0.0,4.503921645188432,4.29903498901349,115.76352047643924,116.9967300696036,0.0
8.68,3.7247827220244885,-0.30774720580819537,2.7397680996274487,0.0,4.514101297615979,4.224093384489443,115.62167470786524,116.9967300696036,0.0
8.681000000000001,3.6463641143755625,-0.2881634787655518,2.8244415375318326,0.0,4.513721016909455,4.172532838573257,116.31767276137342,116.9967300696036,0.0
8.682,3.5636964381618244,-0.27468989267149047,2.4832330838600463,0.0,4.506936452482045,4.09601991320212,116.86922818427051,116.9967300696036,0.0
8.683,3.4638545866357537,-0.26378406341198546,2.208730391264829,0.0,4.492114146602656,4.009852539182327,116.78911017459022,116.9967300696036,0.0
8.684000000000001,3.3499663369842683,-0.25165274293366524,2.2508655950551084,0.0,4.468931946949205,3.9497288602658616,116.72551038328228,116.9967300696036,0.0
8.685,3.2433219866349714,-0.24585005593874087,2.2853776875722898,0.0,4.441538617004796,3.907266303456593,116.83052177956766,116.9967300696036,0.0
8.686,3.1518617289884863,-0.25030295725196516,2.2345340723299607,0.0,4.413186210388304,3.869366935569601,117.00542570554215,116.9967300696036,0.0
8.687,3.073205072722621,-0.26323465079557673,2.14699515298333,0.0,4.385257064921428,3.8310390484467343,117.17041181190399,116.9967300696036,0.0
8.688,3.002762531430208,-0.2814854124822235,2.062765282379407,0.0,4.358166312139048,3.7923232518960095,117.3145345706112,116.9967300696036,0.0
8.689,2.937314781707594,-0.30269699199526734,1.9875258580157253,0.0,4.332063821109402,3.753830748804716,117.45095690415778,116.9967300696036,0.0
8.69,2.8749122628842247,-0.3253963129143266,1.9147724228968954,0.0,4.307007138379557,3.7155365628734964,117.58613358386734,116.9967300696036,0.0
8.691,2.8141652478854353,-0.34857433862454645,1.841290047899478,0.0,4.282949294948507,3.6772687468255203,117.71847461396669,116.9967300696036,0.0
8.692,2.754039653435766,-0.37149573452000517,1.7679020874061702,0.0,4.259760027547163,3.6390904213744237,117.8446417357486,116.9967300696036,0.0
8.693,2.693907933557485,-0.3936822159638015,1.6963394098537679,0.0,4.237283153340707,3.601286220044585,117.96268521187216,116.9967300696036,0.0
8.694,2.6335534941946284,-0.41489792387742486,1.6276581203693024,0.0,4.215385409477973,3.5642131074904477,118.07218848949731,116.9967300696036,0.0
8.695,2.573076847764845,-0.43509173979080656,1.56215189735779,0.0,4.1939792914174365,3.5281875468826787,118.17197756778172,116.9967300696036,0.0
8.696,2.5127867135464483,-0.45427844223686725,1.5005048832338002,0.0,4.173019828212107,3.493524969505832,118.26637995334876,116.9967300696036,0.0
8.697000000000001,2.453070875173083,-0.47260391441559446,1.44060719161283,0.0,4.1525139885048254,3.4602262684879577,118.35463040495776,116.9967300696036,0.0
8.698,2.39421098686796,-0.4901649185480159,1.3829029624547888,0.0,4.132477318399264,3.4283357946398003,118.43486243204073,116.9967300696036,0.0
8.699,2.336446429448049,-0.5070171176102187,1.3284056252889318,0.0,4.112933399774962,3.3979785388023744,118.50682204181882,116.9967300696036,0.0
8.700000000000001,2.2800261541503386,-0.5232134946305191,1.2773249006777343,0.0,4.093921226910958,3.3692572950592385,118.57137794571365,116.9967300696036,0.0
8.701,2.225185342907854,-0.5388033782605066,1.2293004699692198,0.0,4.075491070388137,3.342203364755887,118.62942132999174,116.9967300696036,0.0
8.702,2.172106100958778,-0.5538146485216504,1.1839518652262915,0.0,4.0576938773796885,3.3167940181179247,118.68138309145222,116.9967300696036,0.0
8.703,2.1209045272523532,-0.5682452349873381,1.1411244542775676,0.0,4.040572720816903,3.2929897383741995,118.72730006793107,116.9967300696036,0.0
8.704,2.0716448310398574,-0.5820685679893464,1.100860266054868,0.0,4.024159512701585,3.270759535199869,118.76703794269231,116.9967300696036,0.0
8.705,2.0243635567924017,-0.595245462985443,1.0632882499433594,0.0,4.008475830199921,3.2500890948464956,118.80044610575153,116.9967300696036,0.0
8.706,1.9790902720971453,-0.6077349438187584,1.0285470080522696,0.0,3.9935355458547863,3.2309787624053916,118.8274093262482,116.9967300696036,0.0
8.707,1.935859899010466,-0.6195009105438318,0.9967586052374893,0.0,3.979347618231481,3.2134387310757533,118.84783692097547,116.9967300696036,0.0
8.708,1.8947177915369118,-0.6305149444930473,0.9680337393601377,0.0,3.965918364304705,3.197485386989611,118.86162973154433,116.9967300696036,0.0
8.709,1.8557206030585514,-0.6407567855283586,0.9424883374563011,0.0,3.9532531635363846,3.1831399760266397,118.86864268463599,116.9967300696036,0.0
8.71,1.8189356747959036,-0.6502139165765745,0.9202627347601471,0.0,3.9413578077535503,3.1704295940297036,118.86864321840224,116.9967300696036,0.0
8.711,1.7844407745784456,-0.6588812011722278,0.9015433363890335,0.0,3.930239779344344,3.15939042660161,118.86127153531112,116.9967300696036,0.0
8.712,1.752325289208813,-0.6667612144652247,0.8865837632775193,0.0,3.919909765649524,3.150072768405335,118.84611439648094,116.9967300696036,0.0
8.713000000000001,1.722692922202984,-0.6738661551888057,0.875668489423834,0.0,3.9103837308512204,3.1425411957833616,118.82406343177338,116.9967300696036,0.0
8.714,1.6956592432359023,-0.6802253623455556,0.8684206381559163,0.0,3.901685605650558,3.1367994470591385,118.80271125092813,116.9967300696036,0.0
8.715,1.6712993499392104,-0.6858854367656098,0.8610369167652987,0.0,3.893842134212177,3.132431581319951,118.7639371570566,116.9967300696036,0.0
8.716,1.6495517108161601,-0.6905814990346131,0.8627518928265308,0.0,3.886806189449106,3.1301272809620544,118.73758150825256,116.9967300696036,0.0
8.717,1.6304980514402299,-0.6948158572025201,0.8585212028420621,0.0,3.8806622279023317,3.1287457166448562,118.69785746719747,116.9967300696036,0.0
8.718,1.613874411787704,-0.6980845737809686,0.8613719493936709,0.0,3.875311721320465,3.1288818653932426,118.66359278933002,116.9967300696036,0.0
8.719,1.5997079111880996,-0.70049422662229,0.8618356611301268,0.0,3.8707422549183854,3.129883928103527,118.61423556960544,116.9967300696036,0.0
8.72,1.5877455323926266,-0.7018449088784773,0.8703392159924004,0.0,3.8668544199473085,3.1324337884815687,118.55103653071075,116.9967300696036,0.0
8.721,1.5782072285092916,-0.7022416381127042,0.8863956708286762,0.0,3.8636404879043464,3.136950643447277,118.47963396586574,116.9967300696036,0.0
8.722,1.5714739513274387,-0.701904526698015,0.9072679142885556,0.0,3.861158585014295,3.143475079395513,118.40287870517227,116.9967300696036,0.0
8.723,1.5678181872247032,-0.7010091467043292,0.931584058279606,0.0,3.859482195322913,3.151899736143819,118.3197980069236,116.9967300696036,0.0
8.724,1.5673521326201276,-0.6996578174805576,0.9598937280307382,0.0,3.8586762178608205,3.162199898846346,118.22430015130486,116.9967300696036,0.0
8.725,1.5701175127487368,-0.6979371533750953,0.9953669550230984,0.0,3.85880509465583,3.174699553443868,118.09261856844617,116.9967300696036,0.0
8.726,1.5763199534149293,-0.6959743569488113,1.0502488614640175,0.0,3.8599723482652504,3.1909897930277205,117.89464642440328,116.9967300696036,0.0
8.727,1.5871739236418032,-0.693873422793221,1.1402557699374674,0.0,3.862440425679264,3.213987762563505,117.75603762991209,116.9967300696036,0.0
8.728,1.6049944930909854,-0.69247856367103,1.2019670915799778,0.0,3.8668290671435694,3.2389691962459137,117.73045586435956,116.9967300696036,0.0
8.729000000000001,1.6282508159959457,-0.6916695927698076,1.2074207164086836,0.0,3.873201949621772,3.2594941463961913,117.73341054251968,116.9967300696036,0.0
8.73,1.6525678921188118,-0.6893770370019334,1.1985765725994615,0.0,3.8807459474417296,3.275134182567493,117.69433462390636,116.9967300696036,0.0
8.731,1.6751554856370254,-0.6838952731889638,1.2111384863630943,0.0,3.8885194806350722,3.289193402329978,117.6493275850032,116.9967300696036,0.0
8.732,1.6961521591529114,-0.675150831575882,1.2271160306606737,0.0,3.896014511546021,3.302172206019081,117.6728420720769,116.9967300696036,0.0
8.733,1.7156011275824041,-0.6641677961162448,1.2085976670990919,0.0,3.9029372302503553,3.3104764172035326,117.53161359663055,116.9967300696036,0.0
8.734,1.7315689340938785,-0.651014222795875,1.2738630695519997,0.0,3.908661035492056,3.324444888013441,117.29719400809401,116.9967300696036,0.0
8.735,1.7497881152983912,-0.6364600788421132,1.3880682244353655,0.0,3.913739887188868,3.347654373411788,117.11569285508405,116.9967300696036,0.0
8.736,1.7751638630931725,-0.6232169150495742,1.4776291730855413,0.0,3.9193205956781925,3.375151307797287,116.87562970377371,116.9967300696036,0.0
8.737,1.8077122889768862,-0.6122343233507979,1.598871752399009,0.0,3.9260172733081946,3.409571124461887,116.27562337230138,116.9967300696036,0.0
8.738,1.848885775383831,-0.6044148298857689,1.9060859851081957,0.0,3.9347359464774896,3.469596167781977,116.3765631934727,116.9967300696036,0.0
8.739,1.9099520527899054,-0.6043067506156927,1.861817743283843,0.0,3.9486515628768073,3.5102433695086166,116.4874643598119,116.9967300696036,0.0
8.74,1.972791236191729,-0.6037881485243382,1.8114598172121652,0.0,3.9651843723715077,3.536819075852745,116.4795453229333,116.9967300696036,0.0
8.741,2.0292636676291007,-0.5979929288437774,1.8205911831181631,0.0,3.9820891834072034,3.5583149463982124,116.3788331790492,116.9967300696036,0.0
8.742,2.079144733083687,-0.5866012699153045,1.8771262239657622,0.0,3.9982579701085497,3.580557058941249,116.24602254599591,116.9967300696036,0.0
8.743,2.1255130561926223,-0.5715692825086276,1.9510386157284798,0.0,4.013494487368617,3.605155146698102,116.09178470643326,116.9967300696036,0.0
8.744,2.1713016382932024,-0.5549436618087692,2.0372069891415103,0.0,4.027988663275444,3.6329834137631094,115.88809041866449,116.9967300696036,0.0
8.745000000000001,2.2190889217081913,-0.53813045325569,2.1501405295352862,0.0,4.042133051564249,3.6662405620668412,115.64415172774486,116.9967300696036,0.0
8.746,2.2719132970772207,-0.5222958626128674,2.2856356584136908,0.0,4.056615042969366,3.7060287546853226,115.41283891988238,116.9967300696036,0.0
8.747,2.331804022352334,-0.5091513638471059,2.417130973842143,0.0,4.072340105538014,3.7503361245642384,115.20986872831728,116.9967300696036,0.0
8.748,2.399147786992126,-0.4986307440254727,2.5364846830375565,0.0,4.089897575644968,3.7967903117117165,115.06547101599381,116.9967300696036,0.0
8.749,2.472812781082199,-0.48986388771520617,2.627996129735388,0.0,4.109485569460061,3.841797837496438,114.96239084427083,116.9967300696036,0.0
8.75,2.5499934758557323,-0.4813279303917454,2.699879607850206,0.0,4.130764229729637,3.8835022517256608,114.85826933806862,116.9967300696036,0.0
8.751,2.6278345179977505,-0.47160231233625083,2.7733249682666576,0.0,4.153101006982312,3.9227335377356933,114.72693934485473,116.9967300696036,0.0
8.752,2.7050197087117898,-0.46003744191265983,2.8616878721210943,0.0,4.175952355544679,3.9615488781326893,114.5701285332564,116.9967300696036,0.0
8.753,2.7819060306415078,-0.4468594703130979,2.9643592932837333,0.0,4.199066175118794,4.001492403130441,114.40215486293663,116.9967300696036,0.0
8.754,2.859627386215382,-0.43273162204728555,3.074291880510287,0.0,4.22244068164203,4.043038342075294,114.23405649036852,116.9967300696036,0.0
8.755,2.939214671757518,-0.41826854302098204,3.185967802586693,0.0,4.2461826711971895,4.085974775480225,114.0688159626567,116.9967300696036,0.0
8.756,3.0212391354349224,-0.40382498874491257,3.2978672075120703,0.0,4.270399944957225,4.129957121672117,113.90482350912535,116.9967300696036,0.0
8.757,3.105888862429014,-0.3895286074472428,3.4107824998825276,0.0,4.295165559560461,4.174773423399743,113.74041859102974,116.9967300696036,0.0
8.758000000000001,3.1931687366153105,-0.3753907559763845,3.525548073716073,0.0,4.320524043027318,4.220325427722363,113.57532866207744,116.9967300696036,0.0
8.759,3.283023210861886,-0.36138314462988586,3.6423070522674834,0.0,4.346502419846347,4.266542718436466,113.40969842150223,116.9967300696036,0.0
8.76,3.3753728292219907,-0.3474643465332756,3.760992489036103,0.0,4.373113696377719,4.31336401274295,113.24335315095146,116.9967300696036,0.0
8.761000000000001,3.4701307759933693,-0.3335885422111078,3.8816988934980063,0.0,4.400358824192132,4.360755277433797,113.07606983261947,116.9967300696036,0.0
8.762,3.56722381085435,-0.3197154178223871,4.004547155033846,0.0,4.428231280054651,4.408705518794329,112.90783899527112,116.9967300696036,0.0
8.763,3.666602347426303,-0.30581625311974103,4.129551484451344,0.0,4.4567213375935655,4.457209266551319,115.49294328605245,116.9967300696036,0.0
8.764,3.756674724179918,-0.3116007311424793,2.8520372068961897,0.0,4.487988048383816,4.353020855384084,115.15507771252285,116.9967300696036,0.0
8.765,3.7448227379555474,-0.31001099292538825,3.039386517231796,0.0,4.505476530994209,4.297965965577281,115.56461441128754,116.9967300696036,0.0
8.766,3.704298909339176,-0.29996498131833627,2.848939324432615,0.0,4.51462151246828,4.23168182998649,116.51303767482405,116.9967300696036,0.0
8.767,3.63587855120291,-0.28969749618830054,2.379564616612155,0.0,4.515194618987631,4.130334861278752,116.71811859494977,116.9967300696036,0.0
8.768,3.5306500950481152,-0.27271094686038966,2.2798102712958315,0.0,4.503809872409504,4.043791595782798,116.55216220826155,116.9967300696036,0.0
8.769,3.4128077681159015,-0.2544130781284264,2.3672341432533632,0.0,4.483066373872356,3.9872887229481115,116.59306610558569,116.9967300696036,0.0
8.77,3.3048301590673264,-0.2451051349407618,2.3508188342314713,0.0,4.457906042842131,3.942380978557217,116.77352457769086,116.9967300696036,0.0
8.771,3.2105317842578627,-0.2464665739808407,2.2628216530980123,0.0,4.431013808202124,3.8992254838064833,116.95406071305352,116.9967300696036,0.0
8.772,3.126780494597364,-0.25584436396819754,2.172980278982184,0.0,4.403513190059252,3.8569633938399757,117.09637393249076,116.9967300696036,0.0
8.773,3.0507497486474078,-0.270695998952146,2.100827230634692,0.0,4.376076326682378,3.8166648986366547,117.2246820557611,116.9967300696036,0.0
8.774000000000001,2.9808695561393064,-0.28941288297938317,2.034393649137952,0.0,4.349263641016017,3.7779929168512068,117.35704680520566,116.9967300696036,0.0
8.775,2.9156851451981503,-0.31072272616522256,1.9646081070596506,0.0,4.323421939647917,3.739966274142467,117.49466140244238,116.9967300696036,0.0
8.776,2.8535499403677367,-0.333429400640338,1.890821495112903,0.0,4.298646379906156,3.7019224820963648,117.63163048136703,116.9967300696036,0.0
8.777000000000001,2.792949040368245,-0.3564962063993311,1.8159879515329433,0.0,4.274854278822702,3.663756436558009,117.76297078208067,116.9967300696036,0.0
8.778,2.7328173431051166,-0.37917843517446204,1.7426553940513498,0.0,4.25188916040143,3.6257180172769163,117.88635720969526,116.9967300696036,0.0
8.779,2.6726151059072354,-0.40104757559484616,1.6720659088431375,0.0,4.229595495052665,3.5881763394028545,118.00123098479713,116.9967300696036,0.0
8.78,2.6122308618577383,-0.4219281628415952,1.6045840121402675,0.0,4.207855201644312,3.5514825934695553,118.10746121405735,116.9967300696036,0.0
8.781,2.551835587672054,-0.44179735026203915,1.54036158606562,0.0,4.186596367727244,3.515934182607497,118.20501568553645,116.9967300696036,0.0
8.782,2.491761695877198,-0.460699711507464,1.4795014941667413,0.0,4.16578914397847,3.4817665189473854,118.29749750360853,116.9967300696036,0.0
8.783,2.4323655157035216,-0.47877728945015285,1.4202529107906554,0.0,4.145445386199805,3.448958996927183,118.38319067967315,116.9967300696036,0.0
8.784,2.3739001240302864,-0.4961063797852441,1.3635417166576485,0.0,4.125580676154418,3.4175893370925845,118.4605953990145,116.9967300696036,0.0
8.785,2.3166031191556105,-0.5127380237998275,1.3102007036928667,0.0,4.106221661068364,3.3877877893715915,118.52991235525123,116.9967300696036,0.0
8.786,2.2607228652876854,-0.5287253709890087,1.2602104027180236,0.0,4.0874106844694795,3.3596388298132336,118.59211781924117,116.9967300696036,0.0
8.787,2.2064825123799623,-0.544113575111518,1.2131537932266778,0.0,4.0691987385562305,3.3331549807976932,118.64798993927005,116.9967300696036,0.0
8.788,2.154045397800619,-0.55892251398056,1.1687051345155735,0.0,4.051634703567124,3.308305214803725,118.69782548195553,116.9967300696036,0.0
8.789,2.103510915930192,-0.5731425063140085,1.126776409049311,0.0,4.034758205245519,3.285050770556018,118.74158949204418,116.9967300696036,0.0
8.790000000000001,2.0549332721198135,-0.5867425018804038,1.0874458097805797,0.0,4.0185977119202745,3.263365238236462,118.77913113890757,116.9967300696036,0.0
8.791,2.0083456314989316,-0.5996822287562604,1.0508509756558457,0.0,4.003172084696276,3.2432389480854953,118.81030667725987,116.9967300696036,0.0
8.792,1.9637785391314762,-0.6119219466565773,1.0171274404031327,0.0,3.98849336287986,3.2246755874448874,118.83500814193478,116.9967300696036,0.0
8.793000000000001,1.9212699294970117,-0.6234279004991108,0.9863939273423685,0.0,3.974569434924697,3.207687515738655,118.85314305917609,116.9967300696036,0.0
8.794,1.8808687136676099,-0.6341743133100881,0.9587623388259876,0.0,3.9614061384652124,3.1922927664462275,118.86459918525532,116.9967300696036,0.0
8.795,1.8426350256392285,-0.6441435045777018,0.9343555846298583,0.0,3.9490088436337594,3.178514428885512,118.86920558823172,116.9967300696036,0.0
8.796,1.8066396078617737,-0.6533254337325762,0.9133276279553737,0.0,3.9373837648237413,3.1663823469807264,118.86668880175226,116.9967300696036,0.0
8.797,1.7729639443704346,-0.6617175010722915,0.8958864338736179,0.0,3.9265392938200665,3.155937082409441,118.85664668354745,116.9967300696036,0.0
8.798,1.7417020436109634,-0.6693252705179455,0.8823083268365832,0.0,3.916487677425255,3.1472347698102903,118.83888255150299,116.9967300696036,0.0
8.799,1.712962669066797,-0.6761658632722851,0.8727688680398205,0.0,3.907247378918531,3.140332679626564,118.81521094496371,116.9967300696036,0.0
8.8,1.6868577849145843,-0.6822738100015848,0.8664198625558601,0.0,3.898844369456787,3.135177916106571,118.78383948783518,116.9967300696036,0.0
8.801,1.6634827057810622,-0.6875888461187938,0.8642344969378088,0.0,3.8912897590948154,3.131831637692421,118.75800779063083,116.9967300696036,0.0
8.802,1.6428743123398715,-0.6922166314642471,0.8595375683297131,0.0,3.8846118879544544,3.1296028900799753,118.72425939679731,116.9967300696036,0.0
8.803,1.624637991538041,-0.6961344005824907,0.859136471974536,0.0,3.8787636059164385,3.128731990155539,118.69015173488326,116.9967300696036,0.0
8.804,1.6088298959189495,-0.6991135911247373,0.8592560862787642,0.0,3.873701595358244,3.128937047866844,118.64898550705618,116.9967300696036,0.0
8.805,1.5952789339686844,-0.7010798040460372,0.8633166458177766,0.0,3.869352783142922,3.130393389015787,118.59274604489693,116.9967300696036,0.0
8.806000000000001,1.5840172705996993,-0.7020188687959841,0.8754762171444705,0.0,3.865668121257305,3.1336694354299333,118.52588057573789,116.9967300696036,0.0
8.807,1.5753878557915677,-0.7021196215096653,0.8936174466626481,0.0,3.8626812223526708,3.1389599695430412,118.45268898841749,116.9967300696036,0.0
8.808,1.5697268398605688,-0.7015842981845409,0.9156536511347064,0.0,3.8604621736569102,3.1462017481554487,118.37433034271396,116.9967300696036,0.0
8.809000000000001,1.5672169010175536,-0.7005438703671885,0.9410569712553682,0.0,3.859080113865311,3.155290930319013,118.28806394860293,116.9967300696036,0.0
8.81,1.5679102449954545,-0.699073230225859,0.9712768295208929,0.0,3.8585938121318533,3.1663017722690636,118.18466983201625,116.9967300696036,0.0
8.811,1.5718596804238592,-0.6972721601788903,1.0110944901901016,0.0,3.859073813462993,3.1798131394843745,118.0290009843433,116.9967300696036,0.0
8.812,1.5794652212505882,-0.6952568045732365,1.0786062048791827,0.0,3.860653272966398,3.198252366983719,117.831788177501,116.9967300696036,0.0
8.813,1.5925679378289863,-0.6932533399464661,1.1688620272213597,0.0,3.863718481716509,3.2228933975788623,117.73650661776175,116.9967300696036,0.0
8.814,1.6126988445779897,-0.6922175883059692,1.2091050416094025,0.0,3.8688473746169363,3.2468176467721577,117.73376436965923,116.9967300696036,0.0
8.815,1.6368368022587243,-0.6911635930661688,1.203105822660107,0.0,3.875750221186677,3.265346149830475,117.72519248424841,116.9967300696036,0.0
8.816,1.6606909501900164,-0.6878714993365953,1.2001071412190671,0.0,3.8834640430474208,3.280059647775277,117.67395810959697,116.9967300696036,0.0
8.817,1.6826100675037605,-0.6811760773938137,1.218952048144855,0.0,3.891174257040159,3.29400354326272,117.65055892196553,116.9967300696036,0.0
8.818,1.703206983450592,-0.6715085468418186,1.2241133534369562,0.0,3.898511365041078,3.3056568955325547,117.65871319415247,116.9967300696036,0.0
8.819,1.7215450969957482,-0.6599771270323972,1.213416386097996,0.0,3.905108316595371,3.31383912058479,117.44313370353268,116.9967300696036,0.0
8.82,1.73721393071403,-0.6459015541744286,1.3167420950685993,0.0,3.9104307966831744,3.3317954253738273,117.2448927158512,116.9967300696036,0.0
8.821,1.7577693538958161,-0.6315360231229908,1.413380962446867,0.0,3.9155772065540253,3.3559809578018323,117.07251593919895,116.9967300696036,0.0
8.822000000000001,1.7851832342531928,-0.6189531185300974,1.4988114920770348,0.0,3.9213870644858857,3.3838835749521627,116.8363500899744,116.9967300696036,0.0
8.823,1.8192906148673398,-0.608651087150219,1.6184982164856008,0.0,3.928398803933737,3.418410477505306,116.3065201875518,116.9967300696036,0.0
8.824,1.8613985639463244,-0.6016173029327887,1.8903152665174214,0.0,3.937491363741998,3.4745980714147873,116.22393057384053,116.9967300696036,0.0
8.825000000000001,1.9216933173700803,-0.5998961100557927,1.939338068330684,0.0,3.951174433586086,3.522539156227464,116.35737654078888,116.9967300696036,0.0
8.826,1.988109404846863,-0.600207540497692,1.8790086201446594,0.0,3.968334774204413,3.5532251501364778,116.41257356616433,116.9967300696036,0.0
8.827,2.0490709967088914,-0.5961239892217568,1.8572516724913275,0.0,3.9863953752070347,3.574726994726361,116.34088679181114,116.9967300696036,0.0
8.828,2.1018085468353123,-0.5857061344989284,1.899653492445843,0.0,4.003694972061632,3.5955749700337627,116.20361392608261,116.9967300696036,0.0
8.829,2.149278676023981,-0.5705863280376899,1.9762210867453196,0.0,4.019790406598002,3.619372185959792,116.04514058538905,116.9967300696036,0.0
8.83,2.19537477692946,-0.5533268064962347,2.064973651934246,0.0,4.034908669968389,3.646800460166926,115.85027886117518,116.9967300696036,0.0
8.831,2.243142439177996,-0.5357684016753097,2.1738690261254625,0.0,4.049499105107565,3.679295216961246,115.61462153470373,116.9967300696036,0.0
8.832,2.2954957541578893,-0.5192020767303062,2.305518774710188,0.0,4.064233260716513,3.7181108721671556,115.37262277958597,116.9967300696036,0.0
8.833,2.3547172927391897,-0.505055050348633,2.442759225169246,0.0,4.079985056632625,3.762307493383874,115.16415820102414,116.9967300696036,0.0
8.834,2.421690700325602,-0.49378039222066905,2.565317233135956,0.0,4.097482592948536,3.808993748993587,115.01315353193883,116.9967300696036,0.0
8.835,2.495419157566717,-0.48452082101754973,2.6606553330552587,0.0,4.116993194942765,3.854582347364719,114.90675029906504,116.9967300696036,0.0
8.836,2.57314932863258,-0.4757866823524387,2.7347567471975385,0.0,4.138243437033553,3.896947886409782,114.8014420443609,116.9967300696036,0.0
8.837,2.651903348887367,-0.4660851277727358,2.8093637548020363,0.0,4.160625379202653,3.936782011937124,114.66968572484913,116.9967300696036,0.0
8.838000000000001,2.730202137639111,-0.4546682054863882,2.8985123580054637,0.0,4.183593693801874,3.9761058688448294,114.51287299788787,116.9967300696036,0.0
8.839,2.8082727872235047,-0.44168170838589593,3.0017572922032523,0.0,4.206883217173756,4.016454844684643,114.34533382213864,116.9967300696036,0.0
8.84,2.8871576349770427,-0.42773499071731325,3.1120408425525152,0.0,4.2304744118198885,4.0582999897170575,114.17772046525802,116.9967300696036,0.0
8.841,2.9678268649483845,-0.41340982010549565,3.2240376170362826,0.0,4.254454699914037,4.101451782581254,114.01252926220947,116.9967300696036,0.0
8.842,3.050827445124991,-0.3990482639680297,3.336475226634499,0.0,4.278915619016187,4.145611222759701,113.84811993710105,116.9967300696036,0.0
8.843,3.136360120524741,-0.3847843597999151,3.450165990513736,0.0,4.303920976328849,4.190603830269043,113.68316348955264,116.9967300696036,0.0
8.844,3.2244610878773927,-0.3706461979084519,3.5657798800884484,0.0,4.329512499894799,4.236342553318352,113.51761591726775,116.9967300696036,0.0
8.845,3.3151028622443817,-0.3566212561677915,3.6833448077542537,0.0,4.355717381436526,4.28275297405997,113.35159825223133,116.9967300696036,0.0
8.846,3.408223192563427,-0.34267778484051337,3.8028049584461865,0.0,4.382549284469649,4.3297709895896315,113.18487014933758,116.9967300696036,0.0
8.847,3.5037457201605346,-0.32877514882286507,3.924287609095718,0.0,4.410009943503757,4.377362609201675,113.0172262872472,116.9967300696036,0.0
8.848,3.601604333246713,-0.3148761020255401,4.047904577964475,0.0,4.438093829808128,4.425514950661485,112.84867465497311,116.9967300696036,0.0
8.849,3.7017530286614626,-0.3009532016007966,4.173660948247824,0.0,4.466792033049297,4.474219707283472,114.97722497273865,116.9967300696036,0.0
8.85,3.7844255416568044,-0.3204101202660599,3.129580840333701,0.0,4.499770381685973,4.396724943518649,116.52830959363459,116.9967300696036,0.0
8.851,3.785626175048117,-0.3278698708706771,2.358722734645424,0.0,4.5223274224623555,4.256618555904317,116.32510852524958,116.9967300696036,0.0
8.852,3.7021863617835766,-0.30765945957769236,2.4670394842814707,0.0,4.52632037765139,4.161592320438915,116.19184981118103,116.9967300696036,0.0
8.853,3.592112998425413,-0.2799290952218151,2.5417176438999696,0.0,4.517563177808765,4.094873105937385,116.45071838017988,116.9967300696036,0.0
8.854000000000001,3.481166907154888,-0.25900849471156084,2.417743476294782,0.0,4.500985814087681,4.030669489275166,116.74968957454296,116.9967300696036,0.0
8.855,3.371643244816909,-0.24710055828942828,2.27072828406385,0.0,4.478545158071151,3.967234710382183,116.78659546730358,116.9967300696036,0.0
8.856,3.265668433489127,-0.2412565323008763,2.2543766837065355,0.0,4.4514813262724555,3.918132812282524,116.84211662979254,116.9967300696036,0.0
8.857,3.1710461220771595,-0.24395576110530465,2.2281622368601672,0.0,4.422569043272037,3.877863353805474,116.96251589198273,116.9967300696036,0.0
8.858,3.089239296508788,-0.2551214462859553,2.1683047475412804,0.0,4.393722275805783,3.8404599612178765,117.11207780818631,116.9967300696036,0.0
8.859,3.0175030544053363,-0.27263676421092115,2.092370312053663,0.0,4.3658348739473345,3.8032309365076578,117.26226876055898,116.9967300696036,0.0
8.86,2.9522769980291788,-0.2940228224873893,2.014619448957775,0.0,4.339190623034871,3.765600327277287,117.40670519082629,116.9967300696036,0.0
8.861,2.8907235128556836,-0.3173170579412478,1.9383014826118958,0.0,4.313796241607775,3.727569509016943,117.5465712493353,116.9967300696036,0.0
8.862,2.8308775958870895,-0.3411689784207362,1.8628700415600719,0.0,4.289528985395561,3.6892355716024925,117.68152302534966,116.9967300696036,0.0
8.863,2.7714725375354923,-0.36469882118269326,1.7885462239954308,0.0,4.266204824562143,3.6508230940356627,117.80979676953035,116.9967300696036,0.0
8.864,2.7118194383501146,-0.3873890605458546,1.7162786849058187,0.0,4.243632459957711,3.6126810473448385,117.92997383999652,116.9967300696036,0.0
8.865,2.6517028352684853,-0.4090036801897885,1.6468577119688046,0.0,4.221653832911843,3.575198632577603,118.0416059397008,116.9967300696036,0.0
8.866,2.591248516584646,-0.4295053410250874,1.5805929034156927,0.0,4.200163863589281,3.53872048639544,118.14396561128795,116.9967300696036,0.0
8.867,2.5307954537131168,-0.4489431567636065,1.5179407122052728,0.0,4.179108219703642,3.5035573586806494,118.2395140050069,116.9967300696036,0.0
8.868,2.4707707650316157,-0.467454614923832,1.4577386759917683,0.0,4.158483709675328,3.4698074624036446,118.32938237447202,116.9967300696036,0.0
8.869,2.411528581612714,-0.48517791309640446,1.399477968210523,0.0,4.138311109239525,3.437479840546971,118.41182553897083,116.9967300696036,0.0
8.870000000000001,2.35333625113028,-0.5021892406299024,1.3441054312674448,0.0,4.118617019708595,3.4066680833653353,118.48609761787047,116.9967300696036,0.0
8.871,2.296445130521085,-0.5185446860809461,1.2920757163349563,0.0,4.099440149136875,3.377474649637816,118.55277038139248,116.9967300696036,0.0
8.872,2.24109296978732,-0.5342937716104201,1.2431789314560637,0.0,4.080830467203306,3.349944349513144,118.61272887101809,116.9967300696036,0.0
8.873,2.187471387008194,-0.5494676064508974,1.1970396986291116,0.0,4.0628403544277845,3.3240646159437737,118.66651205887123,116.9967300696036,0.0
8.874,2.135708071509626,-0.5640689170042162,1.1534502848098644,0.0,4.045515685385338,3.2997981501389924,118.71424529415071,116.9967300696036,0.0
8.875,2.0858754859576556,-0.5780746614142723,1.112408514924653,0.0,4.028891455446232,3.2771111147169942,118.75583038877494,116.9967300696036,0.0
8.876,2.038013355340206,-0.5914467190495011,1.0740249644208275,0.0,4.012991813854609,3.255985095499115,118.79111907950339,116.9967300696036,0.0
8.877,1.9921504492568145,-0.6041431039647386,1.0384367289576046,0.0,3.9978324162646866,3.2364171420109464,118.81998913561547,116.9967300696036,0.0
8.878,1.94831883472242,-0.6161255909011011,1.005769110241444,0.0,3.9834232727987864,3.218415336946405,118.84234751469167,116.9967300696036,0.0
8.879,1.9065604516990744,-0.6273633202209347,0.976133746252466,0.0,3.96977118852884,3.201994690177326,118.85810213266551,116.9967300696036,0.0
8.88,1.866928715906191,-0.6378336898237447,0.9496427166349266,0.0,3.9568816113720917,3.187175147147104,118.86712586234395,116.9967300696036,0.0
8.881,1.8294880133519698,-0.6475220285107124,0.9264268938682998,0.0,3.9447600511875334,3.173981930419113,118.86921679579847,116.9967300696036,0.0
8.882,1.7943131372512353,-0.6564211150798294,0.9066565598790959,0.0,3.933413341484364,3.162448130179854,118.86405489193427,116.9967300696036,0.0
8.883000000000001,1.7614899458136768,-0.6645312233980366,0.8905642635878848,0.0,3.9228510437769,3.152619392039191,118.85121289247097,116.9967300696036,0.0
8.884,1.7311177482673583,-0.6718614174330145,0.8784404350908634,0.0,3.9130873222867804,3.1445573095858044,118.8309496548693,116.9967300696036,0.0
8.885,1.7033098679030236,-0.6784350611432499,0.8702298580390406,0.0,3.9041435635681094,3.1382982829026282,118.80710303914842,116.9967300696036,0.0
8.886000000000001,1.6781648943736256,-0.6842924199307114,0.8640494362040347,0.0,3.8960468510825086,3.133660910669162,118.7685130073822,116.9967300696036,0.0
8.887,1.6557623132239025,-0.6892312471999102,0.8656266227093583,0.0,3.888780770033857,3.1311257333355917,118.76751716020254,116.9967300696036,0.0
8.888,1.6360883642328905,-0.693857552563389,0.848416675393195,0.0,3.8824472846740017,3.128148708138197,118.70679217874732,116.9967300696036,0.0
8.889,1.6182093813866103,-0.6970750705885667,0.8616785450293694,0.0,3.8767571092595308,3.128236890680878,118.66819229085607,116.9967300696036,0.0
8.89,1.603182137474596,-0.699650748445492,0.8642638667624705,0.0,3.871895919024784,3.1293732111239816,118.62585345545892,116.9967300696036,0.0
8.891,1.5906973372706443,-0.7013805409455485,0.8691420506024903,0.0,3.8677990002542595,3.131643583087685,118.56880175888915,116.9967300696036,0.0
8.892,1.5806274611180355,-0.7021566519235084,0.8819471819945208,0.0,3.864406884839733,3.135619846967438,118.5009733794076,116.9967300696036,0.0
8.893,1.5732075997685473,-0.7021097743077431,0.9008189386372578,0.0,3.8617386897071198,3.141522600821462,118.42630293389364,116.9967300696036,0.0
8.894,1.5687166891875681,-0.7014131518630747,0.923858432751337,0.0,3.8598514297804147,3.149333688113355,118.34547080673698,116.9967300696036,0.0
8.895,1.5673243537621713,-0.7001954266136698,0.9507870889583301,0.0,3.8588070210225807,3.1590149457159993,118.25454018913324,116.9967300696036,0.0
8.896,1.569108042453144,-0.6985546792878008,0.9836742965649068,0.0,3.8586668739474455,3.1707618138469913,118.13812663563768,116.9967300696036,0.0
8.897,1.5742092351442853,-0.6966272661992751,1.030467107652347,0.0,3.8595198204264416,3.185595023291805,117.95551817297076,116.9967300696036,0.0
8.898,1.5834104795701183,-0.6945183646608172,1.1121834579521355,0.0,3.861558088163675,3.20658995190221,117.78340507523683,116.9967300696036,0.0
8.899000000000001,1.5990477132885854,-0.6927744316302319,1.1903732567627667,0.0,3.865321278370245,3.2318448455266955,117.72933338557341,116.9967300696036,0.0
8.9,1.621087997568389,-0.6919411461152494,1.210083068434777,0.0,3.871159416842265,3.2540686911716117,117.7351518529653,116.9967300696036,0.0
8.901,1.645526127365132,-0.690320179338914,1.199789616905215,0.0,3.878466152541327,3.270856796879422,117.71011567899916,116.9967300696036,0.0
8.902000000000001,1.6687188187362443,-0.6858614793356003,1.2051738477943308,0.0,3.8862467779086645,3.2850851507466015,117.65647666648569,116.9967300696036,0.0
8.903,1.6900914447042457,-0.6779989189278999,1.2253958880822458,0.0,3.893851881481171,3.2987202519438066,117.66220730356913,116.9967300696036,0.0
8.904,1.710198759186194,-0.6675444033369596,1.2158757972008676,0.0,3.900988613705221,3.3085048446453778,117.60131370724999,116.9967300696036,0.0
8.905,1.7271939824578495,-0.6552511923530986,1.2402767589839776,0.0,3.9071424239247072,3.3191355565890888,117.35854822883151,116.9967300696036,0.0
8.906,1.7438720092312836,-0.6407348605826882,1.3580413166009366,0.0,3.9122700599317097,3.3403640393680503,117.21228711410372,116.9967300696036,0.0
8.907,1.7671857670568525,-0.6267196130388771,1.4290163035198318,0.0,3.917611266703794,3.3642143073616477,116.9565902364033,116.9967300696036,0.0
8.908,1.7959993736323079,-0.6148510130461393,1.557266140702043,0.0,3.923637986074265,3.396675042308903,117.03438716615702,116.9967300696036,0.0
8.909,1.8346435415696551,-0.6044150969894996,1.5179911048596502,0.0,3.931278842236113,3.416926900976642,116.47774688563327,116.9967300696036,0.0
8.91,1.8714127116397574,-0.5945521649226778,1.8015010769612294,0.0,3.939200235281766,3.463838339655051,115.93981941294929,116.9967300696036,0.0
8.911,1.9233018035189144,-0.5890143931595165,2.08103391986976,0.0,3.9505101073174127,3.529424178363099,116.11459491592807,116.9967300696036,0.0
8.912,1.9946088823110424,-0.5912251779855004,2.0024675199171273,0.0,3.967546140068793,3.5708199002316925,116.27670813768597,116.9967300696036,0.0
8.913,2.0646907341061693,-0.5915943727410912,1.928611128357351,0.0,3.987036645306747,3.5954451812069714,116.27697966896565,116.9967300696036,0.0
8.914,2.125012496250567,-0.5849346153995718,1.935672866723891,0.0,4.006304362863312,3.6151377644265037,116.15861884261788,116.9967300696036,0.0
8.915000000000001,2.176694960904462,-0.5716059667656517,2.003234392167632,0.0,4.024215013209856,3.6370671580043994,115.99692214712437,116.9967300696036,0.0
8.916,2.224418480893446,-0.554485409054829,2.094080819139183,0.0,4.040777563017686,3.6631794064193444,115.80781190307944,116.9967300696036,0.0
8.917,2.272386983508964,-0.5362264132225137,2.200525122826888,0.0,4.05645779872178,3.694337794021693,115.58236713914991,116.9967300696036,0.0
8.918000000000001,2.3239680631239388,-0.5185911140074024,2.32739113409619,0.0,4.07192855666036,3.7316449509054697,115.34062310485763,116.9967300696036,0.0
8.919,2.3818333956669853,-0.5030372278000423,2.4648242208897906,0.0,4.088048380002803,3.774768071545746,115.12552130634361,116.9967300696036,0.0
8.92,2.44738317183454,-0.4903360616384923,2.591087207779397,0.0,4.105626943659329,3.821073638093157,114.96545056157588,116.9967300696036,0.0
8.921,2.5200757997827266,-0.47992775250784303,2.6914353752435423,0.0,4.12506030526219,3.8669414815910153,114.85137096609165,116.9967300696036,0.0
8.922,2.597437200518895,-0.47045830600903416,2.7699287640207757,0.0,4.14619955903099,3.9100138401887325,114.74218042762493,116.9967300696036,0.0
8.923,2.676521850617027,-0.460437504644603,2.847069529673923,0.0,4.168524529597579,3.9506677411341977,114.60963818121053,116.9967300696036,0.0
8.924,2.755679190049836,-0.44901407807733196,2.9372115717650544,0.0,4.191526024293301,3.9907165051786406,114.45358670185512,116.9967300696036,0.0
8.925,2.8348986736536896,-0.4361934304745958,3.0406687451202457,0.0,4.214936208953267,4.031616841134275,114.28723681423445,116.9967300696036,0.0
8.926,2.915018009695439,-0.42246508058865784,3.150938621484271,0.0,4.238713496731375,4.07384234449828,114.12050602924242,116.9967300696036,0.0
8.927,2.996873106175461,-0.40833401860178786,3.2630662543838964,0.0,4.2629184727483755,4.1172514999066285,113.95553195874824,116.9967300696036,0.0
8.928,3.08095126378396,-0.3941082928828872,3.375965270739541,0.0,4.2876203474953005,4.1616078064738335,113.79081243843969,116.9967300696036,0.0
8.929,3.1674518024485447,-0.3799201421444047,3.4903842072054556,0.0,4.312869226100211,4.206781485029684,113.62538870570683,116.9967300696036,0.0
8.93,3.2564374104003257,-0.3658120722879763,3.606809487210854,0.0,4.33870057852339,4.2527018635383245,113.45941466686851,116.9967300696036,0.0
8.931000000000001,3.3479091017934435,-0.35178791971519896,3.725169660657362,0.0,4.365139257470677,4.299296675743759,113.29298957150746,116.9967300696036,0.0
8.932,3.441826207460684,-0.33782816491945655,3.845419613318848,0.0,4.3921982182419725,4.346503602972209,113.12584520864517,116.9967300696036,0.0
8.933,3.5381286928771427,-0.3239007215996723,3.9677006433595765,0.0,4.419879554441765,4.394290044993672,112.95781329717272,116.9967300696036,0.0
8.934000000000001,3.636762438478692,-0.30997427774558517,4.092105766820112,0.0,4.4481787668329735,4.4426410425512115,114.17150534024007,116.9967300696036,0.0
8.935,3.7360814490451313,-0.298763902723578,3.5135119925800704,0.0,4.477389280926935,4.414158741484817,115.97384661441521,116.9967300696036,0.0
8.936,3.76686983190529,-0.3151953934884817,2.622570190044387,0.0,4.502750081239221,4.29683452938898,115.60719758215964,116.9967300696036,0.0
8.937,3.717000162823862,-0.3043913863980898,2.8197900310466095,0.0,4.512489624623101,4.230175966497115,115.80695489853244,116.9967300696036,0.0
8.938,3.6452173120001854,-0.28764876973023634,2.731809124570923,0.0,4.512855709616849,4.166904533010266,116.53045498870964,116.9967300696036,0.0
8.939,3.5594747261142934,-0.27470022478079414,2.3747218302912643,0.0,4.505601128984776,4.080310914004685,116.78464351234243,116.9967300696036,0.0
8.94,3.4523230772786135,-0.2612562195355126,2.2497484340474805,0.0,4.4890632893878655,4.0024042537055005,116.64989450447342,116.9967300696036,0.0
8.941,3.338922126526289,-0.24891943415126372,2.320591293633284,0.0,4.465165961380912,3.9510795120878175,116.68187375914836,116.9967300696036,0.0
8.942,3.2374909922393496,-0.24563069124983783,2.3077502294003684,0.0,4.438287498147574,3.910399981433769,116.85148532911596,116.9967300696036,0.0
8.943,3.150335351634326,-0.2523715687251522,2.2243968918214447,0.0,4.410803312123461,3.8706329101541215,117.03558922950381,116.9967300696036,0.0
8.944,3.073351518259939,-0.2662341039657933,2.131956350028516,0.0,4.383548307675512,3.8303558664437283,117.18862555133016,116.9967300696036,0.0
8.945,3.002813685303423,-0.2844186301704461,2.0535192342980757,0.0,4.3568527718314245,3.7906666726386318,117.32411571946064,116.9967300696036,0.0
8.946,2.9366575012557705,-0.3051942735597907,1.9825002937342684,0.0,4.330961345702018,3.7518209342406,117.45797770737929,116.9967300696036,0.0
8.947000000000001,2.873501593818217,-0.32742701478528313,1.9109568233971865,0.0,4.30601233344666,3.7133966227156434,117.59282905497365,116.9967300696036,0.0
8.948,2.812116780858083,-0.3502078126071272,1.8375701597463046,0.0,4.28199935161249,3.6750835131706605,117.72481675095288,116.9967300696036,0.0
8.949,2.7514983201468133,-0.37281584539032087,1.764295444943195,0.0,4.258815432635171,3.6369282469535626,117.85030395166669,116.9967300696036,0.0
8.950000000000001,2.69102451172567,-0.3947715136409339,1.6930161057656612,0.0,4.236323422113609,3.5992080696181588,117.96765647685352,116.9967300696036,0.0
8.951,2.630472955910351,-0.4158328119654858,1.6246305790997462,0.0,4.214405781043856,3.5622570274781373,118.07666260518755,116.9967300696036,0.0
8.952,2.5699227158781883,-0.4359357143547944,1.5593281895768918,0.0,4.192985506146658,3.5263649287096737,118.17606510668465,116.9967300696036,0.0
8.953,2.5096511287271324,-0.4550748637553016,1.4978335884575333,0.0,4.172022326272495,3.4918330022867297,118.27038327946725,116.9967300696036,0.0
8.954,2.450012461817726,-0.4733822008259763,1.4379379699675932,0.0,4.151524687327223,3.4586419159844866,118.35850419023517,116.9967300696036,0.0
8.955,2.3912552419853332,-0.4909363398821463,1.3802597733773214,0.0,4.131505585571725,3.4268414364903808,118.43849079808246,116.9967300696036,0.0
8.956,2.333599860366102,-0.5077819007528488,1.3258488621688884,0.0,4.111985816347582,3.396565196282901,118.51014203284042,116.9967300696036,0.0
8.957,2.2772875217994017,-0.5239673421665488,1.2748891251575376,0.0,4.093002342971906,3.367920944640736,118.5743767132676,116.9967300696036,0.0
8.958,2.2225511908688182,-0.539540886774041,1.226995318507309,0.0,4.074604027262269,3.340941922480506,118.63210314197472,116.9967300696036,0.0
8.959,2.1695728461329846,-0.5545305811492907,1.1817783734300342,0.0,4.056840771842772,3.315606299684972,118.68375093009693,116.9967300696036,0.0
8.96,2.118469293169345,-0.568934945345211,1.1390842707639959,0.0,4.0397548628034725,3.2918753391631927,118.72935298015196,116.9967300696036,0.0
8.961,2.069305898297507,-0.5827281867355569,1.0989570166310005,0.0,4.023377661526905,3.26971876476796,118.76877379006723,116.9967300696036,0.0
8.962,2.0221205651048613,-0.5958719728547187,1.061526174468729,0.0,4.007730406997675,3.2491227602905437,118.80186342669131,116.9967300696036,0.0
8.963000000000001,1.9769441737452336,-0.6083261425302406,1.02693002258581,0.0,3.9928267982767403,3.2300879122400827,118.82850715806133,116.9967300696036,0.0
8.964,1.9338127360349513,-0.6200552880786936,0.9952903860162252,0.0,3.978675729936429,3.2126244838532827,118.8486135008124,116.9967300696036,0.0
8.965,1.8927724154290686,-0.6310315306054568,0.9667183803285984,0.0,3.965283520813926,3.196748888100733,118.86208094113313,116.9967300696036,0.0
8.966,1.853880437920086,-0.6412350183618887,0.9413311514529408,0.0,3.9526555942563606,3.1824824702116707,118.868760406036,116.9967300696036,0.0
8.967,1.8172045809605963,-0.6506535606508569,0.91927111563718,0.0,3.9407978233398677,3.169852594295236,118.86841341326007,116.9967300696036,0.0
8.968,1.7828230358036339,-0.6592823252440004,0.9007277785885808,0.0,3.9297178206057364,3.158895973559277,118.8606734535615,116.9967300696036,0.0
8.969,1.7508257254731043,-0.6671242416062381,0.885958324598286,0.0,3.919426479225337,3.149663696739843,118.8451345818281,116.9967300696036,0.0
8.97,1.721317038691783,-0.6741920397118237,0.8752437153427399,0.0,3.909940082929025,3.1422205834287467,118.82282554531359,116.9967300696036,0.0
8.971,1.6944126703602125,-0.6805161144395604,0.8681372788428969,0.0,3.90128298517023,3.13656297354536,118.80230306830231,116.9967300696036,0.0
8.972,1.670182173539544,-0.6861443304425874,0.8603427873615515,0.0,3.8934816992120322,3.1322153961434402,118.76362170457965,116.9967300696036,0.0
8.973,1.6485308888232442,-0.6907916111725441,0.8620145528731209,0.0,3.8864807028297275,3.129923623357565,118.73958505900218,116.9967300696036,0.0
8.974,1.6295489254451891,-0.6949658930969813,0.856604325767869,0.0,3.8803633270114544,3.1284205886997793,118.69380659979764,116.9967300696036,0.0
8.975,1.6129215479550199,-0.6981136043002354,0.8625227900681991,0.0,3.875011890722342,3.1288004451601683,118.65871426428298,116.9967300696036,0.0
8.976,1.5988935362880006,-0.7004858828370741,0.8634491158787363,0.0,3.8704630572352006,3.1300266910502343,118.61000516107971,116.9967300696036,0.0
8.977,1.5871522610275903,-0.7018469704936947,0.8716709165656078,0.0,3.8666177285426397,3.132721823982006,118.54740134061541,116.9967300696036,0.0
8.978,1.57784443338111,-0.7022604447667209,0.8874661140876416,0.0,3.8634583173059784,3.1373246127604077,118.47620546519906,116.9967300696036,0.0
8.979000000000001,1.571313603376163,-0.7019254430560474,0.9082692978398623,0.0,3.86103414113992,3.143906892798907,118.399294991919,116.9967300696036,0.0
8.98,1.5678254900963846,-0.7010139769200141,0.932698885256734,0.0,3.85941369933646,3.1523861341560107,118.31573092091536,116.9967300696036,0.0
8.981,1.5675019913299777,-0.6996345310090148,0.9612909122454414,0.0,3.858660601460206,3.1627569380231524,118.21922883936077,116.9967300696036,0.0
8.982,1.570401666507591,-0.6978846331438856,0.9973169653251648,0.0,3.858841199452239,3.1753700980276354,118.08454408332175,116.9967300696036,0.0
8.983,1.5767605980704378,-0.6958974384966188,1.0537812032074938,0.0,3.8600639612129677,3.1919203217469967,117.88518952836596,116.9967300696036,0.0
8.984,1.5878806643290044,-0.6937872217947865,1.1445738860977652,0.0,3.8626072172788297,3.2152007340367863,117.75242338404051,116.9967300696036,0.0
8.985,1.6060249410469383,-0.6924370151086425,1.203400025116118,0.0,3.8670967683986284,3.2400857093909132,117.73069362021357,116.9967300696036,0.0
8.986,1.6294316691108424,-0.6916068343233559,1.2069252715234882,0.0,3.8735480441223404,3.2603373607163837,117.73251813712311,116.9967300696036,0.0
8.987,1.6537027511936886,-0.6891870124624322,1.198655132393525,0.0,3.8811214788093777,3.2758282549648348,117.6914153467921,116.9967300696036,0.0
8.988,1.6761972811892465,-0.6835379394968011,1.212259674787145,0.0,3.8888894596449477,3.2898749168330594,117.64864882769974,116.9967300696036,0.0
8.989,1.6971429841972943,-0.6746597672984249,1.2271237467523601,0.0,3.8963652003716174,3.302713631059326,117.67303979406341,116.9967300696036,0.0
8.99,1.7164664363992663,-0.6636029304590987,1.2081651663259279,0.0,3.903249768117905,3.3108658406569376,117.51940316400606,116.9967300696036,0.0
8.991,1.7323251262864428,-0.6503063787985692,1.2797567504105778,0.0,3.9089090477350594,3.325404724757423,117.28835698439424,116.9967300696036,0.0
8.992,1.7508387073762481,-0.6357660598399066,1.3923635710685829,0.0,3.9139898182317,3.348848575820101,117.10432855979367,116.9967300696036,0.0
8.993,1.7765325175304576,-0.6226330328191727,1.483301798466967,0.0,3.91960766700225,3.3766920723273537,116.85268395369042,116.9967300696036,0.0
8.994,1.8095088400373052,-0.6117786753213312,1.6105645626777263,0.0,3.926385431491916,3.412032068475925,116.27897947858632,116.9967300696036,0.0
8.995000000000001,1.851607836318815,-0.604031998691928,1.9045943061399462,0.0,3.935275828293216,3.4712853592314445,116.39009759521748,116.9967300696036,0.0
8.996,1.9126849077288295,-0.6040213603906563,1.855101572568227,0.0,3.9492788110430905,3.5108203745717432,116.48806058570298,116.9967300696036,0.0
8.997,1.974961711715717,-0.6031968561053332,1.8112067721644838,0.0,3.965744407963636,3.5372290082198483,116.46978822445631,116.9967300696036,0.0
8.998,2.031021469441203,-0.5971129329952062,1.825612371239293,0.0,3.982543322057677,3.5591230967875283,116.36680928499703,116.9967300696036,0.0
8.999,2.0808822340234934,-0.5856457463770568,1.8834010488149975,0.0,3.998651202302186,3.5817962799236285,116.23450003775837,116.9967300696036,0.0
9.0,2.127493941198441,-0.5707051147157767,1.9571779727527827,0.0,4.013886815219296,3.6067218274845465,116.07888798309031,116.9967300696036,0.0
9.001,2.1736468172264303,-0.5542270104690975,2.044162420951943,0.0,4.028428236450264,3.6348982023522844,115.87471451515445,116.9967300696036,0.0
9.002,2.2218918826397913,-0.5375737646803699,2.1574693104643643,0.0,4.042666077050615,3.668459566785531,115.63259852442194,116.9967300696036,0.0
9.003,2.275173556140124,-0.5219318675137217,2.2921686212824386,0.0,4.057282193803812,3.708393900699448,115.40341185806948,116.9967300696036,0.0
9.004,2.3354412081041898,-0.5089255190192173,2.422695136574011,0.0,4.073155852910352,3.75271071149014,115.20345402281981,116.9967300696036,0.0
9.005,2.4030365717101176,-0.49845362025994266,2.54060681466668,0.0,4.090851981806732,3.7990154130726848,115.06141643648763,116.9967300696036,0.0
9.006,2.4767821639842547,-0.4896376452089035,2.6309787441639294,0.0,4.110543929703707,3.843784991336288,114.95836627113087,116.9967300696036,0.0
9.007,2.5538845343824295,-0.4809757131988103,2.702887464827038,0.0,4.131878987866746,3.8853092417201402,114.85255375476517,116.9967300696036,0.0
9.008000000000001,2.631583318366687,-0.47109623618351226,2.7772354861582733,0.0,4.154232842100284,3.924497925487429,114.71950422835143,116.9967300696036,0.0
9.009,2.70866781386755,-0.45940362558310444,2.8665325077776664,0.0,4.1770827868913045,3.963380011800912,114.56185710784256,116.9967300696036,0.0
9.01,2.7855453347044037,-0.44615148863624443,2.9697047976497113,0.0,4.20019513687642,4.003429183294833,114.3938282339565,116.9967300696036,0.0
9.011000000000001,2.863341694631838,-0.43199876574770535,3.0797482529492113,0.0,4.2235768908641464,4.04506890543845,114.2259602379879,116.9967300696036,0.0
9.012,2.943053149987641,-0.4175403944937779,3.1913899492496647,0.0,4.247335548058416,4.088072686316668,114.06088381665488,116.9967300696036,0.0
9.013,3.0252193606301514,-0.40311271940686266,3.3032866224456647,0.0,4.2715762570740585,4.13210300329793,113.8969231145765,116.9967300696036,0.0
9.014,3.1100112032799703,-0.38883290527166525,3.4162650430351276,0.0,4.296369424082259,4.176957578430454,113.73249709210702,116.9967300696036,0.0
9.015,3.1974274682636588,-0.3747084304885675,3.531120384044829,0.0,4.321757837818104,4.222542445334012,113.56738605922533,116.9967300696036,0.0
9.016,3.28741102487873,-0.36071011382160534,3.6479693405894604,0.0,4.347767326785185,4.26878847015279,113.40172739575651,116.9967300696036,0.0
9.017,3.379882322242766,-0.34679655775535334,3.7667486990623402,0.0,4.374409961336818,4.315636074109074,113.23533696947624,116.9967300696036,0.0
9.018,3.4747557008438283,-0.3329225461267613,3.8875578432037505,0.0,4.401686087110434,4.3630530347232455,113.06800319829922,116.9967300696036,0.0
9.019,3.5719598680530793,-0.31904878008072024,4.010511997505301,0.0,4.429588922219326,4.411029052778108,112.89972479180771,116.9967300696036,0.0
9.02,3.6714470133556065,-0.30514749554573917,4.135621253529015,0.0,4.458108671984428,4.459558684846783,115.41864159887282,116.9967300696036,0.0
9.021,3.759813662412304,-0.3140110031378587,2.8919437347037666,0.0,4.48974340866037,4.359306249110872,115.20019922722429,116.9967300696036,0.0
9.022,3.750507654492316,-0.31263347637902195,3.019130228951828,0.0,4.507949265075735,4.300577147533455,115.70799451880917,116.9967300696036,0.0
9.023,3.7088495806562656,-0.30275767352161154,2.77811993866733,0.0,4.517389062645094,4.226247872924304,116.58124601621371,116.9967300696036,0.0
9.024000000000001,3.635151877898061,-0.2904502749919837,2.3456490304989597,0.0,4.517196897186918,4.1228239751023725,116.72537068854078,116.9967300696036,0.0
9.025,3.5253910518942844,-0.27157977445088055,2.2763002881460546,0.0,4.504728877418139,4.037756311772511,116.55434983339632,116.9967300696036,0.0
9.026,3.40556469862573,-0.25249430602071765,2.3662345180803586,0.0,4.483090196771347,3.9826181561145653,116.59981300246478,116.9967300696036,0.0
9.027000000000001,3.2971626310628723,-0.24324186720196672,2.347472104217512,0.0,4.457274655037677,3.9385927040327084,116.78015170482665,116.9967300696036,0.0
9.028,3.2032116867188636,-0.24502209824006305,2.259468536684349,0.0,4.429926472071568,3.8961460578978624,116.95816027480278,116.9967300696036,0.0
9.029,3.120202676396464,-0.25496004275315576,2.170849949644293,0.0,4.402143814374645,3.8545327308728403,117.09976946336619,116.9967300696036,0.0
9.03,3.0451081949070034,-0.27041111070735124,2.0990149614249636,0.0,4.37457832777474,3.814717110807517,117.22917637581065,116.9967300696036,0.0
9.031,2.9761637295643055,-0.2896789471411063,2.03198704214066,0.0,4.3477527791564645,3.776304729222459,117.3630099906029,116.9967300696036,0.0
9.032,2.9117588421789096,-0.3114240729718525,1.9614074355345408,0.0,4.321967832718557,3.738352646359215,117.50154281088808,116.9967300696036,0.0
9.033,2.850174557343943,-0.3344214611764429,1.887092897979107,0.0,4.297278434082314,3.700278696531462,117.63876149166781,116.9967300696036,0.0
9.034,2.7899015963472102,-0.35764363066011273,1.8120632433686028,0.0,4.2735750450880765,3.6620472680525475,117.76989270097722,116.9967300696036,0.0
9.035,2.7299242849889787,-0.38037672486368845,1.7387660124001587,0.0,4.250687270812927,3.6239510193011166,117.89283002674054,116.9967300696036,0.0
9.036,2.6697643732195884,-0.4022282209197039,1.6683363499471309,0.0,4.2284549827142754,3.5863791446182143,118.00716147101404,116.9967300696036,0.0
9.037,2.609365276819316,-0.423054006622815,1.6010663137962746,0.0,4.206761057423981,3.5496881227280106,118.11275311150662,116.9967300696036,0.0
9.038,2.5489400968021645,-0.4428515619350142,1.537110263130956,0.0,4.1855368957010075,3.5141771241240045,118.20995304506764,116.9967300696036,0.0
9.039,2.4888470289702056,-0.461685487178227,1.4763780665958084,0.0,4.164757806513563,3.480059813757233,118.30201520745283,116.9967300696036,0.0
9.040000000000001,2.429449010492892,-0.47970111512080393,1.4172941340247212,0.0,4.144438275029435,3.4473172662451113,118.38721734518752,116.9967300696036,0.0
9.041,2.37100419554947,-0.4969763698622105,1.3607881924015333,0.0,4.124596563684639,3.416027155541953,118.4641656169845,116.9967300696036,0.0
9.042,2.3137526733278913,-0.5135632980958249,1.3076397010292347,0.0,4.105261821962289,3.386313829434849,118.5331093116434,116.9967300696036,0.0
9.043000000000001,2.2579403722177283,-0.5295140547380989,1.257804061279387,0.0,4.086477935749777,3.3582547642073606,118.59500536339519,116.9967300696036,0.0
9.044,2.2037844440969594,-0.5448710010909801,1.2108732824655775,0.0,4.068296288168163,3.3318582166915354,118.65059235953885,116.9967300696036,0.0
9.045,2.151441676908355,-0.559650787024574,1.166541161494395,0.0,4.050765357582295,3.307092078759975,118.70013956786092,116.9967300696036,0.0
9.046,2.1010065036600385,-0.5738412207334483,1.124733462350788,0.0,4.033924056110495,3.2839183772523284,118.74360209817792,116.9967300696036,0.0
9.047,2.052530352115487,-0.5874098555351719,1.0855334769065446,0.0,4.017800160126213,3.262312019278254,118.7808297535379,116.9967300696036,0.0
9.048,2.0060453852119706,-0.6003159693458116,1.049078652387209,0.0,4.002412004114104,3.242264461504415,118.81168252943296,116.9967300696036,0.0
9.049,1.9615822163408398,-0.6125199557955301,1.0155027398413876,0.0,3.9877712852971863,3.2237801406786923,118.83605527041941,116.9967300696036,0.0
9.05,1.9191793298394828,-0.6239884602855715,0.9849231173400042,0.0,3.9738857019087943,3.206871866530593,118.85385613293302,116.9967300696036,0.0
9.051,1.8788863138981702,-0.6346961771393131,0.9574514254499049,0.0,3.960761013253444,3.1915579744641,118.86497125040658,116.9967300696036,0.0
9.052,1.8407639552714417,-0.644625880689343,0.9332114549050927,0.0,3.948402594478942,3.1778618521872177,118.86922577544233,116.9967300696036,0.0
9.053,1.804883607146944,-0.6537679521876145,0.9123592353288315,0.0,3.9368167361835154,3.165813770520062,118.86633996241041,116.9967300696036,0.0
9.054,1.7713273846618225,-0.6621202075930819,0.8951060429167255,0.0,3.9260119829305324,3.1554549632126276,118.85590651722437,116.9967300696036,0.0
9.055,1.7401900394280574,-0.6696886911974078,0.8817310010335369,0.0,3.916000834914525,3.146842384378471,118.83777761429778,116.9967300696036,0.0
9.056000000000001,1.7115810478769098,-0.6764913414231106,0.8723849770498906,0.0,3.9068021505054866,3.1400312520250493,118.81395829401798,116.9967300696036,0.0
9.057,1.6856111872627555,-0.6825634142023429,0.866122354945646,0.0,3.8984421228054718,3.1349565310264813,118.78098516688205,116.9967300696036,0.0
9.058,1.6623792169156377,-0.6878226997364523,0.8647663675408277,0.0,3.8909284264565573,3.131762565096322,118.76272456927173,116.9967300696036,0.0
9.059000000000001,1.6418997153186679,-0.6925063703839318,0.8562367213493072,0.0,3.8843093140654013,3.1292323503894646,118.72132227065764,116.9967300696036,0.0
9.06,1.623635530070712,-0.696252271262068,0.8596919486458108,0.0,3.878464303832797,3.128562882740013,118.68524554853416,116.9967300696036,0.0
9.061,1.6079218048559896,-0.6991504770570994,0.8608451549182463,0.0,3.8734181914871777,3.129014029170388,118.6450156024611,116.9967300696036,0.0
9.062,1.5945716026190528,-0.701107670244498,0.8644772726261987,0.0,3.8691081142118233,3.13061483560223,118.58941162442225,116.9967300696036,0.0
9.063,1.583526691035704,-0.7020499497546738,0.8763524460974352,0.0,3.8654732041214324,3.133975939819909,118.52264358345235,116.9967300696036,0.0
9.064,1.575091388869103,-0.7021427297289621,0.8944773314438998,0.0,3.8625386784639186,3.1393298623826715,118.44922302298818,116.9967300696036,0.0
9.065,1.5695971893206178,-0.7015853643280487,0.91666268214214,0.0,3.86037075963459,3.1466340887754156,118.37044705592687,116.9967300696036,0.0
9.066,1.5672353802579155,-0.7005141165808308,0.9423134958095594,0.0,3.8590377917292837,3.1557956936437987,118.28349047436019,116.9967300696036,0.0
9.067,1.568069834751331,-0.6990113648177468,0.9729241825453343,0.0,3.858599690884879,3.166903100554171,118.17861389706458,116.9967300696036,0.0
9.068,1.5721685195195083,-0.6971859817583088,1.013543632918531,0.0,3.859130376197044,3.1805754785831946,118.01911323508058,116.9967300696036,0.0
9.069,1.5799732384281033,-0.6951524572016964,1.08307013225576,0.0,3.8607697969102635,3.199357875531632,117.8239456233905,116.9967300696036,0.0
9.07,1.5934125639529966,-0.693170149774386,1.172381782562932,0.0,3.8639257966755656,3.2241547127783114,117.73464590142592,116.9967300696036,0.0
9.071,1.6138379089952373,-0.6921722226276353,1.2096524852269983,0.0,3.8691559312771355,3.247881732367431,117.73400388083729,116.9967300696036,0.0
9.072000000000001,1.638056247512018,-0.6910587037625765,1.2026007574089757,0.0,3.876123246573772,3.2661509025847497,117.72337066576166,116.9967300696036,0.0
9.073,1.6618321776204563,-0.6876131658790455,1.2006509589852092,0.0,3.8838528733839395,3.2807727578348045,117.67105343934116,116.9967300696036,0.0
9.074,1.6836714041689866,-0.6807510261049614,1.2200663384980832,0.0,3.8915513430417805,3.2946960243522705,117.65146334045062,116.9967300696036,0.0
9.075000000000001,1.7042149756991452,-0.6709656928755765,1.223314055234886,0.0,3.8988645271280937,3.306118505626863,117.65309850170749,116.9967300696036,0.0
9.076,1.722380565182296,-0.6593465146663409,1.2159327902854113,0.0,3.9054083846625125,3.3144928617429716,117.43083599896998,116.9967300696036,0.0
9.077,1.7381188717982636,-0.6451784863784177,1.3227229823605013,0.0,3.9106930007255203,3.3329553439457404,117.23957969128766,116.9967300696036,0.0
9.078,1.7590419051109831,-0.630852373782771,1.4159226399848224,0.0,3.915861211299864,3.3571399493542184,117.0743636512,116.9967300696036,0.0
9.079,1.7866967498779043,-0.6183239330354227,1.4977543242126867,0.0,3.9216961940013686,3.384659601376871,116.85462613795666,116.9967300696036,0.0
9.08,1.8207269865953692,-0.6080275682625342,1.6090441201508285,0.0,3.9286923279174424,3.4179675695870735,116.45698632270157,116.9967300696036,0.0
9.081,1.8619845364449739,-0.600949565789137,1.8132614652473937,0.0,3.937644028638586,3.4657973362528214,116.13133122346129,116.9967300696036,0.0
9.082,1.9174762124920464,-0.5966728497013781,1.9847430033289566,0.0,3.95008387720927,3.5208685831954334,116.23803530721412,116.9967300696036,0.0
9.083,1.984958406448903,-0.597094167563967,1.9389779090764359,0.0,3.966875977742908,3.5580595899774767,116.3517134108561,116.9967300696036,0.0
9.084,2.05014807210454,-0.5950934051413055,1.888589023842917,0.0,3.985483671856268,3.5816295384189654,116.32757278229947,116.9967300696036,0.0
9.085,2.106669180974887,-0.5867143796976597,1.907350910994277,0.0,4.003685906227867,3.601705532547445,116.2027843074486,116.9967300696036,0.0
9.086,2.1560984970297343,-0.572589972661244,1.9776846060412638,0.0,4.020605622055585,3.624271224606562,116.04392275670637,116.9967300696036,0.0
9.087,2.202731931257282,-0.5553944345092684,2.0666434545413512,0.0,4.036339670380091,3.650719070822597,115.85704594515725,116.9967300696036,0.0
9.088000000000001,2.2502057808068554,-0.5374394640994407,2.171478701560371,0.0,4.051342007130187,3.6819820368283924,115.63029624010234,116.9967300696036,0.0
9.089,2.30156189040605,-0.5202277532846633,2.298517892382841,0.0,4.066256668320326,3.7193704648684838,115.38552847858982,116.9967300696036,0.0
9.09,2.3593444048132537,-0.5051334899289701,2.4370137890492383,0.0,4.081930454334481,3.762633157459858,115.16787681243311,116.9967300696036,0.0
9.091,2.4248720392887524,-0.4929608379838242,2.5641281546992993,0.0,4.099175081925951,3.809104366000122,115.00473297452403,116.9967300696036,0.0
9.092,2.497579019644131,-0.48308252441519256,2.6656200446046325,0.0,4.118377479639202,3.8552033891842528,114.89163228047978,116.9967300696036,0.0
9.093,2.574992063283648,-0.47412029556815927,2.7432213695179954,0.0,4.139382477862051,3.898345611665922,114.78671938612922,116.9967300696036,0.0
9.094,2.6540374367340376,-0.46452351580528184,2.8177779235280203,0.0,4.161635175025338,3.938778458770528,114.65834205555207,116.9967300696036,0.0
9.095,2.732915613708829,-0.4533749002996082,2.9053504689571117,0.0,4.184575507274761,3.9783945596053822,114.50419508907154,116.9967300696036,0.0
9.096,2.8115733415949054,-0.4406623540468594,3.0073493020026945,0.0,4.20789652244998,4.018823661464693,114.33771073674072,116.9967300696036,0.0
9.097,2.8909231382906215,-0.42691805054562326,3.117181671496737,0.0,4.231543598371003,4.060661626611817,114.17021296545566,116.9967300696036,0.0
9.098,2.9719205916773994,-0.4127145537867428,3.229195728180744,0.0,4.25558482160617,4.103787503471041,114.00487896213215,116.9967300696036,0.0
9.099,3.0551435580236874,-0.39841256066592434,3.3417812409172125,0.0,4.2801033259280405,4.147924629037808,113.8403084210985,116.9967300696036,0.0
9.1,3.1408281358685635,-0.3841676598574419,3.455630727919091,0.0,4.305159773216675,4.1929044070234545,113.67518328370961,116.9967300696036,0.0
9.101,3.229039144585023,-0.37002503840476786,3.571408764472473,0.0,4.330795314223304,4.238642575909891,113.5094673794574,116.9967300696036,0.0
9.102,3.3197707310946414,-0.35598463477041753,3.68913934350004,0.0,4.357038099832661,4.285064700906952,113.34331316302259,116.9967300696036,0.0
9.103,3.412975371659226,-0.34202302557132197,3.8087506207832598,0.0,4.383903446405231,4.3321036320791135,113.17648687612284,116.9967300696036,0.0
9.104000000000001,3.508584806123113,-0.328104099382228,3.9303661961679417,0.0,4.411394685648951,4.379721813925415,113.00876919356698,116.9967300696036,0.0
9.105,3.606536207991758,-0.314192306073652,4.054104646206238,0.0,4.439507511150877,4.427903815400913,112.8401946111635,116.9967300696036,0.0
9.106,3.706784412933135,-0.30025989691449784,4.179957291992379,0.0,4.46823380717574,4.476637517290282,115.05213126997353,116.9967300696036,0.0
9.107,3.788550973504948,-0.3213668214072305,3.0934349505836636,0.0,4.501421929572842,4.394602654966893,116.70300887359745,116.9967300696036,0.0
9.108,3.7865110422967296,-0.32888358615698554,2.2709333607317626,0.0,4.523703528375445,4.245522197684555,116.2882937778132,116.9967300696036,0.0
9.109,3.696130444773078,-0.3062072053987188,2.4853752715417965,0.0,4.526279352038644,4.155313038513853,116.12799056367301,116.9967300696036,0.0
9.11,3.58459706979623,-0.27777117988161604,2.574214273671195,0.0,4.516675478419156,4.09337511402489,116.4766171273258,116.9967300696036,0.0
9.111,3.4755101759804794,-0.25772317311824755,2.4051021212675803,0.0,4.49991727922392,4.028064092407149,116.80722191865503,116.9967300696036,0.0
9.112,3.3663959647726425,-0.24668541307643535,2.241694807112448,0.0,4.4772901242494685,3.962236364293334,116.78626002702376,116.9967300696036,0.0
9.113,3.2595056474640014,-0.24071696475239407,2.254280453353883,0.0,4.449796760245854,3.914413980513436,116.82313885872887,116.9967300696036,0.0
9.114,3.16512453071985,-0.24362342855605446,2.2375769496100752,0.0,4.420649889766253,3.8759742765057044,116.95383236852375,116.9967300696036,0.0
9.115,3.0845398346377966,-0.255443263204646,2.172659171723433,0.0,4.39184485310715,3.839410440722276,117.11621533765047,116.9967300696036,0.0
9.116,3.0140661927303567,-0.2736355648190881,2.0902728344796024,0.0,4.364146891366715,3.8021554191823252,117.27158358358989,116.9967300696036,0.0
9.117,2.9496249094558804,-0.2954378661598664,2.0098401763700324,0.0,4.337709553777673,3.764216179343828,117.41612015849691,116.9967300696036,0.0
9.118,2.8883740550824832,-0.31887494361182755,1.9333779880275883,0.0,4.312482081469989,3.7259137967420326,117.55477436617116,116.9967300696036,0.0
9.119,2.828530739308688,-0.3426953479204986,1.8584704412247879,0.0,4.288332991832331,3.687413953096148,117.68869368047083,116.9967300696036,0.0
9.120000000000001,2.7689919104224447,-0.3661125304008068,1.7845911479662782,0.0,4.265086512823597,3.648922376080427,117.81623626581332,116.9967300696036,0.0
9.121,2.7091694943274662,-0.3886666526110227,1.7126247933329397,0.0,4.242562305632484,3.6107628802699088,117.93582120049383,116.9967300696036,0.0
9.122,2.648901581516115,-0.4101516588376697,1.6434414146837786,0.0,4.220612379042261,3.5733076514645545,118.04692211023995,116.9967300696036,0.0
9.123,2.5883392008156587,-0.43054379629919315,1.5773890394043586,0.0,4.199140207289024,3.536888208135405,118.14871636341697,116.9967300696036,0.0
9.124,2.527830657133865,-0.44989370590809274,1.5149720498777155,0.0,4.17809787706056,3.501808462866703,118.24400218888718,116.9967300696036,0.0
9.125,2.467800681264389,-0.46834266893211307,1.4548564159497732,0.0,4.1574876921646275,3.4681421211740435,118.33356112666712,116.9967300696036,0.0
9.126,2.4085887917546387,-0.4860202735133712,1.3967086364891674,0.0,4.137331938462716,3.435899303847047,118.41562329004792,116.9967300696036,0.0
9.127,2.350452610956052,-0.502996320235029,1.3414886225943254,0.0,4.1176580674918695,3.4051753301414776,118.48952177645492,116.9967300696036,0.0
9.128,2.293637248855102,-0.5193231606577845,1.2896114623223105,0.0,4.098505378226836,3.3760704072415275,118.55586684175881,116.9967300696036,0.0
9.129,2.2383745476248196,-0.5350473428694977,1.2408475619488124,0.0,4.0799238572373735,3.3486261937810258,118.61553163573643,116.9967300696036,0.0
9.13,2.1848502697605294,-0.550197148805984,1.1948271492986753,0.0,4.0619653038317,3.322828686732616,118.6690289877654,116.9967300696036,0.0
9.131,2.1331874657682266,-0.5647730385134494,1.1513554841025722,0.0,4.044674704870213,3.298641061663921,118.71646752558894,116.9967300696036,0.0
9.132,2.0834559350274557,-0.578750670633597,1.1104388406309498,0.0,4.0280861839341435,3.2760308654175914,118.75774501882955,116.9967300696036,0.0
9.133000000000001,2.0356945796284482,-0.5920915748809612,1.0721899445183833,0.0,4.012223218613059,3.254981058351105,118.79271603408574,116.9967300696036,0.0
9.134,1.9899325434595503,-0.6047540568789388,1.036744577245467,0.0,3.9971010330947365,3.2354896444448515,118.82126228937044,116.9967300696036,0.0
9.135,1.9462027932720523,-0.6167004739152182,1.0042261274054511,0.0,3.9827294057916323,3.217565229726656,118.84329290522223,116.9967300696036,0.0
9.136000000000001,1.9045482395750972,-0.6279005931683287,0.97474519112337,0.0,3.9691150486944995,3.201223078662128,118.85871547324741,116.9967300696036,0.0
9.137,1.8650231320625081,-0.6383323664356507,0.9484140530743383,0.0,3.9562634060675017,3.1864833074611854,118.86740016325658,116.9967300696036,0.0
9.138,1.8276925256018322,-0.647981581706743,0.925365007133228,0.0,3.9441800465302532,3.173371381080152,118.86913999475601,116.9967300696036,0.0
9.139,1.7926317899527224,-0.6568414137094216,0.9057709921319861,0.0,3.932871919676212,3.161920835049566,118.86360797109904,116.9967300696036,0.0
9.14,1.75992738800652,-0.6649125310690596,0.8898682249455159,0.0,3.92234877549405,3.1521780435537283,118.8503760686656,116.9967300696036,0.0
9.141,1.7296793571680884,-0.6722044991122499,0.8779477161716192,0.0,3.9126250718916755,3.1442052278687593,118.82978994795934,116.9967300696036,0.0
9.142,1.7020015089065321,-0.6787416234569361,0.8699101777411893,0.0,3.9037226210785243,3.138034482252828,118.80613710686461,116.9967300696036,0.0
9.143,1.6769894409550228,-0.6845650962025317,0.8636425279159443,0.0,3.895668551543663,3.1334560490127523,118.76690760207705,116.9967300696036,0.0
9.144,1.6547078746444641,-0.6894609634848079,0.8655555049849879,0.0,3.8884423563118764,3.1310040077336927,118.75801354415303,116.9967300696036,0.0
9.145,1.635168779714431,-0.6940324253587982,0.8523896992015056,0.0,3.8821474786086774,3.1285336674316833,118.70647757154688,116.9967300696036,0.0
9.146,1.6176423120917005,-0.697340970519155,0.8610602104851461,0.0,3.876553279994497,3.128498808177791,118.6704034474962,116.9967300696036,0.0
9.147,1.6027742962545175,-0.6999034570538603,0.8623605387315629,0.0,3.8717638033835584,3.129424563048001,118.62564493848366,116.9967300696036,0.0
9.148,1.590282373862633,-0.7015178349468196,0.8684506445490316,0.0,3.8676978066236147,3.1316611344322904,118.56631575853105,116.9967300696036,0.0
9.149000000000001,1.5801953331662189,-0.7021702420859975,0.8824193776360634,0.0,3.8643176876844736,3.135727763836242,118.49724501273828,116.9967300696036,0.0
9.15,1.5728227129213919,-0.7020355093515454,0.9019496011011026,0.0,3.861660898907461,3.141768473476135,118.42205624536916,116.9967300696036,0.0
9.151,1.568448890684262,-0.7012915415707688,0.9252907230280032,0.0,3.8597933708435983,3.1497190486952826,118.34091887388935,116.9967300696036,0.0
9.152000000000001,1.5672201490653033,-0.7000551105211544,0.952417520725052,0.0,3.8587790853703856,3.1595297734692496,118.24939449731336,116.9967300696036,0.0
9.153,1.5691907821251363,-0.6984127160275191,0.9856530647359492,0.0,3.8586790018380865,3.1714135820299547,118.13075239814576,116.9967300696036,0.0
9.154,1.5744983523660308,-0.6964931033203801,1.0336338910343283,0.0,3.8595825740622405,3.1864804104381728,117.94484978983557,116.9967300696036,0.0
9.155,1.5839857315769708,-0.6943940961427709,1.117103997987102,0.0,3.8616907772423343,3.2078422807190106,117.77798071408307,116.9967300696036,0.0
9.156,1.6000161581903736,-0.6927175784906512,1.1927260294185578,0.0,3.8655609202625465,3.2330940335423426,117.72936208077525,116.9967300696036,0.0
9.157,1.6223004440664894,-0.6919070989867571,1.2097090259607537,0.0,3.8714968366941624,3.2550285675104504,117.735261698169,116.9967300696036,0.0
9.158,1.6467397993902484,-0.6901857333442746,1.1993739009782238,0.0,3.8788513694537947,3.271591059784556,117.70768861249636,116.9967300696036,0.0
9.159,1.6698257086227972,-0.6855532476804128,1.2060508583856178,0.0,3.8866343383982738,3.28577551620951,117.65488062250387,116.9967300696036,0.0
9.16,1.6911245752232724,-0.6775322841628976,1.2258733478528587,0.0,3.8942214749605117,3.299321511920013,117.66466787132258,116.9967300696036,0.0
9.161,1.7111312122941311,-0.6669771152856416,1.2143003454263137,0.0,3.901323638496253,3.3088126251423073,117.59036790355694,116.9967300696036,0.0
9.162,1.727920082048525,-0.6545455394875724,1.2455139509696003,0.0,3.9074027753516356,3.3199673607276985,117.34732425099399,116.9967300696036,0.0
9.163,1.7448229676209719,-0.6400044506659155,1.3635298354371694,0.0,3.912514268067616,3.3415927189606625,117.19293284065773,116.9967300696036,0.0
9.164,1.7684923675564805,-0.6261316420009994,1.4387635128947578,0.0,3.9178965492703717,3.366227631180406,116.97548850230744,116.9967300696036,0.0
9.165000000000001,1.7980803780771377,-0.6143858863613291,1.5476980977428647,0.0,3.924050788541111,3.3971497606992496,116.71334872725177,116.9967300696036,0.0
9.166,1.835679961231967,-0.6048072387979686,1.6816017986942193,0.0,3.9317456231610888,3.4353950884076276,116.05010315850853,116.9967300696036,0.0
9.167,1.8825518478257766,-0.5983784683286263,2.0226908521767877,0.0,3.941884128813912,3.5019862139869615,116.3118033215623,116.9967300696036,0.0
9.168000000000001,1.950837833752599,-0.6007337333819376,1.8986900381303207,0.0,3.9579912633199434,3.538838357907696,116.45665461339986,116.9967300696036,0.0
9.169,2.016275533823108,-0.6003374480821478,1.8316651467735738,0.0,3.9761057547339362,3.560967983829696,116.42626567641072,116.9967300696036,0.0
9.17,2.072111904987325,-0.5928181652062049,1.852564259200073,0.0,3.993798601335374,3.580177623754017,116.3004504360848,116.9967300696036,0.0
9.171,2.1205031455257055,-0.5792089307997487,1.9224346756982211,0.0,4.0102213043131485,3.6019476662890018,116.1533431507895,116.9967300696036,0.0
9.172,2.165820475693602,-0.5624025070102607,2.004422187534015,0.0,4.025466126973865,3.6270019030921365,115.97069758932102,116.9967300696036,0.0
9.173,2.2114270349722602,-0.5446372125619038,2.106005293071079,0.0,4.039905772897399,3.6568659167527753,115.73511235185649,116.9967300696036,0.0
9.174,2.2606640924148715,-0.5272996843162865,2.236414088980817,0.0,4.054158380432108,3.6935566194085023,115.48059021273248,116.9967300696036,0.0
9.175,2.3165681173941577,-0.5120385382221372,2.3788365571115313,0.0,4.069149446691021,3.7367088239141166,115.26135927446718,116.9967300696036,0.0
9.176,2.3805398443402828,-0.5000874857197773,2.5058057341955444,0.0,4.085794622460284,3.7831094496787108,115.08647987624876,116.9967300696036,0.0
9.177,2.451976171072603,-0.49057538272500234,2.612347935238304,0.0,4.104488522424679,3.8297662021165433,114.97139333417165,116.9967300696036,0.0
9.178,2.5286377863053913,-0.4821939376796831,2.6901445736311773,0.0,4.125151869711382,3.873400463111537,114.87524487074806,116.9967300696036,0.0
9.179,2.6072069490054197,-0.4732591257353277,2.7594336573315275,0.0,4.147213293505483,3.913705473814134,114.75817241398813,116.9967300696036,0.0
9.18,2.6854140109135534,-0.46263423321637065,2.840355462267646,0.0,4.170019685932798,3.9525775483489585,114.61071889633101,116.9967300696036,0.0
9.181000000000001,2.7629183724319057,-0.45016409805379065,2.937942332828935,0.0,4.1931671806281665,3.9920249832374743,114.4452988099827,116.9967300696036,0.0
9.182,2.840667717580225,-0.43640020251808753,3.046166688599297,0.0,4.216555342185549,4.032993850184671,114.27626256028735,116.9967300696036,0.0
9.183,2.919839636326383,-0.4220378960424296,3.157889488540136,0.0,4.240259359524947,4.075480493418082,114.10979801683706,116.9967300696036,0.0
9.184000000000001,3.001223281405741,-0.4075581503840662,3.2699910807929458,0.0,4.264392490496086,4.1191423394392235,113.94535890367713,116.9967300696036,0.0
9.185,3.0851554645459647,-0.3931782942839559,3.382724349032175,0.0,4.289041506257791,4.16371225384452,113.78092894463366,116.9967300696036,0.0
9.186,3.1717110507150164,-0.37895321819010763,3.497097339803611,0.0,4.314261652074537,4.20906198204073,113.61583188474569,116.9967300696036,0.0
9.187,3.260864993238439,-0.36487241198292875,3.613454851596175,0.0,4.340088118207378,4.2551129705725765,113.45023313871974,116.9967300696036,0.0
9.188,3.35255264859995,-0.35090213865662845,3.7317191939179883,0.0,4.366541114576299,4.301792906737464,113.28405336867709,116.9967300696036,0.0
9.189,3.446689247259823,-0.3369977805494202,3.8519358459485766,0.0,4.393627028266285,4.349053187923931,113.11700777680662,116.9967300696036,0.0
9.19,3.5431935469738907,-0.3231148894284883,3.9742558648117843,0.0,4.421342304263687,4.396874960933445,112.94901323158281,116.9967300696036,0.0
9.191,3.6420055169428216,-0.30921893626355357,4.098730305803896,0.0,4.449678504025369,4.4452507988628085,114.60644611278535,116.9967300696036,0.0
9.192,3.7400747641049943,-0.30042723209359523,3.2939167047708087,0.0,4.479190539676773,4.392048934963694,115.69587515320985,116.9967300696036,0.0
9.193,3.756512379031006,-0.3118823929332226,2.7622107337224935,0.0,4.501779170107183,4.295851495044407,115.51327284963143,116.9967300696036,0.0
9.194,3.7102827415271937,-0.30157844756294727,2.8683464577114255,0.0,4.511241207903498,4.233774287784035,115.9381848847833,116.9967300696036,0.0
9.195,3.642930809431979,-0.2875244395549168,2.666475891983697,0.0,4.512106419766964,4.162530301714829,116.58545179682089,116.9967300696036,0.0
9.196,3.5552774040275543,-0.27504079787933144,2.346955218692727,0.0,4.504528051332929,4.074337022307693,116.73130613822295,116.9967300696036,0.0
9.197000000000001,3.446427813705225,-0.2608340937447686,2.2766822873055053,0.0,4.487450290763534,4.000767339159596,116.64189121009747,116.9967300696036,0.0
9.198,3.334411215315421,-0.24911487663268517,2.3249381399633053,0.0,4.463576291095289,3.9500910512952547,116.70078520470406,116.9967300696036,0.0
9.199,3.2341557810368973,-0.24659875206583903,2.2984505913090048,0.0,4.4368624810762,3.90860673515871,116.86870383303577,116.9967300696036,0.0
9.200000000000001,3.147304985165923,-0.25362118503761133,2.2157715395088307,0.0,4.40946924931793,3.8683206826254573,117.04462482785748,116.9967300696036,0.0
9.201,3.0702198728383685,-0.26748134826937153,2.1273320945154373,0.0,4.382241129107938,3.8280332181357526,117.1943281800655,116.9967300696036,0.0
9.202,2.9995907995993707,-0.2856238462668571,2.0505044373068078,0.0,4.355564147617379,3.788483387164018,117.33010033703493,116.9967300696036,0.0
9.203,2.9334279591350167,-0.3063837121116132,1.9792846561477755,0.0,4.329702041441652,3.749726563503684,117.46474001670077,116.9967300696036,0.0
9.204,2.8702919504476943,-0.3286063725317738,1.907284716843885,0.0,4.3047873575052344,3.7113347486309354,117.59974357852919,116.9967300696036,0.0
9.205,2.8089145939391003,-0.3513632428371518,1.833752800840423,0.0,4.280805989604573,3.6730422846135475,117.73140851487292,116.9967300696036,0.0
9.206,2.748290816398098,-0.37393329685866006,1.7605735482158598,0.0,4.257648649331552,3.634921373543591,117.85643715326914,116.9967300696036,0.0
9.207,2.6878128521412754,-0.39584500178392135,1.6894621581810965,0.0,4.235179538980401,3.59725269746859,117.97335864236867,116.9967300696036,0.0
9.208,2.6272692137533893,-0.4168630510840755,1.6212351279036832,0.0,4.213283340430629,3.560365139115905,118.08198520509647,116.9967300696036,0.0
9.209,2.566743052915316,-0.43692629402479055,1.5560692951848512,0.0,4.1918847821310425,3.5245431867555235,118.18093449816361,116.9967300696036,0.0
9.21,2.506512590246644,-0.4560270058703432,1.494752604365683,0.0,4.170944330298979,3.490090485423474,118.27504500254226,116.9967300696036,0.0
9.211,2.4469305862607595,-0.4743017972522412,1.4349142028469726,0.0,4.150471873450472,3.4569716675943165,118.36286849879697,116.9967300696036,0.0
9.212,2.388237307427131,-0.49182448225400477,1.3773410704276818,0.0,4.130479527940276,3.4252432659441325,118.4424500722401,116.9967300696036,0.0
9.213000000000001,2.3306516252664045,-0.5086379397603807,1.323093083679749,0.0,4.110987830291763,3.3950444149392087,118.51367868006638,116.9967300696036,0.0
9.214,2.2744165894357975,-0.5247913121727905,1.2723092936619858,0.0,4.092034153697911,3.366482539355211,118.57752880466896,116.9967300696036,0.0
9.215,2.219765971896455,-0.5403334616973675,1.2245762440100414,0.0,4.073667759928623,3.339587903679714,118.63491181701578,116.9967300696036,0.0
9.216000000000001,2.1668805198049577,-0.5552921048801174,1.1795029203625105,0.0,4.055938571223571,3.3143362506448,118.6862379760637,116.9967300696036,0.0
9.217,2.115874876650345,-0.5696648578637711,1.136944761773951,0.0,4.038888552481906,3.2906879460606975,118.73152262918508,116.9967300696036,0.0
9.218,2.0668125458783253,-0.583425092654319,1.0969545096174436,0.0,4.022548603453124,3.2686129238628845,118.77062163479924,116.9967300696036,0.0
9.219,2.019730406914751,-0.5965340422221544,1.0596660911584064,0.0,4.006939529211993,3.2480979974513193,118.80338300350053,116.9967300696036,0.0
9.22,1.9746591047975315,-0.6089515200473882,1.0252188774687936,0.0,3.9920747028189174,3.22914436877879,118.82969245967564,116.9967300696036,0.0
9.221,1.9316349172696807,-0.6206423627205381,0.9937345254805166,0.0,3.97796281411369,3.2117627613592816,118.84945878940763,116.9967300696036,0.0
9.222,1.8907044987551078,-0.6315790594564155,0.9653240734164794,0.0,3.96461008175125,3.1959699237653645,118.86257932870078,116.9967300696036,0.0
9.223,1.8519256234340815,-0.6417421571301071,0.9401053111789373,0.0,3.9520219126424077,3.1817875094692734,118.86890184236051,116.9967300696036,0.0
9.224,1.8153666179732062,-0.6511198575336361,0.9182223366214983,0.0,3.940204235082493,3.1692432819604504,118.86818222672372,116.9967300696036,0.0
9.225,1.7811062532655217,-0.6597077222588859,0.8998676228686957,0.0,3.929164790643429,3.158374570742521,118.86004735876914,116.9967300696036,0.0
9.226,1.7492351435835967,-0.6675091253146441,0.885301883954331,0.0,3.918914695215361,3.1492333204773613,118.84411411964167,116.9967300696036,0.0
9.227,1.7198584548635907,-0.6745374819490758,0.8747946630176817,0.0,3.9094705895028135,3.1418837734444036,118.82152860619105,116.9967300696036,0.0
9.228,1.693091677237824,-0.6808240092357756,0.8678394343771183,0.0,3.900857174093417,3.136315346254026,118.80207319505887,116.9967300696036,0.0
9.229000000000001,1.6689984791115535,-0.6864185060240033,0.859513708688658,0.0,3.8931007868797614,3.131978726720054,118.7576297729215,116.9967300696036,0.0
9.23,1.6474686118694428,-0.6909675521729254,0.8641264227241601,0.0,3.8861308265425705,3.1300181396342732,118.73344744116548,116.9967300696036,0.0
9.231,1.628728444865371,-0.6951702274603714,0.8588504148865528,0.0,3.880078607350654,3.128776246918885,118.69579765416724,116.9967300696036,0.0
9.232,1.6123902892830366,-0.6983889767792123,0.8606846325400386,0.0,3.874819456478586,3.1289176410201205,118.65972199556703,116.9967300696036,0.0
9.233,1.5984260925534506,-0.7006874985809922,0.8620925425805099,0.0,3.870321010008857,3.1300281886363734,118.60824019282263,116.9967300696036,0.0
9.234,1.5866690259829346,-0.7019223480179482,0.8717183427205151,0.0,3.8664963111677726,3.1327762311144847,118.54389272524352,116.9967300696036,0.0
9.235,1.5773876982488917,-0.7022312821829336,0.8884204499536714,0.0,3.863350520722386,3.137511348639965,118.47194811946021,116.9967300696036,0.0
9.236,1.570956624829454,-0.7018331644592379,0.9096405723467629,0.0,3.860945938782831,3.1442401725580615,118.39475299022762,116.9967300696036,0.0
9.237,1.5676245983549661,-0.7008920029759572,0.9342579077568187,0.0,3.859355150843117,3.1528535737395695,118.3108496063044,116.9967300696036,0.0
9.238,1.5674864766703513,-0.6995022124838771,0.9630684043514179,0.0,3.8586413164762297,3.1633514104008222,118.2133891399556,116.9967300696036,0.0
9.239,1.5705848186778417,-0.6977534670029802,0.9996320468223014,0.0,3.8588701851141773,3.1761197768274436,118.07539574277159,116.9967300696036,0.0
9.24,1.5771699579478815,-0.6957726292154355,1.0578420886826239,0.0,3.8601525988291727,3.192978279755494,117.87515213383153,116.9967300696036,0.0
9.241,1.5886322283460537,-0.6936819123227036,1.1491796725103725,0.0,3.862782450985148,3.21654920921359,117.74904149396033,116.9967300696036,0.0
9.242,1.6071525976658527,-0.6923986471457826,1.2047118782024053,0.0,3.8673861588708007,3.241298579808123,117.73133859191552,116.9967300696036,0.0
9.243,1.6307218832023394,-0.6915485534649257,1.206217244001695,0.0,3.8739237553742174,3.261236234596954,117.73170134299349,116.9967300696036,0.0
9.244,1.654933424828762,-0.6889867977901043,1.1986861557288098,0.0,3.881528065518753,3.2765628334656918,117.68844831004374,116.9967300696036,0.0
9.245000000000001,1.6773194473187445,-0.6831527072746417,1.2133954897992831,0.0,3.889288472135757,3.290590194034858,117.6484948714486,116.9967300696036,0.0
9.246,1.698200538265464,-0.674128190525209,1.2268545610784,0.0,3.8967412182106926,3.3032512039295647,117.6729154125418,116.9967300696036,0.0
9.247,1.7173638301364598,-0.6629911139658683,1.2078824371024217,0.0,3.9035799574135734,3.3112707118958036,117.50601242885865,116.9967300696036,0.0
9.248,1.7331138827025976,-0.6495359698697787,1.2862411053514435,0.0,3.9091680784078133,3.326440444869294,117.27933980739671,116.9967300696036,0.0
9.249,1.7519578828598559,-0.6350154469854363,1.3967513187044842,0.0,3.9142516545236625,3.350109213939567,117.09377167734463,116.9967300696036,0.0
9.25,1.7779862987055666,-0.6220004577684246,1.4885649676531116,0.0,3.9199073063499252,3.378239177223759,116.83369807146526,116.9967300696036,0.0
9.251,1.8113635035898992,-0.6112753734612836,1.6202320905741798,0.0,3.926760779940365,3.414275748015172,116.25779369708494,116.9967300696036,0.0
9.252,1.8541720566696887,-0.6036769391329091,1.915573641489531,0.0,3.935803986317852,3.4741897396680312,116.39635062953461,116.9967300696036,0.0
9.253,1.9159946967615689,-0.6040228321610247,1.852298969665384,0.0,3.9500483037992535,3.512730618504233,116.49400814661502,116.9967300696036,0.0
9.254,1.9782129306943297,-0.603104185946703,1.8084974303550663,0.0,3.96661776740228,3.5384306392673786,116.46889075186544,116.9967300696036,0.0
9.255,2.0338648589417585,-0.5967007185301518,1.8263345209072335,0.0,3.9834050917676382,3.5601181699004636,116.36199200605418,116.9967300696036,0.0
9.256,2.0833683895964707,-0.5849365241501531,1.8861312744483598,0.0,3.999452410052136,3.5828260828012337,116.22884937648996,116.9967300696036,0.0
9.257,2.1297844727074957,-0.5698191671765516,1.960381396161606,0.0,4.014620520474964,3.6078267482577564,116.07038183002817,116.9967300696036,0.0
9.258000000000001,2.1758744964791696,-0.5532660179985999,2.0488786517882565,0.0,4.029102213561324,3.6362306133289364,115.8613626661347,116.9967300696036,0.0
9.259,2.2242517409951006,-0.53660880641006,2.164741907769682,0.0,4.043309362063206,3.670241650144288,115.61659022798192,116.9967300696036,0.0
9.26,2.2779049767199204,-0.5210745560161273,2.3009295252622888,0.0,4.057954703968988,3.7106762200080956,115.39035451722617,116.9967300696036,0.0
9.261000000000001,2.3386887652292296,-0.5083037612252026,2.4301111361639354,0.0,4.073929523747511,3.7552302837215787,115.19340637909103,116.9967300696036,0.0
9.262,2.4067733338229464,-0.49801368641977284,2.546618442136632,0.0,4.091758067638839,3.801568945929329,115.05555330857163,116.9967300696036,0.0
9.263,2.480864273580425,-0.4892932985049293,2.6349567450066504,0.0,4.111581281439234,3.846139578874028,114.95408650027946,116.9967300696036,0.0
9.264,2.5580853762500526,-0.48061082791575593,2.7061165848459785,0.0,4.133011369268396,3.887426257361838,114.84713417014895,116.9967300696036,0.0
9.265,2.635737747558142,-0.4706265351048089,2.7810887089057807,0.0,4.155415668660112,3.9264930622147745,114.71217920151992,116.9967300696036,0.0
9.266,2.712738099415079,-0.45881006255640444,2.8714117019011334,0.0,4.178286249545733,3.9653859095192976,114.55333162139162,116.9967300696036,0.0
9.267,2.7895844104140917,-0.4454649628811853,2.9752694764474006,0.0,4.201409260834457,4.005514564760745,114.38500999477617,116.9967300696036,0.0
9.268,2.867424913339162,-0.43126370766983635,3.085547490503401,0.0,4.224804149441955,4.047240667195848,114.21728031450998,116.9967300696036,0.0
9.269,2.9472354042544398,-0.4167899978282592,3.197206828187433,0.0,4.248582063901755,4.090312646281446,114.05234168784202,116.9967300696036,0.0
9.27,3.0295274637968275,-0.40236386175985617,3.3091200253390296,0.0,4.272847246955025,4.13439505557379,113.88840085542323,116.9967300696036,0.0
9.271,3.1144541330246676,-0.3880914943849265,3.422173733690227,0.0,4.297668453581644,4.179293505169702,113.72394839692976,116.9967300696036,0.0
9.272,3.2020064564770503,-0.37397539064150953,3.5371277796637015,0.0,4.323087336767165,4.224917149554771,113.55881967262033,116.9967300696036,0.0
9.273,3.2921237620369865,-0.3599842798588775,3.6540712457882467,0.0,4.349128834923988,4.271197178256784,113.39313945974247,116.9967300696036,0.0
9.274000000000001,3.384724439933404,-0.3460756422460358,3.7729472583257877,0.0,4.375804147105743,4.318075379109154,113.22670863922376,116.9967300696036,0.0
9.275,3.479722433787536,-0.33220394765046435,3.893862882888943,0.0,4.403112948125174,4.365521477126043,113.05932693797293,116.9967300696036,0.0
9.276,3.5770474143126254,-0.31833032737207456,4.016927764830665,0.0,4.431048097559685,4.413526058291926,112.89100221135898,116.9967300696036,0.0
9.277000000000001,3.676652789200968,-0.3044276522043534,4.142147406720085,0.0,4.459599632101666,4.462083866640623,115.11063432882258,116.9967300696036,0.0
9.278,3.7631748555432414,-0.31662154246344376,3.051192305396093,0.0,4.4916321487044994,4.378862416495353,115.31550467471804,116.9967300696036,0.0
9.279,3.763812215313755,-0.31842947870008564,2.96556938639722,0.0,4.512216202715958,4.309452504036919,115.98721811151019,116.9967300696036,0.0
9.28,3.721409092293798,-0.309336423359146,2.6398077875820807,0.0,4.522782544630559,4.2187351586757,116.6734616820609,116.9967300696036,0.0
9.281,3.6378277842967934,-0.2932098652888264,2.29991868618215,0.0,4.521537526983253,4.11278590952569,116.7082812626408,116.9967300696036,0.0
9.282,3.520586688535981,-0.2704779020238939,2.285393383961832,0.0,4.507482835807237,4.031168898749438,116.58140800507817,116.9967300696036,0.0
9.283,3.397877095423219,-0.24999636527220903,2.352983233388397,0.0,4.484646263261162,3.9762139006771293,116.63527903553477,116.9967300696036,0.0
9.284,3.2877552922818603,-0.2403260837072536,2.32966222850079,0.0,4.457738932557834,3.9321158385399624,116.79428854820603,116.9967300696036,0.0
9.285,3.1928711047514287,-0.24201376511404993,2.2521818873791353,0.0,4.42939487648152,3.890783264668609,116.9563296780194,116.9967300696036,0.0
9.286,3.1101101399003808,-0.2523470287257621,2.17156532638829,0.0,4.400871750808921,3.8508113885372914,117.09636364032302,116.9967300696036,0.0
9.287,3.036285214311663,-0.26863621698390716,2.1005520095292862,0.0,4.372892228162731,3.812272220373514,117.2302923169755,116.9967300696036,0.0
9.288,2.969017043395775,-0.28889694686173595,2.03125204872933,0.0,4.345922529368761,3.7745374037869523,117.36830722202863,116.9967300696036,0.0
9.289,2.9061659329612617,-0.31152602477869373,1.9585288246785102,0.0,4.32016291006762,3.7368134843806944,117.50903151898376,116.9967300696036,0.0
9.290000000000001,2.8457596477549147,-0.3351715174787868,1.8830436617071444,0.0,4.295581574173806,3.698726039566958,117.6469740968074,116.9967300696036,0.0
9.291,2.786250823383754,-0.3587934001771409,1.8075699325232883,0.0,4.27201157955782,3.66038385489347,117.7780563973197,116.9967300696036,0.0
9.292,2.7266915991877463,-0.3817217996541151,1.7342155189899753,0.0,4.249250271051566,3.6221610674467555,117.90055537582133,116.9967300696036,0.0
9.293000000000001,2.6667041036001944,-0.4036239242117978,1.6639277766769855,0.0,4.2271227643578415,3.584489352647661,118.01424838253958,116.9967300696036,0.0
9.294,2.606328785238895,-0.4244114885480854,1.5969060901885008,0.0,4.205508447684995,3.547743960632369,118.11901772627027,116.9967300696036,0.0
9.295,2.5458590554460603,-0.4441231944311963,1.5332985417564866,0.0,4.184341435481682,3.512232979782281,118.21570390232448,116.9967300696036,0.0
9.296,2.4857088057548555,-0.46286131658914154,1.4727657154021752,0.0,4.163604102792236,3.4781456905503223,118.30718118953227,116.9967300696036,0.0
9.297,2.426266741882345,-0.4807848608630312,1.4139225605989911,0.0,4.143315983097086,3.4454631027368716,118.39174212308524,116.9967300696036,0.0
9.298,2.367807765747773,-0.4979795355433939,1.3576919732876922,0.0,4.123500595362207,3.4142590954151166,118.46812384057283,116.9967300696036,0.0
9.299,2.310579703734004,-0.5145012143540968,1.3047871768342039,0.0,4.104191783591016,3.3846472253754496,118.53662786283016,116.9967300696036,0.0
9.3,2.254826345090871,-0.5304013136039966,1.2551361877732736,0.0,4.085436460122356,3.3566936891610677,118.59817873295158,116.9967300696036,0.0
9.301,2.2007562840713004,-0.5457181237712896,1.2083462660790825,0.0,4.067287163505031,3.3303997658512285,118.65345881316564,116.9967300696036,0.0
9.302,2.1485163016115925,-0.5604632649691275,1.1641389385364318,0.0,4.0497922016485415,3.3057310958582633,118.70269769286074,116.9967300696036,0.0
9.303,2.0981927839928924,-0.5746203977488803,1.1224598224563123,0.0,4.032989702172198,3.282650354299019,118.74583448460164,116.9967300696036,0.0
9.304,2.04983219687246,-0.5881545093708733,1.0834003824358787,0.0,4.016906559438188,3.2611341191136787,118.78271803891487,116.9967300696036,0.0
9.305,2.0034644384432596,-0.601023750577398,1.0470987255861557,0.0,4.001560382875543,3.241175452876215,118.81321280052217,116.9967300696036,0.0
9.306000000000001,1.959119634240246,-0.6131883546438652,1.0136865174733198,0.0,3.9869623713806615,3.2227799601603566,118.83721783467652,116.9967300696036,0.0
9.307,1.9168367048415078,-0.6246153152795303,0.9832791227454123,0.0,3.9731199313929397,3.2059611984194842,118.85464316469165,116.9967300696036,0.0
9.308,1.8766660265322361,-0.6352798698090625,0.9559873267869672,0.0,3.9600386906217957,3.1907379905658124,118.86537398279651,116.9967300696036,0.0
9.309000000000001,1.8386692307492094,-0.6451653639063317,0.9319354786026075,0.0,3.9477240119478045,3.177134134832738,118.86923152996117,116.9967300696036,0.0
9.31,1.8029184794803501,-0.6542627196110928,0.9112816904167036,0.0,3.936182269754454,3.165180413268709,118.86592919843802,116.9967300696036,0.0
9.311,1.7694966990837988,-0.6625702757697316,0.8942408648899316,0.0,3.9254221872444384,3.154918825046595,118.85505448215936,116.9967300696036,0.0
9.312,1.7384995482147418,-0.6700946600613288,0.8810949789037061,0.0,3.9154565608737015,3.146407216984103,118.83651968142696,116.9967300696036,0.0
9.313,1.7100373213407372,-0.6768547740486056,0.8719644831516709,0.0,3.906304705029476,3.1396981848653773,118.81257300812815,116.9967300696036,0.0
9.314,1.6842192457202945,-0.6828867244119363,0.86577939041583,0.0,3.897993044957893,3.1347111811801853,118.77818626784976,116.9967300696036,0.0
9.315,1.6611455703974716,-0.6880853133754102,0.8651581985725649,0.0,3.890525375807298,3.131665155210261,118.77772149432298,116.9967300696036,0.0
9.316,1.6408267808486667,-0.6927744253591221,0.8475806710887643,0.0,3.8839636874033427,3.1282539789146244,118.717476407382,116.9967300696036,0.0
9.317,1.6222155853360798,-0.6962033143387528,0.860495751181471,0.0,3.878047336878143,3.127968229104089,118.67483399898948,116.9967300696036,0.0
9.318,1.606508038105469,-0.6989646568549195,0.865035916083867,0.0,3.8729635052113918,3.1290314048006644,118.63642240753622,116.9967300696036,0.0
9.319,1.5935113000663226,-0.700984833997697,0.8678447884311751,0.0,3.8686889803415156,3.131016019782086,118.58367517920834,116.9967300696036,0.0
9.32,1.5829179485307374,-0.7020481132258523,0.8783489514990646,0.0,3.8651371284004394,3.134537391280897,118.51861687776069,116.9967300696036,0.0
9.321,1.574870179104217,-0.7022280412079785,0.8956592341413183,0.0,3.8623017580891053,3.1399298510172495,118.44566929570172,116.9967300696036,0.0
9.322000000000001,1.5696508398349809,-0.7016959005888164,0.9176436329098234,0.0,3.860228836034609,3.1472383584122965,118.36655497923415,116.9967300696036,0.0
9.323,1.5674697252317964,-0.7005983636959214,0.9435025420473016,0.0,3.8589786492730402,3.156421088093484,118.27869400077599,116.9967300696036,0.0
9.324,1.5684325114803108,-0.6990422498252283,0.9746133919646613,0.0,3.8586115569989015,3.1675964128965632,118.17196246677824,116.9967300696036,0.0
9.325000000000001,1.572651622349911,-0.6971621865633604,1.0162268349917873,0.0,3.8592074606123847,3.1814293918925607,118.00809114162476,116.9967300696036,0.0
9.326,1.580635363022374,-0.6950797761131883,1.0880488868483158,0.0,3.8609168072472193,3.200586934258977,117.81563244846808,116.9967300696036,0.0
9.327,1.594413649984037,-0.6931012937023387,1.1760892096380113,0.0,3.86417416449452,3.22553009788148,117.73274367429286,116.9967300696036,0.0
9.328,1.6151275823306515,-0.6921241769922671,1.2101734606787273,0.0,3.869512404365342,3.249032795564532,117.73403122183295,116.9967300696036,0.0
9.329,1.6394079700845123,-0.6909280822678274,1.2021566753863901,0.0,3.8765452907647995,3.2670326552443383,117.72105940591005,116.9967300696036,0.0
9.33,1.663090561432505,-0.6873064295572883,1.2013992899847734,0.0,3.8842884536413775,3.2815703918841166,117.66776886734507,116.9967300696036,0.0
9.331,1.6848469195228015,-0.6802616317138142,1.2213341712898487,0.0,3.891972362658597,3.295472708468695,117.65245420922432,116.9967300696036,0.0
9.332,1.7053351741128928,-0.6703510658932483,1.2224342589540202,0.0,3.8992583981707263,3.3066387007025386,117.64579132521627,116.9967300696036,0.0
9.333,1.7233162025553812,-0.6586317249622453,1.2192750884019192,0.0,3.9057424075108225,3.315285157044065,117.41740867683063,116.9967300696036,0.0
9.334,1.7391675472123336,-0.6443765113591926,1.3292596265224654,0.0,3.910991781464036,3.3342814219563905,117.23413588925214,116.9967300696036,0.0
9.335,1.7605061788024194,-0.6300964270440425,1.418521962115224,0.0,3.916187587374522,3.3584332732784614,117.06326937507501,116.9967300696036,0.0
9.336,1.788388185908471,-0.617666759916313,1.5032898261490777,0.0,3.922054535285271,3.386267727281407,116.83476305232207,116.9967300696036,0.0
9.337,1.8227577827259427,-0.6075052629925901,1.6191626576983602,0.0,3.929124765814907,3.420301927926353,116.3287587512881,116.9967300696036,0.0
9.338000000000001,1.8646843421180805,-0.6006149202644419,1.8788445213984994,0.0,3.9382350706252143,3.4747777826863295,116.16306649046497,116.9967300696036,0.0
9.339,1.9242351086842624,-0.5980921983081537,1.9700272876014535,0.0,3.951673334442578,3.5260190493683066,116.29992149940824,116.9967300696036,0.0
9.34,1.9920438570347916,-0.5987258048366685,1.9085678688317713,0.0,3.968986822484102,3.5589441973842275,116.38553184731298,116.9967300696036,0.0
9.341000000000001,2.0551015726523625,-0.5955168448520812,1.871874677102311,0.0,3.9875021548594765,3.58062826126574,116.33164570124728,116.9967300696036,0.0
9.342,2.109259472707611,-0.5856981953558932,1.9054685938187208,0.0,4.00528639854073,3.6007309229028364,116.1955421024908,116.9967300696036,0.0
9.343,2.1572304852106536,-0.5706486076996932,1.9815322728680875,0.0,4.02174521587035,3.623897575897833,116.0347682408539,116.9967300696036,0.0
9.344,2.2033024068789753,-0.5531300014188119,2.0715388219740407,0.0,4.03709826595217,3.6509453276789667,115.84064118293631,116.9967300696036,0.0
9.345,2.250833409516746,-0.5352164234820883,2.1801632397995054,0.0,4.05182547869369,3.6831045386864405,115.60548764628427,116.9967300696036,0.0
9.346,2.302842634935074,-0.5182873449356638,2.3116524323587164,0.0,4.066612828401069,3.721652412100939,115.36053060861263,116.9967300696036,0.0
9.347,2.3617324626793255,-0.5037697972306915,2.450492945804446,0.0,4.082348591017077,3.765824008900479,115.14921763178894,116.9967300696036,0.0
9.348,2.4285190419001874,-0.4922245198794367,2.5746245585944383,0.0,4.099803132019846,3.8126604691172545,114.99596083327943,116.9967300696036,0.0
9.349,2.502264185369947,-0.48281610907628236,2.6712606502124387,0.0,4.119276392529183,3.8585032913732458,114.88887101418152,116.9967300696036,0.0
9.35,2.5802054181741747,-0.47404668780713377,2.7458841503156135,0.0,4.140516056981611,3.9011152973759735,114.78372745364454,116.9967300696036,0.0
9.351,2.6592923378458644,-0.46438320336563493,2.8205859567436904,0.0,4.162917666513195,3.9411408840938824,114.65218251951397,116.9967300696036,0.0
9.352,2.7379707168846514,-0.4530340587776478,2.909803899309874,0.0,4.185929902703149,3.9806072762136107,114.49546153070288,116.9967300696036,0.0
9.353,2.816421375735868,-0.4401164925073566,3.013177079104425,0.0,4.209280113642228,4.021064334408854,114.32802120315998,116.9967300696036,0.0
9.354000000000001,2.8956640957520827,-0.426226362262686,3.1235843315403145,0.0,4.232942270642712,4.062989581235211,114.16050499600091,116.9967300696036,0.0
9.355,2.976658376871697,-0.41193997764721074,3.235704685855875,0.0,4.256998135620528,4.1062007418063375,113.99529780474313,116.9967300696036,0.0
9.356,3.0599493263794075,-0.3975988041380727,3.3483226041333687,0.0,4.281534864917827,4.150411078650851,113.83074812880366,116.9967300696036,0.0
9.357,3.145744368689422,-0.38334047990377573,3.4622572615111027,0.0,4.306613951039163,4.195456142710395,113.66561924769199,116.9967300696036,0.0
9.358,3.234090330351577,-0.3691988124233201,3.5781328102860535,0.0,4.332276634773813,4.241251467407846,113.49993085506132,116.9967300696036,0.0
9.359,3.324968495171008,-0.35516618347868617,3.6959449987468114,0.0,4.358550410095639,4.287720974738436,113.33379431072804,116.9967300696036,0.0
9.36,3.4183217046236773,-0.3412136701190952,3.815642628502209,0.0,4.385449308438233,4.3347994548650375,113.16694977921247,116.9967300696036,0.0
9.361,3.514076503245794,-0.3273020232106735,3.937362697163903,0.0,4.412975408932897,4.382452712314564,112.9991977421662,116.9967300696036,0.0
9.362,3.612168604460023,-0.31339471975191036,4.061214038961412,0.0,4.441123538211665,4.430667117832368,112.83097337711783,116.9967300696036,0.0
9.363,3.7125557579718835,-0.2994593367788406,4.186983788410457,0.0,4.469884476021889,4.479409388873527,115.56244167357694,116.9967300696036,0.0
9.364,3.793456158550016,-0.3221590332618298,2.8355925241411675,0.0,4.5032798675980645,4.368347617499004,116.59945222970605,116.9967300696036,0.0
9.365,3.7738139866697686,-0.32506329393903816,2.3210600244755906,0.0,4.522322014588835,4.231616543011639,116.05196432707625,116.9967300696036,0.0
9.366,3.6805834644843114,-0.30025405401744,2.6042516332157626,0.0,4.523028780433641,4.156818128351761,116.06980857319161,116.9967300696036,0.0
9.367,3.575894041026553,-0.2749329864296738,2.604598725122203,0.0,4.513647803192542,4.097360027123155,116.59028839201025,116.9967300696036,0.0
9.368,3.472386637673121,-0.25836791566132555,2.348423232488815,0.0,4.497690166444054,4.025065783318865,116.86209395740853,116.9967300696036,0.0
9.369,3.3629749650864573,-0.24789143021106053,2.213866810911625,0.0,4.47511210629814,3.957165958723995,116.77135075369166,116.9967300696036,0.0
9.370000000000001,3.254825483784419,-0.241546565851467,2.2614922059291787,0.0,4.447408699482275,3.9111849944590813,116.79661607474242,116.9967300696036,0.0
9.371,3.1607019774819762,-0.2445631565166742,2.2508606853524142,0.0,4.418272810538277,3.8746581556057014,116.94569203019384,116.9967300696036,0.0
9.372,3.081313629814486,-0.2569555123792696,2.1768330880208,0.0,4.389730819841571,3.838625174422949,117.1239046759062,116.9967300696036,0.0
9.373,3.0118459828576665,-0.2756462242753247,2.0864550191015923,0.0,4.362371784846203,3.8009875383695797,117.28387988480937,116.9967300696036,0.0
9.374,2.947772584853065,-0.2976125262301565,2.0035959164979533,0.0,4.336214275841105,3.76252043913574,117.42721815296038,116.9967300696036,0.0
9.375,2.8863946873923267,-0.32093979929818256,1.9276219015888794,0.0,4.311172144831065,3.7238665830514472,117.56380406741631,116.9967300696036,0.0
9.376,2.82620661365855,-0.34452548286125956,1.8536582043827847,0.0,4.28712999377486,3.68520454206711,117.69630475322941,116.9967300696036,0.0
9.377,2.7662973541423543,-0.36769064851862293,1.7804121146399772,0.0,4.26393816511252,3.6466751949853817,117.82298526037602,116.9967300696036,0.0
9.378,2.706169491973445,-0.390026364726555,1.7088093091589518,0.0,4.241437861734543,3.608550724283525,117.94195927102882,116.9967300696036,0.0
9.379,2.6456903407474286,-0.4113421669769914,1.6398700118182963,0.0,4.219496522709644,3.5711728036745667,118.05255891023535,116.9967300696036,0.0
9.38,2.5850104400905187,-0.4316131308715111,1.5740119038087155,0.0,4.198028173532233,3.5348535398763676,118.15382894813146,116.9967300696036,0.0
9.381,2.5244656633528595,-0.4508789647367565,1.51180589607538,0.0,4.176991264978974,3.499888414204249,118.248905964249,116.9967300696036,0.0
9.382,2.4644622044424636,-0.46927607777226443,1.4517456290701545,0.0,4.156392558809082,3.4663264736635435,118.33818996210945,116.9967300696036,0.0
9.383000000000001,2.4053141033446965,-0.4869194279454975,1.3936890312148718,0.0,4.1362543265908105,3.4341814899975374,118.4198791210985,116.9967300696036,0.0
9.384,2.347263577171596,-0.503869255007049,1.3386129612053974,0.0,4.116603466702803,3.403553456621882,118.49338963376044,116.9967300696036,0.0
9.385,2.290547556647754,-0.5201730763905551,1.286891109232859,0.0,4.097478811547602,3.3745427545739983,118.55937735751007,116.9967300696036,0.0
9.386000000000001,2.235392257231055,-0.5358745954328141,1.2382707744789796,0.0,4.078929680583944,3.3471895616427796,118.6187102639649,116.9967300696036,0.0
9.387,2.1819788835491076,-0.5509999608798983,1.1923845193079532,0.0,4.06100691843229,3.32147940829789,118.67188022539237,116.9967300696036,0.0
9.388,2.1304273789276555,-0.5655481955872494,1.1490480370363296,0.0,4.043754469324648,3.2973763753456953,118.71898252924689,116.9967300696036,0.0
9.389,2.0808062174767987,-0.5794943887975791,1.1082743605126393,0.0,4.027205560738613,3.2748494738964453,118.75991262306735,116.9967300696036,0.0
9.39,2.0331544543266693,-0.5928002583055559,1.07017748806777,0.0,4.011383036580033,3.253882934861826,118.79452835125889,116.9967300696036,0.0
9.391,1.9875022153996889,-0.6054247414127806,1.034891641155447,0.0,3.9963017453805616,3.234475551529368,118.822715023175,116.9967300696036,0.0
9.392,1.9438836820508323,-0.6173309597252117,1.0025384556616816,0.0,3.981971284151088,3.216636301754124,118.84438317351548,116.9967300696036,0.0
9.393,1.9023428566713465,-0.6284893835976889,0.9732278494523185,0.0,3.968398308509885,3.2003806014636185,118.85943920396504,116.9967300696036,0.0
9.394,1.862934840541378,-0.6388785378690748,0.9470727428839258,0.0,3.9555882831348796,3.1857286914981158,118.86774970899013,116.9967300696036,0.0
9.395,1.8257253377869729,-0.6484846672907799,0.9242072939775134,0.0,3.9435468519944985,3.172706286819327,118.869101733155,116.9967300696036,0.0
9.396,1.790790280662638,-0.6573013411875852,0.9048075652595629,0.0,3.9322810963347075,3.161347425080601,118.86316050756881,116.9967300696036,0.0
9.397,1.7582167527539398,-0.6653296369312346,0.8891138736730102,0.0,3.921800975859857,3.15169930266114,118.84949833438289,116.9967300696036,0.0
9.398,1.7281055681733912,-0.6725796657308712,0.8774172776181777,0.0,3.9121212754010695,3.1438247868107476,118.82856475292057,116.9967300696036,0.0
9.399000000000001,1.700571012646046,-0.6790767881978114,0.8695657215161661,0.0,3.903264276586487,3.1377507365510455,118.80521249570131,116.9967300696036,0.0
9.4,1.6757049788373541,-0.6848632683192484,0.863157025864818,0.0,3.895257114216083,3.1332318686389096,118.7652870764038,116.9967300696036,0.0
9.401,1.653553881645403,-0.6897101768453215,0.865434165445575,0.0,3.8880740764281585,3.1308667039443705,118.75056349619508,116.9967300696036,0.0
9.402000000000001,1.634156899335459,-0.6942228420099588,0.8552576212840148,0.0,3.8818207500324227,3.1287897177690893,118.70591224067027,116.9967300696036,0.0
9.403,1.616928644718179,-0.6975827446931163,0.8604914273357542,0.0,3.8763095203022324,3.1286737198638708,118.67107515075553,116.9967300696036,0.0
9.404,1.6022117855182851,-0.7001131574590116,0.8611665214816075,0.0,3.871582560131956,3.1294866930374967,118.62427773762272,116.9967300696036,0.0
9.405,1.5897625312496428,-0.7016276898302297,0.8682897513678203,0.0,3.867550887729245,3.131744726600309,118.56321719131392,116.9967300696036,0.0
9.406,1.5797221368408891,-0.7021805965334124,0.8831551533051145,0.0,3.8641938603367247,3.135917702323085,118.49321714917656,116.9967300696036,0.0
9.407,1.5724472927088549,-0.7019751480384929,0.903190303578068,0.0,3.8615617048542608,3.1420927191554204,118.41759667537937,116.9967300696036,0.0
9.408,1.5682210004258081,-0.7011898760781349,0.9267918744189036,0.0,3.859725941172586,3.1501749837558526,118.3360991436417,116.9967300696036,0.0
9.409,1.5671706343354959,-0.69993212352429,0.9541469495473565,0.0,3.858751480257804,3.1601117654308997,118.24383234081124,116.9967300696036,0.0
9.41,1.5693351672689158,-0.6982813626702976,0.9878093282505129,0.0,3.858699137433603,3.1721381314694472,118.12256771958062,116.9967300696036,0.0
9.411,1.5748566872527063,-0.6963620271791578,1.037183262366054,0.0,3.8596600462001915,3.187465413718515,117.93332491064407,116.9967300696036,0.0
9.412,1.5846513997631733,-0.6942683393152979,1.1224387184239197,0.0,3.8618464800049153,3.2092182162682312,117.772485210421,116.9967300696036,0.0
9.413,1.601100954371634,-0.6926601608553679,1.1951010171272851,0.0,3.8658335879321837,3.2344431763584143,117.72951531231895,116.9967300696036,0.0
9.414,1.6236322163662216,-0.6918643759797426,1.2092581137511533,0.0,3.871873026524024,3.2560610656005764,117.73520430963792,116.9967300696036,0.0
9.415000000000001,1.648060934336317,-0.6900254853932575,1.1990288726913254,0.0,3.879275990065141,3.2723924759381218,117.70491051485098,116.9967300696036,0.0
9.416,1.6710316111008208,-0.6852023437768924,1.207093965632323,0.0,3.8870596416139644,3.2865380069657397,117.65331344300694,116.9967300696036,0.0
9.417,1.6922554587458336,-0.6770122002742434,1.226326667820311,0.0,3.89462679674154,3.2999773798834404,117.66717737504777,116.9967300696036,0.0
9.418000000000001,1.7121482389978975,-0.6663523375021247,1.2126902287454522,0.0,3.9016904901782206,3.3091612283507352,117.5778745269214,116.9967300696036,0.0
9.419,1.7287241265011202,-0.6537643597070927,1.251530208235457,0.0,3.907688120188231,3.320917403626785,117.33540675120578,116.9967300696036,0.0
9.42,1.7458933126897271,-0.6392061462239368,1.3693773292772475,0.0,3.9127860810196484,3.3429496562902146,117.17306282306716,116.9967300696036,0.0
9.421,1.7699525226604953,-0.6254837462882596,1.4487859658119249,0.0,3.918213589176175,3.36837013734394,116.9985805585699,116.9967300696036,0.0
9.422,1.8003776339293065,-0.6138018488951543,1.5360085931708904,0.0,3.9244926099085364,3.397485553612224,116.75169743597465,116.9967300696036,0.0
9.423,1.8372807116666747,-0.6042276300433542,1.661900480804805,0.0,3.9321189250947226,3.4335381242546337,116.15637533419894,116.9967300696036,0.0
9.424,1.88228228580429,-0.5976562440778863,1.9679650790467051,0.0,3.9419607555588474,3.494575113903927,116.19310679619122,116.9967300696036,0.0
9.425,1.9470078840443197,-0.5975187363175352,1.9576355807846915,0.0,3.956972689947506,3.5396258967784364,116.34595884514326,116.9967300696036,0.0
9.426,2.0146983183620493,-0.5978509409531624,1.887717268553274,0.0,3.975026426772271,3.5672863836489728,116.37846116980937,116.9967300696036,0.0
9.427,2.0749217352540974,-0.5925962977344311,1.8776487952181604,0.0,3.993459505801199,3.587630175055438,116.28487112761377,116.9967300696036,0.0
9.428,2.1266773931095457,-0.5808170898403731,1.9315624057358591,0.0,4.010840489631719,3.6087231889192677,116.13776512966031,116.9967300696036,0.0
9.429,2.173776980938578,-0.5647473912307942,2.013705054112022,0.0,4.026942801697457,3.6332781569133283,115.9685306549828,116.9967300696036,0.0
9.43,2.220205283861441,-0.5470139321016083,2.1086042855969844,0.0,4.042100395837912,3.661969230850917,115.75912730962492,116.9967300696036,0.0
9.431000000000001,2.269104237457515,-0.5293617059457555,2.2256819858757138,0.0,4.05684692767223,3.696321909658263,115.51578033536262,116.9967300696036,0.0
9.432,2.3234003820836637,-0.5131451851504314,2.362164970349271,0.0,4.071946779177924,3.7370727386846947,115.28124595498747,116.9967300696036,0.0
9.433,2.385061519285565,-0.4997093867113054,2.4965870016830083,0.0,4.088295955815339,3.7824402999150792,115.08854679922139,116.9967300696036,0.0
9.434000000000001,2.454436914982476,-0.4889919405003631,2.6120184122698693,0.0,4.106502409813241,3.829244575382745,114.95608694116714,116.9967300696036,0.0
9.435,2.5299212284975003,-0.4799226619282634,2.6986547725813574,0.0,4.126678199777296,3.8739552337021452,114.85430192565927,116.9967300696036,0.0
9.436,2.608424844275916,-0.47090218258461825,2.770971561774737,0.0,4.148405916634807,3.9154203337936915,114.74083041942939,116.9967300696036,0.0
9.437,2.6873263770533278,-0.4606113453764842,2.8502663113914215,0.0,4.171065584516262,3.955016817680005,114.59879642965129,116.9967300696036,0.0
9.438,2.76576117995515,-0.4486110866499713,2.945262642679994,0.0,4.19420181391037,3.9947374559199824,114.4365458558854,116.9967300696036,0.0
9.439,2.844328428386901,-0.4352516211023645,3.0519897717001205,0.0,4.21764694556609,4.0357316248562265,114.26839342336217,116.9967300696036,0.0
9.44,2.92409203037646,-0.4211599151814991,3.163349354424149,0.0,4.241430487954046,4.078164849139327,114.10182232877648,116.9967300696036,0.0
9.441,3.0058634975662444,-0.40682990121097773,3.2755839791252663,0.0,4.265643614053966,4.121768092751815,113.93711597767394,116.9967300696036,0.0
9.442,3.0900394299564313,-0.3925151338648205,3.3885332955958316,0.0,4.2903644276367725,4.166292765286774,113.7724432306463,116.9967300696036,0.0
9.443,3.176748219221693,-0.37830311560564467,3.503112537499223,0.0,4.315645452779745,4.211615067875908,113.60709826868873,116.9967300696036,0.0
9.444,3.2660053123401447,-0.36420733170201314,3.619681336487158,0.0,4.341522189620525,4.257658825839687,113.44126870679584,116.9967300696036,0.0
9.445,3.357775490020857,-0.35021088830805724,3.7381507310616815,0.0,4.368016977639308,4.304349678490792,113.27491814272044,116.9967300696036,0.0
9.446,3.451992662143539,-0.3362797420775483,3.8585441323682135,0.0,4.395138910469908,4.3516333177199495,113.10775670437708,116.9967300696036,0.0
9.447000000000001,3.548584709778222,-0.3223745366844746,3.981014585192157,0.0,4.422886752809427,4.399485648588231,112.93967726144511,116.9967300696036,0.0
9.448,3.647494521215579,-0.308462158800509,4.105624834739727,0.0,4.451253734488519,4.447895794743868,115.05495433388262,116.9967300696036,0.0
9.449,3.74431506687507,-0.30197615238610864,3.0674040558781828,0.0,4.481050695688522,4.369190074373435,115.47855654257789,116.9967300696036,0.0
9.450000000000001,3.7458317470591735,-0.3084190356448797,2.870784686800804,0.0,4.5007709659540875,4.290890069986491,115.37099131198754,116.9967300696036,0.0
9.451,3.7010728096938634,-0.2978388196501145,2.9408246896721413,0.0,4.509460956162392,4.237001336983445,115.97464833851713,116.9967300696036,0.0
9.452,3.638823966543463,-0.28688032382751305,2.6492169937182113,0.0,4.510793441669024,4.162993013090779,116.65604256935927,116.9967300696036,0.0
9.453,3.552893828695246,-0.2759673222046508,2.3119267532995824,0.0,4.503501001015433,4.071162747383333,116.74256394206101,116.9967300696036,0.0
9.454,3.443190620523568,-0.26175515060585397,2.2712077282241387,0.0,4.486300568996821,3.9978881253475618,116.64244608520447,116.9967300696036,0.0
9.455,3.3308511107583905,-0.2499667368909415,2.324809496496401,0.0,4.462338114183841,3.9477846210666625,116.70873947382256,116.9967300696036,0.0
9.456,3.2306775848357683,-0.24758188085299082,2.2945427081451655,0.0,4.435617104397042,3.9063255500850342,116.88059106351403,116.9967300696036,0.0
9.457,3.143868501793689,-0.2547100801074149,2.2097783033603253,0.0,4.408230238969125,3.86586613245547,117.05488724087691,116.9967300696036,0.0
9.458,3.0666975639934995,-0.2685808623940208,2.1220486429661545,0.0,4.380990622380031,3.8255320637781627,117.20213455636548,116.9967300696036,0.0
9.459,2.995973505823656,-0.2866972524581525,2.04637094035425,0.0,4.3542956556663,3.7860681266469873,117.33675878528118,116.9967300696036,0.0
9.46,2.929783255049342,-0.3074432634900799,1.975658538739626,0.0,4.328424689223697,3.7474331864095447,117.47119478455667,116.9967300696036,0.0
9.461,2.866682897737303,-0.32967036179863474,1.903695891952347,0.0,4.30351484610523,3.7091450132177113,117.60621496729337,116.9967300696036,0.0
9.462,2.8053713082406566,-0.3524368677310621,1.8300909516071013,0.0,4.279549214648909,3.670931027334622,117.73779356064104,116.9967300696036,0.0
9.463000000000001,2.7448182199552558,-0.37501040935867413,1.7568910200228922,0.0,4.256414172269622,3.6328736576398253,117.86260060115269,116.9967300696036,0.0
9.464,2.6844053409127664,-0.3969151204314318,1.6858287944515737,0.0,4.233970679960516,3.5952635609913983,117.97921590392629,116.9967300696036,0.0
9.465,2.6239202254576313,-0.4179161799333412,1.617696284721549,0.0,4.212101596651956,3.558435404871953,118.08746419608497,116.9967300696036,0.0
9.466000000000001,2.5634495479115293,-0.43795385489123045,1.5526647973773966,0.0,4.190730739712658,3.5226779408985593,118.1860354006342,116.9967300696036,0.0
9.467,2.5032762349838658,-0.4570233518027128,1.4914861417924752,0.0,4.169818489980633,3.4882941580342575,118.27987033004756,116.9967300696036,0.0
9.468,2.443754570265522,-0.47526572771149667,1.431737274481355,0.0,4.149375053316234,3.4552425896245516,118.36731069709191,116.9967300696036,0.0
9.469,2.385123874900599,-0.4927536941418312,1.3743112846842962,0.0,4.129412056025551,3.4235866240277666,118.44644030283631,116.9967300696036,0.0
9.47,2.327606323649277,-0.5095312195107461,1.3202493794797698,0.0,4.109950410030538,3.393468029271064,118.51723257369888,116.9967300696036,0.0
9.471,2.271448379205746,-0.5256492306657224,1.2696482190075327,0.0,4.091028275132713,3.364991819166902,118.58069566587112,116.9967300696036,0.0
9.472,2.216884501768562,-0.5411572775458426,1.2220770169587363,0.0,4.072695437759518,3.3381846430363846,118.63773065464949,116.9967300696036,0.0
9.473,2.164093774123793,-0.5560825224463527,1.177149516719093,0.0,4.055001862980843,3.3130199290422784,118.68872583104589,116.9967300696036,0.0
9.474,2.1131884428989007,-0.570421530860518,1.1347319709064712,0.0,4.037989212757181,3.289457353091015,118.73368113948472,116.9967300696036,0.0
9.475,2.064230091311285,-0.584146795819106,1.094884805988245,0.0,4.021687959022061,3.267467122392022,118.77244608989966,116.9967300696036,0.0
9.476,2.01725455510686,-0.5972191047421613,1.0577451705778127,0.0,4.006118508922504,3.247036626610061,118.80486758674577,116.9967300696036,0.0
9.477,1.9722921888071048,-0.6095982214894011,1.023453046983335,0.0,3.9912939340076727,3.2281676030859807,118.83083170565469,116.9967300696036,0.0
9.478,1.9293794465502894,-0.6212491850174515,0.9921299711683658,0.0,3.977222729052528,3.2108711853043745,118.85024698954942,116.9967300696036,0.0
9.479000000000001,1.888563381864078,-0.6321448081923841,0.9638871600215424,0.0,3.9639110117287015,3.195164450030332,118.86300911424857,116.9967300696036,0.0
9.48,1.8499022500688211,-0.642266003987322,0.9388433072255173,0.0,3.9513641679155445,3.1810693847058307,118.86896227515298,116.9967300696036,0.0
9.481,1.8134648961360822,-0.6516013524526694,0.9171444047178177,0.0,3.939588178324495,3.168614198399226,118.86785640077048,116.9967300696036,0.0
9.482,1.7793306750749591,-0.6601468129192554,0.8989860785974004,0.0,3.928590916228559,3.157836895693404,118.85931172662339,116.9967300696036,0.0
9.483,1.7475909252599644,-0.6679062248715439,0.8846325991007471,0.0,3.9183837307817213,3.148790327834181,118.84297869609834,116.9967300696036,0.0
9.484,1.718351606505551,-0.6748937687949614,0.8743366280983231,0.0,3.9089836428056963,3.1415376037657325,118.82011710752884,116.9967300696036,0.0
9.485,1.6917277267130963,-0.6811413492001911,0.8675335520038194,0.0,3.900415649625772,3.136060998235781,118.80200675423585,116.9967300696036,0.0
9.486,1.6677764386311902,-0.6867011452772519,0.8585359618039954,0.0,3.892705896975268,3.1317219526708806,118.7564698336973,116.9967300696036,0.0
9.487,1.6463412116941047,-0.6911859312511628,0.8637070244323346,0.0,3.8857709435296837,3.129822991270797,118.72932245277744,116.9967300696036,0.0
9.488,1.6277056177067462,-0.6953174275465581,0.8599547910605247,0.0,3.879749206021406,3.128791537438219,118.69355444009207,116.9967300696036,0.0
9.489,1.6115509865492001,-0.6985202371001823,0.8608705536983234,0.0,3.8745374909686414,3.128989964949403,118.65731661971657,116.9967300696036,0.0
9.49,1.5977444274472938,-0.7007847829727746,0.8623835983849459,0.0,3.870083862122722,3.1301618306829777,118.6051259267343,116.9967300696036,0.0
9.491,1.5861306125090546,-0.7019758531008088,0.8723949863047711,0.0,3.866301154990108,3.132996723235104,118.540245439145,116.9967300696036,0.0
9.492,1.5769971556957996,-0.7022435431808941,0.8894000764040104,0.0,3.8631977430334974,3.13782884395055,118.46794397545739,116.9967300696036,0.0
9.493,1.5707227285921515,-0.7018099339844537,0.9108386691892769,0.0,3.860837510431684,3.144654458117447,118.39042118231266,116.9967300696036,0.0
9.494,1.5675529301918125,-0.7008381038662054,0.935663154634548,0.0,3.859293297285698,3.1533637286315996,118.30599572062405,116.9967300696036,0.0
9.495000000000001,1.5675797563158589,-0.6994218906378153,0.9647832289686484,0.0,3.858628367351786,3.1639679652443884,118.20737283593955,116.9967300696036,0.0
9.496,1.5708494813222813,-0.6976543644238916,1.0019882436475402,0.0,3.8589100883212972,3.17688723458438,118.06579684491453,116.9967300696036,0.0
9.497,1.5776398341723947,-0.6956615735946607,1.0620855714069415,0.0,3.860254032398778,3.1940671634306184,117.86510519364447,116.9967300696036,0.0
9.498,1.5894370491152836,-0.6935798558967121,1.1537476458015643,0.0,3.862972513914655,3.2179155585905796,117.74568809542238,116.9967300696036,0.0
9.499,1.6083202379517807,-0.6923537210877102,1.20596661465442,0.0,3.8676899291429288,3.242519249593415,117.73177385360637,116.9967300696036,0.0
9.5,1.632038820119901,-0.6914727929840819,1.2055732977223974,0.0,3.87431133120535,3.2621486463176153,117.73050290565786,116.9967300696036,0.0
9.501,1.6561867521624747,-0.6887620874258074,1.1988710433361112,0.0,3.8819441644035733,3.2773248420594636,117.68522642878693,116.9967300696036,0.0
9.502,1.678470346409294,-0.6827417854733433,1.21462431817974,0.0,3.889696207696972,3.291336868276886,117.64836326734539,116.9967300696036,0.0
9.503,1.6992926922255678,-0.6735732250190971,1.2265395669230947,0.0,3.8971259106523304,3.303808418717919,117.67158672516359,116.9967300696036,0.0
9.504,1.718292154145195,-0.6623575770689929,1.2081792714583925,0.0,3.9039177626862878,3.3117552820688365,117.49235567601461,116.9967300696036,0.0
9.505,1.7339712380188113,-0.6487494328609089,1.2928385399687732,0.0,3.9094403764685524,3.327548062171945,117.27065250632708,116.9967300696036,0.0
9.506,1.7531635121541096,-0.6342537872610516,1.4009509004453031,0.0,3.914531567308998,3.351405233294137,117.08487211516159,116.9967300696036,0.0
9.507,1.779518575171417,-0.6213492226367273,1.4929596755724703,0.0,3.9202248105249415,3.379718513856827,116.82155006467286,116.9967300696036,0.0
9.508000000000001,1.8132243832799155,-0.6107407826752356,1.6263725008661403,0.0,3.9271421747260384,3.4160810254541127,116.23687387938381,116.9967300696036,0.0
9.509,1.8564361418033453,-0.6032888168882424,1.9263091554128657,0.0,3.9362904218298,3.4767416907024895,116.38878790312324,116.9967300696036,0.0
9.51,1.9189534942225863,-0.6038605584419579,1.8564315652079508,0.0,3.950727321976803,3.5151204214875165,116.4925475679697,116.9967300696036,0.0
9.511000000000001,1.9815211445585061,-0.603017407096119,1.809593557801065,0.0,3.967459941124028,3.5403942962832726,116.467462942142,116.9967300696036,0.0
9.512,2.037164549924072,-0.596501353499319,1.8274285419895249,0.0,3.9843383514539155,3.561749175762122,116.35852439174157,116.9967300696036,0.0
9.513,2.0864884211668504,-0.5845287130226038,1.8882798739683642,0.0,4.00041257878223,3.5843025132188147,116.22398882100296,116.9967300696036,0.0
9.514,2.132714195093951,-0.569210611550055,1.9632750718236736,0.0,4.015569452366168,3.6092573016874088,116.06345539623656,116.9967300696036,0.0
9.515,2.17867083636251,-0.5525095754013322,2.0528745309405436,0.0,4.0300221844769375,3.6377453143915712,115.85134927455536,116.9967300696036,0.0
9.516,2.227040645249916,-0.5357617478563985,2.1703813997316272,0.0,4.044203193978593,3.671998447447317,115.60445908562473,116.9967300696036,0.0
9.517,2.2808547950240943,-0.5202227674200033,2.3077492040367336,0.0,4.0588496062631005,3.712743899547017,115.37914860420945,116.9967300696036,0.0
9.518,2.341928883642786,-0.5075459120726463,2.4365802593983137,0.0,4.074866858245283,3.757497177461608,115.18359888713107,116.9967300696036,0.0
9.519,2.4103395495691506,-0.49735037098452406,2.5524864297622285,0.0,4.092762971854486,3.803923788603658,115.048138581897,116.9967300696036,0.0
9.52,2.484711058240851,-0.488695775410259,2.6397024972563257,0.0,4.112662085114687,3.848435296418512,114.94775189957306,116.9967300696036,0.0
9.521,2.562098195057257,-0.48002208770812693,2.7103856201186023,0.0,4.134154878138862,3.8896196776547223,114.84023479702853,116.9967300696036,0.0
9.522,2.6398192174901345,-0.4699977263927363,2.7857091241166207,0.0,4.156600887116567,3.928638213181437,114.70415306745537,116.9967300696036,0.0
9.523,2.716857151550179,-0.45812533782469433,2.8766757589246845,0.0,4.1794984296198425,3.9675556283198787,114.5445571364208,116.9967300696036,0.0
9.524000000000001,2.793762713985428,-0.4447371402368375,2.980995453773792,0.0,4.202643981537651,4.0077473237528505,114.37604784357747,116.9967300696036,0.0
9.525,2.871698878772033,-0.4305144934894649,3.091456922455723,0.0,4.226063538640643,4.049538046938653,114.20840051765018,116.9967300696036,0.0
9.526,2.9516303731286393,-0.41603525453901247,3.2031638809389027,0.0,4.249869722534842,4.092661701531146,114.04352662527404,116.9967300696036,0.0
9.527000000000001,3.034053283388437,-0.40161052966623534,3.315132861570266,0.0,4.2741657261523684,4.136785922153413,113.87955978773459,116.9967300696036,0.0
9.528,3.1191120543918642,-0.3873410633618113,3.4282879831586803,0.0,4.299019157425611,4.18172245893584,113.71505251995464,116.9967300696036,0.0
9.529,3.206795333380941,-0.37322755395062046,3.543358392545146,0.0,4.324471107877583,4.227382306005211,113.54988416515666,116.9967300696036,0.0
9.53,3.2970418070405714,-0.35923829108105565,3.660411028988608,0.0,4.350546164169755,4.273696170015089,113.38416770536202,116.9967300696036,0.0
9.531,3.3897692449838743,-0.3453304040725298,3.7793948825283428,0.0,4.377255126291457,4.320606297340968,113.21769007839521,116.9967300696036,0.0
9.532,3.484891565579228,-0.3314582307548588,3.9004240959238317,0.0,4.404597344738717,4.368083502198479,113.05025869366189,116.9967300696036,0.0
9.533,3.5823391039337125,-0.3175831399875495,4.023604502049908,0.0,4.432565523575776,4.416118754941838,112.88188745171668,116.9967300696036,0.0
9.534,3.6820659583839808,-0.30367830989059574,4.148938549201382,0.0,4.46114962940047,4.464706762813984,114.83905570535313,116.9967300696036,0.0
9.535,3.767290501421779,-0.31826094669153027,3.19193116602566,0.0,4.493477263778984,4.3963927966708845,115.5690665610505,116.9967300696036,0.0
9.536,3.776705222081622,-0.32275578974315144,2.8412023732625045,0.0,4.516089344473006,4.308949523365554,116.42404844225592,116.9967300696036,0.0
9.537,3.7282417563663603,-0.3132819571796239,2.4194382489332718,0.0,4.526608819754589,4.19505014814685,116.62981218594959,116.9967300696036,0.0
9.538,3.627690371236646,-0.29107016244280715,2.320225555922979,0.0,4.522337850890725,4.0974729206974505,116.48676238024296,116.9967300696036,0.0
9.539,3.5053466935100888,-0.2648582520251719,2.3968501356698977,0.0,4.506075063969741,4.031099440507495,116.52779924267972,116.9967300696036,0.0
9.540000000000001,3.3878152131830634,-0.24681301278201095,2.3810210127207587,0.0,4.4830783505092855,3.9789346063812654,116.68980502533518,116.9967300696036,0.0
9.541,3.2825921439279986,-0.23999751388116364,2.303087371835715,0.0,4.456595572495592,3.9316713978685414,116.85059314374567,116.9967300696036,0.0
9.542,3.189180348873718,-0.2428122298370765,2.224154681889048,0.0,4.428412525176152,3.8878060396838543,116.97924099275208,116.9967300696036,0.0
9.543000000000001,3.1060291728932286,-0.2531398710169672,2.1600056481543564,0.0,4.399769140140418,3.8474543571816553,117.1010693052512,116.9967300696036,0.0
9.544,3.0317774650947804,-0.2692728054230149,2.098048099548321,0.0,4.371626271730904,3.80943584051481,117.23313265593507,116.9967300696036,0.0
9.545,2.964534894001133,-0.2895676690184352,2.029652398343074,0.0,4.344566944147093,3.7721551027694984,117.37402066921783,116.9967300696036,0.0
9.546,2.9019547895270814,-0.3123485834489421,1.955435485705551,0.0,4.318788427498532,3.734627988443469,117.5164641757662,116.9967300696036,0.0
9.547,2.841830706276939,-0.3361412064546849,1.8790163913697375,0.0,4.29422443046855,3.6965996507473977,117.65452704438877,116.9967300696036,0.0
9.548,2.7825299383356916,-0.3598568360840946,1.8034069873106016,0.0,4.270684792401141,3.658286747255827,117.78511342181484,116.9967300696036,0.0
9.549,2.7231094121042347,-0.38282859786344314,1.7302299650754538,0.0,4.247957565290747,3.6201010421074433,117.90709585171791,116.9967300696036,0.0
9.55,2.6632166867333895,-0.4047398424270401,1.6601350923027756,0.0,4.225865009660756,3.582476513508693,118.0203708926908,116.9967300696036,0.0
9.551,2.602911686903017,-0.4255151464341551,1.5932611635854563,0.0,4.204285427729036,3.545784621503273,118.12466842591284,116.9967300696036,0.0
9.552,2.542501240288662,-0.4451983642081838,1.529833013411345,0.0,4.1831520157050175,3.51033770240252,118.22113958672496,116.9967300696036,0.0
9.553,2.482407571037235,-0.4639030607823913,1.469353337834074,0.0,4.16244793741875,3.476309850349196,118.31226436284868,116.9967300696036,0.0
9.554,2.4230188426920036,-0.4817879695338536,1.410635606839763,0.0,4.142191774752695,3.4436920454444366,118.39632914955482,116.9967300696036,0.0
9.555,2.3646156954553033,-0.49894083257614164,1.3546072226871826,0.0,4.122407413709907,3.4125649187292906,118.47220373151598,116.9967300696036,0.0
9.556000000000001,2.307453275845555,-0.5154211360387736,1.3019151950874797,0.0,4.103130080850349,3.383040064071645,118.54026660336503,116.9967300696036,0.0
9.557,2.2517787272750494,-0.5312824563891777,1.2524483938253397,0.0,4.0844079380149,3.3551781098776288,118.60144117054672,116.9967300696036,0.0
9.558,2.197799500842441,-0.546562966935627,1.205813999225061,0.0,4.066294057000201,3.3289759908479404,118.65637776186526,116.9967300696036,0.0
9.559000000000001,2.1456590981984505,-0.5612728820948335,1.161749226643176,0.0,4.0488366377460485,3.3043975666082606,118.70527926945265,116.9967300696036,0.0
9.56,2.09544074238425,-0.5753943683033235,1.1202129808509915,0.0,4.032073382324688,3.281405518668934,118.74807276758392,116.9967300696036,0.0
9.561,2.047188860465611,-0.5888914474193663,1.0813028048055509,0.0,4.016030711492209,3.2599771165272347,118.7846050224109,116.9967300696036,0.0
9.562,2.0009324595039373,-0.6017219015240306,1.0451579278639878,0.0,4.000725846689161,3.2401061380999385,118.81474187159354,116.9967300696036,0.0
9.563,1.9567015485598869,-0.6138460129140145,1.0119093852527687,0.0,3.9861697182355393,3.221798716311477,118.83838346641541,116.9967300696036,0.0
9.564,1.9145353298190757,-0.6252310421272014,0.9816720538737167,0.0,3.972369572547986,3.205068777782965,118.85543928635049,116.9967300696036,0.0
9.565,1.8744846186381359,-0.6358525784836516,0.9545570517387076,0.0,3.9593309662834133,3.1899354576599825,118.86579206113785,116.9967300696036,0.0
9.566,1.836611538041801,-0.6456943433472527,0.9306900444296831,0.0,3.947059267404432,3.176422919893988,118.8692583430157,116.9967300696036,0.0
9.567,1.8009887857547298,-0.6547476462295284,0.9102316207566377,0.0,3.9355609303051633,3.164562481431363,118.8655444554659,116.9967300696036,0.0
9.568,1.767699924330916,-0.6630112491617973,0.8934004206729185,0.0,3.924844846363287,3.1543969525663447,118.85423341462212,116.9967300696036,0.0
9.569,1.7368414238788277,-0.6704923121518035,0.8804809076446227,0.0,3.9149240988286707,3.145985080196856,118.83530286096345,116.9967300696036,0.0
9.57,1.7085243243787556,-0.6772106909456383,0.8715604565603559,0.0,3.905818449847993,3.1393765617623557,118.81127562551859,116.9967300696036,0.0
9.571,1.682856052024075,-0.6832033572348564,0.8654286187236369,0.0,3.897554523425806,3.134473371586055,118.77572264767589,116.9967300696036,0.0
9.572000000000001,1.659936459027599,-0.6883427688371027,0.8654151818642632,0.0,3.890132079241565,3.131558420615067,118.7488982640371,116.9967300696036,0.0
9.573,1.6398164481423758,-0.692946636405024,0.8613056917393267,0.0,3.8836154156950955,3.1297248160450146,118.72031629422742,116.9967300696036,0.0
9.574,1.6221395786930861,-0.6968031357047839,0.8583608143979278,0.0,3.877945234293564,3.1288833195015866,118.68811687958205,116.9967300696036,0.0
9.575000000000001,1.6067134068278826,-0.6996377668855231,0.8575466536208243,0.0,3.8730311658147256,3.129018955770959,118.64273096213346,116.9967300696036,0.0
9.576,1.593392370909944,-0.7013602182486327,0.8637796034198248,0.0,3.868783191148842,3.130654439883493,118.5828653587021,116.9967300696036,0.0
9.577,1.5824011884699904,-0.7020738946220286,0.8778510522445209,0.0,3.8651848422482455,3.134262927700127,118.5140252430389,116.9967300696036,0.0
9.578,1.5741563954528623,-0.7020137166379651,0.8970981583417643,0.0,3.8622934206773882,3.139924214434973,118.43984185840884,116.9967300696036,0.0
9.579,1.568977079175675,-0.7013755755574983,0.9197587327687422,0.0,3.8601876761980924,3.1475176993255625,118.36059374629217,116.9967300696036,0.0
9.58,1.5670008785920886,-0.7002680606589693,0.9457441520601932,0.0,3.8589364094277507,3.1569386405583764,118.2724858398853,116.9967300696036,0.0
9.581,1.5682480295014574,-0.6987509929844616,0.9770405475608068,0.0,3.858596561162515,3.1683181616971616,118.16416739363184,116.9967300696036,0.0
9.582,1.5727805056223532,-0.6969291257700269,1.019525397447256,0.0,3.8592434151208375,3.182400014563843,117.9959169144069,116.9967300696036,0.0
9.583,1.5811306032332426,-0.6948996509864038,1.0936587686116916,0.0,3.8610287454159415,3.201995003892922,117.80767594328381,116.9967300696036,0.0
9.584,1.595407880097675,-0.6930132988768248,1.1796697954364364,0.0,3.864407837630227,3.2270419070787035,117.73204156446802,116.9967300696036,0.0
9.585,1.6164900638348865,-0.6921058347882036,1.2101338698956883,0.0,3.869872753413008,3.2502366996471563,117.735047282812,116.9967300696036,0.0
9.586,1.6408377128685918,-0.6908336355617534,1.2012478385916114,0.0,3.8769797896003326,3.267908980792665,117.71928788051379,116.9967300696036,0.0
9.587,1.6643985780752084,-0.6870197386091282,1.2019019616316173,0.0,3.8847365436109533,3.2823373326074066,117.66521365656419,116.9967300696036,0.0
9.588000000000001,1.6860398896956488,-0.6797725394031507,1.2222542377368106,0.0,3.8924014044588535,3.2961857981567246,117.65511596716703,116.9967300696036,0.0
9.589,1.7064292931334184,-0.6697234961825519,1.2207192234597546,0.0,3.8996517030146904,3.307017107642423,117.63739912478361,116.9967300696036,0.0
9.59,1.7241543975745504,-0.6578790549327582,1.2231709540996651,0.0,3.9060577045582416,3.3160294890941495,117.40330673790015,116.9967300696036,0.0
9.591000000000001,1.7401335346572195,-0.6435347530594614,1.3361513808584302,0.0,3.9112649152990464,3.3356041081574404,117.22972073725036,116.9967300696036,0.0
9.592,1.7619253643233623,-0.6293102784623416,1.4206144745068583,0.0,3.9164876176851475,3.359665812529773,117.03552292373845,116.9967300696036,0.0
9.593,1.7899892785705807,-0.6170382798479935,1.5173254527214626,0.0,3.9223865451682656,3.3887680811000713,116.77750160806406,116.9967300696036,0.0
9.594,1.8252761472151806,-0.6071443575529025,1.6485283951740572,0.0,3.929640195293786,3.425414313040859,116.11862343029746,116.9967300696036,0.0
9.595,1.869463070870376,-0.6006542781553486,1.9867485504504165,0.0,3.9392181340900523,3.4905057815403673,116.26101951749253,116.9967300696036,0.0
9.596,1.9358160655587653,-0.6016575339934894,1.9229076123739939,0.0,3.9545226847928134,3.5327842321492104,116.4363359316465,116.9967300696036,0.0
9.597,2.0028550736853163,-0.602149200901363,1.8408533466765808,0.0,3.9725686762876684,3.5572669719744576,116.45376286139361,116.9967300696036,0.0
9.598,2.060833291183936,-0.5961487621576055,1.837569553885122,0.0,3.9905933776846703,3.575858148572997,116.34470413030247,116.9967300696036,0.0
9.599,2.110136883633104,-0.5834375521546733,1.8986191788237028,0.0,4.007336497888941,3.5962973613281193,116.19791080727937,116.9967300696036,0.0
9.6,2.155238030659511,-0.5667432396737444,1.9800040329584971,0.0,4.0227399650754245,3.6202407122851827,116.02879096029145,116.9967300696036,0.0
9.601,2.1999597121781154,-0.5487225691812425,2.0742433475455813,0.0,4.037182090009598,3.648414177431639,115.8040233595139,116.9967300696036,0.0
9.602,2.2474779987316236,-0.5309297537195157,2.198554215035248,0.0,4.051220345969138,3.6831665161291585,115.54324901124325,116.9967300696036,0.0
9.603,2.3012200553761395,-0.5147250252322142,2.3434761997541806,0.0,4.065725418223487,3.7251093128317048,115.3152969794069,116.9967300696036,0.0
9.604000000000001,2.3630508998345334,-0.5019744457361621,2.4742665465743237,0.0,4.081733746462965,3.7709820830684793,115.11988062742414,116.9967300696036,0.0
9.605,2.4327776688028684,-0.49196358731864087,2.590743216987497,0.0,4.099754830271205,3.81832130324084,114.99195729012276,116.9967300696036,0.0
9.606,2.5086908978748768,-0.48361143202301715,2.6747526134329966,0.0,4.119889099217515,3.8631517891734224,114.89681494498112,116.9967300696036,0.0
9.607,2.587418650197958,-0.47515630492096755,2.743322937250041,0.0,4.141646447434181,3.90431437459798,114.78865511470202,116.9967300696036,0.0
9.608,2.6661546201713406,-0.46519339322846753,2.819483601938603,0.0,4.164332950356483,3.9433547270054783,114.64900834255148,116.9967300696036,0.0
9.609,2.744019808696195,-0.45328411030676635,2.912784205284395,0.0,4.187444446222841,3.9824833431476083,114.48672146402228,116.9967300696036,0.0
9.61,2.82173366684325,-0.4398494835626111,3.019027730604809,0.0,4.210798938004138,4.022994156503021,114.31752067063363,116.9967300696036,0.0
9.611,2.900523398836738,-0.42561004348845266,3.130420221288836,0.0,4.234437069802128,4.065090344485247,114.15012523253338,116.9967300696036,0.0
9.612,2.9813297522117543,-0.4111333863667247,3.2425839887096597,0.0,4.258470969335896,4.108464014807183,113.98527106721774,116.9967300696036,0.0
9.613,3.0646115781320615,-0.3967096133349335,3.355125661391341,0.0,4.282996997486202,4.152808717053598,113.82088189513262,116.9967300696036,0.0
9.614,3.15050427312898,-0.38243172949833937,3.4690787291786123,0.0,4.308078563554408,4.197965594429723,113.65588414106915,116.9967300696036,0.0
9.615,3.2390068386115543,-0.3683042368525155,3.5849860654956887,0.0,4.3337564154007335,4.243848861738949,113.49036243047672,116.9967300696036,0.0
9.616,3.3300663629249736,-0.3542997777061121,3.702810597183172,0.0,4.360055593213702,4.290381690604689,113.32433771713576,116.9967300696036,0.0
9.617,3.4236022761927734,-0.3403761438503006,3.8225468773783304,0.0,4.386986580999272,4.33750554465342,113.15752019838354,116.9967300696036,0.0
9.618,3.519529597619276,-0.3264873142624376,3.9443477354666436,0.0,4.414548320495053,4.38519419743936,112.9897573052928,116.9967300696036,0.0
9.619,3.617781144312277,-0.3125950634282094,4.068298909655121,0.0,4.442733492023962,4.433438382554169,112.82069821279043,116.9967300696036,0.0
9.620000000000001,3.7183879244681797,-0.2985433727119907,4.194588774474436,0.0,4.47151780144102,4.482244809348407,115.99416189854567,116.9967300696036,0.0
9.621,3.7978380057127348,-0.3239219265890586,2.6178826133073962,0.0,4.505236480429434,4.3466150068930185,116.44727071861966,116.9967300696036,0.0
9.622,3.763700044101348,-0.32222087553551093,2.396822796780239,0.0,4.521579410118808,4.223920210965392,115.90796259241992,116.9967300696036,0.0
9.623,3.670069908520822,-0.29638954190963934,2.677364534651947,0.0,4.52119413105817,4.158157312228368,116.14836830011383,116.9967300696036,0.0
9.624,3.570199160597363,-0.27315021264809924,2.5656452984998896,0.0,4.511973077147385,4.093887123019315,116.67783613095196,116.9967300696036,0.0
9.625,3.4664907040434976,-0.25817328376009696,2.3041003224673413,0.0,4.495832040821708,4.017878315079719,116.81003553080042,116.9967300696036,0.0
9.626,3.3553991718114133,-0.24706660155393873,2.2398675679311433,0.0,4.472632261580841,3.9545891150428494,116.73716783866524,116.9967300696036,0.0
9.627,3.248837080305339,-0.24148886106265327,2.2788970363081154,0.0,4.444921055628394,3.9108553408957567,116.79828129859288,116.9967300696036,0.0
9.628,3.1569714470587766,-0.2457051879443834,2.2503247940544027,0.0,4.416127166218385,3.874230180978511,116.96247403206824,116.9967300696036,0.0
9.629,3.078947285232686,-0.25886427698724007,2.1685709876920756,0.0,4.387955486283551,3.8373449533030755,117.13923921189676,116.9967300696036,0.0
9.63,3.0098368027635374,-0.27776075258143074,2.078763306354883,0.0,4.360859472999591,3.7990916849715775,117.29464917235943,116.9967300696036,0.0
9.631,2.9455915954151375,-0.2996151203590955,1.9980791350959937,0.0,4.334862749910473,3.760352828103359,117.4356422993983,116.9967300696036,0.0
9.632,2.883889030303784,-0.32273047244256525,1.9231934492786125,0.0,4.309915958494855,3.721602430974493,117.57149061221867,116.9967300696036,0.0
9.633000000000001,2.8233818762364966,-0.34610162660808036,1.8495216874422757,0.0,4.285928479945279,3.682916118769416,117.7035955018255,116.9967300696036,0.0
9.634,2.763208369349853,-0.369079546276577,1.7764005883166387,0.0,4.262764977652038,3.6444071008612915,117.82977671895522,116.9967300696036,0.0
9.635,2.702887248827471,-0.3912634386726889,1.7049795132582668,0.0,4.240277372764192,3.606341115438086,117.94819430858897,116.9967300696036,0.0
9.636000000000001,2.6422905549318934,-0.4124643558198466,1.6362560760515374,0.0,4.218342191785037,3.56905002584955,118.05829395306907,116.9967300696036,0.0
9.637,2.5815639913182693,-0.43265422720080726,1.5705906149768323,0.0,4.19688029662538,3.532832515834344,118.1590583728138,116.9967300696036,0.0
9.638,2.521032122946778,-0.4518632045618389,1.508585122072363,0.0,4.17585392877607,3.4979778575806755,118.25393643511158,116.9967300696036,0.0
9.639,2.4610855277114743,-0.4702245682262707,1.4485740272683927,0.0,4.155272392115802,3.4645136696602203,118.34295614557956,116.9967300696036,0.0
9.64,2.4020169422190225,-0.4878414081007518,1.390601911274643,0.0,4.1351568290790635,3.4324590035063283,118.42427004063622,116.9967300696036,0.0
9.641,2.344057326823448,-0.5047669068927984,1.3356695640359906,0.0,4.11553299219899,3.4019202824664236,118.49737348576804,116.9967300696036,0.0
9.642,2.287439482459513,-0.5210459990824846,1.284111407308436,0.0,4.0964391120558785,3.372999342800936,118.5629761542734,116.9967300696036,0.0
9.643,2.2323875516610237,-0.536721461564535,1.2356476122090565,0.0,4.077924035911657,3.3457352071382256,118.62195108743003,116.9967300696036,0.0
9.644,2.179080754408294,-0.5518187070532474,1.1899079354524753,0.0,4.060037996194528,3.3201124793249495,118.67477477244057,116.9967300696036,0.0
9.645,2.127637349194073,-0.5663361140697927,1.1467156459188368,0.0,4.042824229984714,3.296095371841189,118.7215295623316,116.9967300696036,0.0
9.646,2.0781249478657724,-0.5802484804325181,1.106090256046044,0.0,4.026315315877239,3.273653658588123,118.76210624510131,116.9967300696036,0.0
9.647,2.0305826269346494,-0.5935176616038977,1.0681481529062116,0.0,4.010533608120433,3.252772379092106,118.79636316981649,116.9967300696036,0.0
9.648,1.9850411127599559,-0.606103031916308,1.0330233595464926,0.0,3.9954936421123555,3.2334508938817406,118.82418719026155,116.9967300696036,0.0
9.649000000000001,1.9415354003491285,-0.6179682655010785,1.0008367781173797,0.0,3.981204846175248,3.2156984977914433,118.84548915185648,116.9967300696036,0.0
9.65,1.900110274032337,-0.6290843698117081,0.9716982064973863,0.0,3.9676738093611448,3.1995307914232987,118.860173864731,116.9967300696036,0.0
9.651,1.8608214934707974,-0.639430338493574,0.9457214121088562,0.0,3.9549060011035353,3.184968204942618,118.86810429561591,116.9967300696036,0.0
9.652000000000001,1.8237353179480484,-0.6489928220867177,0.9230424544062772,0.0,3.942907128532047,3.172036770382735,118.86906153815349,116.9967300696036,0.0
9.653,1.7889282168549965,-0.65776577054545,0.9038405184519878,0.0,3.931684399256249,3.160771088008754,118.86270316841821,116.9967300696036,0.0
9.654,1.756487910495,-0.6657506793767766,0.8883599723314823,0.0,3.92124798515749,3.1512192229195453,118.84860341210224,116.9967300696036,0.0
9.655,1.7265160196837916,-0.6729582341213051,0.8768911170644815,0.0,3.91161300789327,3.1434446392368516,118.8273271385325,116.9967300696036,0.0
9.656,1.6991272669817281,-0.6794149047604348,0.8692232831600624,0.0,3.9028022282100627,3.137468286908302,118.80438922964215,116.9967300696036,0.0
9.657,1.6744093110475096,-0.6851641164824804,0.8626156460048475,0.0,3.894842737845355,3.1330034177220023,118.76373541454214,116.9967300696036,0.0
9.658,1.6523874359627948,-0.6899591297415397,0.8652725001054695,0.0,3.887702668939766,3.130722643440459,118.7451183436327,116.9967300696036,0.0
9.659,1.633128567263826,-0.6944135063884108,0.8570971528198998,0.0,3.881490560795145,3.1289283397601304,118.70495912699793,116.9967300696036,0.0
9.66,1.6161393519234726,-0.6977892907796149,0.8600944705633378,0.0,3.8760470256135173,3.128779939058457,118.67047989327497,116.9967300696036,0.0
9.661,1.6015645448458102,-0.7002778817924218,0.8605965891881049,0.0,3.87137299104738,3.129560621405215,118.62210760244726,116.9967300696036,0.0
9.662,1.5891969010381004,-0.7017116848963667,0.8685289592735255,0.0,3.86737726060384,3.131878064331907,118.55982592639583,116.9967300696036,0.0
9.663,1.5792497007599948,-0.7021891663050798,0.8840388387313165,0.0,3.864051032421242,3.136161468553592,118.48917091241493,116.9967300696036,0.0
9.664,1.5721047837567919,-0.7019292910408269,0.9044419372936516,0.0,3.8614524063859177,3.1424596204496975,118.41319402305393,116.9967300696036,0.0
9.665000000000001,1.5680398715102966,-0.701108793548939,0.9282657424396492,0.0,3.8596558021722696,3.15066037331018,118.33130206501812,116.9967300696036,0.0
9.666,1.5671685031711438,-0.699828347895781,0.9558660015034097,0.0,3.8587262896191072,3.1607143823036443,118.23820003336931,116.9967300696036,0.0
9.667,1.5695214102384323,-0.6981644044332722,0.9900023176901585,0.0,3.8587248998962638,3.172881497871559,118.11409894504928,116.9967300696036,0.0
9.668000000000001,1.5752519302422048,-0.6962396456129675,1.0408791730957176,0.0,3.859745276666887,3.1884800257133983,117.92180709385195,116.9967300696036,0.0
9.669,1.5853571650527676,-0.694147506645747,1.1277743284518968,0.0,3.862012580846442,3.210616166354117,117.76730419558785,116.9967300696036,0.0
9.67,1.6022213049815877,-0.6926057464332609,1.1973200363241037,0.0,3.8661180964384094,3.2357924966170337,117.72978242772336,116.9967300696036,0.0
9.671,1.624985005173682,-0.6918160980215682,1.208750396675151,0.0,3.872259249774312,3.257088262350909,117.73497135272501,116.9967300696036,0.0
9.672,1.6493916850192583,-0.68985120922257,1.1987735213431132,0.0,3.8797076230662384,3.2731997091738574,117.70198655770083,116.9967300696036,0.0
9.673,1.6722467504043923,-0.6848344565641923,1.2082133539742292,0.0,3.887490109806836,3.2873130085925384,117.65194234269315,116.9967300696036,0.0
9.674,1.6933987830207697,-0.6764767748899315,1.2266833387471778,0.0,3.895036500357657,3.300632353808176,117.66946475420663,116.9967300696036,0.0
9.675,1.7131695313960509,-0.6657160925569368,1.2111947861444063,0.0,3.9020600881350727,3.309522700928178,117.5647428568991,116.9967300696036,0.0
9.676,1.7295431932348166,-0.6529647382688775,1.2578756069252148,0.0,3.90797530969839,3.3219127526073287,117.32371402770198,116.9967300696036,0.0
9.677,1.7470009564530726,-0.6383983973797199,1.375120181942791,0.0,3.9130632303183646,3.3443287989834003,117.15435060898474,116.9967300696036,0.0
9.678,1.7714535257081996,-0.6248234610514032,1.4582256859075993,0.0,3.9185363839267247,3.3704659874839336,116.96324293673595,116.9967300696036,0.0
9.679,1.8025713085205424,-0.6133675981930405,1.5541143933606711,0.0,3.924951545473166,3.4010750448586324,116.6520833290176,116.9967300696036,0.0
9.68,1.8409641389168603,-0.6039273378486976,1.7131406646257072,0.0,3.932862226593139,3.441886681899658,116.12767056066966,116.9967300696036,0.0
9.681000000000001,1.8900004350141826,-0.5977766180811006,1.9840376438890184,0.0,3.9434808267342247,3.5026065640881487,116.35189041820475,116.9967300696036,0.0
9.682,1.9560700658413337,-0.5994014454674701,1.8783761116354623,0.0,3.959349793290228,3.5372072833013624,116.43526779615189,116.9967300696036,0.0
9.683,2.0190430817884915,-0.5976884188334092,1.8423020453964072,0.0,3.9768872539083415,3.5607569598391784,116.37992917171299,116.9967300696036,0.0
9.684000000000001,2.0742033846856858,-0.5896718974315791,1.876139366594765,0.0,3.9941612490305647,3.5823503576200135,116.25644167662455,116.9967300696036,0.0
9.685,2.1235294521556733,-0.5765106880012214,1.9452859980687758,0.0,4.010499616595328,3.605905306992419,116.11045763838246,116.9967300696036,0.0
9.686,2.1704991535329214,-0.5605364780592247,2.0271407415020324,0.0,4.025934091341541,3.6323777471701817,115.93056683022,116.9967300696036,0.0
9.687,2.2180422393074335,-0.5436032654146516,2.1277477779770955,0.0,4.040769451339424,3.6632345749612893,115.70730734674962,116.9967300696036,0.0
9.688,2.2690492861993796,-0.5270594942511669,2.2522717469408287,0.0,4.055556475415092,3.7000454778939655,115.46679168934877,116.9967300696036,0.0
9.689,2.326077068470683,-0.5123427500542145,2.3878289594438016,0.0,4.071092483226432,3.7425570610457077,115.25101912892325,116.9967300696036,0.0
9.69,2.3904389695989914,-0.5003580998922287,2.513172349063365,0.0,4.088154904495963,3.7882937560951286,115.0826923093629,116.9967300696036,0.0
9.691,2.461724962873263,-0.49052997775522966,2.6164761364459466,0.0,4.107123506210031,3.8340751662335637,114.96615996353442,116.9967300696036,0.0
9.692,2.537790169701708,-0.48161693088358015,2.6950480104208756,0.0,4.1278912348320285,3.8771308509745923,114.86385258075404,116.9967300696036,0.0
9.693,2.615663308538789,-0.4721212653516329,2.767530476699562,0.0,4.149932366326127,3.91733969945083,114.7412111677486,116.9967300696036,0.0
9.694,2.6934015871249692,-0.46107214402631147,2.851406372220832,0.0,4.172669822827976,3.956460820817297,114.59129553146695,116.9967300696036,0.0
9.695,2.770790556822907,-0.4483821686760068,2.9504185357430224,0.0,4.195760239741005,3.996260750848618,114.42588854603599,116.9967300696036,0.0
9.696,2.848718843830952,-0.4345701532694324,3.0588304436941796,0.0,4.219129186024644,4.037526695933611,114.25771259176405,116.9967300696036,0.0
9.697000000000001,2.9282330111843087,-0.4202562885211969,3.1703085956085473,0.0,4.242851427220177,4.080214143230748,114.09189129543908,116.9967300696036,0.0
9.698,3.0100108738510385,-0.40585670472523794,3.2822676315126746,0.0,4.267029373455799,4.124005359128228,113.9276666090651,116.9967300696036,0.0
9.699,3.094328771443583,-0.39155258544873606,3.395070609305052,0.0,4.291739189375151,4.1686667951491305,113.76323871084642,116.9967300696036,0.0
9.700000000000001,3.1812403604225947,-0.37738580397755705,3.509619472001962,0.0,4.317028862535594,4.214088318466849,113.59810487758016,116.9967300696036,0.0
9.701,3.270717234165156,-0.3633441097727259,3.6261726405553296,0.0,4.342928802163944,4.260198676460849,113.43243999388842,116.9967300696036,0.0
9.702,3.3626975728907853,-0.34939581210119774,3.744647983158348,0.0,4.369455887827038,4.306931680096689,113.26614557844833,116.9967300696036,0.0
9.703,3.4571028861795976,-0.335499935624922,3.8651010357899462,0.0,4.396614501851731,4.354244393224185,113.09896595700145,116.9967300696036,0.0
9.704,3.5538599173846332,-0.32161644711106896,3.9876684876394064,0.0,4.424400300814947,4.402120365318862,112.93084553744221,116.9967300696036,0.0
9.705,3.652915637161324,-0.30771471965659525,4.112387542740643,0.0,4.452804761956453,4.450552182779649,115.16125793476145,116.9967300696036,0.0
9.706,3.7478083856743565,-0.3047473898259552,3.015536065429443,0.0,4.483024569723062,4.365632766414595,115.39991827443968,116.9967300696036,0.0
9.707,3.7461095165305682,-0.3091487564963997,2.912174013541965,0.0,4.502244278708559,4.292961764619144,115.37054421006295,116.9967300696036,0.0
9.708,3.702093986013618,-0.2991107883550108,2.9431229043257416,0.0,4.511126726453704,4.238742552072306,116.03486144853694,116.9967300696036,0.0
9.709,3.6400145652862617,-0.28855800388691555,2.620582971299409,0.0,4.512638581559575,4.161433204988769,116.7495336255826,116.9967300696036,0.0
9.71,3.5522603704347135,-0.27714257339685733,2.2657188472167906,0.0,4.50511814693728,4.065228491031749,116.78195138260031,116.9967300696036,0.0
9.711,3.4388879632531806,-0.2615871980898199,2.251657755577968,0.0,4.487132347402637,3.991487549010207,116.65202916890188,116.9967300696036,0.0
9.712,3.324042837907778,-0.24875947894993566,2.3200658714342026,0.0,4.462315538266991,3.9424868646141085,116.71264517960378,116.9967300696036,0.0
9.713000000000001,3.222961934500085,-0.24611531631255357,2.2925987149832476,0.0,4.434917760906583,3.90216954749728,116.8852982291345,116.9967300696036,0.0
9.714,3.136312669414507,-0.2535136548514658,2.207386508622577,0.0,4.407068288436188,3.8625661233462667,117.0599865759343,116.9967300696036,0.0
9.715,3.059830005407987,-0.26788806151615885,2.119409770159371,0.0,4.379550622145459,3.82285937558583,117.20733327244103,116.9967300696036,0.0
9.716000000000001,2.9899878493455785,-0.28656067271829355,2.043630389877632,0.0,4.352724290873348,3.783833382052805,117.34251410211604,116.9967300696036,0.0
9.717,2.924670592479298,-0.30781413162671767,1.9725821347150032,0.0,4.326829147743051,3.7454563171754667,117.4778306088682,116.9967300696036,0.0
9.718,2.8623081182639076,-0.3304447509960454,1.9001128759462764,0.0,4.301962645979589,3.707273008154929,117.61353128012745,116.9967300696036,0.0
9.719,2.8015382906275996,-0.35348782566854764,1.8260945282114163,0.0,4.278072895510703,3.669065110494791,117.74534331853994,116.9967300696036,0.0
9.72,2.7413286472591825,-0.37621616593108864,1.7527023765158072,0.0,4.255021017004847,3.630971436838772,117.86997262334762,116.9967300696036,0.0
9.721,2.6810975497092393,-0.39817768164460743,1.6816552985745252,0.0,4.232653442309834,3.5933240099379953,117.9861453846329,116.9967300696036,0.0
9.722,2.6206847105022586,-0.4191682023755436,1.61367476478159,0.0,4.210847224517515,3.556480281657253,118.09373398905431,116.9967300696036,0.0
9.723,2.560228678049366,-0.4391536907623051,1.5489104233763786,0.0,4.189525754191586,3.520742067386457,118.19189954485275,116.9967300696036,0.0
9.724,2.50005167428704,-0.4581577855707338,1.4878759507246717,0.0,4.168653205016231,3.4863942890218382,118.28521811305278,116.9967300696036,0.0
9.725,2.4405266243335366,-0.47633146540780547,1.4283317861901637,0.0,4.148242196755944,3.453400505661131,118.37205105292043,116.9967300696036,0.0
9.726,2.381908209494739,-0.4937545167967752,1.3711621064231712,0.0,4.12830770984003,3.4218245518141743,118.45062174409118,116.9967300696036,0.0
9.727,2.324428247500776,-0.5104757715279049,1.3173378440929184,0.0,4.108874183737544,3.39180038427261,118.52096551190841,116.9967300696036,0.0
9.728,2.2683343392404614,-0.5265471914303376,1.266923605761253,0.0,4.0899822371331105,3.3634234875704707,118.58406647816258,116.9967300696036,0.0
9.729000000000001,2.213855771769531,-0.5420160841031658,1.219499758548579,0.0,4.07168265951389,3.3367143084072213,118.64077603585557,116.9967300696036,0.0
9.73,2.1611644288536165,-0.5569060968866247,1.1747045200395676,0.0,4.05402533421972,3.3116441136805532,118.69144726880832,116.9967300696036,0.0
9.731,2.11036647574624,-0.5712107095966563,1.1324217315711445,0.0,4.03705132925257,3.28817291296335,118.73606630454364,116.9967300696036,0.0
9.732,2.061519665600198,-0.5849004653781423,1.0927188513540824,0.0,4.020790431719279,3.26627211246695,118.77448185689067,116.9967300696036,0.0
9.733,2.0146580382793706,-0.5979352845682612,1.0557335573076956,0.0,4.005262476442772,3.2459302596277606,118.80654418643535,116.9967300696036,0.0
9.734,1.9698114975407075,-0.6102747963539781,1.0216042513670418,0.0,3.9904801295145242,3.227149929039874,118.83214213242259,116.9967300696036,0.0
9.735,1.9270167542282592,-0.6218842937362397,0.9904511577452302,0.0,3.976451633814506,3.2099428059359436,118.85118493252632,116.9967300696036,0.0
9.736,1.8863214091524287,-0.6327370026802213,0.9623852090641365,0.0,3.9631829783841117,3.194326362678917,118.86356675897981,116.9967300696036,0.0
9.737,1.8477843458645458,-0.6428142900632756,0.9375259289436286,0.0,3.9506795186937507,3.1803229603890193,118.86912801076525,116.9967300696036,0.0
9.738,1.8114750538683322,-0.6521051889731684,0.9160213236392936,0.0,3.9389472907496925,3.1679612900635066,118.86761221722686,116.9967300696036,0.0
9.739,1.7774735786138645,-0.6606061186793126,0.8980703989322549,0.0,3.9279943118460667,3.157280077669439,118.85863283580001,116.9967300696036,0.0
9.74,1.7458720761133888,-0.6683214409674639,0.8839410619837182,0.0,3.9178321857480314,3.148333121329654,118.8418793372343,116.9967300696036,0.0
9.741,1.7167773629914487,-0.6752661785960986,0.873866318590264,0.0,3.90847834454209,3.141182123028659,118.81874741210045,116.9967300696036,0.0
9.742,1.6903038015217708,-0.6814729831224652,0.8672121077322221,0.0,3.8999580887482566,3.135800769307162,118.80235774220314,116.9967300696036,0.0
9.743,1.6665007856926193,-0.6869966650068474,0.8573506659548804,0.0,3.8922972601236765,3.131440905018017,118.75552586972736,116.9967300696036,0.0
9.744,1.6451547054863638,-0.6914090520079594,0.8631786441915319,0.0,3.885396653683917,3.129600674983529,118.72525008840557,116.9967300696036,0.0
9.745000000000001,1.626619645049945,-0.6954607981165992,0.8610313346644076,0.0,3.8794036530866247,3.128785319324106,118.69092514154269,116.9967300696036,0.0
9.746,1.610650435800692,-0.6986414650026086,0.8612518573764572,0.0,3.874237772879494,3.129069192177548,118.65454868008729,116.9967300696036,0.0
9.747,1.5970190449217643,-0.7008749978940529,0.8628619019993224,0.0,3.869830749927618,3.1303227503105155,118.60180618733447,116.9967300696036,0.0
9.748,1.5855715107782553,-0.7020287439403423,0.8731823871984203,0.0,3.8660943618204056,3.1332523181076692,118.53649086214713,116.9967300696036,0.0
9.749,1.5766054341496845,-0.7022598466652833,0.8904424418666559,0.0,3.863038453142908,3.1381824845636075,118.46385777408437,116.9967300696036,0.0
9.75,1.5705009483839065,-0.7017920177754728,0.9120877088532278,0.0,3.8607273797736283,3.1451042549959936,118.38598330386398,116.9967300696036,0.0
9.751,1.567501610397797,-0.7007880503577563,0.9371324116208208,0.0,3.859233832657463,3.1539100880035957,118.30097187885472,116.9967300696036,0.0
9.752,1.5676990351724978,-0.699342648742682,0.9665957060329375,0.0,3.8586212690501935,3.1646247882514014,118.2010409899008,116.9967300696036,0.0
9.753,1.5711460068307268,-0.697553806644988,1.004518041306926,0.0,3.858959113213837,3.1777063934150585,118.0555505753774,116.9967300696036,0.0
9.754,1.5781528584422493,-0.6955466663981374,1.0666750435108918,0.0,3.8603684364713047,3.1952353854077247,117.85499571947821,116.9967300696036,0.0
9.755,1.5903080237131486,-0.6934768827314117,1.158369814961738,0.0,3.86318212180142,3.219350265700741,117.74253043152117,116.9967300696036,0.0
9.756,1.609561276463991,-0.6923074010278407,1.2071444553210804,0.0,3.8680179814771,3.243786983072603,117.73232540043804,116.9967300696036,0.0
9.757,1.633422711912883,-0.6913868789852766,1.204891017554302,0.0,3.874724364314753,3.2630957647450374,117.72915920610176,116.9967300696036,0.0
9.758000000000001,1.6574974310068626,-0.6885152841159151,1.1991498233574642,0.0,3.8823843168206795,3.278125704804161,117.6819212970248,116.9967300696036,0.0
9.759,1.6796761066716144,-0.6823002772943465,1.2159168656217298,0.0,3.8901263332802474,3.2921215255668206,117.64857953366665,116.9967300696036,0.0
9.76,1.700437309876169,-0.6729840751037801,1.2260692526601753,0.0,3.8975310979973763,3.3043791124549022,117.66922326708948,116.9967300696036,0.0
9.761000000000001,1.7192585137557868,-0.6616826600424984,1.2090224539739014,0.0,3.9042711512967667,3.312312025005302,117.47810174525056,116.9967300696036,0.0
9.762,1.734895171517956,-0.6479253002394395,1.2997694981368935,0.0,3.9097301950935326,3.3287464741603494,117.26230880959527,116.9967300696036,0.0
9.763,1.754465850092945,-0.6334611849885954,1.4050101785646203,0.0,3.9148333003465665,3.3527559791193626,117.07801231313155,116.9967300696036,0.0
9.764,1.7811474915486611,-0.6206627574813982,1.4963456043611987,0.0,3.9205638596969132,3.381130060366745,116.8171673578939,116.9967300696036,0.0
9.765,1.8150989798520496,-0.6101654457467793,1.628563709097125,0.0,3.9275320512212284,3.417402579388594,116.22738985867102,116.9967300696036,0.0
9.766,1.8583786191278902,-0.6028482188498826,1.9311458608178889,0.0,3.936730753653983,3.4782852758653062,116.36339916236656,116.9967300696036,0.0
9.767,1.9212048539354836,-0.603330893991777,1.869474518042487,0.0,3.951224122025713,3.517711814279044,116.47732214170372,116.9967300696036,0.0
9.768,1.9845293956787584,-0.6027215986966219,1.817707107652905,0.0,3.9681389581677564,3.5432298967297973,116.4614997775634,116.9967300696036,0.0
9.769,2.040774546396653,-0.5964186903856467,1.830970592643467,0.0,3.9852268919794147,3.564310590841001,116.35417747923861,116.9967300696036,0.0
9.77,2.0903305333666724,-0.5844643453288383,1.8910572677095112,0.0,4.001462152947889,3.586580201270087,116.2177904659759,116.9967300696036,0.0
9.771,2.1365559917518726,-0.569016239971384,1.9670401703771483,0.0,4.0167211007236725,3.6114143887432184,116.05729828816787,116.9967300696036,0.0
9.772,2.182452381028131,-0.5521465979524449,2.0566805770955177,0.0,4.0312363929006825,3.6398053197224236,115.84659793946842,116.9967300696036,0.0
9.773,2.230728777991615,-0.5352461371759497,2.173532072746593,0.0,4.045448894692687,3.673914507502623,115.59984130929149,116.9967300696036,0.0
9.774000000000001,2.284413426164749,-0.5195573902714291,2.31087927543818,0.0,4.060094307531779,3.7145511566941574,115.3718632133313,116.9967300696036,0.0
9.775,2.3453798781169373,-0.5067205514356844,2.4411169919810014,0.0,4.076083679203228,3.759371895810232,115.17509426847741,116.9967300696036,0.0
9.776,2.413784401611192,-0.49643791153050054,2.5577178224192068,0.0,4.0939534656179255,3.8059183792997726,115.03880303356586,116.9967300696036,0.0
9.777000000000001,2.4882519672356977,-0.4877544140851139,2.6454427102353604,0.0,4.113838563420167,3.8505735354534716,114.93838097142049,116.9967300696036,0.0
9.778,2.5658142302308917,-0.47909791367063137,2.7162372322898767,0.0,4.135335286986417,3.8918746610466313,114.83106086055594,116.9967300696036,0.0
9.779,2.643745211169396,-0.4691126731173926,2.791553979812628,0.0,4.157800639298645,3.930975458170776,114.69505732151372,116.9967300696036,0.0
9.78,2.7209948374930164,-0.4572817278378877,2.8825724768146372,0.0,4.180727984516852,3.9699534289225085,114.53545077643447,116.9967300696036,0.0
9.781,2.7980993465297272,-0.44392796878572727,2.9869885422859497,0.0,4.203909788245469,4.010192919621911,114.36695205611079,116.9967300696036,0.0
9.782,2.876217304713328,-0.429730145590852,3.09753568258272,0.0,4.227369137710249,4.052020736092338,114.19932745857248,116.9967300696036,0.0
9.783,2.9563121542744435,-0.4152658140454537,3.209322007462184,0.0,4.251216235637548,4.095173476326085,114.03442428565404,116.9967300696036,0.0
9.784,3.0388812793587423,-0.40084705724979375,3.3213966517609013,0.0,4.275552477863426,4.1393243446895935,113.87037039151873,116.9967300696036,0.0
9.785,3.1240736054800617,-0.3865770390817054,3.4346871956094036,0.0,4.300444668272533,4.184289499197183,113.70576593821444,116.9967300696036,0.0
9.786,3.2118834590203464,-0.3724594941770667,3.5498990635754413,0.0,4.325933925333657,4.229980596704485,113.5405213191672,116.9967300696036,0.0
9.787,3.302253749100219,-0.3584650502815563,3.667083460603427,0.0,4.35204515305994,4.276327041787203,113.37474248168581,116.9967300696036,0.0
9.788,3.3951043808488284,-0.34455199991333485,3.7861927552232966,0.0,4.378789411420318,4.323270276980636,113.20820460635294,116.9967300696036,0.0
9.789,3.4903502855299844,-0.33067511041765196,3.9073469475222424,0.0,4.4061662401231585,4.370780939500009,113.04071704957599,116.9967300696036,0.0
9.790000000000001,3.5879223631720576,-0.3167959017965474,4.0306508561109915,0.0,4.434168508154287,4.418849637165684,112.87229561025765,116.9967300696036,0.0
9.791,3.6877748520930718,-0.3028875039799248,4.15610592036362,0.0,4.462786287475254,4.467470656844914,114.85578083288901,116.9967300696036,0.0
9.792,3.772138459288583,-0.3191013403189138,3.185772801415087,0.0,4.495326996807499,4.397818686859158,115.8137319551917,116.9967300696036,0.0
9.793000000000001,3.7798935440203874,-0.32479804458148553,2.7186272214078615,0.0,4.518112937313441,4.29669387894535,116.39601226599262,116.9967300696036,0.0
9.794,3.7226092820284773,-0.31281287085042164,2.4334942440435086,0.0,4.527132466824363,4.187645793829938,116.51600772246802,116.9967300696036,0.0
9.795,3.619876177888366,-0.2889714361290159,2.3783037392771678,0.0,4.521842528790606,4.0979126432619974,116.50774702657091,116.9967300696036,0.0
9.796,3.5003871099439587,-0.2642132795692309,2.3873239176560483,0.0,4.5056232866290715,4.030284405049301,116.58964664767753,116.9967300696036,0.0
9.797,3.3839146724274913,-0.24716826368772415,2.350444941322001,0.0,4.482635774681052,3.9752672547085535,116.72546859796225,116.9967300696036,0.0
9.798,3.2778535599974434,-0.24026505199268655,2.285246580896054,0.0,4.455856395766118,3.9271520363157033,116.85808483794925,116.9967300696036,0.0
9.799,3.1834976614931287,-0.24277922532090113,2.220324913219097,0.0,4.42728902408645,3.8839995397416165,116.97911673440889,116.9967300696036,0.0
9.8,3.1001905599737274,-0.25312175758455835,2.1599850983412234,0.0,4.39837567673306,3.844537614879264,117.10402333563576,116.9967300696036,0.0
9.801,3.0263737814009932,-0.2695439601199816,2.0964588650674676,0.0,4.370110488585033,3.8070328348842812,117.23957255259104,116.9967300696036,0.0
9.802,2.959725647049681,-0.29019132121586333,2.0262558317599515,0.0,4.3430283289475025,3.769958069735821,117.38177862627583,116.9967300696036,0.0
9.803,2.8976583331743178,-0.31325846088902765,1.9513023093508344,0.0,4.3172778205119675,3.7325006311893025,117.52428088184692,116.9967300696036,0.0
9.804,2.8379045746795546,-0.33723963479481744,1.8747756734428571,0.0,4.292763876798242,3.694497731223768,117.66208619453694,116.9967300696036,0.0
9.805,2.7788461202513783,-0.3610585154558794,1.7992194558485135,0.0,4.269281302592993,3.656196701709266,117.79238411372592,116.9967300696036,0.0
9.806000000000001,2.7195703893198306,-0.3840692707557274,1.7261139558128025,0.0,4.246609877133192,3.6180212207558955,117.91403062609898,116.9967300696036,0.0
9.807,2.659755071800966,-0.40597459779806777,1.6561176940613178,0.0,4.224567524545693,3.580414539177335,118.02689219629086,116.9967300696036,0.0
9.808,2.599487476486832,-0.4267155771259059,1.5893852876985046,0.0,4.203031193514725,3.5437549707248492,118.13061192740547,116.9967300696036,0.0
9.809000000000001,2.5390992813269904,-0.44634653839944005,1.5261866035631817,0.0,4.181934534688417,3.508363220337701,118.22676662869752,116.9967300696036,0.0
9.81,2.4790304891755977,-0.4649974480740986,1.465808887326217,0.0,4.161263657157502,3.4743951023469792,118.31745794859077,116.9967300696036,0.0
9.811,2.419673121367567,-0.482828739813861,1.407255948589719,0.0,4.141037988575232,3.441848284840962,118.4009808313907,116.9967300696036,0.0
9.812,2.3613142336056434,-0.4999304108383984,1.3514519995718848,0.0,4.1212830759958905,3.4108065811984543,118.47633294392057,116.9967300696036,0.0
9.813,2.3042144119924837,-0.5163645334284681,1.29897991456378,0.0,4.102036221084894,3.381377058301377,118.54395539697254,116.9967300696036,0.0
9.814,2.2486212587863963,-0.5321852858513052,1.2496964347641066,0.0,4.083347040915902,3.3536135889115646,118.60475797363944,116.9967300696036,0.0
9.815,2.1947383836644696,-0.5474292543893005,1.2032148673902978,0.0,4.0652690608397775,3.327508595562062,118.65935236194892,116.9967300696036,0.0
9.816,2.1427040803847137,-0.5621041841202097,1.1592914503121035,0.0,4.047850182021335,3.3030244879445885,118.7079129119899,116.9967300696036,0.0
9.817,2.0925973108814864,-0.5761901350700308,1.117899346867753,0.0,4.031127485630163,3.280124407611478,118.75035524565584,116.9967300696036,0.0
9.818,2.044460006198909,-0.5896499045399637,1.0791419282742578,0.0,4.01512676597699,3.258786706481773,118.78652537589443,116.9967300696036,0.0
9.819,1.998320221056473,-0.6024408674601047,1.0431589100920553,0.0,3.99986475640268,3.2390061490044553,118.81629178114736,116.9967300696036,0.0
9.82,1.9542079808999961,-0.6145234261466014,1.0100800903501534,0.0,3.9853520638643825,3.220789554893439,118.83955657165346,116.9967300696036,0.0
9.821,1.912162962579146,-0.6258652143238213,0.9800194300766025,0.0,3.9715957522814436,3.2041512961207523,118.85622914010715,116.9967300696036,0.0
9.822000000000001,1.872236601451146,-0.6364422745355346,0.9530881551447243,0.0,3.9586013047210438,3.1891108479681396,118.86618983885931,116.9967300696036,0.0
9.823,1.834491652918991,-0.6462387836262536,0.929413208076084,0.0,3.9463741024992856,3.1756927491737743,118.86925030775815,116.9967300696036,0.0
9.824,1.7990014503268743,-0.6552464955316476,0.9091577712451198,0.0,3.9349206938389534,3.1639288642557615,118.86510943097271,116.9967300696036,0.0
9.825000000000001,1.7658502641476879,-0.6634646365187161,0.8925444160241498,0.0,3.924250155942377,3.15386284071131,118.85334624456159,116.9967300696036,0.0
9.826,1.7351354310678453,-0.6709009372458988,0.8798598474801278,0.0,3.914375881151132,3.1455543165210025,118.83401257929641,116.9967300696036,0.0
9.827,1.7069687380963043,-0.6775762714042759,0.8711538550157893,0.0,3.9053181051701307,3.1390495916810357,118.80995719350443,116.9967300696036,0.0
9.828,1.6814554407491857,-0.6835285412359392,0.865049276672772,0.0,3.8971036306431297,3.1342299138123444,118.77336833309596,116.9967300696036,0.0
9.829,1.6586931040617858,-0.6886068279451105,0.8655773242420843,0.0,3.889727724621655,3.1314386113560198,118.78089003112619,116.9967300696036,0.0
9.83,1.638683822148632,-0.6932719680375252,0.8439748756117424,0.0,3.8832726614997677,3.1277806963617234,118.71183880449937,116.9967300696036,0.0
9.831,1.6201728651300844,-0.6964911772667449,0.8613494015761978,0.0,3.877404774804931,3.127806401349969,118.6682290224093,116.9967300696036,0.0
9.832,1.6047101178886434,-0.699132614629465,0.8664393030931699,0.0,3.872384613296007,3.1291446837035015,118.62904091450098,116.9967300696036,0.0
9.833,1.5920407614886782,-0.7010742375869985,0.8697102485983612,0.0,3.8681874603250317,3.131395028392771,118.57586431162501,116.9967300696036,0.0
9.834,1.581823190151224,-0.7020852037934382,0.8805072076161296,0.0,3.864726847173215,3.135152818636041,118.51053790370082,116.9967300696036,0.0
9.835,1.5741656758539795,-0.702222127860902,0.8980323332372522,0.0,3.8619930263462616,3.1407487136272687,118.43721162430889,116.9967300696036,0.0
9.836,1.569326815642414,-0.7016440033638335,0.9202906573861669,0.0,3.860027214165776,3.148240500917148,118.35738607801353,116.9967300696036,0.0
9.837,1.567507528860774,-0.7004941706446008,0.9465968704497443,0.0,3.85888646157818,3.15760936139936,118.26811504491737,116.9967300696036,0.0
9.838000000000001,1.5688196398045018,-0.6988858608123467,0.9785185372446905,0.0,3.8586312545432104,3.1690130567197734,118.15732881073787,116.9967300696036,0.0
9.839,1.5734030007923339,-0.6969652931681171,1.0223056669230977,0.0,3.8593467584012364,3.1832571808020997,117.98471903194458,116.9967300696036,0.0
9.84,1.581886323428079,-0.6948521978395994,1.0987306666963315,0.0,3.8612018894719977,3.2032299896602128,117.80005839271182,116.9967300696036,0.0
9.841000000000001,1.5964686846676186,-0.6929526944223238,1.1830277030816294,0.0,3.864680973898879,3.2283802282342497,117.73039690702328,116.9967300696036,0.0
9.842,1.6177941355530467,-0.6920419524970826,1.2105217775517034,0.0,3.8702459871628703,3.251344753236424,117.73459263117755,116.9967300696036,0.0
9.843,1.6421734292603252,-0.6906681508031103,1.2010452898588277,0.0,3.8774089408335977,3.2687835048749174,117.71644014706881,116.9967300696036,0.0
9.844,1.6656430218417997,-0.686675505368471,1.2029244311385454,0.0,3.88517402132023,3.2831582848874423,117.6619642394778,116.9967300696036,0.0
9.845,1.6872198828641396,-0.6792552946295359,1.2235100432353097,0.0,3.8928237750325154,3.296978962078583,117.65611725401703,116.9967300696036,0.0
9.846,1.7075593900343748,-0.6690929435117628,1.2198396641215572,0.0,3.9000469645771205,3.307551371919854,117.62804132937201,116.9967300696036,0.0
9.847,1.725112872815485,-0.6571391064203479,1.2275645138463847,0.0,3.906391777582515,3.3169478089581084,117.39038070002447,116.9967300696036,0.0
9.848,1.7412712821690517,-0.642737096441542,1.3424583222159483,0.0,3.911577070264441,3.3369982638153983,117.22502731547014,116.9967300696036,0.0
9.849,1.763489574531761,-0.6285608918923021,1.4228520420344442,0.0,3.9168335167632744,3.360974145485129,117.01037064083461,116.9967300696036,0.0
9.85,1.7917384756830776,-0.6164063837067241,1.5300439736399012,0.0,3.922766672924276,3.3911800627131665,116.75693082009523,116.9967300696036,0.0
9.851,1.827917677548221,-0.6066057696296902,1.6591618765046716,0.0,3.930170582725362,3.4283925306399183,116.09764371171096,116.9967300696036,0.0
9.852,1.873104685162027,-0.6001150567862731,1.9977962942757366,0.0,3.9399393760670116,3.4939739708614077,116.29207353824873,116.9967300696036,0.0
9.853,1.9400785709683215,-0.6016848425180514,1.9076279463203998,0.0,3.9555270176555744,3.53375402657956,116.45313445842382,116.9967300696036,0.0
9.854000000000001,2.006190923057889,-0.6017662599930594,1.832533442344653,0.0,3.9735271587220287,3.5571535090551833,116.44814945535478,116.9967300696036,0.0
9.855,2.0630494222086715,-0.5950942579902307,1.8405117500216601,0.0,3.991332499534339,3.5760483048884293,116.33105949101518,116.9967300696036,0.0
9.856,2.1118483139960826,-0.5820130401347885,1.9057134379773435,0.0,4.007874571904672,3.597127264712829,116.18521497316321,116.9967300696036,0.0
9.857,2.156998183909405,-0.5653202841910493,1.9867508478677323,0.0,4.023164942045154,3.6215361372276185,116.01192915570415,116.9967300696036,0.0
9.858,2.202049769817311,-0.5474651371410615,2.0832417657362567,0.0,4.0375700238070085,3.6503326106208718,115.78311164602752,116.9967300696036,0.0
9.859,2.250199959002596,-0.5299015158615664,2.209786704810333,0.0,4.051660797861755,3.6857989740191464,115.52396587109044,116.9967300696036,0.0
9.86,2.3047391674799895,-0.5140817493489624,2.354087234264006,0.0,4.066324592747265,3.7282175762915735,115.300399627303,116.9967300696036,0.0
9.861,2.367355004170377,-0.5016852762507579,2.4828336605807344,0.0,4.082558453995789,3.774237449474441,115.11222342526065,116.9967300696036,0.0
9.862,2.4376724683688544,-0.491889065761322,2.5957668280453348,0.0,4.100817298014895,3.8213051429268847,114.98909390553042,116.9967300696036,0.0
9.863,2.5138109777030735,-0.4835467437861277,2.6774079495511804,0.0,4.121137333664953,3.8656710817422133,114.89384854777255,116.9967300696036,0.0
9.864,2.592419251322141,-0.4749274125477562,2.7460594436484285,0.0,4.14299725641507,3.906482158371898,114.78265020966155,116.9967300696036,0.0
9.865,2.670885469262223,-0.46472445722613664,2.8237994113033467,0.0,4.16571616278015,3.9454177998774753,114.64024167028654,116.9967300696036,0.0
9.866,2.7485300360375224,-0.45260463766134074,2.918568564984023,0.0,4.188825592060367,3.984622734931447,114.47678791845597,116.9967300696036,0.0
9.867,2.8261622069723056,-0.43904037923774764,3.025494862410786,0.0,4.212173701687015,4.025269227453107,114.30758511841046,116.9967300696036,0.0
9.868,2.9049982619844688,-0.4247470412654443,3.1369877119454728,0.0,4.235815025010445,4.067485187817823,114.14050227895659,116.9967300696036,0.0
9.869,2.985928331770497,-0.4102631820551016,3.2490914095788774,0.0,4.259863520904591,4.110946215596398,113.97582677973654,116.9967300696036,0.0
9.870000000000001,3.069367469324137,-0.395852866591712,3.3616381920875744,0.0,4.284412973878307,4.155356094853111,113.81147239559964,116.9967300696036,0.0
9.871,3.1554270301123255,-0.38159424412996334,3.4756679608960637,0.0,4.309524124164167,4.200565577914207,113.6464804130317,116.9967300696036,0.0
9.872,3.244095016465042,-0.3674851242857876,3.591666448745753,0.0,4.335235690769309,4.246491880782244,113.48096395939385,116.9967300696036,0.0
9.873,3.33531290726385,-0.35349506670428643,3.7095823366667755,0.0,4.361570915865216,4.293060184692466,113.31491627051221,116.9967300696036,0.0
9.874,3.4289978609622094,-0.3395806239305665,3.829424319098506,0.0,4.388538760713261,4.340215473910704,113.14804891930976,116.9967300696036,0.0
9.875,3.525065687232303,-0.3256961200490457,3.951344806202672,0.0,4.416137198999094,4.387934241096337,112.98023132925475,116.9967300696036,0.0
9.876,3.6234514540167195,-0.31180454804951324,4.075418588633665,0.0,4.444358442293775,4.436208130504774,113.16729829103858,116.9967300696036,0.0
9.877,3.7239328369608007,-0.29818609174621435,4.0201794255274015,0.0,4.4732258357264625,4.465090615079828,116.08892911108644,116.9967300696036,0.0
9.878,3.790519521863155,-0.32185307510507444,2.5684420250886397,0.0,4.504834291005894,4.328513146613631,116.19859551398451,116.9967300696036,0.0
9.879,3.74894833976593,-0.31683034075816946,2.521590169195795,0.0,4.5188349832990165,4.223356637257887,115.84141493602023,116.9967300696036,0.0
9.88,3.6607529024417986,-0.2931488819283158,2.7117336095137716,0.0,4.518365222299438,4.160785931345619,116.23044209760373,116.9967300696036,0.0
9.881,3.5659391368752758,-0.27300543673394617,2.524882908442021,0.0,4.509706402425507,4.091517868242623,116.7188053185826,116.9967300696036,0.0
9.882,3.4624928372558452,-0.2593025029445123,2.2834805454627967,0.0,4.493680769963774,4.014055931848009,116.7642904340177,116.9967300696036,0.0
9.883000000000001,3.351130792558981,-0.24797893058148937,2.2630623841011066,0.0,4.470402943486715,3.9541210136471494,116.72695853613746,116.9967300696036,0.0
9.884,3.246218960083961,-0.2431295249345674,2.284426048375886,0.0,4.443039208939748,3.910832670427797,116.81865238572416,116.9967300696036,0.0
9.885,3.155554547382749,-0.24799258014198117,2.240359900421328,0.0,4.414666443654825,3.872999842230317,116.98595607924467,116.9967300696036,0.0
9.886000000000001,3.0775444852661753,-0.2612071752158519,2.156815793564663,0.0,4.386752646984698,3.8350382927552156,117.15403406485409,116.9967300696036,0.0
9.887,3.007774163776876,-0.27976701978058377,2.0712037608074505,0.0,4.359743511985456,3.796394270768541,117.30309775757976,116.9967300696036,0.0
9.888,2.942826747368903,-0.3012300588827156,1.993608237564851,0.0,4.333746224143056,3.757680862841482,117.44203578676047,116.9967300696036,0.0
9.889,2.880639012100148,-0.3240567633769666,1.9196861658029287,0.0,4.308773631395537,3.7190747709769854,117.57769549673621,116.9967300696036,0.0
9.89,2.819866714379862,-0.3472526809666854,1.8460466565437317,0.0,4.2847609726262466,3.6805339791198386,117.7098291941745,116.9967300696036,0.0
9.891,2.7595816395103325,-0.3701338876714987,1.7728488165788772,0.0,4.261580474109805,3.6421542685263804,117.835851510342,116.9967300696036,0.0
9.892,2.6992456167679437,-0.3922677896278443,1.7014464440877468,0.0,4.239085971533812,3.604206308319216,117.95400055759056,116.9967300696036,0.0
9.893,2.6386932293095966,-0.4134447010876872,1.6327992155835944,0.0,4.217154244435717,3.5670239248576174,118.06381878668749,116.9967300696036,0.0
9.894,2.5780449967081585,-0.4336231331529291,1.5672192138642904,0.0,4.195705310113854,3.5309050608398618,118.16420928239931,116.9967300696036,0.0
9.895,2.517609195613647,-0.4528215830131064,1.5053491738804228,0.0,4.174699427986366,3.4961447412050455,118.25893637203136,116.9967300696036,0.0
9.896,2.4577655904597955,-0.471173047694068,1.4453635660401227,0.0,4.154144778724451,3.462758587414346,118.347688587556,116.9967300696036,0.0
9.897,2.3987950898833716,-0.48877411556599226,1.3874778730982809,0.0,4.134059581828759,3.430776332943193,118.42859696320023,116.9967300696036,0.0
9.898,2.3409274262248347,-0.5056764612158765,1.3327050163401934,0.0,4.114467926518289,3.4003133649122903,118.50125459469919,116.9967300696036,0.0
9.899000000000001,2.284399751998384,-0.5219270705569302,1.2813309553397598,0.0,4.095407683506792,3.3714734775392876,118.56643822751326,116.9967300696036,0.0
9.9,2.2294402129546067,-0.5375710998701967,1.2330420573536287,0.0,4.076927813190194,3.3442937889865165,118.62503288642291,116.9967300696036,0.0
9.901,2.176229669826486,-0.5526352052215048,1.187461699730608,0.0,4.0590785723454905,3.318756696252348,118.67750072648411,116.9967300696036,0.0
9.902000000000001,2.124886322396091,-0.567118020979419,1.1444200731312042,0.0,4.041903014991696,3.294825276143483,118.72390850908444,116.9967300696036,0.0
9.903,2.0754772049317447,-0.5809942248346787,1.1039443974362326,0.0,4.025433425628895,3.2724691036964466,118.76413843780627,116.9967300696036,0.0
9.904,2.0280409887333075,-0.5942255893593673,1.0661553493932918,0.0,4.009691866016833,3.2516734436372445,118.79804586113555,116.9967300696036,0.0
9.905,1.9826083334067346,-0.6067715681289605,1.0311884798133315,0.0,3.994692640379468,3.2324379583733283,118.82551681035686,116.9967300696036,0.0
9.906,1.939214419608012,-0.618596046364788,0.9991651377951436,0.0,3.9804450215976903,3.2147722041104627,118.84646123450214,116.9967300696036,0.0
9.907,1.8979043458095317,-0.6296703115520808,0.970195614073516,0.0,3.9669555136560484,3.1986920181863514,118.86078198799494,116.9967300696036,0.0
9.908,1.8587342401722247,-0.6399736648522674,0.9443947181432044,0.0,3.9542295641273064,3.1842181076274896,118.86833850091436,116.9967300696036,0.0
9.909,1.8217707716461478,-0.6494930798064286,0.9219003773703858,0.0,3.942272920607509,3.171376905127428,118.86890616774494,116.9967300696036,0.0
9.91,1.7870908977426563,-0.6582228570664841,0.9028947829736842,0.0,3.93109290253875,3.1602036379936065,118.86213531990049,116.9967300696036,0.0
9.911,1.7547829798440522,-0.6661649111182094,0.8876261543929405,0.0,3.9206998877365735,3.1507472747961884,118.84760392010095,116.9967300696036,0.0
9.912,1.7249494639376148,-0.6733305217267356,0.8763831157877355,0.0,3.911109334721295,3.143071806048251,118.82600176042335,116.9967300696036,0.0
9.913,1.6977054620037264,-0.6797473007814061,0.8688914787183375,0.0,3.9023444797226774,3.137191684235661,118.80360217072314,116.9967300696036,0.0
9.914,1.6731339288420206,-0.6854599069333192,0.8620225525572491,0.0,3.894432316928827,3.1327728522258926,118.76218366721007,116.9967300696036,0.0
9.915000000000001,1.6512360065030531,-0.6902014626712455,0.8650772683377201,0.0,3.8873339322830374,3.130572451260847,118.7410536605253,116.9967300696036,0.0
9.916,1.6321081786459908,-0.6945986922280395,0.8581990357708889,0.0,3.88116162569919,3.1289801810284583,118.70352067592496,116.9967300696036,0.0
9.917,1.6153128315434238,-0.6979646539517234,0.8598976220078414,0.0,3.8757736062445254,3.1288417438753684,118.66892336693667,116.9967300696036,0.0
9.918000000000001,1.6008752707939309,-0.7004079679934903,0.8604743435286588,0.0,3.871145649947376,3.129644980208459,118.61936868527012,116.9967300696036,0.0
9.919,1.5886164990051919,-0.7017770289244359,0.8690252982052682,0.0,3.867186976475238,3.1320440243670125,118.55623834560573,116.9967300696036,0.0
9.92,1.5787924506182525,-0.7021971014151615,0.8849953852774386,0.0,3.863896592130839,3.136436554398345,118.48511768220828,116.9967300696036,0.0
9.921,1.5717957342733926,-0.7018944596861177,0.9056718408501172,0.0,3.86133700790891,3.1428469005484425,118.40883281190253,116.9967300696036,0.0
9.922,1.567897207686354,-0.7010429712659888,0.9296932485800058,0.0,3.8595837794152605,3.1511547147170225,118.3265222089088,116.9967300696036,0.0
9.923,1.5672008268111601,-0.6997389573716771,0.9575506286838185,0.0,3.858701728543662,3.1613181389839036,118.23252077592169,116.9967300696036,0.0
9.924,1.5697342971475714,-0.6980587536141191,0.9921934381141944,0.0,3.858752442911523,3.1736235054274817,118.10544416898252,116.9967300696036,0.0
9.925,1.5756671120083672,-0.6961248708863993,1.0446446005899903,0.0,3.8598326974244808,3.1894993315101967,117.91052555318372,116.9967300696036,0.0
9.926,1.5860817319950127,-0.694032602500417,1.132965953653588,0.0,3.8621816983992345,3.2120001575982533,117.76247775185239,116.9967300696036,0.0
9.927,1.6033471665637866,-0.6925545705520282,1.1993323774967652,0.0,3.8664042210548546,3.2371078426643933,117.73006936044874,116.9967300696036,0.0
9.928,1.6263243742601887,-0.6917631036508994,1.2082031802901387,0.0,3.872642978911888,3.258084297057404,117.73450244774067,116.9967300696036,0.0
9.929,1.6506991950851295,-0.6896674551377217,1.1986089128628035,0.0,3.880132899755081,3.273991446138097,117.69893796605481,116.9967300696036,0.0
9.93,1.6734412519863284,-0.6844590905098504,1.2093690747412178,0.0,3.8879125797980882,3.2880785548250566,117.65075071931015,116.9967300696036,0.0
9.931000000000001,1.694525632025298,-0.6759394664583563,1.2269224916164827,0.0,3.8954379277061046,3.3012663336498393,117.67129355687938,116.9967300696036,0.0
9.932,1.7141679823578448,-0.6650840036825174,1.2099054379591134,0.0,3.9024206140409716,3.3098906445756953,117.55132783287878,116.9967300696036,0.0
9.933,1.7303579572633296,-0.6521676850844522,1.2643423223266583,0.0,3.9082552224169094,3.3229245471231765,117.31250723929206,116.9967300696036,0.0
9.934000000000001,1.7481175180774824,-0.6376013896399678,1.3805948474231355,0.0,3.9133366308970876,3.3456902772299375,117.13730412718158,116.9967300696036,0.0
9.935,1.7729545699952896,-0.6241672879373659,1.466790662902596,0.0,3.918854383307082,3.3724521095229987,116.92323095794443,116.9967300696036,0.0
9.936,1.8046959522125774,-0.6129313596010433,1.5745622386377645,0.0,3.9253949326054167,3.4048392674791064,116.11647761986902,116.9967300696036,0.0
9.937,1.8440604143521155,-0.6047364913887587,1.9867414321728152,0.0,3.9337310665495386,3.4748910830877624,116.38901243760382,116.9967300696036,0.0
9.938,1.9095703822280017,-0.6067483911300173,1.8565511996254087,0.0,3.948542026313776,3.513516161169448,116.55974545827802,116.9967300696036,0.0
9.939,1.973976146605716,-0.6071687251046323,1.775554535401569,0.0,3.965760515649551,3.5357225622774506,116.54592563294459,116.9967300696036,0.0
9.94,2.0289954994819643,-0.6006483775255681,1.7869724924348729,0.0,3.9827563545891076,3.554088042951522,116.42706801811042,116.9967300696036,0.0
9.941,2.07621673768062,-0.5877729232089348,1.8520979203668895,0.0,3.998538061203075,3.574722034281241,116.29340373718375,116.9967300696036,0.0
9.942,2.119939981409896,-0.5714204128434087,1.9259633241544212,0.0,4.013134974691578,3.598007392848458,116.12169029780397,116.9967300696036,0.0
9.943,2.163218239352211,-0.553904355855496,2.0205704415623105,0.0,4.026837491522937,3.625768659848436,115.8803439337495,116.9967300696036,0.0
9.944,2.2095722118109054,-0.536420380305418,2.152407484948084,0.0,4.040197806630528,3.661013901038875,115.61274569864496,116.9967300696036,0.0
9.945,2.262770521219922,-0.5206625696853132,2.300046446209942,0.0,4.054188094933694,3.703604290615572,115.40320731719302,116.9967300696036,0.0
9.946,2.324306292159571,-0.5087993324228094,2.4207508644600155,0.0,4.069891015371536,3.748898814750533,115.20620154794062,116.9967300696036,0.0
9.947000000000001,2.3933482659135983,-0.4993434040474314,2.537159034302845,0.0,4.087631576430427,3.7958527736124457,115.07804294423113,116.9967300696036,0.0
9.948,2.4683577653770685,-0.49142307194884705,2.6204252074113166,0.0,4.107516800022526,3.840319964834117,114.98364003234899,116.9967300696036,0.0
9.949,2.5460497762347503,-0.48327464737496695,2.687757563724934,0.0,4.129043096995444,3.8811068305565364,114.87914946256197,116.9967300696036,0.0
9.950000000000001,2.6236440370550356,-0.4735185862818856,2.761178654688859,0.0,4.15150376836881,3.919612187265246,114.74372831656856,116.9967300696036,0.0
9.951,2.700201305763639,-0.46170426819020594,2.8514192452159115,0.0,4.174366893896558,3.9580599725390133,114.58359252402377,116.9967300696036,0.0
9.952,2.7764178314122216,-0.4482497389360103,2.9556185169441065,0.0,4.1974266303618615,3.9978905606887523,114.41421087412787,116.9967300696036,0.0
9.953,2.8535918041006934,-0.4339154387175339,3.066134533846812,0.0,4.220721224264119,4.039431861072818,114.24592622587565,116.9967300696036,0.0
9.954,2.932779870177248,-0.41933184864050776,3.177784896410204,0.0,4.2443796369082705,4.0823859229801105,114.0809022085326,116.9967300696036,0.0
9.955,3.014520055464445,-0.40483421242597095,3.2894551836924357,0.0,4.268518710395906,4.126378108215677,113.91715746842455,116.9967300696036,0.0
9.956,3.0989592937686923,-0.3905256043165428,3.4021232797582552,0.0,4.293214124528444,4.171190855610271,113.75297464212174,116.9967300696036,0.0
9.957,3.1860702239150696,-0.3763982556079828,3.516652247184477,0.0,4.318510349710339,4.216725565201829,113.58808964460077,116.9967300696036,0.0
9.958,3.275774632280326,-0.3624108619469395,3.633181150194991,0.0,4.344433083517569,4.262912940390599,113.4226317556995,116.9967300696036,0.0
9.959,3.3679782657445054,-0.3485137700595411,3.7516510777846683,0.0,4.370993475291955,4.3096948988485675,113.25641733726734,116.9967300696036,0.0
9.96,3.462586293787086,-0.3346568282149094,3.8721614143241117,0.0,4.39819073105066,4.357041291631576,113.089234918559,116.9967300696036,0.0
9.961,3.559522475111546,-0.3207982765953268,3.994827575188726,0.0,4.426017029252089,4.404944045376604,112.92108705496734,116.9967300696036,0.0
9.962,3.6587370464696503,-0.30690959022937014,4.119657937130917,0.0,4.4544618030238174,4.453399590736121,115.27511342645506,116.9967300696036,0.0
9.963000000000001,3.7515526395713428,-0.30773624529985644,2.959860917818542,0.0,4.485137472875739,4.36181051366547,115.30496862185984,116.9967300696036,0.0
9.964,3.7464344781532537,-0.30988665363950685,2.96185093459359,0.0,4.503814946402059,4.295755937012461,115.4681429201061,116.9967300696036,0.0
9.965,3.704098408090609,-0.29959462981220186,2.895549656965435,0.0,4.512865588206045,4.235467310763248,116.29240299049823,116.9967300696036,0.0
9.966000000000001,3.638623530392647,-0.2892550738338677,2.490462892560424,0.0,4.51394787228537,4.144994955857236,116.72644407462349,116.9967300696036,0.0
9.967,3.541186805979522,-0.2750754032729339,2.2761452104475977,0.0,4.50441832426424,4.054217278369858,116.59923661904759,116.9967300696036,0.0
9.968,3.4256960149535414,-0.2576145931539169,2.3437238727411076,0.0,4.484985070889004,3.992870863271249,116.61514848350285,116.9967300696036,0.0
9.969,3.3163649437648015,-0.2473315172553665,2.3395837563744837,0.0,4.46040397109378,3.9454560748422134,116.768333181539,116.9967300696036,0.0
9.97,3.219663218202235,-0.2471799987020724,2.2652753762370517,0.0,4.433625666153298,3.901736013725103,116.93998409643815,116.9967300696036,0.0
9.971,3.133946920412852,-0.25533423304840086,2.180017378519133,0.0,4.406051666558781,3.859536607779266,117.08349922198755,116.9967300696036,0.0
9.972,3.0566303869659004,-0.2694047840580248,2.1073921242205937,0.0,4.378481344596727,3.8193112001741696,117.21343688639026,116.9967300696036,0.0
9.973,2.98595454194544,-0.28766770406262476,2.0402562238513755,0.0,4.35151372976078,3.7806937822535325,117.34598299474425,116.9967300696036,0.0
9.974,2.920312344006913,-0.3087447839877089,1.9704906404229732,0.0,4.325516984208077,3.742752372790964,117.48334398537574,116.9967300696036,0.0
9.975,2.8579718492199593,-0.33137606851060286,1.8969440059495053,0.0,4.300604442762655,3.7048139882087656,117.62047600864972,116.9967300696036,0.0
9.976,2.79734581878985,-0.3544779329743638,1.8221405349220552,0.0,4.276704209249342,3.666730730871402,117.75245622592885,116.9967300696036,0.0
9.977,2.73729176748513,-0.3772608138166379,1.7485931647192352,0.0,4.253660771601634,3.628723285243626,117.87670278381782,116.9967300696036,0.0
9.978,2.6772000961559064,-0.3992570494757145,1.6776701586326097,0.0,4.231312690269997,3.5911557267795224,117.99243871590079,116.9967300696036,0.0
9.979000000000001,2.6169099750898677,-0.4202636640733164,1.6098451061281525,0.0,4.209533426474256,3.554389586918016,118.09956654950923,116.9967300696036,0.0
9.98,2.556564100912892,-0.4402470743481561,1.5452528245248738,0.0,4.188243584056195,3.5187303791605737,118.197544340211,116.9967300696036,0.0
9.981,2.4964869806507477,-0.45923894367328827,1.484255786467919,0.0,4.167406076627214,3.484449381053905,118.29054613737569,116.9967300696036,0.0
9.982000000000001,2.4370480238278334,-0.477388938538319,1.4248167272078534,0.0,4.147030800872366,3.451521919924867,118.3768963858948,116.9967300696036,0.0
9.983,2.378507178772196,-0.4947788370899756,1.3678399397853864,0.0,4.12713169547213,3.4200217246972677,118.45494523381323,116.9967300696036,0.0
9.984,2.3211054325669873,-0.5114620975361495,1.3142333641840707,0.0,4.107733740752719,3.390083466642501,118.52481578012136,116.9967300696036,0.0
9.985,2.265096723488189,-0.5274944473041716,1.264017233924831,0.0,4.088878481569797,3.3617984708853816,118.58750314942932,116.9967300696036,0.0
9.986,2.210712108043467,-0.5429246682549447,1.2167658184725907,0.0,4.070617249536356,3.3351831749966614,118.64383410973085,116.9967300696036,0.0
9.987,2.1581223784256425,-0.5577762143049037,1.172129297920557,0.0,4.052999978973376,3.31020680649078,118.69413796494784,116.9967300696036,0.0
9.988,2.107431861590913,-0.5720418164763119,1.1300032913586167,0.0,4.036067499394463,3.286828911818538,118.73838901378315,116.9967300696036,0.0
9.989,2.05869687959095,-0.585691404992646,1.0904611774991682,0.0,4.019849277021296,3.2650211290483573,118.77643280768706,116.9967300696036,0.0
9.99,2.0119507083214176,-0.5986846189711982,1.0536422531663787,0.0,4.004364856260909,3.244772370799515,118.8081195334181,116.9967300696036,0.0
9.991,1.9672230057505855,-0.6109810805028442,1.0196849956627163,0.0,3.989626680380371,3.226085522787539,118.83333779827095,116.9967300696036,0.0
9.992,1.9245505448661984,-0.622546240585252,0.9887097859496163,0.0,3.9756428402804374,3.208972535166877,118.85199540094821,116.9967300696036,0.0
9.993,1.8839811557439845,-0.6333535710959091,0.9608283312975374,0.0,3.9624192401837783,3.19345116257829,118.86398366451397,116.9967300696036,0.0
9.994,1.845574056516231,-0.6433847364808392,0.9361616635655565,0.0,3.949961217725163,3.1795441353587286,118.86913836768855,116.9967300696036,0.0
9.995000000000001,1.8093991721875917,-0.6526291109205045,0.9148602289974159,0.0,3.938274864324966,3.16728068377396,118.86719609563113,116.9967300696036,0.0
9.996,1.7755371249647827,-0.6610835124204056,0.8971267047658504,0.0,3.9273683415269045,3.156700345039079,118.85776359742428,116.9967300696036,0.0
9.997,1.7440808563084567,-0.6687528113063559,0.8832326185910679,0.0,3.9172535159976163,3.1478579427409366,118.8405758550335,116.9967300696036,0.0
9.998,1.7151380376562555,-0.675652917787154,0.8733880319321561,0.0,3.907948251515473,3.1408134818141287,118.81719143661334,116.9967300696036,0.0
9.999,1.6888221629502382,-0.6818172804425708,0.8668756274721408,0.0,3.8994781462161496,3.135530339938913,118.80301202697007,116.9967300696036,0.0
