t,iq,iq_ref,id,vq,vd,ia,ib,va,vb,theta_e,omega,r,"T_ass:0.49,S_pct:-0.71,kp:0.2591,ki:0.0069"
0,0,0,0,0,0,0,0,0,0,0,0,0,0
0.01,0.000839501073417201,4.79913869639859e-05,0.000474622030519451,-0.0395731589100194,-0.0237679194948587,0.000947959951721748,-0.000177200603990902,-0.0451374432214407,0.00967264817218881,-1.2410310743052,-0.00170707043077007,0,0
0.02,0.000927598951235262,4.29234423791058e-05,0.000525388101650136,-0.0442309399371215,-0.0263101579761698,0.00104774765547077,-0.000196716349457269,-0.0503673546976893,0.0105702431953775,-1.24104345290283,-0.00175422209888255,0,0
0.03,0.00095707977678607,4.16912698710803e-05,0.000542518783209625,-0.0457662266329236,-0.0271680116766044,0.00108118472889377,-0.000203391030468505,-0.0520975726481355,0.0108853701291454,-1.24105559039515,-0.00167651143383342,0,0
0.04,0.000938206402796061,3.66385393135715e-05,0.000532800825122244,-0.0450749857740142,-0.0266813664028642,0.00106017933006646,-0.000200319149354995,-0.051285882537279,0.0106493149086645,-1.24106632342461,-0.00150989758922931,0,0
0.05,0.000954851306932113,3.48644207406323e-05,0.000542646538951326,-0.0459956498327646,-0.0271744165587503,0.00107911339239861,-0.000204256140499565,-0.0523164826714476,0.0108182419891083,-1.24107659227174,-0.00142607791226307,0,0
0.06,0.000954082715724424,3.18056409014389e-05,0.000542823274967998,-0.0461099340834029,-0.0271832747541283,0.00107844148684821,-0.000204682426543402,-0.0524273766484753,0.0107901170194348,-1.24108606650743,-0.00131361971065972,0,0
0.07,0.000980172888417584,3.13960663334001e-05,0.000558135645548364,-0.0474346479315999,-0.0279500690084989,0.00110808220389679,-0.000210732340725862,-0.0539289053214365,0.0110871706402591,-1.24109465154403,-0.0012700629744496,0,0
0.08,0.000952654356502082,2.64242607954657e-05,0.000543100641271933,-0.0463071860689395,-0.0271971526644188,0.00107717644750023,-0.000205425243003763,-0.0526183183402902,0.0107402592945869,-1.24110271357266,-0.00111584997854037,0,0
0.09,0.000951258045622316,2.40007921092911e-05,0.000542822415479645,-0.0463583723474301,-0.0271832274391458,0.00107576376500371,-0.000205621900617101,-0.0526621614276791,0.0107108960631856,-1.24111000006247,-0.00102760608665352,0,0
0.1,0.000950454821811877,2.18231980397832e-05,0.000542814757150632,-0.0464269323647138,-0.0271828398553257,0.00107499994642075,-0.000205881869238957,-0.0527268322662209,0.0106886851655291,-1.24111667335663,-0.000947824003457571,0,0
0.11,0.000949728606914136,1.98291163542308e-05,0.000542812269416122,-0.0464901803294972,-0.0271827026172818,0.00107431077555018,-0.000206121188033917,-0.0527865644319959,0.010668402135067,-1.24112278683573,-0.000874755445692518,0,0
0.12,0.00094906304976737,1.80023234861437e-05,0.000542810072577206,-0.0465481087835358,-0.0271826107025453,0.00107367919311469,-0.000206340586404109,-0.0528412839262119,0.0106498576966771,-1.24112838749746,-0.000807816513794348,0,0
0.13,0.000994427379904381,2.02577448362717e-05,0.000568740788363438,-0.0487033072558873,-0.0284811542634218,0.00112499397556633,-0.000216195405111259,-0.0553007389688492,0.0111810802401826,-1.24113391457472,-0.000842001008454651,0,0
0.14,0.0010552452835564,1.43735778692644e-05,0.000604365870809004,-0.0520381417618092,-0.0302651579146239,0.0011940684695481,-0.000230219904217297,-0.0590334635493263,0.0117897482157011,-1.24113890625382,-0.000916107567154111,0,0
0.15,0.00094940812510557,1.32439263325068e-05,0.0005439318626678,-0.0468029154463155,-0.0272387722609014,0.00107436569747599,-0.00020730655399352,-0.0531003892342181,0.010621312147317,-1.2411435562983,-0.000631194979180291,0,0
0.16,0.00094684497311159,1.17972758744145e-05,0.000542823265882644,-0.0467470029586425,-0.0271832653541029,0.0010715808893263,-0.000207091522571176,-0.0530294780395981,0.0105870987420862,-1.2411474227774,-0.000580400607041061,0,0
0.17,0.000946383115276822,1.06407787825447e-05,0.000542801597715232,-0.0467816502207529,-0.0271821803812241,0.00107113615313507,-0.00020722431520039,-0.0530618711640605,0.0105750440293606,-1.2411509570623,-0.000538067386272264,0,0
0.18,0.000945997801569491,9.58466353040421e-06,0.000542799955192592,-0.0468151124612955,-0.0271820963834075,0.00107077038277329,-0.000207350956850752,-0.0530934703097734,0.0105643044743045,-1.24115419472382,-0.000499369126920405,0,0
0.19,0.000945645549827234,8.6172085502767e-06,0.000542798783803782,-0.0468458011626749,-0.0271820268973232,0.0010704361023405,-0.000207467048981252,-0.0531224528796554,0.010554462225451,-1.24115716079762,-0.000463918667466246,0,0
0.2,0.000945322666545251,7.73090778238839e-06,0.000542797716607878,-0.0468739064192401,-0.0271819828235626,0.00107012969386783,-0.000207573464925772,-0.0531490020054969,0.0105454672271939,-1.24115987806834,-0.000431441929566654,0,0
0.21,0.000945026908032382,6.91895320414915e-06,0.0005427967388949,-0.0468996559575573,-0.0271819387006226,0.00106984902552285,-0.000207670939825457,-0.0531733246778188,0.0105372227445808,-1.24116236740637,-0.000401689435963539,0,0
0.22,0.000944756120601687,6.17510841038893e-06,0.000542795843072767,-0.0469232534644915,-0.0271818916208532,0.0010695920532714,-0.000207760184467797,-0.0531956124634699,0.0105296610779766,-1.24116464793136,-0.00037443266845446,0,0
0.23,0.000944508034161309,5.49366041013855e-06,0.000542795022289963,-0.0469448706736092,-0.0271818474082765,0.00106935662349052,-0.000207841946235546,-0.0532160295416711,0.0105227330531906,-1.24116673715915,-0.000349462278246106,0,0
0.24,0.000944280727855008,4.86937415189459e-06,0.000542794270269107,-0.0469646729180188,-0.0271818031550393,0.0010691409134615,-0.00020791685837871,-0.0532347312264711,0.0105163832328979,-1.24116865113633,-0.000326586477340642,0,0
0.25,0.000944072312629762,4.29745568908402e-06,0.000542793581256196,-0.0469828050970828,-0.0271817813716665,0.00106894313098897,-0.000207985542859417,-0.0532518617415459,0.0105105867765236,-1.24117040456342,-0.000305629565475441,0,0
0.26,0.000953180970792051,4.60261071566492e-06,0.000547982826257703,-0.0474229184447659,-0.027441632578264,0.00107924078172446,-0.000209948746164945,-0.053752375186474,0.0106140734024167,-1.24117198214943,-0.000307022770039526,0,0
0.27,0.000918168527808714,1.00824217952322e-06,0.000528204960787004,-0.0458520611985952,-0.0264512134472861,0.00103971109296497,-0.000202570405597702,-0.0519454838364269,0.0101855249247707,-1.24117358789741,-0.000211981177459422,0,0
0.28,0.000910021488497065,8.7841845015646e-06,0.000523313139092825,-0.0450558977414138,-0.0262062485535552,0.0010304189626375,-0.000200580439003042,-0.0511128764318126,0.0102115252240642,-1.2411749642023,-0.000178141492034614,0,0
0.29,0.000942730676756011,2.39285236602882e-06,0.000542434519599441,-0.0470108150228296,-0.0271637988143238,0.00106755632236399,-0.000208086125271692,-0.053272483627793,0.0104848072591861,-1.24117606282774,-0.000236543634015932,0,0
0.3,0.000939509148945027,1.92337256521569e-06,0.000540760027801829,-0.0468732065296693,-0.0270799342422897,0.00106396609680532,-0.000207545160070025,-0.0531151315079723,0.0104500303267774,-1.24117664991934,-0.000222660909516793,0,0
0.31,0.000943127377239645,1.90522143839189e-06,0.000542753498049514,-0.0470549893618953,-0.027179759027426,0.00106803457002225,-0.000208261294006612,-0.053319428560866,0.010485698001551,-1.24117771810095,-0.000218051950527479,0,0
0.32,0.000943084073142856,1.58807267780503e-06,0.000542789634751807,-0.0470686562954948,-0.0271815897891163,0.00106800508720744,-0.000208310562163214,-0.0533329419266139,0.0104830593997953,-1.24117871067808,-0.000206351693952839,0,0
0.33,0.000942977579571984,1.29152351746598e-06,0.000542789946275757,-0.047078135905123,-0.0271815997496848,0.0010679042379158,-0.000208346298251153,-0.0533419049041298,0.0104800489718355,-1.24117962027456,-0.000195483473582821,0,0
0.34,0.000942878769370106,1.01973023447499e-06,0.000542789630885376,-0.0470867636847266,-0.0271815776771886,0.00106781047128722,-0.000208378872573323,-0.0533500523448095,0.0104772799012155,-1.24118045357689,-0.000185523925861613,0,0
0.35,0.00094278810824053,7.70734061461553e-07,0.000542789330931222,-0.0470946607039383,-0.0271815555821267,0.00106772443455264,-0.000208408749028835,-0.0533575090936393,0.0104747436248104,-1.24118121697943,-0.000176399754478729,0,0
0.36,0.000942704871285611,5.42625059551938e-07,0.000542789055924828,-0.0471018860771383,-0.027181555941255,0.0010676454437065,-0.000208436177546382,-0.0533643382954684,0.0104724425850947,-1.24118191634547,-0.000168040944083504,0,0
0.37,0.000942628878486345,3.33651115624889e-07,0.000542788803973306,-0.0471085182828606,-0.0271815338028407,0.00106757332669848,-0.000208461220367562,-0.0533705995970743,0.0104703091325113,-1.24118255704655,-0.000160383295127188,0,0
0.38,0.000942559029293409,1.42207142062034e-07,0.000542788573147791,-0.0471145824324371,-0.0271815341186996,0.00106750704058307,-0.000208484237168982,-0.05337633125564,0.0104683779315197,-1.24118314400367,-0.000153367992160624,0,0
0.39,0.000942495260102699,-3.31773009065728e-08,0.000542788361677783,-0.0471201487618297,-0.0271815119440335,0.00106744652367422,-0.000208505251695809,-0.0533815851307347,0.0104665839618627,-1.24118368172502,-0.000146941153324713,0,0
0.4,0.000942436703195956,-1.93849345464514e-07,0.000542788167940608,-0.0471252411446175,-0.0271815122231283,0.00106739095358454,-0.000208524547698976,-0.0533863983144531,0.0104649622400171,-1.24118417434065,-0.000141053416527975,0,0
0.41,0.000942383294968657,-3.41043090656967e-07,0.000542787990449865,-0.0471299180167986,-0.0271814900174484,0.0010673402688684,-0.000208542148412523,-0.0533908115114952,0.0104634515329693,-1.24118462563415,-0.000135659560315332,0,0
0.42,0.00094233405128764,-4.75889237350202e-07,0.000542787827843414,-0.0471341866253227,-0.0271814902660437,0.00106729353721087,-0.0002085583747996,-0.0533948460877487,0.0104620921989533,-1.24118503907177,-0.000130718156537113,0,0
0.43,0.000942288998558198,-5.99423401581589e-07,0.000542787678873589,-0.0471380999966482,-0.0271814905002792,0.00106725078253316,-0.000208573220532143,-0.053398544909075,0.010460845984158,-1.24118541782892,-0.000126191252162195,0,0
0.44,0.000942247930350762,-7.125945558073e-07,0.000542787542396974,-0.047141695189726,-0.0271814653464234,0.00106721180854428,-0.000208586754457931,-0.0534019347959636,0.0104596770403059,-1.24118576481477,-0.000122044077766137,0,0
0.45,0.000942210095371258,-8.16271892745135e-07,0.000542787417365752,-0.0471449780367544,-0.0271814655568563,0.00106717590350094,-0.00020859922161181,-0.0534050376658314,0.0104586316416515,-1.24118608269433,-0.000118244780488368,0,0
0.46,0.000942175461813097,-9.11251845536754e-07,0.000542787302820749,-0.0471479867117669,-0.0271814657562606,0.00106714303649103,-0.000208610633992719,-0.0534078813986786,0.0104576735527743,-1.24118637390913,-0.000114764179378999,0,0
0.47,0.000942143680430314,-9.98264113150071e-07,0.00054278719788263,-0.0471507401849684,-0.0271814659458228,0.00106711287631951,-0.000208621106202515,-0.0534104839203614,0.0104567967536494,-1.24118664069588,-0.000111575541271768,0,0
0.48,0.000942114835835418,-1.07797666260012e-06,0.000542787101745219,-0.0471532760371387,-0.0271814436643669,0.00106708550235713,-0.000208630612282582,-0.0534128734969981,0.0104559679373758,-1.24118688510372,-0.000108654375455901,0,0
0.49,0.000942088234934445,-1.15100215225539e-06,0.000542787013671032,-0.0471555902023234,-0.0271814438366929,0.00106706025819091,-0.000208639377878103,-0.0534150608027495,0.0104552310263966,-1.24118710900986,-0.000105978245571907,0,0
0.5,0.000942063845924581,-1.21790151297319e-06,0.000542786932983794,-0.0471577090966494,-0.0271814440013406,0.00106703711315334,-0.000208647414480893,-0.0534170635434778,0.0104545563097762,-1.24118731413399,-0.000103526597291134,0,0
0.51,4.37652285398712,4.59999990463257,-0.0151761540462378,11.1753433240659,0.76943416224059,-0.503827314113392,4.34745220154017,-0.483379876221677,11.1913659236052,0.111907951688011,34.4163693569386,670.46880852199,0
0.52,4.42780699389212,4.59999990463257,0.0208080241770602,8.6128715825611,-1.02010632169383,-2.13105952254207,3.88130043418605,-5.07254852998813,7.03501422999012,0.506819154181862,73.516054192444,670.46880852199,0
0.53,4.3799580684527,4.59999990463257,0.059115769923455,11.007107970582,-2.92724437321933,-4.05493181636124,1.65682084738177,-11.3151536986487,1.30095436989556,1.19639940662125,115.393815885857,670.46880852199,0
0.54,4.33956227722714,4.59999990463257,0.0918046569386934,13.0288175001781,-4.55941105302935,-3.56298159744582,-2.47898991309583,-7.85252075235386,-11.3523668209446,2.19982496725775,157.299188558119,670.46880852199,0
0.55,4.36360035958822,4.59999990463257,0.0612380296032184,11.8289170938778,-3.00675614244599,1.45476684390665,-4.11441510112166,6.91975380280953,-10.0538982202166,-2.78770092040775,196.799551264443,670.46880852199,0
0.56,4.34305502401606,4.59999990463257,0.0108988098002465,12.8582929260357,-0.482540904318689,4.03524950673958,1.60592874812183,11.7554270380389,5.23244472970558,-1.18952731296215,238.01129987415,670.46880852199,0
0.57,4.33292667397442,4.59999990463257,0.0101046820484858,13.3669141038429,-0.442381074146209,-2.79539232285665,3.31060982719988,-8.98478734650413,9.90674971988165,0.703550769293528,279.151541704253,670.46880852199,0
0.58,4.32809259543178,4.59999990463257,0.00679920213690455,13.6109323518282,-0.270850025383522,-1.06655486092249,-4.19462661895236,-3.07075570335901,-13.2627786919854,2.89417304474086,319.535840858537,670.46880852199,0
0.59,4.29156414014425,4.59999990463257,0.0440341508598833,15.4397511283917,-2.12784802607012,3.39352693331023,2.62743919593053,10.7907534170427,11.2460345376184,-0.901694547573583,359.866715324638,670.46880852199,0
0.6,4.29833005373945,4.59999990463257,0.0659476094251989,15.1039744930321,-3.21416094357649,-4.11239686249945,-1.25227089057177,-13.3963633312668,-7.68103674994906,1.88172808625063,400.145634858893,670.46880852199,0
0.61,4.20001383014928,4.59999990463257,0.0652971855603037,20.0223928851235,-3.16195994788244,4.08787092737411,0.966276967032173,18.6363592948165,7.97372684462933,-1.32313458054194,440.029103115115,670.46880852199,0
0.62,4.23725682849797,4.59999990463257,0.112776785360923,18.1629555930973,-5.50773634379578,-3.81429255290517,-1.84884730435512,-13.5942085585699,-13.2448333011669,2.04875109911599,479.769887273115,670.46880852199,0
0.63,3.8264294280612,4.19709014892578,0.0154804599292482,18.5615872374852,-0.674850419605292,2.07568047124133,3.21455321839284,9.43723919500447,15.9977017174308,-0.56931032764388,519.488704088803,670.46880852199,0
0.64,2.99472539397099,3.32244825363159,0.0543633010266331,16.4173086801788,-2.60333700881526,0.591150801861675,-2.93630316610045,6.07416246782667,-15.4728775021386,-2.92477249884976,550.895624946247,670.46880852199,0
0.65,2.28746696112547,2.6280210018158,0.032484467489257,17.0614633251283,-1.55288624618722,-2.12809790074215,0.839499650819169,-16.5077660665491,4.58242795692247,1.20925463332581,575.79293088969,670.46880852199,0
0.66,1.72900367116476,2.09748411178589,-0.0255421783000211,18.4603260839555,1.3132840881645,1.19776450618302,1.24718334077299,13.9159105872447,12.200646980796,-0.779959980154605,595.064262865396,670.46880852199,0
0.67,1.34316899809794,1.68356597423553,0.00352370433736601,17.0585394750707,-0.10715022509537,0.637310611995218,-1.18234959203357,8.22750849486159,-14.9436727132343,-2.64459467938655,609.940365382074,670.46880852199,0
0.68,1.04606077203589,1.35661196708679,0.0559741232758576,15.5685627379232,-2.7472548568292,-1.0157145567365,-0.256320464462762,-14.0566314487337,-7.23454679212809,1.87144851482583,621.624106547031,670.46880852199,0
0.69,0.853797528783276,1.10339450836182,0.00479492008107263,12.5231785800594,-0.205552783535934,-0.148085344018333,0.840870942714745,-2.4434883769457,12.2842019784197,0.179937907524896,630.734993768312,670.46880852199,0
0.7,0.620230261066099,0.906895816326141,0.00619398655139325,14.378890461356,-0.300001112366464,0.616631964583962,0.0669997198863087,14.2431523903556,1.99376567133701,-1.45258033674105,637.830483171062,670.46880852199,0
0.71,0.489781241491847,0.754017174243927,-0.0412828414183935,13.2596419325483,2.06079575080843,0.0910513863924723,-0.48301095489531,-0.696837837110941,-13.4007238735344,-3.03936076508946,643.3661081575,670.46880852199,0
0.72,0.378368802076412,0.635174870491028,-0.00884685495277376,12.8903630536131,0.425860796356648,-0.374472763507661,-0.0548759202039467,-12.8462303502481,-1.14768587173967,1.69292518120389,647.653814892872,670.46880852199,0
0.73,0.31741719819823,0.541196644306183,0.0209946135854385,11.2412088327394,-1.0710082218113,-0.0330089157874183,0.316393525518705,-2.95736627966782,10.8979731748766,0.169998419369985,651.006164487347,670.46880852199,0
0.74,0.160473807521061,0.470908641815186,0.0543162446879727,15.5762131204221,-2.698593389427,0.168776163179047,-0.0147208722523438,14.4922914507134,6.31461083217702,-1.33142724369259,653.557252168968,670.46880852199,0
0.75,0.160488798621774,0.413251489400864,0.0214476997233449,12.6947584112341,-1.04607413939313,0.03101478731498,-0.158917403937674,5.05179492236505,-11.6931830690822,-2.81599972507782,655.611388831434,670.46880852199,0
0.76,0.107684885747081,0.370482385158539,-0.0100513882333777,13.1987126823709,0.527176588485101,-0.0939673866076524,-0.0535461976045736,-12.2425232688379,-4.96029793855046,1.9956715698304,657.156163960844,670.46880852199,0
0.77,0.070385892508141,0.336749106645584,-0.0313760444863826,13.3792011803993,1.5885964225945,-0.0628433384948311,0.0446020721335133,-5.4452193062237,12.323808239607,0.534234939581348,658.365693016584,670.46880852199,0
0.78,0.11384319186148,0.311018079519272,-0.0345633370391362,9.92198567287974,1.74310832345287,0.0695776717439958,0.0965082597251415,8.94722526430807,4.62940453944661,-0.919409356133312,659.305410583671,670.46880852199,0
0.79,0.04416798394514,0.290460079908371,-0.0390036037064061,12.3800411611334,1.95493785393881,0.0587688477814049,-0.00427953716079076,7.26300645236081,-10.2144964847557,-2.36687254236709,660.034230981584,670.46880852199,0
0.8,0.0145495753801535,0.275025248527527,-0.0444486993672303,13.0914184060116,2.21827615862094,0.0258797303205567,-0.0389565986415196,-9.85121897240773,-8.90277876591569,2.47351559772701,660.599221114472,670.46880852199,0
0.81,-0.0276579078714948,0.261454582214355,0.0487871762271309,14.5254048556542,-2.46045116413132,-0.0105470872256702,0.0550809166871733,-9.46909478584433,-11.2861618847345,2.27572241166085,661.077002090964,670.46880852199,0
0.82,0.0019738693673752,0.252965420484543,-0.0160127279485312,12.6215878098258,0.779013110576463,-0.0121609494261142,-0.0106025905178228,-8.87588117589804,9.00722341340166,0.839696302969282,661.379921595374,670.46880852199,0
0.83,-0.019055826464856,0.246077388525009,-0.0271401465121421,13.3308699114708,1.32984182020366,-0.033156615816888,-0.00059237026473348,8.56604444976726,10.30065310298,-0.594288052974192,661.639310980569,670.46880852199,0
0.84,0.0179939673708336,0.238958224654198,0.00174372645617896,11.124567565495,-0.11892482587197,0.0153911806100865,-0.00948340672566034,10.0421020355083,-4.78814508363218,-2.02640790418054,661.8836016309,670.46880852199,0
0.85,-0.0772881510209799,0.234721660614014,-0.0216119666325556,15.6790413070627,1.04540483267263,0.0445195818864186,0.0667723162592625,-5.85723928682875,-14.5814250164236,2.82620541651117,662.028866333425,670.46880852199,0
0.86,-0.0218000539691082,0.23039522767067,-0.0505323954019447,12.6904445225158,2.49719363987111,0.0127105824739889,-0.0535463017517218,-12.065458106645,4.65919294844697,1.39657300420784,662.208381258426,670.46880852199,0
0.87,-0.122645238601945,0.226621061563492,-0.0250898828190536,17.5461343345057,1.2545236377365,-0.0289780012429867,-0.121785188818524,1.81195522699581,17.4973563116695,-0.0318110194428327,662.330161263133,670.46880852199,0
0.88,-0.0394303248764113,0.224738046526909,0.0866064030315246,13.2933825090189,-4.3176427019356,-0.029572358950605,-0.0904483009902053,12.7319132332448,5.76666649406698,-1.45955614972641,662.428108953271,670.46880852199,0
0.89,-0.0284177631329235,0.223629534244537,0.0198328830586733,12.6895335197435,-0.973088137558716,-0.0263528091664471,0.0225042653942487,4.13875740075293,-12.0350259098128,-2.88690349974356,662.455235219494,670.46880852199,0
0.9,-0.0735024495259484,0.222034424543381,0.0112927790472387,14.8661548004096,-0.549517028796853,0.0633631111790745,0.0389262518955087,-13.4883969491229,-6.27436652241249,1.96924439281673,662.532873897928,670.46880852199,0
0.91,-0.0667329710735075,0.220656260848045,-0.023904916353118,14.460942541638,1.20921209615087,0.0139951401982946,-0.0694900748666831,-6.43308885627496,13.0075524543745,0.542715795662664,662.56710505467,670.46880852199,0
0.92,-0.0455562508205016,0.220321595668793,-0.0306917339313036,13.387533048284,1.54412789029245,-0.0546861611803129,-0.00517477496044295,11.3283905912624,7.2991738349126,-0.883587077282436,662.601009202828,670.46880852199,0
0.93,-0.065817479087602,0.219209805130959,-0.0282476602843218,14.3471531840853,1.41413766670949,-0.0296345084371622,0.065204806377085,9.65410260755429,-10.7069553408441,-2.30960922848734,662.638508506981,670.46880852199,0
0.94,-0.0123888971415036,0.217793256044388,-0.0273180526226663,11.6070174353068,1.36250223040939,0.0295739628220265,-0.00501412948366107,-7.62280231291218,-8.85845082221759,2.54787877661861,662.690958198145,670.46880852199,0
0.95,-0.0398342872035058,0.218305870890617,0.0120448925948535,13.0071075328161,-0.617327330343579,0.0411179355178937,-0.00641601538178324,-11.9887470025309,5.08290121016884,1.12237096746246,662.667608412141,670.46880852199,0
0.96,-0.0610922573398431,0.217952564358711,0.00210500504957013,14.0545125700387,-0.127281388941103,-0.016224848596345,-0.0589359757801804,4.07330197734808,13.4519045170072,-0.303084081319109,662.664332281476,670.46880852199,0
0.97,-0.0563216687517457,0.217496529221535,-0.0499735322240736,13.7953239226921,2.47493809682448,-0.0477703012492042,0.05820208426244,13.2351183621892,-4.61171580368484,-1.72856980098469,662.688232085026,670.46880852199,0
0.98,-0.0411298055201561,0.2171471118927,-0.0683612817789415,13.0204022551621,3.39164250723673,0.0688631324408546,0.0402839265591007,-3.55189944104572,-12.9776008624023,3.12926440642794,662.713500037316,670.46880852199,0
0.99,-0.0649209046888333,0.217157319188118,-0.0290014242636731,14.2126561095197,1.41653313763108,0.0681988195375152,-0.0201178400587034,-14.2748511273827,-0.484546291427825,1.70406631363907,662.684956393095,670.46880852199,0
1,-0.0502177409050672,0.216991722583771,0.0192314422238863,13.4713568035791,-0.999209930357253,0.0323052731958353,-0.0429888264013056,-4.66691048453449,12.6765855475204,0.278716132966647,662.711629414341,670.46880852199,0
1.01,-0.120894059133195,0.217104762792587,0.00396054409079311,17.0129966476771,-0.23332712077968,-0.108544928027274,-0.053376568293114,15.4085352578391,7.21619967067801,-1.14652218120899,662.701111911177,670.46880852199,0
1.02,-0.0144053257654192,0.218475237488747,-0.0152288154380616,11.7593065392074,0.77413108333351,0.00505560265661197,0.0203438224489119,5.68988736549075,-10.3201623526599,-2.57198703135654,662.654198928274,670.46880852199,0
1.03,-0.0470590029872925,0.218244671821594,0.00668980315042017,13.3826107492201,-0.315577755669713,-0.0238746583698773,0.0411011425153976,5.31877368121796,-12.2843195299128,-2.75656538553529,662.680523847287,670.46880852199,0
1.04,-0.00821623080115214,0.218532055616379,-0.0045767298535182,11.4570157343125,0.249755307187092,0.00940267526689681,0.000206403864239006,-10.0104690940866,-5.57818032749827,2.10097288606322,662.686183261252,670.46880852199,0
1.05,-0.0176700492254084,0.218503132462502,0.0118583778590641,11.9304455634201,-0.576421037120604,0.0203020669577694,-0.00637791833743165,-7.90838134056449,8.95127349185453,0.675342023697383,662.679634376767,670.46880852199,0
1.06,-0.0227139158519629,0.219897642731667,0.0263367876223056,12.2545935156667,-1.30633954602946,0.00377296340430357,-0.0345733004317243,7.40155815589539,9.85385823465299,-0.750424774171598,662.632610368515,670.46880852199,0
1.07,-0.0155516078539602,0.219691097736359,-0.026289416950915,11.8883367499745,1.32351744315949,0.00217827798799048,0.0304670486832816,9.02101195939875,-7.85529072227928,-2.17635707553678,662.641700294523,670.46880852199,0
1.08,-0.0206741108131734,0.219391480088234,0.0434097028036467,12.1316501254541,-2.17416427693504,-0.0297005597041274,0.0378113462954953,-3.44347462009029,-11.834120483176,2.681101157223,662.656315304883,670.46880852199,0
1.09,-0.0314057664609192,0.218051880598068,0.0323749938352332,12.6033759515171,-1.62929898407152,0.0398956808823976,0.0210427431614578,-12.4874807607793,2.35850054143383,1.25556420717464,662.709710658561,670.46880852199,0
1.1,-0.0102019488630121,0.218056246638298,-0.0593765215897581,11.5455874437411,2.95909995541034,-0.0602465801679183,-2.55885348397593e-05,4.86683485209022,10.8798336609372,-0.169731726782247,662.699308459956,670.46880852199,0
1.11,-0.0406495794878119,0.217305287718773,-0.012312628707863,13.0325459243561,0.594118336345463,-0.0403418151384009,0.0132863497459882,13.0144954516881,-0.907269533282157,-1.59484021769098,662.734813221934,670.46880852199,0
1.12,-0.0708090466023382,0.215810790657997,-0.0505847096813063,14.4679058292283,2.50376647715029,0.0415967565061016,0.0764358802032543,-0.725468317649687,-14.6650210151778,-3.01966227172423,662.775949959188,670.46880852199,0
1.13,-0.0135139922161493,0.2160854190588,-0.000571767294687635,11.6190410041867,-0.0030389883553494,0.013182990857211,0.00302715303810538,-11.2034743226685,-3.07965683051367,1.83879322036273,662.771920610806,670.46880852199,0
1.14,-0.0569497694726819,0.215642467141151,0.00695684391045746,13.7708053946784,-0.384420342754887,0.0292826754007842,-0.0493376006870865,-5.89262581009123,12.4523018466577,0.41408321641888,662.797198340076,670.46880852199,0
1.15,-0.0197304897869406,0.215798407793045,-0.00973737435854414,11.9197946355382,0.45281916300425,-0.0218886071714726,-0.00223552291957789,10.3382794716334,5.95033838652837,-1.01056793394369,662.793135151748,670.46880852199,0
1.16,-0.0340171894906242,0.215523406863213,0.00670450590313633,12.6225208942223,-0.36052668922214,-0.0271801846706192,0.0215257320785441,8.46730952092122,-9.3681739253515,-2.43521568799958,662.801472557949,670.46880852199,0
1.17,-0.0883499913589686,0.215080291032791,-0.00440579349010005,15.3191321368674,0.235610572982047,0.061452209817497,0.0636298506830998,-10.2574569409651,-11.3805052116833,2.42342865791844,662.818358178322,670.46880852199,0
1.18,-0.0597671135127108,0.215783685445786,0.0155540415858785,13.9273303461592,-0.760023847720412,0.0586747598750117,-0.0192693700184053,-12.1224138451898,6.89893103213106,0.998886684238169,662.796234699339,670.46880852199,0
1.19,-0.0998983153743666,0.214731708168983,0.0607043722794934,15.8833876419086,-3.02355946295834,0.0140411744814678,-0.116049729201169,3.80431783640298,15.7146772352729,-0.425626552048968,662.84533635128,670.46880852199,0
1.2,-0.0838929635872578,0.215104788541794,0.0230316864967089,15.1039234717763,-1.13927131324175,-0.0869915519458535,0.000978678899092901,14.8330560896232,-3.0670654392335,-1.84998144037088,662.837727967614,670.46880852199,0
1.21,-0.0149301437832594,0.213548466563225,0.0712788589260817,11.580043444996,-3.55743737090691,-0.0686782756090364,0.0242255935440658,1.99473624615135,-11.948798857802,3.00895464249396,662.89853272504,670.46880852199,0
1.22,0.000976624550969403,0.213871836662292,0.00176595515774922,10.8030160677998,-0.0816402437230395,-0.00100147356261148,0.00175198282986093,-10.8007848493946,-0.234239039493507,1.58492312406983,662.888789961193,670.46880852199,0
1.23,-0.0190569990250788,0.214052885770798,0.00902582695518345,11.8159081202601,-0.452925435660478,0.0119617001098251,-0.0173652669011847,-2.33965999550209,11.5908074465131,0.160865296248509,662.868338517653,670.46880852199,0
1.24,-0.0433082860719828,0.214471250772476,-0.014494650957625,13.0515366962163,0.716748647417333,-0.0456640290973193,0.000706396117805859,12.6562787631564,3.26725368245767,-1.26329759605501,662.860783861744,670.46880852199,0
1.25,-0.0159064402426901,0.215666592121124,-0.00312271673293908,11.7433818612699,0.14104147923258,-0.0161708380642535,0.00112703029601555,11.6703042694181,1.31563995746163,-1.44652658796203,662.830918782378,670.46880852199,0
1.26,-0.0502916128822511,0.215456664562225,-0.0328813288167321,13.4543001364111,1.62322906366371,0.0182419404353786,0.0572508490784579,2.03216903095423,-13.3986325340829,-2.87100268275543,662.827366980509,670.46880852199,0
1.27,0.0109918891110717,0.215930685400963,-0.0328464859255913,10.4159883287832,1.61821156632585,0.00325009529536543,-0.0344840563806117,-10.179099153234,-2.73813110850621,1.98769790713206,662.814747001467,670.46880852199,0
1.28,-0.00803896350276775,0.216068640351295,-0.0270642514549125,11.3765898434882,1.3234592168602,-0.0185913724302939,-0.0212475766187975,-4.95527244849311,10.3258711848859,0.563241040102716,662.798099083575,670.46880852199,0
1.29,-0.058040394705292,0.215757995843887,-0.0114307417724162,13.8632830120945,0.535969798241821,-0.051482504965466,-0.0291359049541028,10.8674657306424,8.62415607995178,-0.861343114108926,662.79975672164,670.46880852199,0
1.3,-0.0853849175377486,0.216121420264244,0.053425567537145,15.2508386271971,-2.71334482094721,-0.0994986930468494,0.0156488175771527,13.2939011829182,-7.95125840914345,-2.28589947777906,662.794314529382,670.46880852199,0
1.31,-0.0666970393640848,0.216635271906853,0.0360478258707896,14.3443238284133,-1.82822190867892,0.00557285764012032,0.0756100791407336,-6.18932584959823,-13.0688280641094,2.57252249023828,662.77201952057,670.46880852199,0
1.32,-0.0594822535391003,0.217212468385696,0.055866890388112,14.0146163152414,-2.78079065786052,0.0771763543895152,0.0265152456309777,-13.9204695791745,3.21912936079816,1.14766306127376,662.767497102841,670.46880852199,0
1.33,-0.0556121585763503,0.217661276459694,0.0189666538479914,13.8457232599848,-0.931106532454185,0.00301782286858877,-0.0586799700480878,2.89484171055498,13.571694936068,-0.277298219969768,662.766544179514,670.46880852199,0
1.34,-0.0940159447407295,0.217627719044685,0.0160831420133611,15.7664035301705,-0.789193910660871,-0.0953128131225118,-0.00362394497571136,15.7338581497241,-1.28375037649717,-1.7022212465662,662.766345203719,670.46880852199,0
1.35,-0.0370398261442258,0.217999443411827,-0.0100274651955059,12.9383591768357,0.517549171315119,0.00949314113962852,0.0371803583945158,-0.331214172005746,-12.9444695722073,-3.12719455343732,662.760707673158,670.46880852199,0
1.36,-0.044577887926584,0.217529028654099,0.0175606645730393,13.2938939526903,-0.869273004276886,0.0412042276579097,0.0244494714739813,-12.9848063401814,-2.97960673400418,1.73106412110223,662.777897690063,670.46880852199,0
1.37,-0.0235756137745471,0.216971516609192,-0.0137673327834952,12.2180338231963,0.694314197038552,-0.00601887377642844,-0.026629348007068,-3.02162736336693,11.8588444119117,0.306256639379823,662.813494573581,670.46880852199,0
1.38,-0.0699012078315427,0.217329204082489,0.023056472250441,14.5543731028246,-1.15867100075505,-0.0527967695914939,-0.051286264142035,12.5846151127512,7.40268582124945,-1.11851624211701,662.800315571523,670.46880852199,0
1.39,0.0057065705353089,0.216480895876884,-0.00668919112336836,10.7337027542049,0.326740566843577,0.00874155608858371,-0.000946267567631311,5.77713123817374,-9.05228638911537,-2.54312921925639,662.826609698055,670.46880852199,0
1.4,-0.0341128966084994,0.215555250644684,0.0140449193942957,12.6805055274865,-0.720434381165624,0.015556787513375,0.0334504983233156,-8.83363482547397,-9.12585020150745,2.31571055009041,662.864205226915,670.46880852199,0
1.41,-0.0645350335428878,0.214676737785339,-0.0259209421022479,14.1598156087705,1.27317895870138,0.0339355038745425,-0.0607045910177365,-10.2184709724919,9.88454418370423,0.891681213386598,662.878266834914,670.46880852199,0
1.42,0.00151128928926117,0.215782955288887,0.00113144868999387,10.9149772007725,-0.0845539571246217,0.00174198097783205,0.0007277868690734,5.46762291911426,9.44716763265189,-0.532400301300443,662.857010838878,670.46880852199,0
1.43,-0.0507784509461158,0.214876726269722,0.0304359139190587,13.4862807075288,-1.55841403363934,-0.0584973430849805,-0.00910257043771304,13.0821670684707,-3.62840549210394,-1.95639596625704,662.871646373365,670.46880852199,0
1.44,-0.0669059936105602,0.214092940092087,-0.0430859310878157,14.2555737826149,2.12079755451083,0.0576817049764433,0.0548236294833796,-5.43080818691467,-13.3501119312064,2.90292561425379,662.902297404446,670.46880852199,0
1.45,-0.0477157574815708,0.215924620628357,-0.0815445339885253,13.3898427264262,4.04762028841717,0.0400285700370783,-0.0855804774246589,-12.9617371593275,5.25970417895759,1.47886785940832,662.85733789938,670.46880852199,0
1.46,-0.0692992901421614,0.214543998241425,-0.065529710116655,14.40209025341,3.26243458778995,0.0489075956993161,-0.0818815095433184,-12.9755991082202,7.04964615351237,1.29587698714782,662.893783532648,670.46880852199,0
1.47,-0.0661134562616645,0.213760137557983,0.022538140403371,14.2056777010841,-1.11169641553051,0.0139198604852531,-0.0684484795724213,0.709613242530326,14.2314298970064,-0.127919157707612,662.95395404301,670.46880852199,0
1.48,-0.0640442170968686,0.212319642305374,0.0419829871052957,14.0322877313886,-2.0840840410834,-0.0632172233743217,-0.0432182324797692,13.9891899913594,2.35607059580712,-1.55138421610592,662.978608156788,670.46880852199,0
1.49,-0.0271125624094418,0.213707953691483,0.0403103026338195,12.2572782672061,-1.99996154145158,-0.0442506925467562,0.0200471381490838,4.00632342964912,-11.7554280765974,-2.97487155893072,662.947573614861,670.46880852199,0
1.5,-0.0177234884409213,0.213360726833344,-0.0153772663169582,11.7725807193662,0.78601301243982,0.0216058974373918,-0.00915246184493732,-11.4399056500138,-2.88791135052654,1.88473938149354,662.959819952521,670.46880852199,0
1.51,0.000828786305085752,0.212752416729927,-0.0065321642078613,10.8166465728411,0.338923081576488,-0.00621820591132404,-0.00216563413861547,-4.51151249770216,9.83671525053243,0.461339020270073,662.987630178613,670.46880852199,0
1.52,-0.0627286325170985,0.213516056537628,0.0487690588219424,14.0348479779586,-2.43927947229465,-0.0235789049199574,-0.0758771222346952,10.1196973989613,10.0259047802093,-0.962136537462226,662.966496216938,670.46880852199,0
1.53,-0.0667689486909079,0.213775649666786,0.019567085304098,14.2519898865663,-0.983918427359245,-0.0600390773147446,0.0351606673966957,10.4923622448085,-9.69523830146541,-2.38565707188921,662.947764311095,670.46880852199,0
1.54,-0.0247660862553059,0.214078769087791,0.026355358935448,12.169122854649,-1.32947538016343,-0.00536437079883385,0.0357657307901596,-6.48988823517915,-10.3796149510897,2.47399290096108,662.957015673279,670.46880852199,0
1.55,-0.07299268842396,0.215129211544991,-0.0721368303360707,14.6351525130643,3.59387189989485,0.0274556322271619,-0.0988829768630535,-10.9101635511,10.3957652725402,1.05033651593715,662.915889701286,670.46880852199,0
1.56,-0.0272582773788282,0.213364601135254,0.0375264827981389,12.2622907410355,-1.90279934833137,0.0250053741422985,-0.0390638177968286,2.69888125765835,12.1119965131581,-0.373192361669799,662.954708998341,670.46880852199,0
1.57,-0.0516437268656835,0.213968217372894,-0.000478783363251856,13.5138981019569,-0.00605615566842199,-0.0502235179366493,0.0120375248350032,13.1716917484958,-3.02192241291962,-1.79676718551992,662.932585927901,670.46880852199,0
1.58,-0.0134789525591747,0.214573875069618,-0.0278392612598242,11.6380881975948,1.36157841432931,0.0288140667326234,0.0112452740257031,-2.27364046903603,-11.4947619240645,3.06277920083126,662.921457043443,670.46880852199,0
1.59,-0.0665339954844733,0.214788228273392,-0.025357523547466,14.3037062912063,1.23288790830302,0.0681084076236565,-0.0207610540810928,-14.3544847810475,0.254544554468825,1.6390465212572,662.911413863515,670.46880852199,0
1.6,-0.113943059734424,0.215241849422455,-0.0334274598714536,16.6990108035559,1.63521937682335,-0.00832207461733459,-0.118453193326156,-1.96882083379286,16.6629723864633,0.215222079565844,662.887172339268,670.46880852199,0
1.61,-0.0682207527158181,0.214681416749954,0.0120804197905695,14.3869960708719,-0.62379210131746,-0.0595151003797492,-0.0354677384423868,13.2326956590011,5.68071633908981,-1.20862519573882,662.909548825572,670.46880852199,0
1.62,-0.0815062674373357,0.214035823941231,-0.0279457753429959,15.021090230772,1.41581306008926,-0.0153395154027108,0.0847876008523515,6.08746695378855,-13.8050869040599,-2.63230586875318,662.947815523625,670.46880852199,0
1.63,-0.0878193696354624,0.213124990463257,0.0496966723571046,15.2933016107365,-2.47145616394083,0.0392092350317182,0.0929765390556503,-10.6030738701665,-11.2946002244891,2.22754522844433,662.974811569101,670.46880852199,0
1.64,-0.0275465815996721,0.214072421193123,0.0132998470716453,12.3291813511435,-0.64735971415064,0.0290663465828063,-0.00953140001703483,-9.32885601785003,8.08704104027631,0.804123093133345,662.958326771399,670.46880852199,0
1.65,-0.0766560941137711,0.21496470272541,0.0315785056898816,14.8314434536754,-1.56797198804759,-0.0187978821810837,-0.0807465071188302,7.33486831017473,12.9857598140143,-0.619492972348266,662.924788125955,670.46880852199,0
1.66,-0.0163856393371445,0.216126069426537,0.0275390350844417,11.8781814514019,-1.3681233597202,-0.0271254486374875,-0.0170615845127033,11.1989540073583,-4.1888405628423,-2.04339802925339,662.885541680402,670.46880852199,0
1.67,-0.0571112881167341,0.215800926089287,-0.0101941324010699,13.9003309744285,0.513730179650745,0.0279325447139901,0.0508467551724208,-4.93452432064267,-13.0051370475334,2.8158861246716,662.907035223743,670.46880852199,0
1.68,-0.0459007996692466,0.216003581881523,-0.0404069146198926,13.3521006483644,2.02019623806716,0.0576438557001016,0.0204153878092349,-8.26622980683785,-10.6784469537896,2.6330053451968,662.897939427255,670.46880852199,0
1.69,-0.0637012044510349,0.216103509068489,-0.0122841618228775,14.2492568677952,0.603755765059694,0.055230391395404,-0.0340345111102492,-13.1132716964554,5.60784697751235,1.20903176956246,662.911973004452,670.46880852199,0
1.7,-0.00275534958479741,0.215705141425133,-0.00299990061548742,11.1842011270815,0.134117712949709,-0.0035182421034857,-0.00205263916422385,2.51483117081553,10.8986222337612,-0.214787195688265,662.907785245297,670.46880852199,0
1.71,-0.0685114991241557,0.215460762381554,0.046458252638663,14.4619151834489,-2.35201328700291,-0.0714929190969393,-0.0417247800410682,14.5877496797785,1.36986004965112,-1.6383894830103,662.919883152452,670.46880852199,0
1.72,-0.050089164186518,0.214745804667473,0.000338901842627446,13.5071735369244,-0.0472006120313535,-0.00432542960406106,0.0499032051285607,1.12235824760653,-13.4605451902364,-3.06189822034065,662.933079045143,670.46880852199,0
1.73,-0.0926229412287788,0.21506866812706,-0.0585100275306174,15.6521513461109,2.89419392598176,0.103413306236795,-0.0361679506839717,-15.9019932959747,-0.702003887116304,1.79775527602173,662.92444922423,670.46880852199,0
1.74,-0.0715269633156273,0.214517816901207,-0.00919241774027056,14.5719242720587,0.423129725764564,0.0175899464969741,-0.0699371203818138,-4.93282148500693,13.7181371895929,0.374216354781789,662.946819702754,670.46880852199,0
1.75,-0.0793510148399475,0.214476957917213,0.0216109062975708,14.9632112599827,-1.11965790606273,-0.0580373297697777,-0.0582690585158712,12.4164550247311,8.42513914759346,-1.04930260927252,662.9577025169,670.46880852199,0
1.76,-0.103766734414806,0.214376747608185,0.00544329379703761,16.1811088332232,-0.292189024167386,-0.0686119408838362,0.0780356725262666,10.2624611629693,-12.513814301683,-2.47277630207037,662.974796954768,670.46880852199,0
1.77,-0.111657769383107,0.214349582791328,0.0483264634103958,16.5764510288485,-2.40499838302662,0.0412748332508219,0.114452141393179,-9.60238483383866,-13.7243197076226,2.38701367192541,662.964376731369,670.46880852199,0
1.78,-0.0421798684910211,0.213492095470428,0.0421350194132421,13.0617716548107,-2.09095499787751,0.0586800469336277,0.0105429245819825,-11.9206038556721,5.73421095545848,0.963701391269113,663.004019856915,670.46880852199,0
1.79,-0.106558121943719,0.215099781751633,0.0592308383541054,16.3632626601085,-2.95092517829044,0.00579934430546988,-0.121775585278533,4.61610022010089,15.9736014426789,-0.459739849408255,662.949536584949,670.46880852199,0
1.8,-0.102132357913043,0.213550448417664,-0.00567886388369091,16.0665954094792,0.296679238207524,-0.0954480178532767,0.0367823859444702,15.1983874648598,-5.2184791932396,-1.88307777647785,662.997049555529,670.46880852199,0
1.81,-0.0402427729773946,0.213722825050354,0.0238072305568546,12.9828559693072,-1.1824749942448,-0.0168848518066878,0.0436023713020696,-0.962789933182,-13.0009934918972,2.97684335857803,663.011525952049,670.46880852199,0
1.82,-0.0182223825224796,0.213576793670654,-0.0439760877711342,11.8766644228303,2.20679318019381,0.0174696832663755,-0.0442804887848202,-11.8372981429642,2.40903852755595,1.55373967137378,663.012218573629,670.46880852199,0
1.83,-0.0598852692852972,0.21360656619072,0.0112124882166828,13.9634082223581,-0.565653841967339,0.0189245573938284,-0.0579122309778298,-2.38135953570668,13.7704705879955,0.130751144786765,663.023049617761,670.46880852199,0
1.84,-0.010508154212359,0.21326270699501,0.00733724432881468,11.4794648227683,-0.376869979018225,-0.00808523436388632,-0.00994411607798668,10.933216146927,3.51922268162077,-1.29220384479946,663.042355554814,670.46880852199,0
1.85,-0.0537527259935464,0.211795717477798,0.00284413258754536,13.5704028864486,-0.16078495804182,-0.0248383780496633,0.0477545769301208,5.76342535219537,-12.2867658280337,-2.71483661573781,663.093482337137,670.46880852199,0
1.86,-0.017813829779338,0.212940096855164,-0.0255871574350181,11.8328409460458,1.25796320244381,0.0288627423590106,-0.0117888617147289,-10.6149165773172,-5.37793104545942,2.14565439901184,663.047943178373,670.46880852199,0
1.87,-0.0555053211873239,0.213426366448402,-0.00714891030002997,13.7438826149335,0.327396295315576,0.0313550925247718,-0.0463552129900065,-8.84596128408872,10.5238047600504,0.722808804412816,663.016326972193,670.46880852199,0
1.88,-0.0157740955238383,0.214011669158936,-0.0267595578976869,11.7887338358402,1.30699744572615,-0.0306275836060418,0.00518142363928594,8.59606219644294,8.17252730128836,-0.700233016137077,662.999225816763,670.46880852199,0
1.89,0.0197626103810658,0.213703542947769,-0.0159056128308445,9.99859595613336,0.762577921371444,0.0251699025665975,0.00316627437006449,8.11049131702537,-5.89689552023992,-2.12333892120989,663.025368546594,670.46880852199,0
1.9,-0.0959464930141218,0.212102279067039,0.0290785775216234,15.7060868175953,-1.49484157117599,-0.0907047664985969,0.0427075933157675,12.6600681442307,-9.41479628182115,-2.30511809027867,663.044292493491,670.46880852199,0
1.91,-0.0921855767985592,0.213493973016739,-0.0448969487076066,15.5897811819707,2.22732987192299,0.0884095621488083,0.0519390594215233,-10.4822671967,-11.7526316234737,2.55517702798741,663.01431502267,670.46880852199,0
1.92,-0.066111017307671,0.213252931833267,-0.0167023191618873,14.2761085670158,0.852850940682976,0.0527608578618497,-0.043196365038304,-12.5627230330014,6.83466316217136,1.13220684870203,663.034904527729,670.46880852199,0
1.93,-0.000184352046456604,0.213814452290535,-0.0153094305826582,11.0099913539944,0.787121790660796,-0.0147195758631272,0.00421268760435708,3.91070418796462,10.3221055547112,-0.29078635298014,663.025561840446,670.46880852199,0
1.94,-0.0593175161429335,0.214334547519684,0.034480284963606,13.9948058981396,-1.70995183425788,-0.0636274132640358,-0.0256711911267525,14.0956330361159,-0.30274859742199,-1.71385330940642,663.007020132659,670.46880852199,0
1.95,-0.0175204992102762,0.214659065008163,-0.015940570946053,11.9233231049441,0.813610605293277,0.0158606817380578,0.0175928527950266,-0.759347042439851,-11.9269018672527,-3.13704230077038,663.00112102638,670.46880852199,0
1.96,-0.0160784088536825,0.214060291647911,0.00718010012975755,11.8233795862373,-0.349072420559567,0.0148029380810303,0.00953635639585179,-11.6335508423107,-2.13884342447504,1.72310183830789,663.031261018924,670.46880852199,0
1.97,-0.0779944526812669,0.213726252317429,0.0290863210019591,14.904591966214,-1.45478098925139,0.0508498990166491,-0.0659047531554134,-5.79729171351261,13.8077752804156,0.300208442472248,663.04461639968,670.46880852199,0
1.98,-0.0675471189441026,0.213572114706039,-0.0572097061112665,14.3766381582234,2.86045090964782,-0.0856642694430548,0.0222979077891613,14.1966238526746,3.65044864703786,-1.12271336283545,663.056728284868,670.46880852199,0
1.99,-0.0175731323276312,0.213125228881836,-0.030517827796594,11.8577094628991,1.51851538245234,0.0153865703881517,0.03167658827774,5.4012001884456,-10.6648112593522,-2.54542968777707,663.067429522619,670.46880852199,0
2,-0.00428436368090034,0.212848171591759,0.0192430399866104,11.181532880783,-0.980085027887876,-0.00988674724497781,0.0170558667029978,-7.5598584420236,-8.29673336696348,2.31520361347201,663.072827696627,670.46880852199,0
2.01,-0.0064120946820187,0.212928935885429,-0.0318140688999514,11.2940752353041,1.57012135585571,-0.0149655002251876,-0.0287972870456912,-7.8100220204878,8.30812689673902,0.892640943646557,663.074118484976,670.46880852199,0
2.02,-0.0820131974534064,0.212295934557915,-0.041757361158152,15.0445715687984,2.05939254574176,-0.0774781708930318,-0.0496686500973596,9.37979868839619,11.9415077737828,-0.529782898916683,663.096522839985,670.46880852199,0
2.03,-0.0517526499770228,0.211872413754463,0.0173303668849329,13.5124813163989,-0.902667282459297,-0.0544848210087963,0.00317532292059433,12.8777544145792,-4.19110973211605,-1.95214168670347,663.096251535484,670.46880852199,0
2.04,-0.0223737524051221,0.211956948041916,0.010827966024054,12.0498598879245,-0.578110712333796,-0.00537109285608973,0.0242689308877634,-2.21893219483865,-11.8578950589485,2.90866527957799,663.113227697291,670.46880852199,0
2.05,-0.0241461220986749,0.213486582040787,-0.00396314635804432,12.2171449409161,0.162534301720759,0.0237248713666739,-0.00598934220880473,-12.1597147718467,1.1943134320269,1.48619448240873,663.052149561791,670.46880852199,0
2.06,-0.037925842828963,0.21349635720253,0.00526633894911858,12.9087432300909,-0.285496562403603,0.00766017535069754,-0.0375156713096111,-1.10331347844282,12.8646748670866,0.0634407592766342,663.053475441786,670.46880852199,0
2.07,-0.0926412499935521,0.21444921195507,0.0139950732382642,15.6943128452413,-0.685818891300941,-0.0876450079593115,-0.0331151907004087,15.2013460652968,3.96243372677158,-1.35947780364077,663.031531330918,670.46880852199,0
2.08,-0.092096491410075,0.213836386799812,0.00263117712067382,15.6385611688281,-0.115164241933148,-0.0348454543925111,0.085290568829536,5.60652611639167,-14.5994768104893,-2.78229947881497,663.036564739484,670.46880852199,0
2.09,-0.0796886322271001,0.214174464344978,-0.0013660469558759,15.0372116367942,0.0846150340663205,0.0703208453174486,0.03751163691911,-13.1854095041298,-7.22979043417812,2.07797383694486,663.033759505622,670.46880852199,0
2.1,-0.0519917781240544,0.215483397245407,0.031357380536424,13.719997215225,-1.55621555506846,0.0565345661016013,-0.0221421124175334,-9.58974710500275,9.93463038576227,0.654791663425419,663.001051504653,670.46880852199,0
2.11,-0.028209820803308,0.215019017457962,-0.021479920410689,12.5098077689334,1.08611598798465,-0.00627775216335664,-0.0348965728744207,-4.72960761994746,11.6320999873779,0.472786727946185,663.014445844282,670.46880852199,0
2.12,-0.0690778860161783,0.214175030589104,0.0500425582461405,14.513105807286,-2.50338487043028,-0.027093577471481,-0.0808823221234365,10.3507526909002,10.476597477941,-0.95016645736044,663.056079550746,670.46880852199,0
2.13,-0.0797323215862255,0.213425606489182,-0.00532284266335648,15.0104496124045,0.261963195740841,-0.0516103234905323,0.0610077885908901,10.2481407867306,-10.970771745771,-2.37278703407374,663.086068069419,670.46880852199,0
2.14,-0.0375912077284563,0.212758958339691,0.0341391454946,12.8721693110469,-1.71981795688894,-0.00424724197432591,0.0506017893873028,-6.46121585790028,-11.2651323212252,2.48802127340008,663.09880854985,670.46880852199,0
2.15,-0.0601658068393249,0.212604343891144,-0.0319533433507566,13.9952664421337,1.58201167064254,0.0371848263885942,-0.0570809000486889,-11.4812694052723,8.15786102823055,1.06559507756439,663.119398850593,670.46880852199,0
2.16,-0.0630401161355626,0.212900385260582,-0.00305280401570454,14.155927002009,0.127913787183816,-0.0248773683262111,-0.058004244671451,5.06382564614366,13.2198449706726,-0.356771273754543,663.096209222476,670.46880852199,0
2.17,-0.0853602161590668,0.211747258901596,-0.033101593602083,15.216357401913,1.62615807271974,-0.0766767748939632,0.0500275343543989,14.5518192543071,-4.73566036051994,-1.77895594647261,663.127878307318,670.46880852199,0
2.18,-0.0948481721563006,0.21128186583519,-0.0320570867473345,15.6695524452701,1.56918257995541,0.0376256914292046,0.0927800620639566,-2.49571307135116,-15.5489107036407,3.08225221845348,663.161837021017,670.46880852199,0
2.19,-0.0124316951222449,0.21110312640667,-0.0119638745648689,11.5419061152194,0.563871951782771,0.0134506755003298,-0.0108055849819059,-11.5461354684169,-0.46936563094529,1.66024078100199,663.157128629177,670.46880852199,0
2.2,-0.0710083751641594,0.211293995380402,-0.0153400324855162,14.4823899668238,0.730366692847864,0.00185369670295815,-0.0726227908348622,-2.70858730080538,14.2455821043261,0.238281155521907,663.158980991933,670.46880852199,0
2.21,-0.0498619495904724,0.211921915411949,0.0418122842426483,13.4585933986954,-2.11964286412062,-0.0303988401329176,-0.0575360030687234,11.6638861404914,7.0413338398684,-1.18388088169872,663.1495546582,670.46880852199,0
2.22,-0.0934281247164407,0.211531698703766,-0.0585261262017629,15.6194986372376,2.94485337204507,0.0026400431886006,0.110214119368517,5.44021398236302,-14.9346901838509,-2.60591528511607,663.15117086185,670.46880852199,0
2.23,-0.0290838172902379,0.211928337812424,0.0370689075667526,12.4242274324695,-1.83723279245581,-0.000896978186317079,0.0471080435435145,-8.46558490437956,-9.2774308865193,2.25510732893183,663.156506223393,670.46880852199,0
2.24,-0.0279723663588591,0.212034344673157,0.0105880950081306,12.3760918582912,-0.511688206005596,0.0278202097054754,-0.0109816650631316,-9.50177332880701,7.94643178495842,0.832982308102137,663.136565646997,670.46880852199,0
2.25,-0.0338186488686556,0.213437393307686,0.0397525204211191,12.7407146580987,-1.97525134563266,0.0142465386620801,-0.0502095611142217,5.44015398464372,11.6889756822777,-0.589403940289306,663.105936236644,670.46880852199,0
2.26,-0.0689545466511135,0.212448433041573,0.0276834573139087,14.4501455464403,-1.37690192089628,-0.0741744915988853,0.00438726666142962,13.656065315002,-4.92081754645282,-2.0116518284143,663.139145077063,670.46880852199,0
2.27,-0.00984961691578134,0.212196633219719,-0.00668190270385236,11.4844001418664,0.34054715059031,0.00923558851741867,0.00750777476142697,-3.63377889522398,-10.8996821018276,2.84944089312208,663.164445514289,670.46880852199,0
2.28,0.00605921542524152,0.212383538484573,0.00966750413972197,10.7004225183163,-0.484371790053139,-0.00461627399168057,0.0104338268288658,-10.6598956184832,1.04894399494618,1.42747540456964,663.158912956115,670.46880852199,0
2.29,-0.0741633165585289,0.21238674223423,0.00723669443154088,14.7138270052839,-0.373064934162385,0.0076366401956175,-0.0741232014674133,-0.45242869066047,14.7116005542018,0.0053942165425804,663.158515521421,670.46880852199,0
2.3,-0.0687545851600095,0.212654799222946,-0.0141942410666513,14.4589288782955,0.693208933751016,-0.0701185852597873,0.00347180949205755,14.3939702345346,1.53453048870748,-1.41668159820733,663.139481105755,670.46880852199,0
2.31,-0.0732172013476892,0.212371408939362,-0.0516487356172202,14.6699993907493,2.56203677446999,0.0274683783772032,0.0852868023399421,1.92862691920268,-14.7666283478948,-2.83881981188895,663.147698103936,670.46880852199,0
2.32,-0.052214488115942,0.213226705789566,-0.0366909139077602,13.664781458355,1.80797107846022,0.0629899239451197,-0.0102394049624261,-13.0848220666424,-4.3338716189408,2.0221827279829,663.121914605965,670.46880852199,0
2.33,-0.0263823124133968,0.212765455245972,-0.0220294221013633,12.3522099142934,1.07025360093478,0.0313055424450554,-0.0141874895107958,-12.1896763004748,-2.26590472587106,1.84101464657766,663.142615388933,670.46880852199,0
2.34,-0.0596057878114389,0.213316336274147,-0.0156321707723565,14.0430845370897,0.745864448831062,0.00995899656379254,-0.0608114552623168,-5.02955698474095,13.132710825611,0.418810564631611,663.110416528863,670.46880852199,0
2.35,-0.116269627448262,0.212643593549728,0.0198184071914744,16.8447510859534,-1.03234541354213,-0.0873998912875164,-0.0792000917518093,13.6504745775989,9.92350341396207,-1.00340653502688,663.119194357541,670.46880852199,0
2.36,-0.0656404748040322,0.212453156709671,-0.02143759291154,14.30587022645,1.04230082802192,-0.026911742475672,0.0635924558360723,8.60371120381794,-11.4769537540857,-2.42558511551428,663.139415260982,670.46880852199,0
2.37,-0.0689768718844363,0.211457997560501,-0.0206704853267863,14.424989606835,1.04506574564657,0.0604810826985329,0.0390783374034777,-10.1540528281919,-10.298917357291,2.4355991105131,663.198520234725,670.46880852199,0
2.38,-0.0970982205444308,0.211524099111557,0.0508685924930705,15.8364907216548,-2.53114375419297,0.109313145017051,-0.00814336918002703,-14.7812076591152,6.22230079790114,1.01386301428117,663.179723991758,670.46880852199,0
2.39,-0.0379097707500596,0.211956039071083,0.0315325466830025,12.9007989049611,-1.56085399418548,0.0139029603117726,-0.0473091948061588,3.68588073799569,12.4611861699712,-0.407992664027045,663.159494896112,670.46880852199,0
2.4,-0.0378928797103842,0.212235897779465,-0.0287300958998951,12.9160492996542,1.45442183651711,-0.0292635366889821,0.0374824514088315,12.1118379880058,-4.71625412185709,-1.82999123208489,663.175420036073,670.46880852199,0
2.41,-0.0414649938823873,0.212624400854111,-0.0253123440178436,13.1162061538582,1.27877335069477,0.029723607607209,0.0384261320998711,-2.71504429388562,-12.895683759894,3.03127279771247,663.168168920691,670.46880852199,0
2.42,-0.0246888912132915,0.212627425789833,0.0151638943771663,12.2796726117473,-0.753388376515363,0.0240861232640196,0.0161041518911756,-12.2415132527621,-1.2260941154803,1.60934643599678,663.165569095515,670.46880852199,0
2.43,-0.00847066366404961,0.212970495223999,0.0118486788613323,11.4880287909677,-0.593327760934188,0.0132193920196548,-0.00611481874621979,-2.72327788477824,11.176341122938,0.187405402101376,663.168067913328,670.46880852199,0
2.44,-0.0287897124586469,0.213517263531685,-0.00586071337192332,12.5334775230802,0.285557312205567,-0.0291115818797995,-0.0039637488738741,11.9261892113085,3.86466204165139,-1.23464577021764,663.134295671771,670.46880852199,0
2.45,0.0129569243579525,0.213906049728394,0.0501876561013922,10.467707156235,-2.52689946040031,-0.0383676453626091,-0.0348512051886068,7.11364377202263,-8.08419360705988,-2.65683679321877,663.141067225586,670.46880852199,0
2.46,0.0255806069142236,0.213788688182831,0.040583298014007,9.8327887749914,-2.05217793205004,-0.0446394308113557,0.0175696540840142,-6.71069166190165,-7.47407430905485,2.20420562260034,663.135082592236,670.46880852199,0
2.47,0.0121632469180958,0.214477956295013,0.0490038814293216,10.5402795050931,-2.48037814579964,0.0261977863433244,0.0431624948472525,-9.18748264723112,5.73061343997941,0.781983823215935,663.106897900596,670.46880852199,0
2.48,-0.0715160191692868,0.213672861456871,-0.0410005279703732,14.6860919052088,2.01896197440317,-0.0756057238650401,-0.032853596614594,10.393192151863,10.5706697894116,-0.640314423401674,663.139524262387,670.46880852199,0
2.49,-0.0129946868050553,0.213672146201134,-0.0346890218917385,11.7621324130701,1.7022569277379,0.00492098425307936,0.0367147659525148,9.56527151912142,-7.05344017597875,-2.06245955114111,663.123703862131,670.46880852199,0
2.5,0.0109090642712307,0.212594047188759,0.0138287334392808,10.5151147474089,-0.727393632784508,-0.016691767749629,-0.00562373907653689,-2.8507948233903,-10.1473991014015,2.79864793775604,663.173220247672,670.46880852199,0
2.51,4.1253872735281,4.59999990463257,0.0407781907062972,24.1644906486374,-1.90356414305978,-4.10854408800534,0.374631144382425,-24.2392797332781,0.0590149703097151,1.48974872746018,698.288667491646,2353.59849906452,0
2.52,4.12436524841091,4.59999990463257,0.101830898431967,24.2187864869961,-4.95262167350949,-1.77645041882308,3.72357115463614,-15.3806885347634,19.3523254556195,0.469831112771181,737.994898115984,2353.59849906452,0
2.53,4.185272442966,4.59999990463257,0.14292944606575,21.1766737577891,-6.98263533995191,1.21255061712889,4.00832324660869,-1.3123189972168,22.2595266478001,-0.259618991648009,777.508155723189,2353.59849906452,0
2.54,4.11172010851809,4.59999990463257,0.138758513719637,24.8576372135557,-6.72850219825905,-2.00118694668557,3.59454405736485,-18.5821554452092,17.8291438011703,0.541729021770437,816.746846399049,2353.59849906452,0
2.55,4.0937654396064,4.59999990463257,0.0600267912707344,25.7587704599706,-2.83878386024548,-1.50624877273688,3.80706360924199,-12.4508402676995,22.727725932061,0.391409067057333,856.525406016198,2353.59849906452,0
2.56,4.10871971971773,4.59999990463257,0.154861304545524,25.0145116344346,-7.51485837262447,-1.94446769279308,3.622789691733,-19.1343929856536,17.7784671369733,0.530272784531264,895.628746237761,2353.59849906452,0
2.57,4.11579870073537,4.59999990463257,0.130422442527833,24.6641350127129,-6.3274600988035,-3.29082711830294,2.47533145981136,-23.8117456469785,9.01981576701443,0.957571919802833,935.170060410348,2353.59849906452,0
2.58,4.06320205701726,4.59999990463257,0.13084979711368,27.2975645044908,-6.3650704928411,-4.05540986502092,-0.283519756357387,-26.5076609794877,-9.11126004744775,1.67278674197214,974.490077545633,2353.59849906452,0
2.59,4.06844423978251,4.59999990463257,0.147858016339924,27.0391864831981,-7.20884102732908,-1.96063024202163,-3.5679167001607,-5.71295454603765,-27.3942903719986,2.67544713655579,1013.57263216279,2353.59849906452,0
2.6,3.97052108221726,4.59999990463257,0.118985996298638,31.9391192704545,-5.76258166697668,2.83150276697659,-2.78599845876677,27.3441041804397,-17.4818378270179,-2.3181358292075,1052.69107432057,2353.59849906452,0
2.61,3.98619292114011,4.59999990463257,0.103142992632087,31.1593787517202,-4.95910228314581,2.76991057468102,2.86844346113827,17.4023770604142,26.3183748034529,-0.742055181468483,1091.78591023416,2353.59849906452,0
2.62,4.08377923989443,4.59999990463257,0.102602466044338,26.2839480850644,-4.88463503703777,-3.63130210725304,1.87120954253946,-25.7870693436294,7.05213733915225,1.1201029718037,1130.7064691866,2353.59849906452,0
2.63,4.00906523270954,4.59999990463257,0.159704732149545,30.0235708202698,-7.68470478132172,0.346971092186708,-3.99721411770474,11.4083095248007,-28.8152731405095,-3.01519160851522,1169.51378302326,2353.59849906452,0
2.64,3.95442236737826,4.59999990463257,0.123408669121838,32.7597742584025,-5.94921653735555,2.27714521597204,3.23532001888709,13.04121699243,30.6353169761011,-0.582100361692481,1208.59310155848,2353.59849906452,0
2.65,3.95372558229544,4.59999990463257,0.141199213544743,32.7986957978403,-6.73935248302306,-3.41522280577049,-1.99703189382349,-24.0971341440986,-23.2486869300399,2.13562061357693,1247.19620605829,2353.59849906452,0
2.66,3.9783073419648,4.59999990463257,0.195537340285849,31.5737313503104,-9.49358829687803,3.70429363951091,1.46402622615037,24.8397850335644,21.6798018814404,-1.14530248225601,1286.06642438899,2353.59849906452,0
2.67,3.90085672331067,4.59999990463257,0.0946268842900642,35.4504847507514,-4.47813252384039,-3.33496072203405,-2.02575279970648,-27.4265622631246,-22.9035853610583,2.14091385335436,1324.86249216269,2353.59849906452,0
2.68,3.95810230197624,4.59999990463257,0.144711574545308,32.5924386156895,-6.98779801378433,-2.34011219019,3.1955265935431,-25.6874895411113,21.2426282995828,0.668626825758193,1363.56748807968,2353.59849906452,0
2.69,3.88317361665996,4.59999990463257,0.171186518266212,36.3431704934169,-8.30811983155571,3.78045383279127,-0.903609970780441,37.2589340200057,1.27386511920089,-1.76136029691831,1402.17919719918,2353.59849906452,0
2.7,3.91888824876769,4.59999990463257,0.204328698681135,34.5618021470676,-9.92780046963298,-2.86610549486317,-2.6804616422828,-16.8296511862117,-31.7780148965969,2.37482921962645,1440.68203693653,2353.59849906452,0
2.71,3.90190004186061,4.59999990463257,0.24209708643285,35.4156748192592,-11.754888390211,-1.69351675937868,3.52355444425577,-27.5480469152032,25.1704695055057,0.509996265651676,1479.02219997391,2353.59849906452,0
2.72,3.77049387683213,4.59999990463257,0.196732723246103,41.9904450119209,-9.59408139836144,3.40700236292484,1.62716401713194,32.316234231089,28.4763915428013,-1.07310397791084,1517.58711842692,2353.59849906452,0
2.73,3.90276055356611,4.59999990463257,0.185455258205854,35.3815676272942,-8.93358814455611,2.57472310087129,-2.93883217368865,30.9849998886817,-19.2767763591255,-2.37465435328528,1555.89107802491,2353.59849906452,0
2.74,3.83541914659943,4.59999990463257,0.147972522981744,38.7531166640909,-7.13489110452109,-1.10475338477693,-3.6758476378222,-2.80801433331052,-39.3042717494923,2.88819840327928,1594.33133406566,2353.59849906452,0
2.75,3.76686136258646,4.59999990463257,0.194668431995402,42.1855005624321,-9.33848477264543,-3.26148263679009,-1.89469557799638,-30.2333595112388,-30.8669358410594,2.14870958474834,1632.46573300173,2353.59849906452,0
2.76,3.88688058868131,4.59999990463257,0.237411024922648,36.1890047369667,-11.4837732487265,-3.88763863537299,-0.22465650708944,-34.5740014017534,-15.6894722330585,1.68952382810178,1670.67503278394,2353.59849906452,0
2.77,3.79881693470462,4.59999990463257,0.228858710659965,40.5966277332535,-11.0737837532529,-1.65715671024938,-3.42596235392612,-5.20695709641708,-41.7564661785722,2.75123744797408,1708.86502409402,2353.59849906452,0
2.78,3.77357150771768,4.59999990463257,0.273389707083714,41.8632695330299,-13.2882313895017,-1.34160903840606,-3.53760781374436,0.755347760404927,-43.9151440760121,2.85143044253559,1746.92792861926,2353.59849906452,0
2.79,3.72712523454476,4.59999990463257,0.294421135815551,44.189908692495,-14.3082196524283,0.037976018345824,-3.73854305060485,18.1787920394465,-42.7434755238707,-3.05260456533719,1784.94374439931,2353.59849906452,0
2.8,3.69726211132239,4.59999990463257,0.24889363956821,45.6873217506551,-12.1646325294236,2.32868968130911,-2.88251618066613,39.9607269277915,-25.267567289438,-2.39485618838608,1823.01094138278,2353.59849906452,0
2.81,3.76029811301718,4.59999990463257,0.201013001124076,42.5397290998556,-9.70541129990555,3.75924239945007,0.21987429944931,41.1909359852418,14.3920239385969,-1.45896806039857,1860.94342437869,2353.59849906452,0
2.82,3.67541217020643,4.59999990463257,0.330449086325287,46.7881857175,-16.0858677250953,1.21332805720739,3.48506617514619,-4.23901445180267,49.2942209562332,-0.245359395797875,1898.71602165052,2353.59849906452,0
2.83,3.71551667888141,4.59999990463257,0.209746117859625,44.7870416792461,-10.1111807016083,-3.4535148148406,1.38646783182286,-45.6692755609153,4.73627990096503,1.24541858050241,1936.50380154996,2353.59849906452,0
2.84,3.69063831954852,4.59999990463257,0.21620046447484,46.0349974354655,-10.5059968899065,-0.688797311620135,-3.63223238657219,4.50155928905959,-47.0035416059378,3.01269720450973,1974.28366470072,2353.59849906452,0
2.85,3.5374103244423,4.59999990463257,0.267644497374895,48,-13.0260173643373,0.218144006182546,3.54080761592785,-13.6960725516787,47.8131229374862,0.0139864820945839,2011.80078547846,2353.59849906452,0
2.86,3.59640641880876,4.59999990463257,0.300963887845033,48,-14.5867446604581,-2.81157427388307,-2.26269054302054,-24.6933669359247,-43.6693341964036,2.33193342550481,2049.15066399969,2353.59849906452,0
2.87,3.62028659582857,4.59999990463257,0.35731576552099,48,-17.4012856057861,3.61444816742009,0.412206304245168,43.2656925899946,27.1087547748367,-1.35886330079278,2086.60960174203,2353.59849906452,0
2.88,3.62121501508133,4.59999990463257,0.30589693530514,48,-14.990122960771,-3.59459180889713,0.534491204688323,-48.8525625589847,-11.9218672111177,1.50745820022636,2123.96119441475,2353.59849906452,0
2.89,3.57245636450773,4.59999990463257,0.22814574957622,48,-11.0596070386196,3.54968810668788,-0.46282751063444,48.6239389560049,7.87575191657227,-1.63667448487843,2161.08678763456,2353.59849906452,0
2.9,3.33106524254754,4.34063005447388,0.231052035742382,48,-11.1126458970344,-3.30928828498085,-0.444962627888597,-44.7758418207037,-20.5575992781307,1.77370530098318,2197.61669687537,2353.59849906452,0
2.91,2.45205666529114,3.49840760231018,0.124462819179632,48,-6.04798778270973,1.9251378031674,1.5237838829613,32.0891885028342,36.2058301582684,-0.850532911507803,2227.99189522162,2353.59849906452,0
2.92,1.9624989406554,2.84316086769104,0.203350345065024,44.6311156093587,-9.90663006917471,1.66127543361678,-1.06438592088256,44.317118008542,-11.2281276836515,-2.0373592376219,2251.5190369035,2353.59849906452,0
2.93,1.39099197164418,2.33520340919495,0.0697669814317058,47.8124389178557,-3.43176301714599,-1.30842274991796,-0.477237890756572,-42.704781176706,-21.7740206973629,1.97065856071805,2269.83794640576,2353.59849906452,0
2.94,0.995091172850416,1.93802630901337,0.118712806801922,47.7525451363016,-5.77145108448501,0.300353845822126,0.956078835705228,3.1422277935434,47.9973084569188,-0.185651713068498,2284.11213166407,2353.59849906452,0
2.95,0.751781549225705,1.6290922164917,0.103944328426042,44.4752353839192,-5.12151362014408,0.520038697913232,-0.552756432654431,37.8391908882476,-23.9263891370826,-2.24928977982443,2295.24133305654,2353.59849906452,0
2.96,0.436188864750661,1.38821446895599,0.0109077241687949,48,-0.611267265002259,-0.393523671762496,-0.188464383748166,-42.4818537209736,-22.3532045152159,2.04243576323903,2303.90879950249,2353.59849906452,0
2.97,0.236710962184297,1.20267510414124,0.0608753233022307,48,-3.1561833988671,0.0352763015826642,0.241854227070804,-8.25867626660126,47.3894055667589,0.106880519382688,2310.61632276912,2353.59849906452,0
2.98,0.143626079587767,1.0582811832428,0.0915573952204382,46.3542668931599,-4.53681773046934,0.152692124900923,0.0754739845943214,20.1182197964402,42.0066424097895,-0.544211545286337,2315.80972327644,2353.59849906452,0
2.99,0.0417836357784572,0.94307816028595,0.0192787522638068,45.6901910542975,-1.00324587005659,0.0139062184322679,-0.0438652436061862,31.5256583985079,-33.0867484560598,-2.40230467987369,2319.92909214538,2353.59849906452,0
3,-0.0173269506973231,0.854183614253998,-0.00281984335691457,44.2049677714202,0.0122687228950905,0.0166784644311849,0.00547755066089768,-39.242725973446,-20.3491470181649,2.04944772578116,2323.13883238645,2353.59849906452,0
3.01,-0.247729402425202,0.785997033119202,-0.0148443973262714,48,0.550469049305096,0.0441885334485882,-0.244208080270884,-10.8217074186806,46.7674423581055,0.238859586837226,2325.60178447722,2353.59849906452,0
3.02,-0.162960511449224,0.733597338199615,0.0237393900971893,45.4653188528548,-1.17553406998068,-0.162591721360478,-0.0261461102081358,45.4429696755626,1.84759460037476,-1.55601113397216,2327.52437493818,2353.59849906452,0
3.03,-0.235391383505396,0.691630601882935,0.0426553646380909,46.9924885366797,-2.17037481093555,0.00419833864773269,0.239188121598025,-7.06079195108001,-46.5096734315936,2.94477690583117,2329.0080211963,2353.59849906452,0
3.04,-0.18275530275172,0.658672392368317,-0.0264815243454093,42.7167456738915,1.22411905035887,0.141419334690411,0.118749078275374,-29.3495021783559,-31.0616411398378,2.41317716302744,2330.17696945395,2353.59849906452,0
3.05,-0.235133383092181,0.633273541927338,0.0209662465500431,44.0697079629494,-1.22540940195208,0.158688291159286,-0.174772187683616,-27.5864631311303,34.3893564937878,0.648269961301074,2331.11382230512,2353.59849906452,0
3.06,-0.343441644130382,0.615202844142914,0.0204172116416919,48,-1.22665513213355,-0.298660601351159,-0.170794820339393,42.4637231745963,22.4128734651415,-1.11069702260706,2331.79376568468,2353.59849906452,0
3.07,-0.329882298502416,0.599112272262573,0.0266269817742011,47.1070891543433,-1.34466308370636,-0.115651678448613,0.310090335701807,14.1506716163127,-44.9515790624891,-2.86515258042057,2332.38075548565,2353.59849906452,0
3.08,-0.266024592333829,0.587533295154572,-0.0216213124464074,43.3392456630611,1.04173730593629,0.266871145828174,0.00404430496406802,-43.2387620659432,-3.12808028389455,1.6670470498757,2332.76830227054,2353.59849906452,0
3.09,-0.291814325328842,0.579873740673065,-0.00494055717762668,44.2497277190933,0.13042496561785,-0.0286686065152134,-0.290444694516578,3.73051702559951,44.0923877399179,-0.0814583425294721,2333.02611797522,2353.59849906452,0
3.1,-0.324896088181314,0.57470715045929,-0.0681560130648842,45.6494470180077,3.22696720591538,-0.29684532501656,0.148612123490091,43.3243669166822,-14.7405753505975,-1.82817495610671,2333.22120728109,2353.59849906452,0
3.11,-0.455908290513666,0.570219218730927,-0.00265039963906333,48,-0.0894699893364969,-0.328098647200064,0.316560691942047,34.7979760672862,-33.0621969400033,-2.33248526174065,2333.42625097489,2353.59849906452,0
3.12,-0.388714982118841,0.564697861671448,0.0255351731831216,48,-1.29807158838309,0.297517651668709,0.251464966424112,-37.8406731956968,-29.5595744547353,2.20690610820004,2333.64974361477,2353.59849906452,0
3.13,-0.297402266591856,0.558459579944611,0.00856544954022345,43.4743764632418,-0.467770001340657,0.140903352889239,-0.262045263731994,-19.8961003084369,38.6572814636317,0.464562664682076,2333.84928663069,2353.59849906452,0
3.14,-0.306436203779463,0.555288016796112,0.0389526720035826,43.771471743811,-2.06020617138905,-0.281977687303694,-0.126131048936601,41.2937432113617,14.6633202134439,-1.27661983110047,2333.93532709149,2353.59849906452,0
3.15,-0.373287378179916,0.554349780082703,0.0169712205071841,47.071111250592,-1.03610463906699,-0.0630966538749081,0.368307346252731,6.86097742819688,-46.5799314718096,-3.01735743429703,2334.00171263857,2353.59849906452,0
3.16,-0.41640248600129,0.553826153278351,-0.0449367742954442,48,2.03173419582907,0.41394786260811,-0.0636985955442597,-47.8592459676959,4.19768022199032,1.52561388208397,2334.03911946513,2353.59849906452,0
3.17,-0.418666309776761,0.552693486213684,0.00842782805022463,48,-0.446535085386426,0.362558556867633,-0.209532336573126,-41.2982036492164,24.4674839109038,1.02663773774474,2334.10857778084,2353.59849906452,0
3.18,-0.295198929313234,0.551552653312683,0.0918809178259489,43.0388014212519,-4.63104288732841,-0.123598551277609,-0.283386501178681,24.6497765598213,35.5833317938767,-0.713021817128194,2334.13101309125,2353.59849906452,0
3.19,-0.309530224897007,0.550205886363983,0.0090139381745995,43.6920116971512,-0.548636582177044,-0.203773491029255,0.233166411731958,28.2052430181474,-33.3730003825031,-2.45247635560944,2334.15630401598,2353.59849906452,0
3.2,-0.329469767804487,0.550052881240845,-0.071971126976638,44.6852984950127,3.43405646758488,0.32160336495541,0.101496042606535,-40.4703005295958,-19.2541792984055,2.09156420880677,2334.15761594982,2353.59849906452,0
3.21,-0.354134890622347,0.549559772014618,-0.00279196566607454,45.8978697845633,-0.0701763946787919,0.119639396241809,-0.333325262611878,-15.9114053354758,43.0516730887116,0.352488996264504,2334.22369195698,2353.59849906452,0
3.22,-0.389526143046702,0.54917711019516,0.0315183059651904,47.6523140640002,-1.60218350681783,-0.377133655102556,-0.102441329143767,46.5497059148417,10.3167294665206,-1.38630318489232,2334.26190298983,2353.59849906452,0
3.23,-0.312844205830901,0.54848176240921,0.0297591686154678,43.7874509060799,-1.51409930717853,-0.306812539735163,0.0679939019317887,42.1270746770733,-12.0392247556331,-1.88372462994935,2334.28425137066,2353.59849906452,0
3.24,-0.294842472858808,0.547256588935852,0.0378989515676155,42.8300712444852,-1.97960814754531,0.102686595259933,0.278969312802222,-18.0431383130708,-38.894459901648,2.6610526519612,2334.29049278396,2353.59849906452,0
3.25,-0.314102425997671,0.54662823677063,-0.0440030975688147,43.7656126780859,2.0471643513763,0.223876622870341,-0.224668342997948,-33.6589748372304,28.0480506965541,0.922818816175825,2334.32039466176,2353.59849906452,0
3.26,-0.362813923991445,0.547090947628021,-0.0688576485093266,46.2283200763947,3.23962122750034,-0.311307402919386,-0.198653014293494,35.8710381425243,29.3397570773998,-0.81525737254633,2334.32842268304,2353.59849906452,0
3.27,-0.411304494819805,0.545936346054077,0.0225145746665206,48,-1.20348369048306,-0.247065384592946,0.329601257988086,27.6485779325685,-39.2556303133697,-2.55303967374698,2334.39034244297,2353.59849906452,0
3.28,-0.336488876777993,0.545113563537598,0.022601325086584,44.8211438448999,-1.15211884447997,0.297742698657239,0.158382036504424,-40.4209177977191,-19.4013328868675,1.99260292530615,2334.42996059647,2353.59849906452,0
3.29,-0.341449341804991,0.546667098999023,0.0371323848059973,45.1508138447203,-1.9341625285367,0.343271040200455,0.0114655998595656,-45.1689073153335,1.45147768367235,1.49586129046591,2334.32926437271,2353.59849906452,0
3.3,-0.368902963100151,0.547050714492798,-0.0164297085310094,46.5466583723485,0.671488462721135,-0.104428350965844,-0.35419493364677,11.8157033296216,45.0270080864148,-0.242202446184363,2334.33416946536,2353.59849906452,0
3.31,-0.384674067145532,0.547232508659363,-0.0315802694920719,47.3482739574527,1.37438808578554,-0.34034411030128,0.182036639000798,42.8916720997661,-20.1010560380915,-1.98002943033112,2334.33195235234,2353.59849906452,0
3.32,-0.474587933277108,0.546528518199921,0.011587408705907,48,-0.748605780850875,0.24883575874427,0.40428794147602,-25.5223489413663,-40.6591947181724,2.56544933221708,2334.41476670124,2353.59849906452,0
3.33,-0.384829017539473,0.546536028385162,0.0292593123900368,47.3291843575773,-1.48769293624568,0.303216695712007,-0.238765817368035,-35.8640201207485,30.9198477196224,0.827873248122234,2334.41071900362,2353.59849906452,0
3.34,-0.294360488139534,0.544191002845764,-0.00111094409195397,42.6924524939749,0.000770149459844417,-0.232993121074174,-0.179898684560602,33.6935827829221,26.2180849757149,-0.909513893750727,2334.46297220387,2353.59849906452,0
3.35,-0.323455319793888,0.544609308242798,0.0335506116331374,44.1721017580277,-1.81124549444037,-0.313537704097267,-0.0862733768513705,43.2732239653192,9.04893759565202,-1.40563638956229,2334.45153624127,2353.59849906452,0
3.36,-0.333496072941289,0.54475075006485,0.00599554690927184,44.6851667479731,-0.493044204286545,-0.00560721442187298,0.333502828168563,0.441011712134645,-44.6857105633479,3.1404282365484,2334.44420999833,2353.59849906452,0
3.37,-0.460524729662718,0.545900523662567,0.0150746288309062,48,-0.977224548939569,0.456588997737795,-0.061941570936685,-47.490719171384,7.04177253280681,1.40323603853377,2334.45069753302,2353.59849906452,0
3.38,-0.363176797642722,0.54592752456665,0.120577810410494,46.2359952177119,-6.05549572578106,-0.00513827925040915,-0.382635587466399,9.43578003409576,45.6662056383645,-0.333985639375475,2334.46493093734,2353.59849906452,0
3.39,-0.333412173002349,0.546164095401764,0.0458874326438762,44.7635741884728,-2.34608889200618,-0.314530401981001,0.119749571232906,40.3978137373564,-19.4241692861745,-2.07134715798007,2334.42460899443,2353.59849906452,0
3.4,-0.312143036634594,0.546357393264771,0.010601463286649,43.7137509195259,-0.645679519682414,0.184836867021721,0.251755831973916,-26.5443356505004,-34.7376908612254,2.47433588461482,2334.42083594953,2353.59849906452,0
3.41,-0.359556273143438,0.545482933521271,-0.0460681835516292,46.0446576132426,2.11984099342149,0.348389520278761,0.100138570253821,-43.117349303788,-16.2941219331776,1.97811488886276,2334.44396670176,2353.59849906452,0
3.42,-0.426737262359368,0.544066548347473,-0.0127359162870452,48,0.416839533384556,0.0895584638925575,-0.417428049123253,-11.0599763440388,46.7102845042277,0.241180353589155,2334.50052236095,2353.59849906452,0
3.43,-0.395197543267004,0.543397068977356,0.0670369057619709,47.7303919858136,-3.37912360813054,-0.389021140074275,-0.0966312450179898,47.3399631544944,6.96682739915086,-1.4953574132256,2334.576460774,2353.59849906452,0
3.44,-0.307937529108303,0.543482482433319,0.0805603462115869,43.3756110676727,-4.06790152129579,-0.0524950763346138,0.31394228478445,0.144263154935257,-43.565704934307,3.05139439001554,2334.55785993031,2353.59849906452,0
3.45,-0.289783140705286,0.542583465576172,0.0342460033647106,42.4268851262098,-1.81150455858667,0.289020422459104,-0.0401777648088636,-41.5050627299056,8.98064018124439,1.31503552609471,2334.57286647504,2353.59849906452,0
3.46,-0.35099456051602,0.542605459690094,-0.0431980243099579,45.4925276790789,1.98853245015855,-0.182915370126249,-0.302663539574385,20.4128324830805,40.7043069705748,-0.421156097981152,2334.57996496172,2353.59849906452,0
3.47,-0.438961473244934,0.542176604270935,-0.0840405556049413,48,3.98553981290419,-0.319128424226944,0.312901004840473,37.7761282944839,-29.8805732655673,-2.15717766771752,2334.59387759408,2353.59849906452,0
3.48,-0.39176561728065,0.542593717575073,0.0543606255116206,47.5384383445387,-2.74779937929419,-0.232180855506255,0.320199042512133,24.7771828764149,-40.6638012287962,-2.65208728528149,2334.63614662927,2353.59849906452,0
3.49,-0.368924792499568,0.540741145610809,-0.0151179793063801,46.3077511871278,0.724638204646384,0.354475325925575,0.103350370725581,-44.1198869402234,-14.0843351606837,1.8954465165678,2334.67189994969,2353.59849906452,0
3.5,-0.332980143391329,0.541328072547913,0.00343338008872598,44.5437983141972,-0.258959117129782,0.0563460145318543,-0.328196116122845,-7.33979796367357,43.935684744097,0.159715677537442,2334.63950246641,2353.59849906452,0
3.51,-0.303050858640626,0.541144013404846,-0.0349365772636885,43.0421105635439,1.59495270729977,-0.302864038101896,0.0365207034206074,43.0331824090108,-1.81999111417068,-1.57602518832689,2334.65784243185,2353.59849906452,0
3.52,-0.406022617554207,0.541770219802856,0.0132338431653881,48,-0.878442948123399,0.0556254097883164,0.402411871540065,-7.2522159745265,-47.4571072176964,2.97165074403861,2334.66038790706,2353.59849906452,0
3.53,-0.408950043251304,0.542282044887543,0.0188027494532438,48,-1.0323192641586,0.392415798712619,-0.11663413815424,-45.6732970427647,14.7991763387878,1.23594545165068,2334.66038229402,2353.59849906452,0
3.54,-0.321106202596511,0.542770028114319,0.0253555677857267,44.0381096570121,-1.28798153081202,0.235511405579857,-0.219741839451408,-30.6842103703591,31.6147628891042,0.741223749391529,2334.65896319939,2353.59849906452,0
3.55,-0.353887551342345,0.540858089923859,0.0193432668230606,45.5855482946347,-1.0434789955454,-0.286143497048713,-0.209123073961727,37.6486108987419,25.7237858631219,-0.994280476044831,2334.66419550819,2353.59849906452,0
3.56,-0.320049415516622,0.542350351810455,-0.018018171953987,43.9722050564497,0.759904293930937,-0.111518721355999,0.300532623321026,16.8941587693807,-40.6044292108306,-2.73003294222691,2334.62181122834,2353.59849906452,0
3.57,-0.409191698395098,0.54162859916687,-0.0167195158922018,48,0.62705824809311,0.400886313471387,0.0837111218324971,-46.6999267294598,-11.1135073451,1.81749055759666,2334.67984632257,2353.59849906452,0
3.58,-0.445892522874962,0.543191850185394,0.023950774277692,48,-1.3880189778567,0.0603644731115933,-0.442436336584439,-5.31191994870397,47.7253612154109,0.0819366024082015,2334.65510538345,2353.59849906452,0
3.59,-0.389996471909542,0.542782425880432,-0.00210923164399721,47.5030634381332,0.0824775932886482,-0.388479568067997,0.0344285078636905,47.3327575290178,-4.01968944819323,-1.65378083857927,2334.67947807022,2353.59849906452,0
3.6,-0.316131030628677,0.540478825569153,0.00174163375595279,43.6985841686208,-0.142186337902482,-0.265849626358824,0.171072610254719,36.6944293551902,-23.7298404881635,-2.14809338562794,2334.72091364263,2353.59849906452,0
3.61,-0.340926644568528,0.541436910629272,-0.0424741599219283,44.9902175020469,1.99749223524887,0.261641414796022,0.222662976943552,-31.8675813533217,-31.8208564435465,2.39983007168511,2334.68157573881,2353.59849906452,0
3.62,-0.356038677359405,0.541786372661591,0.00901286654034306,45.767246885695,-0.64536073960033,0.226606106789421,-0.274762522744369,-28.7251839108146,35.635953575992,0.664333107568231,2334.69615181461,2353.59849906452,0
3.63,-0.432758656696212,0.542293846607208,-0.0218653652424535,48,0.874040255186862,-0.390309669020201,-0.188192750689384,42.5483645921378,22.2351212477514,-1.07103752915155,2334.68810596247,2353.59849906452,0
3.64,-0.372052795132982,0.541314721107483,0.00647512699663458,46.5522905787116,-0.34321288734257,-0.128537752021891,0.349203745599966,15.6420355575496,-43.847009896083,-2.80629746452731,2334.76117139582,2353.59849906452,0
3.65,-0.326298887475426,0.540026843547821,0.0349820292831876,44.2041694967616,-1.79525076378033,0.315575488843172,0.0900378652671417,-43.2527700497634,-9.29674186075802,1.74192455313938,2334.78959510447,2353.59849906452,0
3.66,-0.360157307288806,0.539462268352509,-0.0190609565795591,45.8728198010615,0.838514255251776,0.335538651448523,-0.132251349495415,-43.2409808817652,15.3374142227344,1.24822097117185,2334.7636357849,2353.59849906452,0
3.67,-0.360799247918664,0.541005074977875,-0.0360244812769888,45.9859795635076,1.62053890108574,-0.200566910168745,-0.302070811392482,22.9373120385722,39.8900511304566,-0.486619043905691,2334.72775249951,2353.59849906452,0
3.68,-0.367048614818052,0.542816936969757,0.0270691135086049,46.3929970312674,-1.56964735034928,-0.308405053259705,0.200857525798441,37.8588024380191,-26.8604736426349,-2.22168443609375,2334.70437961449,2353.59849906452,0
3.69,-0.374508262843243,0.543351888656616,0.0608093271820792,46.7966800184574,-3.06653665264454,0.230912058063441,0.301054537669019,-31.9610218503426,-34.3194695482583,2.3263269353031,2334.71305112242,2353.59849906452,0
3.7,-0.290604726634484,0.542064368724823,0.0384952060587716,42.5410685246728,-1.95473377239258,0.193899775690747,-0.219854190360085,-25.3284903376772,34.2349393537659,0.591052028138494,2334.74857944261,2353.59849906452,0
3.71,-0.339265034988572,0.541306436061859,0.000359498911458311,44.9401377340285,-0.114693719272029,-0.308689696356634,-0.140753559701038,40.8622674927524,18.7057271859034,-1.14404763580032,2334.74855844348,2353.59849906452,0
3.72,-0.374513555543261,0.542347311973572,-0.0174722783983804,46.7585266170848,0.702389211375455,-0.37249024462966,0.0426227809254817,46.6053954381052,-3.84581305613445,-1.63810791398735,2334.71557955588,2353.59849906452,0
3.73,-0.421480881722841,0.542170464992523,0.0194978995406543,48,-1.19702737153251,0.0777375846734045,0.414708535809798,-9.84924542711028,-46.9938851239685,2.91006440902901,2334.73299641507,2353.59849906452,0
3.74,-0.431101785709935,0.541787922382355,0.0512301481636127,48,-2.61513591049623,0.417547445171002,-0.118858776513683,-45.3004421675947,16.0844295904697,1.17519158548049,2334.77376104861,2353.59849906452,0
3.75,-0.347694518173593,0.541211605072021,0.0520070967245633,45.3726608451469,-2.63061687376393,-0.140528429258658,-0.32225452153194,21.8603087129943,39.8462721001331,-0.559693323188991,2334.8074050859,2353.59849906452,0
3.76,-0.354806994577824,0.541137218475342,-0.0450123150052478,45.7284978711412,2.17151516190145,-0.23610876894471,0.268638718599708,32.8334954195914,-31.9025480828885,-2.29436333254029,2334.77887671395,2353.59849906452,0
3.77,-0.344942966076246,0.540726840496063,-0.0419623655786239,45.2187110906156,1.94778747609249,0.293987910692877,0.185250096725669,-36.2956448764545,-27.0398201131385,2.25413023584055,2334.78650341768,2353.59849906452,0
3.78,-0.340889702170807,0.540996253490448,-0.0386964039458283,45.0334700627323,1.73355422712993,0.342068046220821,0.0263182917209803,-44.5516823139615,-6.79457424311853,1.76061586968762,2334.79943015965,2353.59849906452,0
3.79,-0.420190353953517,0.541886448860168,0.017013717003035,48,-0.996916232404385,0.0279499957450293,-0.419604811530676,-2.24653146726498,47.9577620238999,0.0260436378718795,2334.80163229319,2353.59849906452,0
3.8,-0.371252487523547,0.543006300926208,0.0594914380241627,46.6599787202137,-3.00247891825187,-0.375907432979231,-0.00782576012721766,46.6291428378789,-3.44841007277698,-1.7088753725162,2334.77915812836,2353.59849906452,0
3.81,-0.323925390072157,0.541492938995361,0.0437431416983237,44.2218796558417,-2.25371225687349,0.0546042917932295,0.322272388045887,-11.0042105120272,-42.8901062045726,2.83952267643242,2334.81321791184,2353.59849906452,0
3.82,-0.361064922437788,0.540097773075104,-0.0262297456326951,46.0130598316242,1.1734146898367,0.310835274175622,-0.185572923938617,-40.5860333691455,21.7106534323948,1.10509363366874,2334.84055015935,2353.59849906452,0
3.83,-0.350068042652773,0.540505349636078,-0.0416748799091022,45.4875254736138,1.88915486458817,-0.239704704886948,-0.258507416832173,28.2961832946458,35.6652476617067,-0.629185414906228,2334.81378428105,2353.59849906452,0
3.84,-0.426728090556294,0.543459355831146,-0.0557617023780457,48,2.57346823521728,-0.259698061878859,0.343166355253955,31.8471976489106,-36.0052599028099,-2.36383625043233,2334.74598002144,2353.59849906452,0
3.85,-0.367797583908674,0.544686138629913,0.0611476703909983,46.5909177375089,-3.08184765309245,-0.161630446497118,0.33599062351269,15.9968967678959,-43.8669658670106,-2.85796117603417,2334.74139225602,2353.59849906452,0
3.86,-0.308702031595605,0.542366325855255,0.100878934819571,43.5240789541785,-5.09882705606488,0.294465059217349,0.136981139948928,-42.6051422857881,-10.2540400313718,1.69036248174615,2334.79091986215,2353.59849906452,0
3.87,-0.328200113838199,0.542952299118042,-0.0312626743283681,44.5321906750239,1.4467054391508,-0.04581948474421,-0.326486208510166,3.42462460191374,44.4238776929741,-0.0444622462308799,2334.76243021387,2353.59849906452,0
3.88,-0.393384541169027,0.542269110679626,-0.0337696031870065,47.7611844659344,1.49737922765552,-0.377885996647527,0.114428828832068,46.4179647675457,-11.3466044691491,-1.77919813179182,2334.79578270578,2353.59849906452,0
3.89,-0.446108813477825,0.541281223297119,-0.0900075163936918,48,4.28178333805803,0.245987429318621,0.382889815857212,-21.4342236828951,-43.1614147551455,2.76963214981065,2334.86665990761,2353.59849906452,0
3.9,-0.386813699677427,0.540158450603485,0.00921909602289615,47.3350074586968,-0.484452869753624,0.337447791718714,-0.189311430858735,-40.9657895136132,23.7200698823641,1.03571088970356,2334.93017565667,2353.59849906452,0
3.91,-0.349597551226244,0.541415691375732,0.00361582576618533,45.5409808825876,-0.221110613775281,0.183658549193267,-0.297491276052899,-23.7106271997082,38.8823351594035,0.54274243585975,2334.87072054385,2353.59849906452,0
3.92,-0.286492470251746,0.54037606716156,-0.00105382502280505,42.3376675212673,-0.043074475769657,-0.266504371266763,-0.105140221389501,39.3101994132713,15.7222189477403,-1.19134816068882,2334.89639807795,2353.59849906452,0
3.93,-0.365093300806161,0.538541316986084,-0.0414072859127275,46.179917284373,1.89693318068075,-0.0380297829131199,0.365460554960145,8.07283073284955,-45.508378567493,-2.92497289642506,2334.95394038141,2353.59849906452,0
3.94,-0.430166108757781,0.540964484214783,-0.0394317890600598,48,1.75124266376095,0.431665655196576,-0.0162021367726388,-48.0246426599161,-0.836987607282804,1.62469090390367,2334.89234395242,2353.59849906452,0
3.95,-0.422524500101658,0.54126101732254,0.0320886602934739,48,-1.63975880107845,-0.0141764546595126,-0.423504030014914,3.60413191115565,47.8925781524936,-0.10926127893915,2334.91380949155,2353.59849906452,0
3.96,-0.347945414830188,0.540007531642914,0.0184084062078696,45.4076370315292,-0.951401640531252,-0.340084641203598,0.0758110673838968,43.9917188747177,-11.2910290193816,-1.84298517052981,2334.95383276422,2353.59849906452,0
3.97,-0.284266940105663,0.538777351379395,-0.00337507693281787,42.1661372935259,0.0907480675841858,-0.202836877069184,0.199189070187497,30.3710804370963,-29.2504502965625,-2.3352488222181,2334.96329834056,2353.59849906452,0
3.98,-0.298591457281118,0.540314793586731,0.0346593985921314,42.9631682783488,-1.88797725618524,0.218042258746526,0.206919563291494,-33.2330962805299,-27.2939480149468,2.21446789356909,2334.91568229197,2353.59849906452,0
3.99,-0.379266938760314,0.540401518344879,-0.00121312685616531,47.0052166478146,-0.15157692211407,0.174347613320728,-0.336820118524346,-21.8758151177506,41.6048324189066,0.480849158207046,2334.94428641906,2353.59849906452,0
4,-0.406850700728714,0.539527237415314,0.00608297604190322,48,-0.423700546686557,-0.384511197419999,-0.133100091433516,45.4563944120141,15.423868814687,-1.2525021404489,2335.00217157646,2353.59849906452,0
4.01,-0.370392631354815,0.538189947605133,0.0704882073427108,46.4587899471043,-3.55511288039037,-0.127232993327051,0.354924011790371,10.7369966039447,-45.3406538866431,-2.98544171341733,2335.06670433804,2353.59849906452,0
4.02,-0.311085218529601,0.53752863407135,0.0404554945874487,43.4642888413965,-2.09132660757309,0.311317379950193,0.0386283467271361,-43.475818344771,-1.8361020451941,1.56492507042149,2335.06029002819,2353.59849906452,0
4.03,-0.310925497196012,0.536807835102081,-0.014803911435417,43.4241926083517,0.604320404864828,0.266167604469922,-0.161395870241831,-37.871561471536,21.2548944609621,1.07328313572721,2335.0643859704,2353.59849906452,0
4.04,-0.348348152621418,0.537889957427979,-0.0269979101706862,45.353342442776,1.15190427429301,-0.234767043344197,-0.25876583612943,28.6979889148993,35.1379849511773,-0.659461858311857,2335.01586012965,2353.59849906452,0
4.05,-0.476784356738578,0.540308773517609,0.0267820164597464,48,-1.56712787482319,-0.344238746170881,0.330968706785052,33.829048889024,-34.0888741533081,-2.39265695335362,2334.96514526409,2353.59849906452,0
4.06,-0.418026156224632,0.54009872674942,0.00427487402354054,48,-0.241850482813749,0.345822345066536,0.234885179371836,-39.8469694300051,-26.763361502253,2.15720498962648,2335.00128174409,2353.59849906452,0
4.07,-0.300466673443881,0.539346814155579,0.0379235083218678,43.0438928434947,-1.94761945279687,0.158173449577084,-0.258262607016107,-19.4828135884137,38.4316263946023,0.423973632157332,2335.01046520773,2353.59849906452,0
4.08,-0.350294487894685,0.537835419178009,-0.0610241424507621,45.4636568666703,2.93102906533984,-0.354146816369805,-0.0317837484633552,44.6714690354331,8.94398576075251,-1.30881154053046,2335.03557361371,2353.59849906452,0
4.09,-0.359605718714162,0.538276970386505,-0.11150224674382,45.9552041370309,5.39294410276047,-0.324788589257704,0.190424253310443,43.5215583402506,-15.7110977658421,-1.80041524092068,2335.01787738194,2353.59849906452,0
4.1,-0.459712427440588,0.539418518543243,0.00247130548138627,48,-0.352223809560169,0.173214567119671,0.42583839309255,-17.998816405207,-44.4990636937865,2.74989550356713,2335.01584202294,2353.59849906452,0
4.11,-0.43279763123533,0.53870964050293,0.0148909983637684,48,-0.775780389115189,0.375989602854342,-0.214865888359732,-41.2392378701585,24.5749281809861,1.01722795700147,2335.07397082723,2353.59849906452,0
4.12,-0.310421479617186,0.538562119007111,0.0266957216276461,43.5220521657412,-1.3732167939641,-0.183484366359672,-0.251808744610931,27.5135819470053,33.7499267780857,-0.715493924068386,2335.07469010368,2353.59849906452,0
4.13,-0.355651841186992,0.537216484546661,-0.0284047444392848,45.7202005809505,1.31491977892341,-0.205532247531178,0.291636000643167,28.2185554484287,-35.9969288077651,-2.4479842620903,2335.07945763241,2353.59849906452,0
4.14,-0.363832241758226,0.537606418132782,-0.0436162751506825,46.1526410013091,2.00608972522532,0.335669639558924,0.146976775985931,-40.7911547927344,-21.6834581664583,2.10282086799207,2335.09730410255,2353.59849906452,0
4.15,-0.359359158695611,0.536450147628784,0.0358277232877127,45.875103573777,-2.00880624012069,0.35758789207126,0.0505324661819597,-45.7541558450749,-3.88814265681041,1.61181101945513,2335.16068505218,2353.59849906452,0
4.16,-0.436129022717365,0.537025392055511,0.0914775507314432,48,-4.61687029437408,0.0385623318858028,-0.443947759656198,1.16766462219817,48.207385851601,-0.120106775434187,2335.17669242418,2353.59849906452,0
4.17,-0.318818590715701,0.537335991859436,0.103788465538541,43.9002219431605,-5.2241844754103,-0.335101261260354,-0.0111572427826385,43.6240077628255,-7.17408787239237,-1.85223445850383,2335.15169956325,2353.59849906452,0
4.18,-0.317363548160095,0.536586940288544,0.0526263751910293,43.7939245382443,-2.71938484300405,0.0884133568832021,0.309309287592784,-16.3050899671828,-40.7363096211215,2.69884729369615,2335.14438346034,2353.59849906452,0
4.19,-0.373890689913557,0.536636352539062,-0.0441504805221071,46.6266879711062,2.04742385636394,0.282695177837773,-0.248650255100691,-37.2178146734094,28.161573935742,0.966923374031382,2335.14993172501,2353.59849906452,0
4.2,-0.359487890538983,0.537361979484558,-0.00119026035473163,45.9467513062023,-0.150772287165954,-0.249835338034248,-0.258486487138482,31.7133811999177,33.2473779529347,-0.76506979038483,2335.13267661886,2353.59849906452,0
4.21,-0.489631054605008,0.537253260612488,-0.000431497994942187,48,-0.115478206133071,-0.293850578370399,0.391651111852773,28.9331755811652,-38.2999306266416,-2.49702687900658,2335.18438050865,2353.59849906452,0
4.22,-0.37079889428423,0.53604519367218,0.0661860487315157,46.4542927498405,-3.34058469717327,-0.122266343339606,0.356263040933886,10.4249827017614,-45.39251652723,-2.98763197611218,2335.24296308751,2353.59849906452,0
4.23,-0.311168924325804,0.534370243549347,-0.0129296383555847,43.3929482037681,0.58223021012022,0.311077701904904,-0.0149645712149525,-43.3882119571019,0.866030598810374,1.56425575101934,2335.27380915022,2353.59849906452,0
4.24,-0.316155602545084,0.533378958702087,-0.0253991607061399,43.5966195043508,1.13443796394125,-0.0775116940887393,-0.307557181130135,8.35338495418477,42.803891663123,-0.166717037075947,2335.3119762954,2353.59849906452,0
4.25,-0.389243122050518,0.533984899520874,0.0305342867480296,47.2852206648816,-1.73542671269786,-0.378436044288852,0.0960661809059309,45.3385782989806,-13.5394651677567,-1.89768066392022,2335.26742456523,2353.59849906452,0
4.26,-0.434863594897243,0.537034571170807,-0.00323829127645558,48,-0.0597834990596447,0.206563389768485,0.382685770188411,-22.431732937762,-42.4360805385663,2.65408181727605,2335.19898935691,2353.59849906452,0
4.27,-0.415012297710644,0.539638102054596,0.0791819125722022,48,-3.99373180457266,0.37854105602691,-0.187647678993617,-40.6615291894891,25.8184030818945,0.922055986877058,2335.12760282232,2353.59849906452,0
4.28,-0.292591594145488,0.538525462150574,0.00469635191395248,42.6913950442412,-0.281645027645241,0.126477134142581,-0.263885261477365,-18.087301391842,38.671489021057,0.430891933826141,2335.15722322461,2353.59849906452,0
4.29,-0.348607414836478,0.538614571094513,-0.0152258461718034,45.5005380216989,0.639103538587788,-0.340070072961227,-0.0781748140181072,44.0271508497526,11.5029301332414,-1.30119483695655,2335.12365526777,2353.59849906452,0
4.3,-0.273054113948655,0.538292527198792,-0.0596386268030065,41.7106807120319,2.80865226962364,0.0297602499930245,0.277902217464319,1.71849645983154,-41.7697998911926,-3.0332387353163,2335.14612887969,2353.59849906452,0
4.31,-0.408856139390943,0.539172172546387,-0.0716080415148181,48,3.36347598081034,0.404506245064638,-0.0930900211137676,-47.7555372168709,5.89250675023315,1.5179859507015,2335.1457273262,2353.59849906452,0
4.32,-0.34974402877782,0.538695812225342,0.00458913425966001,45.5731930826408,-0.249611330891356,-0.0697787478720102,-0.342743157720775,9.43290842431756,44.5869764866671,-0.213964814226284,2335.19799125078,2353.59849906452,0
4.33,-0.34097331667979,0.537005424499512,-0.0145388283023687,45.054053121155,0.688447486009286,-0.311985240351087,0.138345184300345,41.6749612605426,-17.1329876704888,-1.94556404326549,2335.23891496688,2353.59849906452,0
4.34,-0.324537209862793,0.536140978336334,0.0531054178231601,44.1929267761044,-2.76058759502953,-0.250912239074608,0.212573832515353,30.7642934202538,-31.8464106495612,-2.43586170073947,2335.26579885295,2353.59849906452,0
4.35,-0.388363895738456,0.536185801029205,-0.0250093956812242,47.3903965246233,1.07250556436999,0.345015401286203,0.18004543387937,-41.0741921509056,-23.6624320410459,2.11607681955247,2335.24801207677,2353.59849906452,0
4.36,-0.405526127239665,0.535578191280365,-0.0818736882210822,48,3.87861122176461,0.0763940005588894,-0.406594020339125,-14.4293640057605,45.9438470243716,0.384939409006678,2335.27994060698,2353.59849906452,0
4.37,-0.401752608596683,0.536358177661896,0.0360379314448073,48,-1.84302457073939,-0.383628353427386,-0.124632168655018,46.3831931735896,12.4898410954591,-1.34613771134894,2335.30103553545,2353.59849906452,0
4.38,-0.372971569389568,0.535402357578278,0.0406016425569039,46.5933562921699,-2.06641944449338,-0.0645789940873232,0.369575213554569,5.06804411196525,-46.3629795070253,-3.07703369609178,2335.31662142957,2353.59849906452,0
4.39,-0.281778911082148,0.535486340522766,-0.000236065011953196,42.0418069789339,-0.0639592195679756,0.280471890402795,-0.0271095767435339,-41.8562569772341,3.94605837405456,1.47527640720462,2335.29945301441,2353.59849906452,0
4.4,-0.261482036670763,0.53599750995636,-0.0340067537389035,41.056427277729,1.55841574217105,0.199129922378371,-0.172848456212175,-33.3558740852785,23.988425218091,0.985262148800991,2335.2663368701,2353.59849906452,0
4.41,-0.356591425217271,0.537762105464935,-0.0783035370768085,45.9040362739556,3.7122564608355,-0.299523705126328,-0.208744912571828,33.8810743918091,31.1934959940105,-0.745980355662469,2335.22966424102,2353.59849906452,0
4.42,-0.4739230785119,0.539503276348114,0.00207621654328969,48,-0.264811055810837,-0.293728183761183,0.37192895704111,29.7923934560945,-37.6361982279366,-2.47751840997823,2335.19895119375,2353.59849906452,0
4.43,-0.351335342707678,0.539947986602783,0.0375077799965929,45.7583464257899,-1.90099715741534,0.289729591539375,0.202237781787235,-39.1733346240501,-23.7253010991914,2.07383894823429,2335.20183645127,2353.59849906452,0
4.44,-0.312626755337908,0.537482559680939,0.00294381619773346,43.7035465392389,-0.209872222767747,0.107708037031202,-0.293501504196826,-14.8670485957642,41.0976263610016,0.342301413662083,2335.24899941413,2353.59849906452,0
4.45,-0.284933705704284,0.536135613918304,0.0432686357826354,42.2554446374097,-2.29662538934625,-0.272398274172311,-0.0941199857459207,41.1420804115951,9.90587245476285,-1.38881882575186,2335.28530209106,2353.59849906452,0
4.46,-0.398611985058314,0.536425113677979,-0.0360616356260387,47.9577492965138,1.59992614438574,-0.368955845424369,0.155124273804403,45.2194425333873,-16.0532706394817,-1.87857697253813,2335.32465806866,2353.59849906452,0
4.47,-0.429800659702959,0.535718142986298,-0.00774433945527356,48,0.164190126786679,0.200635267687086,0.380176368590722,-21.7813980617019,-42.7737963813761,2.67401456461571,2335.34637590846,2353.59849906452,0
4.48,-0.397330266033586,0.535374760627747,0.037069699500795,47.8489904087814,-1.88288908946653,0.343445684604305,-0.203200798851972,-39.8447914237638,26.5605675929496,0.943509001471068,2335.38674062004,2353.59849906452,0
4.49,-0.341612941872815,0.535181641578674,-0.0127897762626685,45.0573420409229,0.589964111617331,-0.250963333386639,-0.232121489154526,32.3265795067867,31.3927441750018,-0.786959683200278,2335.37716025125,2353.59849906452,0
4.5,-0.279549515171734,0.533964216709137,0.0435136204222564,41.8971743913882,-2.28847703807728,-0.198734112538963,0.201360669219078,26.3507396571025,-32.6534664110842,-2.51717629116536,2335.39790567076,2353.59849906452,0
4.51,-5.31523034873432,-4.59999990463257,-0.381562579341436,36.9869524138197,18.2189063600413,5.15186538919898,1.36218452260834,-40.8957429987889,5.24417795227499,1.90095074160472,2294.01419805307,0,0
4.52,-5.28713732537489,-4.59999990463257,-0.321103674943812,35.5862690787474,15.3868981551919,4.07715987169757,-3.38137487540998,-19.6320394887081,33.4323527035874,0.939074533978738,2247.84562791705,0,0
4.53,-5.2469632419565,-4.59999990463257,-0.274417944147228,33.5815177113403,12.9292550640363,-5.23534398054531,0.443961570274544,33.1458189575826,-14.0085207619909,-1.60314203852722,2201.43969591742,0,0
4.54,-5.22157974581464,-4.59999990463257,-0.266354001832246,32.3161837360863,12.662124949409,5.14659224810888,0.921101366788294,-34.3421930625083,5.02781415292414,1.79886043531919,2155.37860842352,0,0
4.55,-5.24230989551468,-4.59999990463257,-0.28306678675352,33.3564541676629,13.5306993189674,-5.22566823741309,-0.504312719318167,35.0051841610265,-8.38867930918353,-1.42064324309185,2109.23895441743,0,0
4.56,-5.2901184362935,-4.59999990463257,-0.309165827851045,35.7505791760101,14.7321799696819,5.02355186683283,-1.68667223264142,-30.6311265785394,23.5982016816698,1.30524546022095,2063.12848635477,0,0
4.57,-5.24566722117276,-4.59999990463257,-0.255208975991975,33.531647386058,12.149191849663,-2.53375284200554,4.60024485786812,7.24103146000446,-34.9219372661093,-2.58953273724244,2017.16958989281,0,0
4.58,-5.17915177213612,-4.59999990463257,-0.223726555131803,30.2093695623025,10.6058475305269,-2.84485640137959,-4.33364266014418,24.5819765532717,20.5138109557184,-0.53773136145737,1971.36000453463,0,0
4.59,-5.1325736376337,-4.59999990463257,-0.331543246084407,27.8839532005269,15.9407066368769,3.64342591040789,3.63024526790202,-30.3987175345369,-10.3700986700988,2.41888867468181,1925.39357901302,0,0
4.6,-5.15294573362409,-4.59999990463257,-0.198377779656456,28.9059521035172,9.27853025629172,-2.99046383992244,4.20111050786009,10.3099512509998,-28.5543358516664,-2.48449420241726,1879.63341439556,0,0
4.61,-5.06710486502978,-4.59999990463257,-0.286177008092461,24.6172450010465,13.6981904841358,-5.06118318240902,-0.376661369494298,26.1925650703259,-10.3729797559796,-1.44009417906607,1833.88804467891,0,0
4.62,-5.0284006807534,-4.59999990463257,-0.236538318546835,22.6852824535244,11.3098977866481,-3.53129119967573,-3.58758222838655,23.5605123137862,9.35083351645939,-0.730485217384768,1788.37339765989,0,0
4.63,-5.12099171952717,-4.59999990463257,-0.235678057163334,27.3179946336376,11.2899923300761,-2.00097710417985,-4.71976598642795,20.0814337442919,21.6903844223713,-0.354997249698693,1742.82023758249,0,0
4.64,-5.06866347767998,-4.59999990463257,-0.176812443589884,24.7046890747508,8.36187210793179,-1.73127200406887,-4.767107019787,15.5727841236929,20.9220209842734,-0.313490062040197,1697.314817159,0,0
4.65,-5.0435602262897,-4.59999990463257,-0.185622346362731,23.4525356800727,8.80955446540262,-3.02180635698397,-4.04235596559381,20.5867176190715,14.276439940566,-0.605135013877124,1651.91295437345,0,0
4.66,-5.02420848522544,-4.59999990463257,-0.209921903443123,22.487887856833,9.98661749820244,-4.80472315748861,-1.48370262803877,24.5333804178164,-1.88437644636136,-1.2295272400058,1606.46229071268,0,0
4.67,-5.02575218952588,-4.59999990463257,-0.324608624169128,22.5679067815225,15.6784488728453,-3.91719148971653,3.16530672483751,9.38359457461725,-25.8277433860786,-2.18593020714648,1561.11778370783,0,0
4.68,-4.92426086923744,-4.59999990463257,-0.203586558979675,17.4961297018495,9.73521848435978,-3.75838018446678,3.188161066243,7.8129028498428,-18.4349554526469,-2.23297130881988,1516.05385369661,0,0
4.69,-5.05088718676234,-4.59999990463257,-0.162620199330361,23.8300638073125,7.70689399837594,3.41630348472624,3.72381218684262,-21.3800958974854,-13.0445258854861,2.4314208852756,1470.97408237993,0,0
4.7,-4.92152906923168,-4.59999990463257,-0.221383975328017,17.36475513863,10.5729948877685,2.08711578263947,-4.46255610090022,1.31033947656233,20.2880741416606,0.482423832492273,1425.79129575851,0,0
4.71,-4.91624992881439,-4.59999990463257,-0.198790904700498,17.1032679465404,9.46975375842324,-4.74740620908401,1.29273565445906,14.5536059248995,-13.0533737125333,-1.79624050357744,1380.87716797967,0,0
4.72,-4.92907356591191,-4.59999990463257,-0.20459756327373,17.7467960281545,9.7707395904312,4.7581455542934,1.30294944845418,-19.8767083877202,3.91568449679958,1.87956415026859,1336.06277917928,0,0
4.73,-4.93619981519493,-4.59999990463257,-0.225084089541803,18.1053932088317,10.8057148683597,-4.40744035110375,-2.23409959812847,21.0790429052777,-0.49263298728077,-1.05608263338336,1291.36734407232,0,0
4.74,-4.9156699476683,-4.59999990463257,-0.133297842144099,17.0810424564645,6.32572416098682,4.59212497223316,1.758967762218,-18.2014281668295,-0.696283166666746,1.96370738505123,1246.9614272365,0,0
4.75,-4.9012890136556,-4.59999990463257,-0.190734614155306,16.3640611457084,9.14242385135061,-4.88312075148231,0.462758484374802,15.8308254321508,-10.0374985526771,-1.62638553929793,1202.19136032074,0,0
4.76,-4.83671680985038,-4.59999990463257,-0.123437011847895,13.1373441895247,5.86453444602821,3.1734060716632,-3.65219935092737,-4.53961436992388,13.6519038230962,0.740881527578563,1158.05423347204,0,0
4.77,-4.83847770412389,-4.59999990463257,-0.138308806336304,13.2272404191421,6.53240511922283,1.82752350552352,4.48220410690691,-10.7588896218727,-10.093487992354,2.7830187713849,1113.464430128,0,0
4.78,-4.7860130958109,-4.59999990463257,-0.126464388766979,10.6057297351381,5.96957736973638,-4.65232828656869,1.13037874577172,9.11272766508662,-8.06694190446579,-1.78273057215393,1069.20934710339,0,0
4.79,-4.81263986328123,-4.59999990463257,-0.135432026135757,11.9386837998607,6.43943263941356,3.53283034218126,-3.27092556636653,-4.74489332167252,12.7076532434808,0.852006790163689,1025.10612784422,0,0
4.8,-4.76277582524867,-4.59999990463257,-0.107764932211335,9.44698404245555,5.06337000832803,4.50782207132484,1.54116417537662,-10.6135471146991,1.49527287934638,1.92284764736908,981.051433633384,0,0
4.81,-4.79555903073622,-4.59999990463257,-0.0804606020282221,11.0875074178332,3.70323373263787,2.2445714898852,4.23860344365323,-8.32498736273847,-8.20617732134147,2.67135852189459,937.243232974644,0,0
4.82,-4.76633542545982,-4.59999990463257,-0.0975567005443327,9.62757425273048,4.64285924621454,0.303346892253809,4.75767289341904,-5.05438773740963,-9.41804080326273,3.09838433897842,893.720687236592,0,0
4.83,-4.80216151957902,-4.59999990463257,-0.111650471884716,11.4200212318659,5.30264874355685,-0.193151401650058,4.79957431696168,-4.56765762701558,-11.7333487306983,-3.07812505636121,849.687680454058,0,0
4.84,-4.73166598635112,-4.59999990463257,-0.138004125293171,7.89626786140977,6.69073212243306,0.842515717177629,4.65809783187287,-7.794100238217,-6.80947457223509,2.99181379957786,806.464906029932,0,0
4.85,-4.76523664482321,-4.59999990463257,-0.0624835045400884,9.5757068268542,2.91484257097828,3.05162245862774,3.66046238056128,-8.29787570895673,-5.59783236317016,2.45976656030178,762.874585839425,0,0
4.86,-4.64742693554285,-4.59999990463257,-0.091641430049795,3.68596539967756,4.34647108371631,4.64749904133609,0.0879086667565788,-3.85107455411531,4.20087807343271,1.60942552500892,719.323893355289,0,0
4.87,-4.69899756751271,-4.59999990463257,-0.0876469249940222,6.2651258460282,4.15989516934893,1.93131843882571,-4.28465508656218,1.07926109898495,7.44256173415854,0.442129519722607,676.089216722943,0,0
4.88,-4.66684974333138,-4.59999990463257,-0.104334283500953,4.65824327309459,5.01139154876656,-4.08112308787068,-2.26601114542596,6.55103647889381,-1.97413188479962,-1.04158467479081,633.067100017255,0,0
4.89,-4.57973266704549,-4.59999990463257,-0.0555171985937433,0.302725417981481,2.63354973670356,-1.30534062887119,4.39011609226469,-2.42525371469224,-1.07022021741085,-2.84045968730219,590.524676267569,0,0
4.9,-4.59447032669467,-4.59999990463257,-0.0896946139820822,1.03979833500316,4.33492365370641,4.43960664973027,-1.18621056407619,0.0274233725362039,4.45780120906904,1.32922689549097,547.526398325308,0,0
4.91,-4.68009808523188,-4.59999990463257,-0.0426354380581537,5.32119776250248,1.96556387056475,-4.18343375512573,-2.09857520342831,5.63166695239407,0.680378052440955,-1.09672836374585,504.706174483776,0,0
4.92,-4.56774791811431,-4.59999990463257,-0.103938317036573,-0.296424454834994,5.06959369698947,3.00181285450263,3.44445116146663,-3.70705769027076,3.47078823770393,2.44750364310783,462.282253972331,0,0
4.93,-4.53298095225358,-4.59999990463257,-0.0530036796613662,-2.03503689217614,2.54933232933545,-2.60979622694366,-3.70670869605126,0.949487946851062,-3.12072797864495,-0.601762419550573,420.330633268918,0,0
4.94,-4.52196238624937,-4.59999990463257,-0.0747230610747875,-2.58626378829416,3.65000455562231,3.35617196992927,3.03147440476933,-0.600665832204659,4.4328877942857,2.32192906343273,377.873143068922,0,0
4.95,-4.49847766453574,-4.59999990463257,-0.0351416443162869,-3.76104833223126,1.67775376459794,-4.39457251261519,-0.96190886515263,-3.2961349753935,-2.46897478237218,-1.34749743635165,335.660895830458,0,0
4.96,-4.53841955364548,-4.59999990463257,0.000878349377448906,-1.76467950481444,-0.115674361281167,3.71299100647492,-2.60977979957038,1.37699473803887,-1.1096665282792,0.957947873579253,293.995996857324,0,0
4.97,-4.46764011255291,-4.59999990463257,-0.0600853780432292,-5.30442688835065,2.94470988191054,0.887280650305205,4.37905828638309,-1.91030062210257,5.75838627009976,2.95512825352037,252.163660431263,0,0
4.98,-4.49681214244817,-4.59999990463257,-0.0609429327360496,-3.84678671999349,2.98743683223404,-4.48299112404459,0.357524918372507,-4.03552464179353,-2.727102447871,-1.6368276656742,209.414688066165,0,0
4.99,-4.50487126398649,-4.59999990463257,0.00231407048984511,-3.44494779258008,-0.157061515635621,-1.10099296058623,-4.36825880194306,-0.995941602873433,-3.30158052104776,-0.247415083262557,168.969452760992,0,0
5,-3.49737890249971,-3.5998203754425,0.0218544774411478,-3.81157072087238,-1.12749998007946,2.62548410072724,-2.31062113784644,2.09533345403492,-3.3777071041896,0.84285085747602,130.979679459407,0,0
5.01,-2.74726968217895,-2.84692406654358,-0.0539784932072744,-3.67312807296551,2.68704147243705,2.73139591717553,0.299801147405077,3.29703750412051,3.13713331107028,1.69976537216458,103.896844073629,0,0
5.02,-2.13570322421574,-2.22146916389465,-0.0134686816212058,-2.97942266015828,0.665736926517371,1.4895215311477,1.53059964574592,1.5843914824707,2.60957250780041,2.37610148564167,81.1574496982662,0,0
5.03,-1.67870252230772,-1.70511603355408,-0.0439003528708015,-0.0123959861500624,2.18800903218377,0.445136277721045,1.61920446319825,-2.12120737028343,0.536671666520258,2.89945506993796,62.6326413268907,0,0
5.04,-1.28478908079693,-1.33305323123932,0.0629545077997663,-1.10544026617759,-3.1595630369327,-0.273983384797128,1.25681317507513,2.93398527499296,1.61138672346605,-2.97591296770179,49.3474839722061,0,0
5.05,-0.962251046016841,-1.05507302284241,0.0164244194826078,-3.33379588247941,-0.826797281149753,-0.466692880598247,0.841661804001319,-0.836850913402289,3.33128643002836,-2.65237600959657,39.3713728061513,0,0
5.06,-0.771312148632605,-0.840011417865753,-0.0571983123861192,-2.12809705814079,2.86168266217833,-0.482845179274741,0.604197492893846,-3.54514002986426,-0.387307263724288,-2.3933477967085,31.6025384395257,0,0
5.07,-0.585434003249549,-0.666835248470306,-0.0616138048246682,-2.76351643466324,3.08370369056625,-0.442771333338259,0.387921099554569,-4.03597121536761,-0.925844417053853,-2.1854020199661,25.3707488602617,0,0
5.08,-0.461607427189752,-0.529695093631744,-0.00764116714637605,-2.0981542439233,0.381167278141143,-0.412860421900222,0.206606089698421,-2.05652446498935,0.564133716523995,-2.01823280118191,20.4074260777682,0,0
5.09,-0.441921258737492,-0.421429663896561,0.05130516411746,2.33041605144422,-2.57087035714032,-0.436283605658751,0.0870817674524874,3.00808643369311,1.72963272791745,-1.88338457560537,16.5212635118664,0,0
5.1,-0.253227827316682,-0.335541069507599,0.0195465375454399,-2.81016660614939,-0.980201878003511,-0.251956995854813,0.0320011233765402,-2.55427997934194,1.52757515791915,-1.77416693521398,13.409290829075,0,0
5.11,-0.255629957598712,-0.266887098550797,-0.0314835935572123,0.742302865415414,1.57536694993078,-0.250359357106579,0.0604820981313939,0.557463629974694,-1.64985722782112,-1.68529209845706,10.9535499356545,0,0
5.12,-0.195595701372435,-0.215007290244102,0.0296256294757666,0.334186256540276,-1.48500241121011,-0.196655112423012,-0.0214970480555529,0.3954201010481,1.4698828385444,-1.61223623134872,9.07954837582693,0,0
5.13,-0.112334049511832,-0.174651503562927,-0.0372186448129779,-1.81150560266759,1.86252695294816,-0.11303620895663,0.0350282980767625,-1.77496348096757,-1.89738341939259,-1.55135917665151,7.62365545998434,0,0
5.14,-0.0713582613557789,-0.143942728638649,0.00733705123538749,-2.32529731137671,-0.368799651937704,-0.0706592134487838,-0.0123737358687487,-2.34558149689643,0.203145787508013,-1.49989555143668,6.53886009037173,0,0
5.15,-0.09290174104408,-0.123063758015633,-0.0413716933605022,-0.204723755606755,2.07056073457992,-0.097061594884224,0.0303545268299065,0.0360133473028165,-2.0803453104016,-1.45493355764458,5.78918402449771,0,0
5.16,-0.0615514026048819,-0.105187676846981,-0.0495302788880718,-0.878892594965816,2.47908119587639,-0.0684969912333049,0.0393698600625273,-0.483207131198046,-2.58549930141027,-1.41485712745219,5.11548533595908,0,0
5.17,-0.0553395408683288,-0.0890592113137245,-0.047627992198215,-0.383475795193138,2.38377537799002,-0.0633918623972766,0.0362265400798284,0.0771636489794654,-2.41318969612558,-1.37932887549641,4.56413383069006,0,0
5.18,-0.0991423020117007,-0.0760201066732407,0.02484037046582,2.45828939268818,-1.2455472632368,-0.0911907817110758,-0.0461571379526654,2.12184355729203,1.75850920996684,-1.34773154072001,4.06710590524491,0,0
5.19,-0.0873070365837865,-0.063370943069458,0.0234858928882938,2.49875550774465,-1.17778141908387,-0.0787313555500967,-0.0444463660499629,2.12766466603721,1.76181475403069,-1.31964739626179,3.60205402783983,0,0
5.2,-0.0758567092635978,-0.0520007871091366,0.0257736386407488,2.49458772868215,-1.29239182847299,-0.0659616146192144,-0.0454707178952801,2.04796123188976,1.92330428353704,-1.29478303667309,3.1880757228813,0,0
5.21,0.0206384722320908,-0.0433232374489307,0.0216934353642009,-1.89644194981102,-1.08807739702152,0.0261009213003283,-0.0146728859209636,-2.13241526512746,0.482917827340753,-1.27261300350267,2.86489320204607,0,0
5.22,-0.031042205310865,-0.0378662906587124,0.00103278349135337,0.960220097630263,-0.0534764277162282,-0.02915600727617,-0.0107057177253013,0.895130033096135,0.351602884037762,-1.25215064572757,2.67753080645783,0,0
5.23,-0.0297008668881053,-0.0299779884517193,-8.68184558755741e-05,1.28752116937082,0.00257398410378055,-0.0280570048372545,-0.00974440921305686,1.21586682194417,0.423538969007043,-1.23359906327212,2.38704903351245,0,0
5.24,-0.0266928159324574,-0.0227714404463768,-0.000276180606526651,1.49744741116984,0.0120476783409469,-0.0251360200676719,-0.00898683444206418,1.40891872237904,0.507387356466912,-1.21708447368429,2.12390219822353,0,0
5.25,-0.0239784669394679,-0.0163555145263672,-0.00039514061369398,1.68256661230673,0.0180008310453314,-0.0225118804612117,-0.00826669528722713,1.57615372685013,0.589146725446323,-1.20239097453698,1.8896689828463,0,0
5.26,-0.0215622857451355,-0.0106468163430691,-0.000472778595647533,1.84726739624699,0.0218881935454615,-0.0201882988461127,-0.00758869394925252,1.72262590280628,0.667409863003744,-1.1893179813523,1.68125639111151,0,0
5.27,-0.0194123960263337,-0.00556745752692223,-0.000519733157885373,1.99384655026399,0.0242417633099888,-0.0181307554098869,-0.00695607290829244,1.85104683762956,0.741375299015004,-1.17768684808335,1.49581982183098,0,0
5.28,-0.0174995981886649,-0.00104806572198868,-0.000544001523579594,2.1243093214551,0.0254610249502032,-0.016308113297955,-0.00637003258103475,1.96374241138975,0.810588735871481,-1.16733861960767,1.33082636569045,0,0
5.29,-0.0157978268054524,0.00297309085726738,-0.00055173429337705,2.24043601157287,0.0258534973014606,-0.0146929598504727,-0.00583032360490866,2.06273229128061,0.874847083657215,-1.1581318644645,1.18402231007027,0,0
5.3,-0.014283849313913,0.00655095279216766,-0.000547643507731154,2.34380933835053,0.0256543550658,-0.0132611719231076,-0.00533568963302007,2.14976877889953,0.934127698840915,-1.14994074298887,1.05340239795948,0,0
5.31,-0.0129369689092555,0.0097343772649765,-0.000535319633410841,2.43583493334434,0.0250434594503759,-0.0119915112072256,-0.00488419805453687,2.22636991741543,0.988532239327321,-1.14265328854765,0.937182438270107,0,0
5.32,-0.011736654358473,0.0125669240951538,-0.000516368391401736,2.51766210570099,0.0241009993299291,-0.0108628950907848,-0.00447361175030915,2.29373674552574,1.0382557868254,-1.13616987001852,0.833773128785854,0,0
5.33,-0.0111807382512748,0.0150510836392641,0.000310633962193348,2.61430367833791,-0.0173056794545272,-0.00998146630465311,-0.00504734897852933,2.35747350046614,1.13013357781831,-1.13039715570526,0.743036405349127,0,0
5.34,-0.00821106417299865,0.0108331739902496,0.000549049514509076,2.25489188206777,-0.0292594702169657,-0.00716837725044113,-0.00404195470259659,2.02104296724112,1.00038934469421,-1.12414268126461,0.901855970281346,0,0
5.35,-0.0116736646479479,0.0131096877157688,-4.48938090372528e-05,2.54205515149325,0.000491246208407331,-0.010516118343399,-0.00506830511655182,2.28592481511692,1.11202175077148,-1.11784221697841,0.813710741284386,0,0
5.36,0.00528358255386669,0.0102573800832033,0.00193619598941315,1.55158236289786,-0.0987308505086532,0.00559451289877486,0.000605413031232151,1.34720232079317,0.776016440900166,-1.11174197856515,0.939463918067339,0,0
5.37,-0.0118182898187545,0.0113047305494547,-0.000529842475312756,2.45920718118947,0.0247683379091044,-0.0107971511885555,-0.00483469063128097,2.20832934632989,1.08240238761509,-1.1049921266255,0.879234171825922,0,0
5.38,-0.0329495891756451,0.012734230607748,0.0320700782794216,3.58741321482489,-1.60775106925875,-0.0147664956170259,-0.0435444135898553,2.46423374830096,3.06299675291004,-1.09881573757482,0.83398955018263,0,0
5.39,-0.00978354202905713,0.00975709594786167,0.00109692553691232,2.28026066140649,-0.0567055284732349,-0.0081785943416992,-0.00548010354480493,1.99783650104956,1.10066049079243,-1.09210517103811,0.938570574960892,0,0
5.4,-0.0310761725701642,0.0113143008202314,0.0280939284271978,3.42290845111183,-1.40864405533016,-0.0143833371026599,-0.0393461170876414,2.37061977011031,2.84266463812951,-1.08550784596572,0.888344930181047,0,0
5.41,-0.00982844580910503,0.00830129906535149,0.00133153535114735,2.20986580077763,-0.0684643438403439,-0.00803163062376971,-0.00581929917921341,1.91502064682807,1.10493897842651,-1.0784425525246,0.991838347063581,0,0
5.42,-0.0258342497674371,0.0104834102094173,0.0193844203505356,3.11942254167474,-0.972502015292372,-0.0133990117271923,-0.0293875942892089,2.27296312968782,2.34738061982627,-1.07150095998151,0.924768684298559,0,0
5.43,-0.00837098226026365,0.00720261968672276,0.00208704338275723,2.08219957223869,-0.10630906485022,-0.00630725869575514,-0.00588621965509109,1.76915300144969,1.10315653166804,-1.06425175060604,1.0337607666344,0,0
5.44,-0.0126141019204439,0.00969516299664974,-0.000610008552846732,2.41916576939497,0.0287615285664773,-0.0112853115514145,-0.00566828200439988,2.12096510264785,1.1639146354814,-1.05701215229199,0.936064702774024,0,0
5.45,-0.00397927181604425,0.00653156265616417,0.00460610629746411,1.82920112863609,-0.232468933296923,-0.00115816822624085,-0.00597573976752909,1.47070920216172,1.11221985984274,-1.04971895085024,1.06354252426536,0,0
5.46,-0.0129151104110889,0.00863730721175671,-0.000598779071908568,2.38144525159943,0.0281874893161517,-0.0114544195180155,-0.00599623938922359,2.0706390725054,1.17666046603657,-1.04220667158024,0.974272158121705,0,0
5.47,0.00483519273643711,0.00637917406857014,0.00933931394932057,1.38100241942763,-0.469508322300527,0.00892600876001919,-0.00556131652205921,0.947686790270524,1.10882617876796,-1.03491970489592,1.07872200849795,0,0
5.48,-0.0130902482199421,0.00766913779079914,-0.000544693842195155,2.34190989117585,0.0254657858623632,-0.0114849324843745,-0.00630457101401693,2.01747901571773,1.18952463857437,-1.02717847944098,1.00931418956201,0,0
5.49,0.0156422175869947,0.00654974207282066,0.0147769471243512,0.849320932605269,-0.741824432041499,0.0210634242281636,-0.0044010563662796,0.335268448369532,1.07668221962799,-1.01981509148667,1.0849999785377,0,0
5.5,-0.0131739595825129,0.00680368021130562,-0.000458264375585223,2.30293235555821,0.0211231047012961,-0.0114123071290726,-0.00659715569858187,1.96370078715103,1.2032551011201,-1.01188347508758,1.04066495934266,0,0
