timestamp,iq,id,iq_ref,id_ref,vq,vd,omega,omega_ref,r
0.0,0.0,0.0,0.0,0.0,0.0,0.0,0.0,226.7325116762816,0.0
0.001,0.0,0.0,10.0,0.0,0.0,1.0999999999999999,6.115472199294103,226.7325116762816,0.0
0.002,0.5307369851907212,-0.2913212625381807,10.0,0.0,0.14204533887919985,1.9316189316290207,13.317801563642547,226.7325116762816,0.0
0.003,1.0842913387634832,-0.6024330830807904,10.0,0.0,0.384357124667687,2.6386968949419622,20.697939467553027,226.7325116762816,0.0
0.004,1.5590443546685477,-0.8700465084428163,10.0,0.0,0.6994718867930164,3.2526109522886295,28.232747544420146,226.7325116762816,0.0
0.005,1.9399447555359186,-1.0838738622210777,10.0,0.0,1.065311453102468,3.7994935661768023,35.92944872443006,226.7325116762816,0.0
0.006,2.239750732602683,-1.2510087368845633,10.0,0.0,1.4655018868449925,4.299102221838433,43.75633668444442,226.7325116762816,0.0
0.007,2.4770151619816017,-1.382020589851471,10.0,0.0,1.8883740978591532,4.765668027847139,51.58766747378032,226.7325116762816,0.0
0.008,2.6680767290418097,-1.4872241871505252,10.0,0.0,2.325877945545995,5.209220346273558,59.45942083902103,226.7325116762816,0.0
0.009000000000000001,2.8266491704841292,-1.5730794701170803,10.0,0.0,2.772378685460125,5.636635464737965,67.35059094018146,226.7325116762816,0.0
0.01,2.962077666392183,-1.645500646948331,10.0,0.0,3.224078639851053,6.052647735211881,75.20908322432116,226.7325116762816,0.0
0.011,3.0811061533574158,-1.7084279320504514,10.0,0.0,3.678407615443203,6.460489925470405,83.0265951655913,226.7325116762816,0.0
0.012,3.188848746459569,-1.7638278597420747,10.0,0.0,4.133552631697047,6.862319393890706,90.74118064793086,226.7325116762816,0.0
0.013000000000000001,3.288205119878689,-1.8140726097274587,10.0,0.0,4.588339016389012,7.259628641949282,98.35820682563939,226.7325116762816,0.0
0.014,3.3820602099432007,-1.8592355758795645,10.0,0.0,5.041843166194517,7.653355107498287,105.90865295623543,226.7325116762816,0.0
0.015,3.4721069852858886,-1.899829032412081,10.0,0.0,5.493383198131427,8.044092747085895,113.37727610343421,226.7325116762816,0.0
0.016,3.5596145800153947,-1.9360338400176071,10.0,0.0,5.94241958510469,8.43218525824161,120.68508583176356,226.7325116762816,0.0
0.017,3.645144415105338,-1.9685384477868613,10.0,0.0,6.388575043274759,8.817838951066484,127.83962377537456,226.7325116762816,0.0
0.018000000000000002,3.730251927866576,-1.9959253041084188,10.0,0.0,6.83136783302799,9.201036292373047,134.85405702603322,226.7325116762816,0.0
0.019,3.81544967906247,-2.018253592643655,10.0,0.0,7.270383321112213,9.581672501020332,141.68976328564074,226.7325116762816,0.0
0.02,3.9014648862453374,-2.0350875541282063,10.0,0.0,7.705189334130692,9.959536942333155,148.3432823300447,226.7325116762816,0.0
0.021,3.9891051824829464,-2.0457889559126508,10.0,0.0,8.135310004560049,10.334315260302239,154.92060212100432,226.7325116762816,0.0
0.022,4.079618141396171,-2.0489696811670974,10.0,0.0,8.560139305503519,10.705547790999272,161.01925282597162,226.7325116762816,0.0
0.023,4.171109372430197,-2.048468292080302,10.0,0.0,8.979521969370257,11.072981092896333,166.534238406907,226.7325116762816,0.0
0.024,4.266936196769627,-2.039517194249811,10.0,0.0,9.392730090169543,11.435983292623375,171.8647834235234,226.7325116762816,0.0
0.025,4.367255527950721,-2.0225841458509217,10.0,0.0,9.79914449451603,11.793929226271104,177.02637022703064,226.7325116762816,0.0
0.026000000000000002,4.4734353073349595,-1.9962166741499119,10.0,0.0,10.197980960389518,12.146045424568259,181.63161391243256,226.7325116762816,0.0
0.027,4.582366840795821,-1.966358349113627,10.0,0.0,10.589124658468391,12.491912978736195,185.74793639675826,226.7325116762816,0.0
0.028,4.700058850757774,-1.9240450691803936,10.0,0.0,10.971384864613876,12.830451341534015,189.43662766964098,226.7325116762816,0.0
0.029,4.820934284790598,-1.879137197786803,10.0,0.0,11.344756153370636,13.161242511022618,192.73598774770625,226.7325116762816,0.0
0.03,4.952016225740939,-1.821000614527957,10.0,0.0,11.707923484756042,13.483081433273819,195.59831968863915,226.7325116762816,0.0
0.031,5.086039273572549,-1.7621311371320891,10.0,0.0,12.061063698547066,13.79562148058647,197.80891551030922,226.7325116762816,0.0
0.032,5.230431844273564,-1.6911110488141978,10.0,0.0,12.40292038074925,14.097678592248165,200.4421589734679,226.7325116762816,0.0
0.033,5.380124186618445,-1.6166151787533525,10.0,0.0,12.733312761073865,14.38869342901298,201.91742172589852,226.7325116762816,0.0
0.034,5.537594793894332,-1.535029134414507,10.0,0.0,13.051537880865839,14.667821176756876,203.18880493813168,226.7325116762816,0.0
0.035,5.698947813469154,-1.4530296333491768,10.0,0.0,13.357649178779205,14.934684535625108,203.60405746232266,226.7325116762816,0.0
0.036000000000000004,5.870474243492053,-1.3603000477825025,10.0,0.0,13.65045542338638,15.188218311291084,204.28541056101804,226.7325116762816,0.0
0.037,6.041188711220851,-1.275010780747051,10.0,0.0,13.930879897581198,15.42861600670124,205.2233356988433,226.7325116762816,0.0
0.038,6.228175208801664,-1.168399557236846,10.0,0.0,14.196427351981786,15.654155009933262,200.35169734043586,226.7325116762816,0.0
0.039,6.404895489618571,-1.0845312562500289,10.0,0.0,14.449814560392067,15.86612549236809,209.64773540576442,226.7325116762816,0.0
0.04,6.534612624563911,-1.0851225869390002,10.0,0.0,14.699963825590459,16.069735965364643,218.170241886545,226.7325116762816,0.0
0.041,6.621487035821765,-1.1484636683301073,9.451538022404957,0.0,14.952420817214797,16.20941048615701,220.18498440737346,226.7325116762816,0.0
0.042,6.641972160130575,-1.2485539405761994,8.509642034679807,0.0,15.2039760808891,16.260854695597374,231.36445968089802,226.7325116762816,0.0
0.043000000000000003,6.59724978554371,-1.3337896809776701,2.873584917871363,0.0,15.443895267861707,15.726886999937093,229.45534533572277,226.7325116762816,0.0
0.044,6.246738744098291,-1.2647228395092864,3.8009137538645783,0.0,15.597976056605491,15.466783726480575,237.91385709928804,226.7325116762816,0.0
0.045,5.9169068598816335,-1.2543269360922982,-0.5401555821481203,0.0,15.71018555816806,14.794084340772127,234.54673320018406,226.7325116762816,0.0
0.046,5.419449702285592,-1.1364996573133235,1.0652641521648416,0.0,15.731047129372012,14.471304676418734,239.9121799966353,226.7325116762816,0.0
0.047,5.033702490714251,-1.1099107647715551,-1.749255929264315,0.0,15.71579807162842,13.894695351017628,237.43820738651073,226.7325116762816,0.0
0.048,4.585516519284642,-1.0317808250670686,-0.6193265813043176,0.0,15.636084582677,13.572102466213702,239.05969450744703,226.7325116762816,0.0
0.049,4.244293709013059,-1.0186456485498492,-1.5533419700841256,0.0,15.53141958412048,13.19280918416523,239.1213856964332,226.7325116762816,0.0
0.05,3.9228553119230587,-1.0076509406127094,-1.7080763047787286,0.0,15.398213691106857,12.865244103114533,239.21392345803002,226.7325116762816,0.0
0.051000000000000004,3.6392528133821336,-1.0102519136545098,-1.879159303394621,0.0,15.245967933403488,12.567825045235336,238.86573382511645,226.7325116762816,0.0
0.052000000000000005,3.3890730083715606,-1.020839420324725,-1.8263967084261825,0.0,15.080343461685851,12.31712178637217,238.2918031542358,226.7325116762816,0.0
0.053,3.1777332485313754,-1.040429800838825,-1.6550242877653965,0.0,14.908260178043507,12.113995322078871,237.5946232527753,226.7325116762816,0.0
0.054,3.0061792916172285,-1.068552329249404,-1.4150554528000896,0.0,14.735970150656087,11.955413561152396,236.82131926686898,226.7325116762816,0.0
0.055,2.872029755454215,-1.1032879135760854,-1.129291535752802,0.0,14.568590638906596,11.837536225514166,236.0268908075719,226.7325116762816,0.0
0.056,2.7716442212299772,-1.1420773630203294,-0.8250210974171646,0.0,14.410080828363824,11.755021694714296,235.31578546921997,226.7325116762816,0.0
0.057,2.7007100771018697,-1.1815727034677326,-0.5553011661705844,0.0,14.263127138750122,11.698333024505747,234.74011403946906,226.7325116762816,0.0
0.058,2.6526200256182464,-1.217947080110455,-0.34754147492700316,0.0,14.128806179103153,11.657354783302932,233.7865943771417,226.7325116762816,0.0
0.059000000000000004,2.618119014515462,-1.2508267852378288,0.05867752922807146,0.0,14.007072515098189,11.652962974506794,232.66083747847648,226.7325116762816,0.0
0.06,2.6063195305635327,-1.2819956258335918,0.5622727205387381,0.0,13.90017281202836,11.68912319431608,231.4836717831195,226.7325116762816,0.0
0.061,2.621178187380759,-1.314521135203026,1.103343967148854,0.0,13.810845218871133,11.76370685996205,230.06414331337862,226.7325116762816,0.0
0.062,2.6649985776512053,-1.344621838542098,1.7797918856483177,0.0,13.740894573867823,11.886226301934954,229.32963899130502,226.7325116762816,0.0
0.063,2.7423627762273894,-1.3740022302310952,2.1210727735348858,0.0,13.693121773614534,12.012203295752094,229.48675529364647,226.7325116762816,0.0
0.064,2.832484590715474,-1.3929424872627185,2.014972186190512,0.0,13.664513577124877,12.09658167906752,231.57713389406152,226.7325116762816,0.0
0.065,2.897718185219332,-1.4037543781746422,0.9213366638051874,0.0,13.648203944045731,12.044148025562947,227.68974105867022,226.7325116762816,0.0
0.066,2.892032681961417,-1.3672506626248904,2.8554607876769493,0.0,13.624158381304436,12.220294524254076,224.08107828630986,226.7325116762816,0.0
0.067,2.98698641844414,-1.3501683779061606,4.686306507756847,0.0,13.618618010542832,12.547971838726355,227.04081522796037,226.7325116762816,0.0
0.068,3.1876132653022373,-1.3753875816239371,3.2033550014148076,0.0,13.649344343560752,12.639774845987258,228.8959986222884,226.7325116762816,0.0
0.069,3.2962312264399327,-1.3692109679500912,2.2541284347907204,0.0,13.685246724461674,12.625943071302071,222.44675417887012,226.7325116762816,0.0
0.07,3.336264579310469,-1.3028366959150852,5.521608231473976,0.0,13.708936286016876,12.982682266272509,222.78693866564254,226.7325116762816,0.0
0.07100000000000001,3.547063486506948,-1.2876661468094313,5.390971718194159,0.0,13.764925793232324,13.236284137210905,226.05141302876063,226.7325116762816,0.0
0.07200000000000001,3.7433309095641,-1.2968310125497513,3.76554552311032,0.0,13.84183637754256,13.273152827986259,219.53402784397701,226.7325116762816,0.0
0.073,3.842513713363982,-1.2370405340318666,7.096222953825176,0.0,13.908074171204941,13.68770705325716,222.12161735399278,226.7325116762816,0.0
0.074,4.1064567590393874,-1.2252363001572144,5.848537142040184,0.0,14.008443047087138,13.868835514777412,221.56595611548482,226.7325116762816,0.0
0.075,4.28661630753944,-1.2129243749005956,6.178033316902128,0.0,14.115651612093657,14.073431335208273,217.05703788608045,226.7325116762816,0.0
0.076,4.488648246034515,-1.1427682957003944,8.529247169506325,0.0,14.225004853183153,14.503205074385082,221.28578637387696,226.7325116762816,0.0
0.077,4.776888664991662,-1.1605888760337668,6.469340178632118,0.0,14.36906196871006,14.621148729530619,215.22958396960556,226.7325116762816,0.0
0.078,4.969100718025193,-1.0865855052689795,9.61247065783458,0.0,14.502189161611364,15.08978623169119,220.02246901914884,226.7325116762816,0.0
0.079,5.284384213634927,-1.0958560738006309,7.283128559634264,0.0,14.67062718168473,15.204454703345043,214.54616866441376,226.7325116762816,0.0
0.08,5.492692092355683,-1.0071689711692087,10.0,0.0,14.823839959941363,15.62688837755989,216.46394035205114,226.7325116762816,0.0
0.081,5.791904613136144,-1.0059284591121325,9.28407919320169,0.0,15.00472524249386,15.885649660528808,217.3580408817908,226.7325116762816,0.0
0.082,6.076256980981376,-0.9387369498730272,8.930773636276768,0.0,15.186019464192269,16.076632305007152,209.6084686832516,226.7325116762816,0.0
0.083,6.304676059623264,-0.8691444003543768,10.0,0.0,15.361299262814008,16.365511487814153,219.2035315467606,226.7325116762816,0.0
0.084,6.501945034404333,-0.9340202222411371,8.19502253170785,0.0,15.555771265757,16.41437555061375,228.0101820209967,226.7325116762816,0.0
0.085,6.553712418632529,-1.0009117307830666,3.7789205911426462,0.0,15.742391782406402,16.00635724613116,226.3939512249808,226.7325116762816,0.0
0.08600000000000001,6.312209815097987,-0.9871876370681534,4.590421593663596,0.0,15.867369851548544,15.818311913675796,234.16658901112683,226.7325116762816,0.0
0.08700000000000001,6.077199589301146,-1.0185895625719041,0.6297619272421331,0.0,15.964637033273496,15.241217446850918,232.81242469742799,226.7325116762816,0.0
0.088,5.677970988115086,-0.9404289142430624,1.2460449538800926,0.0,15.98555635957226,14.880521918347918,235.9311974836705,226.7325116762816,0.0
0.089,5.313781551037362,-0.9318756841673306,-0.40532829731505515,0.0,15.9681549515658,14.406242539493936,236.09663479691596,226.7325116762816,0.0
0.09,4.933603643406667,-0.8894628945301801,-0.5816881851441291,0.0,15.900485871915258,14.01294277804406,237.71262935355597,226.7325116762816,0.0
0.091,4.581593177164926,-0.8858028277069251,-1.4994866402368752,0.0,15.800275244630596,13.58793122580249,237.6229971494094,226.7325116762816,0.0
0.092,4.239427820983688,-0.8730966768473707,-1.5635753928948692,0.0,15.666223448923926,13.231646072332678,238.07404663155242,226.7325116762816,0.0
0.093,3.9366915785155183,-0.8816771797639144,-1.9025154835190872,0.0,15.511019234270359,12.890821065306781,237.86848813202315,226.7325116762816,0.0
0.094,3.6614316827930207,-0.8965083845603549,-1.9110959983118652,0.0,15.338798567878001,12.59825490790195,237.50590863533992,226.7325116762816,0.0
0.095,3.4231142503499252,-0.9218799943927137,-1.837540219560836,0.0,15.157185917417992,12.349362559020422,236.98412427060873,226.7325116762816,0.0
0.096,3.2218839913543786,-0.9560085501774666,-1.6791641631385126,0.0,14.972345722153829,12.143636142565065,236.3843164561811,226.7325116762816,0.0
0.097,3.056573275969193,-0.9966273828830505,-1.4757783037236902,0.0,14.789543690810309,11.976958908302658,235.73322508420287,226.7325116762816,0.0
0.098,2.9231642103445767,-1.0420877157693207,-1.2402397518137902,0.0,14.612948587465338,11.845566466512928,235.00298977270833,226.7325116762816,0.0
0.099,2.818077841882668,-1.0894668241000014,-0.9578268770307878,0.0,14.44563084886341,11.748589199149272,234.27221474323815,226.7325116762816,0.0
0.1,2.739177030103227,-1.13699306519297,-0.6678363929652633,0.0,14.290101252822216,11.681280934772282,233.65421186750493,226.7325116762816,0.0
0.101,2.6834149815816057,-1.181928179089077,-0.42805195701088383,0.0,14.147861390065092,11.633971737562792,233.13837710228057,226.7325116762816,0.0
0.10200000000000001,2.6446834567195263,-1.2212212013684771,-0.2341932286586963,0.0,14.018987475174505,11.599798936807343,232.25650148586243,226.7325116762816,0.0
0.10300000000000001,2.6154750695467204,-1.2562596436988458,0.15150468145456664,0.0,13.903044970130976,11.599469814807703,231.08008052492218,226.7325116762816,0.0
0.10400000000000001,2.6071745917503044,-1.2867045259429308,0.6962394734382853,0.0,13.801662356015385,11.644264171206633,229.96229251616765,226.7325116762816,0.0
0.105,2.6264487346954306,-1.319851851959382,1.22283566941669,0.0,13.718239195990607,11.724715903689964,228.61208830901268,226.7325116762816,0.0
0.106,2.6738851664813215,-1.3498057856412293,1.879142006666866,0.0,13.654166984661487,11.850682615993227,228.12691758585436,226.7325116762816,0.0
0.107,2.7533703180067115,-1.3782388887053756,2.107783309150298,0.0,13.611926767695838,11.967963913483993,228.95301717615075,226.7325116762816,0.0
0.108,2.8388957308277165,-1.393721888972238,1.6725284590034097,0.0,13.58705750117455,12.01051566909307,230.20755085257625,226.7325116762816,0.0
0.109,2.8784730707806556,-1.397839945452752,1.0105112290277156,0.0,13.569228493076482,11.974357722426634,225.7570551148869,226.7325116762816,0.0
0.11,2.8763661356961006,-1.3560851790145594,3.245513663486338,0.0,13.54493238624857,12.193130645966074,222.9119209716697,226.7325116762816,0.0
0.111,2.9942226511339096,-1.3462930420448749,4.706286642141054,0.0,13.544283595055111,12.512946383727208,226.46003974110235,226.7325116762816,0.0
0.112,3.19411147249257,-1.3785371723616755,2.9349519767765226,0.0,13.579326032461656,12.570451920421164,226.88167562718513,226.7325116762816,0.0
0.113,3.284404878283092,-1.3671997119717192,2.722642394226096,0.0,13.61504521785088,12.612137053336106,220.92270099296545,226.7325116762816,0.0
0.114,3.3483796956156517,-1.3063725864667466,5.760227818169101,0.0,13.644783388791028,12.983348788109032,222.77185741660756,226.7325116762816,0.0
0.115,3.5701031973388355,-1.3008929691714912,4.875256148944785,0.0,13.708674429467024,13.168940591628349,225.08522056782343,226.7325116762816,0.0
0.116,3.7346220780321415,-1.2976437984010065,3.7350474844214325,0.0,13.784432933815552,13.209909240598975,218.1399540684166,226.7325116762816,0.0
0.117,3.8290627932850194,-1.2272540367454723,7.293606310203489,0.0,13.849002070551887,13.64845714271778,221.62818981307404,226.7325116762816,0.0
0.11800000000000001,4.099074355578958,-1.2245188216746827,5.60053165650685,0.0,13.95137210778524,13.79902650343407,219.72791261271286,226.7325116762816,0.0
0.11900000000000001,4.267425745625057,-1.2060822243715366,6.620716247323132,0.0,14.05656140381424,14.058108446046694,217.40271269504154,226.7325116762816,0.0
0.12,4.492385990067929,-1.146252022081515,7.876614195971188,0.0,14.17074300822274,14.406685939455832,219.63054545603705,226.7325116762816,0.0
0.121,4.745988232026447,-1.1517843906270664,6.833717477675878,0.0,14.309571064094213,14.578899581294927,214.28508728035024,226.7325116762816,0.0
0.122,4.958953084825273,-1.0773541974013465,9.6309208094786,0.0,14.443495033622161,15.045005886830229,218.7656672354925,226.7325116762816,0.0
0.123,5.271728219689283,-1.0996206763232685,7.470299276315367,0.0,14.613830851364513,15.17997794049176,214.50252612516945,226.7325116762816,0.0
0.124,5.494300126463375,-1.0102966133295221,9.724169686988006,0.0,14.770581980980253,15.56666317267048,214.93729813225403,226.7325116762816,0.0
0.125,5.776205015371599,-1.0061369004421248,9.624735818885993,0.0,14.950762193064612,15.86809474628279,216.95242182313234,226.7325116762816,0.0
0.126,6.072705640399472,-0.9518798707106058,8.714974871978331,0.0,15.137140865160177,16.028525798399507,210.99079704164114,226.7325116762816,0.0
0.127,6.296038509911633,-0.8669710395647856,10.0,0.0,15.312127374129131,16.320400376669504,217.62275905052292,226.7325116762816,0.0
0.128,6.490296572911084,-0.9306467907861187,8.591256842705628,0.0,15.50665611097399,16.413639091191982,227.9544829579568,226.7325116762816,0.0
0.129,6.558344621227459,-1.0148922347495648,3.4131751761719338,0.0,15.699686086910381,15.955962551516134,226.01128528108205,226.7325116762816,0.0
0.13,6.303276279768365,-0.9832380625208557,4.391986278561303,0.0,15.823320997900755,15.751544699373337,232.28447013461783,226.7325116762816,0.0
0.131,6.051552494745311,-1.0110064940319867,1.19987426721005,0.0,15.917521701766322,15.244150624209265,232.82222227929168,226.7325116762816,0.0
0.132,5.6840366222932035,-0.9437668436687494,0.8701010888430263,0.0,15.94388888187386,14.83047160556081,234.54373573541957,226.7325116762816,0.0
0.133,5.303002943312069,-0.9272254473061774,-0.06876787981230059,0.0,15.92510428500955,14.399057897982935,235.73880920709675,226.7325116762816,0.0
0.134,4.93900317130787,-0.8908538481148435,-0.7563675909590404,0.0,15.861221315126452,13.978889461067478,236.86587531532916,226.7325116762816,0.0
0.135,4.578207449439001,-0.8832985181582782,-1.421234281465722,0.0,15.76124242823682,13.564137763696529,236.9334149206793,226.7325116762816,0.0
0.136,4.238646553156619,-0.8703261042787003,-1.5570131165847663,0.0,15.628434848071866,13.206320083788054,237.4061103977295,226.7325116762816,0.0
0.137,3.9356989795708546,-0.8786299764270343,-1.9000968423243427,0.0,15.474169408007674,12.864550616505376,237.17853986546498,226.7325116762816,0.0
0.138,3.660068777503618,-0.8925613635154406,-1.8907718580839226,0.0,15.302602979079872,12.57327798395993,236.83515691572848,226.7325116762816,0.0
0.139,3.422310225778413,-0.9177647681567426,-1.820106835610137,0.0,15.121698990429964,12.325053013075058,236.32159391975918,226.7325116762816,0.0
0.14,3.2216233667462815,-0.951934251511125,-1.6592161600602657,0.0,14.937569512679131,12.120249433475712,235.73364849962334,226.7325116762816,0.0
0.14100000000000001,3.0569801331057556,-0.9927497395288047,-1.455254818225764,0.0,14.755520633591843,11.95444399201765,235.09974901376637,226.7325116762816,0.0
0.14200000000000002,2.9242034897176272,-1.038533253405118,-1.221977448672126,0.0,14.5797241299137,11.823594102465512,234.38782057683457,226.7325116762816,0.0
0.14300000000000002,2.8195212673342063,-1.0862675248804037,-0.9425663192117559,0.0,14.413215222371674,11.726839280074177,233.67359217514164,226.7325116762816,0.0
0.14400000000000002,2.7407309823356734,-1.1341583488787568,-0.654862923353889,0.0,14.258472371269784,11.659582420543531,233.0688348723689,226.7325116762816,0.0
0.145,2.6848406579715385,-1.1794950557408128,-0.4158475039283993,0.0,14.116986248839861,11.612351656864057,232.58584500654138,226.7325116762816,0.0
0.146,2.6459413655913826,-1.2191350871552995,-0.23288590431723,0.0,13.988832698671954,11.57715099799069,231.70121785401847,226.7325116762816,0.0
0.147,2.6163540224481294,-1.253609231759556,0.15974061016685637,0.0,13.873370193225824,11.576879965406965,230.6467274629191,226.7325116762816,0.0
0.148,2.6071327415689307,-1.2852368968551535,0.6478436478501637,0.0,13.772561136780407,11.615573322002597,229.5064538378798,226.7325116762816,0.0
0.149,2.6229968747549353,-1.31742978071742,1.1902410387538307,0.0,13.68892726221299,11.693261852457447,228.14506159668576,226.7325116762816,0.0
0.15,2.6676083639965293,-1.3471195932631974,1.8568116601468088,0.0,13.624369578689219,11.817968314369537,227.61818050374305,226.7325116762816,0.0
0.151,2.7453771251591546,-1.3757509900706937,2.1113955183435524,0.0,13.581590865232391,11.936978431090289,228.30697070715559,226.7325116762816,0.0
0.152,2.8309842226528272,-1.392380345475871,1.7512558263285438,0.0,13.55653394991982,11.989009366976983,229.92399396747336,226.7325116762816,0.0
0.153,2.8756084573757033,-1.3985708606252998,0.9108293732577364,0.0,13.53970048283956,11.940433409981534,225.48117461575674,226.7325116762816,0.0
0.154,2.8676848402878377,-1.3565940628929303,3.1447524197212964,0.0,13.515013413865725,12.150485341846196,222.4377063634485,226.7325116762816,0.0
0.155,2.9787297214237176,-1.345558627134905,4.7094345990037425,0.0,13.513006115019682,12.474545009787617,225.88170475752608,226.7325116762816,0.0
0.156,3.1791397260070537,-1.3774417553136413,2.9959434711525135,0.0,13.547223011309633,12.540932483501024,226.84325115038874,226.7325116762816,0.0
0.157,3.2738329990234742,-1.3683798628086987,2.5140628799801132,0.0,13.583341325884588,12.559818785735658,220.7953731134933,226.7325116762816,0.0
0.158,3.3268666829207194,-1.304845077435627,5.597373284055717,0.0,13.610838231759525,12.919524467065832,222.01334037768888,226.7325116762816,0.0
0.159,3.5398089514612567,-1.2954223649828003,5.035581364943854,0.0,13.67115486466391,13.130485743006938,224.83398481369136,226.7325116762816,0.0
0.16,3.714586341142124,-1.296455838804048,3.644244415568516,0.0,13.74674387111683,13.161857319224715,217.88998683519603,226.7325116762816,0.0
0.161,3.804947022353369,-1.2300668225639795,7.204668653227038,0.0,13.810598008021614,13.595018773065764,221.00830032924256,226.7325116762816,0.0
0.162,4.072810910740251,-1.2241825299583464,5.7027540196741615,0.0,13.91139949459581,13.76187322223534,219.99430485830334,226.7325116762816,0.0
0.163,4.246763841723476,-1.2109783013541633,6.277133823323555,0.0,14.017412655209135,13.983867116358063,216.207999915645,226.7325116762816,0.0
0.164,4.454617512651373,-1.1449921645182177,8.275531412259095,0.0,14.127897456407492,14.387218499384016,219.7814914808765,226.7325116762816,0.0
0.165,4.730183839724262,-1.1596871644545481,6.558295831597393,0.0,14.269945227149963,14.524169575196328,213.58733690732495,226.7325116762816,0.0
0.166,4.927526442035306,-1.0881321342812662,9.78682486606273,0.0,14.403465325080992,15.014988847115974,219.09838873981306,226.7325116762816,0.0
0.167,5.252315462805786,-1.107012309447289,7.107640179183363,0.0,14.57550770998088,15.109329229473737,213.54992765778505,226.7325116762816,0.0
0.168,5.452724745719368,-1.0158334834373943,10.0,0.0,14.729561422013806,15.537594108331545,215.7004947857717,226.7325116762816,0.0
0.169,5.750194219315832,-1.0156073055462418,9.048459234086463,0.0,14.911923159421292,15.774127238781734,216.28324722239822,226.7325116762816,0.0
0.17,6.022087324442846,-0.9424705589934579,8.861575660312036,0.0,15.091659255791154,15.967267897643593,208.72536880798384,226.7325116762816,0.0
0.171,6.243319216930049,-0.8764617786269304,10.0,0.0,15.266206210035424,16.264547036237353,219.0837603910129,226.7325116762816,0.0
0.17200000000000001,6.456254729682282,-0.9201062670482916,7.661466291616314,0.0,15.458487364244661,16.259719417599204,224.73122965203325,226.7325116762816,0.0
0.17300000000000001,6.490399508992446,-0.962693543007227,4.857744481348624,0.0,15.635305796640427,15.987952043603592,224.57942288436007,226.7325116762816,0.0
0.17400000000000002,6.305496435781324,-0.9851096677308422,4.955178753104429,0.0,15.769305549357064,15.82047902408925,233.15906776884123,226.7325116762816,0.0
0.17500000000000002,6.108448674819879,-1.017156756221468,0.6010907499382556,0.0,15.876459043337334,15.223055481705822,230.93339177548188,226.7325116762816,0.0
0.176,5.70402376976534,-0.9445308392440035,1.671919945625926,0.0,15.904845511928809,14.899937996462453,235.09334871446757,226.7325116762816,0.0
0.177,5.358358407694737,-0.9399587746987899,-0.4916668942487772,0.0,15.8983049172066,14.397247003036695,234.7012461924355,226.7325116762816,0.0
0.178,4.969307040327772,-0.8892934535456924,-0.37530297839427806,0.0,15.836621817932649,14.017945945413697,236.5157961911032,226.7325116762816,0.0
0.179,4.619683810575461,-0.8855882299626792,-1.3804108228763443,0.0,15.743276001441188,13.593249223173112,236.39816131933446,226.7325116762816,0.0
0.18,4.277793551218389,-0.8713003844762406,-1.418249883422508,0.0,15.615260483607141,13.241688069523933,236.96227808626074,226.7325116762816,0.0
0.181,3.976298481204389,-0.8801480293736712,-1.8026059309854374,0.0,15.466006521585165,12.900326259937788,236.84314176267992,226.7325116762816,0.0
0.182,3.7003267104995103,-0.8942539640674643,-1.8441440700590115,0.0,15.299004951174108,12.604791544362984,236.5598476325602,226.7325116762816,0.0
0.183,3.4593934286193466,-0.9183834081859836,-1.8007703645619406,0.0,15.121663245752783,12.351039575599744,236.09470414793287,226.7325116762816,0.0
0.184,3.2538985317539773,-0.9512412615082135,-1.6618205469647869,0.0,14.940053583421516,12.13997448188779,235.52320367648016,226.7325116762816,0.0
0.185,3.0837837041229283,-0.9905512157192187,-1.4639772312404182,0.0,14.75949389438218,11.968885879938384,234.9100230469314,226.7325116762816,0.0
0.186,2.9460237831392715,-1.0351245073771593,-1.2391620301725337,0.0,14.584391276592092,11.833053851272101,234.21910026727585,226.7325116762816,0.0
0.187,2.8367955551821,-1.0820513386526338,-0.9685665262547007,0.0,14.417931936238112,11.731449622979166,233.51335531849713,226.7325116762816,0.0
0.188,2.7537729145322816,-1.1294782680931608,-0.6835024882874987,0.0,14.262705801015938,11.660051180809255,232.89829302032757,226.7325116762816,0.0
0.189,2.6941451563287506,-1.1748330268755005,-0.43762915264317703,0.0,14.120377189270648,11.610194222871213,232.44385631556125,226.7325116762816,0.0
0.19,2.652627342062579,-1.214812328154951,-0.2675242466528118,0.0,13.991239918458993,11.571313587842178,231.61359310969118,226.7325116762816,0.0
0.191,2.6202129341338978,-1.2496407875941595,0.09879654194812604,0.0,13.87455964875112,11.565151933650576,230.5471951523734,226.7325116762816,0.0
0.192,2.6072377105334805,-1.280746375293158,0.5938486858460958,0.0,13.772004570647374,11.59983407636688,229.47680622789187,226.7325116762816,0.0
0.193,2.6195661471437086,-1.3134044289316777,1.10160020257076,0.0,13.68645454464887,11.670208762138776,228.13077533865678,226.7325116762816,0.0
0.194,2.6592795780050107,-1.342879356663091,1.7606330105645562,0.0,13.61941265134149,11.788161877417068,227.44856847828797,226.7325116762816,0.0
0.195,2.731692719311878,-1.3718569140995498,2.0945758727288966,0.0,13.573763040933361,11.910190567359784,227.60152277603416,226.7325116762816,0.0
0.196,2.816988817254634,-1.3907467322679075,2.0094086128582753,0.0,13.546669364984478,11.994085160699374,229.7220028741963,226.7325116762816,0.0
0.197,2.879623529151377,-1.401812856808254,0.9192736517980546,0.0,13.5317028914822,11.94178089666298,226.07927645831782,226.7325116762816,0.0
0.198,2.871484504063389,-1.367259770678267,2.747169211916935,0.0,13.509091138206806,12.106701912782327,222.49968271607742,226.7325116762816,0.0
0.199,2.958473041387149,-1.3499617369648493,4.579294372639179,0.0,13.50367540902371,12.426474334683967,225.28676468602436,226.7325116762816,0.0
0.2,3.1520013786415766,-1.3735350858749,3.2002108575682824,0.0,13.533544543666325,12.52328927148735,227.25423624667934,226.7325116762816,0.0
0.201,3.2599514834115038,-1.3687711014168262,2.211257831536812,0.0,13.569348486745533,12.50847640220977,221.1582059592264,226.7325116762816,0.0
0.202,3.2967400864330303,-1.306084537884601,5.315016032433839,0.0,13.59324286644509,12.847060901242177,221.013674152404,226.7325116762816,0.0
0.203,3.496693241498582,-1.2883942419333392,5.444470311083807,0.0,13.647287191158622,13.115751815956834,224.46669111921406,226.7325116762816,0.0
0.20400000000000001,3.6960494252588765,-1.3006010712965557,3.740620033249455,0.0,13.72431582906173,13.154330349660128,218.5418147814727,226.7325116762816,0.0
0.20500000000000002,3.7935749874720295,-1.246640624324532,6.784965171068221,0.0,13.791441739084306,13.539936111715962,220.42650431845232,226.7325116762816,0.0
0.20600000000000002,4.042693152882966,-1.2283443456053305,5.905680476156709,0.0,13.888942648120807,13.740101378176945,220.94887539451366,226.7325116762816,0.0
0.20700000000000002,4.225650435201455,-1.2195514834084396,5.702331300943715,0.0,13.995925740845294,13.898790527170245,214.86112868062602,226.7325116762816,0.0
0.20800000000000002,4.401693536853411,-1.1458025082108216,8.86491848784409,0.0,14.100054980546888,14.3846919844893,220.8906057580998,226.7325116762816,0.0
0.209,4.711273608600958,-1.1704332575803684,5.908599008289016,0.0,14.245808314192871,14.443301828550839,213.86868089471145,226.7325116762816,0.0
0.21,4.8749936076949405,-1.0936477320629894,9.5481997477989,0.0,14.37415458357979,14.925631898529595,219.10394951503284,226.7325116762816,0.0
0.211,5.190509360769149,-1.0987553703302664,7.006851059250691,0.0,14.53922892849047,15.02354969246655,212.95841775648574,226.7325116762816,0.0
0.212,5.384230189955525,-1.0144288913287287,10.0,0.0,14.688260629230935,15.464688878189015,216.09308962296942,226.7325116762816,0.0
0.213,5.689433041771989,-1.0149039949251855,8.752069007459038,0.0,14.867398604655229,15.677778311418342,215.313336746784,226.7325116762816,0.0
0.214,5.952755125854997,-0.9366696908231045,9.256137194846728,0.0,15.041321201372828,15.92948600867425,209.40884779875012,226.7325116762816,0.0
0.215,6.193545139981376,-0.8944690408303922,10.0,0.0,15.219162579686081,16.22634574185624,217.9430309260702,226.7325116762816,0.0
0.216,6.440157210810746,-0.8983460336730555,8.154789185328267,0.0,15.409754269198832,16.27617239423596,221.66484903333583,226.7325116762816,0.0
0.217,6.505094173802132,-0.9551021814893187,6.3445567581249165,0.0,15.592473861329637,16.154725146262585,225.16195150764386,226.7325116762816,0.0
0.218,6.398798292168462,-1.0269751737024655,4.611711122657275,0.0,15.752115237115305,15.903525803279829,232.9031293712083,226.7325116762816,0.0
0.219,6.2003856202101515,-1.0232580444462713,0.6794160139257852,0.0,15.869544926883826,15.298948961667207,230.4373055076826,226.7325116762816,0.0
0.22,5.773620473871574,-0.9621823203560542,1.875280007374632,0.0,15.908092805156869,14.98240080293705,234.95591479089182,226.7325116762816,0.0
0.221,5.429714592956828,-0.947209942133213,-0.4662586653760852,0.0,15.910094875365983,14.465396349407381,234.47506357829565,226.7325116762816,0.0
0.222,5.029852246730066,-0.8930499123196923,-0.3032585780981365,0.0,15.854388413703951,14.082183743855467,236.40914533223753,226.7325116762816,0.0
0.223,4.6740404110691065,-0.8855527765229444,-1.367065791628637,0.0,15.765648253013431,13.648213636791844,236.30583254237078,226.7325116762816,0.0
0.224,4.324567268309953,-0.8676728243010596,-1.4111426053561544,0.0,15.640493274299159,13.289440074337712,236.90373186405165,226.7325116762816,0.0
0.225,4.0162446937569936,-0.8741247078558453,-1.8118044680742904,0.0,15.492864943924149,12.940817085269078,236.80299466502896,226.7325116762816,0.0
0.226,3.7341353269142217,-0.8862074444885101,-1.8621406984504194,0.0,15.326401729873819,12.638711999962787,236.53692748495882,226.7325116762816,0.0
0.227,3.4877360722524777,-0.9090711589015132,-1.8271512665021232,0.0,15.148768509917002,12.378806125944525,236.07365138397978,226.7325116762816,0.0
0.228,3.277375650109828,-0.9412031425294383,-1.6889246130895827,0.0,14.96621390560897,12.162658208777387,235.5132423734446,226.7325116762816,0.0
0.229,3.103306750072648,-0.9802518828480282,-1.496527414793622,0.0,14.784274011613807,11.98669502295725,234.91303996625686,226.7325116762816,0.0
0.23,2.962005455031582,-1.0249802004029398,-1.2782314940995056,0.0,14.607461415963993,11.846025199067146,234.22778112999637,226.7325116762816,0.0
0.231,2.849442834176541,-1.072244215672712,-1.0105547705064097,0.0,14.43901485599428,11.739971453733023,233.51991984976604,226.7325116762816,0.0
0.232,2.763324665301182,-1.120268301409773,-0.7244982121260879,0.0,14.281617586766497,11.664815253488971,232.88261345909373,226.7325116762816,0.0
0.233,2.700933952818531,-1.1666382884134883,-0.46734603461805513,0.0,14.137064882150135,11.612862916972972,232.4177969799201,226.7325116762816,0.0
0.234,2.657654970794158,-1.2079704881641788,-0.29179064806762245,0.0,14.005855056446341,11.572526895290258,231.65109932563098,226.7325116762816,0.0
0.23500000000000001,2.6241659045377865,-1.2441722422929582,0.0423723025834426,0.0,13.88730148210132,11.56135687137951,230.61326507751915,226.7325116762816,0.0
0.23600000000000002,2.6084587988176047,-1.2758331380505759,0.5224818926269847,0.0,13.782606943791768,11.590311808790261,229.605359231276,226.7325116762816,0.0
0.23700000000000002,2.6169407676935017,-1.3089017165140326,0.9977063401986146,0.0,13.69459828772766,11.652285304327885,228.2745784072441,226.7325116762816,0.0
0.23800000000000002,2.651061185313253,-1.3382664033999152,1.6476760849049423,0.0,13.624487276596533,11.762336585897895,227.4652564840003,226.7325116762816,0.0
0.23900000000000002,2.7175166813810954,-1.367319231737694,2.0450095984496555,0.0,13.575294658983815,11.884609726849384,227.4367188949265,226.7325116762816,0.0
0.24,2.8001368012329753,-1.3894276327511932,2.0522363208000955,0.0,13.545390013055625,11.978134238044525,229.28098559120775,226.7325116762816,0.0
0.241,2.870582176893958,-1.398489005879619,1.104618233510215,0.0,13.52860394987376,11.94808278657775,226.89751161145298,226.7325116762816,0.0
0.242,2.8721142728435396,-1.3756134791726113,2.2947052240358854,0.0,13.507884426194353,12.060279546972348,222.70164578725428,226.7325116762816,0.0
0.243,2.933719814013051,-1.3539812264504874,4.4329467950255115,0.0,13.498305738389977,12.375729093293996,224.3286413892021,226.7325116762816,0.0
0.244,3.121240128885488,-1.3681028395125083,3.6434876969224,0.0,13.522999573962254,12.530441720477535,227.63121008078176,226.7325116762816,0.0
0.245,3.257164440310437,-1.3722757221335125,1.9832163670875658,0.0,13.561013089653342,12.484340742091117,222.11881891996646,226.7325116762816,0.0
0.246,3.2805295736264775,-1.3170541567270213,4.785548875058367,0.0,13.58449905491576,12.770299580737078,219.643417929191,226.7325116762816,0.0
0.247,3.4522963750261404,-1.285658745558088,6.094140307917,0.0,13.631331027942002,13.127272167758617,223.9377255967199,226.7325116762816,0.0
0.248,3.687203396358034,-1.311833659263574,3.9749343349481676,0.0,13.71237025698708,13.182910017692963,219.9415130298406,226.7325116762816,0.0
0.249,3.7995038660324183,-1.273709748988134,6.040950604852231,0.0,13.786413968853726,13.479537873506654,219.32761822694218,226.7325116762816,0.0
0.25,4.012344041339175,-1.232542328226688,6.421946940794833,0.0,13.878568917934075,13.752867334593285,221.86316495392506,226.7325116762816,0.0
0.251,4.219092682607905,-1.2316772555081619,5.202867044526956,0.0,13.989157834423626,13.8495566437439,215.54074521301928,226.7325116762816,0.0
0.252,4.363768474280715,-1.1591811829178993,8.475994579612472,0.0,14.090390872921544,14.30602389077918,220.7949241531022,226.7325116762816,0.0
0.253,4.658066925956719,-1.1609279792785505,5.908280984802811,0.0,14.228064440598766,14.380861874413172,214.05436855924205,226.7325116762816,0.0
0.254,4.816763497423432,-1.0950221046627764,9.405340212903276,0.0,14.352187335700327,14.85782342914605,219.23889697917576,226.7325116762816,0.0
0.255,5.134266379982794,-1.0936753988597279,6.888012149907478,0.0,14.51210501787284,14.954286087338396,212.60995156600808,226.7325116762816,0.0
0.256,5.323369888632232,-1.015954897339317,10.0,0.0,14.65714140953812,15.406959834943045,216.74128544311554,226.7325116762816,0.0
0.257,5.635916747695407,-1.0169032195987024,8.371081572220103,0.0,14.83382305726108,15.586079821986589,214.00004542280806,226.7325116762816,0.0
0.258,5.8848438247757215,-0.9315488493070092,9.869026244908582,0.0,15.001350074961419,15.921762563483405,210.92559467106247,226.7325116762816,0.0
0.259,6.15780640918824,-0.9147847648087599,10.0,0.0,15.184702159449513,16.212520785419176,217.58801751563672,226.7325116762816,0.0
0.26,6.424796467178193,-0.9023372387453632,8.293267894336218,0.0,15.37759327066038,16.27684884390147,222.56179292939706,226.7325116762816,0.0
0.261,6.509442045540993,-0.9476993230843334,5.848087374924896,0.0,15.562742381136312,16.095489558538013,223.05325604096058,226.7325116762816,0.0
0.262,6.3858590778183695,-0.9916897343363547,5.6391483754963465,0.0,15.71562597642264,15.96669021024858,232.44066820996215,226.7325116762816,0.0
0.263,6.228553394556218,-1.034184786094424,0.8883607256587513,0.0,15.844575828932253,15.361629700310484,230.07656403246466,226.7325116762816,0.0
0.264,5.831468051385358,-0.958613813144215,2.0369722908456684,0.0,15.891386887654997,15.045931706202268,234.54706657520032,226.7325116762816,0.0
0.265,5.487669483664662,-0.9538385645750498,-0.2764245295113481,0.0,15.902177473481544,14.53437184050358,234.21975072052456,226.7325116762816,0.0
0.266,5.093288984097392,-0.8961753944061344,-0.18763899261589767,0.0,15.854437817922665,14.147891266494671,236.16607704371404,226.7325116762816,0.0
0.267,4.73460846344978,-0.8888849164086331,-1.2551378078849629,0.0,15.772598749640753,13.712483111557779,236.04318099919442,226.7325116762816,0.0
0.268,4.382855882608107,-0.86900273877756,-1.2867964788542805,0.0,15.653288637933903,13.354730378318562,236.75829421959736,226.7325116762816,0.0
0.269,4.07268081184592,-0.8755792166086585,-1.7446109144889088,0.0,15.511056498411545,13.00138063799789,236.73171663415718,226.7325116762816,0.0
0.27,3.786668840507416,-0.8863154437130216,-1.8313141713475751,0.0,15.348827819012527,12.69254300999855,236.53723950878467,226.7325116762816,0.0
0.271,3.5344965308291285,-0.9076679795196136,-1.8321228869863484,0.0,15.174179661421151,12.424023185058799,236.10496169095066,226.7325116762816,0.0
0.272,3.317128780939188,-0.9377958163772424,-1.709708478216036,0.0,14.993244873791216,12.19975292836611,235.5677529866826,226.7325116762816,0.0
0.273,3.1360244246554916,-0.9752029875514898,-1.529456539186012,0.0,14.811790049715595,12.01616758947761,234.98015393052862,226.7325116762816,0.0
0.274,2.988221422516478,-1.0186165946673102,-1.3181334336514938,0.0,14.634523599229691,11.868685610961345,234.3075171273335,226.7325116762816,0.0
0.275,2.869910371391616,-1.0650670571571612,-1.0575650865644608,0.0,14.464911010743467,11.75631065797469,233.60284000802463,226.7325116762816,0.0
0.276,2.7786553633466258,-1.1127375770435493,-0.7739298102274494,0.0,14.30580143836981,11.67566107873798,232.9461802964597,226.7325116762816,0.0
0.277,2.711763719136663,-1.1593303517639322,-0.5077366406467592,0.0,14.159186365330227,11.620055926860728,232.438457666144,226.7325116762816,0.0
0.278,2.6650816529814705,-1.2016924243039597,-0.3109347853875346,0.0,14.025866184639074,11.578802166084921,231.79601677111654,226.7325116762816,0.0
0.279,2.6304016379713357,-1.2389333839554872,-0.04034938882215977,0.0,13.905425530775723,11.559486119376743,230.73633892903948,226.7325116762816,0.0
0.28,2.610151190791782,-1.2706923275883786,0.44945125968879385,0.0,13.79821841183099,11.583110578363247,229.76020656390457,226.7325116762816,0.0
0.281,2.6146726532957647,-1.3037337779155354,0.9072404933800149,0.0,13.707411420779039,11.63841082343032,228.47818305295328,226.7325116762816,0.0
0.28200000000000003,2.6438789674591496,-1.3336508026061098,1.5307955350889433,0.0,13.634175611551687,11.739946027203626,227.56139723003253,226.7325116762816,0.0
0.28300000000000003,2.7044443976638037,-1.3626971288865357,1.9808995910118132,0.0,13.581312829268338,11.860909891230413,226.90151881173244,226.7325116762816,0.0
0.28400000000000003,2.784252070561807,-1.3866801147457648,2.3091487288073456,0.0,13.548180376797712,11.987924265507734,228.72402386120098,226.7325116762816,0.0
0.28500000000000003,2.872541130244417,-1.4016464810997884,1.377981082223886,0.0,13.532469077442235,11.984299304772021,228.3007718530591,226.7325116762816,0.0
0.28600000000000003,2.8898440096150075,-1.3917320460367515,1.5739244845270473,0.0,13.516726160428258,12.009310734759572,224.05588030450696,226.7325116762816,0.0
0.28700000000000003,2.9130304168668024,-1.353492622751641,3.7231365725208674,0.0,13.500951485903705,12.262323149699263,222.98270795791717,226.7325116762816,0.0
0.28800000000000003,3.057418520307011,-1.348174794140909,4.297220782999404,0.0,13.511852953411246,12.514463170659331,226.24086993132318,226.7325116762816,0.0
0.289,3.2295170046930344,-1.368455878874804,2.6730562137459866,0.0,13.549162373870868,12.540593439303425,223.89295965663445,226.7325116762816,0.0
0.29,3.296820637086378,-1.3425098698523805,3.875406871286823,0.0,13.582297007309135,12.71065942643169,218.4774365647441,226.7325116762816,0.0
0.291,3.421534292879157,-1.29904121574427,6.665719168347373,0.0,13.624602684254741,13.148897658478932,224.06656005727564,226.7325116762816,0.0
0.292,3.6889058182466608,-1.3246494251385266,3.8978169382716614,0.0,13.709753206284955,13.187006535504578,222.05205311118837,226.7325116762816,0.0
0.293,3.7936206885022896,-1.2959393268159052,4.951874996966227,0.0,13.786785370905282,13.364600065313399,216.98894129856478,226.7325116762816,0.0
0.294,3.9466094267298337,-1.2266096844310217,7.58086660705519,0.0,13.866534512365348,13.795004342623743,222.9089069501302,226.7325116762816,0.0
0.295,4.216950526606652,-1.2431213064725184,4.659119828534001,0.0,13.983858742258853,13.814453411006657,216.25237191997425,226.7325116762816,0.0
0.296,4.333628377301292,-1.1757745061687663,8.092188741175043,0.0,14.083822191747469,14.240413891138711,220.56926110939574,226.7325116762816,0.0
0.297,4.612640917965251,-1.1560115207943722,5.9953766521331575,0.0,14.214884883912289,14.339270048319323,214.61580223613905,226.7325116762816,0.0
0.298,4.7686784533412645,-1.1047043949287543,9.09327318316293,0.0,14.337280768587213,14.788709594817325,218.98643608836394,226.7325116762816,0.0
0.299,5.080600830270578,-1.0877067223820034,6.985417012929657,0.0,14.491024346722956,14.909850544988593,212.82355226564022,226.7325116762816,0.0
0.3,5.271805047519326,-1.0252041366196727,10.0,0.0,14.634802354353862,15.369021208108308,217.4531795061551,226.7325116762816,0.0
0.301,5.5949272288822804,-1.0216286204575113,7.979809249473803,0.0,14.810351346613437,15.510654395473129,212.771418249464,226.7325116762816,0.0
0.302,5.823507746437573,-0.9347546370742847,10.0,0.0,14.972988375373,15.876189418273112,212.35989674073613,226.7325116762816,0.0
0.303,6.106633875560323,-0.9208595343573189,10.0,0.0,15.155255482071567,16.172374665135838,217.0994305032702,226.7325116762816,0.0
0.304,6.399954623307722,-0.8754876273483614,8.511133996036936,0.0,15.344062444042741,16.26395881658523,218.79261056616514,226.7325116762816,0.0
0.305,6.498313743113569,-0.9347823202870926,7.743942975690636,0.0,15.530123260255088,16.287876601187158,225.7377091992283,226.7325116762816,0.0
0.306,6.4802455586577805,-1.0337571992292958,4.281341683929586,0.0,15.710264063060645,15.957765548548082,230.0109197360868,226.7325116762816,0.0
0.307,6.274804099790789,-1.011659826899546,2.1119523349022837,0.0,15.835959220576049,15.497090744608888,230.12932626104765,226.7325116762816,0.0
0.308,5.91030663601231,-0.985788155355054,2.0187809265742,0.0,15.900392471799394,15.144538281816299,232.82323275006473,226.7325116762816,0.0
0.309,5.577443848633662,-0.9513514211934075,0.6109204713278285,0.0,15.919597827578807,14.712721386405342,235.65373732101546,226.7325116762816,0.0
0.31,5.20384517922463,-0.937308440917501,-0.8935440705948716,0.0,15.892500597750457,14.212361446815606,235.50362744275816,226.7325116762816,0.0
0.311,4.807742737834904,-0.8883747895652285,-0.9062002891309886,0.0,15.812834825099962,13.812815521441035,236.86344576882587,226.7325116762816,0.0
0.312,4.4503110249390465,-0.8787083185213274,-1.6874187930902864,0.0,15.700607061875768,13.394806602093363,236.74268746797674,226.7325116762816,0.0
0.313,4.111440235884638,-0.8664489273431009,-1.7271414005826715,0.0,15.556549314720051,13.04451996624049,236.96470268214998,226.7325116762816,0.0
0.314,3.815646350094206,-0.8749833723228853,-1.9404709177279749,0.0,15.392930061554184,12.720935817992682,236.6492255936324,226.7325116762816,0.0
0.315,3.553442472242976,-0.8929125627222834,-1.8818995126426916,0.0,15.215201185374257,12.447808796689625,236.20362146695575,226.7325116762816,0.0
0.316,3.3310613802824824,-0.9223455515299073,-1.7538085472111122,0.0,15.030990831546859,12.219565763382652,235.66269869872974,226.7325116762816,0.0
0.317,3.1469657536478475,-0.9604496606596358,-1.572649033322588,0.0,14.846274331887702,12.032399342907262,235.06373807917018,226.7325116762816,0.0
0.318,2.997366033399744,-1.0045638357793185,-1.3564809875716923,0.0,14.665784358318788,11.882059817368152,234.41117537656183,226.7325116762816,0.0
0.319,2.87765950769299,-1.0524187206707865,-1.1069862732703202,0.0,14.493132325139715,11.765659705766966,233.69890873067246,226.7325116762816,0.0
0.32,2.7845398665671874,-1.1013067882402194,-0.8205169208695429,0.0,14.331004622702151,11.681697178895831,233.01835479019837,226.7325116762816,0.0
0.321,2.715834387664045,-1.1493015599498024,-0.5430983817716681,0.0,14.181483982033601,11.624195886512904,232.48583114692659,226.7325116762816,0.0
0.322,2.667973164255024,-1.1934091167848058,-0.33436975484222486,0.0,14.045537159728363,11.582256302658633,231.90963569770236,226.7325116762816,0.0
0.323,2.633543383489937,-1.2314325483688282,-0.09804327044431771,0.0,13.922732563174112,11.55813328562381,230.92397447817436,226.7325116762816,0.0
0.324,2.610355216288594,-1.2652610228103938,0.3528727113007539,0.0,13.813137022444534,11.573586004369522,229.8782513666711,226.7325116762816,0.0
0.325,2.610643360613701,-1.2973734229596878,0.8442768701484913,0.0,13.719240386934493,11.625815617275727,228.66596234948364,226.7325116762816,0.0
0.326,2.6365437603153263,-1.3286679526354725,1.4310868720102001,0.0,13.643077650528923,11.720221501432693,227.63314687323412,226.7325116762816,0.0
0.327,2.692661774401898,-1.3579527964020555,1.9384882581654304,0.0,13.58688016369717,11.841602598439353,227.07149056073735,226.7325116762816,0.0
0.328,2.7713256640606,-1.3836123124589095,2.2159266255692627,0.0,13.550970233577852,11.962578195893453,228.45220816756193,226.7325116762816,0.0
0.329,2.857239550220719,-1.3975959126086457,1.5083708572441643,0.0,13.532030457071773,11.978595833819387,228.7520298393373,226.7325116762816,0.0
0.33,2.883178769926127,-1.3936251186644009,1.3382648397259262,0.0,13.516009798673533,11.97748745075237,224.4209982845706,226.7325116762816,0.0
0.331,2.89556283385013,-1.353132354088153,3.5268957510263843,0.0,13.497065871644466,12.216235445735874,222.5407002112156,226.7325116762816,0.0
0.332,3.028764895252966,-1.3456219135458771,4.508962902354541,0.0,13.503469916002775,12.500826939936147,226.17786854222098,226.7325116762816,0.0
0.333,3.2155366166293335,-1.3698954213513845,2.6959251681924625,0.0,13.540437895609303,12.529131998143736,224.9519261095723,226.7325116762816,0.0
0.334,3.285750531116936,-1.3509876292462752,3.326702240183895,0.0,13.57421699086632,12.639963390372028,218.72333275137711,226.7325116762816,0.0
0.335,3.379531261648199,-1.3004589059574294,6.521090708530531,0.0,13.61033223417975,13.07855077248784,223.13804937911823,226.7325116762816,0.0
0.336,3.6422781297588602,-1.3159817106477092,4.349677017631608,0.0,13.688907487122231,13.178127201854215,223.37915051166715,226.7325116762816,0.0
0.337,3.774582174433897,-1.3016671264985649,4.262660063003293,0.0,13.767853025403788,13.275819809244918,216.54630869692775,226.7325116762816,0.0
0.338,3.8913821088694265,-1.2291228773806144,7.780943000166529,0.0,13.840836549034787,13.747994050017795,222.38502501587203,226.7325116762816,0.0
0.339,4.179878980895279,-1.2392188829869404,4.905059707298486,0.0,13.955575147487847,13.798152570910872,217.28553669354022,226.7325116762816,0.0
0.34,4.307305099820795,-1.1943939621198036,7.549273618291803,0.0,14.058824036833457,14.163259558336346,219.29736488240454,226.7325116762816,0.0
0.341,4.568018849565474,-1.1535818617953217,6.617710991798417,0.0,14.184217654160031,14.345862456646975,216.77603490891946,226.7325116762816,0.0
0.342,4.750779964960228,-1.1278547692808727,7.977940746214579,0.0,14.312910340411669,14.66418874091393,217.61268391263934,226.7325116762816,0.0
0.343,5.015588123103076,-1.0731502415427905,7.650814521991061,0.0,14.454806159338794,14.88666419692884,214.17696687641433,226.7325116762816,0.0
0.34400000000000003,5.226620168210727,-1.0464177765866634,9.494228488102241,0.0,14.602366416106907,15.286563044369023,217.25466361548115,226.7325116762816,0.0
0.34500000000000003,5.542807697264708,-1.0141172839745878,8.050158599176832,0.0,14.771874802404454,15.451275897554229,211.4284168342017,226.7325116762816,0.0
0.34600000000000003,5.764588973449029,-0.9497446868235241,10.0,0.0,14.934145654630273,15.82415749194074,214.39347942584507,226.7325116762816,0.0
0.34700000000000003,6.057670799817765,-0.9299577388629772,9.734855506155288,0.0,15.115944742768013,16.097292515641307,214.7438758471774,226.7325116762816,0.0
0.34800000000000003,6.350127264358166,-0.8635000087433151,9.679543653780163,0.0,15.299764943628478,16.328621694127023,218.2031413874668,226.7325116762816,0.0
0.34900000000000003,6.522616127135269,-0.9419791543038746,8.035204586523623,0.0,15.497633325564324,16.358826585715665,225.5628413238964,226.7325116762816,0.0
0.35000000000000003,6.534521434330232,-1.0431320426826258,4.367051321832664,0.0,15.689077384731508,16.019159662731916,229.20842864486707,226.7325116762816,0.0
0.35100000000000003,6.331661028873444,-1.0198858262943924,2.5194984916614773,0.0,15.823841732997103,15.588488256963538,229.81644234878522,226.7325116762816,0.0
0.352,5.981849960908006,-0.9980859033793255,2.184652332977368,0.0,15.89989697650253,15.23245349086664,233.26162200561046,226.7325116762816,0.0
0.353,5.651581836570188,-0.9602901894114899,0.39677140127145627,0.0,15.928803689740413,14.75914066782667,234.78653014435707,226.7325116762816,0.0
0.354,5.255221036543586,-0.9363005289522294,-0.4462228527826033,0.0,15.905227543839665,14.301496246545154,235.63937743114172,226.7325116762816,0.0
0.355,4.872747470152428,-0.8917519118220099,-0.9617151537235307,0.0,15.833584119121117,13.877092926541518,236.77366832590346,226.7325116762816,0.0
0.356,4.505166714634535,-0.879419888770933,-1.6292721676006154,0.0,15.725753668509737,13.45629839499237,236.70900833924307,226.7325116762816,0.0
0.357,4.1613158343323615,-0.8641927050670609,-1.6967071409000365,0.0,15.585075139827667,13.100205783890889,237.01928102660784,226.7325116762816,0.0
0.358,3.859835584913892,-0.8714095636093127,-1.954711178085685,0.0,15.423801329180343,12.76767280530694,236.70761182465415,226.7325116762816,0.0
0.359,3.5908640426085126,-0.887176502007474,-1.8986275785925648,0.0,15.24706379637773,12.487587046992159,236.28666840439067,226.7325116762816,0.0
0.36,3.3624161057651913,-0.91514907433133,-1.7836974357419133,0.0,15.062910754595542,12.252357148576937,235.75309952845384,226.7325116762816,0.0
0.361,3.172627166934811,-0.9522929567756636,-1.6071188762952247,0.0,14.877456128495696,12.059101579838574,235.16198490038923,226.7325116762816,0.0
0.362,3.0181579577182367,-0.9957963915253634,-1.395856294503993,0.0,14.695635347130018,11.903192927392139,234.52082494782445,226.7325116762816,0.0
0.363,2.894157509253099,-1.0435101465000898,-1.1531594509370326,0.0,14.52121925735599,11.781372446267238,233.80994804242204,226.7325116762816,0.0
0.364,2.79708442467717,-1.0925160534295522,-0.8684953618972293,0.0,14.356976240659357,11.692616520454823,233.1170218316341,226.7325116762816,0.0
0.365,2.7248389561437527,-1.141005704608531,-0.5858773580567891,0.0,14.205125735611551,11.631529495778965,232.55561823241362,226.7325116762816,0.0
0.366,2.674136677699981,-1.1861240501847563,-0.3634066240078675,0.0,14.06682970010253,11.587866519716364,232.03226416712826,226.7325116762816,0.0
0.367,2.6382628966559136,-1.2252675903493264,-0.15472711627365365,0.0,13.941851576500488,11.55890936934981,231.1326478004518,226.7325116762816,0.0
0.368,2.6120043901799512,-1.260327037295748,0.25107970582287864,0.0,13.829940653984462,11.565431774914897,229.9914527614191,226.7325116762816,0.0
0.369,2.607625728592586,-1.2909885834535997,0.7890878144878442,0.0,13.732895239884446,11.6154527391139,228.87734562661007,226.7325116762816,0.0
0.37,2.63041007619036,-1.3238375437308032,1.3246930423890824,0.0,13.653863233783243,11.701753494613863,227.71057269599436,226.7325116762816,0.0
0.371,2.6815655010726953,-1.3533434027556106,1.8982988974998083,0.0,13.594281658732113,11.823862312475793,227.19588223187358,226.7325116762816,0.0
0.372,2.7592103680143394,-1.3805042226642241,2.1510104240042764,0.0,13.555561754571993,11.941834919296047,228.23371801827275,226.7325116762816,0.0
0.373,2.8438284895773904,-1.394911888312351,1.6170804673847794,0.0,13.533824336532113,11.974347319822556,229.17446462804077,226.7325116762816,0.0
0.374,2.877607415712451,-1.3958067217710322,1.1222876329831815,0.0,13.51746625537285,11.94947732561522,224.7698956321884,226.7325116762816,0.0
0.375,2.8795788709437216,-1.35399444221374,3.3441982913502994,0.0,13.495648683822884,12.174937552662994,222.18804969334707,226.7325116762816,0.0
0.376,3.002088621314244,-1.3448557774237013,4.680565880600308,0.0,13.497971761801363,12.486994970096383,225.82639664724945,226.7325116762816,0.0
0.377,3.198571724412435,-1.3764105543792131,2.870453553939437,0.0,13.534830685838346,12.535214877921996,225.7470339928984,226.7325116762816,0.0
0.378,3.2827787910694686,-1.3626690179115577,2.919989657948798,0.0,13.570998591473188,12.598550835775086,219.76106961874598,226.7325116762816,0.0
0.379,3.3556346421558625,-1.3053133898178084,5.982686265600362,0.0,13.603711598604225,12.988399181254996,222.42139933129394,226.7325116762816,0.0
0.38,3.588629147461746,-1.305700503636194,4.6956325327762585,0.0,13.672754278371105,13.145430279140076,224.27536444010622,226.7325116762816,0.0
0.381,3.7413472290610352,-1.298560088766258,3.7932214507318744,0.0,13.749806483175925,13.192798809593821,217.3813603722646,226.7325116762816,0.0
0.382,3.8366178654493996,-1.2245251739233736,7.333734997692855,0.0,13.815817884061628,13.632663719282107,221.17727330077602,226.7325116762816,0.0
0.383,4.105504016178789,-1.223588132455189,5.491330917192197,0.0,13.91985191041451,13.768448923549096,218.54926621098417,226.7325116762816,0.0
0.384,4.267157290434812,-1.2003153984830937,6.887166916741097,0.0,14.024510424236558,14.057932012119197,217.49421586894454,226.7325116762816,0.0
0.385,4.504032747362682,-1.1470682673691386,7.507075045834286,0.0,14.142026938450599,14.358724409899748,218.76281380335251,226.7325116762816,0.0
0.386,4.737172071871477,-1.1448327812876165,6.952473057359588,0.0,14.278157608863463,14.55070734817381,214.50039708031292,226.7325116762816,0.0
0.387,4.954916981785339,-1.0697688108459078,9.206002564839071,0.0,14.411638824174666,14.9689187785238,217.1915817763465,226.7325116762816,0.0
0.388,5.2450339822178025,-1.0829604948486549,7.955819515821628,0.0,14.575794785934473,15.168866335954773,215.1297820449335,226.7325116762816,0.0
0.389,5.492363248032074,-1.0071735620503874,9.102746677841612,0.0,14.735061427813562,15.479593502895758,213.04332749553683,226.7325116762816,0.0
0.39,5.744523112713239,-0.9917820291477464,10.0,0.0,14.908538922907523,15.83713891869098,215.94533824694838,226.7325116762816,0.0
0.391,6.0586544111464296,-0.9488928946584299,8.934074837048005,0.0,15.095859320606825,16.01802039708894,211.16560379426866,226.7325116762816,0.0
0.392,6.301043240354513,-0.8678305146375132,10.0,0.0,15.274047855918576,16.303935328742718,216.979434951318,226.7325116762816,0.0
0.393,6.493980748058181,-0.938007289529815,8.640634108088795,0.0,15.471539099902891,16.400088883467216,227.70679822659034,226.7325116762816,0.0
0.394,6.560423720852451,-1.027369845145367,3.267209604949546,0.0,15.668024688330021,15.92351381876116,225.79355851405603,226.7325116762816,0.0
0.395,6.297302557521464,-0.9873301195998825,4.233218992838955,0.0,15.791906216077663,15.703847854761996,231.39700527403463,226.7325116762816,0.0
0.396,6.03383714594675,-1.009879452613279,1.384850676872127,0.0,15.884313818537562,15.221906014942176,232.66489822483655,226.7325116762816,0.0
0.397,5.675122974760415,-0.9464097316470592,0.6915803359856163,0.0,15.912079314133067,14.786446969727237,233.99688539152032,226.7325116762816,0.0
0.398,5.286332275704936,-0.9252010675068316,-0.047056984508657695,0.0,15.891824099801763,14.36217281193207,235.3159163109525,226.7325116762816,0.0
0.399,4.922886692186575,-0.8895914722924594,-0.7924064905714565,0.0,15.827462022291899,13.939789583217795,236.3104150177498,226.7325116762816,0.0
0.4,4.56188865566199,-0.8805820677254591,-1.3854348773847822,0.0,15.72666289111136,13.531504170317637,236.44380563855896,226.7325116762816,0.0
0.401,4.225506426923102,-0.8687656033232118,-1.5492431274121392,0.0,15.59390541472029,13.175270826750605,236.9042403517172,226.7325116762816,0.0
0.402,3.9246650730740593,-0.8773780826570096,-1.8811777707456128,0.0,15.439865888982363,12.83623906827076,236.67990177277608,226.7325116762816,0.0
0.403,3.6512160318729934,-0.8917038138028122,-1.8684823822399999,0.0,15.268816845602935,12.547493353227686,236.34387190993647,226.7325116762816,0.0
0.404,3.4155953784283093,-0.9170937885940983,-1.796581053156744,0.0,15.088647774972735,12.301483279131986,235.84669108616788,226.7325116762816,0.0
0.405,3.216584633523522,-0.951732439393463,-1.6391324353713133,0.0,14.905450955835999,12.09819261545348,235.25389387085298,226.7325116762816,0.0
0.406,3.053236972721867,-0.9926401391226172,-1.4279476496595755,0.0,14.7243982127073,11.93454531171872,234.6334513720623,226.7325116762816,0.0
0.40700000000000003,2.921868052261366,-1.0386411121451764,-1.1967357972220425,0.0,14.549737043553186,11.805296024598217,233.93652580456728,226.7325116762816,0.0
0.40800000000000003,2.8182953948455047,-1.0865596204739814,-0.920313154757392,0.0,14.384428088788376,11.70967922453223,233.23761483031564,226.7325116762816,0.0
0.40900000000000003,2.7402652749013607,-1.1345145221440254,-0.6359086991719094,0.0,14.23088420359386,11.643161059305811,232.64849723086448,226.7325116762816,0.0
0.41000000000000003,2.6847925591482635,-1.1798227392598335,-0.40050975499215946,0.0,14.090547245262197,11.596311858919902,232.1793446797213,226.7325116762816,0.0
0.41100000000000003,2.6460072687764615,-1.2193603938962918,-0.22040180945497312,0.0,13.96345512256396,11.561283422090078,231.3078394989905,226.7325116762816,0.0
0.41200000000000003,2.6163257331841856,-1.2537043693220413,0.16959750268334872,0.0,13.848951829203035,11.561024577564691,230.26535227006912,226.7325116762816,0.0
0.41300000000000003,2.6068665892240253,-1.2851981818269158,0.6555127112061605,0.0,13.748993860346943,11.599635658451566,229.13451747803109,226.7325116762816,0.0
0.41400000000000003,2.6224136461557204,-1.3172626203566034,1.196910049207681,0.0,13.666104946578363,11.677279621756998,227.78452808046356,226.7325116762816,0.0
0.41500000000000004,2.666714481841495,-1.3468618271975503,1.8613845839496244,0.0,13.602204588884392,11.801830901440512,227.2797582703689,226.7325116762816,0.0
0.41600000000000004,2.744122765108335,-1.375428530376239,2.1082970230560876,0.0,13.559995740209411,11.91998073753807,228.01572651165057,226.7325116762816,0.0
0.417,2.828961638252188,-1.3919494424018852,1.7274807540615567,0.0,13.535354393302724,11.969177597964753,229.54865849742325,226.7325116762816,0.0
0.418,2.8716355971224012,-1.3977551877714274,0.9328532929638014,0.0,13.518570289999758,11.923544032883012,225.13656018428225,226.7325116762816,0.0
0.419,2.8645703109057674,-1.3561301231558098,3.154861964454296,0.0,13.494264425957509,12.134366563526612,222.16629089449327,226.7325116762816,0.0
0.42,2.976089750766345,-1.3455451879024038,4.685658817166666,0.0,13.492723309152128,12.45550603053825,225.60889466775842,226.7325116762816,0.0
0.421,3.174824373011001,-1.3773386361181617,2.9755931006193235,0.0,13.527053379384714,12.520216627772545,226.49542373825435,226.7325116762816,0.0
0.422,3.267955488181383,-1.3679858961853129,2.534699444751634,0.0,13.5630747664427,12.542234450880414,220.502527546102,226.7325116762816,0.0
0.423,3.321887589783732,-1.3051522563233957,5.593447382129609,0.0,13.590877624120193,12.901522620028981,221.7764778727299,226.7325116762816,0.0
0.424,3.534584471071278,-1.2962052736020122,5.006032556851163,0.0,13.651473181244056,13.109601811950434,224.5824576981947,226.7325116762816,0.0
0.425,3.70764253756611,-1.2968142623126213,3.624543183899637,0.0,13.726973560433063,13.139933539118683,217.638043509723,226.7325116762816,0.0
0.426,3.796711748657613,-1.230168631730751,7.187694959801079,0.0,13.79061996516888,13.572476688012568,220.7487443689063,226.7325116762816,0.0
0.427,4.063628040732299,-1.2242647947510916,5.692182203283177,0.0,13.891173078558563,13.739522141497362,219.79534866890094,226.7325116762816,0.0
0.428,4.23714064553867,-1.2113184677994469,6.238251683359663,0.0,13.997010368362874,13.958523907738286,215.90404567401478,226.7325116762816,0.0
0.429,4.443059708843569,-1.1450948654023605,8.292187840825411,0.0,14.107008972816676,14.365765537940531,219.62594841833473,226.7325116762816,0.0
0.43,4.719804214282217,-1.1606062539080766,6.502302101244907,0.0,14.249100368604928,14.497473367674225,213.4908320132272,226.7325116762816,0.0
0.431,4.914143925748846,-1.0892172495459216,9.702277100429221,0.0,14.382145503422826,14.98150573811251,218.87139282878167,226.7325116762816,0.0
0.432,5.235208250735378,-1.105383796089754,7.090607881126982,0.0,14.552781571966207,15.077782342239814,213.254485103938,226.7325116762816,0.0
0.433,5.43443895559719,-1.0153541733962093,10.0,0.0,14.705916770106253,15.508939983792839,215.58029136984945,226.7325116762816,0.0
0.434,5.733179580090089,-1.015859872298639,8.981784239195402,0.0,14.887810135693798,15.740328564481745,215.95443138450685,226.7325116762816,0.0
0.435,6.003037732343676,-0.941531828501593,8.902495034784451,0.0,15.066471880984782,15.941530978280378,208.62165631078298,226.7325116762816,0.0
0.436,6.225967969248011,-0.8796322575509814,10.0,0.0,15.241322020759931,16.24017401890913,219.06798148872795,226.7325116762816,0.0
0.437,6.44667330896694,-0.9135701222694017,7.548474015698394,0.0,15.432903611448978,16.223746576527148,223.57579774867946,226.7325116762816,0.0
0.438,6.476131084564111,-0.9534395202172297,5.32613302499866,0.0,15.607730553957994,16.007144486399817,224.23853516427457,226.7325116762816,0.0
0.439,6.315417081241932,-0.9913746854356758,5.019704082321179,0.0,15.747188767397931,15.836174643870011,233.1012687927342,226.7325116762816,0.0
0.44,6.128452240318191,-1.0199458739861842,0.524649696926835,0.0,15.858367654329264,15.223814906438959,230.4884592055074,226.7325116762816,0.0
0.441,5.716105921559213,-0.9475333961424526,1.7934950152479727,0.0,15.888941594376034,14.911821006967664,235.07187647572258,226.7325116762816,0.0
0.442,5.373928146614422,-0.9431085649892004,-0.5816072678540194,0.0,15.88549614382259,14.39365027918009,234.34374343088382,226.7325116762816,0.0
0.443,4.978204859027212,-0.8877404837448206,-0.2936530629806633,0.0,15.824531924920374,14.022485848368154,236.26414960785377,226.7325116762816,0.0
0.444,4.629930630597478,-0.8845540261613312,-1.3491725307813591,0.0,15.732750855305449,13.597707687491782,236.12416258733006,226.7325116762816,0.0
0.445,4.288408648283446,-0.8700231523620356,-1.3730955296299907,0.0,15.606103545022295,13.24823757631646,236.7226261965684,226.7325116762816,0.0
0.446,3.987792461821246,-0.8793536535272539,-1.7722284794520275,0.0,15.45834561851608,12.907036911426117,236.62836204383598,226.7325116762816,0.0
0.447,3.7120053501804398,-0.893544094686265,-1.8240549067613605,0.0,15.292711061687301,12.610801363284246,236.3682563611598,226.7325116762816,0.0
0.448,3.4705166044780205,-0.9175806402342461,-1.7903595122720577,0.0,15.116518521325904,12.355656562851467,235.91866361469405,226.7325116762816,0.0
0.449,3.2640330647750053,-0.9499159638985679,-1.657424658423305,0.0,14.935747275104964,12.142991170314598,235.37021778705667,226.7325116762816,0.0
0.45,3.092392850802068,-0.9891631629627732,-1.469578805712366,0.0,14.755780452912845,11.96966447580903,234.74854104334693,226.7325116762816,0.0
0.451,2.9529170201166393,-1.0332640290049042,-1.238900727528148,0.0,14.580936266763372,11.832795837843628,234.0688961039482,226.7325116762816,0.0
0.452,2.842481881469933,-1.08005551645548,-0.9724421021054432,0.0,14.414595690391451,11.729886420018756,233.37143604130654,226.7325116762816,0.0
0.453,2.7582943544226497,-1.1274853381122654,-0.690101314434866,0.0,14.259347595381977,11.657183063317452,232.75577668910017,226.7325116762816,0.0
0.454,2.6975183181068556,-1.172946992652877,-0.4425042884598698,0.0,14.116880457986216,11.60648098649014,232.308306930446,226.7325116762816,0.0
0.455,2.6551339351580725,-1.2131280441528627,-0.27452736167443126,0.0,13.987555125766894,11.56665841705384,231.50150213398845,226.7325116762816,0.0
0.456,2.6220724750888778,-1.2478690836042623,0.08118513197727806,0.0,13.87059977365053,11.558547093151194,230.4671886173435,226.7325116762816,0.0
0.457,2.6076541493932135,-1.2792141926497407,0.5609951208891304,0.0,13.76762937595603,11.590028741496797,229.39820748707007,226.7325116762816,0.0
0.458,2.6178971742111385,-1.3115503841993719,1.0688287279179671,0.0,13.681347712845534,11.657857866135508,228.05708202311266,226.7325116762816,0.0
0.459,2.6555390018056086,-1.340942352118058,1.726145756428362,0.0,13.613386883065521,11.773464278277947,227.3276055679415,226.7325116762816,0.0
0.46,2.7259990751642387,-1.3700339382655993,2.084933045097339,0.0,13.566688932274802,11.89623320790312,227.08632876771466,226.7325116762816,0.0
0.461,2.8108600251663294,-1.3899351354383769,2.2020332742964297,0.0,13.538835885353201,12.002718498045267,229.5515869843055,226.7325116762816,0.0
0.462,2.8863376145175503,-1.4036748436871238,0.9412134129207779,0.0,13.525729028073611,11.948454842109118,226.60533874246778,226.7325116762816,0.0
0.463,2.878300402169243,-1.3742544450500014,2.41560926317777,0.0,13.50513284999578,12.07473747743247,222.43637517213108,226.7325116762816,0.0
0.464,2.9445329366452446,-1.351721015572276,4.543052413387626,0.0,13.497040080001902,12.398241068520381,224.52771360433275,226.7325116762816,0.0
0.465,3.1365797961784536,-1.3686713954691911,3.519431178006281,0.0,13.524196822199638,12.53424942690217,227.60233301228303,226.7325116762816,0.0
0.466,3.264305054527234,-1.3697978508105089,1.9734232606711268,0.0,13.562193132304355,12.487418655289467,221.58209425282922,226.7325116762816,0.0
0.467,3.28703524059919,-1.3094893479006986,5.035046814632553,0.0,13.585061534363836,12.800086194073184,220.0378963173039,226.7325116762816,0.0
0.468,3.4716883751711354,-1.2831639842570506,5.874091935984988,0.0,13.634617145124043,13.125368004051438,223.7800993521584,226.7325116762816,0.0
0.46900000000000003,3.6943557261642863,-1.3054022906625942,4.032514541798971,0.0,13.714454843147092,13.18946635227038,219.38583519736258,226.7325116762816,0.0
0.47000000000000003,3.808839746283405,-1.2652034492403175,6.303113383986071,0.0,13.78807435056923,13.512953713348997,219.7166904914041,226.7325116762816,0.0
0.47100000000000003,4.034907736141725,-1.2315033329601386,6.207843948814083,0.0,13.883375618980416,13.75454602408795,221.5525431189096,226.7325116762816,0.0
0.47200000000000003,4.230222368221819,-1.226304202605348,5.341717320635059,0.0,13.993071088448154,13.867964066215933,215.00854435759496,226.7325116762816,0.0
0.47300000000000003,4.3825775301676915,-1.1513699427158246,8.730956374479245,0.0,14.09494803789762,14.347681491789292,220.74535573292297,226.7325116762816,0.0
0.47400000000000003,4.687728584788905,-1.1633053518840486,5.922422246248823,0.0,14.236671272566879,14.414740660717603,213.91273356835126,226.7325116762816,0.0
0.47500000000000003,4.849060727203079,-1.0936889849806741,9.466931109613984,0.0,14.363150946210986,14.89255252735313,219.12160666265646,226.7325116762816,0.0
0.47600000000000003,5.165625469971778,-1.094336348320505,6.9386036125976345,0.0,14.525531212790648,14.988461261103655,212.6179893747916,226.7325116762816,0.0
0.47700000000000004,5.356027487055153,-1.0134482520345707,10.0,0.0,14.672360161862546,15.435275451270028,216.40342185876142,226.7325116762816,0.0
0.47800000000000004,5.66474957121542,-1.0140727069709756,8.535500986144358,0.0,14.850065206049756,15.628326852842012,214.54016475071785,226.7325116762816,0.0
0.47900000000000004,5.919770693565229,-0.931062548567035,9.58905300942178,0.0,15.020167524001645,15.92541422875772,210.06630122334477,226.7325116762816,0.0
0.48,6.17737041057731,-0.9033743086236796,10.0,0.0,15.20075274294019,16.21868598996004,216.8059210425087,226.7325116762816,0.0
0.481,6.433205009733663,-0.9014672228440077,8.682249936840705,0.0,15.392673719068778,16.326061311345605,224.2928237456274,226.7325116762816,0.0
0.482,6.530923184704509,-0.9673095164151178,4.96319546458789,0.0,15.583401852873683,16.037782053634015,223.5664139245898,226.7325116762816,0.0
0.483,6.361696051531735,-0.986094230972519,5.3580613526236105,0.0,15.72763714319254,15.897621493879265,231.95117199332034,226.7325116762816,0.0
0.484,6.179041798974585,-1.02658079125001,1.1134957150879492,0.0,15.84769852298899,15.33344933657214,230.56950932077285,226.7325116762816,0.0
0.485,5.7981383968350535,-0.9554822646294571,1.7659570749167828,0.0,15.891110845544045,14.991989770641684,234.27916924415777,226.7325116762816,0.0
0.486,5.4468262700447765,-0.9486714134009042,-0.1643394624544383,0.0,15.89599777088161,14.504995460776186,234.42500330413517,226.7325116762816,0.0
0.487,5.0624314020543695,-0.8977407610782712,-0.31418140872167566,0.0,15.846162309455675,14.108779939926357,236.22480125394472,226.7325116762816,0.0
0.488,4.703135080418573,-0.890004358954909,-1.309003279403079,0.0,15.761347144376996,13.674949085406668,236.1165617612925,226.7325116762816,0.0
0.489,4.352237028986006,-0.8706464566542242,-1.3487240339270796,0.0,15.639578405122379,13.316604557981474,236.77793300615357,226.7325116762816,0.0
0.49,4.042650095590268,-0.8768319595241008,-1.7798638696563356,0.0,15.495026071389399,12.965435017147573,236.71115987122246,226.7325116762816,0.0
0.491,3.7582798355178397,-0.8878447643027273,-1.8462637841401888,0.0,15.330961570443277,12.660119464061838,236.48072999570473,226.7325116762816,0.0
0.492,3.508875773570864,-0.9096672845439505,-1.8285310295755561,0.0,15.155062313461938,12.396134362550455,236.03204881525247,226.7325116762816,0.0
0.493,3.2950266793537466,-0.9405652165242852,-1.6971858107391302,0.0,14.973535019343021,12.176257851762852,235.48181606616382,226.7325116762816,0.0
0.494,3.1175557713250135,-0.9786393211586303,-1.509562480093627,0.0,14.79205197574721,11.996924685765748,234.88648200049911,226.7325116762816,0.0
0.495,2.9732293241785563,-1.0225960334599322,-1.2934351505034511,0.0,14.61523841721807,11.85337550506306,234.20762988052797,226.7325116762816,0.0
0.496,2.8580979471707293,-1.0693869551671027,-1.028760272560345,0.0,14.446458730736355,11.744674036854962,233.50211304495954,226.7325116762816,0.0
0.497,2.769738094901229,-1.1171835078559662,-0.7436978684629083,0.0,14.288476577660695,11.667243132470361,232.85750749720646,226.7325116762816,0.0
0.498,2.705415580789041,-1.1636021676546746,-0.482645052795613,0.0,14.143177636505115,11.613814166928718,232.35984716366457,226.7325116762816,0.0
0.499,2.6606204922661023,-1.2054800137661819,-0.29008824089849927,0.0,14.011208069385209,11.574053159574097,231.6585460977805,226.7325116762816,0.0
0.5,2.627449765122371,-1.2416623713915573,0.011301947828552539,0.0,13.892020639119506,11.559499477984536,230.67295033669004,226.7325116762816,0.0
0.501,2.6096804702034317,-1.2739224631079153,0.4646954417696936,0.0,13.786483370233974,11.582964719143265,229.63913878127318,226.7325116762816,0.0
0.502,2.6149417401581667,-1.3061530295974302,0.9525349484282084,0.0,13.697069113749533,11.641901687446374,228.31760755806178,226.7325116762816,0.0
0.503,2.6463255304692392,-1.3355449780931519,1.5974496012161037,0.0,13.625400788413492,11.748666145776145,227.44391883995783,226.7325116762816,0.0
0.504,2.710295151199019,-1.3646178008971281,2.027179888631316,0.0,13.57447983246751,11.871685690449963,227.28792644275984,226.7325116762816,0.0
0.505,2.7926786574075937,-1.3874300974100358,2.0996219395655293,0.0,13.543171550971886,11.97256001831477,229.126334476,226.7325116762816,0.0
0.506,2.8679605766343528,-1.3969390549427445,1.1564796949482599,0.0,13.525899392775777,11.948288841773435,227.3469429536421,226.7325116762816,0.0
0.507,2.8721131696155595,-1.37891001088089,2.0400311433536107,0.0,13.505849048323013,12.03163568280171,223.15412191844658,226.7325116762816,0.0
0.508,2.9203305294057325,-1.3521758526662304,4.172225558529721,0.0,13.493377955455358,12.325086292820101,223.71580030520494,226.7325116762816,0.0
0.509,3.093331277077546,-1.3591255395476303,3.921553478861309,0.0,13.512530840015414,12.520500950988604,227.12315711088593,226.7325116762816,0.0
0.51,3.2458578402714817,-1.3698614772502722,2.2139686216747707,0.0,13.550421358214782,12.497913903827804,222.81081435893572,226.7325116762816,0.0
0.511,3.2835443800556883,-1.3273510677417437,4.409356970823335,0.0,13.577480615455169,12.737322926436912,218.92313904208547,226.7325116762816,0.0
0.512,3.436294964590951,-1.28985727403484,6.4312883555904214,0.0,13.622075636019764,13.139529842441004,223.95839739556305,226.7325116762816,0.0
0.513,3.689429649311963,-1.319908023053212,3.941400321658813,0.0,13.706112366457392,13.18555126184704,220.7239630554127,226.7325116762816,0.0
0.514,3.7988345115223225,-1.286377066330448,5.618702977942681,0.0,13.782358653062175,13.435273196890844,218.2352318414245,226.7325116762816,0.0
0.515,3.9890902552266487,-1.2321103677285075,6.9480413832853465,0.0,13.870318477231873,13.777267681930232,221.91993875781026,226.7325116762816,0.0
0.516,4.223150463986232,-1.2406127804504303,5.153813654277185,0.0,13.985159699873977,13.859356201111813,216.10157598387167,226.7325116762816,0.0
0.517,4.3646616447029185,-1.1746997194730198,8.169304398170578,0.0,14.089390191335278,14.28114062196656,220.79104145086242,226.7325116762816,0.0
0.518,4.6444595240263915,-1.162628916239184,5.883986366929394,0.0,14.224707417989991,14.360267104088086,214.25283986788222,226.7325116762816,0.0
0.519,4.796585190805983,-1.0988822853812454,9.277883876503491,0.0,14.347514148829347,14.827258722475975,219.290097795956,226.7325116762816,0.0
0.52,5.109922953392891,-1.0911721080186565,6.833679051269854,0.0,14.504528715222246,14.9240844490208,212.5386311707769,226.7325116762816,0.0
0.521,5.29522640770128,-1.0163675713506068,10.0,0.0,14.647373000370484,15.382416409815038,216.9703081458359,226.7325116762816,0.0
0.522,5.611550612355597,-1.0164427055021519,8.22610769331112,0.0,14.822522363206666,15.5494656118527,213.42608723010525,226.7325116762816,0.0
0.523,5.854657817494114,-0.9303510539627193,10.0,0.0,14.987390876952151,15.906613356254189,211.5866199983645,226.7325116762816,0.0
0.524,6.136367107419412,-0.9186342383394308,10.0,0.0,15.171059380560068,16.198237304682788,218.51153515376538,226.7325116762816,0.0
0.525,6.416558651699274,-0.8909313331530764,7.795604482292212,0.0,15.362593277235788,16.208578224709935,220.12248191551848,226.7325116762816,0.0
0.526,6.475606645468149,-0.9261194054268065,7.056231399023295,0.0,15.540155593248613,16.174057994547653,223.77938723767295,226.7325116762816,0.0
0.527,6.412500669061239,-1.0103756422481032,5.257309982332146,0.0,15.70542595997154,15.977790531341997,232.55822721376157,226.7325116762816,0.0
0.528,6.257496716498752,-1.0213361399649517,0.8096328389130365,0.0,15.834905636082254,15.362840954537818,229.3206851766513,226.7325116762816,0.0
0.529,5.840518936267326,-0.9593007461213217,2.402522122464476,0.0,15.883008888601502,15.086346411949805,237.21121493850498,226.7325116762816,0.0
0.53,5.52123273508337,-0.9471430940952998,-1.6475297910846005,0.0,15.8979353738256,14.411828749874527,232.49008889568302,226.7325116762816,0.0
0.531,5.043915886885396,-0.8663906049391035,0.6554574581323678,0.0,15.835156247032845,14.149396610368482,235.3661515372703,226.7325116762816,0.0
0.532,4.7260140361580065,-0.8732769867336766,-0.8689102612711599,0.0,15.75397684585772,13.74641548560524,235.7022823862966,226.7325116762816,0.0
0.533,4.404800083810847,-0.8672961790781497,-1.126673392884455,0.0,15.639890519663732,13.3946587821683,236.55265485274617,226.7325116762816,0.0
0.534,4.106811832817889,-0.8813435466636235,-1.6500610578738932,0.0,15.50364217425641,13.041240672708696,236.55967987393802,226.7325116762816,0.0
0.535,3.824320091602601,-0.8933667378833425,-1.7518452504463826,0.0,15.346858929802163,12.731671364144997,236.4728478888102,226.7325116762816,0.0
0.536,3.5715711977487636,-0.9148808994199317,-1.8058326200077612,0.0,15.177043404793805,12.457437354177987,236.08219091731334,226.7325116762816,0.0
0.537,3.350070024070696,-0.9431984978188082,-1.7040009266696452,0.0,14.99968582549809,12.227224192835692,235.58190313085262,226.7325116762816,0.0
0.538,3.1633872880609126,-0.978815165144818,-1.542350947984997,0.0,14.820677345419597,12.03737985964429,234.99557647935796,226.7325116762816,0.0
0.539,3.0098423131322143,-1.0201228148820176,-1.331818270268431,0.0,14.644772954827637,11.885184326408206,234.33794436829282,226.7325116762816,0.0
0.54,2.886678199227377,-1.0650197916712842,-1.079056541655973,0.0,14.47576504092072,11.768328973586987,233.6416378721433,226.7325116762816,0.0
0.541,2.7911618776197966,-1.1115555188707456,-0.7999945555398238,0.0,14.316642343346413,11.683702720081634,232.98109390669217,226.7325116762816,0.0
0.542,2.7205893823930123,-1.1574207938919308,-0.5322083951183667,0.0,14.169549113159338,11.62510049121346,232.4636980790194,226.7325116762816,0.0
0.543,2.6710167603608332,-1.199506062728195,-0.33082234530935883,0.0,14.03547570992593,11.581871029559439,231.85207490814915,226.7325116762816,0.0
0.544,2.6348327121761113,-1.23594403107351,-0.07620639219291148,0.0,13.914074024680087,11.5590355871722,230.85319389770615,226.7325116762816,0.0
0.545,2.6116720949094643,-1.268406407733092,0.3820272908143436,0.0,13.8057354454692,11.576388893516212,229.823338518362,226.7325116762816,0.0
0.546,2.6125118276169026,-1.3002597713398052,0.8660467120656175,0.0,13.713145301043948,11.62950883404182,228.57155835838128,226.7325116762816,0.0
0.547,2.6391666590667286,-1.3306243176443286,1.4735463252349765,0.0,13.638147731571214,11.727118895176055,227.5691263126863,226.7325116762816,0.0
0.548,2.6970211896809326,-1.3597833131492767,1.9663962017184162,0.0,13.583314769201678,11.84950923347801,227.057103402362,226.7325116762816,0.0
0.549,2.77689000710674,-1.3847106780446208,2.2191617396197647,0.0,13.548654557082726,11.968845927506434,228.62412730248292,226.7325116762816,0.0
0.55,2.8619538782510383,-1.3982004784158788,1.4167336332972935,0.0,13.530628639970399,11.973429846194023,228.42939868743971,226.7325116762816,0.0
0.551,2.88202802882679,-1.3909948654061397,1.4971290707073144,0.0,13.513936191003273,11.991263042628054,224.17916152849617,226.7325116762816,0.0
0.552,2.9024211961707183,-1.3529005627738113,3.6477811516569427,0.0,13.49657798941681,12.239368942150252,222.8199313121329,226.7325116762816,0.0
0.553,3.0432119009663383,-1.347498872228503,4.366522063480066,0.0,13.505552955007554,12.503200365198559,226.14107852836398,226.7325116762816,0.0
0.554,3.2201648462478847,-1.3705138461521127,2.7118627868437013,0.0,13.5425992303811,12.53428929601986,224.25560780992342,226.7325116762816,0.0
0.555,3.290806413506431,-1.347780835468991,3.679367184727562,0.0,13.576318990385044,12.68294499488435,218.3998188860345,226.7325116762816,0.0
0.556,3.40445169184918,-1.3027517993081443,6.690588574574495,0.0,13.616806480404183,13.129871843821995,223.85467872554116,226.7325116762816,0.0
0.557,3.674792593960765,-1.3258418988565386,3.9919369843285657,0.0,13.700928107627098,13.180589821593413,222.5641913864015,226.7325116762816,0.0
0.558,3.7852761515679014,-1.3014097648557112,4.678863856797204,0.0,13.778790934169294,13.327746853868327,216.53229736214504,226.7325116762816,0.0
0.559,3.9230449613450733,-1.2296376438263898,7.796813012066791,0.0,13.855932569311543,13.79002987042552,222.9684889550796,226.7325116762816,0.0
0.56,4.207160023980066,-1.24732135281989,4.61635744281153,0.0,13.974251271794866,13.802894175878365,216.59072939907153,226.7325116762816,0.0
0.561,4.320726190907516,-1.185521443237631,7.9066550435876675,0.0,14.075049707431152,14.210390085076515,220.24110781085102,226.7325116762816,0.0
0.562,4.592632898653873,-1.1574087128794737,6.14637987635223,0.0,14.204043489180053,14.331908926331998,215.34846270498227,226.7325116762816,0.0
0.5630000000000001,4.753573231098626,-1.1145113309129457,8.706542918999599,0.0,14.32785219216688,14.73841157850893,218.6555768006135,226.7325116762816,0.0
0.5640000000000001,5.049785699387481,-1.0834436317030112,7.133755219940671,0.0,14.47694181697928,14.887062590256557,212.95500237825453,226.7325116762816,0.0
0.5650000000000001,5.243552871009673,-1.0326193874511895,10.0,0.0,14.620707590609612,15.348420001912237,217.73241153946535,226.7325116762816,0.0
0.5660000000000001,5.5745398500428935,-1.0233965851929523,7.820677594381167,0.0,14.795726262236585,15.47515944136928,212.25904169916612,226.7325116762816,0.0
0.5670000000000001,5.792695151768968,-0.9403821360756117,10.0,0.0,14.956877649266247,15.84755827931804,213.12373096900285,226.7325116762816,0.0
0.5680000000000001,6.078445292181513,-0.9245246578533783,10.0,0.0,15.138239603274535,16.147788185690587,215.23426359264442,226.7325116762816,0.0
0.5690000000000001,6.379362395521575,-0.8709245897590812,9.443678642342498,0.0,15.325750919811107,16.344692567521097,218.0824579675284,226.7325116762816,0.0
0.5700000000000001,6.530416267021345,-0.9565286134972268,8.106081991988042,0.0,15.52415398616921,16.38547847002823,227.61522089724377,226.7325116762816,0.0
0.5710000000000001,6.546270081980143,-1.050952189605702,3.3308734349207327,0.0,15.71632588927677,15.929895733216128,228.06130712608177,226.7325116762816,0.0
0.5720000000000001,6.282140410258501,-1.0066866346931294,3.0945423660037314,0.0,15.83790888159089,15.590056930424756,230.71225194226417,226.7325116762816,0.0
0.5730000000000001,5.9573772316495415,-1.0017747541154498,1.7292725552527046,0.0,15.913252043080046,15.181626591580269,234.12994024635,226.7325116762816,0.0
0.5740000000000001,5.614087639267763,-0.9512728045589594,-0.05354588249089387,0.0,15.9347117588904,14.673630496100762,234.5490490753113,226.7325116762816,0.0
0.5750000000000001,5.196180837383485,-0.9176429001646587,-0.3412656709618407,0.0,15.900031623583958,14.247295841679327,235.69857944422733,226.7325116762816,0.0
0.5760000000000001,4.822817791305436,-0.880601782454224,-1.0056915330993141,0.0,15.82244781246181,13.826807859268719,236.55981408517104,226.7325116762816,0.0
0.577,4.462883652771906,-0.870843738959207,-1.5345818776600622,0.0,15.709870610603469,13.424935739484559,236.68311788336217,226.7325116762816,0.0
0.578,4.13174172541266,-0.8623247958333491,-1.6957398388264329,0.0,15.56752441364366,13.072380909834473,236.95151085504767,226.7325116762816,0.0
0.579,3.8370678516332926,-0.8724867276569939,-1.932126316456844,0.0,15.40536035534667,12.745558717367867,236.63812847112695,226.7325116762816,0.0
0.58,3.5735493712532054,-0.8903246794322455,-1.8744912924449348,0.0,15.228591039009766,12.469946349839852,236.22107690224155,226.7325116762816,0.0
0.581,3.3492630833135113,-0.9195774120606242,-1.760851160261835,0.0,15.044976838625121,12.23817865860054,235.69084799285187,226.7325116762816,0.0
0.582,3.162551131189722,-0.9573574477124258,-1.585320068732699,0.0,14.860410565750424,12.047693787047283,235.09878969281684,226.7325116762816,0.0
0.583,3.010322471205221,-1.0011042304269142,-1.3729536988805338,0.0,14.679686778749945,11.89428379820739,234.45519944315137,226.7325116762816,0.0
0.584,2.888140420302224,-1.04874769828574,-1.1283854517164986,0.0,14.50649768520285,11.774839012040438,233.74671513265255,226.7325116762816,0.0
0.585,2.792657531286082,-1.097538271365698,-0.8442853310307994,0.0,14.343573550753982,11.688106423222012,233.06290151629693,226.7325116762816,0.0
0.586,2.7217815791633977,-1.1456131850461222,-0.5656824212531415,0.0,14.193068905642198,11.628401524552558,232.51620960443165,226.7325116762816,0.0
0.587,2.672086778027641,-1.1900753426512753,-0.3501734446020013,0.0,14.056054323374417,11.585294278176427,231.9546498300846,226.7325116762816,0.0
0.588,2.636429335085175,-1.2288289559609602,-0.12161493896650866,0.0,13.93224875058381,11.55920801477684,230.98168738086633,226.7325116762816,0.0
0.589,2.6120052832832017,-1.2629418565877293,0.3223745285967805,0.0,13.821579991668152,11.57223314808254,229.95358306114736,226.7325116762816,0.0
0.59,2.610783522075392,-1.2951120799403821,0.8042159746076116,0.0,13.726478217537155,11.621341709766515,228.78096746887636,226.7325116762816,0.0
0.591,2.634422107024387,-1.3267818999033856,1.3700392128171646,0.0,13.648959454950061,11.71083891765546,227.6903051518571,226.7325116762816,0.0
0.592,2.687356477588413,-1.3558088103023516,1.9057924365710353,0.0,13.591018551354823,11.831322755815082,227.11669373947944,226.7325116762816,0.0
0.593,2.7644990314939974,-1.3820439714138848,2.1887563221278863,0.0,13.553515720553358,11.951776277748962,228.26629898817902,226.7325116762816,0.0
0.594,2.8500464282191573,-1.3962256616156048,1.598615824659126,0.0,13.533106159336489,11.980050282731455,229.0608611416792,226.7325116762816,0.0
0.595,2.8820596659339177,-1.3954712679014527,1.17805125325506,0.0,13.517340154528991,11.960429251032881,224.65082482069968,226.7325116762816,0.0
0.596,2.8864486188117846,-1.3533335925560923,3.403886282300636,0.0,13.496561046681531,12.190078568493053,222.24891914481523,226.7325116762816,0.0
0.597,3.0121359147029616,-1.344250168988575,4.649675045557525,0.0,13.500246981525866,12.495681744071018,225.95207603778613,226.7325116762816,0.0
0.598,3.207454500768741,-1.3724289098004632,2.805900955457032,0.0,13.537315136168548,12.535591986523668,225.55396069601775,226.7325116762816,0.0
0.599,3.285981744189594,-1.3578029662198732,3.0167441361438576,0.0,13.572776858390244,12.610163700056242,219.4910201098876,226.7325116762816,0.0
0.6,3.3634806187774964,-1.301632418390839,6.1206293448728815,0.0,13.606117078917633,13.012403751840587,222.51161110445446,226.7325116762816,0.0
0.601,3.6040370504242576,-1.3056517442623847,4.652542853307716,0.0,13.67735111389488,13.159539235604518,224.06316512143272,226.7325116762816,0.0
0.602,3.754136061540769,-1.2976282028621529,3.9034593103670767,0.0,13.755252510938059,13.217260922775615,217.25750698711843,226.7325116762816,0.0
0.603,3.854711909459852,-1.2236481746700112,7.401038424415852,0.0,13.823078369306895,13.65966276574876,221.29559363292424,226.7325116762816,0.0
0.604,4.125743174914417,-1.2243638290681542,5.436364281946522,0.0,13.929180348401875,13.784709382728542,218.12521461951448,226.7325116762816,0.0
0.605,4.283703195961413,-1.1973039918734358,7.107626759219072,0.0,14.034193052649941,14.096681860183898,218.00044973779285,226.7325116762816,0.0
0.606,4.529811958777231,-1.1488001823767406,7.2573298194647755,0.0,14.154836913546042,14.36222070847355,218.36889667980378,226.7325116762816,0.0
0.607,4.748085007530517,-1.1406809676628191,7.156742498424086,0.0,14.289562197657936,14.579159474372222,215.32709352553394,226.7325116762816,0.0
0.608,4.974767182336305,-1.0671604042598724,8.791698257066486,0.0,14.424502760121317,14.945975590012175,216.38745044723194,226.7325116762816,0.0
0.609,5.242624875175929,-1.0695992770523381,8.36497040850798,0.0,14.583634359543568,15.199117004942313,216.07735567315578,226.7325116762816,0.0
0.61,5.508511383233384,-1.0048444850623182,8.62656935557732,0.0,14.74501952466977,15.449331662026951,211.6493109245184,226.7325116762816,0.0
0.611,5.740791553763681,-0.9740442173297605,10.0,0.0,14.91254715746114,15.816232797653788,215.47183600809842,226.7325116762816,0.0
0.612,6.050058022162067,-0.9356742558288418,9.17293947755719,0.0,15.096099447448283,16.02678910926562,211.74786145797142,226.7325116762816,0.0
0.613,6.311432962833149,-0.8557164830514111,10.0,0.0,15.273940484207381,16.308233702618292,216.40581210162523,226.7325116762816,0.0
0.614,6.49740230658467,-0.9450261782008239,8.935369463627374,0.0,15.472765520820051,16.436095097680234,227.74879162487144,226.7325116762816,0.0
0.615,6.577433706121093,-1.0468720165537633,3.25371690251837,0.0,15.67480413854497,15.94977362002749,226.4586549351227,226.7325116762816,0.0
0.616,6.314898238341491,-1.0043754005785908,3.9015238148043343,0.0,15.802313660591329,15.69004265332617,231.27218560655032,226.7325116762816,0.0
0.617,6.02978323272173,-1.0172964285254218,1.449361739787833,0.0,15.892945412996825,15.221557134065337,233.16329563195725,226.7325116762816,0.0
0.618,5.6696943969164035,-0.9540253146223898,0.4394988875276109,0.0,15.920576405426882,14.759178670855055,234.21206803838407,226.7325116762816,0.0
0.619,5.266820433982961,-0.9264360077946425,-0.1596828793068239,0.0,15.896804339680887,14.330705034944252,235.4652239933595,226.7325116762816,0.0
0.62,4.896462830666879,-0.8884261580018089,-0.8735879799653161,0.0,15.828656926509472,13.906874409381269,236.4167285053504,226.7325116762816,0.0
0.621,4.533313800013089,-0.8779347879585055,-1.4461824042514495,0.0,15.724167239892072,13.49900858673131,236.53940774003357,226.7325116762816,0.0
0.622,4.196866277851724,-0.8663748273801695,-1.6055909822305567,0.0,15.58817325770823,13.14304911548098,236.93504188002385,226.7325116762816,0.0
0.623,3.8969817125103208,-0.87501614864233,-1.9054333542631183,0.0,15.431248871562362,12.807320444959448,236.67742009647475,226.7325116762816,0.0
0.624,3.6261041947446975,-0.8902683612831601,-1.8760715466905005,0.0,15.258035387156795,12.522498106729607,236.3092293817919,226.7325116762816,0.0
0.625,3.393785541090126,-0.9169562614812853,-1.7877433664041842,0.0,15.076444164264185,12.281105412362301,235.79527004136645,226.7325116762816,0.0
0.626,3.198802608501734,-0.9525620937721108,-1.6213912798423036,0.0,14.89252255677411,12.082233248909587,235.21160390302776,226.7325116762816,0.0
0.627,3.039239587334795,-0.9945960351018157,-1.4143491329404223,0.0,14.711373568911142,11.92156935934921,234.58125104627436,226.7325116762816,0.0
0.628,2.9107956952448624,-1.0412113835837393,-1.1776600982636474,0.0,14.536980439798139,11.795355530222215,233.8785460863757,226.7325116762816,0.0
0.629,2.809808029487983,-1.0894821946488418,-0.8977679624152617,0.0,14.372248876416084,11.702569220005541,233.18373966199195,226.7325116762816,0.0
0.63,2.7340975224417012,-1.1375732543160901,-0.6148770300804869,0.0,14.21951914680331,11.638225744788185,232.60635246231692,226.7325116762816,0.0
0.631,2.6805060934500746,-1.1827211938106,-0.3849218381033248,0.0,14.080113405377805,11.592647758044045,232.11844411981957,226.7325116762816,0.0
0.632,2.6428849039340854,-1.2219600702754307,-0.19482699129003045,0.0,13.953955236436624,11.559900293618306,231.23742816157718,226.7325116762816,0.0
0.633,2.614647496918819,-1.2561765053354068,0.20063182297820692,0.0,13.840509557038928,11.56214118271891,230.17962782368744,226.7325116762816,0.0
0.634,2.6068736636102425,-1.2875789426159985,0.6950608304490213,0.0,13.741744638241329,11.603818765242579,229.02468869650232,226.7325116762816,0.0
0.635,2.6245698345364694,-1.3194905299281448,1.249608623839372,0.0,13.660220219807389,11.685483747697385,227.7117556573861,226.7325116762816,0.0
0.636,2.6716670647333673,-1.3490453424848616,1.8962827035864356,0.0,13.597946654970446,11.8114147272892,227.26105482388806,226.7325116762816,0.0
0.637,2.7505268810106602,-1.3773591678456394,2.1163476888593946,0.0,13.557312517240494,11.928062052532155,228.18935105414886,226.7325116762816,0.0
0.638,2.8349911342011476,-1.3928428434429736,1.637631179950323,0.0,13.533826591869929,11.965619295956907,229.28596518601518,226.7325116762816,0.0
0.639,2.871239377239962,-1.396060882513695,1.0637895789198284,0.0,13.516644130920705,11.935594147275506,224.90704241835226,226.7325116762816,0.0
0.64,2.870967067042245,-1.3551230757009447,3.2715056553305786,0.0,13.493642062058152,12.155832888334945,222.19128409063376,226.7325116762816,0.0
0.641,2.989731339387722,-1.3461011905583395,4.674797095046309,0.0,13.494381044890238,12.470965652946823,225.76979280416563,226.7325116762816,0.0
0.642,3.186782922568332,-1.378251490450774,2.8951699270015316,0.0,13.5301861577399,12.524379105072233,226.04476065351747,226.7325116762816,0.0
0.643,3.2736515953657976,-1.3661555005056856,2.7645635125532535,0.0,13.566100042624251,12.571876251185287,220.1387246077677,226.7325116762816,0.0
0.644,3.3389240656724724,-1.3066879207060258,5.783519406113278,0.0,13.59675177975296,12.945294998605798,222.16847604911518,226.7325116762816,0.0
0.645,3.561547634881305,-1.3025893329345342,4.8142840417112005,0.0,13.66182404905398,13.123795728067392,224.3993176901854,226.7325116762816,0.0
0.646,3.7221410034026787,-1.2985915856519599,3.7221951610370554,0.0,13.737840398047693,13.165077153437533,217.53530399088405,226.7325116762816,0.0
0.647,3.815097528153849,-1.2278843586035484,7.246174087541707,0.0,13.802645437176544,13.59977135785487,221.00565281311407,226.7325116762816,0.0
0.648,4.0819614750798845,-1.2248466695542386,5.5682682650583715,0.0,13.904812319309311,13.749241747090796,219.1819150174033,226.7325116762816,0.0
0.649,4.2483225546707555,-1.206252333294391,6.555643129502539,0.0,14.0096945520543,14.003740999644359,216.73376198020378,226.7325116762816,0.0
0.65,4.4697611853855275,-1.1459238886515686,7.879707145063077,0.0,14.123088301232034,14.356357204701563,219.10018134740292,226.7325116762816,0.0
0.651,4.723917483486913,-1.1523199903044292,6.772820764752292,0.0,14.261711151625958,14.524310215697028,213.52994840585532,226.7325116762816,0.0
0.652,4.933759378859357,-1.0787439600888562,9.689962868230356,0.0,14.395109693739798,15.00074366030808,218.43418118777532,226.7325116762816,0.0
0.653,5.250544811537669,-1.1031028813594643,7.320829782155418,0.0,14.566226967745273,15.120349575525491,213.76648091056148,226.7325116762816,0.0
0.654,5.46544019081167,-1.0123972578489466,9.784340228419538,0.0,14.721971898073088,15.519313469178156,214.72954568753946,226.7325116762816,0.0
0.655,5.750716965074462,-1.0099926684197604,9.422837499817973,0.0,14.902681276131277,15.800323570513353,216.44885939008245,226.7325116762816,0.0
0.656,6.038309358599025,-0.9505316658538496,8.66601717140847,0.0,15.086904062129213,15.962885995136752,209.77650616913763,226.7325116762816,0.0
0.657,6.257268116461597,-0.8681219694177837,10.0,0.0,15.260490355407384,16.260711230897122,217.62727606645518,226.7325116762816,0.0
0.658,6.458672651782691,-0.9247629473457164,8.293986167652761,0.0,15.453555147470203,16.325146311258475,226.02841454154657,226.7325116762816,0.0
0.659,6.521559761537163,-0.9896647218587225,4.100457901454417,0.0,15.640329753780039,15.953312855111847,224.7534524173779,226.7325116762816,0.0
0.66,6.302353028539894,-0.9826052789157058,4.757729556127788,0.0,15.769817997375355,15.776316981614155,232.5017415966663,226.7325116762816,0.0
0.661,6.080446571539452,-1.0170881951116582,0.8258926672797373,0.0,15.872521544472363,15.213112388445833,231.41042241960488,226.7325116762816,0.0
0.662,5.692076359624232,-0.9415442377754992,1.3247731483772154,0.0,15.899979613073894,14.85119548985391,234.41068016705228,226.7325116762816,0.0
0.663,5.330207828441182,-0.9318432086569428,-0.2521374102541878,0.0,15.888188511326403,14.385688958031889,234.7326099773701,226.7325116762816,0.0
0.664,4.954798237719137,-0.8889222992932718,-0.4931032984239785,0.0,15.826401576832648,13.99249319677255,236.39034125312423,226.7325116762816,0.0
0.665,4.603323432419319,-0.884426881888893,-1.4185472320694776,0.0,15.73140847284148,13.567957277046222,236.281676249111,226.7325116762816,0.0
0.666,4.261205142249894,-0.8698798327767259,-1.4597063757911553,0.0,15.601905866048508,13.21522083628612,236.80872615067764,226.7325116762816,0.0
0.667,3.959457184014715,-0.8782002794368012,-1.8239934713184365,0.0,15.451140595482547,12.874918882356123,236.66170745439945,226.7325116762816,0.0
0.668,3.68429258335932,-0.8923276196758624,-1.8497760809605173,0.0,15.282892459539884,12.581628007146918,236.36031472552733,226.7325116762816,0.0
0.669,3.445135225301809,-0.9168472634877596,-1.795357747016916,0.0,15.104695937087484,12.330640912074355,235.88717618351015,226.7325116762816,0.0
0.67,3.2419169435390613,-0.950345791748993,-1.650335121080611,0.0,14.922659999043676,12.122303617190685,235.31229057736257,226.7325116762816,0.0
0.671,3.074172855128658,-0.9902736136527073,-1.448690107017633,0.0,14.742051000442688,11.953746850186091,234.70017809071066,226.7325116762816,0.0
0.672,2.9386078348291127,-1.0354079383398218,-1.2223105278359694,0.0,14.567212722497885,11.820104874940055,234.0109312528125,226.7325116762816,0.0
0.673,2.831273539261242,-1.0827497402551076,-0.9504713046521944,0.0,14.401250329786764,11.72043291049201,233.3101366365175,226.7325116762816,0.0
0.674,2.7498605977880186,-1.1304434166585422,-0.6658502461070612,0.0,14.246689866287175,11.650603908032162,232.70573535929998,226.7325116762816,0.0
0.675,2.6915362213298253,-1.1758876338115267,-0.42338184432847825,0.0,14.105124476014359,11.601728625074202,232.25245534074648,226.7325116762816,0.0
0.676,2.6508621763801883,-1.2158203534273513,-0.25194127169637737,0.0,13.976766253459235,11.563909011536374,231.42941538636413,226.7325116762816,0.0
0.677,2.6189765963321467,-1.250913949637829,0.11260966839397346,0.0,13.86092286019284,11.558522408136229,230.3302435123983,226.7325116762816,0.0
0.678,2.606712996800775,-1.2815623503739242,0.626218287015714,0.0,13.75914553403193,11.595971704544912,229.27692502005914,226.7325116762816,0.0
0.679,2.6204836296297014,-1.3145486494771754,1.1274333997475252,0.0,13.674612879021979,11.667858509304427,227.93824068349096,226.7325116762816,0.0
0.68,2.661378685582126,-1.3440572869460343,1.784718277959521,0.0,13.608638257119514,11.787031803736514,227.30552350015597,226.7325116762816,0.0
0.681,2.7347251572710105,-1.3728847648974405,2.0953467513882718,0.0,13.564054363050472,11.907627428503943,227.61582840168026,226.7325116762816,0.0
0.682,2.8195476036986276,-1.390981138713763,1.9313611333721403,0.0,13.537690747205357,11.981963394281507,229.64044623568378,226.7325116762816,0.0
0.683,2.876412235207233,-1.4007609847346871,0.8899728707763579,0.0,13.522291908846654,11.927909664189762,225.71063723823409,226.7325116762816,0.0
0.684,2.8667382560284103,-1.3634096746925062,2.8650961138816817,0.0,13.498821138749792,12.107031646663614,222.3119705983152,226.7325116762816,0.0
0.685,2.9606655742710846,-1.348102846843666,4.608634844620782,0.0,13.494299405947055,12.427503637032173,225.2864586467941,226.7325116762816,0.0
0.686,3.155782721115367,-1.3742737915130014,3.135851350676212,0.0,13.525308917653557,12.51551107047185,227.0606757438095,226.7325116762816,0.0
0.687,3.2596890939582015,-1.3684584811516078,2.2454611614932354,0.0,13.561116827946934,12.505125096323269,220.88212181274525,226.7325116762816,0.0
0.6880000000000001,3.2983980661248538,-1.3045313936444045,5.3932420256607205,0.0,13.585331523273934,12.851299384359232,221.09813186899956,226.7325116762816,0.0
0.6890000000000001,3.501991269212464,-1.2892892568860588,5.341580795606388,0.0,13.640704813703486,13.106109006558677,224.48123092228715,226.7325116762816,0.0
0.6900000000000001,3.6955680464233014,-1.2991128458068761,3.672544076502536,0.0,13.717254753458903,13.138640055317932,218.20123457291405,226.7325116762816,0.0
0.6910000000000001,3.789106410724763,-1.2416181406656206,6.897855022222765,0.0,13.782980150659954,13.538694112096017,220.4053536184897,226.7325116762816,0.0
0.6920000000000001,4.043448789430661,-1.2269506713774878,5.859067080012858,0.0,13.881099939248429,13.731753241801474,220.61756303651333,226.7325116762816,0.0
0.6930000000000001,4.224746163725499,-1.2178270392310935,5.814111857398723,0.0,13.987856737105378,13.903361954944401,214.94855544592443,226.7325116762816,0.0
0.6940000000000001,4.407462582892393,-1.1455721430280554,8.766455214996746,0.0,14.093241924230055,14.375406965755248,220.56010309030594,226.7325116762816,0.0
0.6950000000000001,4.7110619174898405,-1.1696235220299063,6.022405478665746,0.0,14.238661294375586,14.44784832701103,213.9318578610672,226.7325116762816,0.0
0.6960000000000001,4.880784028081494,-1.0937835421934452,9.464534631437267,0.0,14.368199952060108,14.918028754504865,218.93093048375383,226.7325116762816,0.0
0.6970000000000001,5.1912280223810985,-1.097978208876626,7.043014132019226,0.0,14.53302259985908,15.020904840287026,212.9098194181798,226.7325116762816,0.0
0.6980000000000001,5.386504423233394,-1.0130949459141423,10.0,0.0,14.682271485863659,15.46108326859217,215.9036131859102,226.7325116762816,0.0
0.6990000000000001,5.691123055404596,-1.0142129625838665,8.799352756678033,0.0,14.861585140561601,15.678972401691734,215.33560783811714,226.7325116762816,0.0
0.7000000000000001,5.956623217548675,-0.937243782285925,9.1973244689562,0.0,15.036278553100226,15.92262851622082,209.1631294101121,226.7325116762816,0.0
0.7010000000000001,6.194743487590395,-0.8924054891376199,10.0,0.0,15.213705715394564,16.22016472375974,218.0246094443037,226.7325116762816,0.0
0.7020000000000001,6.438251465796874,-0.8999000337214906,8.066411360731983,0.0,15.404416565049065,16.26056384624198,221.98628137539657,226.7325116762816,0.0
0.7030000000000001,6.49822789943059,-0.9541858427985854,6.133037698194401,0.0,15.585992735538985,16.118496597037364,224.68064736216488,226.7325116762816,0.0
0.704,6.381147552051078,-1.0187966099834367,4.806373347951416,0.0,15.741768890359015,15.895672950448919,233.0760026889577,226.7325116762816,0.0
0.705,6.190666505843669,-1.0249840409457818,0.5452607744282503,0.0,15.859719574772203,15.275035656025228,230.1796396591609,226.7325116762816,0.0
0.706,5.762123782004561,-0.9577017791168747,1.9589710094978519,0.0,15.896348538190903,14.97161130023834,236.53987734287284,226.7325116762816,0.0
0.707,5.421994864910113,-0.9480815365808106,-1.3192214890240326,0.0,15.89858676562837,14.36058275282591,233.5829951572905,226.7325116762816,0.0
0.708,4.97815661811045,-0.8715960144645649,0.09071476895705066,0.0,15.831181110573418,14.044176714238624,235.96022937693607,226.7325116762816,0.0
0.709,4.642406816112149,-0.8734298958913902,-1.1901795178722798,0.0,15.739841999343346,13.630167075625348,235.95280880301584,226.7325116762816,0.0
0.71,4.311298160002167,-0.8632283511346337,-1.278672202179508,0.0,15.61509532663744,13.284563691497006,236.6434874508678,226.7325116762816,0.0
0.711,4.015600422984063,-0.8763691903507731,-1.7231212838513539,0.0,15.469810490550639,12.942257170880971,236.56927201182506,226.7325116762816,0.0
0.712,3.740860940694559,-0.8915285738975265,-1.784381167685416,0.0,15.306359609808887,12.644623087994493,236.3689219101654,226.7325116762816,0.0
0.713,3.4985271408270977,-0.9160881028890164,-1.7805702191944208,0.0,15.132040363206263,12.385348451657366,235.94520408402585,226.7325116762816,0.0
0.714,3.2892441260800793,-0.948095618625318,-1.6608382302020877,0.0,14.952500809071273,12.168299557221431,235.41718260614877,226.7325116762816,0.0
0.715,3.114087144127715,-0.9867445808080613,-1.4836742005622217,0.0,14.773141631588915,11.99046675805334,234.8113514562049,226.7325116762816,0.0
0.716,2.97088082844051,-1.030235972753529,-1.2615470233895212,0.0,14.59833265543017,11.849144795152494,234.1420206905362,226.7325116762816,0.0
0.717,2.8567732436298714,-1.076511223806947,-1.0009767306977224,0.0,14.431527744293632,11.742035362522529,233.44689708776693,226.7325116762816,0.0
0.718,2.76913197926027,-1.1236257023194822,-0.7205587834279332,0.0,14.275412221133593,11.665696116547215,232.8183693763123,226.7325116762816,0.0
0.719,2.7052792687092975,-1.1691199520170623,-0.4671535047009212,0.0,14.131807548373638,11.612597029557609,232.35945430123962,226.7325116762816,0.0
0.72,2.6606614281825607,-1.2096730185387488,-0.2939653934141675,0.0,14.001259329011123,11.571233458797673,231.59931359504384,226.7325116762816,0.0
0.721,2.626055488885395,-1.2451434660111544,0.037436940496102356,0.0,13.883125793065618,11.559034273712163,230.55854764829797,226.7325116762816,0.0
0.722,2.609271922331013,-1.276320899292408,0.5195595541488709,0.0,13.778660505392326,11.587461250631367,229.54340339490483,226.7325116762816,0.0
0.723,2.6170847293943442,-1.3089927721393217,0.9990227636592115,0.0,13.690766575858632,11.649491483558418,228.21465276325728,226.7325116762816,0.0
0.724,2.650946129927715,-1.3382466950585694,1.6485766686132308,0.0,13.620756275363657,11.759538971701197,227.40675741094847,226.7325116762816,0.0
0.725,2.717282622931765,-1.367254828770035,2.045781887420964,0.0,13.571650109211536,11.8818193157744,227.38346451468192,226.7325116762816,0.0
0.726,2.7998352126911032,-1.3893598837569066,2.050918807170238,0.0,13.54182406879338,11.97513659786593,229.22905582265832,226.7325116762816,0.0
0.727,2.8700955281452023,-1.3984377310736502,1.1031577117182678,0.0,13.525089873281168,11.944931349206918,226.83594083236775,226.7325116762816,0.0
0.728,2.8714940233935287,-1.375496420981711,2.2986809153026915,0.0,13.504394249870991,12.057607137888619,222.65205942863022,226.7325116762816,0.0
0.729,2.9332776162983145,-1.3539519710656631,4.43142613964797,0.0,13.494895291280164,12.372810317736226,224.28955336916565,226.7325116762816,0.0
0.73,3.1206511429115147,-1.3681516559347195,3.6371087524514194,0.0,13.519643956367931,12.526847666906518,227.5867823987545,226.7325116762816,0.0
0.731,3.256161510146202,-1.372212228466947,1.9799515304322588,0.0,13.557626155993807,12.480579621988724,222.06381762074128,226.7325116762816,0.0
0.732,3.2793144318371974,-1.316887301444931,4.788120859994279,0.0,13.581056983467574,12.767015082283653,219.60554385568244,226.7325116762816,0.0
0.733,3.451203469171102,-1.2856357526822222,6.088527420729688,0.0,13.627903853129776,13.123436842791914,223.89007967213604,226.7325116762816,0.0
0.734,3.685830191528215,-1.3118010168370076,3.9746838325443443,0.0,13.708898906421236,13.179284204821888,219.8978421502778,226.7325116762816,0.0
0.735,3.7981236057827865,-1.2737328881986447,6.039149288733504,0.0,13.782930043794781,13.47586996369624,219.2853795847704,226.7325116762816,0.0
0.736,4.01088978185779,-1.232632793414919,6.419851892402316,0.0,13.87507631417858,13.749151547036485,221.82451214911023,226.7325116762816,0.0
0.737,4.217556652304798,-1.2317976427914332,5.199365605504111,0.0,13.985655250237281,13.845653387497174,215.50463932117077,226.7325116762816,0.0
0.738,4.362043151045081,-1.1593393558611924,8.471580743024951,0.0,14.086864416680086,14.301884619356981,220.75564493748197,226.7325116762816,0.0
0.739,4.656150704908773,-1.1610187889372132,5.905846602257345,0.0,14.224485110172253,14.37675377187783,214.02026990557926,226.7325116762816,0.0
0.74,4.814703593400346,-1.0952142694155054,9.40065653591573,0.0,14.348575358089144,14.853484770410482,219.2033607152719,226.7325116762816,0.0
0.741,5.132051050828371,-1.0937909507430463,6.884402640679497,0.0,14.50843116120886,14.94989297463682,212.57339846025658,226.7325116762816,0.0
0.742,5.320959210293721,-1.0161810312954087,10.0,0.0,14.65341934648672,15.4029177642632,216.7177813618158,226.7325116762816,0.0
0.743,5.633625049195452,-1.0171715681616855,8.362111254705507,0.0,14.830096250449195,15.581310997194596,213.9405554002735,226.7325116762816,0.0
0.744,5.8821470280533426,-0.931737842333049,9.878643798236745,0.0,14.997537172098758,15.918519305185127,210.93295732567822,226.7325116762816,0.0
0.745,6.155637360208791,-0.9153825199550261,10.0,0.0,15.181010084179116,16.209336014551685,217.6473524056041,226.7325116762816,0.0
0.746,6.423480082513097,-0.9018579134720692,8.243283664203446,0.0,15.37389322249875,16.26823818910246,222.30980573071182,226.7325116762816,0.0
0.747,6.5056285555179265,-0.9458353528814131,5.9562840611052845,0.0,15.558351028841361,16.1001777622398,222.9711956622626,226.7325116762816,0.0
0.748,6.387550975496657,-0.9931074868903769,5.663202255470081,0.0,15.712317172210327,15.971810174641151,232.53807294538663,226.7325116762816,0.0
0.749,6.2331059895410865,-1.0351616066002751,0.8217080012170164,0.0,15.842203174310537,15.357850582882687,229.97172076794612,226.7325116762816,0.0
0.75,5.831792345689704,-0.9583092387793365,2.0724919990206248,0.0,15.888830315367473,15.04687678377511,234.57418891714366,226.7325116762816,0.0
0.751,5.489089372617917,-0.9538146105361203,-0.30715884798676285,0.0,15.89997147697942,14.531077836134523,234.13798934245872,226.7325116762816,0.0
0.752,5.093021216022439,-0.8950814549116869,-0.16311383730606677,0.0,15.852002926829854,14.147754826558925,236.1190037608327,226.7325116762816,0.0
0.753,4.735351349238781,-0.8882326736918511,-1.247485967338565,0.0,15.770332896359745,13.7126288822958,235.98906743588338,226.7325116762816,0.0
0.754,4.384110826646535,-0.8685416806026122,-1.275083362459926,0.0,15.651219753082724,13.355716296066253,236.710678919958,226.7325116762816,0.0
0.755,4.0745038069485595,-0.8753989372531266,-1.7356707769340045,0.0,15.50927787367289,13.002739379431882,236.69069592337902,226.7325116762816,0.0
0.756,3.7888394554248515,-0.8862963106115008,-1.825261121115484,0.0,15.347362629043523,12.693943911275374,236.50199490324516,226.7325116762816,0.0
0.757,3.5367466475164027,-0.9077125291504206,-1.8286054433181889,0.0,15.173006172367138,12.425238058825784,236.07381609226152,226.7325116762816,0.0
0.758,3.3192579786886975,-0.9378061498845164,-1.707929081986169,0.0,14.992310912208797,12.200677814414032,235.539397810808,226.7325116762816,0.0
0.759,3.137904559969413,-0.9751538598905704,-1.5287888026046699,0.0,14.81103646551844,12.016776724917104,234.95351981101953,226.7325116762816,0.0
0.76,2.989814144210952,-1.0184887217392802,-1.3180598840578162,0.0,14.63389271225072,11.869003489493414,234.2829578218277,226.7325116762816,0.0
0.761,2.8712217434582135,-1.064876721520288,-1.0582833509173577,0.0,14.464355342124824,11.756325591670521,233.57976565613117,226.7325116762816,0.0
0.762,2.7796891825898093,-1.1125000991855436,-0.7751598078675928,0.0,14.305278610774602,11.675390228709393,232.92343998444557,226.7325116762816,0.0
0.763,2.7125339779926114,-1.159069534951262,-0.508906255106429,0.0,14.158662420420862,11.619569131179588,232.4159650880149,226.7325116762816,0.0
0.764,2.6656350419547055,-1.2014363379688398,-0.31200334100842975,0.0,14.025320393323796,11.578152640308764,231.7777099659906,226.7325116762816,0.0
0.765,2.630807851495862,-1.2386645931743008,-0.04332776289336726,0.0,13.904842359891779,11.558490881857082,230.72096914533464,226.7325116762816,0.0
0.766,2.6102950102958955,-1.27045172465449,0.4451580727440829,0.0,13.797570255868559,11.581702322673742,229.7445379159788,226.7325116762816,0.0
0.767,2.6145338568752363,-1.3034383527008508,0.903253425025023,0.0,13.706657164099624,11.636699637865219,228.46638942123658,226.7325116762816,0.0
0.768,2.6434624069128816,-1.3333866656685078,1.5249888949465862,0.0,13.633299561172715,11.737776108490872,227.54407105983788,226.7325116762816,0.0
0.769,2.70369791889242,-1.3624265340643502,1.978032481810378,0.0,13.580280267994922,11.858689990799691,226.86673332733622,226.7325116762816,0.0
0.77,2.783308281519406,-1.3865822700413664,2.3153591315506596,0.0,13.547021024639303,11.986631266393477,228.66328509529032,226.7325116762816,0.0
0.771,2.8720953988679065,-1.401699693256886,1.3977755133835226,0.0,13.531303192372565,11.985174546314463,228.35379593427902,226.7325116762816,0.0
0.772,2.890562036470583,-1.3924431488726356,1.5363072513091982,0.0,13.515842077210179,12.005562583407366,224.09102383008636,226.7325116762816,0.0
0.773,2.9117606647750756,-1.353416434677201,3.6941081818674824,0.0,13.499765504155663,12.25619130751942,222.89592812725948,226.7325116762816,0.0
0.774,3.054246565807111,-1.347444240652072,4.330021868771142,0.0,13.510092786616994,12.513060535338168,226.1750691780886,226.7325116762816,0.0
0.775,3.2281679793052644,-1.3685544183794813,2.696025768338516,0.0,13.547456105104333,12.541470364230069,223.98886894241048,226.7325116762816,0.0
0.776,3.2970373528593617,-1.3436905100030971,3.8165623135162847,0.0,13.580977942933451,12.704538106099422,218.41055756980677,226.7325116762816,0.0
0.777,3.4183925644601323,-1.2995686157821988,6.688937540882887,0.0,13.622849601886061,13.146746787582758,224.0035056215688,226.7325116762816,0.0
0.778,3.6874399095549872,-1.3244772526745063,3.919753575549004,0.0,13.707936132092101,13.1872061225082,222.15910945408436,226.7325116762816,0.0
0.779,3.793385274409016,-1.2968434747419708,4.887685681513194,0.0,13.785271140828588,13.357329031588112,216.84046889832086,226.7325116762816,0.0
0.78,3.9426653437317345,-1.2267916226418139,7.645926387174548,0.0,13.864455573647723,13.796538953219828,223.01375091000955,226.7325116762816,0.0
0.781,4.217030838216704,-1.2435507947847415,4.596472988992926,0.0,13.982186582804834,13.808036641413572,216.22001680352687,226.7325116762816,0.0
0.782,4.329844316902933,-1.1764948646575975,8.09846499096181,0.0,14.081750515830194,14.236205488191409,220.4568075903596,226.7325116762816,0.0
0.783,4.609616429751054,-1.1557438382778826,6.042826638404666,0.0,14.212562886630314,14.340726907166603,214.7688672377415,226.7325116762816,0.0
0.784,4.767717672408068,-1.1070142790363553,9.006433259099124,0.0,14.335593420995163,14.779837117562453,218.89505300462807,226.7325116762816,0.0
0.785,5.0762525275544945,-1.086627673866758,7.02171496237237,0.0,14.48847669198687,14.90702645986878,212.82924495603015,226.7325116762816,0.0
0.786,5.26806025563393,-1.0265197735517775,10.0,0.0,14.632382567127085,15.366230230612674,217.51416789969548,226.7325116762816,0.0
0.787,5.592498231871131,-1.0218789874139163,7.9395005867295625,0.0,14.807908824355664,15.50369632585489,212.67459626356063,226.7325116762816,0.0
0.788,5.8183465177201,-0.9354904091044609,10.0,0.0,14.970172729632933,15.870629435207164,212.49067580826366,226.7325116762816,0.0
0.789,6.102018369473167,-0.9207947013300446,10.0,0.0,15.15215091324562,16.167545209184897,216.8452784384344,226.7325116762816,0.0
0.79,6.396975338265885,-0.8734685041233181,8.63133291468599,0.0,15.34056393127981,16.272805296691907,218.51377417195005,226.7325116762816,0.0
0.791,6.501834982269327,-0.9369552591846375,7.879272422971484,0.0,15.528118461290095,16.308755702863735,226.04391627085135,226.7325116762816,0.0
0.792,6.493304593771556,-1.0372832100301943,4.1210873275751325,0.0,15.710913785958939,15.955973705017744,229.53854632780448,226.7325116762816,0.0
0.793,6.2778551217125615,-1.0127912803205117,2.3457119525833403,0.0,15.836453986599775,15.52265413716962,230.25032264461538,226.7325116762816,0.0
0.794,5.923731155018089,-0.9917645656505021,1.9546456844945537,0.0,15.904040191075111,15.156756152046334,233.30366828012407,226.7325116762816,0.0
0.795,5.588747246032505,-0.9528695097150943,0.36226130070178364,0.0,15.924209787584388,14.69626195666807,235.15296954222998,226.7325116762816,0.0
0.796,5.198189604834509,-0.9334413870237818,-0.6465939090106554,0.0,15.894564861968222,14.228395412690041,235.63603191081202,226.7325116762816,0.0
0.797,4.814012065117256,-0.8883060129676993,-0.9771602956469794,0.0,15.816327164596615,13.816431233072247,236.89916097559538,226.7325116762816,0.0
0.798,4.453341861335841,-0.8788784581507021,-1.7103913210317954,0.0,15.704131141711075,13.396321899771884,236.73445147221403,226.7325116762816,0.0
0.799,4.112877144607581,-0.8652118854312296,-1.7280559673004467,0.0,15.559734740333088,13.046237513479596,236.98054453561525,226.7325116762816,0.0
0.8,3.8165028977941513,-0.8737543054676691,-1.9535828275943925,0.0,15.395845872394867,12.721287137491288,236.64694125862638,226.7325116762816,0.0
0.801,3.553546169782406,-0.8913968145593295,-1.8859254849234066,0.0,15.217706105451358,12.448101986217887,236.20036653436358,226.7325116762816,0.0
0.802,3.330978814499878,-0.9208546835425931,-1.7573166713728252,0.0,15.033125740572105,12.219744611242298,235.65796298296578,226.7325116762816,0.0
0.803,3.1468618281187335,-0.959078441468692,-1.5753694087407686,0.0,14.848077709365253,12.032520242979455,235.05883238769673,226.7325116762816,0.0
0.804,2.9973261820568897,-1.0033329353070282,-1.3590673182203905,0.0,14.667297801195767,11.882095016956132,234.40686814963826,226.7325116762816,0.0
0.805,2.8776714492370554,-1.051346910057169,-1.1098287639247224,0.0,14.494392353525017,11.765554206935073,233.6940164713252,226.7325116762816,0.0
0.806,2.784561654237507,-1.1003750120488045,-0.8230179727186293,0.0,14.332036321090818,11.68147926476051,233.01217018371665,226.7325116762816,0.0
0.807,2.715848907586607,-1.1485128877898538,-0.5448914139887049,0.0,14.18231328299418,11.623929331289817,232.47807450781482,226.7325116762816,0.0
0.808,2.6679934902396214,-1.1927758783736875,-0.33529920435312466,0.0,14.04619510556695,11.582012933270802,231.90588328493905,226.7325116762816,0.0
0.809,2.6336198937484263,-1.2309290255705885,-0.10093730900181264,0.0,13.923251322366363,11.557662785143817,230.9232336582616,226.7325116762816,0.0
0.81,2.6103229165157105,-1.264893597915502,0.34848028451710844,0.0,13.81352147415911,11.572764521373728,229.8750401314422,226.7325116762816,0.0
0.811,2.610447349529688,-1.296990793563253,0.8411517633752044,0.0,13.719465830193375,11.62483612849526,228.66919274365034,226.7325116762816,0.0
0.812,2.6361845235161434,-1.3283941438948421,1.4247086465974483,0.0,13.643156307916362,11.71872970806556,227.63679403674428,226.7325116762816,0.0
0.8130000000000001,2.6920181666185488,-1.3576492974833554,1.931865176445854,0.0,13.586771129215505,11.839670297900833,227.05269189757934,226.7325116762816,0.0
0.8140000000000001,2.7702996104672364,-1.3834136224704028,2.220714443815347,0.0,13.550660051580948,11.961527542602322,228.39861108864054,226.7325116762816,0.0
0.8150000000000001,2.8565936040269513,-1.3976061749408264,1.531093854161158,0.0,13.531649343701869,11.980131672681459,228.8119591043217,226.7325116762816,0.0
0.8160000000000001,2.883964192831058,-1.3942730066497506,1.3036253720401816,0.0,13.515891545581892,11.974701166995164,224.45925661100551,226.7325116762816,0.0
0.8170000000000001,2.8945114636919103,-1.3532177367872198,3.5027091693510286,0.0,13.496683728703317,12.211525340684249,222.46670691929913,226.7325116762816,0.0
0.8180000000000001,3.026087381615181,-1.3452207387838018,4.541642062774047,0.0,13.502609993799753,12.500670217357037,226.10217311877273,226.7325116762816,0.0
0.8190000000000001,3.214321961417485,-1.3709050401785021,2.730212348612337,0.0,13.53976336318728,12.532456590781154,225.0410732355044,226.7325116762816,0.0
0.8200000000000001,3.287043956706599,-1.352680037715602,3.2776766746542725,0.0,13.574118439693596,12.636997963124063,218.81448973823115,226.7325116762816,0.0
0.8210000000000001,3.378312746815729,-1.3011070651836536,6.470148642671403,0.0,13.61000136882969,13.070905632145665,223.06170347309853,226.7325116762816,0.0
0.8220000000000001,3.638044304085266,-1.3149592040024345,4.38324985726954,0.0,13.687726236949718,13.17586945770578,223.46941126200866,226.7325116762816,0.0
0.8230000000000001,3.7721509332259124,-1.3012745763587836,4.212026966957205,0.0,13.766531170384763,13.267989443808773,216.6705429444528,226.7325116762816,0.0
0.8240000000000001,3.8864972543489658,-1.228358076076081,7.712080813053429,0.0,13.838783640331943,13.734259047586546,222.29133674056408,226.7325116762816,0.0
0.8250000000000001,4.171942835682046,-1.2361920092600993,4.946095664354962,0.0,13.952028721315251,13.791612482428066,217.31736558117498,226.7325116762816,0.0
0.8260000000000001,4.30159054994679,-1.1933173874528342,7.527232705000575,0.0,14.054890089953748,14.15473321508597,219.18610013524446,226.7325116762816,0.0
0.8270000000000001,4.56247617713063,-1.1523998915799079,6.668329543376208,0.0,14.179705216666225,14.344136351309224,216.86756494811837,226.7325116762816,0.0
0.8280000000000001,4.748455547936877,-1.1287117794416142,7.926246604220884,0.0,14.308782626953306,14.656191720373705,217.49434309701792,226.7325116762816,0.0
0.8290000000000001,5.011472107781571,-1.0728128730184885,7.705239215563748,0.0,14.45024583453296,14.88598728232487,214.2829217366011,226.7325116762816,0.0
0.8300000000000001,5.225036216077328,-1.0481069092989086,9.435445795168956,0.0,14.598383610604849,15.278620520167937,217.20587565463606,226.7325116762816,0.0
0.8310000000000001,5.538795729060277,-1.0140657282538805,8.069235196367938,0.0,14.767473462576095,15.446841074824551,211.38557412856554,226.7325116762816,0.0
0.8320000000000001,5.76077335987294,-0.9510381796200953,10.0,0.0,14.92988376627661,15.819914849340607,214.46035082546084,226.7325116762816,0.0
0.833,6.054516206394473,-0.9307482313126512,9.69553148824331,0.0,15.111758798231204,16.08903115563631,214.69821370482305,226.7325116762816,0.0
0.834,6.3452502036911635,-0.8629344581780418,9.69694302827679,0.0,15.295101342058171,16.323579977781726,217.80120517814817,226.7325116762816,0.0
0.835,6.520055638825536,-0.9396679323036485,8.234760356595565,0.0,15.492683333602146,16.375832704918217,225.53498143320022,226.7325116762816,0.0
0.836,6.543659387393015,-1.0455015264134708,4.379847531500355,0.0,15.686606759316197,16.032351416460713,229.08425264985402,226.7325116762816,0.0
0.837,6.34208086669404,-1.0235493410579561,2.5816945134377267,0.0,15.82331663728289,15.605772570446995,229.88117362744586,226.7325116762816,0.0
0.838,5.99425975048377,-1.0029453143462002,2.1517474051301644,0.0,15.901650721766803,15.242454482674253,233.3149398463112,226.7325116762816,0.0
0.839,5.660921073013403,-0.962906697303969,0.36904001399719677,0.0,15.93162138141752,14.764692313545261,234.77772578817735,226.7325116762816,0.0
0.84,5.260974088086293,-0.9369318554574333,-0.4428050980548326,0.0,15.908361911757577,14.306888320447129,235.67346722753854,226.7325116762816,0.0
0.841,4.876987640648991,-0.8917513399708858,-0.9800853732479964,0.0,15.836937881468753,13.879795439910914,236.75793416829322,226.7325116762816,0.0
0.842,4.507550634476081,-0.8784923113033649,-1.622573068545453,0.0,15.728940278156632,13.459766806873295,236.71891440254564,226.7325116762816,0.0
0.843,4.163469066146613,-0.8632110266716877,-1.702927212934302,0.0,15.588191220849145,13.102681800332938,237.02669274991507,226.7325116762816,0.0
0.844,3.8614364213758092,-0.8702967260704109,-1.9597581973553542,0.0,15.426740808398552,12.769565297114942,236.7109824682324,226.7325116762816,0.0
0.845,3.592051269395707,-0.8859652056747949,-1.9016877644335275,0.0,15.249776462633715,12.489183500709398,236.28900157809824,226.7325116762816,0.0
0.846,3.3633704071961423,-0.9139641721097234,-1.786262218384611,0.0,15.065393573316605,12.253720598426238,235.75476863997235,226.7325116762816,0.0
0.847,3.1734507329038255,-0.9511799324648249,-1.6093683189585777,0.0,14.879716426677602,12.060274126466219,235.1645526667735,226.7325116762816,0.0
0.848,3.0189045949931357,-0.9947751572291352,-1.3985807422640635,0.0,14.697685664627016,11.904123159907689,234.52422666778585,226.7325116762816,0.0
0.849,2.894803919671323,-1.0425892116951543,-1.1563348926852886,0.0,14.523066475869264,11.78202899439297,233.81314453072923,226.7325116762816,0.0
0.85,2.7976033080939744,-1.091683266760775,-0.8716001527014545,0.0,14.358621994948368,11.693031749976667,233.11909802021987,226.7325116762816,0.0
0.851,2.7252260803172508,-1.140271756122518,-0.5884427608861538,0.0,14.206576030957065,11.631779236549415,232.55580243547854,226.7325116762816,0.0
0.852,2.674419708166825,-1.185511782606293,-0.3650278761074608,0.0,14.068099930041768,11.588056370132042,232.03740069205332,226.7325116762816,0.0
0.853,2.6385254684360424,-1.2247524252638975,-0.1588758945525699,0.0,13.942963223003762,11.55874105203701,231.1473209617724,226.7325116762816,0.0
0.854,2.612044120228624,-1.259955636394173,0.24201587773297994,0.0,13.8308886016578,11.564434176089048,229.9923455202542,226.7325116762816,0.0
0.855,2.607268505299298,-1.2904375258069944,0.7869052600523632,0.0,13.733591730575759,11.61453994409372,228.88725154833253,226.7325116762816,0.0
0.856,2.629924040775768,-1.3234495229374126,1.3179048472926849,0.0,13.654361624192598,11.700326643911255,227.70781632037526,226.7325116762816,0.0
0.857,2.6807532828378937,-1.3530680926670675,1.8978694148303834,0.0,13.594561121128468,11.822733108393395,227.20957181871853,226.7325116762816,0.0
0.858,2.758525554765161,-1.3802995567433818,2.1422210642343784,0.0,13.55568059017006,11.939951254388589,228.23429539042,226.7325116762816,0.0
0.859,2.842820768833679,-1.3946384195335135,1.614841441242266,0.0,13.533714887173163,11.972609506836989,229.17649058695793,226.7325116762816,0.0
0.86,2.876534051625444,-1.3956915328249075,1.1193040538665335,0.0,13.517184033554956,11.947704538393038,224.77757965447697,226.7325116762816,0.0
0.861,2.878446289623509,-1.3540318705350356,3.3383088403250594,0.0,13.495222674469368,12.172809668463987,222.1863559908822,226.7325116762816,0.0
0.862,3.000721922196476,-1.344980744591543,4.679382228976441,0.0,13.49738893706855,12.485104977303312,225.8220828655505,226.7325116762816,0.0
0.863,3.197250100057056,-1.3766482736692573,2.870623079749598,0.0,13.534142043749727,12.533617797978213,225.76930390019805,226.7325116762816,0.0
0.864,3.281603603120582,-1.3630409660864595,2.9066446401866566,0.0,13.570257642705394,12.595691006835704,219.79378430449052,226.7325116762816,0.0
0.865,3.3538175019866197,-1.3055398477605427,5.963791711758336,0.0,13.602779952711218,12.983994423126905,222.39833575367138,226.7325116762816,0.0
0.866,3.585852869048455,-1.305525580918713,4.7048577463940084,0.0,13.671453815176244,13.142863770495634,224.2999076936002,226.7325116762816,0.0
0.867,3.739219300688431,-1.2986458955809226,3.7783978162564082,0.0,13.748390603412897,13.188842362902712,217.3910153926507,226.7325116762816,0.0
0.868,3.8338320092692024,-1.2247339681176537,7.326258929567469,0.0,13.814170056899009,13.62857236303086,221.15671207943586,226.7325116762816,0.0
0.869,4.10257397798475,-1.2236118995757213,5.499168582143345,0.0,13.917960256784342,13.765833269672136,218.6134967259656,226.7325116762816,0.0
0.87,4.264742399172669,-1.2009130300070243,6.851966408381635,0.0,14.022611872378143,14.051674663354763,217.40957556727875,226.7325116762816,0.0
0.871,4.500060644693043,-1.1469049729916792,7.54715634881509,0.0,14.139668568204819,14.358076671618436,218.79046986690295,226.7325116762816,0.0
0.872,4.735546234792744,-1.14555781893845,6.936129617096775,0.0,14.276051688899493,14.547829076289297,214.39371622679712,226.7325116762816,0.0
0.873,4.952653551259936,-1.0707046261610533,9.257894391644534,0.0,14.409551358326805,14.972221996169583,217.33421423059042,226.7325116762816,0.0
0.874,5.245515041774136,-1.0853416635314026,7.881628364204799,0.0,14.574498958837928,15.16287498944883,214.95228113719676,226.7325116762816,0.0
0.875,5.489271152757254,-1.0073900439726975,9.190397216292475,0.0,14.733296050100698,15.48480012015231,213.28220325269902,226.7325116762816,0.0
0.876,5.745605241782946,-0.9939429835124671,10.0,0.0,14.907706284852507,15.840621875915675,216.03663378230863,226.7325116762816,0.0
0.877,6.06008409825938,-0.9512330980762759,8.886483972056556,0.0,15.095694054912084,16.015690355344873,211.09978154077743,226.7325116762816,0.0
0.878,6.299235061684534,-0.869247032902682,10.0,0.0,15.2737985275939,16.302510869778327,217.03414243048746,226.7325116762816,0.0
0.879,6.492718687713488,-0.9371986495186784,8.610815893896577,0.0,15.471069142930371,16.395622678856864,227.65538525193247,226.7325116762816,0.0
0.88,6.558443559259328,-1.024233818467843,3.290965747417564,0.0,15.666818230059292,15.922563793899792,225.688249326642,226.7325116762816,0.0
0.881,6.296228457894625,-0.9856630810593199,4.284976333559199,0.0,15.79057338717519,15.70842628195726,231.484741783158,226.7325116762816,0.0
0.882,6.03621413953474,-1.0095698455251267,1.3392078042324322,0.0,15.883554728850568,15.220082816839154,232.55216672233678,226.7325116762816,0.0
0.883,5.675520007556974,-0.9449860200731478,0.7472987841824912,0.0,15.911060301402221,14.791295736822125,233.98111958762365,226.7325116762816,0.0
0.884,5.289383014539692,-0.9250672062187479,-0.039663727574366536,0.0,15.891391377427539,14.366359263881336,235.2841683641581,226.7325116762816,0.0
0.885,4.926610462667228,-0.8894689237571132,-0.776704682720351,0.0,15.827479075624012,13.94478827666446,236.30233339878006,226.7325116762816,0.0
0.886,4.566051956037812,-0.8808513588010405,-1.3814854172563225,0.0,15.727208955958595,13.53586139695194,236.42645789509461,226.7325116762816,0.0
0.887,4.229483317814003,-0.8688629098102951,-1.540487127601728,0.0,15.594840606549054,13.179774777589817,236.8968819852232,226.7325116762816,0.0
0.888,3.928536767799199,-0.8775030637257475,-1.8773428757554305,0.0,15.441170731564865,12.840334304148893,236.6769825297725,226.7325116762816,0.0
0.889,3.6547796358766553,-0.8917324778543476,-1.866837856564989,0.0,15.270402630749988,12.551098819157449,236.34534036238853,226.7325116762816,0.0
0.89,3.4187364575482464,-0.9170095692928864,-1.7971450597340772,0.0,15.090425977434402,12.304498408340066,235.85016536536563,226.7325116762816,0.0
0.891,3.2192344948182083,-0.9515133337683039,-1.6407340981134673,0.0,14.907329591546556,12.100653435199844,235.2589545993772,226.7325116762816,0.0
0.892,3.0554028836555216,-0.9923107941841791,-1.4303931443502131,0.0,14.726301029934458,11.936483173683198,234.6393906594008,226.7325116762816,0.0
0.893,2.9235871568195195,-1.0382244282115631,-1.199679964193197,0.0,14.551600823470764,11.806763536276984,233.94316490048354,226.7325116762816,0.0
0.894,2.8196179517404816,-1.0860889467799204,-0.9236736169765907,0.0,14.386204634615062,11.71071786364761,233.2437973292106,226.7325116762816,0.0
0.895,2.7412342354035215,-1.1340266064583067,-0.6391026878694084,0.0,14.232537994760929,11.643862394871501,232.65298065454564,226.7325116762816,0.0
0.896,2.6854713860550388,-1.17936182379893,-0.402899040319574,0.0,14.092059969325287,11.596812577191969,232.18655631624443,226.7325116762816,0.0
0.897,2.6465019589092513,-1.218949808727755,-0.22422731756859804,0.0,13.964826090834022,11.561440800256484,231.3170556716132,226.7325116762816,0.0
0.898,2.6166024296223793,-1.2533133897835236,0.16467756479370887,0.0,13.850162536565175,11.560774886947861,230.2768038118435,226.7325116762816,0.0
0.899,2.6068720306817017,-1.2848200883737722,0.6493605733229311,0.0,13.750020847426729,11.598906640248412,229.1497113987208,226.7325116762816,0.0
0.9,2.6220815503963477,-1.3169052363390654,1.1887347826598944,0.0,13.666920801822453,11.675925031088823,227.80022204696667,226.7325116762816,0.0
0.901,2.6659630587258834,-1.3464813472575963,1.8528023548301085,0.0,13.60276512058403,11.799910398411011,227.27722027263113,226.7325116762816,0.0
0.902,2.742925191706289,-1.375089319795667,2.1088561560343835,0.0,13.56027466007168,11.918579883743366,227.9600979051645,226.7325116762816,0.0
0.903,2.8279048495965813,-1.3918272708068384,1.7551414774788663,0.0,13.535455289029644,11.971086080799966,229.61160832827582,226.7325116762816,0.0
0.904,2.8724640094665177,-1.3981927771125597,0.9005952994032649,0.0,13.518901300980987,11.921345077237156,225.19237944706137,226.7325116762816,0.0
0.905,2.8636269156119862,-1.356381234968862,3.125611062302693,0.0,13.494365686682059,12.12963764284815,222.14373913671758,226.7325116762816,0.0
0.906,2.973241760630104,-1.345295925409873,4.6958189428702255,0.0,13.492311621744062,12.452974095811044,225.56178556504582,226.7325116762816,0.0
0.907,3.1727639594497727,-1.3770124336107146,2.998502989818464,0.0,13.52639627759384,12.520513369922503,226.6078596873823,226.7325116762816,0.0
0.908,3.2675918935804065,-1.3683146213490516,2.4767124485392182,0.0,13.562552470838995,12.535847531431417,220.5564409695101,226.7325116762816,0.0
0.909,3.3184973518335537,-1.304670620428434,5.564182514543031,0.0,13.589712598931873,12.89345218772063,221.67180789072296,226.7325116762816,0.0
0.91,3.529667916798632,-1.2947422180408836,5.057106091792191,0.0,13.649461495590968,13.108639576463956,224.57241561644733,226.7325116762816,0.0
0.911,3.7058550909578813,-1.2967112359747561,3.6284031895283477,0.0,13.725070117455079,13.138927677469468,217.69546046493375,226.7325116762816,0.0
0.912,3.795430264441264,-1.2314078746155492,7.157251277398618,0.0,13.788943627304484,13.56811675190763,220.69200822999753,226.7325116762816,0.0
0.913,4.061211960355841,-1.2244935499027447,5.719382429329569,0.0,13.889241151507942,13.738979980904857,219.90985054166285,226.7325116762816,0.0
0.914,4.236041541289387,-1.2123095062175988,6.178687884843096,0.0,13.99532414463254,13.951115491066336,215.74606907169286,226.7325116762816,0.0
0.915,4.438792929456745,-1.1450356824248398,8.370443045873978,0.0,14.104734109280477,14.368591405793312,219.78151638493063,226.7325116762816,0.0
0.916,4.7197275858178145,-1.1621836259737703,6.422229342168604,0.0,14.24750968096463,14.490164368176448,213.7410060781768,226.7325116762816,0.0
0.917,4.90962307561294,-1.090232283649889,9.57239955152656,0.0,14.380078864627556,14.961779294242254,218.8235399355239,226.7325116762816,0.0
0.918,5.2242987787368165,-1.10139854064684,7.110222340260586,0.0,14.54850042422368,15.06443307828926,213.1471250307468,226.7325116762816,0.0
0.919,5.4238595285467435,-1.0129812575555546,10.0,0.0,14.70050764255488,15.49735602912732,215.59636889298645,226.7325116762816,0.0
0.92,5.724218048938898,-1.0140277574747765,8.969337482635527,0.0,14.881605721958792,15.728872923462177,215.84095706259362,226.7325116762816,0.0
0.921,5.994907551053094,-0.9399595490644903,8.955958943968824,0.0,15.059587714931475,15.937410662195598,208.66874962662246,226.7325116762816,0.0
0.922,6.221004015964006,-0.8813605656445533,10.0,0.0,15.234920076388143,16.235707411783988,219.14578657581538,226.7325116762816,0.0
0.923,6.445133914457166,-0.9119057866705336,7.505595053210176,0.0,15.426494840805047,16.214489443666878,223.14469502847973,226.7325116762816,0.0
0.924,6.472362395551396,-0.9513738838590355,5.542018993356018,0.0,15.600826370449019,16.02274759775167,224.1520275481506,226.7325116762816,0.0
0.925,6.322880042229357,-0.9957275275159625,5.064157574801888,0.0,15.743034782367442,15.851399437626334,233.195937807185,226.7325116762816,0.0
0.926,6.140813147482829,-1.0232231346229836,0.4775681839756585,0.0,15.856468517426707,15.230193250788933,230.4138278002277,226.7325116762816,0.0
0.927,5.72414273479399,-0.9500251152619996,1.8318100262148533,0.0,15.888111522095517,14.921296629144077,235.19139814669666,226.7325116762816,0.0
0.928,5.382059632947496,-0.9452559682295836,-0.6415640117237786,0.0,15.88590793815301,14.39430284461117,234.2705890750897,226.7325116762816,0.0
0.929,4.981868939035273,-0.8872704574158686,-0.25654024990838264,0.0,15.824894619432277,14.027474579628265,236.25371964216387,226.7325116762816,0.0
0.93,4.634081125324851,-0.8843482088310713,-1.3433176131042908,0.0,15.733558213849136,13.602086814270898,236.0989171679909,226.7325116762816,0.0
0.931,4.292419696779715,-0.8696621524346599,-1.3595804309348924,0.0,15.607230428570812,13.253287927564408,236.70941839391284,226.7325116762816,0.0
0.932,3.9919957766797896,-0.8791884107254686,-1.7646001110721805,0.0,15.459850282125618,12.911976631289473,236.62207122928825,226.7325116762816,0.0
0.933,3.7161631766159773,-0.8934279141207334,-1.8198221242899524,0.0,15.294548103488033,12.615371572150954,236.36852987288205,226.7325116762816,0.0
0.934,3.4743956344959135,-0.9174484952438636,-1.7894116280528554,0.0,15.118615505689942,12.35963027941336,235.92236582126168,226.7325116762816,0.0
0.935,3.2674533515523683,-0.9496944729893674,-1.6582281436924702,0.0,14.938008890138674,12.146341910189573,235.37655007755689,226.7325116762816,0.0
0.936,3.0952929100518065,-0.9888375034311556,-1.4717606558528264,0.0,14.758117372791299,11.97238953088742,234.75679362290253,226.7325116762816,0.0
0.937,2.955290196802226,-1.0328432930429603,-1.2421252479918605,0.0,14.583268975801321,11.834917151809504,234.07839767507156,226.7325116762816,0.0
0.9380000000000001,2.8443519544272053,-1.0795604712199427,-0.9763861340642705,0.0,14.41685701230591,11.731445298922562,233.38111459828067,226.7325116762816,0.0
0.9390000000000001,2.7596998602874208,-1.1269483867481216,-0.6942306248888208,0.0,14.261484558797665,11.658261497776428,232.76357897853768,226.7325116762816,0.0
0.9400000000000001,2.698515964583242,-1.1724182639669414,-0.4457734880398836,0.0,14.118858777864425,11.607251268941768,232.3150579893343,226.7325116762816,0.0
0.9410000000000001,2.655843775712255,-1.212651518409441,-0.2773384565687169,0.0,13.98936551135753,11.567204868809357,231.51488195994366,226.7325116762816,0.0
0.9420000000000001,2.6226075148648613,-1.2474255517866957,0.07492585528997608,0.0,13.872239742615157,11.55850777283375,230.48433901405514,226.7325116762816,0.0
0.9430000000000001,2.6078185532480243,-1.2788035564360056,0.5526790548565041,0.0,13.76906068132711,11.589292441584572,229.4174138514044,226.7325116762816,0.0
0.9440000000000001,2.6175980156137286,-1.3111057674297972,1.059292614430643,0.0,13.68251745620577,11.6564070664126,228.07711649486424,226.7325116762816,0.0
0.9450000000000001,2.6547183477816,-1.340487140184683,1.7159952445148976,0.0,13.614248944972472,11.771341618044406,227.33458377016674,226.7325116762816,0.0
0.9460000000000001,2.724663411875414,-1.3695980291741092,2.081240885924795,0.0,13.567209124086968,11.894243103915317,227.26125249276544,226.7325116762816,0.0
0.9470000000000001,2.809403329782321,-1.389733374999674,2.112619116460611,0.0,13.53908721302803,11.991327667726594,229.50169934466237,226.7325116762816,0.0
0.9480000000000001,2.879886212332826,-1.4021358474306584,0.9647038138283364,0.0,13.524648867965261,11.942401400554465,226.4196850145042,226.7325116762816,0.0
0.9490000000000001,2.873733988106804,-1.372456555597418,2.50883924552519,0.0,13.503372983865589,12.079639549596612,222.46990629688347,226.7325116762816,0.0
0.9500000000000001,2.9463672158156804,-1.3521038598073596,4.526354658129543,0.0,13.496006499461528,12.39946045910385,224.77743185645969,226.7325116762816,0.0
0.9510000000000001,3.137474914161547,-1.3709181637754,3.3921426765396534,0.0,13.523631854842982,12.521328642578066,227.36993436818713,226.7325116762816,0.0
0.9520000000000001,3.2574376843426296,-1.3700187951939988,2.089517193756875,0.0,13.560394419450073,12.490541032216347,221.46194255559425,226.7325116762816,0.0
0.9530000000000001,3.2871239032475588,-1.310118052012244,5.09621879126019,0.0,13.58382187849611,12.808206013526965,220.33755287134844,226.7325116762816,0.0
0.9540000000000001,3.4756724571797313,-1.2863385582642262,5.722363221432428,0.0,13.634656352888136,13.114812635211548,223.93602256421605,226.7325116762816,0.0
0.9550000000000001,3.690039035780782,-1.305355068493804,3.9510932661192784,0.0,13.713397653072157,13.173046064673912,219.1717281086055,226.7325116762816,0.0
0.9560000000000001,3.7994555793517506,-1.261896814190063,6.408848329601316,0.0,13.785117593108302,13.511503883737806,219.89276181720226,226.7325116762816,0.0
0.9570000000000001,4.030852720970798,-1.2317030437456993,6.116728973893728,0.0,13.880624588841378,13.742217714993883,221.46611574334477,226.7325116762816,0.0
0.9580000000000001,4.222558124647916,-1.2255011719280857,5.382715970151837,0.0,13.989271999931262,13.862817002854836,214.878740195903,226.7325116762816,0.0
0.9590000000000001,4.378211451751531,-1.1505516417488637,8.794941458676515,0.0,14.090932169096709,14.349701224869182,220.7829530239206,226.7325116762816,0.0
0.96,4.686851186522036,-1.166079386963063,5.9023306311913135,0.0,14.233572290822408,14.413359758136307,213.92522506907355,226.7325116762816,0.0
0.961,4.848197392757294,-1.0956547160443246,9.459267474686927,0.0,14.360412262449042,14.890443925970487,219.14318503674403,226.7325116762816,0.0
0.962,5.163839836261017,-1.0963792620894346,6.926180757247062,0.0,14.52306060047058,14.98518756010751,212.64269978858027,226.7325116762816,0.0
0.963,5.353395243572667,-1.0148404482179147,10.0,0.0,14.669941953117348,15.432477978140966,216.4270360689771,226.7325116762816,0.0
0.964,5.661838534726856,-1.0154722413906705,8.521861686076472,0.0,14.847749097690503,15.624360874722784,214.54512844761229,226.7325116762816,0.0
0.965,5.916106592373089,-0.9321153523959862,9.584689329045567,0.0,15.017788241743382,15.921643566540032,210.10695537391172,226.7325116762816,0.0
0.966,6.173383702493561,-0.9044676426977363,10.0,0.0,15.198344061395842,16.215499999419357,216.74235965482987,226.7325116762816,0.0
0.967,6.430633995629795,-0.9005003660562889,8.7128301800966,0.0,15.39007001903741,16.326559822933284,224.27068086026358,226.7325116762816,0.0
0.968,6.531036775391657,-0.9660894478252184,4.973287885539923,0.0,15.580983835027208,16.038736502815343,223.49886897514708,226.7325116762816,0.0
0.969,6.363033751679435,-0.9848181850367284,5.391530255109521,0.0,15.725428207681809,15.901673340312353,231.8693276388576,226.7325116762816,0.0
0.97,6.18218676730525,-1.0262808928964895,1.154932763628493,0.0,15.846095437313112,15.340765921610556,230.5547084413145,226.7325116762816,0.0
0.971,5.803711683542556,-0.9557964212672729,1.7740203947497264,0.0,15.890437283153291,14.998305371450371,234.21754958419436,226.7325116762816,0.0
0.972,5.45249586544078,-0.9490468737729048,-0.1322505557693363,0.0,15.896061283885347,14.513493369175475,234.41709982990798,226.7325116762816,0.0
0.973,5.069149655134485,-0.8984571903391831,-0.30887156016241235,0.0,15.84714431461394,14.116015291175902,236.21332576505893,226.7325116762816,0.0
0.974,4.709361511241235,-0.8905644053002102,-1.301792668625657,0.0,15.763008924949764,13.681681445887312,236.10809890698252,226.7325116762816,0.0
0.975,4.357956591424713,-0.8708940668081389,-1.3429351118944632,0.0,15.64176888033941,13.322827648227117,236.77754149636795,226.7325116762816,0.0
0.976,4.047792859846586,-0.8769051722591463,-1.7781067047880392,0.0,15.497625385408604,12.97088173636173,236.7145904808498,226.7325116762816,0.0
0.977,3.7627681323661264,-0.8876603844009903,-1.8464519850746521,0.0,15.333824611065438,12.664800883994282,236.48862248846265,226.7325116762816,0.0
0.978,3.512685205184355,-0.9092816572876405,-1.8310290970028853,0.0,15.158066616815955,12.399986884635204,236.04094063151473,226.7325116762816,0.0
0.979,3.2981511785793742,-0.9399914065488439,-1.7002724580812552,0.0,14.97656488174537,12.179405400842484,235.49183962775402,226.7325116762816,0.0
0.98,3.1200757171940454,-0.9779360779385006,-1.5133152357156239,0.0,14.795021988162828,11.99943258047931,234.89727942390726,226.7325116762816,0.0
0.981,2.9752228872080657,-1.0218140880445612,-1.297682811268503,0.0,14.618083236299993,11.855305803944338,234.2189405709996,226.7325116762816,0.0
0.982,2.859635308426311,-1.068570047881026,-1.0333776737618474,0.0,14.449130057450894,11.746081176123974,233.51323206257507,226.7325116762816,0.0
0.983,2.7708759468930837,-1.1163720810721967,-0.7483306234125213,0.0,14.290940397757335,11.66820347134493,232.86649768002044,226.7325116762816,0.0
0.984,2.7062081396507067,-1.1628461713627254,-0.48630329217259627,0.0,14.145416063155274,11.614492972188664,232.36756912618017,226.7325116762816,0.0
0.985,2.661174870112555,-1.2048254292432379,-0.2931895897514458,0.0,14.01322608956174,11.574530305018516,231.67846683533378,226.7325116762816,0.0
0.986,2.627827937473748,-1.2411566197642507,0.0019020040812289807,0.0,13.89383548498905,11.5590916753983,230.68061543380597,226.7325116762816,0.0
0.987,2.6096065143250233,-1.2733351055320807,0.4613466672698907,0.0,13.78801639944086,11.582516732515234,229.65398094663573,226.7325116762816,0.0
0.988,2.614705823842742,-1.3056767631224266,0.9454492181514706,0.0,13.698357525636448,11.64093107105231,228.33762470071662,226.7325116762816,0.0
0.989,2.6457612488617572,-1.335165050263099,1.5875762108666756,0.0,13.62642626807575,11.74696592838818,227.45637832371395,226.7325116762816,0.0
0.99,2.7092525068177293,-1.3642630411541368,2.020960732893686,0.0,13.575197518131313,11.86978171760524,227.21916262478157,226.7325116762816,0.0
0.991,2.7914078739640047,-1.3871359384618178,2.134702072874873,0.0,13.543598260897962,11.974968577277284,229.15681068136138,226.7325116762816,0.0
0.992,2.868492770176489,-1.3981938458188292,1.141635054534174,0.0,13.526665256191352,11.948444254929589,227.34965665817217,226.7325116762816,0.0
0.993,2.8722674925120733,-1.3798261721551959,2.039040616309875,0.0,13.506642096544054,12.031879975829945,223.1644710246474,226.7325116762816,0.0
0.994,2.920264685590616,-1.3531007864139382,4.167313839588593,0.0,13.494208709256629,12.324863863603158,223.7635577061964,226.7325116762816,0.0
0.995,3.092876595320004,-1.3599761872007794,3.8974600385149545,0.0,13.513340597419226,12.517832035379968,227.17169816113625,226.7325116762816,0.0
0.996,3.2440189901324037,-1.3701318651835568,2.188997946196481,0.0,13.550904484513485,12.493284742318991,222.81371699082038,226.7325116762816,0.0
0.997,3.2803005029652637,-1.3269877653703597,4.407176478209026,0.0,13.577409845832937,12.733553284254615,218.94632560829024,226.7325116762816,0.0
0.998,3.4330326689389676,-1.2895979382356044,6.418734030154012,0.0,13.621610085227323,13.135097330393663,223.96312408615734,226.7325116762816,0.0
0.999,3.685850972912692,-1.319673463400795,3.938028667121706,0.0,13.705226911335687,13.181631138627875,220.7438445966348,226.7325116762816,0.0
1.0,3.7954227369721734,-1.2863825440213545,5.607555082679442,0.0,13.781172679273247,13.430803496984366,218.22309743905095,226.7325116762816,0.0
1.0010000000000001,3.985447966753761,-1.2322019552950554,6.953022803843676,0.0,13.868814150686601,13.774152323836066,221.94367450572884,226.7325116762816,0.0
1.002,4.220133836171161,-1.2410513267310608,5.140622642210259,0.0,13.983541594389013,13.855196526814526,216.12287199574698,226.7325116762816,0.0
1.0030000000000001,4.36120686252117,-1.1752360850518442,8.157120294006535,0.0,14.087572543719954,14.276376622974968,220.7765369749227,226.7325116762816,0.0
1.004,4.640623490343935,-1.1629440867076823,5.889847551432266,0.0,14.222624440332783,14.356951727454332,214.2924829842836,226.7325116762816,0.0
1.0050000000000001,4.79317612890184,-1.0997134910951385,9.256274833671794,0.0,14.345396212198324,14.82196761565599,219.29744618570183,226.7325116762816,0.0
1.006,5.1058013549235035,-1.0914672588572452,6.828143887868475,0.0,14.50211761610744,14.919137166886468,212.54233279340306,226.7325116762816,0.0
1.0070000000000001,5.290784716351309,-1.016963476944668,10.0,0.0,14.644770881060682,15.37822546768047,217.0009195711282,226.7325116762816,0.0
1.008,5.607521115323229,-1.017034266804913,8.208672857578673,0.0,14.819820474301753,15.54391454783011,213.37229274692532,226.7325116762816,0.0
1.0090000000000001,5.849887010459872,-0.9309185456147555,10.0,0.0,14.984460579004162,15.902006051904129,211.65531228195465,226.7325116762816,0.0
1.01,6.131832719689064,-0.9193252808304588,10.0,0.0,15.16803172172936,16.194248775552932,218.3969239639675,226.7325116762816,0.0
1.0110000000000001,6.414159371236399,-0.8887282825607159,7.852014574015065,0.0,15.359220285385094,16.21110946967311,219.94883294405778,226.7325116762816,0.0
1.012,6.476493038343991,-0.9258951998631705,7.143896871292165,0.0,15.537370392973239,16.184956420840834,223.9280102250554,226.7325116762816,0.0
1.0130000000000001,6.418830866379775,-1.0123714366138734,5.1823532453056185,0.0,15.70423090178889,15.977511241406429,232.30693123319628,226.7325116762816,0.0
1.014,6.260718678103527,-1.019920683734278,0.9371485456660325,0.0,15.833626496595276,15.37695526908729,229.36452276486096,226.7325116762816,0.0
1.0150000000000001,5.848789344980838,-0.9617603997217539,2.382032668947897,0.0,15.883553810976526,15.09451485879884,237.00744052067193,226.7325116762816,0.0
1.016,5.529612869873093,-0.9465155779466001,-1.5421754974014918,0.0,15.899149025335666,14.430189600376728,232.6413013977656,226.7325116762816,0.0
1.0170000000000001,5.05531331313906,-0.8703492888563604,0.5818061668368344,0.0,15.838526348834508,14.155717640452128,235.18372052513308,226.7325116762816,0.0
1.018,4.7343198498112296,-0.8717783376816461,-0.7739154853354209,0.0,15.757437602252688,13.762827695887259,235.8784910959386,226.7325116762816,0.0
1.0190000000000001,4.414285570785471,-0.8709761663347317,-1.2127605649347561,0.0,15.64506620653615,13.39839596494604,236.5148614364612,226.7325116762816,0.0
1.02,4.111792622070619,-0.8806892044128704,-1.6287692327978398,0.0,15.508565233199205,13.04787164642672,236.62634816578648,226.7325116762816,0.0
1.0210000000000001,3.8284501316128647,-0.8931812959725343,-1.783450962355535,0.0,15.351938925034805,12.734037503316138,236.48807350600077,226.7325116762816,0.0
1.022,3.5734413944813244,-0.9136144983805976,-1.8118692507598726,0.0,15.18171456472508,12.459562485451155,236.10225025631465,226.7325116762816,0.0
1.0230000000000001,3.351117408177822,-0.9416354044466911,-1.71265501171714,0.0,15.00394310630302,12.22861583364251,235.59942990185849,226.7325116762816,0.0
1.024,3.163865666137939,-0.9771745534264533,-1.5499140167448275,0.0,14.824483225869411,12.038270519990405,235.00896144370975,226.7325116762816,0.0
1.025,3.009992082454551,-1.018497987901661,-1.3374442853447417,0.0,14.648124988416424,11.885811586949217,234.3498617116635,226.7325116762816,0.0
1.026,2.8866925962466032,-1.0635129002769224,-1.084067919675432,0.0,14.478695087421151,11.768733634022501,233.65221516074016,226.7325116762816,0.0
1.027,2.79111346709814,-1.1102145268344812,-0.804441679058348,0.0,14.31918741103031,11.683926318444374,232.98921323770693,226.7325116762816,0.0
1.028,2.720504672266715,-1.1562742425436268,-0.535507733155991,0.0,14.171749323183171,11.625246614568038,232.46879386444445,226.7325116762816,0.0
1.029,2.6709390501907606,-1.1985819357067256,-0.3326608684063772,0.0,14.037380322823964,11.582061018438093,231.86379069203633,226.7325116762816,0.0
1.03,2.6348591572631808,-1.2351988058291787,-0.08147207235986542,0.0,13.915734441669517,11.558832512804118,230.8663989857088,226.7325116762816,0.0
1.031,2.6115286682178267,-1.2678398788626772,0.37588490770962935,0.0,13.807154647399576,11.575765204330985,229.8338648329431,226.7325116762816,0.0
1.032,2.6121711270923407,-1.2997056845098784,0.8611384525258603,0.0,13.714304929600184,11.628646992040617,228.5893919511727,226.7325116762816,0.0
1.033,2.6386150616996638,-1.330224466264601,1.4648060906621523,0.0,13.639066770288231,11.725604125728108,227.52278553365096,226.7325116762816,0.0
1.034,2.6955808605230587,-1.3602779167607655,1.990206560849329,0.0,13.58404883201326,11.851097306930388,227.21557901716986,226.7325116762816,0.0
1.035,2.7773976646116347,-1.3850848960160824,2.1389791456809975,0.0,13.549510238899131,11.961220165353042,228.7217912034878,226.7325116762816,0.0
1.036,2.858601945749294,-1.396365326099543,1.3659802572499586,0.0,13.530430568455309,11.96224497216203,228.31569443960933,226.7325116762816,0.0
1.037,2.875490691497782,-1.3882488844175258,1.5531968115559218,0.0,13.512355732850914,11.988537421882747,224.1024045143303,226.7325116762816,0.0
1.038,2.8992637536761174,-1.3519602262343096,3.686142845814956,0.0,13.494807037795695,12.240698891914251,222.91160870694094,226.7325116762816,0.0
1.039,3.0432586429962685,-1.3482458439441765,4.319749779203038,0.0,13.50418366377907,12.49865494056375,226.18793766328596,226.7325116762816,0.0
1.04,3.218160322376104,-1.3707978049850487,2.6870310411604814,0.0,13.54093609156645,12.528018680589497,224.1328882464069,226.7325116762816,0.0
1.041,3.287412370013472,-1.347290878212093,3.740551983898757,0.0,13.574138369022235,12.684467072026735,218.48949099941657,226.7325116762816,0.0
1.042,3.4047711329834596,-1.3033002902133641,6.644680814162573,0.0,13.615061362464035,13.125292870517132,223.90240311384107,226.7325116762816,0.0
1.043,3.6723661921139303,-1.3268539344459944,3.9665258425747285,0.0,13.69900544315627,13.17422818445072,222.4987443698171,226.7325116762816,0.0
1.044,3.781395876093481,-1.3015476677183808,4.710692887651359,0.0,13.77642942139028,13.325986985088035,216.62317006461458,226.7325116762816,0.0
1.045,3.921235742930552,-1.230079164501188,7.74957345636929,0.0,13.853678409177999,13.782855407080943,223.00692372373834,226.7325116762816,0.0
1.046,4.2028998769434205,-1.247375584022685,4.594952506332845,0.0,13.971506631565775,13.794780119389094,216.52904684307146,226.7325116762816,0.0
1.047,4.315481947479904,-1.1848210342534944,7.935925594998388,0.0,14.071690538275767,14.206781045539902,220.2625587494378,226.7325116762816,0.0
1.048,4.588999767017347,-1.1580901585932857,6.133869171083654,0.0,14.200741296104905,14.327003192785591,215.31775695347537,226.7325116762816,0.0
1.049,4.749987799525066,-1.115091894352989,8.720417616292933,0.0,14.324446692565868,14.735675588921326,218.67605024780661,226.7325116762816,0.0
1.05,5.04703515815302,-1.0848017162534844,7.121835583412059,0.0,14.473746852045771,14.883076447896597,212.96005528448353,226.7325116762816,0.0
1.051,5.240527198464227,-1.0336500305603025,10.0,0.0,14.617533297829953,15.344937492227864,217.75417545971635,226.7325116762816,0.0
1.052,5.571384600161368,-1.0247076633842802,7.807929750960993,0.0,14.792655059936408,15.47062231136067,212.27076351501873,226.7325116762816,0.0
1.053,5.78895024165642,-0.9413871987677798,10.0,0.0,14.95375730030945,15.843675608128041,213.14499992013526,226.7325116762816,0.0
1.054,6.074698384524713,-0.925616149417456,10.0,0.0,15.135153035539558,16.144356457465033,215.0887428871034,226.7325116762816,0.0
1.055,6.375778057893893,-0.872073810571504,9.516108759118353,0.0,15.322745335400793,16.349619476252414,217.46999613595392,226.7325116762816,0.0
1.056,6.538154913739726,-0.9473378050634582,8.418107290096367,0.0,15.520919169937219,16.422323516554236,226.45973512603487,226.7325116762816,0.0
1.057,6.564270015703015,-1.0619281377094738,3.9259655605583585,0.0,15.718398321696325,16.023170068063052,229.52154508145898,226.7325116762816,0.0
1.058,6.335426220511293,-1.028973072456805,2.3671702487945296,0.0,15.851443252926147,15.582567781088986,230.28044141407435,226.7325116762816,0.0
1.059,5.9719672351507835,-1.000644694960819,1.9522427851089201,0.0,15.92433689146356,15.206968198485267,233.47929371636033,226.7325116762816,0.0
1.06,5.6278496965092435,-0.9559050856506586,0.2853488135651405,0.0,15.947743134637694,14.73122721515966,235.20866036039743,226.7325116762816,0.0
1.061,5.225600185261658,-0.9310565008241616,-0.6640959952945682,0.0,15.918948706924038,14.258437236075721,235.72043729839578,226.7325116762816,0.0
1.062,4.834912334466169,-0.8828481330185506,-1.0098637205148844,0.0,15.840700289463008,13.8404599789182,236.93758671194266,226.7325116762816,0.0
1.063,4.46906582663805,-0.8715037493757329,-1.7204891776449336,0.0,15.72771318950967,13.418080720051362,236.79780329498388,226.7325116762816,0.0
1.064,4.126082299282543,-0.8571315207710746,-1.7512503853525674,0.0,15.582319372354899,13.064432921730162,237.03707519697804,226.7325116762816,0.0
1.065,3.827385554539264,-0.8654222556187077,-1.9739319715566106,0.0,15.417155860202774,12.736849965768439,236.68943832021736,226.7325116762816,0.0
1.066,3.5626820190884283,-0.8832453511911766,-1.899682799615631,0.0,15.237628036834181,12.462033600415383,236.33376223454903,226.7325116762816,0.0
1.067,3.3396361204105136,-0.9122716519444148,-1.8178572623641376,0.0,15.051586021394282,12.226892420139098,235.8078660231002,226.7325116762816,0.0
1.068,3.1521666563666892,-0.9499940124684898,-1.6456627001079047,0.0,14.864493286120853,12.033175484880154,235.07892524591358,226.7325116762816,0.0
1.069,2.9981514445004045,-0.9945405564404483,-1.3646564472109208,0.0,14.681261027080547,11.884376690480725,234.35869610673137,226.7325116762816,0.0
1.07,2.878919877594294,-1.0429584553211355,-1.080803721924314,0.0,14.506352617941486,11.772123607110773,233.7104544245712,226.7325116762816,0.0
1.071,2.7883212408698723,-1.0944568316483496,-0.8264623083271223,0.0,14.342890383786516,11.68751755377736,233.0452382072775,226.7325116762816,0.0
1.072,2.720374647743347,-1.1442769361718097,-0.5569814649902289,0.0,14.192278995448014,11.62869349986955,232.5001351209292,226.7325116762816,0.0
1.073,2.6721848960960872,-1.1897042720867572,-0.3421061562625596,0.0,14.055345146457995,11.586253594795286,231.94881539881192,226.7325116762816,0.0
1.074,2.6374115910091085,-1.22893709210624,-0.11860933242922034,0.0,13.931722028702541,11.560143358906927,230.98456088077734,226.7325116762816,0.0
1.075,2.613171857403472,-1.26333782310238,0.3209974345431119,0.0,13.821241951343188,11.572722248606228,229.95431291071975,226.7325116762816,0.0
1.076,2.6117507164676153,-1.295477890491984,0.8039034072275237,0.0,13.726259170792579,11.621632759092117,228.78540062968256,226.7325116762816,0.0
1.077,2.6351439244261803,-1.3271423048811275,1.3678306582121116,0.0,13.648827404254536,11.710769414071018,227.6917449867046,226.7325116762816,0.0
1.078,2.6877619698519846,-1.3561069051986936,1.9050661465968566,0.0,13.590921941759232,11.831151805193448,227.12197700886583,226.7325116762816,0.0
1.079,2.7647082994697794,-1.3823139415323837,2.186055482190404,0.0,13.553438392619226,11.95130396718185,228.26478023361528,226.7325116762816,0.0
1.08,2.8500083563345036,-1.3964336117613827,1.599331184242339,0.0,13.533009507953919,11.979729448968241,229.07022176515812,226.7325116762816,0.0
1.081,2.881983230452505,-1.3957184500588908,1.1732333175821537,0.0,13.51724619544421,11.959601736171988,224.6610221857656,226.7325116762816,0.0
1.082,2.886055370470595,-1.3535405243181051,3.398548002183574,0.0,13.496414022691395,12.188827870716345,222.24478684083067,226.7325116762816,0.0
1.083,3.011387070367891,-1.344405251854628,4.651542923005549,0.0,13.500004579954716,12.494878703386862,225.9438103470088,226.7325116762816,0.0
1.084,3.2069508209263713,-1.3724352461277696,2.8099181832092164,0.0,13.53701581685344,12.53531614236838,225.58830880514662,226.7325116762816,0.0
1.085,3.2856800590389814,-1.3581063047116868,2.9991109828516502,0.0,13.572513190461935,12.607933837813452,219.5483671506048,226.7325116762816,0.0
1.086,3.362199934754064,-1.301699567161782,6.090923255379328,0.0,13.60566114453777,13.007417029108954,222.463788334657,226.7325116762816,0.0
1.087,3.601175688857506,-1.3048887014370163,4.675899896769471,0.0,13.67635749448134,13.158173870315895,224.1014809048963,226.7325116762816,0.0
1.088,3.752652754417994,-1.2973710722074072,3.8833639193636773,0.0,13.754201062993241,13.213623218797347,217.2752641782764,226.7325116762816,0.0
1.089,3.85233886369782,-1.2235122115803057,7.391044757653688,0.0,13.821755911125411,13.655631539902622,221.2540641645319,226.7325116762816,0.0
1.09,4.123092265840464,-1.2239217965345877,5.456429239643423,0.0,13.927539749506133,13.783523985203667,218.19779442114827,226.7325116762816,0.0
1.091,4.282193467402344,-1.1977772997765783,7.069911283886576,0.0,14.032654458085965,14.091241151709152,217.89476818119462,226.7325116762816,0.0
1.092,4.526733324847865,-1.1483707320988708,7.309801838814272,0.0,14.152856134981395,14.363642840718292,218.4609610265747,226.7325116762816,0.0
1.093,4.747926215366734,-1.1414554629894818,7.109420922621304,0.0,14.288011199162934,14.574497902802939,215.1508900210964,226.7325116762816,0.0
1.094,4.972385990992058,-1.0671646724033708,8.88027264191231,0.0,14.42263342886141,14.952101816967623,216.5011371047698,226.7325116762816,0.0
1.095,5.244873782271036,-1.071635643741791,8.307462845790717,0.0,14.582788541759594,15.19696090863496,215.93257824399,226.7325116762816,0.0
1.096,5.508061147651139,-1.0055695917865202,8.699741610503533,0.0,14.744102077106234,15.456002632225996,211.8740340266848,226.7325116762816,0.0
1.097,5.743072180656646,-0.9773126870675517,10.0,0.0,14.912740832277773,15.821157832213268,215.55689163948267,226.7325116762816,0.0
1.098,6.053140671990144,-0.9376172871521908,9.130373919708116,0.0,15.096947306987387,16.026242511275253,211.63107179566902,226.7325116762816,0.0
1.099,6.3107414298332465,-0.8577619046716873,10.0,0.0,15.274854464058535,16.308359101087635,216.46440743592322,226.7325116762816,0.0
1.1,6.4971020594842015,-0.9448489398608584,8.90542549788913,0.0,15.473560692099422,16.433031629907596,227.728234956962,226.7325116762816,0.0
1.101,6.57598964274827,-1.0447253633923212,3.26355450456293,0.0,15.674979086454789,15.948633436542345,226.3916909498288,226.7325116762816,0.0
1.102,6.313635249718753,-1.0029871057885589,3.935234715394058,0.0,15.80222584946636,15.69276829413973,231.33168519804426,226.7325116762816,0.0
1.103,6.030764487769046,-1.016869361706855,1.4192458560687107,0.0,15.893105852663565,15.220231005528593,233.10749306410145,226.7325116762816,0.0
1.104,5.669470519217645,-0.9529599262140414,0.4675921091619162,0.0,15.920475266216545,14.761427051452966,234.1969388250902,226.7325116762816,0.0
1.105,5.268058559836028,-0.9259698559273328,-0.151775042820546,0.0,15.896897529630053,14.333168960737662,235.45400265035892,226.7325116762816,0.0
1.106,4.898324157990995,-0.888210395498167,-0.8675218651956769,0.0,15.828968117686335,13.909497091102926,236.40879585242035,226.7325116762816,0.0
1.107,4.535421645539064,-0.8778866309202427,-1.4416813079877837,0.0,15.724706440474238,13.501621329105184,236.5327679874138,226.7325116762816,0.0
1.108,4.199036835513556,-0.8663504512286793,-1.601669938595824,0.0,15.588917612663286,13.145623124625326,236.9329398621699,226.7325116762816,0.0
1.109,3.8991053870471166,-0.8750157302574,-1.9037601578327554,0.0,15.432176389675522,12.809644431233432,236.67762108806383,226.7325116762816,0.0
1.11,3.6280533102136574,-0.8902224244784731,-1.8755518648975489,0.0,15.259097503221366,12.524529713264203,236.31170635712792,226.7325116762816,0.0
1.111,3.39549655598822,-0.9168477149211047,-1.7883864462380554,0.0,15.077591748622186,12.282795413766141,235.79857987367103,226.7325116762816,0.0
1.112,3.200234244014007,-0.9523883236133297,-1.6224838864835065,0.0,14.89370635358484,12.083614882919283,235.21544642881238,226.7325116762816,0.0
1.113,3.0404071787925284,-0.9943655582311918,-1.4157465115794912,0.0,14.712553534687581,11.922674305349892,234.5857243688436,226.7325116762816,0.0
1.114,2.911727083593809,-1.0409434273378224,-1.1794176085207115,0.0,14.538125733178662,11.796197849054787,233.8833699068811,226.7325116762816,0.0
1.115,2.8105254145423157,-1.0891926317232765,-0.8997489598454562,0.0,14.373334699982454,11.703171903205662,233.18822649793591,226.7325116762816,0.0
1.116,2.734622229239402,-1.137280693012357,-0.616734403589414,0.0,14.220527370218905,11.638641697016046,232.6097686830435,226.7325116762816,0.0
1.117,2.680872595345816,-1.1824502268254362,-0.3862780662108314,0.0,14.08103552091929,11.59295725789339,232.12380052810346,226.7325116762816,0.0
1.118,2.6431565185027757,-1.2217188205801548,-0.1972068772590232,0.0,13.954792262612264,11.559996617277749,231.24661518429363,226.7325116762816,0.0
1.119,2.614794831894989,-1.2559361959490023,0.19624475956576992,0.0,13.841248491427404,11.561839307812608,230.18768923676564,226.7325116762816,0.0
1.12,2.6067812986852035,-1.2873130998527968,0.691155957724928,0.0,13.74235265209024,11.603246939391745,229.0338965765131,226.7325116762816,0.0
1.121,2.624261962305969,-1.3192313559254458,1.245038438848887,0.0,13.660684398973663,11.684599176490922,227.71386424017106,226.7325116762816,0.0
1.122,2.671120557156566,-1.348818797187213,1.8952410813810046,0.0,13.598253630856723,11.810653191638453,227.26446432111416,226.7325116762816,0.0
1.123,2.750004459975326,-1.377181744078398,2.11462151446113,0.0,13.557495390811646,11.927279906311474,228.18701157415012,226.7325116762816,0.0
1.124,2.834464788199706,-1.3927500468766396,1.6388028889644657,0.0,13.533904530077274,11.965132475300756,229.2947135581263,226.7325116762816,0.0
1.125,2.870864940085862,-1.3961016180004853,1.0593298781579334,0.0,13.51667100211091,11.93469744295869,224.91729010873905,226.7325116762816,0.0
1.1260000000000001,2.8704030614006424,-1.3552006671041603,3.266193818526977,0.0,13.49358470339714,12.154547132777086,222.19687097740277,226.7325116762816,0.0
1.127,2.98888573800462,-1.3461678123260206,4.671759791183908,0.0,13.494207399019958,12.469609128117549,225.76592237266274,226.7325116762816,0.0
1.1280000000000001,3.1858400244198037,-1.3782762377617808,2.896899986590109,0.0,13.529896279960251,12.52345681051473,226.06301062960046,226.7325116762816,0.0
1.129,3.2728876765224233,-1.3662969394531133,2.7550508685880644,0.0,13.565762233977923,12.570028108964797,220.159828423178,226.7325116762816,0.0
1.1300000000000001,3.337723888686841,-1.3067326965010369,5.772368804330329,0.0,13.596266448697191,12.942590830266237,222.15347492980558,226.7325116762816,0.0
1.131,3.559799317914702,-1.3024106760439622,4.821335918481298,0.0,13.661096734253922,13.122380969015218,224.4164169867063,226.7325116762816,0.0
1.1320000000000001,3.720897284408502,-1.2986092399259372,3.7130258369266866,0.0,13.737048067361464,13.162771320310426,217.53996400118407,226.7325116762816,0.0
1.133,3.8134484279342686,-1.2280172170617965,7.24317780643878,0.0,13.801716194133897,13.597547941125844,220.99426837940416,226.7325116762816,0.0
1.1340000000000001,4.080331573740916,-1.2248725491776367,5.573408050297511,0.0,13.903755177072014,13.747905885062828,219.22320538421693,226.7325116762816,0.0
1.135,4.247038452239329,-1.2066178661117326,6.534032610811776,0.0,14.008649487651606,14.00012940694115,216.68312238893097,226.7325116762816,0.0
1.1360000000000001,4.467468983465457,-1.1458722238456907,7.9045680013282595,0.0,14.12177724554247,14.356192365391378,219.11821701470978,226.7325116762816,0.0
1.137,4.723061922364767,-1.1528037229151011,6.763163635054569,0.0,14.260568444809564,14.522791051623736,213.45426363724704,226.7325116762816,0.0
1.1380000000000001,4.932403174474227,-1.07954463361609,9.727922804176288,0.0,14.394012577959604,15.00367493308265,218.51038721725556,226.7325116762816,0.0
1.139,5.251364090170753,-1.1046458381417636,7.282082258762291,0.0,14.565694409331343,15.118132499818394,213.7373571569403,226.7325116762816,0.0
1.1400000000000001,5.464141985583936,-1.0132637282574244,9.798548834113328,0.0,14.721350770106943,15.519366262422,214.8011363771241,226.7325116762816,0.0
1.141,5.7499549339034814,-1.0107908418134328,9.385972977013008,0.0,14.902206674655352,15.796182629447253,216.44663727646633,226.7325116762816,0.0
1.1420000000000001,6.03577917128964,-0.950015515786971,8.666081271340042,0.0,15.085998068452977,15.959758084542512,209.55978094821367,226.7325116762816,0.0
1.143,6.254160171788935,-0.8682820217826157,10.0,0.0,15.259384937300148,16.258121443036277,217.73149589523922,226.7325116762816,0.0
1.1440000000000001,6.456544504855394,-0.9238625153288361,8.23976469218976,0.0,15.45220064434211,16.31694361478733,225.87288042032958,226.7325116762816,0.0
1.145,6.517502125902856,-0.9864367623491312,4.1776687422041014,0.0,15.637944360091746,15.955255443662601,224.67531847269424,226.7325116762816,0.0
1.1460000000000001,6.302183161884378,-0.9822645950336473,4.797021648057643,0.0,15.76786020627904,15.781354902621565,232.5436689565826,226.7325116762816,0.0
1.147,6.083846637661864,-1.017253509987475,0.8047348333104583,0.0,15.87128491606158,15.214354749646914,231.32310509999567,226.7325116762816,0.0
1.1480000000000001,5.694234046863857,-0.9417719097224794,1.3691108273667778,0.0,15.89901427438971,14.857075330187223,234.46929375594527,226.7325116762816,0.0
1.149,5.334298205405538,-0.9329221320369224,-0.28135132140465924,0.0,15.888024095396293,14.386799008853316,234.7055434549678,226.7325116762816,0.0
1.1500000000000001,4.957104117832584,-0.8889864822259189,-0.4792064887027827,0.0,15.826360878466483,13.995083846056827,236.37732392396177,226.7325116762816,0.0
1.151,4.605708176887227,-0.8844548361065384,-1.4115448456765707,0.0,15.731633342374977,13.570676822881136,236.27053771886736,226.7325116762816,0.0
1.1520000000000001,4.263624078152207,-0.8699297801163121,-1.4535320035552237,0.0,15.602385417877318,13.218057836068336,236.80248462212964,226.7325116762816,0.0
1.153,3.961891921946456,-0.8782907704368641,-1.8202051846448444,0.0,15.451865346643313,12.877631473341264,236.65987060786205,226.7325116762816,0.0
1.154,3.686621721402472,-0.8924017531811623,-1.848171766826852,0.0,15.283823244458665,12.584048548032158,236.3614915292727,226.7325116762816,0.0
1.155,3.4472311323956206,-0.9168648234281768,-1.7952720260620953,0.0,15.105776887861303,12.332698605126753,235.89003509629705,226.7325116762816,0.0
1.156,3.243713144390209,-0.950278659601989,-1.6511190437744219,0.0,14.923831063909788,12.123999924286675,235.31634002941928,226.7325116762816,0.0
1.157,3.0756533102296446,-0.9901312323446271,-1.4501097938669112,0.0,14.743259598909365,11.955097418680008,234.70480125317744,226.7325116762816,0.0
1.158,2.9397892106660883,-1.0351994795849713,-1.2240633015149478,0.0,14.568414011317326,11.821147491403996,234.01610429184558,226.7325116762816,0.0
1.159,2.8321883819976454,-1.0824967347230183,-0.952550747004659,0.0,14.402410005349674,11.721191364326884,233.31529702385316,226.7325116762816,0.0
1.16,2.7505371551677977,-1.1301676762846766,-0.6679749664841665,0.0,14.24778161829148,11.651124286337467,232.70982511201504,226.7325116762816,0.0
1.161,2.6920087823349954,-1.1756171655095629,-0.4250121449224391,0.0,14.106132096539284,11.602102838751074,232.25735320940464,226.7325116762816,0.0
1.162,2.651197979834294,-1.2155750862625523,-0.25402460894847056,0.0,13.977686258594252,11.564101489036368,231.43353409944066,226.7325116762816,0.0
1.163,2.6192289256263557,-1.2506079538025459,0.11087472180192748,0.0,13.861738905694114,11.558593229459294,230.34487908625542,226.7325116762816,0.0
1.164,2.606817162891738,-1.2813788599243785,0.6190785542948123,0.0,13.759869933124287,11.595340092175356,229.28803534365707,226.7325116762816,0.0
1.165,2.620212095053564,-1.314269664266634,1.1219451889202308,0.0,13.675172823499487,11.666861102681555,227.94842928364093,226.7325116762816,0.0
1.166,2.6607954307209,-1.3437544140597142,1.779589042854706,0.0,13.609011940321594,11.7857422411594,227.3054799617849,226.7325116762816,0.0
1.167,2.733890893937324,-1.3726103653222244,2.095334020927692,0.0,13.564234566450224,11.906640018923223,227.58349072485237,226.7325116762816,0.0
1.168,2.8187807882440206,-1.3908840201434685,1.9478188489082489,0.0,13.537746250260078,11.982979229079085,229.62629414639997,226.7325116762816,0.0
1.169,2.8768254588705053,-1.400956032583033,0.8974793134332635,0.0,13.522465871524679,11.929437474592444,225.76121750069677,226.7325116762816,0.0
1.17,2.8675222564168283,-1.3642370789544618,2.8397305780407107,0.0,13.49921955019062,12.105476691118671,222.33044193071024,226.7325116762816,0.0
1.171,2.9599361282027443,-1.3485191004391264,4.5991390604896925,0.0,13.494539994542183,12.425441216361188,225.26059182311235,226.7325116762816,0.0
1.172,3.1545003317886007,-1.374081501991331,3.1487833128203286,0.0,13.525293890938737,12.515330192769909,227.07173812119308,226.7325116762816,0.0
1.173,3.2591875714005303,-1.368483367183192,2.2398178993308493,0.0,13.561089876492096,12.504253068848811,220.9190195106278,226.7325116762816,0.0
1.174,3.297565230172771,-1.3049001380820302,5.3743121262700235,0.0,13.585260377244955,12.848572604904529,221.05737605730496,226.7325116762816,0.0
1.175,3.5002699218529294,-1.2891271009151144,5.361885209121211,0.0,13.640346579730757,13.106251594777113,224.45983406265756,226.7325116762816,0.0
1.176,3.6949871320455463,-1.2994343979135274,3.6833829825811515,0.0,13.716983593996726,13.139768483958706,218.25216830417133,226.7325116762816,0.0
1.177,3.789166658661832,-1.2426512445447855,6.872019295545369,0.0,13.782959375913718,13.536719826514346,220.38615313948742,226.7325116762816,0.0
1.178,4.042297029209507,-1.2272185104354623,5.868490463255268,0.0,13.880902944676237,13.731396532830484,220.67213876197354,226.7325116762816,0.0
1.179,4.223953293497212,-1.2182109943083408,5.786101381155287,0.0,13.987683327761216,13.899921529316988,214.8989748648515,226.7325116762816,0.0
1.18,4.405054481424124,-1.1456225027901243,8.791018697830603,0.0,14.092743513280627,14.375532292089545,220.62471504805433,226.7325116762816,0.0
1.181,4.7101656229574935,-1.1699224986771561,5.989226572511469,0.0,14.238257640988106,14.444090476495523,213.88788212943183,226.7325116762816,0.0
1.182,4.878173622220631,-1.0937695774101273,9.486089327291214,0.0,14.36745635306719,14.917587311007004,218.9502847995208,226.7325116762816,0.0
1.183,5.189915100520439,-1.098266905068099,7.032710261014337,0.0,14.532341112644563,15.019202525816647,212.8997948083924,226.7325116762816,0.0
1.184,5.38476048756524,-1.0135787310753603,10.0,0.0,14.681538245329374,15.459764779262322,215.93404810814943,226.7325116762816,0.0
1.185,5.689560664497382,-1.014578063520751,8.78321476255509,0.0,14.860828698399196,15.676091681531023,215.30087720702974,226.7325116762816,0.0
1.186,5.954310251739267,-0.9372356810572084,9.21411655780745,0.0,15.035305140993472,15.922207535904771,209.21318712952004,226.7325116762816,0.0
1.187,6.193159033303597,-0.8932466271113402,10.0,0.0,15.21288015265627,16.219671739689552,217.9268077383804,226.7325116762816,0.0
1.188,6.437945434985829,-0.8991279181103988,8.11573848013815,0.0,15.403530916080634,16.26548140628602,221.80809885913246,226.7325116762816,0.0
1.189,6.500806163820942,-0.9545724166044618,6.224337047933615,0.0,15.585737651746555,16.13209682406635,224.8461635923321,226.7325116762816,0.0
1.19,6.388441648665497,-1.0223691227665699,4.724168162173293,0.0,15.743288448316815,15.897155514479103,232.96538685449852,226.7325116762816,0.0
1.191,6.194677180779308,-1.024153463526197,0.6022277793079098,0.0,15.861108344693255,15.283242108565943,230.24573507040148,226.7325116762816,0.0
1.192,5.766697192774837,-0.9596517902605044,1.9269214374152304,0.0,15.898641883373923,14.974577893103834,236.15560202500433,226.7325116762816,0.0
1.193,5.425288694331628,-0.9474300579498083,-1.1222429433734207,0.0,15.900856272818782,14.385153569536879,233.79251513328293,226.7325116762816,0.0
1.194,4.990767388187599,-0.8766898697429574,-0.011299532082736263,0.0,15.836247587582823,14.051971795012381,235.991673761917,226.7325116762816,0.0
1.195,4.649875545843022,-0.8754375719825714,-1.203470467256131,0.0,15.745351242546432,13.636551982031223,236.0299741151603,226.7325116762816,0.0
1.196,4.315690154757921,-0.8644133666354729,-1.315595268266554,0.0,15.620802411104988,13.286523971681046,236.68944326457145,226.7325116762816,0.0
1.197,4.016859544187934,-0.8758180475739934,-1.7448991588550355,0.0,15.475070418729377,12.942471212518956,236.61290899801904,226.7325116762816,0.0
1.198,3.74015761076488,-0.8901707390107122,-1.8054359987962028,0.0,15.310971098923776,12.64333342311871,236.39484172495236,226.7325116762816,0.0
1.199,3.4965596357476225,-0.9141912468903239,-1.79302566274957,0.0,15.135866661111097,12.383698743960132,235.96259273507604,226.7325116762816,0.0
1.2,3.2868526695708282,-0.9460796340312424,-1.6692019783993572,0.0,14.955576716670533,12.166645377383484,235.42871795947144,226.7325116762816,0.0
1.201,3.1117417633951407,-0.9848471913513448,-1.4892266534289549,0.0,14.77555597745016,11.988992531941234,234.81878842654842,226.7325116762816,0.0
1.202,2.9688215884282005,-1.0285690265040976,-1.2651246544701138,0.0,14.600193753901209,11.84792447394156,234.1467924102458,226.7325116762816,0.0
1.203,2.855091812236366,-1.0751176580367015,-1.0032694536584486,0.0,14.432944078024242,11.741071125118076,233.44958134917312,226.7325116762816,0.0
1.204,2.767829128370624,-1.1225075469358812,-0.721834619851017,0.0,14.276481436316203,11.664979020763258,232.81879417261172,226.7325116762816,0.0
1.205,2.704318946929539,-1.1682646883988757,-0.4673038565336185,0.0,14.132615235015429,11.612147391419821,232.35804059853655,226.7325116762816,0.0
1.206,2.6600180811456133,-1.209060057765556,-0.2931823587185831,0.0,14.001882410126086,11.571058355428956,231.6007936304805,226.7325116762816,0.0
1.207,2.625598532672955,-1.244930038410355,0.03675830576745387,0.0,13.883651708303855,11.558900340337702,230.54600772215116,226.7325116762816,0.0
1.208,2.6090677927317016,-1.2760528887007103,0.5260162994734263,0.0,13.77909308888022,11.588128215144964,229.5481037698204,226.7325116762816,0.0
1.209,2.6173059205282545,-1.3090537921291927,0.9968123547034251,0.0,13.691231989753893,11.649800925210338,228.2214764367512,226.7325116762816,0.0
1.21,2.651146446012246,-1.33832296171251,1.6452363736333204,0.0,13.621213871166619,11.75949885936126,227.415524728206,226.7325116762816,0.0
1.211,2.7172735592552697,-1.367304922177516,2.041382097386674,0.0,13.57206268180849,11.88138140046004,227.37919704277212,226.7325116762816,0.0
1.212,2.7995455927816146,-1.3893441880382114,2.0530790864387134,0.0,13.542149365136073,11.975097127515848,229.2222457683378,226.7325116762816,0.0
1.213,2.8699931493422723,-1.3983744458655014,1.1066573827353041,0.0,13.52537188853887,11.945300082014533,226.870239551754,226.7325116762816,0.0
1.214,2.871549516053636,-1.375703317445467,2.2812832122724886,0.0,13.504708328346785,12.056011326917119,222.66000371583618,226.7325116762816,0.0
1.215,2.9323365887735013,-1.353930018195297,4.4271262098358495,0.0,13.495013897030846,12.37121054841475,224.2531355975927,226.7325116762816,0.0
1.216,3.1195414125856735,-1.3678288531355824,3.655354029744486,0.0,13.5195554358322,12.527582374953207,227.57113076207423,226.7325116762816,0.0
1.217,3.2561910386824056,-1.3723196620713147,1.9879702566457875,0.0,13.557635004040788,12.481917268845486,222.1149162974033,226.7325116762816,0.0
1.218,3.279802904564586,-1.317614580053561,4.762253442770032,0.0,13.581277637706439,12.765240809387986,219.5598466209917,226.7325116762816,0.0
1.219,3.450303425317907,-1.2857870512712959,6.11151493152874,0.0,13.6279343847139,13.124753252520968,223.91118359771033,226.7325116762816,0.0
1.22,3.686145500971479,-1.3121845481122372,3.964059723955132,0.0,13.709098701274236,13.179029815206352,219.89658219156132,226.7325116762816,0.0
1.221,3.7978904824889805,-1.2740643545003842,6.039719721876841,0.0,13.78311704618137,13.475858777915969,219.31451747319753,226.7325116762816,0.0
1.222,4.010586508532631,-1.2329681888413409,6.40493202308958,0.0,13.875277076582373,13.747544318949892,221.8372883899248,226.7325116762816,0.0
1.223,4.216416673774365,-1.2317862401532211,5.192498797589514,0.0,13.985670605347568,13.843743173187239,215.5042699048481,226.7325116762816,0.0
1.224,4.360564103681212,-1.1590326382694132,8.471290457842203,0.0,14.086653589939637,14.300354994122824,220.75868116583604,226.7325116762816,0.0
1.225,4.654703503053182,-1.1608502952042183,5.903823132452683,0.0,14.224126936447725,14.375280749396842,214.02280774799416,226.7325116762816,0.0
1.226,4.813341288290268,-1.0950989687327082,9.398856880656494,0.0,14.348094701351194,14.852080886968219,219.20546104660878,226.7325116762816,0.0
1.227,5.130751493644902,-1.0937578551165796,6.882800737645917,0.0,14.507855694288395,14.948552529322967,212.57537726752332,226.7325116762816,0.0
1.228,5.3197061720592655,-1.0162315084422187,10.0,0.0,14.65277326516933,15.40179467445298,216.72390924974482,226.7325116762816,0.0
1.229,5.632507332991595,-1.017290156965763,8.358445725005321,0.0,14.829415008279504,15.579942818366717,213.9312493724336,226.7325116762816,0.0
1.23,5.88093462715751,-0.9318504260242606,9.882788286699412,0.0,14.996798434581237,15.917834555987465,210.95221122559855,226.7325116762816,0.0
1.231,6.154703589349409,-0.9156845547599595,10.0,0.0,15.180308843485212,16.20869501242299,217.71100613014852,226.7325116762816,0.0
1.232,6.423168362803132,-0.9013259009358605,8.210325760517637,0.0,15.373136463934337,16.263990745171302,222.1496770507937,226.7325116762816,0.0
1.233,6.50352299568188,-0.9446446066173175,6.03681864644992,0.0,15.557119539776577,16.10569626465495,222.9487253135122,226.7325116762816,0.0
1.234,6.389474540943271,-0.9945053175684038,5.67513237871837,0.0,15.711926351130764,15.976927997814682,232.66314464543908,226.7325116762816,0.0
1.235,6.236908526068061,-1.0358729518394174,0.758616383063357,0.0,15.842427487325804,15.354959119038021,229.91274487037066,226.7325116762816,0.0
1.236,5.831538228474727,-0.9578926415385909,2.1020139386566745,0.0,15.888690111547877,15.048241205416861,234.64077294296763,226.7325116762816,0.0
1.237,5.489781104952202,-0.9536917283296504,-0.34108271030867066,0.0,15.899972384635653,14.52818631924945,234.09342105079418,226.7325116762816,0.0
1.238,5.091976043962628,-0.8939767209646656,-0.14101585796707017,0.0,15.85159430011985,14.148044454728408,236.10996939083674,226.7325116762816,0.0
1.239,4.735351359712911,-0.8876242520823507,-1.243064605133902,0.0,15.769938216100115,13.713103602153701,235.97228083856456,226.7325116762816,0.0
1.24,4.384600433731464,-0.8681658849975316,-1.2666180206206414,0.0,15.650876759534379,13.35693719321808,236.6984120532412,226.7325116762816,0.0
1.241,4.075533371677394,-0.8753080046706276,-1.7293426317285654,0.0,15.509085024566545,13.004306974018572,236.68311495898124,226.7325116762816,0.0
1.242,3.7902084546785844,-0.8863879816767548,-1.8212001174255725,0.0,15.347356817449482,12.695578596175972,236.49814166389376,226.7325116762816,0.0
1.243,3.538226170962247,-0.9078865492368937,-1.8263697697579575,0.0,15.173182635921423,12.42676495054514,236.07271905635366,226.7325116762816,0.0
1.244,3.3206816964923602,-0.9379767881737266,-1.7070605397886283,0.0,14.992639448590536,12.202001032499066,235.53992024233168,226.7325116762816,0.0
1.245,3.139161806686066,-0.9752869463891203,-1.5287352184381353,0.0,14.811477403202453,12.017873623707356,234.9548295195357,226.7325116762816,0.0
1.246,2.9908685775346804,-1.0185614329722579,-1.3184130354726924,0.0,14.634405913416003,11.869891994477301,234.2852018757267,226.7325116762816,0.0
1.247,2.872075881703587,-1.0648948642486438,-1.0591261155626395,0.0,14.464907342259757,11.757003982801956,233.58253265897505,226.7325116762816,0.0
1.248,2.7803500350352253,-1.1124714465808687,-0.7762917170137515,0.0,14.305839916795385,11.67587574599501,232.9260890591369,226.7325116762816,0.0
1.249,2.713017750689861,-1.1590077935490934,-0.5100056909232271,0.0,14.159209642539945,11.619906002018105,232.41832197407524,226.7325116762816,0.0
1.25,2.6659750813875744,-1.2013589826756819,-0.3129802513703339,0.0,14.02583868864659,11.578381513883048,231.78159769525885,226.7325116762816,0.0
1.2510000000000001,2.6310498706092074,-1.238570147378001,-0.045108972151912674,0.0,13.905322097555059,11.558539311983257,230.72559369062483,226.7325116762816,0.0
1.252,2.6103994893034748,-1.2703611957147491,0.4429622100216646,0.0,13.797997849052726,11.581561078247049,229.74870452027432,226.7325116762816,0.0
1.2530000000000001,2.6145075622453335,-1.3033193984704925,0.9012448667569961,0.0,13.707015693846762,11.636420231616716,228.4721549485704,226.7325116762816,0.0
1.254,2.643312727760632,-1.3332822766014911,1.5221232198860708,0.0,13.633584004065213,11.737281558928405,227.54679863852334,226.7325116762816,0.0
1.2550000000000001,2.7034005174029416,-1.3623177800118234,1.9766585052871783,0.0,13.580475892586817,11.858182077188093,226.86065912957832,226.7325116762816,0.0
1.256,2.782929417371604,-1.3865563171843027,2.3184467852267203,0.0,13.547144528137103,11.986585789313187,228.64358866182317,226.7325116762816,0.0
1.2570000000000001,2.8719814950634195,-1.4017332947124208,1.4078712492488794,0.0,13.531413753501234,11.986234362477429,228.39193320638375,226.7325116762816,0.0
1.258,2.8910491941969134,-1.3928043576391127,1.5171047616675675,0.0,13.51608696079203,12.00425951645973,224.11814093150753,226.7325116762816,0.0
1.2590000000000001,2.9112397902806815,-1.3533695549251485,3.6801446065534225,0.0,13.499846823824175,12.253761235008252,222.86071261676736,226.7325116762816,0.0
1.26,3.052809993225827,-1.3470742120855954,4.347576754518649,0.0,13.509882732722744,12.513105089469327,226.15406806461016,226.7325116762816,0.0
1.2610000000000001,3.2277257878002366,-1.3686033889845932,2.7066834667139634,0.0,13.547280599064853,12.54252053086225,224.0472824937521,226.7325116762816,0.0
1.262,3.2973375934830496,-1.3442587350719908,3.786928543968284,0.0,13.580987019212667,12.702061965446749,218.39097628996666,226.7325116762816,0.0
1.2630000000000001,3.416999770848847,-1.2997839745202864,6.698496999724157,0.0,13.622628163682586,13.14602325649477,223.97429003233086,226.7325116762816,0.0
1.264,3.6867575392658583,-1.3243101373694834,3.934422344981566,0.0,13.707643948329245,13.188111903553526,222.2213089046338,226.7325116762816,0.0
1.2650000000000001,3.793538799341257,-1.297264560995906,4.856024936546579,0.0,13.785146744187525,13.354461935066524,216.77353274371933,226.7325116762816,0.0
1.266,3.9410168634483327,-1.2268702378338845,7.67950280632943,0.0,13.864061343827192,13.798139008323492,223.049240944625,226.7325116762816,0.0
1.2670000000000001,4.217446564037231,-1.2437800907809446,4.578481413193154,0.0,13.982016217884388,13.807060215852204,216.23174087115385,226.7325116762816,0.0
1.268,4.3290297829623645,-1.1771958829064877,8.092239157980014,0.0,14.081574363893075,14.234898498815806,220.40346696382372,226.7325116762816,0.0
1.2690000000000001,4.608700333465549,-1.155694370461332,6.069666558769658,0.0,14.212261199307028,14.342640276356807,214.86255840848978,226.7325116762816,0.0
1.27,4.767894473328986,-1.1081832579864108,8.958820369114548,0.0,14.335642321685897,14.7759945549352,218.85532832892457,226.7325116762816,0.0
1.2710000000000001,5.074461738720829,-1.0859469478246924,7.04120724237072,0.0,14.48804987669168,14.9063920780539,212.83405298015668,226.7325116762816,0.0
1.272,5.26654348205918,-1.0270980268587024,10.0,0.0,14.632005410304112,15.365570619854667,217.5512802012255,226.7325116762816,0.0
1.2730000000000001,5.591719891232243,-1.021782241879341,7.920211617857751,0.0,14.807486997597307,15.501013623649012,212.6244926633401,226.7325116762816,0.0
1.274,5.816203114549279,-0.9357322574667714,10.0,0.0,14.969552386105029,15.868593701177165,212.56516469286487,226.7325116762816,0.0
1.2750000000000001,6.100165675896887,-0.9206193236243392,10.0,0.0,15.151367320636254,16.165833376466782,216.76168860410536,226.7325116762816,0.0
1.276,6.395779045938401,-0.8725871395285666,8.673265009155305,0.0,15.339592318331201,16.27591188359656,218.3897491342676,226.7325116762816,0.0
1.2770000000000001,6.502898508557629,-0.9376811615299503,7.942662369494331,0.0,15.527643331230745,16.31787909214089,226.17173412375755,226.7325116762816,0.0
1.278,6.498631736759999,-1.038905355818706,4.057277650274592,0.0,15.711569684846518,15.955908927927114,229.40531832152575,226.7325116762816,0.0
1.2790000000000001,6.27924375240244,-1.0135886598721315,2.413757484938046,0.0,15.837109308182331,15.530685055062829,230.26826425528319,226.7325116762816,0.0
1.28,5.928042882252862,-0.9935701360692779,1.946926992269315,0.0,15.90562371123928,15.162059595151227,233.46987914281385,226.7325116762816,0.0
1.281,5.592900642591915,-0.9536288365884906,0.27874587383865945,0.0,15.926230770294513,14.691670141097012,235.09623122564244,226.7325116762816,0.0
1.282,5.197037703413548,-0.9318617918276205,-0.6180673630692435,0.0,15.895743216109915,14.22860619439119,235.6270040085873,226.7325116762816,0.0
1.283,4.813422541400568,-0.8873576808459881,-0.9723986778647333,0.0,15.81732024091283,13.817030613108704,236.89994037316114,226.7325116762816,0.0
1.284,4.453291164256119,-0.8781747508812943,-1.7105411471204475,0.0,15.705016923920898,13.396896233830349,236.73504205415625,226.7325116762816,0.0
1.285,4.113026226581805,-0.8646749462506886,-1.7281172913967482,0.0,15.560537351490606,13.046820838975531,236.97994511052605,226.7325116762816,0.0
1.286,3.8167681071243567,-0.8733041277626584,-1.9530431539240891,0.0,15.396582404830486,12.721924686691496,236.64707586103935,226.7325116762816,0.0
1.287,3.553900567822071,-0.891032882865269,-1.8857541710283212,0.0,15.218397208854142,12.448726549842334,236.20064188169127,226.7325116762816,0.0
1.288,3.3313730955232446,-0.9205556454703946,-1.7572184834083746,0.0,15.03378093512605,12.220345089449546,235.65873265199255,226.7325116762816,0.0
1.289,3.1472707853705577,-0.9588273102541294,-1.5755260783161256,0.0,14.848702798231649,12.033066934800974,235.06032707923183,226.7325116762816,0.0
1.29,2.997721406784916,-1.0031172616877282,-1.3596014459652652,0.0,14.66789383757169,11.88255297597839,234.40880354567074,226.7325116762816,0.0
1.291,2.878022505840834,-1.051154898196439,-1.1106025978786116,0.0,14.494955617597093,11.76591152925608,233.69609191271263,226.7325116762816,0.0
1.292,2.7848515821771636,-1.1001987620468454,-0.8238825837638695,0.0,14.332561523606177,11.681741430873863,233.01404409337613,226.7325116762816,0.0
1.293,2.716072807532422,-1.1483536765660747,-0.5456739982665626,0.0,14.182796431134749,11.624118633168617,232.47949918133943,226.7325116762816,0.0
1.294,2.668160114606049,-1.192639848605324,-0.3358714172987942,0.0,14.046635497919057,11.582160412513684,231.90843284510987,226.7325116762816,0.0
1.295,2.633753618929465,-1.230812780061902,-0.1020974608722951,0.0,13.92365099669928,11.557704617595078,230.92675123955257,226.7325116762816,0.0
1.296,2.6103846302550657,-1.264805390052946,0.34680094627364433,0.0,13.81387682389406,11.572663561065557,229.87760448168945,226.7325116762816,0.0
1.297,2.6104284056563634,-1.2968836586602088,0.83992339715113,0.0,13.719764646163306,11.624665173252648,228.67392084860145,226.7325116762816,0.0
1.298,2.6360926744069295,-1.328315485254254,1.4223511219719267,0.0,13.643400565663606,11.718368599860918,227.63913622208744,226.7325116762816,0.0
1.299,2.6918078888424963,-1.3575677145114633,1.9306771897708734,0.0,13.586946662827058,11.839284835067653,227.05530446312665,226.7325116762816,0.0
1.3,2.7700379737130953,-1.383358578414231,2.219365141382822,0.0,13.550774246531567,11.96108831327798,228.39218071089397,226.7325116762816,0.0
1.301,2.856304404309581,-1.39755124350808,1.5343303271530377,0.0,13.531702704207955,11.980146486439422,228.82389805732876,226.7325116762816,0.0
1.302,2.8838921198948464,-1.3943422303838588,1.2975577901251687,0.0,13.515949215338246,11.974025072713175,224.4683170816133,226.7325116762816,0.0
1.303,2.8941402779204672,-1.35322467761178,3.4979902239295866,0.0,13.496668093309196,12.210504324334385,222.45592546822695,226.7325116762816,0.0
1.304,3.0254326150838002,-1.3451695168447175,4.546951892703303,0.0,13.502488116488514,12.500449322309917,226.09454346458213,226.7325116762816,0.0
1.305,3.213993646551953,-1.37100355723199,2.7340225766427086,0.0,13.53964293319773,12.532641191261567,225.06452862703142,226.7325116762816,0.0
1.306,3.287008447943549,-1.3529443633311364,3.265709825910565,0.0,13.574056603398217,12.635798227730646,218.8406820288103,226.7325116762816,0.0
1.307,3.3776350507641073,-1.3011787394016203,6.456551421495836,0.0,13.609830983532326,13.068517852298218,223.03721458139808,226.7325116762816,0.0
1.308,3.636633130146543,-1.3146067745651062,4.395238116150787,0.0,13.687294628217064,13.175306550174781,223.49865559099678,226.7325116762816,0.0
1.309,3.771439829436174,-1.3011964955782114,4.196856172204284,0.0,13.76608136718079,13.265715105823462,216.71173712758727,226.7325116762816,0.0
1.31,3.8850712145045723,-1.228201426867571,7.690523149395981,0.0,13.83813493304471,13.730097281369568,222.26387780215705,226.7325116762816,0.0
1.311,4.16955213669552,-1.2353273364425956,4.959139150852334,0.0,13.950935160617204,13.789701098745418,217.3294605847963,226.7325116762816,0.0
1.312,4.299886167003725,-1.1930539770012885,7.5203782704475675,0.0,14.053694418535745,14.15218276616985,219.1529822342452,226.7325116762816,0.0
1.313,4.560805894535556,-1.1520947220950124,6.684412740143477,0.0,14.178343132959592,14.343725763388871,216.8978238888621,226.7325116762816,0.0
1.314,4.747789306564521,-1.129035592597908,7.910338790709227,0.0,14.30755436396734,14.653831875145784,217.45880411716828,226.7325116762816,0.0
1.315,5.010243784131402,-1.0727633534740262,7.722585752147264,0.0,14.448895728041343,14.88593624566823,214.317302424363,226.7325116762816,0.0
1.316,5.224608140885356,-1.0486864989758247,9.417488691069096,0.0,14.597227661156637,15.276325634745604,217.19316401352316,226.7325116762816,0.0
1.317,5.5376166586651605,-1.0141102592195974,8.074951373116598,0.0,14.766202722039928,15.44559385047452,211.37206594271808,226.7325116762816,0.0
1.318,5.759629986089891,-0.9514924091038905,10.0,0.0,14.928664897292625,15.818722092016662,214.48288010335435,226.7325116762816,0.0
1.319,6.053574925870462,-0.9310213250360833,9.683412003948817,0.0,15.110568038427955,16.086594750993775,214.68530167707797,226.7325116762816,0.0
1.32,6.343771613452474,-0.8627800904271754,9.70267331707904,0.0,15.293766306381173,16.322172896355333,217.64405751705178,226.7325116762816,0.0
1.321,6.519422703113445,-0.9387792908598991,8.314179938684436,0.0,15.491244886468897,16.383166516234454,225.53788216769289,226.7325116762816,0.0
1.322,6.547396531838843,-1.0468635252909866,4.379213908449769,0.0,15.686204244318866,16.037526692329394,229.07825136331257,226.7325116762816,0.0
1.323,6.3461221258840235,-1.0250229521081153,2.5855719137696145,0.0,15.823620378598902,15.610415750429642,229.89678241205567,226.7325116762816,0.0
1.324,5.9979722407769565,-1.0042320132817733,2.144663682040325,0.0,15.902515207721892,15.245477773906686,233.31985383622475,226.7325116762816,0.0
1.325,5.663615832110663,-0.9635972735147054,0.3672545483563532,0.0,15.932764844294168,14.767114861662598,234.78552336346453,226.7325116762816,0.0
1.326,5.262947424698873,-0.9372131128310024,-0.4461103321353672,0.0,15.909657315707273,14.30864711951153,235.6821883097123,226.7325116762816,0.0
1.327,4.878342750618945,-0.8917150396980092,-0.9839395715935582,0.0,15.838272819326175,13.880987661256075,236.76235979443078,226.7325116762816,0.0
1.328,4.508392289386488,-0.8782331725510198,-1.6243237951342882,0.0,15.73023280210279,13.460740230987923,236.72445101211252,226.7325116762816,0.0
1.329,4.164041529293926,-0.8628374190956881,-1.7052887973334703,0.0,15.589413329366323,13.103390313015598,237.03128975031478,226.7325116762816,0.0
1.33,3.86180035805908,-0.8698635525273283,-1.9616959471749316,0.0,15.427867644318301,12.770101324341208,236.71411648535064,226.7325116762816,0.0
1.331,3.592285749231816,-0.8855084430840997,-1.9029253627835523,0.0,15.25079830553457,12.48963969706957,236.29134801957656,226.7325116762816,0.0
1.332,3.3635467246841255,-0.9135284841448664,-1.7871294933294601,0.0,15.066315493513162,12.254133285054728,235.75681187076938,226.7325116762816,0.0
1.333,3.1736139847439864,-0.9507822862713062,-1.6101044208707496,0.0,14.880548039315716,12.060649243463086,235.16691461648662,226.7325116762816,0.0
1.334,3.0190700634026633,-0.9944210583912921,-1.3994998231314195,0.0,14.698436653290779,11.904433619585745,234.52680454564174,226.7325116762816,0.0
1.335,2.8949565795365646,-1.042277684819076,-1.157387716402579,0.0,14.523742684666466,11.782261749268283,233.81557505358288,226.7325116762816,0.0
1.336,2.7977295627860723,-1.0914070538098486,-0.87260360414616,0.0,14.359226590197535,11.693196637404949,233.12108838220632,226.7325116762816,0.0
1.337,2.7253217578963005,-1.1400325942570326,-0.5892460355171316,0.0,14.207113109748455,11.631900507078052,232.55717699166655,226.7325116762816,0.0
1.338,2.674492446071191,-1.185315306864791,-0.3655369934010948,0.0,14.06857620729397,11.588164206937277,232.04023808648756,226.7325116762816,0.0
1.339,2.6385984094382127,-1.2245906644861293,-0.16014480491366,0.0,13.943386827283128,11.558743947788964,231.15317698827718,226.7325116762816,0.0
1.34,2.612054515335231,-1.259841278882204,0.23917909107157476,0.0,13.831259173365892,11.564179371212893,229.99380541014045,226.7325116762816,0.0
1.341,2.6071586745687507,-1.2902679756131523,0.7862519428013504,0.0,13.733882257679216,11.614316365176418,228.89147860237537,226.7325116762816,0.0
1.342,2.6297784467892122,-1.3233314455057976,1.315825677422953,0.0,13.654589447678442,11.699947217114083,227.708465590788,226.7325116762816,0.0
1.343,2.6805109450368314,-1.3529846409130297,1.8975726440715777,0.0,13.59472022066738,11.822427754757998,227.21425443477096,226.7325116762816,0.0
1.344,2.7583130480063742,-1.3802377343221457,2.1398607944951995,0.0,13.555787278442747,11.93945663647236,228.2342848311492,226.7325116762816,0.0
1.345,2.842528225484156,-1.3945640753002861,1.6148278647574004,0.0,13.533753885185519,11.97222718352457,229.17977086422394,226.7325116762816,0.0
1.346,2.8762647078284562,-1.3956768557928196,1.1176122563406121,0.0,13.517180028403631,11.94720508763427,224.78191526792864,226.7325116762816,0.0
1.347,2.878115193680416,-1.354049065198023,3.3360460185717926,0.0,13.495171162940549,12.172161496964135,222.18533576910804,226.7325116762816,0.0
1.348,3.000284389352601,-1.3450112323934214,4.67980752705383,0.0,13.497280941254205,12.484630700459993,225.82073991017566,226.7325116762816,0.0
1.349,3.1968687306396917,-1.3767275390905573,2.8712231741810768,0.0,13.534005834150811,12.533279481951958,225.77924111580495,226.7325116762816,0.0
1.35,3.2813064378258523,-1.3631722041919838,2.901505276971198,0.0,13.570114866001138,12.594830445042417,219.80731757664483,226.7325116762816,0.0
1.351,3.3532682500514333,-1.3055997385399336,5.9567189875476245,0.0,13.602570673102733,12.982536479871415,222.3900743395025,226.7325116762816,0.0
1.352,3.5849338352856353,-1.3054222266819524,4.7087649794865865,0.0,13.671107701329223,13.142126817681687,224.309182732722,226.7325116762816,0.0
1.353,3.7385603321167884,-1.298639542010351,3.773444072312425,0.0,13.748005740318787,13.18762380602595,217.39447557061152,226.7325116762816,0.0
1.354,3.8329568169033412,-1.224778018372366,7.32417801442437,0.0,13.81370673349036,13.627347493780592,221.15022021847506,226.7325116762816,0.0
1.355,4.101678351645918,-1.2235982221280588,5.502128605070666,0.0,13.917418833769748,13.765120733653077,218.63566733247762,226.7325116762816,0.0
1.356,4.264037534574264,-1.2010997292606143,6.840373491507423,0.0,14.022074011755468,14.049742996393146,217.3817149762041,226.7325116762816,0.0
1.357,4.498841982786942,-1.1468387255805506,7.560857636644955,0.0,14.138982172740489,14.358034460284427,218.79891711210738,226.7325116762816,0.0
1.358,4.735121186332317,-1.145793216479206,6.931592514335064,0.0,14.275456268051789,14.547120921071754,214.36075274776672,226.7325116762816,0.0
1.359,4.952060313167779,-1.0710260474135966,9.274392285790539,0.0,14.408977666404489,14.973446259478234,217.3813139698109,226.7325116762816,0.0
1.36,5.245790953500561,-1.0861146152071894,7.857623651833163,0.0,14.57418687291052,15.161077677261222,214.89484605354014,226.7325116762816,0.0
1.361,5.4883682759351595,-1.0074680570684929,9.219234266195954,0.0,14.73283629347105,15.486665528771514,213.35767898922762,226.7325116762816,0.0
1.362,5.746087688396786,-0.9946225541576652,10.0,0.0,14.907553017387755,15.841904299615209,216.06932344057955,226.7325116762816,0.0
1.363,6.060661417868841,-0.9519847941286605,8.86994445939935,0.0,15.09576024742307,16.01495118284478,211.07820689915314,226.7325116762816,0.0
1.364,6.298708306344691,-0.8696422148108676,10.0,0.0,15.273820136653155,16.302081345189396,217.04237647300755,226.7325116762816,0.0
1.365,6.4923109356579,-0.9369439733190341,8.6064214274317,0.0,15.47101367242376,16.39479446149433,227.6351147109149,226.7325116762816,0.0
1.366,6.5580443827209685,-1.0234369079108627,3.30102627813169,0.0,15.666600371467824,15.923003286164722,225.66531948440124,226.7325116762816,0.0
1.367,6.296312055432139,-0.9853360688145418,4.296595813307327,0.0,15.790393261428003,15.709964389107192,231.506259970125,226.7325116762816,0.0
1.368,6.037102137679303,-1.00953607317496,1.3283880875070118,0.0,15.883545981557024,15.220045893241569,232.52653115516506,226.7325116762816,0.0
1.369,5.675892927486679,-0.9446700124154059,0.7603123001981471,0.0,15.911014313359424,14.792769173573099,233.97880007661183,226.7325116762816,0.0
1.37,5.290329114719626,-0.9250321243990145,-0.03828504452854142,0.0,15.89149663294053,14.367601936307318,235.27755372022054,226.7325116762816,0.0
1.371,4.927660891267337,-0.8894062577507129,-0.773112286772283,0.0,15.827691530385795,13.94619249797876,236.30148766261797,226.7325116762816,0.0
1.372,4.567170250461556,-0.8808708997858696,-1.3807690178343641,0.0,15.727543363544026,13.537076813487309,236.42333716647855,226.7325116762816,0.0
1.373,4.230529961493131,-0.8688307882491542,-1.5386020246666208,0.0,15.595259386247907,13.180998342698368,236.8960972182317,226.7325116762816,0.0
1.374,3.9295376033000142,-0.8774741539607236,-1.876617905962692,0.0,15.441667130946144,12.84143866089602,236.67712333875258,226.7325116762816,0.0
1.375,3.655692474278992,-0.8916797366061673,-1.8665770828478472,0.0,15.270954313428199,12.552073411709706,236.3465046751101,226.7325116762816,0.0
1.3760000000000001,3.4195403030050113,-0.9169328503295151,-1.797407681014898,0.0,15.09101203942654,12.305319919210634,235.8517617941131,226.7325116762816,0.0
1.377,3.2199149812368706,-0.9514094106225903,-1.6412287416947011,0.0,14.907928534070134,12.101332801549951,235.26094111604965,226.7325116762816,0.0
1.3780000000000001,3.0559640786461686,-0.9921852614342225,-1.431102697060663,0.0,14.726895245469656,11.937026466703534,234.6416422637949,226.7325116762816,0.0
1.379,2.924036977749112,-1.0380833445183903,-1.2005445768084173,0.0,14.55217568287572,11.807180041335883,233.94557469689343,226.7325116762816,0.0
1.3800000000000001,2.8199662876292173,-1.0859391924015755,-0.9246414235638043,0.0,14.386748596440729,11.711018572804212,233.24602235674664,226.7325116762816,0.0
1.381,2.7414906326116326,-1.1338771914122292,-0.640000360295057,0.0,14.233042693208404,11.644073643060059,232.65471419162867,226.7325116762816,0.0
1.3820000000000001,2.685652789564685,-1.179224179102916,-0.40356830288954537,0.0,14.09252167598077,11.596971137833993,232.1890638666584,226.7325116762816,0.0
1.383,2.6466364696659763,-1.2188297155436312,-0.22530866230817104,0.0,13.965245649084858,11.561504438056055,231.32024858050738,226.7325116762816,0.0
1.3840000000000001,2.616679326438489,-1.2531999055975989,0.16322161172507332,0.0,13.85053522044228,11.560717661860204,230.28055920635677,226.7325116762816,0.0
1.385,2.60687053664082,-1.2847107088676326,0.6475858234996275,0.0,13.750339643503539,11.598712676420018,229.15443740848215,226.7325116762816,0.0
1.3860000000000001,2.6219842192832608,-1.3168013345370784,1.1864274651149307,0.0,13.667177986505585,11.675556977301262,227.80505531308992,226.7325116762816,0.0
1.387,2.665748624704988,-1.3463721189631501,1.8503930764429626,0.0,13.60294880532573,11.799385535454556,227.27697386828854,226.7325116762816,0.0
1.3880000000000001,2.7425872190383953,-1.3749928098351414,2.1089891769235867,0.0,13.560377966230845,11.918199633291662,227.94499251626885,226.7325116762816,0.0
1.389,2.8276055120646815,-1.3917940280631997,1.7628550445335551,0.0,13.535507547925526,11.971630895578302,229.62922524093116,226.7325116762816,0.0
1.3900000000000001,2.872695391325159,-1.39831087123302,0.8917715465559048,0.0,13.519016138245807,11.92076444256372,225.20866040333652,226.7325116762816,0.0
1.391,2.863372402155856,-1.3564565242106703,3.1172924780826756,0.0,13.494418077628442,12.128330058931574,222.13798328477773,226.7325116762816,0.0
1.3920000000000001,2.9724479571508278,-1.3452300394731884,4.69857632127711,0.0,13.492220014858699,12.452273780095881,225.54894976658503,226.7325116762816,0.0
1.393,3.1721876824521034,-1.3769177996661153,3.004928699470429,0.0,13.526234048950954,12.520608631802919,226.63915608416198,226.7325116762816,0.0
1.3940000000000001,3.2674914261531898,-1.36840239124782,2.4607590966031467,0.0,13.562426592276754,12.534103207097031,220.57014054787362,226.7325116762816,0.0
1.395,3.3175577456514986,-1.3045515170638626,5.556890576031407,0.0,13.589410896723322,12.891329480252292,221.64258839646337,226.7325116762816,0.0
1.3960000000000001,3.5283564075196066,-1.2943625665048555,5.071565884534717,0.0,13.648937122221112,13.108497336067257,224.5688159520782,226.7325116762816,0.0
1.397,3.705423516297964,-1.2967247897876173,3.6300890639693284,0.0,13.72458924481732,13.138822430156344,217.71366003095503,226.7325116762816,0.0
1.3980000000000001,3.7951691885898238,-1.2317987410209412,7.147855540984187,0.0,13.788543176965652,13.566947954909109,220.6769668449372,226.7325116762816,0.0
1.399,4.060571383587742,-1.224581655529971,5.726757582306545,0.0,13.88876964945808,13.738861095449884,219.942106979048,226.7325116762816,0.0
1.4000000000000001,4.235746473299771,-1.2125851358801443,6.162091562223484,0.0,13.994917342448778,13.949088048645123,215.70361879069696,226.7325116762816,0.0
1.401,4.43760183055886,-1.145025782371742,8.391624585254844,0.0,14.104161397770508,14.369350030152814,219.82484474851125,226.7325116762816,0.0
1.4020000000000001,4.719679507068831,-1.1625986672406208,6.400088275625403,0.0,14.24711585658148,14.488135903908848,213.79796898921518,226.7325116762816,0.0
1.403,4.908374160234782,-1.0904470883238973,9.542871582144105,0.0,14.37954105435744,14.957024527900565,218.81129134534436,226.7325116762816,0.0
1.4040000000000001,5.221591303215638,-1.100462817387582,7.115422607388887,0.0,14.547435840741151,15.061252649786217,213.12304442506894,226.7325116762816,0.0
1.405,5.421266445696004,-1.0124767902539018,10.0,0.0,14.699185340399708,15.494593346813417,215.60265299334267,226.7325116762816,0.0
1.4060000000000001,5.722031984437465,-1.013641288701581,8.965222227930472,0.0,14.880101914895718,15.726016137413238,215.81410694616477,226.7325116762816,0.0
1.407,5.992863743541116,-0.9395966231737656,8.968679298820591,0.0,15.057912552809567,15.9363325238073,208.6859189340769,226.7325116762816,0.0
1.408,6.219700696845347,-0.881793020862866,10.0,0.0,15.233355815972521,16.234565294501746,218.90027620475192,226.7325116762816,0.0
1.409,6.445378705940705,-0.9102747380629974,7.6301181670186295,0.0,15.424789054803748,16.226962694335842,223.17987283173807,226.7325116762816,0.0
1.41,6.479161911031494,-0.9534420637683099,5.525846241970991,0.0,15.600782298390838,16.030033212175198,224.27812233271996,226.7325116762816,0.0
1.411,6.328779433856794,-0.9982389129595352,5.00126538491566,0.0,15.743979249557137,15.850614732103844,233.13117430786912,226.7325116762816,0.0
1.412,6.142710101562986,-1.0228942753182322,0.5107527710252073,0.0,15.857178778967219,15.233711017979424,230.41596998615447,226.7325116762816,0.0
1.413,5.726197681357323,-0.9507066628350036,1.8315203487838043,0.0,15.889180793027109,14.923962860800499,235.23639085607599,226.7325116762816,0.0
1.414,5.38393621868851,-0.9456169060512688,-0.6637288779748998,0.0,15.887169792841737,14.39418826671592,234.26252488026276,226.7325116762816,0.0
1.415,4.982269194581618,-0.8868328452593595,-0.25209602210809834,0.0,15.825967084147173,14.028182896459272,236.2581382975648,226.7325116762816,0.0
1.416,4.6343921037188345,-0.8838893370840901,-1.345158996971957,0.0,15.734548164005039,13.60255434631897,236.09953409399952,226.7325116762816,0.0
1.417,4.292618466251635,-0.8691592328598794,-1.3595271193664913,0.0,15.608117404480176,13.25381322467649,236.71036298920416,226.7325116762816,0.0
1.418,3.9922125493455947,-0.8787304455915512,-1.7647200800980336,0.0,15.460655743186281,12.91250250927424,236.62260802715969,226.7325116762816,0.0
1.419,3.7164142536809783,-0.893023931007802,-1.8197435625845788,0.0,15.295285747750015,12.61590979917066,236.36922526958182,226.7325116762816,0.0
1.42,3.474687341438058,-0.9171026638286155,-1.7894193197286472,0.0,15.119299206603152,12.360157239462922,235.9233668799745,226.7325116762816,0.0
1.421,3.2677702759504736,-0.9494015858466244,-1.6583986769619217,0.0,14.938648157693972,12.146833917968245,235.3779124648634,226.7325116762816,0.0
1.422,3.095613805815013,-0.9885878025210912,-1.4721254772921926,0.0,14.758717376140257,11.972825710328156,234.75851270656807,226.7325116762816,0.0
1.423,2.955593983272771,-1.0326271710032184,-1.2426856084473847,0.0,14.583831320344185,11.835281514651218,234.08038594821048,226.7325116762816,0.0
1.424,2.8446210627521333,-1.0793700696866784,-0.9771009719878774,0.0,14.417380775730388,11.73172986731631,233.38314900574755,226.7325116762816,0.0
1.425,2.759922168664359,-1.1267797494472416,-0.6949888740510759,0.0,14.261967756631314,11.658471963806425,232.76521601830248,226.7325116762816,0.0
1.426,2.6986876651185714,-1.1722736027814877,-0.4463494237487482,0.0,14.119300476160316,11.607416573740663,232.31631676182732,226.7325116762816,0.0
1.427,2.6559790069111235,-1.212533996415218,-0.27773784636662624,0.0,13.989768089496206,11.56734648101075,231.5179290370291,226.7325116762816,0.0
1.428,2.6227261120801266,-1.247329614695318,0.07360184242501466,0.0,13.872606846299995,11.558522140730005,230.4881531731355,226.7325116762816,0.0
1.429,2.607865057291883,-1.2787180870443042,0.5509333594032779,0.0,13.769384069170915,11.589159367215814,229.42183877898333,226.7325116762816,0.0
1.43,2.617547645569706,-1.3110159785837583,1.05719728545234,0.0,13.682786175749175,11.6561126147773,228.08175702039637,226.7325116762816,0.0
1.431,2.6545523755883424,-1.3403943816884287,1.7137457113046732,0.0,13.614452041851873,11.770894741404453,227.33644498200624,226.7325116762816,0.0
1.432,2.724381070862094,-1.3695075381202804,2.080362397442489,0.0,13.567338197183478,11.89381648401588,227.33176286882326,226.7325116762816,0.0
1.433,2.809043059636271,-1.3897684996626833,2.076710942108563,0.0,13.539165485448416,11.98705230913879,229.4783267274163,226.7325116762816,0.0
1.434,2.8775065372359783,-1.4015423400665472,0.9759708623007026,0.0,13.524226140228143,11.940418023702144,226.3902821534161,226.7325116762816,0.0
1.435,2.8719409081513705,-1.3721525972143813,2.5234154445294474,0.0,13.50276669086846,12.079476391105688,222.3346764173715,226.7325116762816,0.0
1.436,2.9457418592896216,-1.352318991463943,4.595196665140854,0.0,13.495471223981069,12.406730704361815,224.81155168686143,226.7325116762816,0.0
1.437,3.1409634113368767,-1.3728679303105005,3.375968630290087,0.0,13.524089454438661,12.524960782350085,227.48613112279568,226.7325116762816,0.0
1.438,3.260238508665984,-1.3717789973748584,2.031142717857822,0.0,13.561343597637931,12.48732306038051,221.45873689367477,226.7325116762816,0.0
1.439,3.286185877868455,-1.3101387719772186,5.097577580244348,0.0,13.584339018855935,12.806269159275683,220.32835603506496,226.7325116762816,0.0
1.44,3.474210724896171,-1.2859133216435286,5.72680956596142,0.0,13.634881110558927,13.113748100727127,223.92687015330878,226.7325116762816,0.0
1.441,3.688886994991261,-1.305004510336558,3.9556089220692345,0.0,13.713459172496338,13.172674825278234,219.19162955829515,226.7325116762816,0.0
1.442,3.798719175858619,-1.261872905182595,6.398638040755918,0.0,13.785136712241247,13.510077115867963,219.87860268647833,226.7325116762816,0.0
1.443,4.029791102328698,-1.2315046108556582,6.123690566562358,0.0,13.880477530746214,13.741912827922025,221.47895125582897,226.7325116762816,0.0
1.444,4.221967241868571,-1.2255064884781943,5.376051886091563,0.0,13.989111728087837,13.861779614426634,214.8944897597599,226.7325116762816,0.0
1.445,4.37730921469114,-1.1506566086252026,8.786662853291322,0.0,14.09069567878571,14.348000879596546,220.78063281137779,226.7325116762816,0.0
1.446,4.685664767904649,-1.1658447450932206,5.903110116131413,0.0,14.2331625547408,14.412095811434403,213.92791975708428,226.7325116762816,0.0
1.447,4.847030209882902,-1.0956229952318193,9.457512562470137,0.0,14.359915962434723,14.889181091067371,219.14454432640616,226.7325116762816,0.0
1.448,5.162767193064726,-1.0963085636444323,6.925079951307952,0.0,14.522480187346565,14.984004158084991,212.63988448140606,226.7325116762816,0.0
1.449,5.352325728874642,-1.014913029331179,10.0,0.0,14.66930993201039,15.431472803252507,216.4368872987333,226.7325116762816,0.0
1.45,5.660904438232599,-1.0155632962365235,8.516424257953489,0.0,14.84708905142731,15.622886953586338,214.52595616932652,226.7325116762816,0.0
1.451,5.914975242137395,-0.9321184324541498,9.593955377726427,0.0,15.017046236250803,15.921439780088019,210.13004252266802,226.7325116762816,0.0
1.452,6.172737154239405,-0.9048623049764934,10.0,0.0,15.1976992598574,16.215209537382073,216.74711701275996,226.7325116762816,0.0
1.453,6.430421197154699,-0.9004269980999489,8.710094856329224,0.0,15.389448634351096,16.325949983681195,224.23091988758313,226.7325116762816,0.0
1.454,6.530908833697831,-0.9656330423234458,4.9932093368046235,0.0,15.580314133958684,16.040356167498192,223.48625717412423,226.7325116762816,0.0
1.455,6.363891349713368,-0.9850344650278233,5.398003238555645,0.0,15.725015798042461,15.903481266885823,231.87494468106257,226.7325116762816,0.0
1.456,6.1836157231975815,-1.0264486122253538,1.1522351550386656,0.0,15.845921347621303,15.341841738615582,230.5371523517374,226.7325116762816,0.0
1.457,5.804826592057666,-0.9559299894162232,1.7830849129466912,0.0,15.89040119943426,15.000171920495537,234.22726378006874,226.7325116762816,0.0
1.458,5.453898584125641,-0.9492772183941578,-0.13691832225684752,0.0,15.896239465669591,14.514422405478447,234.41087302105564,226.7325116762816,0.0
1.459,5.070168676450857,-0.8984427057149961,-0.3055065561980359,0.0,15.847393685095183,14.117188004970007,236.21077387043155,226.7325116762816,0.0
1.46,4.710344946480979,-0.8905305514682698,-1.3002396028274936,0.0,15.763347050687024,13.682801024885078,236.10541664322088,226.7325116762816,0.0
1.461,4.358890442397701,-0.8708346415763475,-1.3412900388915485,0.0,15.64217895316554,13.32394162001654,236.7763291135271,226.7325116762816,0.0
1.462,4.048690454119465,-0.8768476491902056,-1.7771844484171213,0.0,15.498100114845801,12.971920918865308,236.71451543777755,226.7325116762816,0.0
1.463,3.7636064401528464,-0.8875905417671552,-1.8460976481572997,0.0,15.33434867835024,12.665730137774613,236.4895311798815,226.7325116762816,0.0
1.464,3.5134367087515606,-0.9091965002789215,-1.831175714245279,0.0,15.158622533905685,12.400781666185624,236.0422957210781,226.7325116762816,0.0
1.465,3.298798230032478,-0.9398848654416536,-1.700655825291534,0.0,14.977133817329474,12.180071931101955,235.4935860575123,226.7325116762816,0.0
1.466,3.120617640809139,-0.9778121689961476,-1.51391173732094,0.0,14.795588118641883,11.999974428683641,234.89928269406934,226.7325116762816,0.0
1.467,2.9756644322216577,-1.021677061833449,-1.298427765777344,0.0,14.618633104757775,11.855730949680872,234.2211401632452,226.7325116762816,0.0
1.468,2.859984348100878,-1.0684255705868964,-1.0342427852349063,0.0,14.44965293139631,11.746397102501618,233.515464023073,226.7325116762816,0.0
1.469,2.771140182369449,-1.116226401225041,-0.7492342386167268,0.0,14.291427996935724,11.668423770415963,232.86835801092633,226.7325116762816,0.0
1.47,2.706396692500352,-1.1627083400708398,-0.487039695889834,0.0,14.145863227679289,11.614649934554881,232.36919173044674,226.7325116762816,0.0
1.471,2.6613085172120656,-1.2047044758678496,-0.29382335619169275,0.0,14.013632307311607,11.57464112167681,231.68552148677566,226.7325116762816,0.0
1.472,2.6278841678909686,-1.241125052787599,-0.0015183324610892335,0.0,13.894209899796083,11.558857283935598,230.67609577431418,226.7325116762816,0.0
1.473,2.6095209702524826,-1.2731841761718046,0.4637586827893241,0.0,13.78831364706106,11.582652718904221,229.65566609704322,226.7325116762816,0.0
1.474,2.6147413976671503,-1.3056339529370364,0.944741977217185,0.0,13.69863544730673,11.64097649834504,228.34146296014876,226.7325116762816,0.0
1.475,2.6457929656600125,-1.335158473204858,1.585754032825745,0.0,13.626680644933725,11.746838104833943,227.46120789778078,226.7325116762816,0.0
1.476,2.7091854196079614,-1.364262173062997,2.0185946017947427,0.0,13.575413645228629,11.86945775821281,227.20820774815755,226.7325116762816,0.0
1.477,2.7912029142099706,-1.3871207071163398,2.1403377158875996,0.0,13.543758712579214,11.975364083277059,229.14617018493428,226.7325116762816,0.0
1.478,2.868647800128849,-1.3982683607818414,1.1472199124127087,0.0,13.526857562263832,11.949355130541722,227.37689146229158,226.7325116762816,0.0
1.479,2.8727118093794823,-1.3801746083467519,2.025415475873957,0.0,13.50694384240195,12.031117055905487,223.1952914273568,226.7325116762816,0.0
1.48,2.919967183833086,-1.3531301992079947,4.151587695830592,0.0,13.494403739581715,12.322650954209916,223.73840605036597,226.7325116762816,0.0
1.481,3.0916349111287595,-1.3595534608971203,3.9099714405851684,0.0,13.513248039751135,12.517527045867322,227.14198590445844,226.7325116762816,0.0
1.482,3.2434551965913307,-1.3700011801366168,2.204086771257165,0.0,13.550780535568812,12.494585253174384,222.84923124637078,226.7325116762816,0.0
1.483,3.280681672143,-1.3274743092931642,4.389296904600103,0.0,13.577483169550252,12.732546141237446,218.9214596688746,226.7325116762816,0.0
1.484,3.4325111141926943,-1.2898415287492058,6.43129321342226,0.0,13.621597291788452,13.135819722659408,223.9664536232223,226.7325116762816,0.0
1.485,3.6859947011415826,-1.3200087643146627,3.9364568167790086,0.0,13.705322083662669,13.181960491300133,220.78660191394704,226.7325116762816,0.0
1.486,3.7954337844390422,-1.2868670827898105,5.585841769039981,0.0,13.781341215890146,13.428736907686119,218.177866729197,226.7325116762816,0.0
1.487,3.984266635038842,-1.2320904283802627,6.975755810885843,0.0,13.868742061363676,13.77515706800368,221.97667263762062,226.7325116762816,0.0
1.488,4.220171519989115,-1.2412904534779474,5.1239112470606445,0.0,13.98360460762645,13.854012045559077,216.14097347751945,226.7325116762816,0.0
1.489,4.360407948200133,-1.1753434154896314,8.14767620909885,0.0,14.08752022258879,14.274533413193955,220.75366205202593,226.7325116762816,0.0
1.49,4.639347904518514,-1.1626604274677275,5.901120418088169,0.0,14.222360754515861,14.356754388017118,214.31805727392168,226.7325116762816,0.0
1.491,4.792463255678204,-1.0998788006532203,9.243067351163893,0.0,14.345160181663164,14.820263750034727,219.2963454498574,226.7325116762816,0.0
1.492,5.104651763906381,-1.091258408378679,6.828284925460276,0.0,14.501710175415447,14.91784700001364,212.53966712469926,226.7325116762816,0.0
1.493,5.289586575884979,-1.0169426076479497,10.0,0.0,14.644274960632755,15.377142462590932,217.0082895397579,226.7325116762816,0.0
1.494,5.606507458271731,-1.0169934488546986,8.204512496719984,0.0,14.819261564126109,15.542532132383279,213.35140181873146,226.7325116762816,0.0
1.495,5.84872352806833,-0.9309292566774272,10.0,0.0,14.98382090469779,15.900865437085557,211.6734615464674,226.7325116762816,0.0
1.496,6.13077060620964,-0.9193694018383618,10.0,0.0,15.167346699572015,16.193263452444402,218.3663776406335,226.7325116762816,0.0
1.497,6.413535064708428,-0.8882616729155721,7.867136182513685,0.0,15.358453464861583,16.21187560617784,219.91961925060434,226.7325116762816,0.0
1.498,6.476770269920959,-0.9259259714029167,7.158644301785031,0.0,15.536764919118372,16.187003524373203,223.95273704717167,226.7325116762816,0.0
1.499,6.420090610721705,-1.0127668687411435,5.169883149792469,0.0,15.703933875491352,15.977638102826868,232.26148403451683,226.7325116762816,0.0
1.5,6.261442118653907,-1.0197372506228493,0.960219932537536,0.0,15.833347727106002,15.379635314229807,229.37173601700195,226.7325116762816,0.0
1.5010000000000001,5.8504236403300585,-0.9622379573432394,2.3787016978877706,0.0,15.883625288619914,15.09612936370994,236.91267001239208,226.7325116762816,0.0
1.502,5.531273470158361,-0.946405800636585,-1.493566883168401,0.0,15.899357954625508,14.436863736759413,232.70494054662953,226.7325116762816,0.0
1.5030000000000001,5.059065450667239,-0.871887044627615,0.5505735610093967,0.0,15.839552049741574,14.15742745421693,235.17250791417032,226.7325116762816,0.0
1.504,4.736618887011179,-0.8718485068796,-0.7676100851398879,0.0,15.758524055499588,13.765259645729353,235.92511087005047,226.7325116762816,0.0
1.5050000000000001,4.41588786498668,-0.8715837854286506,-1.2358375550176515,0.0,15.646353345850917,13.397938580227414,236.50435723932512,226.7325116762816,0.0
1.506,4.1120215949391445,-0.8801733070705244,-1.6231791952854073,0.0,15.50961509521204,13.0484252240651,236.6366241017725,226.7325116762816,0.0
1.5070000000000001,3.828595357218762,-0.8928058451135323,-1.7883537507640064,0.0,15.352903017989126,12.734031817203938,236.48825518766736,226.7325116762816,0.0
1.508,3.5733417860276795,-0.9131321966737842,-1.8117267288252972,0.0,15.18253238109359,12.459730891728462,236.10385793344219,226.7325116762816,0.0
1.5090000000000001,3.35105582381136,-0.9411991770872921,-1.713241564284314,0.0,15.004652819669941,12.228789013122977,235.60106940241945,226.7325116762816,0.0
1.51,3.163845858250639,-0.9768027114476974,-1.5505328760343273,0.0,14.825102745503617,12.038436706887286,235.01026665983954,226.7325116762816,0.0
1.5110000000000001,3.010009181622763,-1.0181814988154345,-1.3379090545799515,0.0,14.648668079397206,11.885976092109468,234.35127242115556,226.7325116762816,0.0
1.512,2.8867411728112375,-1.0632492781634602,-1.0845995426866968,0.0,14.479174486278254,11.768876994495496,233.6536754126612,226.7325116762816,0.0
1.5130000000000001,2.7911766675111833,-1.1099968586636355,-0.8050126758033076,0.0,14.319611898771342,11.684039323064157,232.99051966514327,226.7325116762816,0.0
1.514,2.7205678044455195,-1.156096745871353,-0.5360148819329646,0.0,14.172125314659832,11.625334378566384,232.4696812983966,226.7325116762816,0.0
1.5150000000000001,2.670995748818248,-1.1984433067371505,-0.3329673947807854,0.0,14.037714017332863,11.582143353243623,231.8659622076034,226.7325116762816,0.0
1.516,2.6349219409071716,-1.2350878018820912,-0.08244235469739314,0.0,13.916032176063595,11.558829978572037,230.8689203006258,226.7325116762816,0.0
1.5170000000000001,2.61154633521886,-1.267756148732749,0.37471451254795785,0.0,13.807414254656218,11.575672340783434,229.83588966287095,226.7325116762816,0.0
1.518,2.61213937766686,-1.2996179808625357,0.8601960515594884,0.0,13.714520479676493,11.628501084525617,228.59284171911517,226.7325116762816,0.0
1.5190000000000001,2.6385334791198956,-1.330161077029561,1.4631167230090445,0.0,13.639240078826033,11.725326614129585,227.52761793639428,226.7325116762816,0.0
1.52,2.695455942982737,-1.3601511571558325,1.9877775517683638,0.0,13.58416374887323,11.850627505126752,227.21014592713664,226.7325116762816,0.0
1.5210000000000001,2.7771159291730263,-1.3850032257664557,2.141737213888635,0.0,13.549558967761339,11.961166254732262,228.71240640133354,226.7325116762816,0.0
1.522,2.858493879375988,-1.3963891713301972,1.3708080295396643,0.0,13.530472473047087,11.962713869706018,228.3315532100509,226.7325116762816,0.0
1.5230000000000001,2.8756935506330463,-1.388440484028739,1.545244209843284,0.0,13.512461174242839,11.988017161051616,224.11504994390515,226.7325116762816,0.0
1.524,2.8990568501430043,-1.3519994093430194,3.6796704602399304,0.0,13.494852303111163,12.239633552889298,222.89835811882165,226.7325116762816,0.0
1.5250000000000001,3.042631349028078,-1.348139695182469,4.326357908356281,0.0,13.50410580046562,12.498559213336614,226.18054839341661,226.7325116762816,0.0
1.526,3.2179023569329424,-1.370846148017208,2.690782403887447,0.0,13.540862821082786,12.528293411621227,224.15871154543643,226.7325116762816,0.0
1.5270000000000001,3.2874218679417737,-1.3475412332776653,3.72743882918599,0.0,13.574126954317002,12.6832234178347,218.52571554203826,226.7325116762816,0.0
1.528,3.4039423869754453,-1.3035458105130107,6.626004792227512,0.0,13.614951227492428,13.122340466448218,223.84252818197245,226.7325116762816,0.0
1.5290000000000001,3.6706963361746086,-1.3262723008831627,3.9964983072035034,0.0,13.698544646380029,13.175219135313295,222.57838772292837,226.7325116762816,0.0
1.53,3.781361628406001,-1.3017261551081434,4.670109776259078,0.0,13.776139249326409,13.322055962973518,216.55892266447023,226.7325116762816,0.0
1.5310000000000001,3.919041218805504,-1.2298785982090972,7.7815781956062615,0.0,13.853000304943048,13.783455877578366,222.95842177854288,226.7325116762816,0.0
1.532,4.202683296720368,-1.2473914314149008,4.619569537547322,0.0,13.970960133680126,13.797642437037789,216.59873773825166,226.7325116762816,0.0
1.5330000000000001,4.316596017654254,-1.1861223420965223,7.900749297073235,0.0,14.071627907332365,14.205062205029847,220.22254863832478,226.7325116762816,0.0
1.534,4.588623744710136,-1.158071717042389,6.153943477416241,0.0,14.200498002555804,14.328062413063574,215.39543226446062,226.7325116762816,0.0
1.5350000000000001,4.750095915242707,-1.1158408310028385,8.68087245846653,0.0,14.324416217846471,14.732038194440356,218.63239610619382,226.7325116762816,0.0
1.536,5.045365767865431,-1.0840482144577779,7.143391693300807,0.0,14.47326531078619,14.882751083146623,212.98510039333624,226.7325116762816,0.0
1.537,5.239300759232238,-1.0342282245900736,10.0,0.0,14.617138510582562,15.34449916314068,217.72938771661083,226.7325116762816,0.0
1.538,5.570987019370337,-1.0244847033920068,7.820310967267284,0.0,14.792225610965597,15.471581739745854,212.21014771543588,226.7325116762816,0.0
1.539,5.788951882006808,-0.942149341339058,10.0,0.0,14.953552804356994,15.844368180368114,213.21916424556136,226.7325116762816,0.0
1.54,6.074844983165686,-0.9263142057825915,10.0,0.0,15.135107411180801,16.14494321343884,215.07330819721963,226.7325116762816,0.0
1.541,6.376105082456383,-0.872286203275238,9.52397124902873,0.0,15.322779331709057,16.350973361367657,217.41729738756814,226.7325116762816,0.0
1.542,6.539258383296997,-0.9469349961592864,8.44512879674161,0.0,15.521038722219684,16.42632104221498,226.42934598169361,226.7325116762816,0.0
1.543,6.566410654726567,-1.0628133552556867,3.942136156624753,0.0,15.719007073335746,16.028063911289802,229.5832399923416,226.7325116762816,0.0
1.544,6.338611501601715,-1.0298894837797727,2.336681868140166,0.0,15.852572466794374,15.583188712794644,230.29231850924228,226.7325116762816,0.0
1.545,5.973194270955735,-1.0006637663040774,1.9465445413602147,0.0,15.925408210850051,15.207214914273726,233.41249039401225,226.7325116762816,0.0
1.546,5.628044486645033,-0.9558056578132396,0.3196588117979213,0.0,15.948720865888834,14.735378316994131,235.251067623772,226.7325116762816,0.0
1.547,5.227485275801655,-0.931682018254445,-0.6848153625568578,0.0,15.920313576429216,14.259443358412641,235.73607990192863,226.7325116762816,0.0
1.548,4.835829683416902,-0.8828313370369213,-1.0173571838916433,0.0,15.842021181519078,13.840802831193944,236.94170607864598,226.7325116762816,0.0
1.549,4.469273213206824,-0.8711918271934339,-1.7222622162739603,0.0,15.72890213410747,13.418387637656656,236.80462022521894,226.7325116762816,0.0
1.55,4.126066806605541,-0.8567141082682085,-1.7544403750498145,0.0,15.58337731809996,13.06449865161445,237.0422189135966,226.7325116762816,0.0
1.551,3.8271985924299106,-0.8649627749687471,-1.9763367916117942,0.0,15.418068215615289,12.73680269783497,236.69164016068547,226.7325116762816,0.0
1.552,3.562418739395127,-0.8827829152825036,-1.9006387000002665,0.0,15.238398156768643,12.462028285119926,236.33653380919066,226.7325116762816,0.0
1.553,3.339412234375502,-0.911845486664207,-1.8191257455819514,0.0,15.052236343984006,12.226856668883432,235.8102544561241,226.7325116762816,0.0
1.554,3.151971194474332,-0.9496161342680882,-1.6467634968471057,0.0,14.865037696376795,12.03311920014771,235.07982473783042,226.7325116762816,0.0
1.555,2.9979796063857194,-0.9942175847811725,-1.3650217683157484,0.0,14.681713619737138,11.884368245466668,234.35903273280394,226.7325116762816,0.0
1.556,2.8788113447507397,-1.0426845544440613,-1.0808909763677308,0.0,14.506732207451122,11.772165541317694,233.71142479895346,226.7325116762816,0.0
1.557,2.788275584108656,-1.094244671372396,-0.8268761406692091,0.0,14.343215609144305,11.68755254141666,233.04602635516974,226.7325116762816,0.0
1.558,2.7203590580576895,-1.1441116945957985,-0.5573120655662329,0.0,14.192559142063352,11.62872654183857,232.5005500619751,226.7325116762816,0.0
1.559,2.672186883148485,-1.1895790329819969,-0.34225430282584846,0.0,14.055588458722937,11.586297982640112,231.9504682134162,226.7325116762816,0.0
1.56,2.637444986586002,-1.228824380241992,-0.11939294391774258,0.0,13.931934302611454,11.560119269752729,230.98781629646516,226.7325116762816,0.0
1.561,2.6131689360986847,-1.2632613050005381,0.31937996835594484,0.0,13.82142329907322,11.572552365891935,229.95569367529674,226.7325116762816,0.0
1.562,2.6116767521443713,-1.2953791791839677,0.8032094589499996,0.0,13.726395302415327,11.621445946636111,228.7876472409044,226.7325116762816,0.0
1.563,2.635033324592994,-1.3270653642657715,1.3666813204999477,0.0,13.648923765114802,11.710506834695742,227.69173706623266,226.7325116762816,0.0
1.564,2.687604502861168,-1.3560395510006409,1.9050441539363017,0.0,13.590975769040305,11.83095040939684,227.12386391376387,226.7325116762816,0.0
1.565,2.7645729358939404,-1.3822741075559475,2.185067207795875,0.0,13.55346298939711,11.951032918759651,228.26386895199923,226.7325116762816,0.0
1.566,2.8498489832413973,-1.3963994866700309,1.5997511159210198,0.0,13.533001184791507,11.979560217699136,229.07253625485143,226.7325116762816,0.0
1.567,2.8818645728519896,-1.3957264086206094,1.1720172187092213,0.0,13.517222998163835,11.959322084125873,224.66359019217072,226.7325116762816,0.0
1.568,2.8858859617917734,-1.3535605342952015,3.3971794648906863,0.0,13.496367301446305,12.188452934411979,222.24324748746096,226.7325116762816,0.0
1.569,3.0111458066539,-1.3444267744722853,4.65224345913377,0.0,13.49992720459187,12.494652177857207,225.8862555982501,226.7325116762816,0.0
1.57,3.205602009370636,-1.3744261606845525,2.839201964519515,0.0,13.53714231184898,12.538464699072247,225.5148932667319,226.7325116762816,0.0
1.571,3.2868412619934233,-1.3593835819738378,3.0370593143741185,0.0,13.573062482981591,12.614520446560311,219.42892839782007,226.7325116762816,0.0
1.572,3.365594223833111,-1.3037616021054992,6.1530775816146415,0.0,13.607028219751326,13.0194956390346,222.62467667641425,226.7325116762816,0.0
1.573,3.607727539465909,-1.308479438053107,4.5962817923162245,0.0,13.679170083844438,13.159115031341994,224.0308748422964,226.7325116762816,0.0
1.574,3.754266597788537,-1.2991147767475961,3.9201990777149964,0.0,13.756982409655901,13.219487566855642,217.26549489119427,226.7325116762816,0.0
1.575,3.855200475272895,-1.22463748496898,7.397559221116944,0.0,13.824951900954984,13.66123718837925,221.3795527539493,226.7325116762816,0.0
1.576,4.12574065793093,-1.225347067933267,5.39405987896275,0.0,13.931122232320382,13.781700186491882,218.07590055486867,226.7325116762816,0.0
1.577,4.281445794717257,-1.1968776576253963,7.132452089717194,0.0,14.035583099396987,14.097569891314409,218.1231615951087,226.7325116762816,0.0
1.578,4.5285757540139375,-1.149124622304635,7.194915070408902,0.0,14.156216710465987,14.356158473976112,218.30030518918235,226.7325116762816,0.0
1.579,4.743758997530861,-1.1397705039806856,7.190665338243074,0.0,14.29009439603183,14.578660601939497,215.49088101405587,226.7325116762816,0.0
1.58,4.9723279564264224,-1.0670632094683237,8.70779373242857,0.0,14.424930264624301,14.93623615330184,216.321192685142,226.7325116762816,0.0
1.581,5.236211448178787,-1.067939958463871,8.396751086796906,0.0,14.5828636168284,15.195410266922057,216.1870931822546,226.7325116762816,0.0
1.582,5.504059783597158,-1.003925333399928,8.569255023180867,0.0,14.743870668927121,15.43972168188072,211.4812159948189,226.7325116762816,0.0
1.583,5.734500526466239,-0.9716365128488724,10.0,0.0,14.910296533301855,15.808689570278238,215.4190798610882,226.7325116762816,0.0
1.584,6.043637069613081,-0.9345974944176332,9.197414827256372,0.0,15.093225196256952,16.023110825186023,211.8567116968797,226.7325116762816,0.0
1.585,6.307840331185138,-0.8546872358950615,10.0,0.0,15.270883380154137,16.304722048286322,216.07863490550153,226.7325116762816,0.0
1.586,6.496172198673311,-0.9420039094534247,9.10038693436843,0.0,15.469340804648283,16.450880205711414,227.67995056020106,226.7325116762816,0.0
1.587,6.58375829639947,-1.0516228772573246,3.2902547181794684,0.0,15.673753222158364,15.96439872464395,226.67077063845502,226.7325116762816,0.0
1.588,6.325616146666342,-1.007632617222269,3.7954620894307536,0.0,15.8031411315288,15.689952263881679,230.91207554397383,226.7325116762816,0.0
1.589,6.033577356827394,-1.0175667350820146,1.6330139979944298,0.0,15.893678259450887,15.242510721747122,233.39189208585694,226.7325116762816,0.0
1.59,5.681710560419465,-0.9576248040414324,0.3265119229571214,0.0,15.923724566774245,14.762561258984968,234.23318893852962,226.7325116762816,0.0
1.591,5.272059948813729,-0.9276137929307793,-0.16914327600170065,0.0,15.90006950517729,14.33369722140882,235.48696297273878,226.7325116762816,0.0
1.592,4.899188186567676,-0.8883648922384365,-0.8835748060708517,0.0,15.831876277017363,13.908642552843585,236.42675772807985,226.7325116762816,0.0
1.593,4.534548873656473,-0.8771749166646223,-1.4504146442593684,0.0,15.727158496510704,13.500447568216599,236.553310715628,226.7325116762816,0.0
1.594,4.197474030148563,-0.8653611143158144,-1.6118991284269013,0.0,15.590905377089392,13.143937248781867,236.94540337174183,226.7325116762816,0.0
1.595,3.897163854532639,-0.8738839599886605,-1.9100743734384267,0.0,15.433682188714235,12.80793158812156,236.68384591684548,226.7325116762816,0.0
1.596,3.626085588208941,-0.8891254461666529,-1.8788089883958916,0.0,15.260172088133412,12.523040627034005,236.31320917168154,226.7325116762816,0.0
1.597,3.393740210200991,-0.915904626975439,-1.7892975907679158,0.0,15.078317196529099,12.281668560803414,235.79853454264386,226.7325116762816,0.0
1.598,3.1988351499824246,-0.9516389989759488,-1.6226205049127032,0.0,14.894173576574135,12.082803680347208,235.21557693948148,226.7325116762816,0.0
1.599,3.039367225552902,-0.9938041239463629,-1.4159723559635093,0.0,14.712838650595781,11.922067872552047,234.5856905585771,226.7325116762816,0.0
1.6,2.9109660138599174,-1.040538000178259,-1.1795609543342813,0.0,14.538282711571554,11.795740379670221,233.8826966103318,226.7325116762816,0.0
1.601,2.809975464784438,-1.0889022006927427,-0.8995658295521296,0.0,14.373402340455838,11.702850340165273,233.18700580264075,226.7325116762816,0.0
1.602,2.734239889026116,-1.1370831049798575,-0.6162653669701958,0.0,14.220537259967642,11.638445374978103,232.60855219992595,226.7325116762816,0.0
1.603,2.680629888384751,-1.1823259034154174,-0.38579897084923864,0.0,14.081013089794581,11.592852441521279,232.12288854163674,226.7325116762816,0.0
1.604,2.6430185073574135,-1.2216498277000283,-0.19687091035818405,0.0,13.954755246980099,11.559944958992231,231.24592100070817,226.7325116762816,0.0
1.605,2.6147251242685807,-1.2559033866009188,0.19647876686183796,0.0,13.841207092430418,11.56181778265344,230.18708997478865,226.7325116762816,0.0
1.606,2.6067526978466717,-1.2873016568999864,0.6913484968365262,0.0,13.742312309845708,11.603244715094085,229.0333017670422,226.7325116762816,0.0
1.607,2.6242582200213254,-1.3192313322119802,1.2452346998021495,0.0,13.660647980344862,11.684612929355236,227.713475265645,226.7325116762816,0.0
1.608,2.6711338003009923,-1.3488243225356418,1.8953383146071094,0.0,13.598222837402703,11.81066916623007,227.26415128537138,226.7325116762816,0.0
1.609,2.7500232310303594,-1.3771894858054459,2.1146839086530207,0.0,13.557470070498676,11.927295162742757,228.18709802819484,226.7325116762816,0.0
1.61,2.834484220189463,-1.3927569859415294,1.6386646737221606,0.0,13.533883953318602,11.965125896630724,229.29402881271156,226.7325116762816,0.0
1.611,2.8708725549220517,-1.396102974789823,1.0595841100995012,0.0,13.51665190501728,11.934718168833701,224.91669481202473,226.7325116762816,0.0
1.612,2.8704216155733824,-1.3552027443746504,3.2664092790854844,0.0,13.493569803532234,12.154583069886616,222.19669359888366,226.7325116762816,0.0
1.613,2.9889156137095187,-1.3461716629246279,4.671768066430001,0.0,13.494197985645636,12.469635636415308,225.76606479377827,226.7325116762816,0.0
1.614,3.1858666972415666,-1.3782802080605685,2.8967469378077273,0.0,13.529890856980016,12.523460173273413,226.06207532441988,226.7325116762816,0.0
1.615,3.2729012904148798,-1.3662949156403126,2.75544603600554,0.0,13.565757427249187,12.570074361253386,220.1588554357679,226.7325116762816,0.0
1.616,3.3377552704639832,-1.3067360961970649,5.7727925427366715,0.0,13.596267142074883,12.942671320347062,222.15404489163421,226.7325116762816,0.0
1.617,3.5598521901830242,-1.3024239203902863,4.820982482649983,0.0,13.661106830183057,13.122404861968478,224.41573822453927,226.7325116762816,0.0
1.618,3.7209267040330314,-1.2986141693157967,3.7133035507148797,0.0,13.737059952782433,13.162825209000268,217.53979564228058,226.7325116762816,0.0
1.619,3.813489334734519,-1.2280168977117056,7.243202002184233,0.0,13.801732195459344,13.597593308331133,220.99458405992442,226.7325116762816,0.0
1.62,4.080367466812213,-1.2248748847990383,5.573187069525885,0.0,13.903774375097303,13.747920226667963,219.221861158953,226.7325116762816,0.0
1.621,4.247060499094331,-1.2066082144132508,6.534655025184879,0.0,14.008667114991837,14.000212843353724,216.68460195169158,226.7325116762816,0.0
1.622,4.4675201860922735,-1.1458751732913715,7.903763726061493,0.0,14.12180187474594,14.356169114653245,219.11760603976933,226.7325116762816,0.0
1.623,4.7230679507100675,-1.1527900395686346,6.763410738387741,0.0,14.260586751356307,14.522807661907368,213.45636905093818,226.7325116762816,0.0
1.624,4.932422853455139,-1.0795216322517465,9.72679065905675,0.0,14.394028321563418,15.003562601591657,218.50815939482507,226.7325116762816,0.0
1.625,5.251320284490047,-1.1046016923786257,7.283139009927869,0.0,14.565692719405373,15.118165555330977,213.7378960607295,226.7325116762816,0.0
1.6260000000000001,5.464156891516767,-1.013239571419558,9.798216833131177,0.0,14.721350338930295,15.519346678061616,214.79923780720364,226.7325116762816,0.0
1.627,5.749960028846732,-1.010771553999795,9.386878698584885,0.0,14.902202448069213,15.796267498403537,216.44661210648826,226.7325116762816,0.0
1.6280000000000001,6.035829452960984,-0.950030077479421,8.666050544640509,0.0,15.08600454608538,15.959816126757474,209.56506134757444,226.7325116762816,0.0
1.629,6.2542248015726205,-0.8682788075466368,10.0,0.0,15.259396072207924,16.258168029600476,217.72819904374933,226.7325116762816,0.0
1.6300000000000001,6.456587855007195,-0.9238821446528589,8.241404697074678,0.0,15.452217515783527,16.31716293450437,225.87659270320938,226.7325116762816,0.0
1.631,6.517610961033196,-0.9865210700400633,4.175767057075374,0.0,15.637990553913493,15.955217394776254,224.67710731983354,226.7325116762816,0.0
1.6320000000000001,6.302200270940896,-0.9822744034516919,4.796063792327777,0.0,15.767898211679052,15.781238137082111,232.5423364363004,226.7325116762816,0.0
1.633,6.083773134320635,-1.0172527919281,0.8053509864941639,0.0,15.871307267296935,15.214339073067027,231.32516699055614,226.7325116762816,0.0
1.6340000000000001,5.694197311358582,-0.9417651497009931,1.368009156223542,0.0,15.899032086421773,14.85693941690343,234.46762718605322,226.7325116762816,0.0
1.635,5.334208816153444,-0.932897801061841,-0.28057209662271454,0.0,15.88802392608973,14.386784665001235,234.70618190417758,226.7325116762816,0.0
1.6360000000000001,4.957060791370422,-0.8889852688364677,-0.4795861579638552,0.0,15.826359401542273,13.995025235811077,236.37750934895885,226.7325116762816,0.0
1.637,4.605658562946355,-0.8844534016168604,-1.4116998570812624,0.0,15.73162600645864,13.570615695674496,236.2706769255586,226.7325116762816,0.0
1.6380000000000001,4.263572672271389,-0.8699269331961239,-1.4536652978739077,0.0,15.602372404015632,13.217994134237205,236.80252734920768,226.7325116762816,0.0
1.639,3.961839749443871,-0.8782869813758436,-1.8202906664277059,0.0,15.451846875657171,12.877569995170632,236.65980855818668,226.7325116762816,0.0
1.6400000000000001,3.686571587915575,-0.8923981819034179,-1.8482042397362584,0.0,15.283800117804136,12.583993646336301,236.36136751911715,226.7325116762816,0.0
1.641,3.4471861758242364,-0.9168625964679766,-1.7952722786298492,0.0,15.105750374449794,12.33265162176965,235.88987540921352,226.7325116762816,0.0
1.6420000000000001,3.2436748219953486,-0.9502784386572554,-1.6510998610073502,0.0,14.923802501469392,12.123960866451908,235.31615731433214,226.7325116762816,0.0
1.643,3.075621992531106,-0.9901328167670472,-1.4500772699471698,0.0,14.743230163425451,11.955065857911075,234.70461015697327,226.7325116762816,0.0
1.6440000000000001,2.939764467900623,-1.0352026777334111,-1.2240246760746514,0.0,14.568384699257024,11.821122475250018,234.0159043529717,226.7325116762816,0.0
1.645,2.8321694046361015,-1.0825010496801606,-0.9525057008407591,0.0,14.402381565543802,11.721172327488013,233.31509961691876,226.7325116762816,0.0
1.6460000000000001,2.750523253006317,-1.1301726255418019,-0.6679292122206659,0.0,14.247754620051023,11.651110231173396,232.7096513775198,226.7325116762816,0.0
1.647,2.6919991673028383,-1.175622157306496,-0.42497648953357103,0.0,14.106106892211555,11.60209187246142,232.2571678489982,226.7325116762816,0.0
1.6480000000000001,2.6511912369063495,-1.2155796857467154,-0.2539812869999314,0.0,13.977662934095616,11.564094153375109,231.43336139429186,226.7325116762816,0.0
1.649,2.6192239340397987,-1.2506137158814807,0.11091344317313023,0.0,13.861717767913062,11.558588602690886,230.34451835979323,226.7325116762816,0.0
1.6500000000000001,2.606815166598564,-1.2813824203046769,0.619214893587333,0.0,13.759850780465541,11.595348594090536,229.28774142167856,226.7325116762816,0.0
1.651,2.6202171544729187,-1.3142749853678428,1.1220510651906963,0.0,13.675156986015457,11.666876545637102,227.94815410033547,226.7325116762816,0.0
1.6520000000000001,2.6608063437095972,-1.3437601376105968,1.779688301621702,0.0,13.608999807261108,11.78576326593809,227.30540179259,226.7325116762816,0.0
1.653,2.733906525863568,-1.3726155298823723,2.095335554331352,0.0,13.564226260039764,11.906655293622729,227.58404093468818,226.7325116762816,0.0
1.6540000000000001,2.8187950801520403,-1.3908858002521725,1.9475006906982006,0.0,13.537740446126973,11.982955717139829,229.62647749908464,226.7325116762816,0.0
1.655,2.8768168237132103,-1.40095224834846,0.8973427502719362,0.0,13.522457862544066,11.929404985854545,225.76016773512762,226.7325116762816,0.0
1.6560000000000001,2.867506862860323,-1.3642212658096828,2.840221071661986,0.0,13.499207391630694,12.105503577226091,222.33004175796233,226.7325116762816,0.0
1.657,2.9599499600882533,-1.3485112590688715,4.5993087594278235,0.0,13.494531036029713,12.425476284505883,225.26102947201605,226.7325116762816,0.0
1.6580000000000001,3.154523947322466,-1.3740851252912465,3.148529724443622,0.0,13.525289812068678,12.515328807148203,227.07144064444964,226.7325116762816,0.0
1.659,3.2591957130860143,-1.3684827096128802,2.239934848545147,0.0,13.561085958381133,12.504266154769542,220.9182494974765,226.7325116762816,0.0
1.6600000000000001,3.2975801876998143,-1.304893069812069,5.374673043819769,0.0,13.585257388603173,12.848620957949304,221.05811760761844,226.7325116762816,0.0
1.661,3.500301829351133,-1.2891303213180383,5.361482929435427,0.0,13.640349150184653,13.10624359346276,224.46022199857606,226.7325116762816,0.0
1.6620000000000001,3.6949964729884366,-1.2994280461723462,3.683153630733674,0.0,13.716984376378232,13.139739625486083,218.2511168620156,226.7325116762816,0.0
1.663,3.7891625165265133,-1.2426307041023046,6.8725201471565605,0.0,13.782954998278552,13.536751868367148,220.386465842317,226.7325116762816,0.0
1.6640000000000001,4.042316347628962,-1.2272130060714246,5.868306115345513,0.0,13.880901808914247,13.731397479500808,220.67103687895116,226.7325116762816,0.0
1.665,4.223965761469678,-1.2182034390020897,5.786635345001736,0.0,13.987681624202414,13.899981668953515,214.89984809304437,226.7325116762816,0.0
1.666,4.405097997308587,-1.1456213818706096,8.790556373787503,0.0,14.092747946293272,14.375525390055767,220.62346214356705,226.7325116762816,0.0
1.667,4.71018068204133,-1.1699171573706175,5.989839843853305,0.0,14.238260364161581,14.444155569714042,213.88866535729252,226.7325116762816,0.0
1.668,4.8782205320763845,-1.0937697441382908,9.485676700180463,0.0,14.367465384998336,14.917589636032128,218.94985758775854,226.7325116762816,0.0
1.669,5.189937081427251,-1.098261452152399,7.032907125832683,0.0,14.532348872397097,15.019229354132303,212.89994129978317,226.7325116762816,0.0
1.67,5.3847908050530195,-1.0135697532041155,10.0,0.0,14.681546978901546,15.4597846169589,215.9334327480839,226.7325116762816,0.0
1.671,5.689587659956564,-1.014571510678218,8.783512219245257,0.0,14.860837911349838,15.676140462725451,215.3014666624328,226.7325116762816,0.0
1.672,5.954351108324578,-0.9372361269616171,9.213805712209297,0.0,15.035318425346397,15.922210968422323,209.21220137338304,226.7325116762816,0.0
1.673,6.193186344539936,-0.8932315517329988,10.0,0.0,15.212890789075008,16.219676670176494,217.92849049818082,226.7325116762816,0.0
1.674,6.437949654967772,-0.8991418222146864,8.114864279950016,0.0,15.403542662111441,16.265390554259792,221.81154186349875,226.7325116762816,0.0
1.675,6.500758554057415,-0.9545669444712361,6.222548295418882,0.0,15.585738396995968,16.131833490344892,224.84271431720146,226.7325116762816,0.0
1.676,6.388302241770483,-1.0223010565675912,4.725860042158328,0.0,15.74325535310858,15.897137441639046,232.96798366246904,226.7325116762816,0.0
1.677,6.194607616949968,-1.024170377580022,0.6008706496626623,0.0,15.861079292929759,15.283062588380522,230.24411120096977,226.7325116762816,0.0
1.678,5.7666017824763,-0.9596096878412743,1.9276908851654153,0.0,15.898592984361576,14.97452142980412,236.16996873136588,226.7325116762816,0.0
1.679,5.425240962370795,-0.9474112592275161,-1.129612450583485,0.0,15.900804970542445,14.384283818808004,233.78513335950166,226.7325116762816,0.0
1.68,4.990321469931873,-0.876513577853487,-0.0077209814835725865,0.0,15.836095236340604,14.051699798455289,235.98708928582275,226.7325116762816,0.0
1.681,4.649618365992076,-0.8753396616998849,-1.201244720739529,0.0,15.74517791956053,13.636524827217501,236.028173951489,226.7325116762816,0.0
1.682,4.3156306468359915,-0.8644010000649006,-1.3147436763247335,0.0,15.620643323716362,13.286557591771436,236.68845118508574,226.7325116762816,0.0
1.683,4.016892672426217,-0.8758588801885178,-1.7444416882111402,0.0,15.474935217341955,12.942523128527428,236.61187581718886,226.7325116762816,0.0
1.684,3.740230232558526,-0.890225606301576,-1.8049476456717728,0.0,15.31086023635179,12.643408114409919,236.39432837752872,226.7325116762816,0.0
1.685,3.4966507200947663,-0.9142529868979328,-1.7927920928541754,0.0,15.135780596653362,12.383766395962024,235.96226739846568,226.7325116762816,0.0
1.686,3.2869402641523933,-0.9461374874283808,-1.6690591605444967,0.0,14.95551177033237,12.166702307443993,235.42851357083848,226.7325116762816,0.0
1.687,3.1118171212646857,-0.9848967785624448,-1.4891422656764615,0.0,14.77550809481112,11.989037715416273,234.81866746442918,226.7325116762816,0.0
1.688,2.9688820184313363,-1.0286093721882006,-1.2650807703532907,0.0,14.60015912002671,11.84795844045886,234.1467207922335,226.7325116762816,0.0
1.689,2.8551376939229756,-1.0751491205975192,-1.0032495254149731,0.0,14.43291936161377,11.741095542176321,233.4495456991685,226.7325116762816,0.0
1.69,2.767862403711494,-1.1225311547181405,-0.7218323191113432,0.0,14.276463915483044,11.664995376802926,232.81879442732597,226.7325116762816,0.0
1.691,2.7043418784379774,-1.1682815720763333,-0.46731951070051636,0.0,14.132602722996246,11.612156425093936,232.35806408191033,226.7325116762816,0.0
1.692,2.6600324270637072,-1.209071312914014,-0.29320986204898336,0.0,14.001873121905797,11.571061016973156,231.6002558287815,226.7325116762816,0.0
1.693,2.6256101481885556,-1.2449292410046056,0.03701682299042508,0.0,13.8836434147939,11.558929384585753,230.54672467684335,226.7325116762816,0.0
1.694,2.6090850574604687,-1.2760638633429937,0.5256402689538873,0.0,13.779089744330768,11.588107794122825,229.54824184511557,226.7325116762816,0.0
1.695,2.6173022874371474,-1.3090521555254029,0.9967243831294397,0.0,13.691226647784337,11.64977686755484,228.221451317651,226.7325116762816,0.0
1.696,2.651133348445417,-1.3383172590755916,1.6452302504480292,0.0,13.621206046704447,11.759478283841151,227.41524288569516,226.7325116762816,0.0
1.697,2.717260182169298,-1.3672978201255148,2.041507154331813,0.0,13.572052858041168,11.88137725804533,227.3790990542366,226.7325116762816,0.0
1.698,2.7995408679764253,-1.3893406705364397,2.0531131962815428,0.0,13.542139793599336,11.975095304436856,229.22206626850573,226.7325116762816,0.0
1.699,2.8699929644344087,-1.3983724219031208,1.1067340432247397,0.0,13.525362904387062,11.945305548736982,226.87012108143725,226.7325116762816,0.0
1.7,2.871554388471546,-1.3757036477588396,2.2813305427074235,0.0,13.504700845856501,12.056019250480038,222.65988191457203,226.7325116762816,0.0
1.701,2.932344332326072,-1.3539313405108493,4.42717642375713,0.0,13.495008097297456,12.371221178532739,224.25307578031664,226.7325116762816,0.0
1.702,3.1195512340222695,-1.3678307948257684,3.655373849844475,0.0,13.519551479446715,12.527592037235348,227.57106497228793,226.7325116762816,0.0
1.703,3.2562007599282783,-1.3723213129656087,1.9879937208987655,0.0,13.557632571703538,12.481926981005012,222.11479496849637,226.7325116762816,0.0
1.704,3.279812656065441,-1.3176153641049926,4.762305889872398,0.0,13.581276489555574,12.765253866183922,219.55986384311137,226.7325116762816,0.0
1.705,3.4503147485433985,-1.2857878522056223,6.111497930896597,0.0,13.627934737319977,13.124761346241872,223.91110564075055,226.7325116762816,0.0
1.706,3.6861544691298898,-1.3121844024658356,3.9640910924323203,0.0,13.709099803961353,13.17903988208942,219.89643601219183,226.7325116762816,0.0
1.707,3.7979001420894836,-1.2740632110779464,6.0397866633525785,0.0,13.783118920968077,13.47587402538253,219.31463675432323,226.7325116762816,0.0
1.708,4.010598567419747,-1.2329683216424572,6.4048650415064605,0.0,13.875280314679411,13.747548961877989,221.83722831447935,226.7325116762816,0.0
1.709,4.216424126785638,-1.231784456022526,5.192522095046425,0.0,13.985673786345322,13.843750208925949,215.50410472053292,226.7325116762816,0.0
1.71,4.360572322141458,-1.1590290233497973,8.471367961577124,0.0,14.086656776611633,14.300369107323204,220.75863635661804,226.7325116762816,0.0
1.711,4.654714546650693,-1.1608494877484934,5.903840896731201,0.0,14.224131163101632,14.375293816366549,214.02273137904763,226.7325116762816,0.0
1.712,4.813353843836967,-1.0950971027647995,9.398891188488747,0.0,14.348099614854767,14.852095395450949,219.20540340098302,226.7325116762816,0.0
1.713,5.130764479289251,-1.0937572664989839,6.882826260274038,0.0,14.507861521201622,14.948567239853134,212.57536566701285,226.7325116762816,0.0
1.714,5.319720336219625,-1.0162297757452639,10.0,0.0,14.65277979573376,15.401806813193975,216.7237735027054,226.7325116762816,0.0
1.715,5.632519982228722,-1.0172885514010723,8.358511719494262,0.0,14.82942194037645,15.579960405909365,213.93146805741418,226.7325116762816,0.0
1.716,5.880949898852842,-0.9318494896975116,9.882674878328546,0.0,14.996806345282456,15.91783638972574,210.95181350365996,226.7325116762816,0.0
1.717,6.154712360315758,-0.9156796274655488,10.0,0.0,15.18031561385102,16.20869777585192,217.71014162989442,226.7325116762816,0.0
1.718,6.423169114908063,-0.9013313029933139,8.210762591539874,0.0,15.373143477105721,16.26404196568449,222.15165977193865,226.7325116762816,0.0
1.719,6.5035481208489765,-0.9446586165075739,6.035812039561188,0.0,15.557132460749493,16.105625213118635,222.94898850651782,226.7325116762816,0.0
1.72,6.389449826051655,-0.9944872127180067,5.674982903969242,0.0,15.71192874322031,15.976861937265532,232.66139514401655,226.7325116762816,0.0
1.721,6.236860054154075,-1.035864314980088,0.7594907505425263,0.0,15.842422265145464,15.355002663684562,229.91352240346978,226.7325116762816,0.0
1.722,5.831545477883447,-0.9578998723448804,2.1016170135440286,0.0,15.888690647807513,15.048226185789431,234.63982081492264,226.7325116762816,0.0
1.723,5.489775335966574,-0.9536945650077273,-0.34060528356881115,0.0,15.899971605033107,14.52823004848574,234.09403539619498,226.7325116762816,0.0
1.724,5.091994157073618,-0.8939928193650344,-0.14132781140411455,0.0,15.851599713858441,14.148042593803284,236.1100745689262,226.7325116762816,0.0
1.725,4.735354026952247,-0.887632978201178,-1.243123026696166,0.0,15.769943701261408,13.713099049592252,235.97249821173693,226.7325116762816,0.0
1.726,4.384595854425334,-0.8681711535237199,-1.266734713456089,0.0,15.650881733200087,13.356921922828695,236.69856789793732,226.7325116762816,0.0
1.727,4.075520918819486,-0.8753091458382389,-1.7294301187728407,0.0,15.509088046669923,13.004286595409493,236.68320736905247,226.7325116762816,0.0
1.728,3.790190991343014,-0.8863864582695371,-1.8212568112581216,0.0,15.34735732049514,12.695556992625331,236.4981834604685,226.7325116762816,0.0
1.729,3.5382069086717958,-0.907883795347842,-1.826401574808012,0.0,15.173180640613728,12.426744570255545,236.07272287605642,226.7325116762816,0.0
1.73,3.3206629782632318,-0.9379740199545761,-1.7070733945997132,0.0,14.992635337819438,12.201983261111238,235.5399022109899,226.7325116762816,0.0
1.731,3.1391452139491225,-0.9752846700016858,-1.5287369674135416,0.0,14.811471703649254,12.017858792560794,234.95480114488797,226.7325116762816,0.0
1.732,2.9908546424856666,-1.0185599871896192,-1.3184093290486345,0.0,14.634399164431251,11.869879868614493,234.28516106695332,226.7325116762816,0.0
1.733,2.8720645880749283,-1.0648941835865031,-1.0591157839880294,0.0,14.46489999517219,11.756994596984585,233.58248492359655,226.7325116762816,0.0
1.734,2.7803412969384964,-1.1124714362247938,-0.7762774447827949,0.0,14.305832371502294,11.675868878934633,232.92604252386468,226.7325116762816,0.0
1.735,2.7130113524091395,-1.159008279988847,-0.5099915533926893,0.0,14.15920221868205,11.61990109597041,232.41827914582385,226.7325116762816,0.0
1.736,2.6659705913158103,-1.2013597400859422,-0.31296753906769403,0.0,14.025831595020453,11.578378042957407,231.78153673767187,226.7325116762816,0.0
1.737,2.631046701905299,-1.2385711730044262,-0.04508658560560974,0.0,13.905315471443776,11.558538117841346,230.7255248311933,226.7325116762816,0.0
1.738,2.6103980810332055,-1.270362222543794,0.4429892360845602,0.0,13.797991868833309,11.581562213132345,229.74864161835254,226.7325116762816,0.0
1.739,2.6145077845445748,-1.3033207977260757,0.9012695430842315,0.0,13.707010568787641,11.636423060591293,228.47207262901776,226.7325116762816,0.0
1.74,2.643314470107961,-1.333283511048861,1.5221584282242584,0.0,13.63357979620612,11.737287029218324,227.54675384875472,226.7325116762816,0.0
1.741,2.7034040723549064,-1.3623190780811838,1.9766753966310473,0.0,13.580472782985783,11.858187712006314,226.86072196959913,226.7325116762816,0.0
1.742,2.7829339680702994,-1.386556608471633,2.3184092332756685,0.0,13.5471423120389,11.986585785034093,228.643822073716,226.7325116762816,0.0
1.743,2.871982781553018,-1.4017329131382168,1.4077460772428902,0.0,13.531411713698906,11.986220647608404,228.39144776794134,226.7325116762816,0.0
1.744,2.8910430329789496,-1.392799925903181,1.5173438692136187,0.0,13.516083269807828,12.004275213246364,224.11779779534777,226.7325116762816,0.0
1.745,2.91124618863142,-1.35337019598489,3.680315994319744,0.0,13.499845186450987,12.253790689165886,222.86114502067036,226.7325116762816,0.0
1.746,3.0528276471631846,-1.3470788182360303,4.347356048214559,0.0,13.50988470476859,12.51310356495316,226.1543094047159,226.7325116762816,0.0
1.747,3.2277308807836254,-1.3686027995137233,2.706555878907454,0.0,13.547282110551194,12.542507144717813,224.04654200796475,226.7325116762816,0.0
1.748,3.2973337389303956,-1.3442517846635167,3.787299273966194,0.0,13.58098628228571,12.702092600173854,218.3911888557142,226.7325116762816,0.0
1.749,3.4170171117853294,-1.2997815182606784,6.698389078297138,0.0,13.622630363236567,13.146033229350977,223.9746731652413,226.7325116762816,0.0
1.75,3.686766713780036,-1.3243125718155526,3.9342253086439873,0.0,13.707647217565105,13.188099668509455,222.2205225378329,226.7325116762816,0.0
1.7510000000000001,3.7935366951835294,-1.2972594404849762,4.856420513732685,0.0,13.785147875394738,13.354497057506784,216.77446421701077,226.7325116762816,0.0
1.752,3.9410371574346588,-1.2268691806222825,7.679030148736452,0.0,13.864065809069544,13.798112530153285,223.04895719737033,226.7325116762816,0.0
1.7530000000000001,4.217438526707022,-1.2437752948665461,4.578619203345788,0.0,13.982017071807011,13.807057802562158,216.2313940363666,226.7325116762816,0.0
1.754,4.329031860561083,-1.1771837601319697,8.092411960246803,0.0,14.081573605548378,14.234913733685687,220.40406002720124,226.7325116762816,0.0
1.7550000000000001,4.608709050648478,-1.1556941183282736,6.069363481320286,0.0,14.2122621337769,14.342617907248993,214.86141561156103,226.7325116762816,0.0
1.756,4.76789246442506,-1.108169715365086,8.959396649787596,0.0,14.335639438630988,14.776041245984949,218.85579750855842,226.7325116762816,0.0
1.7570000000000001,5.074484107493051,-1.0859559924549271,7.040972842966131,0.0,14.488053081382775,14.906399784297962,212.83398380259996,226.7325116762816,0.0
1.758,5.266562637055924,-1.0270916770179683,10.0,0.0,14.632008276221722,15.365578336575561,217.55082140761962,226.7325116762816,0.0
1.7590000000000001,5.591729472144799,-1.0217846273190503,7.920445775365325,0.0,14.807490674492017,15.501045750264991,212.62516510398703,226.7325116762816,0.0
1.76,5.8162294481706915,-0.9357297139514511,10.0,0.0,14.969558604330782,15.868617840356713,212.56419785180697,226.7325116762816,0.0
1.7610000000000001,6.100188210891801,-0.9206218320206241,10.0,0.0,15.151375632316132,16.165853508037735,216.7626503322516,226.7325116762816,0.0
1.762,6.395793493347204,-0.8725980738967092,8.672779038411605,0.0,15.339602989696726,16.27587601253157,218.39132343952363,226.7325116762816,0.0
1.7630000000000001,6.502886876727278,-0.9376727733888677,7.941854367143174,0.0,15.527648316314018,16.31776527874319,226.17012401170305,226.7325116762816,0.0
1.764,6.49856660803389,-1.0388844774638124,4.05807795769925,0.0,15.711560577344066,15.955910156059304,229.40675022231562,226.7325116762816,0.0
1.7650000000000001,6.279227199631055,-1.0135788069498046,2.413022466932625,0.0,15.837100359205433,15.5305975640943,230.26815371877774,226.7325116762816,0.0
1.766,5.927995667123815,-0.9935508961070605,1.9469642982766047,0.0,15.905604890196596,15.161996440359202,233.46789751187384,226.7325116762816,0.0
1.7670000000000001,5.592852909211921,-0.9536201969803666,0.2797385433726305,0.0,15.926206757919623,14.691725018789093,235.09688938426083,226.7325116762816,0.0
1.768,5.197052173331469,-0.9318806794357495,-0.6184011699006566,0.0,15.895729256774699,14.228604468605006,235.62711317934415,226.7325116762816,0.0
1.7690000000000001,4.813430188071802,-0.8873691765884986,-0.9724590824729402,0.0,15.817308580588108,13.817023661094376,236.89992833674393,226.7325116762816,0.0
1.77,4.4532920861481315,-0.8781831310739701,-1.7105408277774519,0.0,15.705006541290992,13.396889425217383,236.73503407060076,226.7325116762816,0.0
1.7710000000000001,4.113024566919093,-0.8646812599798999,-1.728118918649061,0.0,15.560527936970676,13.046813682551502,236.9799492974447,226.7325116762816,0.0
1.772,3.8167648858309744,-0.8733093192229575,-1.9530509082826635,0.0,15.396573724043487,12.7219168054966,236.64707051847262,226.7325116762816,0.0
1.7730000000000001,3.553896196161034,-0.8910370095928484,-1.8857571072185295,0.0,15.218389010051785,12.448718791920674,236.20063400419988,226.7325116762816,0.0
1.774,3.331368218078139,-0.9205589946082322,-1.7572200733613457,0.0,15.033773107549644,12.220337634709233,235.65871850055845,226.7325116762816,0.0
1.7750000000000001,3.1472657485992217,-0.9588301027404778,-1.5755243897833973,0.0,14.848695281620977,12.033060149685584,235.060304369058,226.7325116762816,0.0
1.776,2.997716568553288,-1.0031196560813755,-1.3595952509609375,0.0,14.667886629568981,11.882547264116381,234.40877564079568,226.7325116762816,0.0
1.7770000000000001,2.878018225063717,-1.0511570367841045,-1.110593526474918,0.0,14.494948770509158,11.765907026187536,233.6960622881958,226.7325116762816,0.0
1.778,2.7848480544034215,-1.1002007361145159,-0.8238723562941219,0.0,14.332555106681749,11.681738072958353,233.01401680095165,226.7325116762816,0.0
1.7790000000000001,2.716070086717839,-1.1483554706005876,-0.5456646639187461,0.0,14.182790497714329,11.624116157867645,232.4794772080151,226.7325116762816,0.0
1.78,2.668158094278813,-1.1926413892219918,-0.3358645227678112,0.0,14.046630061838073,11.582158451483547,231.90839839732155,226.7325116762816,0.0
1.7810000000000001,2.6337520105934056,-1.2308141000608348,-0.10208398463142876,0.0,13.92364603791709,11.557703879214735,230.92670539399123,226.7325116762816,0.0
1.782,2.61038386472824,-1.2648063902393711,0.3468205798566357,0.0,13.81387238397258,11.572664493701344,229.8775697141891,226.7325116762816,0.0
1.7830000000000001,2.6104285852355567,-1.2968848839013882,0.8399378393786279,0.0,13.719760868272214,11.624666933532923,228.67386100518743,226.7325116762816,0.0
1.784,2.6360937102021573,-1.3283163852135176,1.4223787005903996,0.0,13.643397428332758,11.718372583408126,227.63910437474823,226.7325116762816,0.0
1.7850000000000001,2.6918103094901946,-1.3575686537385308,1.9306910888253355,0.0,13.586944331899396,11.839289103723573,227.05526963710503,226.7325116762816,0.0
1.786,2.7700409926806357,-1.383359213010966,2.219380878038702,0.0,13.550772635975639,11.96109320613719,228.39225156952222,226.7325116762816,0.0
1.7870000000000001,2.8563077412750135,-1.3975518789997532,1.5342925128977014,0.0,13.53170180755165,11.98014607514595,228.8237547406719,226.7325116762816,0.0
1.788,2.8838929153067427,-1.394341420773939,1.2976284966789629,0.0,13.515948271806218,11.974032714621238,224.46820762574467,226.7325116762816,0.0
1.7890000000000001,2.8941445555699827,-1.353224593378938,3.4980450946479418,0.0,13.496668007151664,12.210515973824588,222.45604698727277,226.7325116762816,0.0
1.79,3.02544018746865,-1.3451701102055664,4.546890060773979,0.0,13.502489270007773,12.500451657830101,226.0946283169923,226.7325116762816,0.0
1.7910000000000001,3.2139974118750136,-1.3710024132808276,2.7339782295071076,0.0,13.539644073148848,12.53263881025435,225.06425237359736,226.7325116762816,0.0
1.792,3.2870088001124245,-1.3529412959435108,3.2658487942314216,0.0,13.574057065280376,12.635811927720564,218.84037057215681,226.7325116762816,0.0
1.793,3.3776428461543286,-1.3011779290939303,6.45671110599294,0.0,13.609832710765291,13.068545550117602,223.03749619889774,226.7325116762816,0.0
1.794,3.6366495506936216,-1.3146109147422784,4.395098447396315,0.0,13.687299416031232,13.17531296222128,223.49831307572816,226.7325116762816,0.0
1.795,3.7714480893673303,-1.3011974578368815,4.19703199498664,0.0,13.766086381864877,13.265741348253375,216.711256395871,226.7325116762816,0.0
1.796,3.8850877245376894,-1.2282033151301066,7.690772887719325,0.0,13.838142268589664,13.730145380508308,222.2641922280108,226.7325116762816,0.0
1.797,4.1695798263461485,-1.2353373852440557,4.958988166132128,0.0,13.950947659007072,13.789723135061084,217.32932074011626,226.7325116762816,0.0
1.798,4.299905884968615,-1.1930570803324627,7.520455819441059,0.0,14.053708111596606,14.152211996849797,219.15335996590494,226.7325116762816,0.0
1.799,4.5608251249641505,-1.1520982315265167,6.684227723650485,0.0,14.178358734786515,14.343730394835244,216.89747848774851,226.7325116762816,0.0
1.8,4.747796951507341,-1.1290318609955277,7.910518794614028,0.0,14.307568423185637,14.653858605585249,217.45920786761909,226.7325116762816,0.0
1.801,5.010257738272496,-1.0727638187526753,7.722387142765369,0.0,14.44891114287843,14.885936603408432,214.31691220154596,226.7325116762816,0.0
1.802,5.2246129173694325,-1.0486797731832427,9.417690970549287,0.0,14.597240825794067,15.276351349160292,217.1933033140226,226.7325116762816,0.0
1.803,5.5376298932657955,-1.0141095588919524,8.074887497933565,0.0,14.766217131876967,15.445607852805326,211.3722209820909,226.7325116762816,0.0
1.804,5.759642895461218,-0.9514870968383713,10.0,0.0,14.9286786890331,15.818735486165075,214.48262291498767,226.7325116762816,0.0
1.805,6.053585569082521,-0.9310181202758545,9.683548860589042,0.0,15.110581491008265,16.08662219747221,214.6854475531386,226.7325116762816,0.0
1.806,6.34378834581802,-0.8627817404780798,9.702607182745007,0.0,15.293781371904487,16.322188565972713,217.64605959826534,226.7325116762816,0.0
1.807,6.519429668464538,-0.9387894715022069,8.3131656809618,0.0,15.491261115771772,16.38307061957132,225.53765928012206,226.7325116762816,0.0
1.808,6.5473480602403376,-1.0468448264139731,4.379314363995038,0.0,15.686207102342241,16.037468602479407,229.07834707748097,226.7325116762816,0.0
1.809,6.346075134638931,-1.0250049651237372,2.5855121113035873,0.0,15.823615350255425,15.610360856861261,229.8966288374748,226.7325116762816,0.0
1.81,5.997928857939843,-1.0042170371334214,2.144730059694744,0.0,15.902503725349444,15.245440068627072,233.31949282386185,226.7325116762816,0.0
1.811,5.66358285384379,-0.9635901000631122,0.36742825502541265,0.0,15.93275010031282,14.76710141641174,234.78551524790836,226.7325116762816,0.0
1.812,5.262931631211851,-0.937213730441851,-0.4461129927141121,0.0,15.909642841270685,14.308632922158175,235.6820927978242,226.7325116762816,0.0
1.813,4.878332699019971,-0.8917179825988838,-0.9838975788874542,0.0,15.838258690140895,13.88097902973887,236.76238041316117,226.7325116762816,0.0
1.814,4.508386716432235,-0.8782382417932588,-1.624340073924735,0.0,15.73021975087196,13.46072935161888,236.7244037459785,226.7325116762816,0.0
1.815,4.1640361244479385,-0.8628422266331581,-1.705270661030366,0.0,15.589400973458371,13.103381913045148,237.0312529356811,226.7325116762816,0.0
1.816,3.8617960190108054,-0.869868360803839,-1.9616826684756625,0.0,15.427856164839135,12.77009423131774,236.71409109248063,226.7325116762816,0.0
1.817,3.5922821260771842,-0.8855131621450912,-1.9029175410374197,0.0,15.250787735714916,12.489633248162137,236.29132571421601,226.7325116762816,0.0
1.818,3.3635434295004627,-0.9135328184413105,-1.7871229922844565,0.0,15.066305765366732,12.254127387192222,235.7567900378823,226.7325116762816,0.0
1.819,3.173610829466448,-0.9507861839960061,-1.6100979377336047,0.0,14.880539079604429,12.060643924835508,235.16688802106265,226.7325116762816,0.0
1.82,3.01906702902364,-0.9944245292575075,-1.3994906927715904,0.0,14.6984284005059,11.90442917858693,234.5267744818979,226.7325116762816,0.0
1.821,2.894953870380801,-1.0422807664104154,-1.157376551245374,0.0,14.52373511732658,11.782258331617898,233.81554543160655,226.7325116762816,0.0
1.822,2.7977273356290286,-1.0914098251674504,-0.8725923636529549,0.0,14.359219711860025,11.693194147484013,233.1210626356304,226.7325116762816,0.0
1.823,2.7253200561651187,-1.1400350357146396,-0.5892364752583719,0.0,14.207106911099357,11.631898682457846,232.55715804016046,226.7325116762816,0.0
1.824,2.674491180956063,-1.185317346179652,-0.36553064116218525,0.0,14.06857064595782,11.588162670203229,232.0402027459145,226.7325116762816,0.0
1.825,2.6385972893392564,-1.2245923783553234,-0.16012990473554156,0.0,13.943381836539654,11.558743694651644,231.15310683528406,226.7325116762816,0.0
1.826,2.612054215295037,-1.2598425013653651,0.2392120989896589,0.0,13.83125477371749,11.564182147987605,229.99378616096595,226.7325116762816,0.0
1.827,2.6071598317375773,-1.290269872986705,0.7862596913018702,0.0,13.733878772159386,11.614318816275713,228.89142751199722,226.7325116762816,0.0
1.828,2.6297800616794724,-1.3233327743699799,1.3158498574290798,0.0,13.654586683021847,11.699951490800899,227.7084562478145,226.7325116762816,0.0
1.829,2.680513714578651,-1.3529855711271797,1.8975760438051141,0.0,13.594718248880042,11.822431168280406,227.21419755061902,226.7325116762816,0.0
1.83,2.758315472078306,-1.3802384365199174,2.1398885336594784,0.0,13.555785913126002,11.939462289822036,228.2342823684019,226.7325116762816,0.0
1.831,2.8425316011753763,-1.3945649412408287,1.6148284178468386,0.0,13.533753309966889,11.972231571370475,229.17973195885835,226.7325116762816,0.0
1.832,2.8762678428328288,-1.3956770389017983,1.1176314197928403,0.0,13.517179960974042,11.947210770529008,224.78186388273664,226.7325116762816,0.0
1.833,2.8781190177835008,-1.3540488721505783,3.336071935789145,0.0,13.495171647477083,12.17216887478453,222.18534482184236,226.7325116762816,0.0
1.834,3.000289421254981,-1.3450108786856878,4.679803134780677,0.0,13.497282078141748,12.484636131361558,225.82075311535263,226.7325116762816,0.0
1.835,3.1968731358080795,-1.376726634282069,2.871216573634834,0.0,13.534007304447902,12.533283367065264,225.77912622937174,226.7325116762816,0.0
1.836,3.281309890696833,-1.3631707039997196,2.9015638710943774,0.0,13.570116421806784,12.594840264268983,219.80716193283538,226.7325116762816,0.0
1.837,3.3532745699757696,-1.3055990424706192,5.956799516797018,0.0,13.602572993684776,12.98255308436913,222.39016649065252,226.7325116762816,0.0
1.838,3.58494435629706,-1.3054233812057254,4.708720689744742,0.0,13.671111584261137,13.142135222511724,224.30907557609171,226.7325116762816,0.0
1.839,3.7385678936581153,-1.2986395916076279,3.7735005080270425,0.0,13.748010069350974,13.187637682932767,217.39443444284578,226.7325116762816,0.0
1.84,3.8329668403345436,-1.2247774838370145,7.324201846984369,0.0,13.813711958015148,13.62736144616238,221.15029229768305,226.7325116762816,0.0
1.841,4.101688606091266,-1.2235983499388547,5.502095113351718,0.0,13.91742495048478,13.765128863079811,218.63541210901752,226.7325116762816,0.0
1.842,4.2640456237434385,-1.201097578397968,6.840506203357123,0.0,14.022080091868672,14.049765070505208,217.3820316260063,226.7325116762816,0.0
1.843,4.498855959846767,-1.1468394646435747,7.56070124536549,0.0,14.138989955059136,14.358034948252477,218.79882083039655,226.7325116762816,0.0
1.844,4.735126109665729,-1.1457904981428744,6.931643551629213,0.0,14.27546301452775,14.547128914693937,214.36112425451878,226.7325116762816,0.0
1.845,4.952067109613656,-1.0710223236640746,9.274205713785724,0.0,14.408984155165994,14.973432396716612,217.38077446979548,226.7325116762816,0.0
1.846,5.24578790272467,-1.086105796696783,7.857897978212236,0.0,14.574190393721059,15.161098294823464,214.8955037885522,226.7325116762816,0.0
1.847,5.488378758253944,-1.0074670883351775,9.218903397711177,0.0,14.732841505581197,15.486644114298642,213.35681576467027,226.7325116762816,0.0
1.848,5.7460822000617,-0.9946147635236555,10.0,0.0,14.907554719557194,15.84188956502554,216.0689401903247,226.7325116762816,0.0
1.849,6.06065482406565,-0.9519761771898598,8.87013778342524,0.0,15.095759435959673,16.014960028008876,211.0784698075375,226.7325116762816,0.0
1.85,6.298714546110611,-0.8696378046874442,10.0,0.0,15.273819891908314,16.302086539138195,217.04230500254292,226.7325116762816,0.0
1.851,6.492315843993043,-0.9369469676334559,8.606459594870833,0.0,15.471014345024109,16.394802832472863,227.6353636175751,226.7325116762816,0.0
1.852,6.558048533695534,-1.0234457259964476,3.300901767941802,0.0,15.666602753952258,15.922996401986303,225.66556552648404,226.7325116762816,0.0
1.853,6.296310021600183,-0.9853393728470694,4.29647027498531,0.0,15.79039499250888,15.709946132712798,231.5060250010302,226.7325116762816,0.0
1.854,6.03709134683153,-1.0095362215452033,1.3285054044647486,0.0,15.883545697170778,15.22004496249821,232.52680595340271,226.7325116762816,0.0
1.855,5.67588785578825,-0.9446733216823024,0.7601719855072777,0.0,15.911014326873115,14.792752149658225,233.97882374086072,226.7325116762816,0.0
1.856,5.290318043565732,-0.9250324896924917,-0.038300028867515046,0.0,15.891494949800979,14.367587538114865,235.27762312655307,226.7325116762816,0.0
1.857,4.927648829709422,-0.889406999343212,-0.7731508362164039,0.0,15.827688653663198,13.946176496755971,236.301495433472,226.7325116762816,0.0
1.858,4.5671575848491415,-0.8808707980887919,-1.3807768272477814,0.0,15.72753915576881,13.537062923775292,236.42336892813978,226.7325116762816,0.0
1.859,4.230518145037502,-0.8688312760930718,-1.5386221471002468,0.0,15.59525426495881,13.180984458960456,236.89610341104216,226.7325116762816,0.0
1.86,3.92952635536985,-0.8774746200681844,-1.8766253058990432,0.0,15.441661179805546,12.841426159742095,236.67711973018936,226.7325116762816,0.0
1.861,3.6556822438095162,-0.89168047285447,-1.86657954601172,0.0,15.270947783612506,12.552062381480791,236.34648987917288,226.7325116762816,0.0
1.862,3.4195313021354363,-0.9169338467363899,-1.7974044025323916,0.0,15.091005161811797,12.305310612078717,235.85174239433627,226.7325116762816,0.0
1.863,3.2199073602110992,-0.9514106959101571,-1.6412229672946337,0.0,14.907921544921239,12.10132508807307,235.26091740664472,226.7325116762816,0.0
1.864,3.055957783939677,-0.9921867734682808,-1.4310945307524912,0.0,14.726888337358831,11.937020282416809,234.64161549644064,226.7325116762816,0.0
1.865,2.924031923075528,-1.0380850140733406,-1.2005346138520383,0.0,14.55216901567801,11.8071752919959,233.9455462164132,226.7325116762816,0.0
1.866,2.8199623687715993,-1.0859409460495533,-0.9246303192396321,0.0,14.38674229723452,11.71101513405215,233.2459961186937,226.7325116762816,0.0
1.867,2.741487745862859,-1.1338789289451676,-0.639990114804013,0.0,14.233036853639756,11.644071212577144,232.65469359677158,226.7325116762816,0.0
1.868,2.6856507432320496,-1.1792257721345227,-0.4035606730478474,0.0,14.092516335178843,11.596969299499285,232.18903442311742,226.7325116762816,0.0
1.869,2.6466349467875374,-1.2188310997006937,-0.2252963136891255,0.0,13.965240794856616,11.561503678577605,231.3202110654072,226.7325116762816,0.0
1.87,2.6166784523109965,-1.2532012105607242,0.16323837127473162,0.0,13.850530905393386,11.560718293896286,230.2805153892232,226.7325116762816,0.0
1.871,2.6068705603139977,-1.2847119652040695,0.6476061722373063,0.0,13.750335948310516,11.59871487316792,229.1543826347184,226.7325116762816,0.0
1.872,2.6219853383963385,-1.3168025282920175,1.18645383990535,0.0,13.667174999256343,11.675561159728938,227.80499937202055,226.7325116762816,0.0
1.873,2.6657510799317716,-1.346373371035043,1.8504205942968812,0.0,13.602946660834537,11.799391505246751,227.27697581359752,226.7325116762816,0.0
1.874,2.742591082052252,-1.3749939145711918,2.1089877321352373,0.0,13.560376742168236,11.918203957171004,227.94516388559646,226.7325116762816,0.0
1.875,2.827608937882684,-1.3917944053944786,1.7627671740426183,0.0,13.535506909116197,11.97162467514749,229.6290247144035,226.7325116762816,0.0
1.8760000000000001,2.872692758992538,-1.398309536226778,0.8918716292578788,0.0,13.519014790650326,11.920770991911947,225.20847338487926,226.7325116762816,0.0
1.877,2.863375284141542,-1.3564556533054566,3.1173876769340243,0.0,13.494417437277825,12.128344946290307,222.13804737595962,226.7325116762816,0.0
1.8780000000000001,2.9724570044336884,-1.3452307816047973,4.698545324397063,0.0,13.492221017622544,12.452281786657107,225.54909554476637,226.7325116762816,0.0
1.879,3.1721942701700967,-1.3769188911408454,3.004855401308837,0.0,13.526235864735444,12.520607550979278,226.63880093712697,226.7325116762816,0.0
1.8800000000000001,3.267492587452207,-1.3684014043555806,2.4609398125200834,0.0,13.562427998927532,12.534122965800968,220.56998756163622,226.7325116762816,0.0
1.881,3.317568426022971,-1.3045528263080572,5.556971741411911,0.0,13.589414292465207,12.891353361555732,221.6429211145007,226.7325116762816,0.0
1.8820000000000001,3.528371203722833,-1.2943668121223388,5.071400870597486,0.0,13.648943020444634,13.108498684849,224.56885857287148,226.7325116762816,0.0
1.883,3.705428284199846,-1.2967245321388283,3.6300686724461952,0.0,13.724594617299122,13.138823264446915,217.7134480632549,226.7325116762816,0.0
1.8840000000000001,3.7951719604387524,-1.2317941867466013,7.14796456338475,0.0,13.788547597234633,13.566961182173728,220.67713631687866,226.7325116762816,0.0
1.885,4.060578619494183,-1.224580597196391,5.7266741901669,0.0,13.888774879552685,13.738862410424359,219.94173924390944,226.7325116762816,0.0
1.8860000000000001,4.235749830093102,-1.2125819991733764,6.162280450975232,0.0,13.994921846576958,13.949111069927495,215.70409738600992,226.7325116762816,0.0
1.887,4.437615418010472,-1.1450258723310025,8.391385522827708,0.0,14.104167794876687,14.369341552913516,219.82435483379757,226.7325116762816,0.0
1.8880000000000001,4.719680166392096,-1.1625940125647285,6.400338367358723,0.0,14.247120253339176,14.48815887816799,213.7973602491791,226.7325116762816,0.0
1.889,4.908388316080936,-1.0904447789891278,9.543187173938987,0.0,14.379547101385217,14.957076308039829,218.81142337597635,226.7325116762816,0.0
1.8900000000000001,5.221621049954587,-1.100472882162768,7.115366493543412,0.0,14.547447591298694,15.061287397590558,213.1233030995297,226.7325116762816,0.0
1.891,5.421294947180194,-1.0124820753914954,10.0,0.0,14.699199871399315,15.494623518335661,215.60257591239488,226.7325116762816,0.0
1.8920000000000001,5.722056013263897,-1.0136453290995133,8.965271294389845,0.0,14.880118401539985,15.726047784037682,215.81440045407615,226.7325116762816,0.0
1.893,5.992886433306567,-0.9396005496003568,8.968540135771267,0.0,15.057930946954798,15.936344600247772,208.68571622561103,226.7325116762816,0.0
1.8940000000000001,6.219715340476592,-0.8817882153505106,10.0,0.0,15.233373010476644,16.2345780104414,218.90042569287888,226.7325116762816,0.0
1.895,6.445383035467724,-0.9102809470045186,7.630049326620422,0.0,15.424806532490113,16.22696795587649,223.1809215664188,226.7325116762816,0.0
1.8960000000000001,6.47916244650789,-0.9534440471705832,5.525317290949097,0.0,15.600798710547465,16.029982183514853,224.27818089967596,226.7325116762816,0.0
1.897,6.328751929997688,-0.9982246448366872,5.001230932086568,0.0,15.743987328304533,15.850574978003483,233.130960402816,226.7325116762816,0.0
1.8980000000000001,6.14267523100607,-1.0228862880229816,0.5108566932512106,0.0,15.857181338508589,15.233691383859666,230.41616237309105,226.7325116762816,0.0
1.899,5.726175021439186,-0.9507003049214466,1.8314192011455823,0.0,15.889180513704826,14.923935424469807,235.23594001238126,226.7325116762816,0.0
1.9000000000000001,5.383913568275833,-0.9456116834584578,-0.6635039018605187,0.0,15.887166286912539,14.394191569881245,234.26277638544425,226.7325116762816,0.0
1.901,4.982262067820162,-0.8868363496659675,-0.25222473548364066,0.0,15.825964696838081,14.028169667922322,236.25816015963287,226.7325116762816,0.0
1.9020000000000001,4.634382278329305,-0.883891386877073,-1.3451731074114583,0.0,15.734544883006324,13.602542946415452,236.09960964614544,226.7325116762816,0.0
1.903,4.292608466307231,-0.8691614571720963,-1.3595688303663835,0.0,15.608113535767396,13.253799191297848,236.71040221276513,226.7325116762816,0.0
1.9040000000000001,3.992201364099103,-0.8787317333898987,-1.764744019041065,0.0,15.46065097742161,12.912488406566121,236.62262835444457,226.7325116762816,0.0
1.905,3.716402720215097,-0.8930248017718778,-1.819758256662415,0.0,15.29528013119707,12.615896410026544,236.36922551085692,226.7325116762816,0.0
1.9060000000000001,3.47467623127441,-0.9171033620358977,-1.789423973214343,0.0,15.119292880886242,12.360145369418607,235.92335596212703,226.7325116762816,0.0
1.907,3.2677602396741947,-0.9494023889654624,-1.658397641707853,0.0,14.938641358905326,12.146823755658232,235.3778929204491,226.7325116762816,0.0
1.9080000000000001,3.0956051351236957,-0.9885888127636622,-1.4721199333105686,0.0,14.75871034409496,11.972817337268994,234.75848676533118,226.7325116762816,0.0
1.909,2.955586781545981,-1.0326284049944663,-1.2426766066420996,0.0,14.583824279834113,11.835274915935242,234.08035577324497,226.7325116762816,0.0
1.9100000000000001,2.8446153180856224,-1.07937149641331,-0.9770895515686284,0.0,14.417373923999751,11.731724950545045,233.38311791330545,226.7325116762816,0.0
1.911,2.759917803571444,-1.1267812926151852,-0.6949766839691072,0.0,14.261961253877816,11.658468502957598,232.76519023198264,226.7325116762816,0.0
1.9120000000000001,2.698684532676636,-1.1722751250458692,-0.4463396288647119,0.0,14.119294429614683,11.607414065155476,232.31629693339596,226.7325116762816,0.0
1.913,2.6559767643947128,-1.2125353668749632,-0.27773083214251404,0.0,13.989762532274556,11.567344507597717,231.51788619792114,226.7325116762816,0.0
1.9140000000000001,2.622724357653273,-1.247330829462045,0.07362079037849911,0.0,13.872601767378942,11.558521993630546,230.48810120136997,226.7325116762816,0.0
1.915,2.6078644207687147,-1.2787192460963948,0.5509573934032015,0.0,13.769379598780084,11.589161233667925,229.42177840910367,226.7325116762816,0.0
1.9160000000000001,2.6175483776731223,-1.3110172274542993,1.0572261222081334,0.0,13.682782464827874,11.656116692351649,228.0816938056194,226.7325116762816,0.0
1.917,2.6545547018903424,-1.3403956840326312,1.7137766026568841,0.0,13.614449240549298,11.770900901238239,227.33641977716235,226.7325116762816,0.0
1.9180000000000001,2.7243849872894566,-1.369508813863433,2.080374535876607,0.0,13.567336419302844,11.893822366506267,227.33087338767993,226.7325116762816,0.0
1.919,2.8090481094844955,-1.3897679346092324,2.0771641135038332,0.0,13.539164398691566,11.98710663674218,229.47866175736405,226.7325116762816,0.0
1.92,2.8775368926553773,-1.4015498458960325,0.9758084278509478,0.0,13.524231426199098,11.940441121768437,226.39118377487347,226.7325116762816,0.0
1.921,2.8719600324977117,-1.3721604622744557,2.522960698110321,0.0,13.502774548147261,12.079447510076935,222.33372539609908,226.7325116762816,0.0
1.922,2.945720866971263,-1.3523314334047256,4.5956777502993384,0.0,13.495476697392006,12.406765464393931,224.80894412945256,226.7325116762816,0.0
1.923,3.1409785977649545,-1.372865886378028,3.3773040590908927,0.0,13.52409750725973,12.525132819606311,227.49947824080357,226.7325116762816,0.0
1.924,3.260332851928761,-1.3718024855875541,2.0243673377701668,0.0,13.56137065304524,12.486709827200947,221.45513887714748,226.7325116762816,0.0
1.925,3.2859057278801154,-1.3100139130914634,5.099310747589554,0.0,13.584288076044997,12.806010117095001,220.3254609252152,226.7325116762816,0.0
1.926,3.4740035185519056,-1.2858060684712351,5.7282202310663575,0.0,13.634798808550915,13.113667701169494,223.92372943800862,226.7325116762816,0.0
1.927,3.6888020782387008,-1.3049510809472626,3.9571737970523753,0.0,13.713372256032258,13.172759533851995,219.19281708950905,226.7325116762816,0.0
1.928,3.798751366553246,-1.2618934630928234,6.398026917169887,0.0,13.785069753944972,13.510057399449714,219.87628559800015,226.7325116762816,0.0
1.929,4.029814005915464,-1.231518098863826,6.124854923707151,0.0,13.880416574739534,13.742020380350162,221.47960021604166,226.7325116762816,0.0
1.93,4.222048325746946,-1.2255431214396943,5.375726729288795,0.0,13.989071517670327,13.861814215000788,214.8954380863942,226.7325116762816,0.0
1.931,4.377359603997659,-1.1506985729840165,8.786178530011401,0.0,14.090667199217211,14.347973243093833,220.7800897733561,226.7325116762816,0.0
1.932,4.685683974918289,-1.1658500572309434,5.9033769055597,0.0,14.233134324170438,14.412100671816583,213.92784342303506,226.7325116762816,0.0
1.933,4.847044301799404,-1.0956373224059486,9.457546763252692,0.0,14.3598925638274,14.889182378505422,219.14439887457263,226.7325116762816,0.0
1.934,5.162782272649786,-1.0963148319734708,6.925150165500995,0.0,14.522459803588225,14.984008840636719,212.63954464685008,226.7325116762816,0.0
1.935,5.352337800139589,-1.0149232729555924,10.0,0.0,14.669293118998457,15.431473099988,216.4370438744384,226.7325116762816,0.0
1.936,5.660914928074999,-1.0155689744657435,8.516341874887733,0.0,14.847074471559084,15.622875444039844,214.52522473318894,226.7325116762816,0.0
1.937,5.914978411254013,-0.9321196904169022,9.594324314943384,0.0,15.017032045008362,15.921469126729473,210.13054387713993,226.7325116762816,0.0
1.938,6.172755616177555,-0.9048745476286595,10.0,0.0,15.197690756515458,16.215228841740938,216.74725282607017,226.7325116762816,0.0
1.939,6.430441102347094,-0.9004360304059218,8.710028846577114,0.0,15.38944378290637,16.32595724124547,224.23043797788623,226.7325116762816,0.0
1.94,6.530921010833124,-0.9656395022359988,4.9934570076530385,0.0,15.58031111368218,16.04038897761945,223.48633331296548,226.7325116762816,0.0
1.941,6.363911545276996,-0.9850477463187857,5.39797112374657,0.0,15.725017757148612,15.903502384889176,231.87531257330204,226.7325116762816,0.0
1.942,6.183634069493989,-1.0264567667281497,1.1520534846080879,0.0,15.845925986799577,15.341839461992974,230.53704171691163,226.7325116762816,0.0
1.943,5.804830098316397,-0.9559334993471125,1.7831436123969922,0.0,15.890405451579813,15.00017840687136,234.22758674601184,226.7325116762816,0.0
1.944,5.45390170941337,-0.9492800370767348,-0.13707965285041368,0.0,15.896244216193939,14.514410026352383,234.41085671170947,226.7325116762816,0.0
1.945,5.070162225657434,-0.8984406303873737,-0.3054980860535088,0.0,15.847396466181632,14.117180624670972,236.2107982192274,226.7325116762816,0.0
1.946,4.710338032632852,-0.8905280219188,-1.3002517052419313,0.0,15.763348558137757,13.682793940772921,236.10543014649912,226.7325116762816,0.0
1.947,4.358883697568902,-0.870832420265046,-1.3412968535799656,0.0,15.64217938241124,13.323935439261776,236.7763306159882,226.7325116762816,0.0
1.948,4.048684552388334,-0.8768457913343625,-1.777185277721573,0.0,15.498099700940426,12.971915957776122,236.71451333189816,226.7325116762816,0.0
1.949,3.763601618983191,-0.8875892837286242,-1.8460966522327187,0.0,15.334347689920797,12.665726220559899,236.48952335426054,226.7325116762816,0.0
1.95,3.51343295817345,-0.9091957378115737,-1.8311717801936984,0.0,15.158621181306696,12.400778828987766,236.04228775279768,226.7325116762816,0.0
1.951,3.2987954907409893,-0.9398845660537466,-1.7006517402274266,0.0,14.9771322909626,12.1800699161968,235.493578618546,226.7325116762816,0.0
1.952,3.1206157298033883,-0.9778122012879273,-1.5139078425242305,0.0,14.795586549967155,11.999973033027032,234.89927636280828,226.7325116762816,0.0
1.953,2.9756631397637583,-1.0216773238181378,-1.298424361520639,0.0,14.618631581880262,11.855729995303037,234.2211341354821,226.7325116762816,0.0
1.954,2.8599834925730985,-1.0684259609361897,-1.0342394724495487,0.0,14.449651505687333,11.74639650282111,233.51545859633305,226.7325116762816,0.0
1.955,2.7711396454742747,-1.116226850281381,-0.7492311720755422,0.0,14.291426699322301,11.668423442827482,232.86835417725376,226.7325116762816,0.0
1.956,2.706396388729174,-1.1627087908313736,-0.4870373875456222,0.0,14.145862072161457,11.614649761262232,232.3691890445342,226.7325116762816,0.0
1.957,2.6613083534726565,-1.2047048831189238,-0.29382159486837134,0.0,14.0136312903063,11.574641035797386,231.6855046709744,226.7325116762816,0.0
1.958,2.627884228972058,-1.2411251273659607,-0.0015093380353996544,0.0,13.894208980034474,11.558858068360871,230.6761167214055,226.7325116762816,0.0
1.959,2.6095213219699986,-1.2731846327528091,0.46374858629782034,0.0,13.78831294719626,11.58265209427436,229.65566375444158,226.7325116762816,0.0
1.96,2.6147412115384547,-1.3056339971870023,0.9447435489981784,0.0,13.698634755267117,11.640976164043849,228.34145426253912,226.7325116762816,0.0
1.961,2.64579273330163,-1.3351584183670542,1.5857588690868334,0.0,13.626679982193295,11.74683827472795,227.46119387134505,226.7325116762816,0.0
1.962,2.709185463673032,-1.364262112418579,2.0186022427332344,0.0,13.575413059629131,11.869458629813252,227.2082331698726,226.7325116762816,0.0
1.963,2.7912034261747896,-1.3871207321979946,2.1403253785335403,0.0,13.543758276065136,11.975363319763701,229.14619740795806,226.7325116762816,0.0
1.964,2.868647528850756,-1.3982682255273682,1.1472064021740547,0.0,13.526857077921022,11.949353071935821,227.37682666154893,226.7325116762816,0.0
1.965,2.872710841910398,-1.3801738106372436,2.025448625525943,0.0,13.506943114237325,12.031119039998813,223.19521736836788,226.7325116762816,0.0
1.966,2.9199680077291927,-1.353130161971813,4.151626215195607,0.0,13.494403286524001,12.32265647240782,223.7384675781004,226.7325116762816,0.0
1.967,3.0916380287009733,-1.3595545133048001,3.9099415513111597,0.0,13.51324829995619,12.517527959231892,227.1420594580592,226.7325116762816,0.0
1.968,3.243456682181197,-1.37000151854063,2.2040501335139786,0.0,13.55078088779018,12.494582237724824,222.84914709717424,226.7325116762816,0.0
1.969,3.2806808413462063,-1.327473152051196,4.389339959747537,0.0,13.57748305432387,12.732548671242178,218.92151992121896,226.7325116762816,0.0
1.97,3.4325124450227706,-1.2898409348338928,6.431263465275803,0.0,13.621597387326913,13.135818130594165,223.9664431128491,226.7325116762816,0.0
1.971,3.6859944367360784,-1.3200079676239431,3.936462555095055,0.0,13.705321928743938,13.181960039084398,220.7864980924972,226.7325116762816,0.0
1.972,3.7954339568059496,-1.2868659411021663,5.585895201108853,0.0,13.781340913622984,13.428742283740085,218.1779781904825,226.7325116762816,0.0
1.973,3.984269737394712,-1.232090745311258,6.975700486974197,0.0,13.868742373207908,13.775154916739087,221.9765919981712,226.7325116762816,0.0
1.974,4.220171620984182,-1.2412899244370716,5.123952779910953,0.0,13.983604611795991,13.854015282372115,216.14093280026972,226.7325116762816,0.0
1.975,4.36041011717766,-1.1753431890265789,8.147698167621805,0.0,14.087520530402154,14.274538089274088,220.75371701593,226.7325116762816,0.0
1.976,4.639351145785492,-1.1626611293269409,5.901094006395185,0.0,14.222361578625053,14.356755167549524,214.31799860901847,226.7325116762816,0.0
1.977,4.792465174882508,-1.0998783863742052,9.243098340523577,0.0,14.34516094872539,14.820268028271496,219.29634958681717,226.7325116762816,0.0
1.978,5.104654661396855,-1.0912588882115142,6.828284472518871,0.0,14.501711350519525,14.917850267883896,212.5396741195532,226.7325116762816,0.0
1.979,5.289589583428335,-1.016942593755798,10.0,0.0,14.644276338686986,15.377145223859124,217.00827083788437,226.7325116762816,0.0
1.98,5.6065100036359485,-1.0169934974924772,8.204523619302167,0.0,14.81926308599082,15.542535728899477,213.3514565213974,226.7325116762816,0.0
1.981,5.8487265027417,-0.9309291923950844,10.0,0.0,14.98382262647021,15.900868413150357,211.67341542638852,226.7325116762816,0.0
1.982,6.130773339449408,-0.9193692614153757,10.0,0.0,15.167348531969967,16.193266032170328,218.36645789418446,226.7325116762816,0.0
1.983,6.413536674375787,-0.8882628662655128,7.867096956188654,0.0,15.35845550466506,16.2118736465442,219.91969569911603,226.7325116762816,0.0
1.984,6.476769546548195,-0.9259258837972077,7.158606213494524,0.0,15.536766537408003,16.18699826290225,223.95267378558873,226.7325116762816,0.0
1.985,6.420087354023327,-1.0127658408307152,5.169915549165105,0.0,15.703934693610837,15.97763782514896,232.2616026066241,226.7325116762816,0.0
1.986,6.261440261468571,-1.0197377247174442,0.9601602293439901,0.0,15.83334849807526,15.379628426510024,229.37171830234573,226.7325116762816,0.0
1.987,5.850419424131702,-0.9622367300333405,2.37871031522254,0.0,15.883625153975235,15.09612523200779,236.91290538298628,226.7325116762816,0.0
1.988,5.531269135228007,-0.9464061838475615,-1.4936871621647843,0.0,15.899357474701386,14.436847122580414,232.7047882098686,226.7325116762816,0.0
1.989,5.059056071004081,-0.8718831867476495,0.5506486590581812,0.0,15.83954952819305,14.157422905452393,235.17253007637296,226.7325116762816,0.0
1.99,4.736612968264408,-0.8718483050766862,-0.7676224581949098,0.0,15.758521347609943,13.76525374493539,235.92500049436708,226.7325116762816,0.0
1.991,4.415883880320873,-0.8715823077233279,-1.2357825553728237,0.0,15.646350158141285,13.397939551541128,236.50438498521063,226.7325116762816,0.0
1.992,4.1120209221212916,-0.8801745946353562,-1.6231935338838896,0.0,15.509612479813928,13.048423686397514,236.63659867895024,226.7325116762816,0.0
1.993,3.8285948669054273,-0.8928067656057943,-1.7883412507803769,0.0,15.352900598742568,12.734031737353767,236.48825518411704,226.7325116762816,0.0
1.994,3.5733419315329016,-0.913133394268524,-1.8117269384421317,0.0,15.182530318317163,12.459730408972252,236.10385436145518,226.7325116762816,0.0
1.995,3.351055900500439,-0.9412002713806876,-1.7132399539629377,0.0,15.004651023291867,12.22878854461552,235.6010657558011,226.7325116762816,0.0
1.996,3.1638458538940966,-0.9768036539112552,-1.550531191931095,0.0,14.825101174640663,12.038436275987019,235.01026388084495,226.7325116762816,0.0
1.997,3.0100091032593643,-1.018182309156297,-1.3379077764986498,0.0,14.648666702243377,11.885975679537253,234.3512693906126,226.7325116762816,0.0
1.998,2.8867410286374557,-1.0632499595485612,-1.0845981085257876,0.0,14.479173272431547,11.768876645517487,233.65367226863555,226.7325116762816,0.0
1.999,2.791176495849874,-1.109997426007413,-0.8050111534607995,0.0,14.319610827005471,11.684039058156356,232.99051693100807,226.7325116762816,0.0
2.0,2.7205676394224256,-1.1560972118075514,-0.5360135371943282,0.0,14.172124369159317,11.625334182106528,232.46967967069054,226.7325116762816,0.0
2.001,2.67099560421496,-1.198443672891678,-0.3329665869796501,0.0,14.037713182354047,11.58214317154657,231.86595721643934,226.7325116762816,0.0
2.0020000000000002,2.6349217818875554,-1.2350880964598348,-0.08243981525562871,0.0,13.916031435154963,11.558830018853511,230.86891437480134,226.7325116762816,0.0
2.003,2.6115462947687846,-1.2677563718158282,0.37471757857817733,0.0,13.807413613459959,11.575672617674119,229.8358850389852,226.7325116762816,0.0
2.004,2.612139466645455,-1.2996182143649704,0.8601985128592107,0.0,13.714519953743364,11.628501499498123,228.59283332580816,226.7325116762816,0.0
2.005,2.638533698347636,-1.330161246179129,1.4631211529524646,0.0,13.639239663254891,11.725327374467042,227.52760588412386,226.7325116762816,0.0
2.0060000000000002,2.695456277518967,-1.3601514893845255,1.9877839317161916,0.0,13.584163485746615,11.850628770761473,227.21016122501823,226.7325116762816,0.0
2.007,2.7771166748058667,-1.3850034411393926,2.141729765781642,0.0,13.549558877879589,11.961166405725349,228.71243204516384,226.7325116762816,0.0
2.008,2.8584941593055406,-1.3963891024118742,1.3707951520200141,0.0,13.530472397518075,11.962712631229609,228.3315117028886,226.7325116762816,0.0
2.009,2.8756930017590023,-1.3884399715160218,1.5452653228915598,0.0,13.51246092673187,11.988018553255891,224.11501702022898,226.7325116762816,0.0
2.0100000000000002,2.8990573917315587,-1.3519993024270662,3.6796876107819005,0.0,13.494852212936092,12.239636391487702,222.8983936044756,226.7325116762816,0.0
2.011,3.0426330076429084,-1.348139974940089,4.326340499376656,0.0,13.504106035010388,12.498559495532746,226.1805680418011,226.7325116762816,0.0
2.012,3.2179030425800788,-1.3708460255273063,2.690772717058699,0.0,13.540863044121226,12.528292738755823,224.15864367808504,226.7325116762816,0.0
2.013,3.287421861138382,-1.3475405814900059,3.7274735788986986,0.0,13.574127017293314,12.68322676150121,218.52563796809085,226.7325116762816,0.0
2.0140000000000002,3.403944688205249,-1.3035450295946993,6.626045170977703,0.0,13.614951539154621,13.122347323007787,223.84268726562422,226.7325116762816,0.0
2.015,3.670700252322948,-1.3262736821064163,3.99641876631759,0.0,13.698545772275699,13.175215776334163,222.57816560949166,226.7325116762816,0.0
2.016,3.7813611973588834,-1.3017254856726406,4.6702230550517685,0.0,13.776139839284468,13.32206639513458,216.5591001265661,226.7325116762816,0.0
2.017,3.9190469628204925,-1.2298789951129634,7.781489912011701,0.0,13.85300192947518,13.783453845383676,222.95854780712628,226.7325116762816,0.0
2.0180000000000002,4.202683622903855,-1.247391361297792,4.6195057104231685,0.0,13.97096138085766,13.797634653928037,216.59854505752136,226.7325116762816,0.0
2.019,4.316592992735021,-1.186118782215927,7.90084675141323,0.0,14.071627860595472,14.205067019200406,220.22266850863758,226.7325116762816,0.0
2.02,4.588624855039204,-1.1580718963353909,6.15388345753156,0.0,14.200498497230697,14.328059012027293,215.3952018331816,226.7325116762816,0.0
2.021,4.7500954460277605,-1.115838747043983,8.680989893690551,0.0,14.324416091921846,14.732048763765619,218.63252472154457,226.7325116762816,0.0
2.0220000000000002,5.045370570060047,-1.0840505324903922,7.143328319056437,0.0,14.473266530209722,14.882751904494215,212.985020646294,226.7325116762816,0.0
2.023,5.239304244050317,-1.03422664133567,10.0,0.0,14.617139492860193,15.344500322730266,217.7294639298968,226.7325116762816,0.0
2.024,5.570988091872036,-1.024485416431312,7.820272997304409,0.0,14.792226705241285,15.471578621781319,212.2103220438149,226.7325116762816,0.0
2.025,5.788951651944647,-0.9421471737620917,10.0,0.0,14.953553231844808,15.844365899359081,213.218951002082,226.7325116762816,0.0
2.0260000000000002,6.0748443159763,-0.926312222737693,10.0,0.0,15.135107371359759,16.14494127436971,215.07334626366978,226.7325116762816,0.0
2.027,6.376103912610357,-0.8722856159957875,9.523951957926405,0.0,15.322779057192914,16.35096961221324,217.4175073233615,226.7325116762816,0.0
2.028,6.539255817389904,-0.9469351754960758,8.44502147160975,0.0,15.521038125839556,16.426306298222233,226.42925229622455,226.7325116762816,0.0
2.029,6.566403028635403,-1.06280992812404,3.942181578978791,0.0,15.719004683416504,16.028057464979536,229.58317319459147,226.7325116762816,0.0
2.0300000000000002,6.338606033988173,-1.0298878369722657,2.3367145146122326,0.0,15.852569524358515,15.583186334188445,230.29231633796405,226.7325116762816,0.0
2.031,5.9731916828591185,-1.000663885361123,1.9465448963091152,0.0,15.925405354361516,15.20721242187872,233.41254196400737,226.7325116762816,0.0
2.032,5.628043092687182,-0.9558059327742656,0.31963178041019624,0.0,15.94871807486479,14.735372938642026,235.25101495652586,226.7325116762816,0.0
2.033,5.227482745703498,-0.9316818068742649,-0.6847897486514913,0.0,15.92031050067094,14.259441591008022,235.73605577568588,226.7325116762816,0.0
2.0340000000000003,4.835828515280543,-0.8828319243759273,-1.017345599225544,0.0,15.842018303317253,13.840802054322197,236.94169900741522,226.7325116762816,0.0
2.035,4.469273006981078,-0.8711928005346641,-1.7222590884015503,0.0,15.728899567232803,13.418386889874672,236.80460787834375,226.7325116762816,0.0
2.036,4.126066857053861,-0.856715162564071,-1.7544344858864322,0.0,15.583375039373689,13.064498330840879,237.04221045845205,226.7325116762816,0.0
2.037,3.8271988723524712,-0.8649638513472153,-1.9763327637622874,0.0,15.418066240542961,12.73680253515094,236.69163678860895,226.7325116762816,0.0
2.0380000000000003,3.5624190936296714,-0.8827839439226748,-1.90063717996401,0.0,15.238396465321781,12.462028031955986,236.3365289345398,226.7325116762816,0.0
2.039,3.339412476551831,-0.9118464130452426,-1.8191234255120263,0.0,15.052234887980948,12.226856488801477,235.81025001874028,226.7325116762816,0.0
2.04,3.151971374463995,-0.9496169471662614,-1.6467613510368446,0.0,14.865036448120836,12.03311908793497,235.07982303644295,226.7325116762816,0.0
2.041,2.997979751951448,-0.9942182789545022,-1.3650209734897922,0.0,14.681712553315581,11.884368071410027,234.35903192555273,226.7325116762816,0.0
2.0420000000000003,2.878811386058737,-1.0426851469015692,-1.080890620537394,0.0,14.506731288494658,11.772165306129423,233.71142253665838,226.7325116762816,0.0
2.043,2.7882755285985326,-1.0942451387070866,-0.8268750346939857,0.0,14.343214804046896,11.687552362469727,233.04602441291735,226.7325116762816,0.0
2.044,2.7203589746853223,-1.144112067222775,-0.5573111001898292,0.0,14.192558435896615,11.628726404024107,232.50054903589924,226.7325116762816,0.0
2.045,2.672186795723245,-1.1895793222892368,-0.3422537852769518,0.0,14.055587837488945,11.586297844050083,231.95046411719846,226.7325116762816,0.0
2.0460000000000003,2.6374448505779906,-1.2288246517368242,-0.11939085033573216,0.0,13.931933756613219,11.56011932210346,230.98780799698042,226.7325116762816,0.0
2.047,2.6131689136254015,-1.2632614930839217,0.3193842465663006,0.0,13.821422830884101,11.572552809187075,229.95569013250008,226.7325116762816,0.0
2.048,2.611676928697893,-1.2953794307527315,0.8032113942442867,0.0,13.726394951166366,11.62144644923747,228.78764142754406,226.7325116762816,0.0
2.049,2.6350336097842124,-1.327065564187204,1.3666844492096728,0.0,13.648923518726539,11.710507547111698,227.691737246342,226.7325116762816,0.0
2.05,2.687604921364975,-1.3560397294068405,1.9050442841100979,0.0,13.590975636157939,11.83095096578089,227.12385918007595,226.7325116762816,0.0
2.051,2.764573302248668,-1.3822742151899807,2.185069842205178,0.0,13.553462935497059,11.951033658586358,228.26387190305385,226.7325116762816,0.0
2.052,2.8498494144189572,-1.3963995797408786,1.5997498784485056,0.0,13.53300121942559,11.979560671921114,229.07253003569764,226.7325116762816,0.0
2.053,2.881864888256136,-1.3957263870101682,1.1720206285324526,0.0,13.51722307144885,11.959322853461662,224.66358339038615,226.7325116762816,0.0
2.054,2.885886421379402,-1.353560482816491,3.397183234047151,0.0,13.496367438889845,12.188453967251071,222.24325195222312,226.7325116762816,0.0
2.055,3.0111464654173483,-1.3444267214751613,4.6522415503692525,0.0,13.499927426260067,12.494652805632981,225.88626146245375,226.7325116762816,0.0
2.056,3.2056025429274504,-1.3744259833125492,2.8391992973922173,0.0,13.537142555146982,12.538464959837292,225.51487798515674,226.7325116762816,0.0
2.057,3.286841558959372,-1.3593833095722043,3.0370673729519666,0.0,13.573062699835834,12.614521591362802,219.42890546705743,226.7325116762816,0.0
2.058,3.365594933351178,-1.3037614351946298,6.153089694093864,0.0,13.607028513764222,13.019497867751875,222.62469008142529,226.7325116762816,0.0
2.059,3.60772890556981,-1.3084795762502952,4.596275602858501,0.0,13.679170588198568,13.159116121447434,224.0308549918735,226.7325116762816,0.0
2.06,3.7542675771433567,-1.2991147852851082,3.9202097144784758,0.0,13.756982972142314,13.219489736256524,217.26548315171286,226.7325116762816,0.0
2.061,3.85520194339928,-1.224637522420747,7.397565919804483,0.0,13.82495262816717,13.661239675876322,221.37957227698357,226.7325116762816,0.0
2.062,4.125742372920198,-1.2253472603522768,5.394050751162109,0.0,13.931123156352621,13.781701252947963,218.0758668793069,226.7325116762816,0.0
2.063,4.2814469547037035,-1.1968774219208809,7.132469897970196,0.0,14.035584009819928,14.097572883265325,218.12320817954952,226.7325116762816,0.0
2.064,4.528577618875442,-1.149124770707994,7.194892282816199,0.0,14.156217847723138,14.356158379521602,218.3002556601778,226.7325116762816,0.0
2.065,4.743759556987445,-1.1397700887914384,7.190691102663092,0.0,14.290095362962965,14.57866364972667,215.4909655822184,226.7325116762816,0.0
2.066,4.9723297055170175,-1.067063246210671,8.707751602583432,0.0,14.424931447834599,14.936233914270847,216.32114121413395,226.7325116762816,0.0
2.067,5.236210923265751,-1.0679390747605033,8.396777491247134,0.0,14.582864360239773,15.195411771134513,216.18716825470892,226.7325116762816,0.0
2.068,5.504060567976289,-1.0039247872061319,8.569217405175372,0.0,14.743871437174313,15.439718616457125,211.48107038585343,226.7325116762816,0.0
2.069,5.734499770611196,-0.9716346982793989,10.0,0.0,14.910296724041274,15.80868735538962,215.4190269426106,226.7325116762816,0.0
2.07,6.043635794791057,-0.9345964450165817,9.197441706415377,0.0,15.093225049145133,16.023111940239573,211.85682070610085,226.7325116762816,0.0
2.071,6.307841357965838,-0.8546860518706775,10.0,0.0,15.270883239510184,16.304722642637643,216.07862846056773,226.7325116762816,0.0
2.072,6.496172863203545,-0.9420041147018974,9.100390654608319,0.0,15.469340771921434,16.450881072959078,227.67996534069573,226.7325116762816,0.0
2.073,6.583758691290856,-1.0516240533979784,3.2902476779001764,0.0,15.673753406751953,15.964398653468294,226.67082214413125,226.7325116762816,0.0
2.074,6.3256162944487,-1.0076332259236365,3.79543617150392,0.0,15.803141345741205,15.68994942540664,230.9120288436832,226.7325116762816,0.0
2.075,6.0335758840236595,-1.0175666986665073,1.6330376500539279,0.0,15.893678158301832,15.242511212932872,233.39193282352272,226.7325116762816,0.0
2.076,5.681710256566293,-0.9576252536836384,0.3264914486617565,0.0,15.923724574683469,14.762559220939965,234.23320240856273,226.7325116762816,0.0
2.077,5.272058663626911,-0.9276139871702787,-0.16915025118106009,0.0,15.900069325361017,14.333694963764488,235.4869651288289,226.7325116762816,0.0
2.078,4.899186508022727,-0.8883648804714861,-0.8835761458396161,0.0,15.83187588618152,13.908640597147356,236.42676484789266,226.7325116762816,0.0
2.079,4.534547232535509,-0.877174925623761,-1.4504185370876046,0.0,15.727157950292007,13.500445517930858,236.5533132008251,226.7325116762816,0.0
2.08,4.197472381147437,-0.8653611125525374,-1.6119007287992626,0.0,15.590904680180433,13.143935376769068,236.9454033964776,226.7325116762816,0.0
2.081,3.8971623256981593,-0.8738839825375886,-1.9100747438274652,0.0,15.433681376792906,12.80792996056185,236.6838447849852,226.7325116762816,0.0
2.082,3.6260842439383936,-0.8891255285798199,-1.8788087691683133,0.0,15.260171203488202,12.523039241438479,236.3132068884353,226.7325116762816,0.0
2.083,3.393739068210457,-0.9159047665867008,-1.7892967730148963,0.0,15.07831627632197,12.281667425239727,235.79853194635695,226.7325116762816,0.0
2.084,3.1988342150002893,-0.951639186615998,-1.622619504676471,0.0,14.894172654075637,12.082802759595761,235.21557407824477,226.7325116762816,0.0
2.085,3.0393664723200615,-0.9938043472910049,-1.4159711946400155,0.0,14.712837750963498,11.922067142874901,234.58568732855855,226.7325116762816,0.0
2.086,2.9109654183344267,-1.0405382423355096,-1.179559576319674,0.0,14.538281853338638,11.795739830941418,233.88269323872353,226.7325116762816,0.0
2.087,2.8099750102460206,-1.0889024502140017,-0.899564347026585,0.0,14.373401538199104,11.70284995382769,233.187002792247,226.7325116762816,0.0
2.088,2.7342395600600944,-1.1370833480456728,-0.6162640349479727,0.0,14.220536523544844,11.638445110386671,232.60854999856676,226.7325116762816,0.0
2.089,2.680629659502377,-1.1823261226183799,-0.3857980213307033,0.0,14.081012422236594,11.592852242760934,232.12288492926308,226.7325116762816,0.0
2.09,2.64301833480241,-1.221650017841017,-0.19686921920867917,0.0,13.95475464502535,11.559944906575605,231.24591439240072,226.7325116762816,0.0
2.091,2.6147250339646773,-1.255903567246908,0.1964820220613097,0.0,13.841206563399126,11.56181802465132,230.18708466029815,226.7325116762816,0.0
2.092,2.6067527778895663,-1.2873018585520937,0.6913511582724272,0.0,13.742311878292607,11.60324513048725,229.03329532097,226.7325116762816,0.0
2.093,2.6242584448072,-1.3192315217858555,1.2452379914896143,0.0,13.660647652322996,11.684613571599023,227.71347381998888,226.7325116762816,0.0
2.094,2.671134194107812,-1.3488244859437066,1.8953391205431087,0.0,13.598222622486542,11.810669726112478,227.26414902945172,226.7325116762816,0.0
2.095,2.750023609863023,-1.3771896137817987,2.114685142279989,0.0,13.5574699455057,11.927295735051398,228.18709985227406,226.7325116762816,0.0
2.096,2.83448460188007,-1.3927570515094874,1.6386638491088923,0.0,13.533883903988496,11.965126257967826,229.29402261653894,226.7325116762816,0.0
2.097,2.8708728279051683,-1.396102944391569,1.059587357573879,0.0,13.516651892754407,11.934718828361163,224.91668750296904,226.7325116762816,0.0
2.098,2.870422027134751,-1.3552026876712058,3.266413156091954,0.0,13.493569852514998,12.154584013689096,222.1966895085367,226.7325116762816,0.0
2.099,2.988916230832939,-1.346171614988509,4.67177037498557,0.0,13.49419811940443,12.469636642138902,225.7660676821025,226.7325116762816,0.0
2.1,3.1858673907649404,-1.378280192758979,2.89674572814447,0.0,13.529891076731479,12.523460865535679,226.06206257172812,226.7325116762816,0.0
2.101,3.272901856800691,-1.3662948161948925,2.755452774377189,0.0,13.56575768346575,12.570075704214876,220.15884058324036,226.7325116762816,0.0
2.102,3.3377561442437904,-1.3067360610923098,5.7728004795514805,0.0,13.596267504098865,12.942673269848045,222.15405558246317,226.7325116762816,0.0
2.103,3.559853451728558,-1.3024240421250237,4.82097754087826,0.0,13.661107364696608,13.122405899726514,224.41572612622565,226.7325116762816,0.0
2.104,3.7209276090263406,-1.298614151719752,3.71331012449758,0.0,13.737060534467526,13.162826882033865,217.53979229821564,226.7325116762816,0.0
2.105,3.8134905308152827,-1.228016797083811,7.243204232283243,0.0,13.801732875386183,13.597594929283995,220.99459228125775,226.7325116762816,0.0
2.106,4.080368653075683,-1.2248748623936025,5.573183434712427,0.0,13.903775147668417,13.747921212859573,219.22183186963343,226.7325116762816,0.0
2.107,4.247061438875738,-1.2066079508654148,6.534670438591068,0.0,14.008667880158791,14.00021544849277,216.6846381417758,226.7325116762816,0.0
2.108,4.4675218442619125,-1.1458752048199585,7.903746037864947,0.0,14.121802830013735,14.356169262958558,219.11759239827427,226.7325116762816,0.0
2.109,4.723068588193151,-1.1527896837274298,6.763418102395782,0.0,14.26058758647003,14.522808824290333,213.45642241677854,226.7325116762816,0.0
2.11,4.9324238751099525,-1.0795210566898168,9.726763985738678,0.0,14.394029129650672,15.003560617535436,218.5081060428337,226.7325116762816,0.0
2.111,5.251319772963029,-1.1046006021061852,7.283166229045575,0.0,14.565693134103928,15.118167177809752,213.73791380779454,226.7325116762816,0.0
2.112,5.46415786064472,-1.0132389568663607,9.798208325250027,0.0,14.721350817708746,15.519346859984928,214.79918958722357,226.7325116762816,0.0
2.113,5.749960696464418,-1.0107710202425482,9.386903656426094,0.0,14.902202844594377,15.796270476707038,216.4466137698276,226.7325116762816,0.0
2.114,6.035831317150822,-0.9500304330492213,8.666050544188622,0.0,15.086005245238635,15.959818398870311,209.56520833095135,226.7325116762816,0.0
2.115,6.254227065434938,-0.8682786656157218,10.0,0.0,15.259396909489041,16.258169914038927,217.72811067860695,226.7325116762816,0.0
2.116,6.456589365765829,-0.9238828386656026,8.241450607287389,0.0,15.452218535541089,16.317169620805657,225.87671085030297,226.7325116762816,0.0
2.117,6.517614221708477,-0.9865236365982717,4.1757085296991665,0.0,15.637992415706698,15.955216273742959,224.67716900277446,226.7325116762816,0.0
2.118,6.302200653523656,-0.9822747188134411,4.796032880198492,0.0,15.76789978421382,15.781234489793663,232.54230556989046,226.7325116762816,0.0
2.119,6.083770685316349,-1.0172527448810287,0.805366657704405,0.0,15.871308309520582,15.214338253931617,231.32523336608602,226.7325116762816,0.0
2.12,5.694195823850807,-0.9417648858853702,1.3679755427085785,0.0,15.899032913960264,14.856935068840986,234.46758427564387,226.7325116762816,0.0
2.121,5.334205756899316,-0.9328970205337794,-0.2805506380639686,0.0,15.8880241528482,14.386783852718374,234.7062052966657,226.7325116762816,0.0
2.122,4.957059068160888,-0.8889851781063967,-0.47959808477872334,0.0,15.826359522221585,13.995023159857634,236.3775188512456,226.7325116762816,0.0
2.123,4.605656684191936,-0.8844533190602686,-1.411704933818319,0.0,15.731625899300756,13.570613589642296,236.27068524432093,226.7325116762816,0.0
2.124,4.263570780405627,-0.8699268366182453,-1.4536698660363716,0.0,15.602372087172311,13.217991965679627,236.80253213203213,226.7325116762816,0.0
2.125,3.9618378658090783,-0.8782868693155472,-1.820293514449475,0.0,15.451846362281568,12.87756793246487,236.65980982637447,226.7325116762816,0.0
2.126,3.6865698011799886,-0.8923980924122665,-1.8482053431215753,0.0,15.283799440772096,12.583991823375957,236.36136658523316,226.7325116762816,0.0
2.1270000000000002,3.4471845831756256,-0.916862560510608,-1.795272271640434,0.0,15.105749579764522,12.332650082528819,235.8898732411209,226.7325116762816,0.0
2.128,3.243673468036596,-0.9502784749695294,-1.6510992152327035,0.0,14.923801636682496,12.123959605640923,235.31615429151964,226.7325116762816,0.0
2.129,3.075620884929964,-0.9901329153144101,-1.4500761665844482,0.0,14.743229269513225,11.955064859911188,234.70460675426332,226.7325116762816,0.0
2.13,2.9397635899253323,-1.0352028297809124,-1.2240233487361083,0.0,14.56838381067578,11.821121708133779,234.01590056037256,226.7325116762816,0.0
2.1310000000000002,2.8321687283749553,-1.0825012372410163,-0.952504140631635,0.0,14.402380708220278,11.721171772183869,233.3150958453309,226.7325116762816,0.0
2.132,2.750522755292671,-1.1301728312318287,-0.6679276248012926,0.0,14.247753813679731,11.65110985266724,232.70964840980892,226.7325116762816,0.0
2.133,2.6919988214318975,-1.175622359653484,-0.4249752743755826,0.0,14.106106148828049,11.602091602030605,232.2571643105617,226.7325116762816,0.0
2.134,2.6511909923344734,-1.2155798694306754,-0.25397975109477633,0.0,13.97766225618914,11.564094015891202,231.43335822368823,226.7325116762816,0.0
2.1350000000000002,2.6192237511769734,-1.2506139425184237,0.11091482686789478,0.0,13.861717167142066,11.558588565681292,230.34450778445733,226.7325116762816,0.0
2.136,2.6068150969039867,-1.2813825605148739,0.6192200854015857,0.0,13.75985024922744,11.595349063805198,229.28773336092584,226.7325116762816,0.0
2.137,2.6202173576542127,-1.3142751936268018,1.12205508032089,0.0,13.675156576379017,11.666877281955779,227.9481466719698,226.7325116762816,0.0
2.138,2.6608067737638095,-1.3437603614995604,1.7796920748420315,0.0,13.608999534765374,11.785764217290039,227.30540180261474,226.7325116762816,0.0
2.1390000000000002,2.73390713964554,-1.3726157321873882,2.095335608256228,0.0,13.564226129943458,11.906656027573968,227.58406469512215,226.7325116762816,0.0
2.14,2.818795646671606,-1.3908858725028423,1.9474886318141165,0.0,13.537740408359948,11.982954981490483,229.62648740905246,226.7325116762816,0.0
2.141,2.8768165236886323,-1.400952108592618,0.8973375175212541,0.0,13.522457738893163,11.929403903647591,225.76013048444656,226.7325116762816,0.0
2.142,2.8675063065998194,-1.3642206659767735,2.8402397917425524,0.0,13.499207107540123,12.105504760599526,222.33002897326347,226.7325116762816,0.0
2.1430000000000002,2.9599505213291164,-1.3485109613200223,4.599315374364282,0.0,13.494530871931497,12.425477794276027,225.2610487053364,226.7325116762816,0.0
2.144,3.1545248919639017,-1.374085265075978,3.148520138037264,0.0,13.52528983371111,12.51532893057929,227.07143204160386,226.7325116762816,0.0
2.145,3.259196074513953,-1.36848268571997,2.2399392662503166,0.0,13.561085986176368,12.504266819522739,220.91822236963773,226.7325116762816,0.0
2.146,3.2975808079778126,-1.3048927971492748,5.374686995299817,0.0,13.585257450340219,12.848622984876153,221.05814808884884,226.7325116762816,0.0
2.1470000000000002,3.5003031069967374,-1.2891304405735502,5.3614677715685914,0.0,13.64034942428541,13.106243482652243,224.46023886635885,226.7325116762816,0.0
2.148,3.6949969001481024,-1.299427803071203,3.6831451109128137,0.0,13.716984584054192,13.139738733353962,218.2510788925836,226.7325116762816,0.0
2.149,3.789162442895884,-1.2426299201656898,6.872539425637422,0.0,13.782955012171684,13.536753304417905,220.38648017522496,226.7325116762816,0.0
2.15,4.042317177065524,-1.2272127959063985,5.868299099327305,0.0,13.880901949744349,13.731397716814662,220.6709964411945,226.7325116762816,0.0
2.1510000000000002,4.223966327826957,-1.2182031459064224,5.786656118693412,0.0,13.987681744542023,13.899984197880318,214.89988413737865,226.7325116762816,0.0
2.152,4.40509976871577,-1.1456213341009869,8.790538545990362,0.0,14.092748305167898,14.375525320138031,220.62341554665718,226.7325116762816,0.0
2.153,4.710181352677865,-1.1699169435986998,5.9898638026473385,0.0,14.238260657119758,14.444158300364917,213.88869771355988,226.7325116762816,0.0
2.154,4.878222446697721,-1.0937697417106238,9.48566085882321,0.0,14.367465923596455,14.917589936874505,218.94984287885194,226.7325116762816,0.0
2.1550000000000002,5.189938035554421,-1.0982612329615662,7.032914964151475,0.0,14.532349363132926,15.019230613571123,212.89994910322628,226.7325116762816,0.0
2.156,5.384792093260871,-1.0135693948586344,10.0,0.0,14.681547509281582,15.45978558898264,215.93341030312973,226.7325116762816,0.0
2.157,5.689588816198965,-1.0145712427859772,8.783524141920752,0.0,14.860838460009557,15.676142587774534,215.3014920685061,226.7325116762816,0.0
2.158,5.954352819134107,-0.9372361351353584,9.213793455310327,0.0,15.035319135223087,15.922211291720211,209.21216474727368,226.7325116762816,0.0
2.1590000000000003,6.193187522624992,-0.8932309392616653,10.0,0.0,15.212891392840227,16.219677042219985,217.92856275857886,226.7325116762816,0.0
2.16,6.437949890538842,-0.8991423975733306,8.114827857036717,0.0,15.403543312118652,16.265386928823027,221.81168533580708,226.7325116762816,0.0
2.161,6.5007566236592975,-0.9545667233180146,6.222474831827352,0.0,15.585738589378337,16.13182279038609,224.84257486907103,226.7325116762816,0.0
2.162,6.388296539324468,-1.0222982594530325,4.725929433267485,0.0,15.743254150785768,15.897136806537372,232.96809254272927,226.7325116762816,0.0
2.1630000000000003,6.194604780206138,-1.024171067345776,0.6008147877738899,0.0,15.861078251174433,15.283055312855232,230.24404671667068,226.7325116762816,0.0
2.164,5.766597877243792,-0.9596079564091005,1.9277223503992915,0.0,15.898591121874055,14.974519198658582,236.17059247230253,226.7325116762816,0.0
2.165,5.425238970470634,-0.9474105548380991,-1.1299313353768428,0.0,15.90080301102061,14.384246412605352,233.78481681077116,226.7325116762816,0.0
2.166,4.990302295965748,-0.8765059003538731,-0.007566555956053822,0.0,15.836088894669626,14.051688201793954,235.98690106550157,226.7325116762816,0.0
2.1670000000000003,4.649607284588161,-0.8753354232573705,-1.2011525772134575,0.0,15.745170662936834,13.636523374802566,236.02809659599663,226.7325116762816,0.0
2.168,4.315627896468586,-0.8644003344851781,-1.314706191658138,0.0,15.620636616684202,13.286558952540062,236.688409232181,226.7325116762816,0.0
2.169,4.016893953350454,-0.875860532755141,-1.7444214853093105,0.0,15.474929505527996,12.94252536158317,236.6118321587296,226.7325116762816,0.0
2.17,3.740233279760951,-0.8902279016981596,-1.8049261534081031,0.0,15.310855554992763,12.643411392715656,236.39430729981257,226.7325116762816,0.0
2.1710000000000003,3.496654622623045,-0.9142556127740742,-1.7927816801848904,0.0,15.135776977153215,12.383769409966185,235.96225463967693,226.7325116762816,0.0
2.172,3.28694405865943,-0.9461399710375682,-1.669052779751024,0.0,14.955509061120905,12.166704877487822,235.42850619417686,226.7325116762816,0.0
2.173,3.111820412205979,-0.9848989213024655,-1.4891385021799435,0.0,14.775506124390493,11.989039783652782,234.81866380572603,226.7325116762816,0.0
2.174,2.968884675345147,-1.028611124333545,-1.265078829248973,0.0,14.600157724780383,11.847960021365054,234.14671933736525,226.7325116762816,0.0
2.1750000000000003,2.855139723522982,-1.0751504923665456,-1.0032486716794207,0.0,14.432918397355838,11.741096703280268,233.44954583405755,226.7325116762816,0.0
2.176,2.767863884216196,-1.122532187298083,-0.7218322616033248,0.0,14.276463263627408,11.664996180599701,232.81879611631763,226.7325116762816,0.0
2.177,2.704342904903414,-1.1682823126568014,-0.4673202471337268,0.0,14.132602287843902,11.61215690363658,232.3580667461898,226.7325116762816,0.0
2.178,2.660033074916558,-1.2090718082342082,-0.2932111127688901,0.0,14.001872825202364,11.571061212932285,231.6002346638421,226.7325116762816,0.0
2.179,2.6256106684007543,-1.2449292188579262,0.03702769852935717,0.0,13.883643159967384,11.558930689350289,230.54675670797215,226.7325116762816,0.0
2.18,2.609085807102286,-1.2760643367312057,0.52562422614742,0.0,13.779089697757525,11.58810699220568,229.54824921291092,226.7325116762816,0.0
2.181,2.617302143306737,-1.3090520900255966,0.9967205983117435,0.0,13.691226513737847,11.649775908620962,228.22145174957456,226.7325116762816,0.0
2.182,2.651132798992578,-1.3383170198074588,1.645229929246995,0.0,13.621205804504724,11.759477468910589,227.41523233157895,226.7325116762816,0.0
2.183,2.717259618180009,-1.367297520445112,2.041512431691825,0.0,13.572052527996203,11.881377140653758,227.37909605889234,226.7325116762816,0.0
2.184,2.799540670779131,-1.3893405231164029,2.05311472420902,0.0,13.542139471600303,11.975095297130167,229.22205972028445,226.7325116762816,0.0
2.185,2.869992968083582,-1.3983723373464207,1.1067374130729393,0.0,13.525362606030235,11.945305862991713,226.87011799928536,226.7325116762816,0.0
2.186,2.871554613628156,-1.3757036694577918,2.2813322103424487,0.0,13.504700611993277,12.056019628484243,222.65987802090797,226.7325116762816,0.0
2.187,2.9323446605225993,-1.3539313990501693,4.427178536084879,0.0,13.495007930843308,12.371221677179856,224.25307359938026,226.7325116762816,0.0
2.188,3.119551651217157,-1.3678308732818978,3.655375127617747,0.0,13.519551387547473,12.527592546194644,227.5710629783003,226.7325116762816,0.0
2.189,3.256201199703934,-1.372321388110435,1.9879949251375444,0.0,13.557632547371517,12.481927505363618,222.1147919135975,226.7325116762816,0.0
2.19,3.2798131089223905,-1.3176154141509593,4.762307655115787,0.0,13.581276524846228,12.765254472391344,219.55986473324182,226.7325116762816,0.0
2.191,3.4503152427780046,-1.285787890848908,6.111497714724017,0.0,13.627934833452612,13.124761804088962,223.91110381919302,226.7325116762816,0.0
2.192,3.686154889796579,-1.312184403875702,3.9640922503193057,0.0,13.709099936034082,13.179040391963365,219.8964315717777,226.7325116762816,0.0
2.193,3.7979005804501473,-1.2740631709747363,6.039789175072005,0.0,13.783119086395477,13.475874718173616,219.31464160024507,226.7325116762816,0.0
2.194,4.010599090160327,-1.2329683198309236,6.404862861598685,0.0,13.875280533044947,13.747549283907802,221.83722658665627,226.7325116762816,0.0
2.195,4.21642448921768,-1.23178438386724,5.1925232192893365,0.0,13.985674007158316,13.843750631415013,215.50409932240285,226.7325116762816,0.0
2.196,4.36057272289479,-1.1590288854316804,8.471370974954834,0.0,14.086657003142799,14.300369789415232,220.75863548906244,226.7325116762816,0.0
2.197,4.6547150550710406,-1.1608494524704187,5.9038416534972304,0.0,14.224131432687471,14.37529445409427,214.02272915443004,226.7325116762816,0.0
2.198,4.81335440951777,-1.0950970220381149,9.398892646031948,0.0,14.348099912727639,14.852096091985889,219.205401923388,226.7325116762816,0.0
2.199,5.130765063494829,-1.0937572344828141,6.882827359081905,0.0,14.50786185622619,14.9485679442095,212.57536596773048,226.7325116762816,0.0
2.2,5.319720970138361,-1.0162296952577643,10.0,0.0,14.652780159158048,15.40180740574008,216.72376858011756,226.7325116762816,0.0
2.201,5.6325205528856515,-1.0172884740462407,8.35851458288435,0.0,14.829422319008762,15.579961234083115,213.9314781372252,226.7325116762816,0.0
2.202,5.8809505846241965,-0.9318494413948684,9.882670139721089,0.0,14.996806764329165,15.917836553336349,210.95179740591226,226.7325116762816,0.0
2.203,6.154712775612219,-0.9156794098793692,10.0,0.0,15.180315983902666,16.20869797356732,217.7101041062669,226.7325116762816,0.0
2.204,6.423169177414373,-0.9013315448648777,8.210782020642462,0.0,15.373143858705477,16.26404431511207,222.15174872885876,226.7325116762816,0.0
2.205,6.5035492644948665,-0.9446592450059651,6.035767338820758,0.0,15.55713310584814,16.10562212921498,222.9490018367902,226.7325116762816,0.0
2.206,6.389448754395664,-0.9944864155407538,5.67497588324996,0.0,15.711928921444247,15.976859030309,232.66131777508647,226.7325116762816,0.0
2.207,6.236857906950527,-1.0358639240660459,0.7595298531137682,0.0,15.84242209982258,15.355004662211945,229.91355804317658,226.7325116762816,0.0
2.208,5.831545813787519,-0.9579001981194158,2.101599255399766,0.0,15.888690738613995,15.04822556508872,234.6397795447879,226.7325116762816,0.0
2.209,5.489775089413752,-0.9536946929302003,-0.3405841740909574,0.0,15.899971635502595,14.528232029039607,234.09406366769326,226.7325116762816,0.0
2.21,5.091994965416624,-0.8939935351383009,-0.14134175545775562,0.0,15.851600016792208,14.148042543024774,236.11008019231735,226.7325116762816,0.0
2.211,4.7353541444744875,-0.887633365259528,-1.2431257029301594,0.0,15.769944004242625,13.713098874395744,235.97250881160926,226.7325116762816,0.0
2.212,4.384595646215153,-0.8681713867133368,-1.266739983929388,0.0,15.65088201014381,13.356921266538581,236.698575718496,226.7325116762816,0.0
2.213,4.07552035772347,-0.8753091949473152,-1.7294340777948962,0.0,15.509088233360359,13.004285709293532,236.68321232555505,226.7325116762816,0.0
2.214,3.7901902055873835,-0.8863863890981311,-1.8212593878171601,0.0,15.347357391804996,12.695556050780898,236.49818611829556,226.7325116762816,0.0
2.215,3.538206042291681,-0.9078836718133768,-1.8264030286075585,0.0,15.173180597711077,12.426743683018437,236.07272381239642,226.7325116762816,0.0
2.216,3.320662136462502,-0.9379738966123662,-1.7070739970191338,0.0,14.992635198151039,12.201982490513714,235.53990215148173,226.7325116762816,0.0
2.217,3.1391444676868483,-0.975284569223626,-1.528737071313789,0.0,14.811471491035785,12.017858153322187,234.95480060760607,226.7325116762816,0.0
2.218,2.990854015471627,-1.0185599240257672,-1.3184091886892082,0.0,14.634398903215022,11.869879350025867,234.2851599507244,226.7325116762816,0.0
2.219,2.8720640794532835,-1.064894154858397,-1.0591153429927944,0.0,14.464899705690275,11.756994200917324,233.58248347572177,226.7325116762816,0.0
2.22,2.7803409029805124,-1.1124714375678972,-0.7762768234858872,0.0,14.30583207179686,11.675868595707772,232.92604111162242,226.7325116762816,0.0
2.221,2.713011063623904,-1.159008303540149,-0.5099909357896211,0.0,14.159201923201687,11.61990090064586,232.4182778790329,226.7325116762816,0.0
2.222,2.665970388445029,-1.2013597756605499,-0.31296698152237123,0.0,14.025831313233363,11.578377912199164,231.781534644402,226.7325116762816,0.0
2.223,2.6310465584083644,-1.2385712211462367,-0.04508559388812605,0.0,13.905315209699427,11.558538089249645,230.7255222787086,226.7325116762816,0.0
2.224,2.6103980173173174,-1.270362269902725,0.4429904829342992,0.0,13.797991635132282,11.58156229403545,229.748639350745,226.7325116762816,0.0
2.225,2.6145077968514365,-1.3033208627383919,0.9012706701714657,0.0,13.707010373224797,11.636423219554167,228.47206947620904,226.7325116762816,0.0
2.226,2.643314552963772,-1.3332835688674978,1.5221600294401743,0.0,13.633579641805776,11.737287308600441,227.54675241136945,226.7325116762816,0.0
2.227,2.7034042384651924,-1.362319138810987,1.9766761545090903,0.0,13.580472678065771,11.858187997921034,226.86072536930752,226.7325116762816,0.0
2.228,2.7829341794321873,-1.386556623067872,2.3184075386098,0.0,13.547142247200657,11.98658581628461,228.64383321047498,226.7325116762816,0.0
2.229,2.8719828457644097,-1.4017328968811054,1.4077404026841345,0.0,13.531411656535294,11.986220057045609,228.3914263099353,226.7325116762816,0.0
2.23,2.891042759969833,-1.3927997255776616,1.5173547066174384,0.0,13.516083137431057,12.004275955556613,224.11778272939532,226.7325116762816,0.0
2.231,2.9112464853310787,-1.353370224889641,3.6803237863562925,0.0,13.499845146725695,12.253792057390353,222.86116498341445,226.7325116762816,0.0
2.232,3.0528284557723713,-1.347079026745007,4.3473461262753945,0.0,13.509884828485216,12.51310353706897,226.1543208273085,226.7325116762816,0.0
2.233,3.227731124725584,-1.368602774331408,2.706550112818098,0.0,13.547282214252599,12.542506578195741,224.04650899584948,226.7325116762816,0.0
2.234,3.297333578634009,-1.344251471071343,3.7873160553519347,0.0,13.58098628472144,12.70209402435947,218.39119894170295,226.7325116762816,0.0
2.235,3.417017910752692,-1.2997814066166138,6.698384209770984,0.0,13.62263049870236,13.146033718520503,223.97469096325128,226.7325116762816,0.0
2.236,3.6867671437695275,-1.3243126803007883,3.934216406127125,0.0,13.707647401451096,13.18809915240784,222.2204873145486,226.7325116762816,0.0
2.237,3.793536615339624,-1.2972592061869057,4.856438474095798,0.0,13.785147962424322,13.354498689151766,216.77450675908818,226.7325116762816,0.0
2.238,3.9410380939751963,-1.2268691309849602,7.679008800997936,0.0,13.864066047443544,13.798111375663964,223.0489446153196,226.7325116762816,0.0
2.239,4.2174381827881815,-1.2437750771528688,4.5786255434918415,0.0,13.982017147442557,13.8070577454491,216.2313787850786,226.7325116762816,0.0
2.24,4.329031980634417,-1.1771832107863491,8.092419787524383,0.0,14.081573609658172,14.234914470799298,220.40408733670114,226.7325116762816,0.0
2.241,4.608709470466643,-1.1556941062926922,6.069349755108914,0.0,14.212262215356624,14.342616937926943,214.86136409141585,226.7325116762816,0.0
2.242,4.767892397400037,-1.108169099277685,8.959422853600215,0.0,14.33563934747127,14.7760434130055,218.8558189393317,226.7325116762816,0.0
2.243,5.074485148665726,-1.0859564007395053,7.04096235701179,0.0,14.488053267113262,14.906400194808144,212.83398120591468,226.7325116762816,0.0
2.244,5.2665635390579935,-1.0270913901674978,10.0,0.0,14.632008448793778,15.365578740658814,217.55080099844747,226.7325116762816,0.0
2.245,5.5917299400935105,-1.0217847338805939,7.920456408367436,0.0,14.807490884805473,15.501047258373022,212.62519592691748,226.7325116762816,0.0
2.246,5.816230674335321,-0.9357295958570078,10.0,0.0,14.969558930367693,15.86861898215664,212.56415429198503,226.7325116762816,0.0
2.247,6.100189263290892,-0.9206219407262126,10.0,0.0,15.151376053067903,16.165854464759107,216.76269616381822,226.7325116762816,0.0
2.248,6.395794170872483,-0.8725985745337392,8.672756073092726,0.0,15.339603518028472,16.27587432546712,218.39139552369392,226.7325116762816,0.0
2.249,6.502886319289944,-0.9376723731754733,7.941817554680755,0.0,15.5276485740763,16.317760061594043,226.17005048995978,226.7325116762816,0.0
2.25,6.498563604652734,-1.0388835157257958,4.058114683411042,0.0,15.711560185826157,15.955910219151772,229.40681660311134,226.7325116762816,0.0
2.251,6.279226430156317,-1.0135783555286966,2.4129885775669644,0.0,15.837099973109614,15.530593541246795,230.2681495655402,226.7325116762816,0.0
2.2520000000000002,5.9279934857885515,-0.9935500116888292,1.946965717459948,0.0,15.905604047653823,15.161993508442828,233.46780586356465,226.7325116762816,0.0
2.253,5.5928506873721,-0.9536197977760248,0.27978462657489267,0.0,15.9262056713712,14.691727573359518,235.0969205401706,226.7325116762816,0.0
2.254,5.197052837836395,-0.9318815567480295,-0.6184168003669734,0.0,15.895728634834558,14.228604383566292,235.62711866204955,226.7325116762816,0.0
2.255,4.8134305293592305,-0.8873697085765843,-0.9724619311641294,0.0,15.817308062083672,13.817023334417582,236.8999281449808,226.7325116762816,0.0
2.2560000000000002,4.45329211431516,-0.8781835179272318,-1.7105408373167466,0.0,15.705006079203297,13.396889107109917,236.73503409360035,226.7325116762816,0.0
2.257,4.113024476165611,-0.8646815520519322,-1.7281190357997054,0.0,15.560527517540397,13.046813347519384,236.9799498416023,226.7325116762816,0.0
2.258,3.8167647230407247,-0.8733095595886645,-1.9530512914538845,0.0,15.396573336572532,12.721916438046733,236.64707059765425,226.7325116762816,0.0
2.259,3.5538959811159887,-0.8910372012195449,-1.8857572586935896,0.0,15.21838864325821,12.448718431665206,236.2006339445127,226.7325116762816,0.0
2.2600000000000002,3.331367980998634,-0.9205591508700085,-1.7572201548051272,0.0,15.033772756682412,12.220337290284185,235.6587181365502,226.7325116762816,0.0
2.261,3.147265505803434,-0.9588302337583793,-1.575524315426558,0.0,14.848694944247313,12.033059837946752,235.06030359975608,226.7325116762816,0.0
2.262,2.997716336553379,-1.0031197691008242,-1.3595949662642477,0.0,14.667886305880769,11.88254700347917,234.40877461931132,226.7325116762816,0.0
2.263,2.878018020270004,-1.0511571382170304,-1.1105931054721618,0.0,14.494948463153476,11.765906822915865,233.69606117579576,226.7325116762816,0.0
2.2640000000000002,2.784847885773711,-1.1002008300315862,-0.8238718787095265,0.0,14.332554819051014,11.681737924103892,233.01401579127304,226.7325116762816,0.0
2.265,2.716069956715618,-1.1483555561386587,-0.5456642275980794,0.0,14.18279023243124,11.624116050968931,232.4794764429145,226.7325116762816,0.0
2.266,2.6681579978026297,-1.192641462815398,-0.3358642010851334,0.0,14.046629819633315,11.582158369080643,231.90839702768477,226.7325116762816,0.0
2.267,2.6337519339201907,-1.2308141632421934,-0.1020833469843061,0.0,13.923645817906538,11.55770385522529,230.92670347117092,226.7325116762816,0.0
2.2680000000000002,2.610383828484698,-1.2648064382527555,0.3468215133237238,0.0,13.81387218821379,11.572664549634757,229.87756831204646,226.7325116762816,0.0
2.269,2.6104285943778653,-1.2968849427338345,0.8399385265283055,0.0,13.719760703674082,11.624667029180818,228.67385839981085,226.7325116762816,0.0
2.27,2.6360937605248056,-1.3283164285811517,1.422380015410818,0.0,13.643397293941343,11.718372785346103,227.63910309557704,226.7325116762816,0.0
2.271,2.691810426217496,-1.3575686989974918,1.9306917533347696,0.0,13.58694423568573,11.839289319639668,227.0552682180035,226.7325116762816,0.0
2.2720000000000002,2.7700411383851353,-1.3833592437198943,2.219381626704319,0.0,13.550772573900339,11.96109345168821,228.39225517933554,226.7325116762816,0.0
2.273,2.856307902375398,-1.3975519095580498,1.5342907110077646,0.0,13.53170177929331,11.98014606797579,228.82374815266428,226.7325116762816,0.0
2.274,2.883892955509408,-1.3943413823187563,1.2976318595795657,0.0,13.515948241121043,11.974033090468938,224.46820261532977,226.7325116762816,0.0
2.275,2.8941447615944678,-1.3532245891054013,3.4980477188563373,0.0,13.496668017034237,12.210516541792249,222.45605283694954,226.7325116762816,0.0
2.2760000000000002,3.02544055113436,-1.345170138344926,4.546887196439775,0.0,13.502489338836924,12.500451790727421,226.09463254847293,226.7325116762816,0.0
2.277,3.213997598737529,-1.3710023606310073,2.7339761319561657,0.0,13.539644142311936,12.53263871773937,225.0642395686089,226.7325116762816,0.0
2.278,3.2870088255759597,-1.352941151836706,3.265855342964902,0.0,13.574057102950402,12.63581259177722,218.84035612831048,226.7325116762816,0.0
2.279,3.377643222023342,-1.301177889942828,6.456718618593832,0.0,13.60983280820843,13.06854687134341,223.03750963031396,226.7325116762816,0.0
2.2800000000000002,3.6366503316046397,-1.3146111080802,4.395091888051764,0.0,13.687299657511321,13.175313282273386,223.4982970390124,226.7325116762816,0.0
2.281,3.7714484868011633,-1.3011975008915857,4.197040330075231,0.0,13.766086634004797,13.265742606992857,216.7112339251146,226.7325116762816,0.0
2.282,3.8850885133666124,-1.2282034026553545,7.690784664535801,0.0,13.838142630586777,13.73014766788992,222.264207177599,226.7325116762816,0.0
2.283,4.169581142435117,-1.2353378571865987,4.958981083280438,0.0,13.950948264581061,13.789724196140904,217.3293142912222,226.7325116762816,0.0
2.2840000000000003,4.299906826653887,-1.1930572253007141,7.520459500319426,0.0,14.053708773948262,14.15221339767967,219.15337764341925,226.7325116762816,0.0
2.285,4.560826044320326,-1.1520983963382077,6.6842191645495275,0.0,14.178359487665599,14.343730651795088,216.89746285174814,226.7325116762816,0.0
2.286,4.747797333608382,-1.129031686857247,7.910527048630414,0.0,14.307569105669462,14.653859872832271,217.45922626465756,226.7325116762816,0.0
2.287,5.01025840506777,-1.0727638361449872,7.722378196291947,0.0,14.448911887493118,14.88593667600043,214.31689515329344,226.7325116762816,0.0
2.2880000000000003,5.224613170846646,-1.048679461675367,9.417699917203887,0.0,14.59724146876669,15.276352541336749,217.1933091246713,226.7325116762816,0.0
2.289,5.5376305181770515,-1.014109511020268,8.074884957031067,0.0,14.766217827619172,15.445608554890114,211.37222835712663,226.7325116762816,0.0
2.29,5.7596435193897815,-0.9514868527062426,10.0,0.0,14.928679359033755,15.818736150641604,214.48261189897445,226.7325116762816,0.0
2.291,6.053586095501485,-0.9310179657596338,9.683554837364206,0.0,15.11058214590103,16.086623468279605,214.68545394131854,226.7325116762816,0.0
2.2920000000000003,6.343789136332673,-0.8627817958507435,9.702604393541794,0.0,15.29378209602487,16.322189326916128,217.64615169837856,226.7325116762816,0.0
2.293,6.519429988399935,-0.9387899778585771,8.313119114790815,0.0,15.491261898719934,16.38306625515791,225.5376544339413,226.7325116762816,0.0
2.294,6.547345853693368,-1.0468439762768584,4.379316319432848,0.0,15.686207271975602,16.037465679481546,229.07834683382848,226.7325116762816,0.0
2.295,6.346072829847344,-1.0250041145333255,2.5855117679137907,0.0,15.823615125562092,15.610358417260867,229.8966220896398,226.7325116762816,0.0
2.2960000000000003,5.997926850571549,-1.0042163655893281,2.1447330358745442,0.0,15.902503213801461,15.245438379093654,233.31948383052477,226.7325116762816,0.0
2.297,5.663581365379787,-0.9635897628815844,0.3674324438896286,0.0,15.93274944059176,14.767100419347486,234.7855128042759,226.7325116762816,0.0
2.298,5.2629307198644195,-0.9372136733945484,-0.4461120542658752,0.0,15.909642144911915,14.308632105532482,235.6820885375704,226.7325116762816,0.0
2.299,4.87833208931362,-0.8917180689481818,-0.9838956895260118,0.0,15.838257991824332,13.880978481539374,236.76237953069509,226.7325116762816,0.0
2.3000000000000003,4.508386344008043,-0.8782384329084421,-1.6243398646324927,0.0,15.73021908772628,13.460728827405806,236.72440125789527,226.7325116762816,0.0
2.301,4.164035834632889,-0.8628424457756512,-1.7052696240487197,0.0,15.589400346400469,13.103381515069284,237.0312509125397,226.7325116762816,0.0
2.302,3.8617958107016106,-0.8698685958550323,-1.9616818437335124,0.0,15.427855584353647,12.77009391080135,236.71408972007862,226.7325116762816,0.0
2.303,3.5922819695577735,-0.8855134009587482,-1.9029170279409469,0.0,15.250787205145324,12.489632964976073,236.29132462173672,226.7325116762816,0.0
2.3040000000000003,3.3635432965905205,-0.9135330420644807,-1.787122608224549,0.0,15.066305281745906,12.254127129438327,235.75678902887896,226.7325116762816,0.0
2.305,3.1736107037099157,-0.950786386672996,-1.6100975853216406,0.0,14.880538638628535,12.060643691923765,235.16688680332973,226.7325116762816,0.0
2.306,3.0190669060982,-0.9944247098205001,-1.3994902238175095,0.0,14.698427998171582,11.904428985193826,234.5267731161418,226.7325116762816,0.0
2.307,2.894953759435013,-1.042280926087465,-1.1573759946221518,0.0,14.523734751645222,11.782258184844471,233.81554411123557,226.7325116762816,0.0
2.308,2.7977272441961936,-1.0914099678349445,-0.8725918165185695,0.0,14.359219382166124,11.6931940423865,233.12106152456096,226.7325116762816,0.0
2.309,2.7253199864504776,-1.1400351604082113,-0.5892360216640582,0.0,14.207106616154713,11.631898606079007,232.55715726200262,226.7325116762816,0.0
2.31,2.674491128736467,-1.1853174495589713,-0.3655303462420987,0.0,14.068570382994544,11.588162604920083,232.04020116866855,226.7325116762816,0.0
2.311,2.638597241038627,-1.2245924644750317,-0.1601291944989316,0.0,13.943381601783756,11.558743689568178,231.15310356861605,226.7325116762816,0.0
2.312,2.6120542044263453,-1.2598425625532126,0.23921368660397402,0.0,13.831254567798306,11.564182288184654,229.9937853394126,226.7325116762816,0.0
2.313,2.607159889895517,-1.2902699658920942,0.7862600645743889,0.0,13.733878610459538,11.614318940538915,228.89142515487973,226.7325116762816,0.0
2.314,2.629780141300215,-1.3233328394234585,1.3158510220548423,0.0,13.654586556145137,11.699951702667203,227.7084559053908,226.7325116762816,0.0
2.315,2.680513849507009,-1.3529856166523697,1.8975762045082178,0.0,13.59471816023487,11.822431338257582,227.21419491379874,226.7325116762816,0.0
2.316,2.7583155900181207,-1.3802384707877111,2.139889867929075,0.0,13.555785853657266,11.939462567475502,228.23428233536555,226.7325116762816,0.0
2.317,2.842531764812447,-1.3945649830894289,1.6148284505548287,0.0,13.533753288471047,11.972231788746234,229.17973021436484,226.7325116762816,0.0
2.318,2.876267995254634,-1.3956770477801888,1.117632325674352,0.0,13.517179963923493,11.947211048207457,224.78186150967085,226.7325116762816,0.0
2.319,2.8781192024960367,-1.3540488624538172,3.336073179687455,0.0,13.495171676744008,12.172169233965917,222.18534518722672,226.7325116762816,0.0
2.32,3.0002896637122594,-1.3450108613067284,4.6798030058000695,0.0,13.497282138585401,12.484636406101474,225.82075379243472,226.7325116762816,0.0
2.321,3.1968733526496034,-1.3767265924171648,2.871216282034539,0.0,13.534007381889829,12.533283568161334,225.77912103418993,226.7325116762816,0.0
2.322,3.2813100637277657,-1.363170633826065,2.9015665675778495,0.0,13.570116504313674,12.594840735663839,219.8071547941686,226.7325116762816,0.0
2.323,3.353274874322608,-1.3055990069702241,5.956803256409637,0.0,13.602573111877152,12.982553869519897,222.3901707743925,226.7325116762816,0.0
2.324,3.5849448544522304,-1.305423430681641,4.70871867531659,0.0,13.671111774946702,13.142135630229827,224.3090705837835,226.7325116762816,0.0
2.325,3.7385682561034153,-1.2986395898794068,3.773503181546068,0.0,13.748010281054931,13.187638348291564,217.39443248889197,226.7325116762816,0.0
2.326,3.8329673200329744,-1.2247774552933908,7.324203020865729,0.0,13.81371221196208,13.62736211940508,221.150295710408,226.7325116762816,0.0
2.327,4.101689099673768,-1.2235983535544086,5.502093569766453,0.0,13.917425247044427,13.765129263362647,218.63540019355423,226.7325116762816,0.0
2.328,4.264046016789993,-1.2010974758870017,6.840512443020605,0.0,14.022080387488277,14.049766123915266,217.38204648984484,226.7325116762816,0.0
2.329,4.498856629130689,-1.146839497565935,7.560693946739669,0.0,14.13899033110436,14.35803499094725,218.7988162716631,226.7325116762816,0.0
2.33,4.7351263564027235,-1.1457903674363044,6.931646009876724,0.0,14.27546334253098,14.547129313669007,214.36114161362758,226.7325116762816,0.0
2.331,4.952067446656294,-1.0710221470618113,9.274197039521024,0.0,14.40898447214722,14.973431775235587,217.3807492296531,226.7325116762816,0.0
2.332,5.24578778105083,-1.0861053826985323,7.857910855974547,0.0,14.57419057308228,15.161099287239711,214.89553467868458,226.7325116762816,0.0
2.333,5.488379271092231,-1.007467041548044,9.218887901434778,0.0,14.732841765241321,15.486643134412413,213.35677524765774,226.7325116762816,0.0
2.334,5.746081964015273,-0.9946143950926638,10.0,0.0,14.907554815203143,15.841888895150193,216.06892173064634,226.7325116762816,0.0
2.335,6.060654534170258,-0.9519757696700211,8.870147139571804,0.0,15.095759413910624,16.014960493389815,211.0784820393812,226.7325116762816,0.0
2.336,6.2987148725888575,-0.8696376003953051,10.0,0.0,15.273819900205327,16.302086823403105,217.0423022634784,226.7325116762816,0.0
2.337,6.492316101749499,-0.936947119563132,8.606461118021338,0.0,15.471014399673095,16.394803231599123,227.6353760348704,226.7325116762816,0.0
2.338,6.558048734464867,-1.0234461480766859,3.300895588739451,0.0,15.666602887958504,15.922996052214001,225.66557746535804,226.7325116762816,0.0
2.339,6.2963099086605565,-0.985339526463971,4.2964642156048685,0.0,15.790395090814322,15.70994524100958,231.50601415911737,226.7325116762816,0.0
2.34,6.0370908114622726,-1.009536222296869,1.3285108438968463,0.0,15.883545695021862,15.220044886488415,232.52681902380763,226.7325116762816,0.0
2.341,5.675887586746177,-0.9446734713118458,0.7601653380764546,0.0,15.911014333789854,14.792751319663747,233.9788251371534,226.7325116762816,0.0
2.342,5.290317493978057,-0.9250325021914759,-0.038300853205143426,0.0,15.891494872905184,14.367586825372896,235.27762637297317,226.7325116762816,0.0
2.343,4.927648231753254,-0.8894070292579466,-0.7731526180819492,0.0,15.827688516348413,13.946175720116084,236.30149597368066,226.7325116762816,0.0
2.344,4.567156964540714,-0.8808707912369413,-1.380777261409682,0.0,15.727538953468668,13.53706224338313,236.42337049316356,226.7325116762816,0.0
2.345,4.2305175655915015,-0.8688312978072651,-1.5386231093199525,0.0,15.595254017306546,13.180983782410927,236.8961037314365,226.7325116762816,0.0
2.346,3.929525805458782,-0.8774746415904494,-1.8766256490079778,0.0,15.441660891413859,12.841425552658263,236.67711958637906,226.7325116762816,0.0
2.347,3.6556817451993084,-0.8916805085321838,-1.866579655580228,0.0,15.270947467060937,12.55206184699274,236.34648919423051,226.7325116762816,0.0
2.348,3.4195308645087885,-0.9169338956861951,-1.7974042346854424,0.0,15.091004828494276,12.305310162095989,235.85174149177328,226.7325116762816,0.0
2.349,3.2199069904186084,-0.9514107592709948,-1.641222681611743,0.0,14.907921206417392,12.101324715804418,235.26091629804196,226.7325116762816,0.0
2.35,3.0559574789290656,-0.9921868480099043,-1.4310941309636869,0.0,14.726888003044476,11.937019984497818,234.64161424036936,226.7325116762816,0.0
2.351,2.9240316783845786,-1.038085096268209,-1.2005341277682655,0.0,14.552168693299215,11.807175063774597,233.94554487813664,226.7325116762816,0.0
2.352,2.8199621792092313,-1.085941032253603,-0.9246297786704556,0.0,14.386741992931967,11.71101496942182,233.24599489053506,226.7325116762816,0.0
2.353,2.741487606328653,-1.1338790142393305,-0.6399896170121973,0.0,14.23303657182474,11.644071096784138,232.65469264339046,226.7325116762816,0.0
2.354,2.6856506443725765,-1.1792258502511272,-0.4035603031109871,0.0,14.092516077705913,11.596969212298417,232.18903304424595,226.7325116762816,0.0
2.355,2.646634873204464,-1.2188311674775454,-0.22529571721837227,0.0,13.965240561085185,11.561503643367491,231.32020931150603,226.7325116762816,0.0
2.356,2.61667841007083,-1.253201274089251,0.16323917279933964,0.0,13.850530697788457,11.560718324943627,230.28051330973616,226.7325116762816,0.0
2.357,2.606870560855855,-1.2847120260887248,0.6476071573497282,0.0,13.75033577063284,11.59871498021515,229.15438000246849,226.7325116762816,0.0
2.358,2.6219853919761986,-1.3168025859111108,1.186455127721699,0.0,13.667174855780404,11.675561364223984,227.80499667893073,226.7325116762816,0.0
2.359,2.665751198886248,-1.3463734316658598,1.8504219394640833,0.0,13.602946558248894,11.799391797485736,227.27697594550955,226.7325116762816,0.0
2.36,2.742591270086253,-1.3749939682325287,2.108987663482397,0.0,13.5603766843615,11.918204169429847,227.94517225262175,226.7325116762816,0.0
2.361,2.827609104934031,-1.391794423717148,1.762762904162897,0.0,13.535506879794898,11.971624374904223,229.62901500727705,226.7325116762816,0.0
2.362,2.8726926316969585,-1.3983094712948594,0.8918764935252916,0.0,13.519014726911092,11.920771312202124,225.2084643356785,226.7325116762816,0.0
2.363,2.8633754248033894,-1.35645561094486,3.117392302730589,0.0,13.494417407931182,12.128345671626729,222.13805043036328,226.7325116762816,0.0
2.364,2.9724574445044363,-1.3452308178197052,4.698543867847389,0.0,13.492221068151458,12.45228218304563,225.54910263475517,226.7325116762816,0.0
2.365,3.1721945935987046,-1.3769189451497708,3.0048518560667077,0.0,13.526235955429154,12.520607506194263,226.63878392999953,226.7325116762816,0.0
2.366,3.2674926483824267,-1.3684013574560994,2.4609484859073483,0.0,13.56242807037434,12.53412392062081,220.56998018459217,226.7325116762816,0.0
2.367,3.3175689431916213,-1.3045528882987878,5.5569756735279245,0.0,13.589414459537288,12.891354517557913,221.6429371069806,226.7325116762816,0.0
2.368,3.528371919894165,-1.294367015266055,5.071392958026713,0.0,13.648943308135625,13.10849875864706,224.56886058484994,226.7325116762816,0.0
2.369,3.7054285189112344,-1.2967245194565264,3.630067730006364,0.0,13.72459488017433,13.138823316435058,217.71343789141224,226.7325116762816,0.0
2.37,3.795172101089353,-1.2317939679467191,7.1479698145739095,0.0,13.788547815079975,13.566961829181334,220.6771445079941,226.7325116762816,0.0
2.371,4.060578975088433,-1.2245805461519734,5.726670177965862,0.0,13.88877513688736,13.738862482952872,219.94172157892652,226.7325116762816,0.0
2.372,4.235749998466128,-1.2125818475263868,6.162289543473197,0.0,13.994922069260292,13.94911218626832,215.7041204113635,226.7325116762816,0.0
2.373,4.437616078187364,-1.1450258755447305,8.391374039903884,0.0,14.104168108795758,14.36934115490627,219.8243312786753,226.7325116762816,0.0
2.374,4.719680205087739,-1.162593787562255,6.400350410224056,0.0,14.247120471283207,14.488159993243048,213.79733095846063,226.7325116762816,0.0
2.375,4.908389004511762,-1.0904446664885599,9.543202377509592,0.0,14.379547398917307,14.95707881002546,218.81142972191842,226.7325116762816,0.0
2.376,5.221622489035125,-1.1004733654198733,7.115363815324334,0.0,14.54744816355942,15.061289081076474,213.12331559018517,226.7325116762816,0.0
2.3770000000000002,5.42129632736372,-1.0124823285705649,10.0,0.0,14.699200577799688,15.494624980051869,215.60257217449256,226.7325116762816,0.0
2.378,5.722057177759055,-1.013645522198962,8.965273688075076,0.0,14.88011920218109,15.726049319235052,215.81441442577483,226.7325116762816,0.0
2.379,5.992887534092449,-0.9396007385124876,8.968533534939013,0.0,15.05793183990087,15.936345202519615,208.68570667236708,226.7325116762816,0.0
2.38,6.219716058237782,-0.8817879873550178,10.0,0.0,15.233373847386677,16.23457863984312,218.9004332927125,226.7325116762816,0.0
2.3810000000000002,6.445383253475885,-0.9102812539315024,7.630045826111369,0.0,15.424807384691231,16.226968204169754,223.18097242593134,226.7325116762816,0.0
2.382,6.479162469909216,-0.9534441457169638,5.525291652005452,0.0,15.600799510128631,16.029979706526134,224.27818421009545,226.7325116762816,0.0
2.383,6.32875059356043,-0.9982239528147581,5.001229034585263,0.0,15.743987723120835,15.85057302357815,233.1309497607758,226.7325116762816,0.0
2.384,6.1426735261252325,-1.0228858929053317,0.5108618784001475,0.0,15.857181461858008,15.23369042787241,230.41617174314118,226.7325116762816,0.0
2.3850000000000002,5.726173914454834,-0.9506999960053479,1.8314142865488594,0.0,15.88918049909098,14.923934088678562,235.23591817353926,226.7325116762816,0.0
2.386,5.383912464456364,-0.9456114297680811,-0.6634929936227589,0.0,15.887166115364176,14.394191725610163,234.2627885936464,226.7325116762816,0.0
2.387,4.982261718092261,-0.8868365197744739,-0.2522309728499792,0.0,15.825964579266289,14.02816902316271,236.25816124140792,226.7325116762816,0.0
2.388,4.634381798816303,-0.883891486949693,-1.345173792381999,0.0,15.734544722022648,13.602542390650676,236.09961332441011,226.7325116762816,0.0
2.3890000000000002,4.29260797882994,-0.8691615659720775,-1.3595708503643817,0.0,15.608113346272885,13.253798508488483,236.71040412944777,226.7325116762816,0.0
2.39,3.9922008196473846,-0.8787317969135935,-1.7647451774148695,0.0,15.46065074449522,12.912487720882018,236.62262935604156,226.7325116762816,0.0
2.391,3.7164021592414933,-0.8930248451747034,-1.819758967509364,0.0,15.295279857133986,12.615895759271364,236.36922553769068,226.7325116762816,0.0
2.392,3.4746756910737844,-0.917103397075307,-1.789424196948017,0.0,15.119292572574258,12.360144792642735,235.9233554479657,226.7325116762816,0.0
2.3930000000000002,3.267759751742635,-0.9494024290580202,-1.6583975898023624,0.0,14.938641027806733,12.146823261946158,235.3778919872547,226.7325116762816,0.0
2.394,3.0956047135587075,-0.9885888628326847,-1.4721196625566053,0.0,14.758710001841688,11.97281693057498,234.7584855209455,226.7325116762816,0.0
2.395,2.955586431350533,-1.0326284658307303,-1.2426761678486367,0.0,14.583823937328072,11.835274595550896,234.08035432263273,226.7325116762816,0.0
2.396,2.844615038691969,-1.0793715665087733,-0.9770889951557633,0.0,14.417373590808012,11.731724711997352,233.38311641795718,226.7325116762816,0.0
2.3970000000000002,2.759917591237718,-1.1267813682643897,-0.6949760902347459,0.0,14.26196093777094,11.658468335254925,232.7651889953526,226.7325116762816,0.0
2.398,2.6986843802802616,-1.1722751995678948,-0.44633915212315856,0.0,14.119294135789165,11.607413943756876,232.31629598679987,226.7325116762816,0.0
2.399,2.6559766552563002,-1.2125354339049617,-0.2777304909519831,0.0,13.9897622623198,11.567344412201225,231.51788412663134,226.7325116762816,0.0
2.4,2.622724272212841,-1.2473308888360972,0.07362171462878386,0.0,13.872601520740863,11.55852198734092,230.48809868447668,226.7325116762816,0.0
2.4010000000000002,2.607864389834647,-1.2787193027228934,0.5509585656241636,0.0,13.76937938181203,11.589161325593603,229.4217754820671,226.7325116762816,0.0
2.402,2.617548413492801,-1.3110172884431261,1.0572275287711048,0.0,13.6827822848917,11.65611689213816,228.0816907400081,226.7325116762816,0.0
2.403,2.654554815477155,-1.3403957476185382,1.7137781091633353,0.0,13.614449104969959,11.770901202566213,227.33641857357082,226.7325116762816,0.0
2.404,2.7243851784522057,-1.3695088761017709,2.0803751234090804,0.0,13.567336333624594,11.89382265381498,227.3308299190197,226.7325116762816,0.0
2.4050000000000002,2.809048355665959,-1.38976790698676,2.0771862682572655,0.0,13.539164346651152,11.987109292731418,229.47867811140358,226.7325116762816,0.0
2.406,2.87753837620851,-1.4015502126585768,0.975800507714101,0.0,13.524231685581753,11.940442253463091,226.39122788947907,226.7325116762816,0.0
2.407,2.8719609681953986,-1.3721608472826738,2.5229384565443826,0.0,13.502774933444394,12.079446099078293,222.3336788686165,226.7325116762816,0.0
2.408,2.945719839041868,-1.352332045425154,4.595701295052324,0.0,13.495476966531726,12.406767167792564,224.80881618058777,226.7325116762816,0.0
2.4090000000000003,3.140979342208403,-1.3728657868815468,3.377369594023622,0.0,13.52409790276053,12.525141260806047,227.50014375484093,226.7325116762816,0.0
2.41,3.260337551328214,-1.3718035210363253,2.024029486111446,0.0,13.561371968010258,12.486679135309497,221.4549675715134,226.7325116762816,0.0
2.411,3.2858916740724085,-1.310007677133898,5.099393018822891,0.0,13.584285494014551,12.805996647154291,220.3253013493159,226.7325116762816,0.0
2.412,3.4739928962114472,-1.285800603092777,5.728298233191298,0.0,13.63479459889739,13.113664105460597,223.92356307815902,226.7325116762816,0.0
2.4130000000000003,3.6887979780031963,-1.3049484746652884,3.957256854750968,0.0,13.713367875735962,13.17276457787673,219.19288971103737,226.7325116762816,0.0
2.414,3.7987534095902546,-1.2618947446666073,6.397989757964236,0.0,13.785066483116717,13.510056317216314,219.87616059730263,226.7325116762816,0.0
2.415,4.029815248814096,-1.231518817510148,6.124917825621395,0.0,13.880413589006125,13.742026253771417,221.47963918961182,226.7325116762816,0.0
2.416,4.222052655026399,-1.2255450442519793,5.375707254333499,0.0,13.98906962217527,13.861815967450596,214.89549396746494,226.7325116762816,0.0
2.4170000000000003,4.377362160264927,-1.1507007558407694,8.786150042495102,0.0,14.090665889402768,14.347971453975312,220.78006087066166,226.7325116762816,0.0
2.418,4.6856847528973145,-1.1658501818301734,5.9033910989529454,0.0,14.233132958302933,14.412100716761877,213.92783981964698,226.7325116762816,0.0
2.419,4.847044811170762,-1.0956379615755014,9.457548343026632,0.0,14.359891408103831,14.88918226595957,219.14439114060082,226.7325116762816,0.0
2.42,5.16278287735177,-1.0963150514904647,6.92515388790652,0.0,14.522458769937598,14.984008956016453,212.63952610897073,226.7325116762816,0.0
2.4210000000000003,5.352338282932836,-1.0149237436271994,10.0,0.0,14.66929224982957,15.431473016180412,216.4370529103394,226.7325116762816,0.0
2.422,5.660915370168271,-1.0155692199588011,8.51633712118187,0.0,14.84707370322385,15.622874714986152,214.5251839736964,226.7325116762816,0.0
2.423,5.914978474304494,-0.9321197093887448,9.594344866529225,0.0,15.017031280233255,15.921470699444509,210.1305722461614,226.7325116762816,0.0
2.424,6.172756558368237,-0.9048751962378816,10.0,0.0,15.19769029664666,16.21522987218063,216.74726105590472,226.7325116762816,0.0
2.4250000000000003,6.430442150884337,-0.9004365052719616,8.710024823438072,0.0,15.389443517817597,16.32595757419183,224.2304102716791,226.7325116762816,0.0
2.426,6.530921635598155,-0.9656398185703501,4.99347122959691,0.0,15.580310938445038,16.040390797168737,223.48633738446873,226.7325116762816,0.0
2.427,6.3639126452447545,-0.9850484685909571,5.397969416120221,0.0,15.72501785767671,15.903503560152675,231.87533308526358,226.7325116762816,0.0
2.428,6.183635088620682,-1.0264572022253913,1.152043351632976,0.0,15.845926235483187,15.341839331127671,230.53703470986278,226.7325116762816,0.0
2.4290000000000003,5.804830292602445,-0.955933684805212,1.7831473089975622,0.0,15.890405678353956,15.000178810736566,234.22760513171738,226.7325116762816,0.0
2.43,5.453901908446365,-0.9492801953674976,-0.1370888364840961,0.0,15.896244476234585,14.514409345392,234.41085543482401,226.7325116762816,0.0
2.431,5.070161883542128,-0.8984405103625521,-0.30549742562283644,0.0,15.847396617336539,14.11718024191742,236.21079941283273,226.7325116762816,0.0
2.432,4.710337671555894,-0.8905278796226541,-1.3002522919927042,0.0,15.763348641449493,13.682793576560634,236.10543072338885,226.7325116762816,0.0
2.433,4.358883348893171,-0.8708322965435513,-1.3412971377418375,0.0,15.642179408784171,13.323935129155156,236.77633059035693,226.7325116762816,0.0
2.434,4.048684252946517,-0.8768456893419467,-1.7771852603666338,0.0,15.498099683683444,12.971915715519962,236.7145131675779,226.7325116762816,0.0
2.435,3.763601379855656,-0.8875892155104876,-1.8460965638900824,0.0,15.334347643679827,12.665726033657403,236.48952291881156,226.7325116762816,0.0
2.436,3.513432776595141,-0.9091956968025985,-1.8311715519322087,0.0,15.158621117170771,12.4007786979591,236.0422873372629,226.7325116762816,0.0
2.437,3.298795362063176,-0.9398845497943922,-1.700651517767695,0.0,14.977132218758959,12.180069826384141,235.4935782495437,226.7325116762816,0.0
2.438,3.1206156432577536,-0.9778122024622979,-1.5139076396407143,0.0,14.795586476294389,11.999972973301107,234.89927606287299,226.7325116762816,0.0
2.439,2.97566308377845,-1.0216773367794032,-1.2984241901712696,0.0,14.618631511016167,11.855729956294946,234.2211338615985,226.7325116762816,0.0
2.44,2.8599834574515857,-1.0684259803220284,-1.0342393113871968,0.0,14.44965144001168,11.746396479934301,233.51545835918532,226.7325116762816,0.0
2.441,2.7711396249746616,-1.1162268724669997,-0.7492310270096407,0.0,14.291426640172089,11.668423431912153,232.8683540199984,226.7325116762816,0.0
2.442,2.7063963784748055,-1.1627088129602134,-0.4870372808533534,0.0,14.145862020047046,11.614649756731893,232.36918894488184,226.7325116762816,0.0
2.443,2.661308348974241,-1.2047049029946668,-0.2938215159810733,0.0,14.013631244915338,11.574641034511604,231.68550399352173,226.7325116762816,0.0
2.444,2.627884233007224,-1.2411251334954434,-0.001508963473421332,0.0,13.894208939529518,11.55885810258866,230.67611753761994,226.7325116762816,0.0
2.445,2.6095213378115365,-1.2731846534435705,0.4637482058640905,0.0,13.788312916379269,11.582652073733334,229.65566364491897,226.7325116762816,0.0
2.446,2.614741206499488,-1.3056340012382188,0.9447436325282021,0.0,13.698634725716444,11.640976156180562,228.34145389048356,226.7325116762816,0.0
2.447,2.6457927271475685,-1.335158418051802,1.5857590876038872,0.0,13.626679954736169,11.746838288524055,227.46119332117593,226.7325116762816,0.0
2.448,2.709185469497098,-1.3642621116143232,2.018602555808763,0.0,13.575413036212014,11.869458671034986,227.20823443711723,226.7325116762816,0.0
2.449,2.7912034506385726,-1.3871207341641667,2.1403247702297565,0.0,13.54375825933623,11.975363281844604,229.14619871039733,226.7325116762816,0.0
2.45,2.86864751446495,-1.3982682185910227,1.1472057632485484,0.0,13.526857058290435,11.949352973764048,227.37682368331767,226.7325116762816,0.0
2.451,2.8727107943469865,-1.3801737725791883,2.0254501567180183,0.0,13.506943082635596,12.031119129589666,223.19521397369903,226.7325116762816,0.0
2.452,2.9199680432391397,-1.3531301591725775,4.151627988553164,0.0,13.494403267114192,12.322656725255088,223.73847040788536,226.7325116762816,0.0
2.453,3.091638170335268,-1.3595545610980848,3.9099401841439607,0.0,13.513248313057344,12.517528001506815,227.14206282064234,226.7325116762816,0.0
2.454,3.243456749475944,-1.3700015342799254,2.204048466321864,0.0,13.550780905062101,12.494582101376832,222.84914328020034,226.7325116762816,0.0
2.455,3.280680803468768,-1.3274730996150885,4.389341920503677,0.0,13.577483050308441,12.732548787450742,218.9215227311589,226.7325116762816,0.0
2.456,3.43251250552467,-1.2898409083092335,6.4312620844756285,0.0,13.621597392940531,13.135818056250766,223.9664426136308,226.7325116762816,0.0
2.457,3.6859944233824415,-1.320007930949883,3.936462833866186,0.0,13.705321922592946,13.181960019283448,220.78649346899363,226.7325116762816,0.0
2.458,3.7954339640330397,-1.2868658894334157,5.585897588257647,0.0,13.781340900790175,13.428742524174261,218.17798314122575,226.7325116762816,0.0
2.459,3.9842698755851793,-1.23209075944424,6.975698037492142,0.0,13.868742387773112,13.775154823403374,221.97658839324586,226.7325116762816,0.0
2.46,4.22017162694591,-1.2412899006425393,5.1239546443124455,0.0,13.98360461281238,13.8540154301316,216.14093104705177,226.7325116762816,0.0
2.461,4.360410215854455,-1.1753431795538702,8.147699123701791,0.0,14.0875205452888,14.27453829808922,220.753719403601,226.7325116762816,0.0
2.462,4.639351291124919,-1.1626611603707446,5.901092868153983,0.0,14.222361616414089,14.356755207203904,214.3179960665508,226.7325116762816,0.0
2.463,4.792465263038454,-1.099878368565994,9.243099692776394,0.0,14.345160984431617,14.820268219625802,219.2963497768478,226.7325116762816,0.0
2.464,5.104654791773658,-1.091258909280371,6.828284456622232,0.0,14.501711404286217,14.91785041494235,212.5396744268728,226.7325116762816,0.0
2.465,5.289589718504367,-1.0169425928505502,10.0,0.0,14.644276401472592,15.377145348192766,217.00827001141096,226.7325116762816,0.0
2.466,5.6065101181641355,-1.016993499091582,8.204524118401366,0.0,14.819263155116177,15.542535890731896,213.3514589442945,226.7325116762816,0.0
2.467,5.848726636288572,-0.9309291894605048,10.0,0.0,14.983822704527485,15.900868547176202,211.67341352157084,226.7325116762816,0.0
2.468,6.130773463109906,-0.9193692535973588,10.0,0.0,15.167348614793466,16.193266148332132,218.3664613445874,226.7325116762816,0.0
2.469,6.413536746769148,-0.8882629198210881,7.867095279039416,0.0,15.35845559679168,16.211873568159096,219.91969922888856,226.7325116762816,0.0
2.47,6.4767695185728025,-0.9259258823602547,7.158604461362771,0.0,15.536766611789838,16.186998029406542,223.95267096760253,226.7325116762816,0.0
2.471,6.420087210499429,-1.0127657958085026,5.169916999092577,0.0,15.703934732266838,15.977637814962218,232.26160774122187,226.7325116762816,0.0
2.472,6.261440179285874,-1.0197377474461635,0.960157651633506,0.0,15.83334853479737,15.379628130764988,229.37171769483348,226.7325116762816,0.0
2.473,5.850419241370406,-0.9622366783962064,2.3787106146421806,0.0,15.883625151543253,15.096125047504646,236.9129156191461,226.7325116762816,0.0
2.474,5.531268939937697,-0.9464062066364748,-1.4936923869427776,0.0,15.89935745708544,14.436846398218938,232.70478164157757,226.7325116762816,0.0
2.475,5.059055660957816,-0.871883017155325,0.5506519021885308,0.0,15.83954942101951,14.157422703909774,235.1725312756165,226.7325116762816,0.0
2.476,4.7366127040081505,-0.8718483010327083,-0.767623110824287,0.0,15.758521232250585,13.765253473576871,235.9249953610642,226.7325116762816,0.0
2.477,4.415883698710531,-0.8715822378770748,-1.2357799903959554,0.0,15.646350019539364,13.397939601790853,236.50438642060635,226.7325116762816,0.0
2.478,4.11202089194712,-0.8801746537263526,-1.623194267610283,0.0,15.509612367295638,13.048423612905454,236.63659754344678,226.7325116762816,0.0
2.479,3.8285948414103617,-0.8928068054100263,-1.7883406877021502,0.0,15.352900493914463,12.734031731737664,236.48825523828145,226.7325116762816,0.0
2.48,3.573341934528229,-0.9131334466556129,-1.8117269707394845,0.0,15.182530228774802,12.459730383667019,236.10385422797984,226.7325116762816,0.0
2.481,3.3510558997778386,-0.9412003189096704,-1.7132398911056592,0.0,15.004650944877529,12.228788520233294,235.60106560844017,226.7325116762816,0.0
2.482,3.163845849698297,-0.97680369466297,-1.5505311206574088,0.0,14.82510110563694,12.03843625386742,235.01026376914177,226.7325116762816,0.0
2.483,3.010009096270179,-1.0181823442303006,-1.3379077219368138,0.0,14.648666641378684,11.885975658745165,234.35126926338953,226.7325116762816,0.0
2.484,2.8867410192898344,-1.063249989109924,-1.08459804493177,0.0,14.479173218475124,11.768876628126211,233.65367213321335,226.7325116762816,0.0
2.485,2.7911764858766848,-1.109997450718394,-0.8050110844129987,0.0,14.319610779128158,11.68403904507145,232.9905168113119,226.7325116762816,0.0
2.486,2.720567630316695,-1.1560972322170993,-0.5360134748125733,0.0,14.172124326759183,11.6253341726158,232.4696796007331,226.7325116762816,0.0
2.487,2.6709955965581385,-1.19844368902822,-0.3329665487676863,0.0,14.037713144815777,11.582143163095589,231.86595699473466,226.7325116762816,0.0
2.488,2.634921774002657,-1.2350881095323967,-0.08243969895300296,0.0,13.91603140180204,11.558830020695744,230.86891411174707,226.7325116762816,0.0
2.489,2.611546292533388,-1.267756381805356,0.374717718186135,0.0,13.807413584594672,11.575672630357731,229.83588483173284,226.7325116762816,0.0
2.49,2.6121394704623633,-1.2996182248829289,0.8601986266387396,0.0,13.714519930090049,11.628501518704299,228.59283294842416,226.7325116762816,0.0
2.491,2.638533708273683,-1.3301612538552194,1.463121355571654,0.0,13.639239644626716,11.725327409483889,227.527605337003,226.7325116762816,0.0
2.492,2.695456292767566,-1.3601515045971118,1.9877842246750226,0.0,13.584163474079567,11.850628829035013,227.21016193939198,226.7325116762816,0.0
2.493,2.7771167089808113,-1.3850034510158253,2.1417294208494266,0.0,13.549558874140878,11.961166412525941,228.71243323133447,226.7325116762816,0.0
2.494,2.858494171981027,-1.3963890991748036,1.3707945593276518,0.0,13.530472394378455,11.962712574176875,228.33150980986932,226.7325116762816,0.0
2.495,2.875692976318488,-1.388439947895685,1.5452662887243527,0.0,13.512460915635074,11.988018616688215,224.11501551516352,226.7325116762816,0.0
2.496,2.8990574162061935,-1.3519992973596207,3.6796883976884316,0.0,13.49485220897099,12.239636521421891,222.89839514806772,226.7325116762816,0.0
2.497,3.0426330834088002,-1.3481399876517344,4.326339746518471,0.0,13.504106045884173,12.49855951330404,226.1805689352341,226.7325116762816,0.0
2.498,3.2179030761298923,-1.3708460211563525,2.6907722803457528,0.0,13.54086305507684,12.528292712394698,224.15864068330293,226.7325116762816,0.0
2.499,3.2874218634361627,-1.3475405532145261,3.7274751162411253,0.0,13.574127021450662,12.683226912429303,218.5256345476973,226.7325116762816,0.0
2.5,3.403944792272326,-1.303544995068602,6.626046955329781,0.0,13.614951554473928,13.122347628739705,223.84269431504924,226.7325116762816,0.0
2.501,3.6707004275155617,-1.3262737426859583,3.996415245266137,0.0,13.69854582364528,13.175215629635117,222.5781557804029,226.7325116762816,0.0
2.5020000000000002,3.7813611799765603,-1.3017254550993447,4.670228071548092,0.0,13.77613986687833,13.322066858931493,216.55910789514172,226.7325116762816,0.0
2.503,3.919047218423438,-1.2298790122349879,7.781486051990084,0.0,13.853002002878496,13.783453762502788,222.95855335846719,226.7325116762816,0.0
2.504,4.2026836413046444,-1.2473913587068357,4.619502903505497,0.0,13.970961438176335,13.797634317046793,216.59853658813108,226.7325116762816,0.0
2.505,4.316592863792489,-1.1861186257073475,7.900851039555052,0.0,14.071627861304114,14.205067235871617,220.22267374367811,226.7325116762816,0.0
2.5060000000000002,4.588624907472999,-1.1580719043710412,6.153880841107572,0.0,14.200498521984608,14.328058869357049,215.39519180511243,226.7325116762816,0.0
2.507,4.750095429737609,-1.1158386560615392,8.680995009102105,0.0,14.32441608984491,14.732049229013551,218.6325300994474,226.7325116762816,0.0
2.508,5.045370783217509,-1.084050632796127,7.143325677702967,0.0,14.473266586808737,14.88275195769644,212.9850174083601,226.7325116762816,0.0
2.509,5.239304404770591,-1.034226576412777,10.0,0.0,14.61713954097495,15.344500387138048,217.7294671852094,226.7325116762816,0.0
2.5100000000000002,5.570988149604849,-1.0244854481411456,7.82027138309339,0.0,14.79222675912266,15.471578502253184,212.21032947895532,226.7325116762816,0.0
2.511,5.78895165279748,-0.942147082311126,10.0,0.0,14.95355325800852,15.844365813797523,213.2189419937413,226.7325116762816,0.0
2.512,6.074844297084291,-0.9263121380834956,10.0,0.0,15.135107377953496,16.144941202067326,215.0733476751267,226.7325116762816,0.0
2.513,6.376103871724833,-0.8722855893539081,9.523951250651823,0.0,15.322779053812972,16.35096947430875,217.4175123178608,226.7325116762816,0.0
2.5140000000000002,6.539255714789166,-0.9469351966428627,8.44501892286899,0.0,15.521038111599724,16.426305911358686,226.4292531787105,226.7325116762816,0.0
2.515,6.566402818284574,-1.0628098498691323,3.9421810774198507,0.0,15.719004623094797,16.02805710780687,229.5831693884821,226.7325116762816,0.0
2.516,6.338605786084427,-1.0298877761148917,2.3367163954120413,0.0,15.852569428439953,15.583186243770346,230.2923162127565,226.7325116762816,0.0
2.517,5.973191566883911,-1.0006638891098578,1.946544937910093,0.0,15.925405260013928,15.207212326956917,233.41254527505268,226.7325116762816,0.0
2.5180000000000002,5.628043030062869,-0.9558059419694196,0.3196300707742945,0.0,15.948717981433761,14.73537266103061,235.2510127139945,226.7325116762816,0.0
2.519,5.227482605453176,-0.9316817829205365,-0.6847886590737442,0.0,15.920310386095016,14.259441483565851,235.73605482108908,226.7325116762816,0.0
2.52,4.835828431732251,-0.8828319370121106,-1.017345144069112,0.0,15.842018191084229,13.840801993125886,236.94169875305735,226.7325116762816,0.0
2.521,4.469272968336135,-0.8711928309508286,-1.7222589808210036,0.0,15.728899463322861,13.418386834272447,236.8046074330306,226.7325116762816,0.0
2.5220000000000002,4.1260668336996265,-0.8567151994826847,-1.7544342783751232,0.0,15.583374944051403,13.064498294340837,237.04221010934666,226.7325116762816,0.0
2.523,3.8271988619103268,-0.864963890722275,-1.9763326008637958,0.0,15.41806615506497,12.736802509527486,236.6916366281313,226.7325116762816,0.0
2.524,3.562419090239854,-0.8827839832992368,-1.900637109774618,0.0,15.238396389766915,12.462028006707383,236.33652871385794,226.7325116762816,0.0
2.525,3.3394124725723935,-0.9118464497663036,-1.819123323013701,0.0,15.052234821102266,12.226856469499015,235.81024981285532,226.7325116762816,0.0
2.5260000000000002,3.151971371054242,-0.9496169804749903,-1.6467612538781244,0.0,14.865036389296524,12.033119073872633,235.079822933295,226.7325116762816,0.0
2.527,2.997979749614582,-0.9942183082328229,-1.365020926668095,0.0,14.681712501854996,11.884368057273257,234.35903185562628,226.7325116762816,0.0
2.528,2.878811381641482,-1.0426851725934714,-1.080890589627188,0.0,14.506731243299777,11.7721652916547,233.7114224093538,226.7325116762816,0.0
2.529,2.7882755220633193,-1.0942451596811833,-0.8268749738216612,0.0,14.343214763974261,11.687552351984547,233.04602430343067,226.7325116762816,0.0
2.5300000000000002,2.7203589684696383,-1.144112084473004,-0.5573110471315936,0.0,14.192558400470507,11.628726396426234,232.5005489728194,226.7325116762816,0.0
2.531,2.672186790414246,-1.189579336033826,-0.34225375479133024,0.0,14.055587806185077,11.586297837014062,231.95046391131928,226.7325116762816,0.0
2.532,2.6374448441685105,-1.2288246639728158,-0.11939074639165081,0.0,13.931933728944648,11.5601193244216,230.98780765703188,226.7325116762816,0.0
2.533,2.613168912436084,-1.2632615024250164,0.319384420944544,0.0,13.821422807119369,11.572552826715437,229.9556899371906,226.7325116762816,0.0
2.5340000000000003,2.6116769355872065,-1.2953794420225748,0.8032114982560876,0.0,13.726394932677204,11.621446471564326,228.7876411267322,226.7325116762816,0.0
2.535,2.635033622305616,-1.3270655732535146,1.366684608980782,0.0,13.648923505203578,11.71050758058319,227.69173721991677,226.7325116762816,0.0
2.536,2.6876049410367777,-1.356039737733616,1.9050443069521488,0.0,13.5909756281597,11.830950993429166,227.12385895865995,226.7325116762816,0.0
2.537,2.7645733206071674,-1.3822742204153677,2.1850699647567766,0.0,13.553462931555,11.951033694099525,228.26387210705786,226.7325116762816,0.0
2.5380000000000003,2.8498494357205004,-1.3963995842443448,1.599749786250058,0.0,13.533001219872176,11.97956068996183,229.0725296524543,226.7325116762816,0.0
2.539,2.8818649019514315,-1.395726385325081,1.1720208337901092,0.0,13.517223073424457,11.959322891949821,224.6635830034705,226.7325116762816,0.0
2.54,2.8858864442095213,-1.3535604803192292,3.397183445010121,0.0,13.496367444258855,12.188454020866965,222.2432521510833,226.7325116762816,0.0
2.541,3.011146499713594,-1.3444267197108601,4.652241466455701,0.0,13.499927436284668,12.494652839539778,225.88626178690802,226.7325116762816,0.0
2.5420000000000003,3.205602571511186,-1.3744259758871133,2.8391991474370815,0.0,13.537142566760654,12.538464972898694,225.514877281081,226.7325116762816,0.0
2.543,3.28684157454509,-1.3593832969276514,3.0370677443025995,0.0,13.573062710277627,12.614521645198959,219.42890440339013,226.7325116762816,0.0
2.544,3.3655949676908405,-1.3037614263738404,6.153090255876946,0.0,13.607028527701608,13.019497971709722,222.62469069911515,226.7325116762816,0.0
2.545,3.607728969876141,-1.3084795817408579,4.5962753177861035,0.0,13.679170611830173,13.159116172697143,224.03085403621927,226.7325116762816,0.0
2.5460000000000003,3.7542676236117405,-1.2991147846260622,3.920210225634668,0.0,13.756982998408326,13.21948983935387,217.2654825651298,226.7325116762816,0.0
2.547,3.8552020135942997,-1.2246375233638025,7.397566252290926,0.0,13.82495266222664,13.661239795495717,221.3795731877797,226.7325116762816,0.0
2.548,4.1257424557355495,-1.2253472691188534,5.39405032585099,0.0,13.931123199922983,13.78170130549454,218.07586533300767,226.7325116762816,0.0
2.549,4.28144701137796,-1.1968774111011855,7.132470716669744,0.0,14.035584053010076,14.09757302381832,218.12321025449688,226.7325116762816,0.0
2.5500000000000003,4.528577707918175,-1.1491247767285355,7.194891270142984,0.0,14.156217901420026,14.35615838152931,218.30025339693648,226.7325116762816,0.0
2.551,4.743759587587783,-1.139770069512829,7.190692281716635,0.0,14.290095409310084,14.578663794250309,215.49096941594874,226.7325116762816,0.0
2.552,4.972329790323158,-1.0670632475086712,8.707749694813835,0.0,14.424931504334932,14.936233818308974,216.32113879998124,226.7325116762816,0.0
2.553,5.236210905089188,-1.0679390334680423,8.396778731560588,0.0,14.582864396938733,15.195411848778516,216.18717169492064,226.7325116762816,0.0
2.5540000000000003,5.50406061066089,-1.0039247626240329,8.5692156839045,0.0,14.743871475676674,15.439718483386617,211.48106374424356,226.7325116762816,0.0
2.555,5.7344997424302875,-0.9716346154380191,10.0,0.0,14.910296736519607,15.80868726021585,215.41902445986298,226.7325116762816,0.0
2.556,6.043635742584953,-0.934596396174094,9.197442970146625,0.0,15.093225046314004,16.02311200030232,211.8568255589471,226.7325116762816,0.0
2.557,6.307841412175389,-0.8546859975749022,10.0,0.0,15.27088323748433,16.304722677288574,216.07862875653296,226.7325116762816,0.0
2.5580000000000003,6.4961728975721025,-0.9420041284640708,9.100390526546908,0.0,15.46934077562005,16.45088108661713,227.67996617750768,226.7325116762816,0.0
2.559,6.583758698074059,-1.05162410072015,3.2902472710472894,0.0,15.673753416514336,15.964398622254729,226.67082417656266,226.7325116762816,0.0
2.56,6.325616281834689,-1.0076332477703498,3.7954351465169887,0.0,15.803141353335915,15.68994929106601,230.91202720362233,226.7325116762816,0.0
2.561,6.033575807658169,-1.0175666957682679,1.6330384777137468,0.0,15.893678151165725,15.24251120235229,233.39193435984149,226.7325116762816,0.0
2.562,5.681710222618931,-0.9576252694346468,0.3264906727685699,0.0,15.923724568964515,14.762559120049541,234.23320305774894,226.7325116762816,0.0
2.563,5.27205859539308,-0.9276139942855695,-0.16915058999982957,0.0,15.900069310750078,14.333694850046317,235.48696512884806,226.7325116762816,0.0
2.564,4.899186423743755,-0.8883648795779098,-0.8835761600750529,0.0,15.83187586149042,13.908640503750556,236.42676518043814,226.7325116762816,0.0
2.565,4.534547154202395,-0.8771749272990836,-1.4504187209116601,0.0,15.727157918923554,13.500445419100187,236.55331328361464,226.7325116762816,0.0
2.566,4.197472303111978,-0.8653611142269482,-1.6119007885732421,0.0,15.590904642233191,13.143935287748292,236.94540336445084,226.7325116762816,0.0
2.567,3.8971622542301967,-0.8738839855125686,-1.9100747458730334,0.0,15.433681334048812,12.807929884102276,236.68384471590647,226.7325116762816,0.0
2.568,3.6260841817917795,-0.8891255345800329,-1.8788087519970995,0.0,15.260171158002835,12.523039176381179,236.3132067697065,226.7325116762816,0.0
2.569,3.3937390156477516,-0.9159047751471643,-1.7892967298313671,0.0,15.078316229761061,12.281667371878532,235.79853181640277,226.7325116762816,0.0
2.57,3.1988341720000997,-0.9516391972070999,-1.6226194545807084,0.0,14.894172607914115,12.082802716197689,235.21557393611798,226.7325116762816,0.0
2.571,3.0393664375876863,-0.9938043593100198,-1.4159711370366748,0.0,14.712837706294504,11.922067108426461,234.58568716887154,226.7325116762816,0.0
2.572,2.9109653907976374,-1.0405382549880318,-1.1795595083393584,0.0,14.538281810963278,11.795739805054437,233.88269307362714,226.7325116762816,0.0
2.573,2.8099749891983614,-1.088902463008659,-0.8995642746906101,0.0,14.37340149875347,11.702849935608908,233.18700264620435,226.7325116762816,0.0
2.574,2.734239544819613,-1.1370833603431878,-0.6162639706784425,0.0,14.220536487446678,11.638445097857467,232.60854989219402,226.7325116762816,0.0
2.575,2.680629648866441,-1.1823261336020325,-0.3857979758324026,0.0,14.081012389580547,11.592852233254494,232.12288476018182,226.7325116762816,0.0
2.576,2.643018326718776,-1.2216500272532185,-0.1968691406653047,0.0,13.954754615609778,11.559944903721838,231.24591397882736,226.7325116762816,0.0
2.577,2.6147250294389686,-1.2559035762497648,0.196482226986467,0.0,13.841206537535925,11.561818041314698,230.18708439797362,226.7325116762816,0.0
2.578,2.606752784079901,-1.2873018697384486,0.6913512901964167,0.0,13.742311857822534,11.603245154634163,229.0332950199259,226.7325116762816,0.0
2.579,2.624258458293893,-1.3192315324335255,1.245238145783833,0.0,13.660647637374002,11.684613605515729,227.71347378325922,226.7325116762816,0.0
2.58,2.671134215204097,-1.3488244948507688,1.8953391430473987,0.0,13.598222613297423,11.810669753889417,227.26414893628854,226.7325116762816,0.0
2.581,2.750023628789192,-1.377189620407294,2.1146851939326705,0.0,13.557469940652917,11.92729576271757,228.18709989478745,226.7325116762816,0.0
2.582,2.834484620216975,-1.3927570544961743,1.6386638324981542,0.0,13.533883902649887,11.965126278210597,229.29402239840334,226.7325116762816,0.0
2.583,2.8708728422569556,-1.3961029429379361,1.0595874734689912,0.0,13.51665189338417,11.934718857965038,224.91668719851205,226.7325116762816,0.0
2.584,2.870422045884647,-1.355202684232547,3.2664133181923325,0.0,13.49356985567846,12.154584055148682,222.19668921739657,226.7325116762816,0.0
2.585,2.9889162577529995,-1.3461716115916231,4.671770533338925,0.0,13.494198126058235,12.469636692793028,225.76606774738968,226.7325116762816,0.0
2.586,3.1858674242824163,-1.3782801917719212,2.8967457076312852,0.0,13.529891087710707,12.523460904532065,226.0620622066992,226.7325116762816,0.0
2.587,3.2729018869904567,-1.3662948120497171,2.7554529726723462,0.0,13.565757696800594,12.570075759441448,220.1588400648286,226.7325116762816,0.0
2.588,3.337756182725815,-1.3067360568185071,5.772800759722177,0.0,13.596267521194218,12.94267334579014,222.15405586403355,226.7325116762816,0.0
2.589,3.559853502870876,-1.302424042355519,4.820977418242186,0.0,13.66110738774473,13.12240594825143,224.4157256236175,226.7325116762816,0.0
2.59,3.720927649934861,-1.298614147643611,3.7133103989768506,0.0,13.737060559612642,13.162826955441666,217.53979209461144,226.7325116762816,0.0
2.591,3.8134905842916242,-1.2280167907028754,7.243204359296583,0.0,13.801732904696427,13.597595003618892,220.994592551998,226.7325116762816,0.0
2.592,4.080368708472121,-1.2248748595773375,5.573183321846136,0.0,13.903775181235153,13.747921263447733,219.22183075896655,226.7325116762816,0.0
2.593,4.247061485763137,-1.2066079394186657,6.534671027535017,0.0,14.00866791419669,14.00021555868764,216.6846394883158,226.7325116762816,0.0
2.594,4.467521917835912,-1.1458752043133287,7.903745384740044,0.0,14.121802871726064,14.356169280180277,219.1175917684505,226.7325116762816,0.0
2.595,4.72306862382955,-1.1527896672136564,6.7634184437510125,0.0,14.260587623921847,14.522808884857179,213.4564243492737,226.7325116762816,0.0
2.596,4.932423927796517,-1.0795210330369913,9.726763026609486,0.0,14.394029166977317,15.00356056143386,218.50810397080252,226.7325116762816,0.0
2.597,5.251319769679154,-1.1046005599843642,7.2831672928998685,0.0,14.565693157690886,15.118167258554351,213.7379145607615,226.7325116762816,0.0
2.598,5.464157914507319,-1.013238932669543,9.798207969075577,0.0,14.721350844771036,15.51934687923831,214.7991876060468,226.7325116762816,0.0
2.599,5.749960736052293,-1.010770997104401,9.386904687135287,0.0,14.902202868572546,15.796270609865026,216.44661345938488,226.7325116762816,0.0
2.6,6.035831404589193,-0.9500304457959664,8.666050742635207,0.0,15.08600528176831,15.95981852341001,209.56521435614403,226.7325116762816,0.0
2.601,6.254227178263431,-0.8682786636876134,10.0,0.0,15.259396954480161,16.258170016256404,217.72810736388936,226.7325116762816,0.0
2.602,6.456589444417032,-0.9238828758560433,8.241452341359123,0.0,15.452218590365073,16.317169900525048,225.87671565149932,226.7325116762816,0.0
2.603,6.517614360272788,-0.9865237479739495,4.175706157801965,0.0,15.637992504899644,15.95521623826783,224.67717181259115,226.7325116762816,0.0
2.604,6.302200672478243,-0.9822747374465212,4.7960314758929545,0.0,15.767899861875838,15.781234335331343,232.54230459606939,226.7325116762816,0.0
2.605,6.08377057965007,-1.017252744986374,0.8053671549559609,0.0,15.871308363795428,15.21433820323529,231.32523623165346,226.7325116762816,0.0
2.606,5.694195748512239,-0.9417648735239995,1.3679740916102037,0.0,15.899032956377189,14.856934871279018,234.46758269871506,226.7325116762816,0.0
2.607,5.334205613392165,-0.9328969855625863,-0.2805498521449312,0.0,15.88802416754402,14.38678379514878,234.70620634210468,226.7325116762816,0.0
2.608,4.9570589762102335,-0.8889851702365926,-0.47959862049796964,0.0,15.82635952917489,13.99502305140577,236.37751928114133,226.7325116762816,0.0
2.609,4.6056565860146375,-0.8844533115366621,-1.4117051660648938,0.0,15.73162589396465,13.570613482421017,236.27068563460801,226.7325116762816,0.0
2.61,4.263570683472304,-0.8699268296861894,-1.4536700823814992,0.0,15.602372070960397,13.217991856852258,236.80253234275537,226.7325116762816,0.0
2.611,3.9618377709432977,-0.8782868624028111,-1.820293643119915,0.0,15.451846336117033,12.877567830374659,236.65980987152295,226.7325116762816,0.0
2.612,3.6865697124923265,-0.8923980873844015,-1.84820538945612,0.0,15.283799406531045,12.583991733875198,236.36136652451717,226.7325116762816,0.0
2.613,3.447184504962645,-0.9168625585987505,-1.795272264435582,0.0,15.105749539837479,12.332650007526464,235.88987312472347,226.7325116762816,0.0
2.614,3.243673402148011,-0.9502784769138275,-1.6510991790231504,0.0,14.923801593480913,12.123959544522718,235.31615413655533,226.7325116762816,0.0
2.615,3.0756208314133118,-0.9901329204713897,-1.450076109541818,0.0,14.74322922506781,11.955064811725183,234.7046065827482,226.7325116762816,0.0
2.616,2.939763547747391,-1.0352028376077729,-1.22402328170292,0.0,14.568383766665688,11.821121671229468,234.015900371596,226.7325116762816,0.0
2.617,2.832168696048097,-1.0825012467961637,-0.9525040630799593,0.0,14.402380665893567,11.721171745563506,233.31509565896096,226.7325116762816,0.0
2.618,2.7505227316128362,-1.1301728416287888,-0.6679275465892363,0.0,14.247753773971763,11.651109834585558,232.7096482638638,226.7325116762816,0.0
2.619,2.6919988050592227,-1.1756223698236876,-0.42497521491648627,0.0,14.10610611229746,11.602091589108875,232.25716413942772,226.7325116762816,0.0
2.62,2.6511909807887903,-1.2155798786100902,-0.25397967732989857,0.0,13.977662222927478,11.564094009234438,231.43335807783131,226.7325116762816,0.0
2.621,2.6192237422723252,-1.2506139540444305,0.11091488945280448,0.0,13.861717137716958,11.55858856337478,230.34450723683017,226.7325116762816,0.0
2.622,2.606815093382081,-1.2813825672824657,0.6192203543478922,0.0,13.759850223143363,11.59534908804343,229.28773296241425,226.7325116762816,0.0
2.623,2.6202173681778365,-1.3142752041569041,1.122055278694523,0.0,13.67515655641781,11.666877319100601,227.9481463099642,226.7325116762816,0.0
2.624,2.6608067955603008,-1.3437603728295162,1.7796922585827306,0.0,13.608999521655768,11.785764264659626,227.30540181939182,226.7325116762816,0.0
2.625,2.733907170306102,-1.3726157423800638,2.095335602437813,0.0,13.56422612388966,11.906656063263505,227.5840658626702,226.7325116762816,0.0
2.626,2.818795674469806,-1.3908858759856175,1.9474880389347353,0.0,13.537740406761664,11.982954945095942,229.62648792021994,226.7325116762816,0.0
2.6270000000000002,2.876816508777062,-1.4009521016093656,0.8973372477204808,0.0,13.522457733012265,11.929403848901641,225.7601286580857,226.7325116762816,0.0
2.628,2.8675062783907004,-1.3642206361206588,2.840240708969559,0.0,13.499207093558379,12.105504817286942,222.3300283271102,226.7325116762816,0.0
2.629,2.9599505478558337,-1.3485109463248581,4.599315707949026,0.0,13.494530863665766,12.425477868218552,225.2610496370679,226.7325116762816,0.0
2.63,3.1545249379717513,-1.3740852717931937,3.148519673362306,0.0,13.525289834555048,12.515328937055301,227.07143167013407,226.7325116762816,0.0
2.6310000000000002,3.259196092487639,-1.3684826845081195,2.2399394568907005,0.0,13.561085987383036,12.50426684953571,220.9182210449526,226.7325116762816,0.0
2.632,3.297580837095187,-1.3048927835161277,5.374687675794734,0.0,13.585257452939993,12.84862308193336,221.05814945187507,226.7325116762816,0.0
2.633,3.50030316834171,-1.2891304455947319,5.361467094577559,0.0,13.64034943701959,13.106243482532975,224.46023956935582,226.7325116762816,0.0
2.634,3.694996923343089,-1.299427792306249,3.6831447569064406,0.0,13.716984594268668,13.139738700411241,218.25107716056598,226.7325116762816,0.0
2.6350000000000002,3.789162445073609,-1.2426298850873745,6.872540306458515,0.0,13.782955014319477,13.536753376213692,220.3864808429438,226.7325116762816,0.0
2.636,4.042317220166768,-1.2272127867852547,5.868298773602987,0.0,13.880901958204404,13.73139773228841,220.67099454978802,226.7325116762816,0.0
2.637,4.223966357979194,-1.2182031324298161,5.786657091445811,0.0,13.987681752312225,13.899984320026967,214.89988582043753,226.7325116762816,0.0
2.638,4.405099854732216,-1.145621331746426,8.790537714679495,0.0,14.092748324251511,14.375525320515031,220.62341337021357,226.7325116762816,0.0
2.6390000000000002,4.710181386935385,-1.1699169332772739,5.989864922852158,0.0,14.238260673220898,14.444158431240051,213.88869919813803,226.7325116762816,0.0
2.64,4.878222538889359,-1.0937697409771294,9.485660133671365,0.0,14.367465951197525,14.91758995550499,218.94984218366292,226.7325116762816,0.0
2.641,5.18993808348107,-1.0982612222967723,7.032915335835103,0.0,14.532349388671143,15.019230676885366,212.8999494786004,226.7325116762816,0.0
2.642,5.384792156945182,-1.013569377784306,10.0,0.0,14.681547536825867,15.459785638276433,215.9334092528167,226.7325116762816,0.0
2.6430000000000002,5.689588873585356,-1.014571229692601,8.783524701262818,0.0,14.860838488459278,15.676142690745355,215.30149325760902,226.7325116762816,0.0
2.644,5.9543529023464075,-0.9372361347926881,9.213792883053376,0.0,15.035319171218157,15.922211310117738,209.21216343557455,226.7325116762816,0.0
2.645,6.19318758114422,-0.8932309091829236,10.0,0.0,15.212891423770301,16.219677062494846,217.92856634483675,226.7325116762816,0.0
2.646,6.437949903134526,-0.8991424257545302,8.114826049631477,0.0,15.403543345383925,16.265386750548497,221.8116923213244,226.7325116762816,0.0
2.6470000000000002,6.500756528322512,-0.9545667128507795,6.222471254937233,0.0,15.585738600056425,16.13182226849469,224.84256830211842,226.7325116762816,0.0
2.648,6.388296260833714,-1.0222981222890248,4.725932698281846,0.0,15.743254093223532,15.897136762504006,232.96809750846342,226.7325116762816,0.0
2.649,6.194604635916738,-1.0241710959019446,0.6008122367875317,0.0,15.861078199477905,15.283054967297268,230.24404371896196,226.7325116762816,0.0
2.65,5.7665976883539285,-0.9596078743381864,1.9277238111114552,0.0,15.898591031478023,14.974519088009954,236.17062134604203,226.7325116762816,0.0
2.6510000000000002,5.425238871928849,-0.9474105226897389,-1.1299460991261814,0.0,15.900802915883709,14.384244674313129,233.78480212466727,226.7325116762816,0.0
2.652,4.990301403964004,-0.8765055448030757,-0.007559392922658059,0.0,15.836088596428088,14.0516876605232,235.98689238496863,226.7325116762816,0.0
2.653,4.649606768520697,-0.8753352280900079,-1.2011483301602088,0.0,15.745170322479469,13.636523301227662,236.02809297852428,226.7325116762816,0.0
2.654,4.315627765732744,-0.864400304250448,-1.3147044399604644,0.0,15.620636301540937,13.286559011713393,236.6884072642454,226.7325116762816,0.0
2.6550000000000002,4.016894010323297,-0.8758606102646269,-1.744420538700659,0.0,15.474929236644787,12.942525462360447,236.61183011664826,226.7325116762816,0.0
2.656,3.740233419432799,-0.8902280092974769,-1.8049251493057583,0.0,15.31085533413643,12.643411542717875,236.39430630790554,226.7325116762816,0.0
2.657,3.4966548025450805,-0.9142557358521005,-1.7927811912506346,0.0,15.135776805845325,12.383769548229587,235.96225403646866,226.7325116762816,0.0
2.658,3.2869442339528177,-0.9461400875598888,-1.6690524791340686,0.0,14.955508932356821,12.166704995489562,235.4285058421092,226.7325116762816,0.0
2.6590000000000003,3.111820564356248,-0.9848990219701972,-1.4891383236126066,0.0,14.775506030211218,11.989039878630585,234.81866362685926,226.7325116762816,0.0
2.66,2.968884798207771,-1.0286112067892792,-1.2650787354934199,0.0,14.600157657580274,11.847960093961206,234.1467192612304,226.7325116762816,0.0
2.661,2.855139817370313,-1.0751505570615492,-1.0032486285284778,0.0,14.432918350427247,11.741096756611254,233.44954583248744,226.7325116762816,0.0
2.662,2.7678639526677666,-1.1225322361303958,-0.7218322557190575,0.0,14.276463231449371,11.664996217529291,232.81879618903997,226.7325116762816,0.0
2.6630000000000003,2.7043429523635942,-1.1682823477968898,-0.4673202791229052,0.0,14.132602265953722,11.612156925541653,232.35806686719073,226.7325116762816,0.0
2.664,2.660033104835311,-1.2090718318304807,-0.29321117010737474,0.0,14.001872809935895,11.57106122165403,231.60023338217178,226.7325116762816,0.0
2.665,2.6256106948605473,-1.2449292138576846,0.037028355343197816,0.0,13.883643146313746,11.55893076588473,230.54675863195556,226.7325116762816,0.0
2.666,2.6090858496344222,-1.2760643630635071,0.5256232608945708,0.0,13.779089696069256,11.588106942561424,229.5482496651936,226.7325116762816,0.0
2.6670000000000003,2.6173021332438577,-1.3090520849042182,0.9967203643864311,0.0,13.691226506427299,11.649775849225284,228.22145178995507,226.7325116762816,0.0
2.668,2.651132764830603,-1.3383170047492088,1.6452299008689595,0.0,13.621205790380468,11.75947741759828,227.41523170790498,226.7325116762816,0.0
2.669,2.7172595829661503,-1.3672975019941958,2.0415127415777707,0.0,13.57205250827412,11.881377130963395,227.37909584031416,226.7325116762816,0.0
2.67,2.7995406573538397,-1.3893405140896806,2.0531148337328524,0.0,13.542139452072968,11.975095296510046,229.22205927380935,226.7325116762816,0.0
2.6710000000000003,2.8699929682449703,-1.3983723322190045,1.1067376410099818,0.0,13.525362587919867,11.945305884306697,226.87011797068553,226.7325116762816,0.0
2.672,2.8715546283334694,-1.3757036722843872,2.281332229627854,0.0,13.504700598187645,12.056019644082744,222.65987781501457,226.7325116762816,0.0
2.673,2.932344676664818,-1.3539314030384886,4.427178646076004,0.0,13.495007920388542,12.37122170011552,224.25307327233446,226.7325116762816,0.0
2.674,3.1195516719171774,-1.3678308769831773,3.655375301455529,0.0,13.51955138079901,12.52759258169793,227.57106276938728,226.7325116762816,0.0
2.6750000000000003,3.256201227528328,-1.372321393806261,1.9879950419980617,0.0,13.557632545437755,12.481927544904327,222.1147919902909,226.7325116762816,0.0
2.676,3.27981313983282,-1.3176154214185205,4.762307628406154,0.0,13.581276527802387,12.765254500556036,219.559864532746,226.7325116762816,0.0
2.677,3.450315268660101,-1.2857878945785912,6.11149782861397,0.0,13.627934839267212,13.124761839989866,223.91110382400575,226.7325116762816,0.0
2.678,3.6861549180097013,-1.312184406225974,3.9640922615068495,0.0,13.709099945078549,13.179040422102748,219.89643155298424,226.7325116762816,0.0
2.6790000000000003,3.7979006058382634,-1.2740631715581965,6.039789198250578,0.0,13.783119097590113,13.475874746130707,219.31464145942235,226.7325116762816,0.0
2.68,4.010599113991715,-1.2329683178050426,6.404862947200117,0.0,13.875280545687142,13.747549317005447,221.83722642974317,226.7325116762816,0.0
2.681,4.216424515101474,-1.2317843817611218,5.19252331450509,0.0,13.985674021634644,13.84375066947593,215.50409925394993,226.7325116762816,0.0
2.682,4.360572751992219,-1.1590288840645642,8.471371026625025,0.0,14.086657019848264,14.300369826907374,220.75863547466892,226.7325116762816,0.0
2.6830000000000003,4.654715084928716,-1.160849450991867,5.903841678281657,0.0,14.224131451322634,14.375294488723958,214.02272909572775,226.7325116762816,0.0
2.684,4.8133544390224134,-1.0950970183427284,9.398892693557778,0.0,14.348099932570552,14.85209612704919,219.2054018792965,226.7325116762816,0.0
2.685,5.130765092670574,-1.0937572310033465,6.882827399743263,0.0,14.507861877245354,14.948567978833964,212.57536595735127,226.7325116762816,0.0
2.686,5.3197210004208815,-1.0162296896738876,10.0,0.0,14.652780180958308,15.40180743555808,216.72376837718696,226.7325116762816,0.0
2.6870000000000003,5.632520580630814,-1.0172884681712242,8.358514704620175,0.0,14.82942234102038,15.57996127374114,213.93147853555976,226.7325116762816,0.0
2.688,5.880950617330751,-0.9318494368837866,9.882669956840992,0.0,14.99680678766796,15.917836566575296,210.95179677058528,226.7325116762816,0.0
2.689,6.154712798197444,-0.915679398364285,10.0,0.0,15.180316005009924,16.208697987487746,217.7101021567732,226.7325116762816,0.0
2.69,6.423169182943781,-0.9013315568110167,8.210783030718622,0.0,15.37314388052328,16.264044440477168,222.15175322163896,226.7325116762816,0.0
2.691,6.503549325269955,-0.9446592788352048,6.035765082832165,0.0,15.55713314162243,16.105621979335872,222.9490028706781,226.7325116762816,0.0
2.692,6.3894487032211345,-0.9944863774902144,5.674975346368628,0.0,15.71192893412934,15.976858868735127,232.66131349842271,226.7325116762816,0.0
2.693,6.236857792220346,-1.0358638997349807,0.7595320142749094,0.0,15.842422092785865,15.355004773269076,229.91355995001638,226.7325116762816,0.0
2.694,5.831545832235023,-0.9579002167240822,2.1015983057407297,0.0,15.888690745676488,15.048225535085837,234.6397774734497,226.7325116762816,0.0
2.695,5.489775077571318,-0.9536947001764564,-0.3405831139476114,0.0,15.899971639469596,14.528232130342765,234.09406515210293,226.7325116762816,0.0
2.696,5.091995006301946,-0.8939935718654901,-0.1413424880324401,0.0,15.851600034460349,14.148042538793856,236.11008050700312,226.7325116762816,0.0
2.697,4.735354148836963,-0.8876333845697453,-1.24312585378975,0.0,15.769944021477718,13.713098863014908,235.97250937506345,226.7325116762816,0.0
2.698,4.384595633142922,-0.8681713979059533,-1.2667402648077362,0.0,15.650882025555395,13.356921230112889,236.6985761312245,226.7325116762816,0.0
2.699,4.075520326268517,-0.8753091965208204,-1.7294342874376953,0.0,15.509088243649371,13.00428566112896,236.68321258570074,226.7325116762816,0.0
2.7,3.79019016262749,-0.8863863846679847,-1.821259523770002,0.0,15.347357395745602,12.69555600001434,236.49818625424282,226.7325116762816,0.0
2.701,3.5382059954526195,-0.9078836647134456,-1.8264031038206547,0.0,15.173180595444272,12.42674363553138,236.0727238577183,226.7325116762816,0.0
2.702,3.3206620912989493,-0.937973889730914,-1.7070740273727605,0.0,14.99263519067625,12.201982449461514,235.53990214483412,226.7325116762816,0.0
2.703,3.139144427873516,-0.9752845636875065,-1.5287370756161924,0.0,14.811471479663096,12.017858119385837,234.95480057661402,226.7325116762816,0.0
2.704,2.9908539821658153,-1.018559920588694,-1.3184091805094686,0.0,14.634398889263247,11.869879322554176,234.28515988952287,226.7325116762816,0.0
2.705,2.87206405252595,-1.0648941533071135,-1.0591153190963079,0.0,14.464899690250235,11.756994179973386,233.58248339732316,226.7325116762816,0.0
2.706,2.780340882181897,-1.112471437643452,-0.7762767902068668,0.0,14.305832055830257,11.675868580754528,232.92604103542533,226.7325116762816,0.0
2.707,2.713011048418156,-1.1590083048089195,-0.5099909028493887,0.0,14.159201907475236,11.619900890346564,232.41827781084316,226.7325116762816,0.0
2.708,2.665970377791848,-1.2013597775720721,-0.31296695190392265,0.0,14.025831298247203,11.578377905305569,231.78153454747329,226.7325116762816,0.0
2.709,2.6310465507120093,-1.2385712240321758,-0.045085548930899666,0.0,13.905315195820858,11.558538086935966,230.72552211246648,226.7325116762816,0.0
2.71,2.6103980135785516,-1.270362272280472,0.44299056421065464,0.0,13.797991622642899,11.581562299390416,229.74863921901886,226.7325116762816,0.0
2.711,2.61450779792137,-1.303320866437911,0.9012707355070937,0.0,13.707010362903013,11.636423229343775,228.4720693073107,226.7325116762816,0.0
2.712,2.6433145581828583,-1.33328357233397,1.5221601150508786,0.0,13.633579633839448,11.737287324579324,227.5467523504389,226.7325116762816,0.0
2.713,2.7034042480875233,-1.3623191424311525,1.9766761867452036,0.0,13.580472672857521,11.858188013189,226.86072554429808,226.7325116762816,0.0
2.714,2.7829341908614214,-1.3865566240231106,2.318407451135454,0.0,13.547142244108901,11.98658581839942,228.64383379668618,226.7325116762816,0.0
2.715,2.871982849389352,-1.4017328961298594,1.4077401037373565,0.0,13.531411653872006,11.986220026345908,228.39142520110244,226.7325116762816,0.0
2.716,2.8910427457793144,-1.392799715073497,1.5173552662810206,0.0,13.516083130816178,12.004275993810221,224.11778194468775,226.7325116762816,0.0
2.717,2.9112465005282466,-1.3533702261246012,3.6803241918043024,0.0,13.499845144838556,12.25379212834617,222.86116595314056,226.7325116762816,0.0
2.718,3.0528284976122553,-1.3470790372985657,4.347345644809309,0.0,13.509884835030913,12.513103539274322,226.1543214107675,226.7325116762816,0.0
2.719,3.2277311390300136,-1.3686027737554012,2.7065498186509815,0.0,13.547282220195365,12.542506552136317,224.04650735700994,226.7325116762816,0.0
2.72,3.297333572324842,-1.3442514557647791,3.7873168887224735,0.0,13.580986285786029,12.70209409694975,218.3911994510424,226.7325116762816,0.0
2.721,3.4170179518769306,-1.2997814009274133,6.698383963958632,0.0,13.622630506446768,13.146033743998387,223.97469185764638,226.7325116762816,0.0
2.722,3.6867671662512946,-1.3243126850894085,3.934215958843001,0.0,13.707647411552488,13.188099127307495,222.22048555779398,226.7325116762816,0.0
2.723,3.793536612132181,-1.2972591936108593,4.856439369954076,0.0,13.78514796757429,13.354498771166483,216.77450882579146,226.7325116762816,0.0
2.724,3.941038141186575,-1.226869127940219,7.679007764460239,0.0,13.864066060070824,13.79811132178915,223.0489439985256,226.7325116762816,0.0
2.725,4.217438167805794,-1.2437750662078257,4.578625854870727,0.0,13.982017152246117,13.807057744961723,216.23137802303876,226.7325116762816,0.0
2.726,4.329031988479159,-1.1771831834804003,8.092420179146577,0.0,14.08157361103844,14.23491450979293,220.4040886527551,226.7325116762816,0.0
2.727,4.608709493239278,-1.1556941055406624,6.069349094523674,0.0,14.212262220688562,14.342616894152094,214.86136158511601,226.7325116762816,0.0
2.728,4.76789239668726,-1.1081690694083217,8.959424129254868,0.0,14.335639344614421,14.776043521375332,218.85581984758812,226.7325116762816,0.0
2.729,5.0744852020229025,-1.085956420170724,7.04096191630575,0.0,14.48805327781521,14.906400224944678,212.83398118323956,226.7325116762816,0.0
2.73,5.266563588629463,-1.0270913782681315,10.0,0.0,14.632008459935944,15.365578768339661,217.55080007870205,226.7325116762816,0.0
2.731,5.591729969311797,-1.0217847397786732,7.920456890586792,0.0,14.807490898369283,15.501047334725829,212.62519736819883,226.7325116762816,0.0
2.732,5.816230737259869,-0.9357295905426285,10.0,0.0,14.969558949566842,15.868619040778844,212.564152277013,226.7325116762816,0.0
2.733,6.100189317408697,-0.9206219452130989,10.0,0.0,15.151376076756057,16.165854514115285,216.76269853678153,226.7325116762816,0.0
2.734,6.395794206414164,-0.8725985978744213,8.672754884222655,0.0,15.339603546806034,16.275874238112383,218.39139861010756,226.7325116762816,0.0
2.735,6.502886289196973,-0.9376723532059235,7.94181597822138,0.0,15.527648588810576,16.317759827996344,226.17004732764696,226.7325116762816,0.0
2.736,6.498563467406213,-1.0388834728407874,4.058116262938029,0.0,15.711560171209578,15.955910214696024,229.40681957495315,226.7325116762816,0.0
2.737,6.279226389650788,-1.0135783356509163,2.4129870602982164,0.0,15.837099957751413,15.530593356163278,230.26814968281573,226.7325116762816,0.0
2.738,5.927993382872182,-0.9935499720130502,1.9469656263015827,0.0,15.905604011157527,15.16199335639285,233.4678013333778,226.7325116762816,0.0
2.739,5.5928505741105665,-0.9536197780234489,0.27978690444959087,0.0,15.926205621543511,14.691727695772322,235.09692218663469,226.7325116762816,0.0
2.74,5.197052866334395,-0.9318815991460714,-0.6184176272823865,0.0,15.895728607092224,14.228604370748204,235.62711895529165,226.7325116762816,0.0
2.741,4.81343053919463,-0.8873697329009057,-0.972462084400969,0.0,15.81730803808546,13.817023310723252,236.8999281363425,226.7325116762816,0.0
2.742,4.453292108699946,-0.8781835348957059,-1.7105408395270083,0.0,15.705006056858753,13.396889085390466,236.73503411077127,226.7325116762816,0.0
2.743,4.113024465618472,-0.8646815649696286,-1.7281190510862832,0.0,15.560527496509629,13.046813325182042,236.9799498692574,226.7325116762816,0.0
2.744,3.8167647096139263,-0.8733095702600304,-1.953051312259113,0.0,15.396573316455777,12.721916415075812,236.64707059709772,226.7325116762816,0.0
2.745,3.5538959659918072,-0.891037209890694,-1.885757265387431,0.0,15.218388623703156,12.448718409980826,236.2006339332432,226.7325116762816,0.0
2.746,3.3313679656791546,-0.9205591581882789,-1.7572201560297902,0.0,15.033772737632724,12.220337270278868,235.65871810933984,226.7325116762816,0.0
2.747,3.1472654910573135,-0.9588302401450661,-1.5755243084086894,0.0,14.848694925731413,12.033059820290084,235.06030355322122,226.7325116762816,0.0
2.748,2.9977163230515416,-1.0031197748455034,-1.3595949491187724,0.0,14.667886288018835,11.882546988890141,234.40877456000035,226.7325116762816,0.0
2.749,2.8780180086519604,-1.0511571435454576,-1.1105930813455274,0.0,14.494948446147514,11.76590681162499,233.69606111177467,226.7325116762816,0.0
2.75,2.7848478763685733,-1.1002008350749848,-0.8238718515876156,0.0,14.332554803118057,11.681737915902037,233.01401573336582,226.7325116762816,0.0
2.751,2.7160699495658402,-1.1483555608004146,-0.5456642029540357,0.0,14.18279021773375,11.624116045126014,232.4794763989791,226.7325116762816,0.0
2.7520000000000002,2.668157992566724,-1.1926414668660983,-0.33586418298764986,0.0,14.046629806220242,11.582158364601009,231.9083969515168,226.7325116762816,0.0
2.753,2.6337519298030543,-1.230814166740294,-0.10208331200885379,0.0,13.923645805731088,11.557703853919161,230.92670336472602,226.7325116762816,0.0
2.754,2.6103838265730164,-1.264806440921932,0.34682156450209334,0.0,13.813872177383907,11.572664552690672,229.8775682338655,226.7325116762816,0.0
2.755,2.610428594938085,-1.2968849459874454,0.8399385643565145,0.0,13.71976069456398,11.624667034416735,228.67385825638237,226.7325116762816,0.0
2.7560000000000002,2.6360937633320387,-1.3283164309876487,1.4223800872970713,0.0,13.643397286498022,11.718372796373426,227.63910302423926,226.7325116762816,0.0
2.757,2.691810432640714,-1.357568701498197,1.930691789889051,0.0,13.586944230340485,11.839289331443553,227.0552681430586,226.7325116762816,0.0
2.758,2.770041146397302,-1.3833592454111157,2.2193816658116057,0.0,13.550772570431032,11.961093464896337,228.39225537852334,226.7325116762816,0.0
2.759,2.856307911124791,-1.397551911180749,1.534290611056822,0.0,13.531701777653339,11.980146067248189,228.82374780060144,226.7325116762816,0.0
2.7600000000000002,2.8838929575622743,-1.3943413801165505,1.2976320387745766,0.0,13.515948239313836,11.97403311022273,224.4682023399169,226.7325116762816,0.0
2.761,2.8941447724674765,-1.3532245886536711,3.4980478624804934,0.0,13.496668017355459,12.210516572221149,222.4560530787513,226.7325116762816,0.0
2.762,3.0254405705986285,-1.3451701397582414,4.546887079038598,0.0,13.502489342328902,12.50045180176285,226.09463276663035,226.7325116762816,0.0
2.763,3.2139976106741974,-1.3710023586945845,2.7339760241955813,0.0,13.539644146331117,12.532638716222406,225.06423896652603,226.7325116762816,0.0
2.7640000000000002,3.287008829231924,-1.3529411451122397,3.2658556513452974,0.0,13.574057105695646,12.635812625530532,218.84035546518277,226.7325116762816,0.0
2.765,3.377643241927153,-1.3011778875732642,6.456718964127919,0.0,13.609832813861068,13.068546934767992,223.03751024985442,226.7325116762816,0.0
2.766,3.6366503697563255,-1.314611116365171,4.395091586056364,0.0,13.6872996698762,13.175313299248302,223.49829624796445,226.7325116762816,0.0
2.767,3.771448507207795,-1.3011975018541821,4.197040741284523,0.0,13.766086646853719,13.26574266989653,216.71123288017748,226.7325116762816,0.0
2.7680000000000002,3.885088553120818,-1.2282034061956515,7.6907852131390495,0.0,13.83814264882098,13.73014777785349,222.2642078537036,226.7325116762816,0.0
2.769,4.169581206746072,-1.2353378785682245,4.95898076460177,0.0,13.95094829430478,13.789724249714183,217.3293139942601,226.7325116762816,0.0
2.77,4.299906873845551,-1.193057231690209,7.520459671143731,0.0,14.053708806545963,14.152213466297487,219.1533783006424,226.7325116762816,0.0
2.771,4.56082609009073,-1.152098403747862,6.684218851708974,0.0,14.178359524616479,14.343730676127358,216.8974624113037,226.7325116762816,0.0
2.7720000000000002,4.747797359016525,-1.1290316799415296,7.910527289028101,0.0,14.307569140523652,14.653859925661362,217.4592266775515,226.7325116762816,0.0
2.773,5.010258436023729,-1.0727638344050971,7.722378005891505,0.0,14.448911924022571,14.88593670053293,214.31689503322394,226.7325116762816,0.0
2.774,5.224613193074699,-1.0486794504659607,9.41769999448586,0.0,14.597241502880808,15.276352575338441,217.19330890415134,226.7325116762816,0.0
2.775,5.537630542123591,-1.014109500721344,8.074885086743466,0.0,14.76621786070127,15.445608599986757,211.372228648912,226.7325116762816,0.0
2.7760000000000002,5.75964355071208,-0.9514868450474347,10.0,0.0,14.928679392577815,15.818736190033682,214.4826119386525,226.7325116762816,0.0
2.777,6.053586127694908,-0.9310179571601402,9.683554836250137,0.0,15.110582179160543,16.08662350373629,214.6854538897496,226.7325116762816,0.0
2.778,6.343789167582918,-0.8627817863444056,9.702604438566908,0.0,15.293782128544397,16.322189364001396,217.6461543421413,226.7325116762816,0.0
2.779,6.519429994952935,-0.9387900115623111,8.313117785712457,0.0,15.491261935498514,16.38306614472941,225.5376569571365,226.7325116762816,0.0
2.7800000000000002,6.5473457981281875,-1.046843955440323,4.3793150254063065,0.0,15.68620729140441,16.037465460899316,229.0783443545762,226.7325116762816,0.0
2.781,6.346072687126631,-1.0250040772151112,2.5855129999035196,0.0,15.823615117293164,15.610358386082499,229.89662201225093,226.7325116762816,0.0
2.782,5.997926784681762,-1.0042163546980478,2.1447330677064556,0.0,15.902503202416732,15.245438347208518,233.31948719382848,226.7325116762816,0.0
2.783,5.663581334224208,-0.9635897496360457,0.3674307217422119,0.0,15.932749425808893,14.767100202526068,234.78551166518895,226.7325116762816,0.0
2.7840000000000003,5.2629306022445395,-0.9372136302169305,-0.4461115138270966,0.0,15.909642105308112,14.308631998211293,235.6820884124472,226.7325116762816,0.0
2.785,4.878331998686905,-0.8917180475760369,-0.9838956548178777,0.0,15.838257943529626,13.880978388196164,236.76237854912958,226.7325116762816,0.0
2.786,4.508386275563932,-0.8782384178898331,-1.6243393918875468,0.0,15.7302190334884,13.460728796844892,236.7244009658027,226.7325116762816,0.0
2.787,4.164035805096993,-0.862842451020088,-1.705269493119312,0.0,15.58940029525736,13.103381494379965,237.03125062629798,226.7325116762816,0.0
2.7880000000000003,3.8617957995092147,-0.8698686092794179,-1.9616817128671196,0.0,15.42785553768016,12.770093901088469,236.71408951479995,226.7325116762816,0.0
2.789,3.592281969250904,-0.8855134183412696,-1.902916935503291,0.0,15.250787163945736,12.489632960348445,236.29132449294016,226.7325116762816,0.0
2.79,3.3635433013123577,-0.9135330602470438,-1.7871225527399823,0.0,15.066305246029765,12.254127125809955,235.75678893394632,226.7325116762816,0.0
2.791,3.1736107091560073,-0.950786403848116,-1.6100975458197109,0.0,14.88053860782861,12.06064368832513,235.1668867086513,226.7325116762816,0.0
2.7920000000000003,3.019066910432642,-0.9944247251673425,-1.3994901834958977,0.0,14.698427971608186,11.904428982493092,234.52677302418468,226.7325116762816,0.0
2.793,2.894953762778479,-1.0422809393922954,-1.1573759547416151,0.0,14.523734728778157,11.782258183416682,233.81554403466305,226.7325116762816,0.0
2.794,2.7977272468987566,-1.0914099793276464,-0.8725917835646149,0.0,14.35921936257413,11.693194041777055,233.12106147172986,226.7325116762816,0.0
2.795,2.7253199886458885,-1.1400351700206297,-0.5892360000525025,0.0,14.207106599403412,11.631898605404569,232.55715723017187,226.7325116762816,0.0
2.7960000000000003,2.674491130177969,-1.1853174571806229,-0.3655303348124095,0.0,14.06857036859319,11.588162603542502,232.04020109412676,226.7325116762816,0.0
2.797,2.638597241235202,-1.224592470481711,-0.16012916096830576,0.0,13.9433815892693,11.558743690455083,231.15310340528663,226.7325116762816,0.0
2.798,2.6120542055062907,-1.2598425667007465,0.2392137661617082,0.0,13.831254557020147,11.564182296030639,229.99378529497594,226.7325116762816,0.0
2.799,2.607159893859712,-1.2902699712224157,0.7862600851301114,0.0,13.733878602088652,11.61431894756278,228.89142503510422,226.7325116762816,0.0
2.8000000000000003,2.6297801460725134,-1.3233328431499645,1.315851081477743,0.0,13.654586549670336,11.699951713997237,227.70845589229765,226.7325116762816,0.0
2.801,2.6805138568948847,-1.3529856192313219,1.8975762107208678,0.0,13.594718155786968,11.822431347131351,227.2141947824952,226.7325116762816,0.0
2.802,2.7583155962716517,-1.3802384726716665,2.1398899345599505,0.0,13.555785850722977,11.939462581670371,228.23428232905664,226.7325116762816,0.0
2.803,2.8425317732342554,-1.3945649852274127,1.6148284547514864,0.0,13.53375328746602,11.972231800159642,229.17973014490198,226.7325116762816,0.0
2.8040000000000003,2.8762680032200327,-1.395677048206989,1.1176323621426119,0.0,13.517179964185873,11.947211061556587,224.78186139764378,226.7325116762816,0.0
2.805,2.8781192115462653,-1.3540488617266075,3.336073238558091,0.0,13.4951716782308,12.172169251201591,222.1853451232213,226.7325116762816,0.0
2.806,3.0002896753124992,-1.3450108602310726,4.6798030412999285,0.0,13.49728214153603,12.484636423893011,225.8207538023813,226.7325116762816,0.0
2.807,3.1968733652434507,-1.3767265911932678,2.871216280458942,0.0,13.534007386200676,12.533283582671142,225.7791209121077,226.7325116762816,0.0
2.8080000000000003,3.2813100751323807,-1.363170631390468,2.901566633237483,0.0,13.570116509388743,12.594840755263501,219.80715458904035,226.7325116762816,0.0
2.809,3.3532748885361903,-1.3055990041155492,5.956803365643563,0.0,13.602573118115021,12.982553897576784,222.39017086007797,226.7325116762816,0.0
2.81,3.584944873600745,-1.3054234298240701,4.708718638286789,0.0,13.671111783300692,13.142135648974998,224.309070387612,226.7325116762816,0.0
2.811,3.738568272138113,-1.2986395875896632,3.7735032874064736,0.0,13.748010290204743,13.187638376440228,217.39443236903278,226.7325116762816,0.0
2.8120000000000003,3.832967341005261,-1.2247774524069612,7.3242030897685675,0.0,13.813712222717161,13.627362150027961,221.15029580536057,226.7325116762816,0.0
2.813,4.101689122647608,-1.2235983523626675,5.502093530313885,0.0,13.917425259684066,13.76512928465254,218.63539977980025,226.7325116762816,0.0
2.814,4.264046036771636,-1.2010974714696918,6.840512662058858,0.0,14.02208040051895,14.049766166860621,217.38204696487145,226.7325116762816,0.0
2.815,4.498856658445259,-1.1468394977023266,7.560693716637362,0.0,14.138990347185675,14.35803500037471,218.79881605791104,226.7325116762816,0.0
2.816,4.735126372395015,-1.1457903611939677,6.9316461263012705,0.0,14.275463357258895,14.547129337403579,214.36114212815158,226.7325116762816,0.0
2.817,4.952067466923627,-1.0710221399574729,9.274196786662298,0.0,14.408984487056745,14.9734317670213,217.3807483771881,226.7325116762816,0.0
2.818,5.245787787463037,-1.0861053684489306,7.857911295134977,0.0,14.574190584183008,15.161099331671371,214.8955357073189,226.7325116762816,0.0
2.819,5.488379298738659,-1.0074670391881297,9.218887389759196,0.0,14.732841779558049,15.48664311185807,213.3567738378211,226.7325116762816,0.0
2.82,5.746081966462445,-0.9946143810202961,10.0,0.0,14.907554824308402,15.841888881406994,216.06892080844545,226.7325116762816,0.0
2.821,6.060654533740852,-0.9519757541689793,8.870147612201038,0.0,15.095759419166644,16.014960533992383,211.07848236664182,226.7325116762816,0.0
2.822,6.298714900815507,-0.8696375950684412,10.0,0.0,15.27381990856506,16.3020868526355,217.04230247249413,226.7325116762816,0.0
2.823,6.492316124480183,-0.9369471308232233,8.606461022786988,0.0,15.471014411411975,16.394803246050362,227.63537680854526,226.7325116762816,0.0
2.824,6.55804874372706,-1.0234461665339794,3.300895203438786,0.0,15.666602901886318,15.922996024171743,225.6655780369201,226.7325116762816,0.0
2.825,6.296309894904589,-0.9853395307936514,4.296463925644984,0.0,15.790395100836824,15.709945190727526,231.506013866877,226.7325116762816,0.0
2.826,6.0370907776174505,-1.0095362189730204,1.328510988760578,0.0,15.88354569860499,15.2200448646568,232.52681951443682,226.7325116762816,0.0
2.827,5.6758875606451396,-0.9446734731729753,0.760165086599113,0.0,15.911014335069465,14.792751273795117,233.9788253039093,226.7325116762816,0.0
2.828,5.290317459264415,-0.9250325000810071,-0.038300944413403926,0.0,15.891494869219214,14.367586780258458,235.2776264395271,226.7325116762816,0.0
2.829,4.927648194510354,-0.8894070275771089,-0.7731526598547553,0.0,15.827688508355806,13.946175679211146,236.30149605323552,226.7325116762816,0.0
2.83,4.567156929918591,-0.880870789874493,-1.3807773104785084,0.0,15.727538942051762,13.537062204225585,236.42337055127635,226.7325116762816,0.0
2.831,4.230517532952169,-0.868831297871081,-1.5386231482488681,0.0,15.59525400313622,13.180983745480058,236.89610372562112,226.7325116762816,0.0
2.832,3.929525775442395,-0.8774746421106105,-1.8766256559146477,0.0,15.441660875024057,12.841425520608409,236.6771195643215,226.7325116762816,0.0
2.833,3.6556817188759028,-0.8916805103235133,-1.866579654145231,0.0,15.270947449296973,12.552061819331216,236.34648914677837,226.7325116762816,0.0
2.834,3.4195308420154484,-0.9169338984863136,-1.7974042200786386,0.0,15.091004810030658,12.305310139227656,235.85174143738573,226.7325116762816,0.0
2.835,3.2199069718481113,-0.9514107629946094,-1.6412226629933597,0.0,14.907921187894898,12.101324697096334,235.26091623575618,226.7325116762816,0.0
2.836,3.0559574638652034,-0.9921868523838366,-1.4310941077733341,0.0,14.726887984947322,11.937019969644368,234.6416141717235,226.7325116762816,0.0
2.837,2.924031666447563,-1.03808510102215,-1.2005341007114056,0.0,14.55216867600562,11.807175052503558,233.94554480675365,226.7325116762816,0.0
2.838,2.81996217006459,-1.085941037166247,-0.9246297495312041,0.0,14.386741976733482,11.711014961369818,233.24599482659278,226.7325116762816,0.0
2.839,2.7414875996751835,-1.1338790190319,-0.6399895909538826,0.0,14.233036556918963,11.644071091132947,232.65469259436972,226.7325116762816,0.0
2.84,2.68565063969041,-1.179225854589448,-0.40356028402323485,0.0,14.092516064154882,11.59696920800934,232.18903297767983,226.7325116762816,0.0
2.841,2.646634869712425,-1.218831171176837,-0.22529568869227168,0.0,13.96524054882388,11.56150364143651,231.32020923842748,226.7325116762816,0.0
2.842,2.6166784080463517,-1.2532012773169618,0.16323920531244385,0.0,13.850530686878242,11.560718325458566,230.28051320865626,226.7325116762816,0.0
2.843,2.6068705604224207,-1.284712029001881,0.6476072048743076,0.0,13.750335761153309,11.598714984517578,229.15437986111823,226.7325116762816,0.0
2.844,2.6219853940619195,-1.3168025885128751,1.1864551967949564,0.0,13.667174847936137,11.675561374037269,227.80499653264462,226.7325116762816,0.0
2.845,2.6657512045260296,-1.346373434533559,1.8504220124681297,0.0,13.602946552459812,11.799391812273456,227.27697594918735,226.7325116762816,0.0
2.846,2.7425912796042766,-1.3749939708782846,2.1089876614677103,0.0,13.560376680892452,11.91820418021765,227.94517267593886,226.7325116762816,0.0
2.847,2.82760911354861,-1.391794424614602,1.7627626880953793,0.0,13.5355068778238,11.971624359666645,229.62901451447578,226.7325116762816,0.0
2.848,2.8726926254164673,-1.3983094679704176,0.8918767404449768,0.0,13.519014723238675,11.920771328390021,225.20846387820535,226.7325116762816,0.0
2.849,2.8633754320729534,-1.356455608787046,3.1173925365609563,0.0,13.494417406040679,12.128345708218284,222.13805053401225,226.7325116762816,0.0
2.85,2.972457466793427,-1.3452308197526388,4.6985438200802,0.0,13.492221070343367,12.45228220581719,225.5491029778218,226.7325116762816,0.0
2.851,3.172194611461208,-1.3769189484201583,3.004851685160021,0.0,13.526235960019436,12.520607506843806,226.6387831873415,226.7325116762816,0.0
2.852,3.2674926535556987,-1.368401355667011,2.46094886528958,0.0,13.562428074341044,12.534123964715107,220.56997982657538,226.7325116762816,0.0
2.853,3.3175689679628135,-1.3045528905592112,5.556975864169698,0.0,13.58941446778329,12.891354572143118,221.64293780287773,226.7325116762816,0.0
2.854,3.5283719540809058,-1.2943670238214044,5.071392614752563,0.0,13.648943321934034,13.10849876541895,224.56886063905804,226.7325116762816,0.0
2.855,3.705428531889884,-1.2967245187228174,3.6300677070346383,0.0,13.724594893103816,13.138823323729662,217.71343743079913,226.7325116762816,0.0
2.856,3.795172110809814,-1.2317939582542385,7.14797005361892,0.0,13.78854782638715,13.566961862624638,220.67714487974538,226.7325116762816,0.0
2.857,4.060578994556396,-1.224580543778122,5.726669997111156,0.0,13.888775150243944,13.738862489853823,219.94172078675405,226.7325116762816,0.0
2.858,4.235750009187096,-1.2125818403322486,6.1622899525021,0.0,13.9949220812037,13.949112239631933,215.70412142567284,226.7325116762816,0.0
2.859,4.4376161106867515,-1.1450258750881712,8.391373535548793,0.0,14.104168124902897,14.369341141090782,219.82433021950817,226.7325116762816,0.0
2.86,4.719680210024696,-1.1625937769527932,6.40035095319886,0.0,14.247120483235616,14.488160046972535,213.7973296442899,226.7325116762816,0.0
2.861,4.908389038634517,-1.0904446607674259,9.543203061127912,0.0,14.379547414524197,14.957078925641369,218.81142998695103,226.7325116762816,0.0
2.862,5.221622556691247,-1.1004733863562324,7.115363706690655,0.0,14.547448191527424,15.061289160804655,213.12331615419683,226.7325116762816,0.0
2.863,5.421296392881865,-1.0124823392079585,10.0,0.0,14.699200611904457,15.494625049159927,215.6025719806302,226.7325116762816,0.0
2.864,5.72205723343016,-1.0136455301012937,8.965273810462664,0.0,14.88011924054907,15.726049392836776,215.81441494877288,226.7325116762816,0.0
2.865,5.992887587249806,-0.9396007469129957,8.968533293666406,0.0,15.057931882637256,15.936345239543508,208.68570634694137,226.7325116762816,0.0
2.866,6.219716096615054,-0.8817879790782714,10.0,0.0,15.233373888557363,16.234578676161064,218.90043383858423,226.7325116762816,0.0
2.867,6.445383268003148,-0.9102812717746878,7.6300455674735925,0.0,15.424807427422165,16.22696821130859,223.1809748562045,226.7325116762816,0.0
2.868,6.479162469206682,-0.9534441515877998,5.52529042686423,0.0,15.600799549767716,16.02997958526757,224.27818461485322,226.7325116762816,0.0
2.869,6.328750527489164,-0.9982239193842924,5.001228818154155,0.0,15.743987742934095,15.850572914114158,233.1309490807229,226.7325116762816,0.0
2.87,6.1426734361929025,-1.0228858695400083,0.510862211174901,0.0,15.85718146650766,15.233690379337526,230.41617220438525,226.7325116762816,0.0
2.871,5.726173856660511,-0.9506999808173298,1.831414044062691,0.0,15.889180496985151,14.923934020918958,235.23591711548377,226.7325116762816,0.0
2.872,5.383912408292472,-0.9456114173044807,-0.6634924658785937,0.0,15.887166105473854,14.394191730492734,234.26278917898446,226.7325116762816,0.0
2.873,4.982261699121849,-0.8868365281027581,-0.25223127265596723,0.0,15.825964571893998,14.028168989836999,236.25816129189255,226.7325116762816,0.0
2.874,4.634381774082485,-0.8838914921120669,-1.3451738252661194,0.0,15.7345447125396,13.60254236183213,236.09961349697662,226.7325116762816,0.0
2.875,4.292607953968814,-0.8691615716812758,-1.3595709460151033,0.0,15.608113335432677,13.253798473898135,236.7104042170939,226.7325116762816,0.0
2.876,3.9922007923050806,-0.8787318004979725,-1.7647452314818652,0.0,15.460650731617182,12.912487686434858,236.62262940052025,226.7325116762816,0.0
2.8770000000000002,3.716402131306246,-0.893024847837675,-1.8197590004374309,0.0,15.295279842356114,12.615895726699156,236.36922553500582,226.7325116762816,0.0
2.878,3.474675664282022,-0.9171033993351597,-1.7894242062674586,0.0,15.11929255623891,12.360144763821848,235.92335541950612,226.7325116762816,0.0
2.879,3.267759727585678,-0.9494024315436501,-1.6583975859498534,0.0,14.938641010473651,12.146823237280143,235.37789193857446,226.7325116762816,0.0
2.88,3.095604692689509,-0.9885888657660309,-1.4721196481069523,0.0,14.75870998407313,11.972816910247234,234.7584854570414,226.7325116762816,0.0
2.8810000000000002,2.955586414000153,-1.0326284692418173,-1.2426761451480122,0.0,14.583823919649475,11.835274579531491,234.08035424865645,226.7325116762816,0.0
2.882,2.844615024834101,-1.0793715703233908,-0.977088966679291,0.0,14.417373573680837,11.7317247000683,233.3831163419911,226.7325116762816,0.0
2.883,2.7599175806951752,-1.1267813723009192,-0.6949760600037109,0.0,14.261960921569445,11.658468326867808,232.76518893283574,226.7325116762816,0.0
2.884,2.6986843727073877,-1.1722752034946242,-0.4463391279915738,0.0,14.119294120760678,11.607413937668076,232.31629593918362,226.7325116762816,0.0
2.8850000000000002,2.655976649817069,-1.2125354374063668,-0.27773047379453253,0.0,13.989762248531175,11.567344407387047,231.51788402075528,226.7325116762816,0.0
2.886,2.6227242679251614,-1.2473308919129138,0.073621761974902,0.0,13.872601508153117,11.558521987083052,230.48809855649444,226.7325116762816,0.0
2.887,2.6078643883087085,-1.278719305646717,0.5509586253031937,0.0,13.769379370748126,11.589161330318953,229.42177533305716,226.7325116762816,0.0
2.888,2.617548415349848,-1.3110172915747578,1.0572276004540782,0.0,13.682782275721962,11.656116902353395,228.08169058426378,226.7325116762816,0.0
2.8890000000000002,2.6545548212853816,-1.3403957508739137,1.713778185770943,0.0,13.614449098065487,11.770901217932618,227.3364185172809,226.7325116762816,0.0
2.89,2.7243851882067673,-1.3695088792619314,2.0803751508523964,0.0,13.567336329262272,11.893822668192065,227.33082767924648,226.7325116762816,0.0
2.891,2.8090483680933227,-1.3897679054847376,2.0771874098399516,0.0,13.539164343965954,11.987109429264764,229.478678947823,226.7325116762816,0.0
2.892,2.8775384524319563,-1.4015502314489128,0.975800102836279,0.0,13.524231698900367,11.94044231186189,226.39123016638828,226.7325116762816,0.0
2.8930000000000002,2.871961016387419,-1.3721608671465333,2.5229373086525704,0.0,13.502774953268146,12.079446026210862,222.33367646650933,226.7325116762816,0.0
2.894,2.9457197859086914,-1.3523320771245455,4.595702510689769,0.0,13.495476980374653,12.406767255719858,224.80880956995625,226.7325116762816,0.0
2.895,3.1409793806350246,-1.3728657818186776,3.3773729800295618,0.0,13.524097923137981,12.525141696870923,227.50017816516024,226.7325116762816,0.0
2.896,3.260337794276551,-1.3718035743089088,2.024012017538784,0.0,13.561372035867068,12.486677548062529,221.45495874239518,226.7325116762816,0.0
2.8970000000000002,3.2858909471386557,-1.3100073548318647,5.099397258260177,0.0,13.58428536037503,12.805995948833727,220.3252930200333,226.7325116762816,0.0
2.898,3.4739923459510944,-1.2858003202883426,5.7283023060035925,0.0,13.6347943809043,13.11366392248242,223.92355440302467,226.7325116762816,0.0
2.899,3.6887977671261973,-1.3049483406174518,3.957261187240485,0.0,13.713367649327148,13.172764844936658,219.19289356210578,226.7325116762816,0.0
2.9,3.798753518493408,-1.2618948128934644,6.397987788841686,0.0,13.785066314900208,13.510056260912872,219.87615406325298,226.7325116762816,0.0
2.9010000000000002,4.029815313893919,-1.2315188550664589,6.124921114398371,0.0,13.880413435429848,13.742026561663614,221.47964125956722,226.7325116762816,0.0
2.902,4.222052881075258,-1.2255451444695322,5.375706220408398,0.0,13.989069525394205,13.861816058361836,214.8954969534284,226.7325116762816,0.0
2.903,4.377362292664694,-1.1507008694290628,8.786148520706343,0.0,14.090665822883471,14.347971356756322,220.78005935224024,226.7325116762816,0.0
2.904,4.68568479085226,-1.1658501867463982,5.90339184454083,0.0,14.233132888118568,14.412100716994367,213.9278396407659,226.7325116762816,0.0
2.9050000000000002,4.84704483531927,-1.0956379938039207,9.457548420633154,0.0,14.359891348457115,14.889182257954426,219.14439073362365,226.7325116762816,0.0
2.906,5.162782906842477,-1.0963150617671784,6.925154083630863,0.0,14.522458716263193,14.984008960598281,212.63952511235786,226.7325116762816,0.0
2.907,5.352338306404292,-1.0149237676121738,10.0,0.0,14.669292204516374,15.431473010692415,216.43705340990275,226.7325116762816,0.0
2.908,5.660915392021946,-1.0155692322626477,8.516336858596283,0.0,14.847073663006748,15.622874674462029,214.52518178873783,226.7325116762816,0.0
2.9090000000000003,5.914978475928864,-0.9321197096155627,9.594345968054181,0.0,15.017031239887357,15.921470782784542,210.13057378106976,226.7325116762816,0.0
2.91,6.172756607441369,-0.904875230455163,10.0,0.0,15.19769027243099,16.215229926755026,216.7472615589087,226.7325116762816,0.0
2.911,6.430442206120972,-0.9004365301324757,8.710024576077789,0.0,15.389443503873412,16.325957588092283,224.23040867223136,226.7325116762816,0.0
2.912,6.530921667011024,-0.9656398336950147,4.993472049456955,0.0,15.580310928700426,16.04039089803988,223.48633771477176,226.7325116762816,0.0
2.9130000000000003,6.363912704624537,-0.9850485083108125,5.3979692678018525,0.0,15.725017863211612,15.90350361923098,231.8753342340055,226.7325116762816,0.0
2.914,6.183635142205744,-1.0264572235471292,1.152042782607749,0.0,15.84592624832062,15.341839318441489,230.53703420418069,226.7325116762816,0.0
2.915,5.80483029953556,-0.9559336933952962,1.783147572241162,0.0,15.890405689370724,15.000178835023004,234.22760625249836,226.7325116762816,0.0
2.916,5.45390191941705,-0.9492802041687389,-0.13708939767984374,0.0,15.896244489460559,14.514409302850062,234.4108553082974,226.7325116762816,0.0
2.9170000000000003,5.070161862629189,-0.8984405025070185,-0.30549736189952803,0.0,15.84739662403359,14.117180219983915,236.21079945768523,226.7325116762816,0.0
2.918,4.710337651041384,-0.8905278711521896,-1.3002523144074707,0.0,15.763348644430298,13.682793556434799,236.1054307286962,226.7325116762816,0.0
2.919,4.358883329948594,-0.8708322895713552,-1.3412971404371063,0.0,15.64217940877208,13.323935113146412,236.77633056854262,226.7325116762816,0.0
2.92,4.048684237588426,-0.8768456839667045,-1.7771852492829234,0.0,15.498099681550135,12.97191570385699,236.7145131460308,226.7325116762816,0.0
2.9210000000000003,3.7636013683642746,-0.8875892122652758,-1.8460965527245112,0.0,15.334347640290332,12.665726025175246,236.48952288731246,226.7325116762816,0.0
2.922,3.5134327684504845,-0.9091956951456606,-1.8311715354756446,0.0,15.158621113122193,12.400778692465767,236.04228731126133,226.7325116762816,0.0
2.923,3.29879535677311,-0.9398845494645598,-1.7006515037998784,0.0,14.9771322145462,12.180069822907647,235.49357822834293,226.7325116762816,0.0
2.924,3.1206156400563336,-0.9778122030077665,-1.513907627861288,0.0,14.79558647221855,11.99997297120629,234.89927604625902,226.7325116762816,0.0
2.9250000000000003,2.9756630819827863,-1.0216773378533974,-1.2984241805191088,0.0,14.618631507251122,11.855729955111483,234.2211338476998,226.7325116762816,0.0
2.926,2.859983456544747,-1.068425981643966,-1.0342393029536834,0.0,14.44965143663946,11.74639647940564,233.51545834807737,226.7325116762816,0.0
2.927,2.771139624629769,-1.1162268738505485,-0.7492310198604262,0.0,14.2914266372232,11.668423431830087,232.86835401344598,226.7325116762816,0.0
2.928,2.7063963784767884,-1.162708814265498,-0.48703727591637325,0.0,14.145862017514588,11.614649756831051,232.36918894149915,226.7325116762816,0.0
2.9290000000000003,2.6613083491156773,-1.2047049041216202,-0.293821512595132,0.0,14.013631242756954,11.574641034655144,231.68550400316735,226.7325116762816,0.0
2.93,2.6278842328041754,-1.241125135013742,-0.0015089666980925287,0.0,13.894208937757067,11.558858102137185,230.67611747324372,226.7325116762816,0.0
2.931,2.6095213376030038,-1.2731846539861185,0.4637482402941022,0.0,13.788312914783411,11.582652076990216,229.6556636227546,226.7325116762816,0.0
2.932,2.6147412079110333,-1.305634002488667,0.9447436460739387,0.0,13.698634724737989,11.640976159940546,228.34145387252892,226.7325116762816,0.0
2.9330000000000003,2.6457927293945347,-1.335158419279588,1.5857590992243011,0.0,13.626679954354112,11.746838292719936,227.46119333780433,226.7325116762816,0.0
2.934,2.7091854721427366,-1.3642621127501602,2.0186025499713662,0.0,13.575413036400416,11.869458673746204,227.20823457470868,226.7325116762816,0.0
2.935,2.7912034526017075,-1.3871207347347345,2.1403247025349197,0.0,13.543758259828312,11.975363276725993,229.14619881797285,226.7325116762816,0.0
2.936,2.868647511999815,-1.3982682175760885,1.1472057094859265,0.0,13.526857058104103,11.949352964260365,227.37682347930559,226.7325116762816,0.0
2.9370000000000003,2.8727107889452093,-1.3801737691166327,2.0254502607893166,0.0,13.506943081146797,12.03111913357273,223.19521374861765,226.7325116762816,0.0
2.938,2.9199680437127546,-1.3531301582349675,4.151628105409925,0.0,13.494403266104067,12.322656740398383,223.73847058806197,226.7325116762816,0.0
2.939,3.0916381781662907,-1.359554563810588,3.909940096569959,0.0,13.513248313970314,12.51752800337638,227.1420630246784,226.7325116762816,0.0
2.94,3.2434567527873215,-1.3700015353287873,2.2040483647777735,0.0,13.55078090615898,12.494582092570688,222.84914305129257,226.7325116762816,0.0
2.9410000000000003,3.280680800567925,-1.3274730965360328,4.389342037720581,0.0,13.577483050065826,12.732548793896406,218.92152292881275,226.7325116762816,0.0
2.942,3.4325125085111683,-1.2898409069700292,6.431261986435182,0.0,13.62159739325023,13.135818049713468,223.96644256458418,226.7325116762816,0.0
2.943,3.685994421278078,-1.320007928538679,3.9364628596664377,0.0,13.70532192196611,13.181960017510619,220.7864932443238,226.7325116762816,0.0
2.944,3.7954339635584624,-1.2868658865581935,5.585897704116212,0.0,13.781340899756575,13.428742535033637,218.17798335943974,226.7325116762816,0.0
2.945,3.984269881541502,-1.232090760173026,6.975697929726659,0.0,13.868742388037731,13.77515481940072,221.97658821074776,226.7325116762816,0.0
2.946,4.220171627483452,-1.2412898994815362,5.123954738727983,0.0,13.983604612515267,13.85401543801947,216.14093099199658,226.7325116762816,0.0
2.947,4.360410221037632,-1.1753431795480886,8.147699154946423,0.0,14.087520545821164,14.27453830708657,220.75371947457728,226.7325116762816,0.0
2.948,4.639351297835484,-1.1626611617938305,5.9010928356731185,0.0,14.222361617949545,14.356755210783078,214.31799598393272,226.7325116762816,0.0
2.949,4.792465268005448,-1.0998783682194109,9.243099737918888,0.0,14.345160986119094,14.82026822781183,219.29634978347738,226.7325116762816,0.0
2.95,5.104654797867217,-1.0912589101705485,6.828284457074599,0.0,14.501711406724933,14.91785042145623,212.53967443342296,226.7325116762816,0.0
2.951,5.2895897246363965,-1.0169425927574096,10.0,0.0,14.644276404299672,15.377145353681025,217.0082699748459,226.7325116762816,0.0
2.952,5.606510123405409,-1.0169934989668614,8.20452414074268,0.0,14.819263158196591,15.542535897896355,213.35145903646236,226.7325116762816,0.0
2.953,5.848726642221417,-0.9309291893891265,10.0,0.0,14.983822708009694,15.900868553108644,211.6734135203627,226.7325116762816,0.0
2.954,6.130773469090899,-0.9193692524920571,10.0,0.0,15.167348618399828,16.193266153420964,218.36646140331507,226.7325116762816,0.0
2.955,6.413536750003798,-0.8882629222312763,7.867095253004184,0.0,15.358455600822461,16.211873569939804,219.91969943720338,226.7325116762816,0.0
2.956,6.4767695198754325,-0.9259258837367854,7.1586043584508126,0.0,15.536766615722932,16.18699802024136,223.952670846527,226.7325116762816,0.0
2.957,6.420087205580167,-1.0127657944119353,5.16991706208654,0.0,15.703934734722717,15.977637815619463,232.26160786260547,226.7325116762816,0.0
2.958,6.261440176294007,-1.0197377492627848,0.9601575921840717,0.0,15.83334853728718,15.379628124712633,229.37171776479764,226.7325116762816,0.0
2.959,5.850419236772106,-0.9622366779527525,2.3787105802028297,0.0,15.883625153111904,15.09612503958857,236.91291589322486,226.7325116762816,0.0
2.96,5.53126893079394,-0.9464062107262952,-1.493692526180216,0.0,15.899357458159928,14.436846377239428,232.70478148806228,226.7325116762816,0.0
2.961,5.059055648587049,-0.8718830114349445,0.550651978283268,0.0,15.839549419218462,14.15742269616781,235.17253143620803,226.7325116762816,0.0
2.962,4.736612692935985,-0.8718483035799467,-0.767623193388872,0.0,15.75852123019284,13.765253457680174,235.92499502483577,226.7325116762816,0.0
2.963,4.415883689089148,-0.8715822327399083,-1.2357798211882804,0.0,15.64635001550716,13.397939607664167,236.50438658468073,226.7325116762816,0.0
2.964,4.112020890696996,-0.8801746570692384,-1.6231943501947539,0.0,15.509612364673078,13.048423607053152,236.63659748966046,226.7325116762816,0.0
2.965,3.828594838433684,-0.8928068063278538,-1.7883406608184074,0.0,15.352900491036456,12.734031730306333,236.48825526544613,226.7325116762816,0.0
2.966,3.5733419328147766,-0.9131334482233926,-1.8117269846028865,0.0,15.182530226204738,12.459730380455923,236.1038542317293,226.7325116762816,0.0
2.967,3.3510558975471536,-0.9412003201363845,-1.713239893298943,0.0,15.004650942362627,12.22878851721191,235.60106560592993,226.7325116762816,0.0
2.968,3.163845847395285,-0.9768036956047741,-1.5505311196957487,0.0,14.825101103162716,12.03843625125543,235.01026376663904,226.7325116762816,0.0
2.969,3.010009094124261,-1.0181823450558274,-1.3379077209538779,0.0,14.64866663897208,11.885975656458474,234.35126925803092,226.7325116762816,0.0
2.97,2.886741017355524,-1.0632499898394236,-1.084598042467313,0.0,14.479173216152496,11.768876626280104,233.6536721259249,226.7325116762816,0.0
2.971,2.7911764842377282,-1.1099974513783972,-0.8050110809107403,0.0,14.319610776918486,11.68403904369924,232.99051680343936,226.7325116762816,0.0
2.972,2.7205676290187557,-1.1560972328231007,-0.5360134709395421,0.0,14.172124324693321,11.625334171677235,232.46967959515965,226.7325116762816,0.0
2.973,2.670995595604322,-1.1984436895586876,-0.33296654598846454,0.0,14.037713142914933,11.582143162403222,231.8659569824587,226.7325116762816,0.0
2.974,2.6349217732625303,-1.2350881100057232,-0.08243969269976104,0.0,13.916031400068803,11.55883002061447,230.86891409827132,226.7325116762816,0.0
2.975,2.6115462922018495,-1.2677563822163314,0.3747177251740319,0.0,13.807413583067113,11.575672630846466,229.8358848188382,226.7325116762816,0.0
2.976,2.612139470512035,-1.2996182253417452,0.8601986334650271,0.0,13.714519928810475,11.628501519663637,228.59283292808433,226.7325116762816,0.0
2.977,2.6385337087290925,-1.3301612542217065,1.4631213663239304,0.0,13.63923964360676,11.725327411284225,227.5276053064584,226.7325116762816,0.0
2.978,2.695456293526926,-1.3601515054065305,1.9877842408351238,0.0,13.584163473427012,11.850628832144434,227.21016198173422,226.7325116762816,0.0
2.979,2.7771167108062156,-1.385003451547628,2.141729400142695,0.0,13.549558873914922,11.961166412626616,228.71243329795414,226.7325116762816,0.0
2.98,2.858494172548444,-1.3963890989505003,1.3707945258160108,0.0,13.530472394155172,11.962712570721516,228.331509708939,226.7325116762816,0.0
2.981,2.8756929747434534,-1.3884399465393151,1.5452663399970068,0.0,13.512460914941624,11.988018619710095,224.1150154325146,226.7325116762816,0.0
2.982,2.899057417294554,-1.351999296990536,3.679688440646869,0.0,13.494852208622039,12.239636528149468,222.89839518292194,226.7325116762816,0.0
2.983,3.042633087317555,-1.3481399882779137,4.326339730376798,0.0,13.504106046315446,12.498559516699718,226.18056897642327,226.7325116762816,0.0
2.984,3.2179030790500716,-1.3708460216017726,2.6907722606247173,0.0,13.54086305584729,12.52829271320391,224.158640581986,226.7325116762816,0.0
2.985,3.287421864925428,-1.3475405525634492,3.7274751687863144,0.0,13.574127022148913,12.6832269190772,218.52563443536351,226.7325116762816,0.0
2.986,3.403944797051825,-1.303544993890963,6.626047014506733,0.0,13.614951555644112,13.1223476402658,223.84269455987393,226.7325116762816,0.0
2.987,3.6707004344998233,-1.3262737444509929,3.9964151234156007,0.0,13.69854582605698,13.17521562540982,222.57815543925102,226.7325116762816,0.0
2.988,3.78136118021878,-1.301725453499031,4.670228246097364,0.0,13.776139868432649,13.322066875832022,216.55910811122683,226.7325116762816,0.0
2.989,3.9190472279019026,-1.2298790125678545,7.781485945760004,0.0,13.85300200602006,13.783453763397688,222.95855353132467,226.7325116762816,0.0
2.99,4.2026836440756,-1.2473913589170962,4.619502817160656,0.0,13.97096144111302,13.7976343095207,216.5985363273058,226.7325116762816,0.0
2.991,4.316592862054617,-1.1861186209245762,7.900851172659852,0.0,14.071627862666322,14.20506724511566,220.2226738819807,226.7325116762816,0.0
2.992,4.588624911030746,-1.1580719047197021,6.153880773265402,0.0,14.200498524221176,14.328058868610487,215.39519155389053,226.7325116762816,0.0
2.993,4.750095431576166,-1.1158386536501466,8.680995138534405,0.0,14.32441609151443,14.732049243314615,218.63253010312548,226.7325116762816,0.0
2.994,5.045370790763737,-1.0840506349642849,7.143325679648491,0.0,14.473266590004016,14.882751968842335,212.9850174603133,226.7325116762816,0.0
2.995,5.239304413845364,-1.0342265771321706,10.0,0.0,14.617139545022747,15.344500396546668,217.72946722808095,226.7325116762816,0.0
2.996,5.570988157293134,-1.024485449342246,7.820271364948159,0.0,14.792226763831463,15.47157850837478,212.21032957264697,226.7325116762816,0.0
2.997,5.788951658948831,-0.9421470817447,10.0,0.0,14.953553262784286,15.844365819359528,213.2189419275068,226.7325116762816,0.0
2.998,6.07484430233106,-0.9263121369769081,10.0,0.0,15.135107382691825,16.144941207035078,215.07334756087897,226.7325116762816,0.0
2.999,6.3761038763674645,-0.8722855881004911,9.523951312083533,0.0,15.322779058447438,16.350969485552827,217.41751007431415,226.7325116762816,0.0
3.0,6.53925571795382,-0.9469352041757682,8.445020071385617,0.0,15.521038117736303,16.426306047362623,226.42925594719503,226.7325116762816,0.0
3.001,6.566402882597128,-1.0628098884946442,3.942179692236043,0.0,15.719004646391591,16.028057059925956,229.58316885361498,226.7325116762816,0.0
3.0020000000000002,6.338605776851801,-1.0298877816110394,2.336716667252736,0.0,15.852569444837293,15.583186248420231,230.2923162127698,226.7325116762816,0.0
3.003,5.973191562643031,-1.000663888456585,1.946544942310441,0.0,15.9254052751097,15.207212330921346,233.41254587113232,226.7325116762816,0.0
3.004,5.628043026626979,-0.955805940547095,0.3196297711806748,0.0,15.94871799526648,14.735372633444412,235.25101273550757,226.7325116762816,0.0
3.005,5.227482586474257,-0.9316817748800186,-0.6847886715992093,0.0,15.920310394915605,14.259441463793001,235.7360548650557,226.7325116762816,0.0
3.0060000000000002,4.835828411642566,-0.8828319301728109,-1.0173451682610173,0.0,15.842018196373552,13.840801975696607,236.9416987784653,226.7325116762816,0.0
3.007,4.46927295036505,-0.8711928247977397,-1.722258995987656,0.0,15.728899465731883,13.418386819464537,236.80460747792037,226.7325116762816,0.0
3.008,4.126066818244105,-0.8567151950662836,-1.7544343037315744,0.0,15.583374944314462,13.064498280137471,237.04221011361182,226.7325116762816,0.0
3.009,3.82719884830195,-0.8649638871712425,-1.9763326059505992,0.0,15.418066153534939,12.736802497807147,236.69163661574913,226.7325116762816,0.0
3.0100000000000002,3.5624190789322734,-0.882783980919269,-1.900637106413933,0.0,15.238396386991564,12.462027997534372,236.33652870317007,226.7325116762816,0.0
3.011,3.339412463750901,-0.9118464483677278,-1.8191233203932882,0.0,15.0522348175571,12.226856462077695,235.81024979966574,226.7325116762816,0.0
3.012,3.151971364170805,-0.9496169798984315,-1.6467612498749626,0.0,14.865036385314312,12.03311906792204,235.07982291219207,226.7325116762816,0.0
3.013,2.997979744280144,-0.9942183082454118,-1.3650209184972328,0.0,14.681712497683094,11.88436805289621,234.3590318316009,226.7325116762816,0.0
3.0140000000000002,2.8788113777393125,-1.0426851730340578,-1.0808905797548412,0.0,14.5067312391557,11.772165288678321,233.71142238764736,226.7325116762816,0.0
3.015,2.7882755193855506,-1.0942451604645087,-0.8268749648917275,0.0,14.343214760028717,11.687552350030499,233.04602428442647,226.7325116762816,0.0
3.016,2.7203589667312444,-1.1441120854239055,-0.5573110393627294,0.0,14.192558396820878,11.628726395202754,232.5005489586409,226.7325116762816,0.0
3.017,2.672186789357502,-1.1895793369901875,-0.34225374929354224,0.0,14.055587802873752,11.586297836173895,231.95046388928537,226.7325116762816,0.0
3.0180000000000002,2.637444843771438,-1.2288246643565408,-0.11939073674581424,0.0,13.931933725913085,11.560119324373494,230.98780766904014,226.7325116762816,0.0
3.019,2.613168912243013,-1.263261503300429,0.31938441344921875,0.0,13.821422804478608,11.572552825465309,229.9556899051548,226.7325116762816,0.0
3.02,2.6116769350168143,-1.2953794423032774,0.8032115131031561,0.0,13.726394930197635,11.621446471944076,228.78764108911696,226.7325116762816,0.0
3.021,2.6350336224224105,-1.327065573551151,1.3666846269937216,0.0,13.64892350303987,11.710507582491408,227.69173719389448,226.7325116762816,0.0
3.0220000000000002,2.6876049421757613,-1.3560397381711977,1.9050443194288316,0.0,13.590975626448344,11.83095099599838,227.12385894420197,226.7325116762816,0.0
3.023,2.7645733224291877,-1.382274220822492,2.185069971595884,0.0,13.553462930312111,11.951033696679183,228.26387216104868,226.7325116762816,0.0
3.024,2.849849437672491,-1.3963995845982882,1.599749758324858,0.0,13.533001219046405,11.979560688822572,229.07252956622403,226.7325116762816,0.0
3.025,2.881864902024745,-1.3957263847886017,1.1720208768377574,0.0,13.517223072504787,11.959322895867862,224.6635829342307,226.7325116762816,0.0
3.0260000000000002,2.8858864464446565,-1.3535604801486079,3.3971834802549314,0.0,13.496367443809557,12.188454027502553,222.24325216665525,226.7325116762816,0.0
3.027,3.0111465040537313,-1.3444267201005156,4.652241459138921,0.0,13.499927436588424,12.494652843854523,225.88626184233934,226.7325116762816,0.0
3.028,3.205602575306873,-1.3744259758621964,2.839199119636301,0.0,13.53714256745887,12.538464973453296,225.51487722979832,226.7325116762816,0.0
3.029,3.2868415761265997,-1.359383296062975,3.0370677703716447,0.0,13.573062710866617,12.614521648777515,219.42890432352402,226.7325116762816,0.0
3.0300000000000002,3.365594970453979,-1.3037614252587817,6.153090297036367,0.0,13.607028528475546,13.019497978968039,222.62469074331534,226.7325116762816,0.0
3.031,3.6077289746084906,-1.3084795818117894,4.59627529647037,0.0,13.679170613271502,13.159116176057772,224.030853949853,226.7325116762816,0.0
3.032,3.7542676270417763,-1.29911478418054,3.9202102704658284,0.0,13.756982999991873,13.219489847337174,217.26548250272796,226.7325116762816,0.0
3.033,3.8552020192203083,-1.2246375231727138,7.397566285763881,0.0,13.824952664433596,13.661239805488195,221.37957325534333,226.7325116762816,0.0
3.0340000000000003,4.125742462801855,-1.2253472697963548,5.39405029366558,0.0,13.931123202984924,13.781701310112306,218.07586523863063,226.7325116762816,0.0
3.035,4.281447016326612,-1.196877410552184,7.132470766398441,0.0,14.035584056160438,14.097573033598833,218.12321034814502,226.7325116762816,0.0
3.036,4.5285777147858255,-1.1491247767539396,7.19489122492261,0.0,14.156217905241693,14.356158384469321,218.3002532664116,226.7325116762816,0.0
3.037,4.743759591621624,-1.1397700682818965,7.19069234988802,0.0,14.290095412907924,14.578663804854497,215.49096962173044,226.7325116762816,0.0
3.0380000000000003,4.972329797368213,-1.0670632474195116,8.70774959277411,0.0,14.42493150863591,14.936233815571821,216.32113862776455,226.7325116762816,0.0
3.039,5.2362109066570754,-1.067939030615936,8.396778820242226,0.0,14.582864400223057,15.19541185741854,216.18717189643266,226.7325116762816,0.0
3.04,5.504060616265079,-1.0039247614403868,8.569215583706661,0.0,14.74387147939489,15.439718478981712,211.48106337361224,226.7325116762816,0.0
3.041,5.734499743728298,-0.9716346107908216,10.0,0.0,14.910296738926153,15.808687257538498,215.4190242837735,226.7325116762816,0.0
3.0420000000000003,6.043635742394556,-0.9345963929607368,9.197443060425147,0.0,15.093225047905165,16.023112008097915,211.8568257610242,226.7325116762816,0.0
3.043,6.30784141869853,-0.8546859944579697,10.0,0.0,15.27088323938521,16.304722682841497,216.07862906868036,226.7325116762816,0.0
3.044,6.496172901489656,-0.9420041312755916,9.100390369581255,0.0,15.46934077822657,16.450881074172926,227.67996629955277,226.7325116762816,0.0
3.045,6.5837586927055955,-1.0516241001379893,3.2902472079123357,0.0,15.673753417523628,15.964398606570116,226.6708241328534,226.7325116762816,0.0
3.0460000000000003,6.325616271513163,-1.0076332459456323,3.795435166696306,0.0,15.803141352480917,15.689949280983546,230.91202734199675,226.7325116762816,0.0
3.047,6.033575798811178,-1.0175666948905866,1.63303840546748,0.0,15.893678149309691,15.242511185913646,233.3919342888179,226.7325116762816,0.0
3.048,5.681710211080594,-0.9576252679976833,0.32649070593153695,0.0,15.923724565500923,14.762559110620288,234.23320311331378,226.7325116762816,0.0
3.049,5.2720585870523395,-0.9276139938270709,-0.16915062068672038,0.0,15.900069306653862,14.333694838308546,235.48696507304317,226.7325116762816,0.0
3.0500000000000003,4.899186415315611,-0.8883648792980285,-0.8835761345190303,0.0,15.831875856603842,13.90864049673866,236.4267652028436,226.7325116762816,0.0
3.051,4.534547148338195,-0.8771749280195916,-1.4504187346848658,0.0,15.7271579139065,13.500445411090988,236.55331327047296,226.7325116762816,0.0
3.052,4.197472297555599,-0.8653611151823053,-1.6119007844414583,0.0,15.5909046370148,13.143935281183087,236.94540334392713,226.7325116762816,0.0
3.053,3.8971622495996114,-0.8738839866403512,-1.9100747378449983,0.0,15.433681328810248,12.807929878967325,236.683844702043,226.7325116762816,0.0
3.0540000000000003,3.626084178143702,-0.8891255360351719,-1.8788087471605444,0.0,15.260171152923418,12.523039172042596,236.313206754777,226.7325116762816,0.0
3.055,3.3937390127012477,-0.9159047767200238,-1.7892967243125106,0.0,15.07831622491419,12.281667368312208,235.79853180269575,226.7325116762816,0.0
3.056,3.198834169625212,-0.9516391988096127,-1.6226194495360198,0.0,14.894172603355852,12.082802713234809,235.2155739218352,226.7325116762816,0.0
3.057,3.0393664356337533,-0.9938043608857051,-1.4159711315612746,0.0,14.712837702053076,11.922067106047066,234.5856871533674,226.7325116762816,0.0
3.0580000000000003,2.9109653892166616,-1.0405382564808157,-1.179559502098233,0.0,14.538281807056507,11.795739803274982,233.88269305846768,226.7325116762816,0.0
3.059,2.8099749879803504,-1.088902464407842,-0.8995642684702401,0.0,14.373401495198408,11.70284993435672,233.18700263349157,226.7325116762816,0.0
3.06,2.734239543938287,-1.1370833616104143,-0.6162639655542863,0.0,14.220536484247305,11.638445096961208,232.60854988295216,226.7325116762816,0.0
3.061,2.6806296482361494,-1.182326134682618,-0.38579797235128543,0.0,14.081012386717678,11.592852232520126,232.12288474968412,226.7325116762816,0.0
3.0620000000000003,2.643018326209268,-1.2216500281176317,-0.19686913645128934,0.0,13.954754613044036,11.559944903253093,231.2459138841405,226.7325116762816,0.0
3.063,2.6147250289574004,-1.2559035771251341,0.19648227424193498,0.0,13.84120653526753,11.561818045840091,230.18708437312728,226.7325116762816,0.0
3.064,2.6067527860730677,-1.2873018715543634,0.6913513027800855,0.0,13.742311856424513,11.603245159167763,229.0332950024146,226.7325116762816,0.0
3.065,2.624258461064133,-1.3192315342396395,1.245238154875092,0.0,13.660647636749651,11.684613610045572,227.71347380152346,226.7325116762816,0.0
3.0660000000000003,2.6711342182135773,-1.348824496211017,1.895339134068244,0.0,13.598222613320063,11.810669756521884,227.26414893796064,226.7325116762816,0.0
3.067,2.7500236306811647,-1.3771896212189554,2.1146851932328645,0.0,13.55746994101222,11.92729576492384,228.18709986774698,226.7325116762816,0.0
3.068,2.8344846216069204,-1.3927570546308858,1.6386638464250414,0.0,13.533883903200591,11.96512628163716,229.29402243245812,226.7325116762816,0.0
3.069,2.8708728441630975,-1.3961029428559224,1.059587456507706,0.0,13.516651894212089,11.934718858903224,224.9166872051439,226.7325116762816,0.0
3.0700000000000003,2.8704220466737613,-1.3552026835381772,3.2664133148762,0.0,13.493569856441844,12.154584055812935,222.19668914087606,226.7325116762816,0.0
3.071,2.988916258068055,-1.3461716106330055,4.671770572364169,0.0,13.494198126713199,12.469636697766372,225.76606770652123,226.7325116762816,0.0
3.072,3.185867426781463,-1.3782801914553418,2.8967457292391887,0.0,13.529891088772274,12.523460910788444,226.0620623216516,226.7325116762816,0.0
3.073,3.272901890948094,-1.3662948120482823,2.7554529152202973,0.0,13.565757698384651,12.570075758232193,220.15884013938035,226.7325116762816,0.0
3.074,3.337756183593531,-1.306736054979839,5.772800721724942,0.0,13.596267522296701,12.942673341199175,222.15405574956432,226.7325116762816,0.0
3.075,3.559853501222188,-1.3024240390938704,4.820977475900127,0.0,13.661107387937472,13.12240595114218,224.4157256314307,226.7325116762816,0.0
3.076,3.720927651538952,-1.2986141454447973,3.7133103954154523,0.0,13.737060559865935,13.162826956901348,217.539792053505,226.7325116762816,0.0
3.077,3.813490586008162,-1.228016789307421,7.243204380606057,0.0,13.801732904938842,13.59759500716481,220.99459249960879,226.7325116762816,0.0
3.078,4.0803687117337475,-1.2248748583411082,5.573183349320898,0.0,13.903775181685887,13.74792126913082,219.22183084245393,226.7325116762816,0.0
3.079,4.2470614903320385,-1.2066079392424565,6.534670986236605,0.0,14.008667915163638,14.000215558559958,216.68463936484554,226.7325116762816,0.0
3.08,4.4675219200040726,-1.1458752031265245,7.903745448155159,0.0,14.121802872454763,14.356169287357897,219.11759173570692,226.7325116762816,0.0
3.081,4.723068629471982,-1.152789666347189,6.763418462130213,0.0,14.260587625212002,14.522808892178475,213.45642413845712,226.7325116762816,0.0
3.082,4.93242393391123,-1.0795210335449812,9.726763136133357,0.0,14.394029168935127,15.003560579399688,218.5081040912658,226.7325116762816,0.0
3.083,5.251319781532863,-1.1046005626171091,7.283167235579175,0.0,14.565693161534018,15.118167266276103,213.7379145599944,226.7325116762816,0.0
3.084,5.4641579227653345,-1.0132389338561225,9.798207972377746,0.0,14.721350849106226,15.519346886718795,214.7991876455049,226.7325116762816,0.0
3.085,5.749960743361667,-1.010770996790721,9.386904669930265,0.0,14.902202873175899,15.79627061438396,216.4466132237575,226.7325116762816,0.0
3.086,6.035831410066779,-0.9500304443197325,8.666050865329202,0.0,15.08600528620397,15.959818541076334,209.56521422602026,226.7325116762816,0.0
3.087,6.254227188929895,-0.8682786661572588,10.0,0.0,15.259396960525308,16.25817003025419,217.72810762830963,226.7325116762816,0.0
3.088,6.4565894535712625,-0.9238828807502961,8.241452211261468,0.0,15.452218597719154,16.31716989851652,225.87671553260995,226.7325116762816,0.0
3.089,6.517614360605761,-0.9865237497346828,4.175706220548023,0.0,15.637992511462201,15.955216245453524,224.6771719389851,226.7325116762816,0.0
3.09,6.302200674036782,-0.9822747407148813,4.796031414733408,0.0,15.767899868842623,15.781234334931597,232.54230480352578,226.7325116762816,0.0
3.091,6.083770578141102,-1.0172527462529422,0.8053670511906308,0.0,15.871308370132194,15.214338192951185,231.32523626774898,226.7325116762816,0.0
3.092,5.694195740550626,-0.941764872733942,1.3679740731643593,0.0,15.899032960952301,14.8569348625263,234.46758284713982,226.7325116762816,0.0
3.093,5.334205604400582,-0.9328969843141226,-0.2805499282396462,0.0,15.88802417065691,14.38678378045234,234.70620637654713,226.7325116762816,0.0
3.094,4.957058964148542,-0.8889851677091745,-0.47959863994595464,0.0,15.826359530241323,13.995023038348805,236.3775192982456,226.7325116762816,0.0
3.095,4.605656574203774,-0.8844533090217603,-1.4117051770148308,0.0,15.731625893367372,13.570613470944954,236.27068565820525,226.7325116762816,0.0
3.096,4.263570672804775,-0.8699268279203187,-1.4536700968138927,0.0,15.602372069106144,13.217991846041327,236.80253234753036,226.7325116762816,0.0
3.097,3.961837761365853,-0.8782868610622694,-1.8202936481889336,0.0,15.451846333237306,12.877567820992965,236.65980986573476,226.7325116762816,0.0
3.098,3.686569704227544,-0.8923980866291412,-1.8482053891856642,0.0,15.283799402931459,12.583991726037498,236.3613665107497,226.7325116762816,0.0
3.099,3.4471844981247326,-0.9168625583770253,-1.795272260037811,0.0,15.105749535797248,12.332650001263149,235.88987310881564,226.7325116762816,0.0
3.1,3.243673396712828,-0.9502784771923398,-1.651099173396124,0.0,14.923801589251221,12.123959539586197,235.31615411911974,226.7325116762816,0.0
3.101,3.075620827205266,-0.9901329211121245,-1.4500761029765599,0.0,14.743229220835127,11.95506480793379,234.70460656497693,226.7325116762816,0.0
3.102,2.939763544562463,-1.035202838501604,-1.224023274792105,0.0,14.568383762569052,11.82112166839674,234.0159003533608,226.7325116762816,0.0
3.103,2.832168693694915,-1.0825012478301381,-0.9525040557548285,0.0,14.402380662028117,11.721171743568044,233.31509564168366,226.7325116762816,0.0
3.104,2.750522729950284,-1.130172842707979,-0.6679275395702811,0.0,14.247753770401687,11.651109833261284,232.70964825065215,226.7325116762816,0.0
3.105,2.6919988039551375,-1.1756223708472524,-0.42497520979823467,0.0,14.106106109053762,11.60209158815766,232.25716412574997,226.7325116762816,0.0
3.106,2.65119098002831,-1.2155798795040966,-0.2539796718418259,0.0,13.97766222000113,11.564094008679088,231.43335807107644,226.7325116762816,0.0
3.107,2.619223741505582,-1.2506139553057032,0.11091489154698841,0.0,13.861717135157512,11.558588562834545,230.34450716986927,226.7325116762816,0.0
3.108,2.6068150929879716,-1.2813825677951436,0.6192203872146949,0.0,13.759850220829621,11.595349090931368,229.2877329252344,226.7325116762816,0.0
3.109,2.6202173694504998,-1.314275205278337,1.122055297042607,0.0,13.675156554742463,11.66687732301406,227.9481462794291,226.7325116762816,0.0
3.11,2.6608067979204657,-1.3437603740444766,1.7796922739137808,0.0,13.608999520661731,11.785764269270242,227.30540183044707,226.7325116762816,0.0
3.111,2.73390717335346,-1.3726157434487907,2.095335596863141,0.0,13.564226123561502,11.906656066235524,227.5840659681089,226.7325116762816,0.0
3.112,2.8187956769361575,-1.3908858762657386,1.9474879851139577,0.0,13.537740406783653,11.982954941632585,229.62648797989016,226.7325116762816,0.0
3.113,2.8768165073086096,-1.4009521009168349,0.8973372161872373,0.0,13.522457732606737,11.92940384304256,225.76012849627762,226.7325116762816,0.0
3.114,2.8675062753223015,-1.3642206332200133,2.840240789793548,0.0,13.499207092295352,12.105504821502027,222.33002825960324,226.7325116762816,0.0
3.115,2.9599505496050096,-1.3485109447705315,4.59931574229752,0.0,13.494530862808578,12.425477874632822,225.2610497136754,226.7325116762816,0.0
3.116,3.154524941812511,-1.3740852723072425,3.1485196348875064,0.0,13.525289834497094,12.515328937761723,227.0714316641258,226.7325116762816,0.0
3.117,3.259196094144679,-1.3684826843763978,2.2399394597838542,0.0,13.561085987381892,12.504266850724822,220.91822093075754,226.7325116762816,0.0
3.118,3.297580838913553,-1.3048927821698553,5.3746877339232295,0.0,13.585257452911101,12.848623089185196,221.05814950236342,226.7325116762816,0.0
3.119,3.500303173006256,-1.2891304456028259,5.361467069859472,0.0,13.640349437733125,13.106243485261544,224.46023956551446,226.7325116762816,0.0
3.12,3.694996926525396,-1.2994277919756634,3.6831447593916256,0.0,13.716984595147258,13.139738703155452,218.25107707678401,226.7325116762816,0.0
3.121,3.7891624482773762,-1.2426298837852219,6.872540349751823,0.0,13.7829550152447,13.536753383188163,220.38648088297776,226.7325116762816,0.0
3.122,4.042317225193235,-1.227212786616424,5.868298754587985,0.0,13.880901959728998,13.731397735612491,220.6709944319619,226.7325116762816,0.0
3.123,4.2239663618416206,-1.218203131727523,5.786657152539114,0.0,13.987681753941215,13.899984329706921,214.8998859234365,226.7325116762816,0.0
3.124,4.405099861793435,-1.1456213315428905,8.790537664330266,0.0,14.092748326670229,14.375525322502426,220.62341323658808,226.7325116762816,0.0
3.125,4.71018139062563,-1.169916932466958,5.989864992151412,0.0,14.238260675509384,14.444158441061676,213.88869927428502,226.7325116762816,0.0
3.126,4.87822254603723,-1.0937697405982811,9.485660097322908,0.0,14.367465954205754,14.917589959132613,218.94984213648075,226.7325116762816,0.0
3.1270000000000002,5.189938088244264,-1.0982612214149798,7.032915361623049,0.0,14.532349391648106,15.019230683198733,212.89994950748732,226.7325116762816,0.0
3.128,5.384792162754406,-1.013569376561108,10.0,0.0,14.681547540010742,15.459785643406901,215.9334091875988,226.7325116762816,0.0
3.129,5.6895888789363,-1.0145712285781399,8.783524736682637,0.0,14.860838491728343,15.676142699046924,215.3014933312112,226.7325116762816,0.0
3.13,5.954352909227566,-0.9372361343752512,9.213792848327152,0.0,15.035319174955696,15.922211313038561,209.21216358052303,226.7325116762816,0.0
3.1310000000000002,6.19318758662876,-0.8932309065367556,10.0,0.0,15.212891427139269,16.21967706531011,217.92856667879818,226.7325116762816,0.0
3.132,6.437949904775013,-0.8991424281874186,8.114825881373502,0.0,15.403543348991603,16.26538673478515,221.81169290211653,226.7325116762816,0.0
3.133,6.500756519678132,-0.954566712143982,6.2224709574559744,0.0,15.58573860162492,16.131822224595375,224.84256787673309,226.7325116762816,0.0
3.134,6.3882962372310175,-1.0222981103578526,4.725932908143184,0.0,15.743254088939887,15.89713675172088,232.96809773870123,226.7325116762816,0.0
3.1350000000000002,6.194604620577029,-1.0241710955551078,0.6008121165349145,0.0,15.861078194625474,15.283054943289033,230.2440435466113,226.7325116762816,0.0
3.136,5.766597673344447,-0.9596078687331077,1.927723893876586,0.0,15.898591024096921,14.974519077721629,236.1706228999633,226.7325116762816,0.0
3.137,5.425238862942758,-0.9474105211215668,-1.1299468950362295,0.0,15.900802908095425,14.384244576776153,233.78480131475922,226.7325116762816,0.0
3.138,4.990301353323022,-0.8765055256351244,-0.007558998818970153,0.0,15.836088577572152,14.051687628752251,235.98689192839186,226.7325116762816,0.0
3.1390000000000002,4.649606738934722,-0.875335218185747,-1.20114810815639,0.0,15.745170301434243,13.63652329397564,236.02809276425708,226.7325116762816,0.0
3.14,4.315627756912076,-0.864400303085145,-1.3147043369687577,0.0,15.62063628184589,13.28655901286552,236.68840714443107,226.7325116762816,0.0
3.141,4.016894012205707,-0.8758606151305547,-1.744420481737245,0.0,15.474929219581364,12.942525466368638,236.61182999547896,226.7325116762816,0.0
3.142,3.740233426241847,-0.8902280159385295,-1.804925090453163,0.0,15.310855319862016,12.643411549792894,236.39430624589815,226.7325116762816,0.0
3.1430000000000002,3.49665481183768,-0.9142557433968237,-1.792781161358925,0.0,15.135776794469376,12.38376955491513,235.96225399721462,226.7325116762816,0.0
3.144,3.2869442431657236,-0.9461400947439038,-1.6690524602264887,0.0,14.955508923501814,12.166705001229376,235.42850581732256,226.7325116762816,0.0
3.145,3.111820572393369,-0.9848990282413217,-1.4891383116908692,0.0,14.775506023433671,11.989039883241276,234.8186636118564,226.7325116762816,0.0
3.146,2.968884804692226,-1.028611211996469,-1.2650787283135418,0.0,14.600157652451632,11.847960097470724,234.14671925200608,226.7325116762816,0.0
3.1470000000000002,2.855139822305622,-1.0751505612213326,-1.003248624145622,0.0,14.43291834656792,11.741096759189233,233.44954582779405,226.7325116762816,0.0
3.148,2.76786395625468,-1.122532239344031,-0.7218322535547337,0.0,14.27646322854568,11.66499621931258,232.8187961896278,226.7325116762816,0.0
3.149,2.704342954843978,-1.1682823501741146,-0.4673202796050635,0.0,14.132602263748085,11.612156926544595,232.35806687218331,226.7325116762816,0.0
3.15,2.660033106372145,-1.209071833478701,-0.29321117284184295,0.0,14.001872808208649,11.571061221895889,231.60023311434503,226.7325116762816,0.0
3.1510000000000002,2.6256106978450107,-1.2449292109184054,0.037028491696665,0.0,13.883643144443612,11.55893078064299,230.5467590275147,226.7325116762816,0.0
3.152,2.6090858570820226,-1.2760643673633165,0.5256230615995015,0.0,13.77908969636433,11.588106931581457,229.54824976388582,226.7325116762816,0.0
3.153,2.6173021304402715,-1.3090520832196444,0.9967203125378967,0.0,13.691226505366572,11.649775836045308,228.22145180652814,226.7325116762816,0.0
3.154,2.651132757185045,-1.3383170012824421,1.6452298899142734,0.0,13.621205787743317,11.759477405756673,227.41523158507235,226.7325116762816,0.0
3.1550000000000002,2.717259574989538,-1.3672974979553172,2.0415128015542603,0.0,13.572052504306914,11.881377127550165,227.3790957758161,226.7325116762816,0.0
3.156,2.7995406537319925,-1.3893405121410691,2.053114865187041,0.0,13.542139447987203,11.975095296220246,229.22205915430615,226.7325116762816,0.0
3.157,2.869992968202566,-1.398372331132616,1.1067377011617685,0.0,13.525362584113685,11.945305889907901,226.8701180473461,226.7325116762816,0.0
3.158,2.8715546319291696,-1.3757036736631858,2.281332190931151,0.0,13.504700595484731,12.056019643489108,222.65987778827207,226.7325116762816,0.0
3.1590000000000003,2.932344678055297,-1.3539314041086876,4.427178659348259,0.0,13.495007918000491,12.371221701040874,224.2530731038695,226.7325116762816,0.0
3.16,3.1195516738085907,-1.3678308772152703,3.6553753872736676,0.0,13.519551378757122,12.527592591405064,227.57106268063177,226.7325116762816,0.0
3.161,3.2562012338720665,-1.3723213955802815,1.9879950888490296,0.0,13.557632544763596,12.481927557053089,222.1147921419208,226.7325116762816,0.0
3.162,3.2798131479962116,-1.3176154251238184,4.762307553548129,0.0,13.581276528800366,12.76525450188508,219.55986436083995,226.7325116762816,0.0
3.1630000000000003,3.4503152718893446,-1.2857878960535631,6.111497917242962,0.0,13.627934840423483,13.124761851509986,223.9111038845498,226.7325116762816,0.0
3.164,3.6861549251792667,-1.3121844078885472,3.9640922333053625,0.0,13.70909994743934,13.179040427841668,219.8964316754749,226.7325116762816,0.0
3.165,3.7979006104225856,-1.2740631732196124,6.039789137850874,0.0,13.783119100454845,13.475874744737288,219.31464121640403,226.7325116762816,0.0
3.166,4.010599114876471,-1.2329683164468057,6.404863071985086,0.0,13.875280547960042,13.74754933031671,221.83722637601014,226.7325116762816,0.0
3.1670000000000003,4.2164245221995635,-1.2317843824376313,5.192523345184746,0.0,13.98567402509938,13.843750683038325,215.5040993692597,226.7325116762816,0.0
3.168,4.360572760081188,-1.1590288871765353,8.47137097163018,0.0,14.086657024658319,14.300369832284966,220.75863548966745,226.7325116762816,0.0
3.169,4.654715090287761,-1.1608494509389586,5.9038416732924475,0.0,14.224131456152499,14.375294493537327,214.022729120148,226.7325116762816,0.0
3.17,4.813354442465355,-1.0950970181326452,9.39889268361351,0.0,14.348099937376189,14.852096130495099,219.20540189196194,226.7325116762816,0.0
3.1710000000000003,5.130765095390259,-1.0937572295254991,6.882827395549736,0.0,14.507861881754554,14.948567981789266,212.5753659412682,226.7325116762816,0.0
3.172,5.319721002468535,-1.0162296882086361,10.0,0.0,14.652780185165721,15.401807438512659,216.7237683829939,226.7325116762816,0.0
3.173,5.632520582818108,-1.0172884664200672,8.358514703751828,0.0,14.829422344924534,15.57996127650536,213.9314785110956,226.7325116762816,0.0
3.174,5.880950619536852,-0.9318494352135347,9.88266997135284,0.0,14.996806791291908,15.9178365708377,210.9517968073013,226.7325116762816,0.0
3.1750000000000003,6.154712801440679,-0.9156793969054471,10.0,0.0,15.180316008553948,16.208697991206485,217.71010192933184,226.7325116762816,0.0
3.176,6.423169184864289,-0.9013315579455465,8.210783148955226,0.0,15.37314388422416,16.264044457005642,222.1517536872289,226.7325116762816,0.0
3.177,6.50354933316876,-0.944659283437536,6.035764849897223,0.0,15.557133147100979,16.105621966926716,222.9490031684345,226.7325116762816,0.0
3.178,6.389448699464147,-0.9944863747076931,5.6749751943728945,0.0,15.71192893746702,15.976858844216817,232.6613128626918,226.7325116762816,0.0
3.1790000000000003,6.236857776997618,-1.0358638947779706,0.7595323353801433,0.0,15.842422092820506,15.355004790014831,229.9135602039733,226.7325116762816,0.0
3.18,5.831545834851756,-0.9579002197489939,2.1015981794624747,0.0,15.888690747764542,15.048225532618748,234.63977726638163,226.7325116762816,0.0
3.181,5.4897750765902185,-0.95369470130625,-0.34058300764268745,0.0,15.899971641196167,14.528232141421604,234.0940653356808,226.7325116762816,0.0
3.182,5.091995010486713,-0.8939935759395058,-0.14134257888626278,0.0,15.851600037558988,14.148042537410365,236.11008055576724,226.7325116762816,0.0
3.1830000000000003,4.735354148390336,-0.8876333864156952,-1.2431258777243417,0.0,15.769944024290458,13.71309886044634,235.9725094483348,226.7325116762816,0.0
3.184,4.384595630384349,-0.8681713987368351,-1.2667403017286487,0.0,15.65088202790294,13.356921224559471,236.69857618326816,226.7325116762816,0.0
3.185,4.075520321319527,-0.875309196189418,-1.7294343142651987,0.0,15.509088245162062,13.004285654300627,236.68321261773798,226.7325116762816,0.0
3.186,3.7901901564129235,-0.8863863837043628,-1.8212595409146726,0.0,15.347357396321499,12.695555993036578,236.4981862690872,226.7325116762816,0.0
3.1870000000000003,3.538205988946731,-0.9078836635171027,-1.8264031125173386,0.0,15.173180595142851,12.4267436291773,236.07272386122864,226.7325116762816,0.0
3.188,3.320662085203924,-0.9379738886708895,-1.7070740304375285,0.0,14.992635189664924,12.201982444067935,235.53990214209512,226.7325116762816,0.0
3.189,3.1391444226164062,-0.9752845628786985,-1.5287370755289023,0.0,14.811471478135166,12.017858114988066,234.95480057125874,226.7325116762816,0.0
3.19,2.990853977843384,-1.0185599201042288,-1.3184091790604873,0.0,14.634398887403137,11.869879319024802,234.2851598804877,226.7325116762816,0.0
3.1910000000000003,2.8720640490780687,-1.0648941530962384,-1.0591153157170252,0.0,14.464899688204849,11.756994177304211,233.5824833863187,226.7325116762816,0.0
3.192,2.7803408795500753,-1.1124714376589695,-0.7762767857328972,0.0,14.305832053726311,11.675868578861099,232.92604102490057,226.7325116762816,0.0
3.193,2.7130110465154758,-1.1590083049859685,-0.5099908985100221,0.0,14.159201905411658,11.619900889047646,232.41827780148432,226.7325116762816,0.0
3.194,2.665970376473534,-1.2013597778337248,-0.312966948053925,0.0,14.025831296287102,11.578377904436284,231.78153454365824,226.7325116762816,0.0
3.1950000000000003,2.6310465496575004,-1.238571224609044,-0.04508554781464991,0.0,13.905315194030674,11.558538086144702,230.72552207199408,226.7325116762816,0.0
3.196,2.61039801286879,-1.2703622725041277,0.4429905840603059,0.0,13.797991620971446,11.581562300739087,229.74863919496386,226.7325116762816,0.0
3.197,2.614507798313091,-1.3033208670706535,0.9012707473885939,0.0,13.707010361600938,11.636423231448711,228.47206928434753,226.7325116762816,0.0
3.198,2.6433145593641063,-1.3332835730271826,1.5221601266161002,0.0,13.633579632948003,11.737287327370902,227.54675235186775,226.7325116762816,0.0
3.1990000000000003,2.7034042498346547,-1.3623191431466688,1.9766761861001254,0.0,13.580472672406154,11.85818801524529,226.86072556462625,226.7325116762816,0.0
3.2,2.7829341924851034,-1.386556624256984,2.3184074408374302,0.0,13.54714224392687,11.986585818917481,228.6438338711347,226.7325116762816,0.0
3.201,2.871982849975475,-1.401732896092779,1.4077400656346803,0.0,13.53141165375357,11.986220022657408,228.39142507223653,226.7325116762816,0.0
3.202,2.8910427440651296,-1.3927997137633166,1.517355331124211,0.0,13.516083130196986,12.00427599818693,224.11778185033435,226.7325116762816,0.0
3.203,2.9112465022006777,-1.35337022612113,3.6803242403347713,0.0,13.49984514473167,12.253792136712098,222.86116603446666,226.7325116762816,0.0
3.204,3.0528285024815425,-1.3470790383982278,4.347345604686765,0.0,13.509884835892302,12.513103541375287,226.15432147532357,226.7325116762816,0.0
3.205,3.227731141536896,-1.3686027740457014,2.7065497862678924,0.0,13.547282221201652,12.542506550725344,224.04650720064166,226.7325116762816,0.0
3.206,3.2973335725746598,-1.3442514544300965,3.787316968365249,0.0,13.580986286400876,12.702094104862631,218.39119950429318,226.7325116762816,0.0
3.207,3.417017956556814,-1.2997814002951495,6.6983839382593695,0.0,13.622630507735217,13.14603374704583,223.9746919487764,226.7325116762816,0.0
3.208,3.6867671689818353,-1.3243126852181257,3.934215913292808,0.0,13.707647413037318,13.188099125171945,222.22048538586705,226.7325116762816,0.0
3.209,3.793536612212515,-1.2972591918990297,4.856439457651634,0.0,13.785147968507491,13.354498779513678,216.7745089986023,226.7325116762816,0.0
3.21,3.941038146057405,-1.22686912733486,7.679007678060802,0.0,13.864066061695956,13.798111318479048,223.04894394405227,226.7325116762816,0.0
3.211,4.217438167484646,-1.2437750650879151,4.578625882658111,0.0,13.982017153260585,13.807057746149784,216.23137794759583,226.7325116762816,0.0
3.212,4.329031990219822,-1.177183180855724,8.092420218173187,0.0,14.081573611792752,14.234914514783997,220.40408875685063,226.7325116762816,0.0
3.213,4.608709496433351,-1.1556941053857335,6.069349042740099,0.0,14.212262221875758,14.34261689229908,214.8613613738285,226.7325116762816,0.0
3.214,4.767892398011433,-1.108169066947161,8.9594242372757,0.0,14.335639345228415,14.776043532112752,218.8558198505839,226.7325116762816,0.0
3.215,5.074485207992783,-1.0859564215742692,7.040961917154964,0.0,14.488053279620546,14.906400233039511,212.8339812380789,226.7325116762816,0.0
3.216,5.266563595914549,-1.0270913783923548,10.0,0.0,14.63200846236986,15.365578775055393,217.5508000412411,226.7325116762816,0.0
3.217,5.591729975299571,-1.0217847406692058,7.9204569120030115,0.0,14.807490901328102,15.501047342783362,212.62519745777163,226.7325116762816,0.0
3.218,5.816230744346039,-0.9357295903327381,10.0,0.0,14.969558953003537,15.868619047392738,212.5641521642754,226.7325116762816,0.0
3.219,6.100189323559561,-0.9206219451542434,10.0,0.0,15.151376080506093,16.165854519805723,216.76269881432628,226.7325116762816,0.0
3.22,6.3957942108181065,-0.8725985992823162,8.672754745249227,0.0,15.33960355090557,16.27587422789879,218.39139863910606,226.7325116762816,0.0
3.221,6.502886285050036,-0.9376723512610261,7.941815963231097,0.0,15.527648591250784,16.317759819455077,226.17004728925622,226.7325116762816,0.0
3.222,6.49856346074213,-1.0388834713797377,4.058116282026271,0.0,15.711560172410374,15.955910210194084,229.40681968323184,226.7325116762816,0.0
3.223,6.279226384564636,-1.013578335123718,2.4129870049689544,0.0,15.837099958338552,15.530593346447343,230.26814986853512,226.7325116762816,0.0
3.224,5.927993375986567,-0.9935499705187532,1.9469655303947828,0.0,15.905604010555255,15.161993338417329,233.46780091242724,226.7325116762816,0.0
3.225,5.592850561740081,-0.9536197761763527,0.2797871160872676,0.0,15.926205619015676,14.691727705065231,235.0969223971225,226.7325116762816,0.0
3.226,5.1970528666382965,-0.9318816025593075,-0.6184177334687799,0.0,15.895728606140391,14.228604364905019,235.62711899445392,226.7325116762816,0.0
3.227,4.813430536310648,-0.887369734091056,-0.9724621053162084,0.0,15.817308036741274,13.81702330445067,236.8999281359387,226.7325116762816,0.0
3.228,4.453292104396161,-0.8781835353049221,-1.710540840655165,0.0,15.705006055054849,13.396889080140358,236.73503412098756,226.7325116762816,0.0
3.229,4.113024461368868,-0.8646815653456774,-1.728119057626659,0.0,15.560527494398377,13.046813319992815,236.979949872183,226.7325116762816,0.0
3.23,3.8167647054652423,-0.8733095705953962,-1.9530513151833908,0.0,15.396573314069855,12.721916410351971,236.64707059460673,226.7325116762816,0.0
3.231,3.553895962164414,-0.8910372102613997,-1.8857572655785084,0.0,15.218388621120864,12.448718405878521,236.20063392770786,226.7325116762816,0.0
3.232,3.3313679623162744,-0.9205591586474726,-1.757220154643333,0.0,15.033772734945238,12.220337266814633,235.65871810183341,226.7325116762816,0.0
3.233,3.147265488208826,-0.958830240688163,-1.5755243059616308,0.0,14.848694923021402,12.033059817438538,235.06030354428904,226.7325116762816,0.0
3.234,2.9977163207017448,-1.0031197754628591,-1.3595949458695182,0.0,14.66788628535715,11.882546986615688,234.40877454971368,226.7325116762816,0.0
3.235,2.8780180067678796,-1.051157144208461,-1.1105930773161603,0.0,14.494948443591305,11.765906809906307,233.69606110097058,226.7325116762816,0.0
3.236,2.784847874919248,-1.100200835758473,-0.8238718471914988,0.0,14.332554800714153,11.681737914683463,233.0140157236352,226.7325116762816,0.0
3.237,2.7160699485116555,-1.1483555614656438,-0.5456641989973425,0.0,14.182790215514718,11.624116044281648,232.47947639155586,226.7325116762816,0.0
3.238,2.6681579918292395,-1.1926414674639594,-0.3358641801104181,0.0,14.046629804197789,11.58215836396668,231.9083969399092,226.7325116762816,0.0
3.239,2.6337519292456073,-1.2308141672668764,-0.10208330692336753,0.0,13.923645803899394,11.557703853730603,230.9267033486636,226.7325116762816,0.0
3.24,2.6103838263304855,-1.2648064413288185,0.34682157197561336,0.0,13.81387217575602,11.572664553130139,229.87756822176772,226.7325116762816,0.0
3.241,2.6104285950485484,-1.2968849464753858,0.8399385699686976,0.0,13.719760693192436,11.624667035177492,228.67385823516528,226.7325116762816,0.0
3.242,2.636093763765971,-1.328316431353301,1.4223800976810774,0.0,13.643397285375046,11.718372797960445,227.63910301323617,226.7325116762816,0.0
3.243,2.6918104335898985,-1.3575687018727072,1.9306917952760907,0.0,13.586944229526049,11.839289333148233,227.05526813349422,226.7325116762816,0.0
3.244,2.7700411475777917,-1.383359245661874,2.219381670574936,0.0,13.55077256989235,11.96109346669884,228.39225540825632,226.7325116762816,0.0
3.245,2.8563079123606663,-1.3975519113924086,1.5342905958741415,0.0,13.531701777369543,11.9801460669747,228.82374775367538,226.7325116762816,0.0
3.246,2.883892957785926,-1.3943413797491975,1.297632062390674,0.0,13.515948238988546,11.974033112685571,224.46820229935483,226.7325116762816,0.0
3.247,2.8941447738456807,-1.3532245884814182,3.498047883320216,0.0,13.496668017293713,12.21051657631202,222.45605307547848,226.7325116762816,0.0
3.248,3.0254405732056067,-1.3451701399014817,4.546887081266422,0.0,13.50248934269989,12.500451805202136,226.094632791705,226.7325116762816,0.0
3.249,3.213997613240731,-1.3710023588766767,2.733976011998923,0.0,13.539644147027538,12.532638717734706,225.0642389275986,226.7325116762816,0.0
3.25,3.2870088308672916,-1.3529411447063728,3.265855671538953,0.0,13.574057106427185,12.635812629150287,218.84035543143642,226.7325116762816,0.0
3.251,3.3776432444829987,-1.3011778871175812,6.456718982068498,0.0,13.609832814835363,13.068546939605664,223.03751028307641,226.7325116762816,0.0
3.2520000000000002,3.6366503730369892,-1.314611116440968,4.395091570180553,0.0,13.687299671249725,13.175313301438571,223.49829617562136,226.7325116762816,0.0
3.253,3.771448509504287,-1.3011975013101464,4.1970407789146815,0.0,13.766086648248315,13.265742676083391,216.71123281923917,226.7325116762816,0.0
3.254,3.8850885572087703,-1.2282034060978908,7.690785245676202,0.0,13.838142650689491,13.730147786337199,222.26420788208418,226.7325116762816,0.0
3.255,4.169581212288132,-1.2353378794903707,4.958980752195672,0.0,13.950948296937229,13.789724255277587,217.32931397877624,226.7325116762816,0.0
3.2560000000000002,4.299906878557566,-1.1930572318618882,7.520459680824695,0.0,14.053708809481165,14.152213472293859,219.15337824353526,226.7325116762816,0.0
3.257,4.560826094495106,-1.1520984040330446,6.68421888277265,0.0,14.178359527887453,14.343730684700454,216.89746255160554,226.7325116762816,0.0
3.258,4.747797364908685,-1.129031680223349,7.910527219984269,0.0,14.307569144352987,14.653859925194688,217.4592264455477,226.7325116762816,0.0
3.259,5.01025843778621,-1.0727638328286042,7.72237812532053,0.0,14.448911927246069,14.88593671418854,214.31689541542914,226.7325116762816,0.0
3.2600000000000002,5.224613200398683,-1.0486794517080538,9.41769980298833,0.0,14.597241507299923,15.276352564903805,217.19330860739052,226.7325116762816,0.0
3.261,5.537630540548571,-1.0141094954517353,8.074885237696556,0.0,14.766217863042922,15.4456086098038,211.372228636364,226.7325116762816,0.0
3.262,5.7596435538611175,-0.9514868467394524,10.0,0.0,14.928679395905833,15.818736197231509,214.48261226033208,226.7325116762816,0.0
3.263,6.053586134022829,-0.931017955842697,9.68355467471227,0.0,15.110582182713701,16.086623492113393,214.68545368501822,226.7325116762816,0.0
3.2640000000000002,6.343789166204137,-0.8627817788022056,9.702604542281833,0.0,15.293782129763489,16.322189367135078,217.64615354706592,226.7325116762816,0.0
3.265,6.519429990515627,-0.9387900193915626,8.313118192550137,0.0,15.491261937845692,16.38306619186093,225.53765869356712,226.7325116762816,0.0
3.266,6.547345822124653,-1.046843965048914,4.37931414912668,0.0,15.68620729920868,16.037465400409285,229.07834278303156,226.7325116762816,0.0
3.267,6.346072658290598,-1.025004076346045,2.5855137933269634,0.0,15.823615118076315,15.610358431873204,229.896622145578,226.7325116762816,0.0
3.2680000000000002,5.997926796748859,-1.0042163658321728,2.1447330073607827,0.0,15.90250320893408,15.245438372310462,233.31948956910225,226.7325116762816,0.0
3.269,5.663581354391703,-0.9635897502960873,0.36742951667045,0.0,15.93274943414597,14.76710009171737,234.7855110086206,226.7325116762816,0.0
3.27,5.262930552067931,-0.9372136043630561,-0.4461111964121187,0.0,15.909642098880084,14.308631952004639,235.68208844762322,226.7325116762816,0.0
3.271,4.878331957525465,-0.8917180317021123,-0.9838956836268413,0.0,15.838257931636143,13.880978343650227,236.76237795024727,226.7325116762816,0.0
3.2720000000000002,4.508386242102132,-0.8782384032313585,-1.6243390976785257,0.0,15.730219016875976,13.460728791484474,236.72440084749695,226.7325116762816,0.0
3.273,4.164035794100014,-0.8628424484642757,-1.7052694380155198,0.0,15.589400279635585,13.103381491888722,237.03125049904082,226.7325116762816,0.0
3.274,3.8617957979601893,-0.869868611483943,-1.9616816520150477,0.0,15.427855523639487,12.770093903487284,236.71408942142483,226.7325116762816,0.0
3.275,3.5922819732204996,-0.8855134229568257,-1.9029168906584841,0.0,15.250787152034679,12.48963296497557,236.29132444052945,226.7325116762816,0.0
3.2760000000000002,3.363543307842797,-0.9135330657790988,-1.7871225278532723,0.0,15.066305236334902,12.254127130393707,235.7567889007657,226.7325116762816,0.0
3.277,3.1736107159585414,-0.9507864093043926,-1.6100975302162448,0.0,14.880538600106473,12.06064369226556,235.16688668116186,226.7325116762816,0.0
3.278,3.0190669164579753,-0.9944247300581633,-1.3994901704631189,0.0,14.698427965535735,11.90442898595008,234.52677300240936,226.7325116762816,0.0
3.279,2.8949537678595645,-1.0422809435500624,-1.1573759443481468,0.0,14.523734724067094,11.782258186435001,233.8155440214099,226.7325116762816,0.0
3.2800000000000002,2.7977272510540137,-1.0914099827930968,-0.8725917772996974,0.0,14.359219358975626,11.693194044201384,233.12106146795205,226.7325116762816,0.0
3.281,2.7253199919007756,-1.1400351727763463,-0.5892359984874789,0.0,14.207106596675668,11.631898607019632,232.5571572307844,226.7325116762816,0.0
3.282,2.674491132487956,-1.1853174592453164,-0.36553033544868985,0.0,14.068570366499289,11.58816260441609,232.04020108926278,226.7325116762816,0.0
3.283,2.638597242649106,-1.2245924719896966,-0.16012915881768564,0.0,13.943381587617385,11.55874369114243,231.15310338958375,226.7325116762816,0.0
3.2840000000000003,2.612054206472261,-1.2598425676978335,0.23921377388880893,0.0,13.831254555696752,11.564182297220412,229.9937852880001,226.7325116762816,0.0
3.285,2.6071598948003483,-1.2902699721050008,0.7862600885634419,0.0,13.73387860110369,11.614318948707824,228.89142502202918,226.7325116762816,0.0
3.286,2.6297801469711666,-1.323332843773232,1.315851088091431,0.0,13.654586548958111,11.699951715533008,227.70845589334616,226.7325116762816,0.0
3.287,2.6805138579825294,-1.3529856196523866,1.897576210262299,0.0,13.594718155339628,11.822431348215089,227.2141947696055,226.7325116762816,0.0
3.2880000000000003,2.7583155970875533,-1.3802384729540562,2.1398899411993813,0.0,13.555785850455598,11.939462583257047,228.23428232589202,226.7325116762816,0.0
3.289,2.8425317742043776,-1.3945649854703461,1.6148284565600206,0.0,13.533753287407942,11.972231801594901,229.17973014783092,226.7325116762816,0.0
3.29,2.8762680042021596,-1.3956770482453646,1.1176323608750778,0.0,13.51717996427892,11.94721106258667,224.781861390299,226.7325116762816,0.0
3.291,2.878119212342151,-1.3540488615259245,3.336073242500859,0.0,13.495171678395094,12.172169252506624,222.1853450722815,226.7325116762816,0.0
3.2920000000000003,3.000289676171655,-1.3450108600126789,4.679803067549614,0.0,13.497282141792386,12.48463642784546,225.8207537903842,226.7325116762816,0.0
3.293,3.1968733674336107,-1.3767265915431106,2.8712162873572393,0.0,13.534007386867305,12.533283586517976,225.77912097485518,226.7325116762816,0.0
3.294,3.2813100777483966,-1.3631706317310892,2.9015666021360174,0.0,13.570116510407363,12.594840755036309,219.80715465125965,226.7325116762816,0.0
3.295,3.3532748893886284,-1.3055990032457985,5.9568033341839985,0.0,13.602573118909984,12.982553894257029,222.39017079871837,226.7325116762816,0.0
3.2960000000000003,3.5849448723576836,-1.305423427928515,4.7087186692302705,0.0,13.671111783484367,13.142135649930353,224.30907039729334,226.7325116762816,0.0
3.297,3.7385682725832026,-1.2986395861662656,3.773503282732669,0.0,13.748010290327974,13.187638376433473,217.39443234517705,226.7325116762816,0.0
3.298,3.832967341435022,-1.2247774513290415,7.324203102101858,0.0,13.813712222723053,13.627362151394776,221.15029577361267,226.7325116762816,0.0
3.299,4.101689123984816,-1.2235983514988658,5.502093546910739,0.0,13.91742525974181,13.765129287442788,218.6353998379021,226.7325116762816,0.0
3.3000000000000003,4.264046038918897,-1.2010974714183429,6.840512633149819,0.0,14.022080400852937,14.049766165808837,217.38204686599119,226.7325116762816,0.0
3.301,4.498856659079478,-1.1468394968947124,7.56069376720818,0.0,14.138990347292765,14.358035005265094,218.79881604442892,226.7325116762816,0.0
3.302,4.735126375956755,-1.14579036073717,6.931646134307841,0.0,14.27546335780214,14.547129341805196,214.36114198698593,226.7325116762816,0.0
3.303,4.952067470779351,-1.07102214019539,9.274196859922293,0.0,14.408984488016564,14.973431778627104,217.38074851552744,226.7325116762816,0.0
3.3040000000000003,5.245787794882882,-1.0861053705482893,7.857911227259077,0.0,14.574190586435975,15.161099333235999,214.89553552866272,226.7325116762816,0.0
3.305,5.488379302554141,-1.0074670389451557,9.218887482167627,0.0,14.732841781694463,15.486643123989717,213.35677403334307,226.7325116762816,0.0
3.306,5.746081974441452,-0.994614381992944,10.0,0.0,14.907554827553756,15.8418888907755,216.06892071787428,226.7325116762816,0.0
3.307,6.060654541335136,-0.951975755287616,8.87014766145017,0.0,15.095759423137643,16.01496054741039,211.0784822445984,226.7325116762816,0.0
3.3080000000000003,6.298714910062868,-0.8696375971976327,10.0,0.0,15.273819913703779,16.30208686367505,217.0423026809408,226.7325116762816,0.0
3.309,6.492316132067316,-0.9369471339233679,8.606460920339053,0.0,15.471014417460502,16.394803244488443,227.6353769678548,226.7325116762816,0.0
3.31,6.5580487442200806,-1.023446166917213,3.3008951239663205,0.0,15.666602907184952,15.922996015675016,225.6655780795364,226.7325116762816,0.0
3.311,6.296309889144837,-0.9853395294012797,4.2964639040929695,0.0,15.790395104598927,15.709945182672843,231.50601397384744,226.7325116762816,0.0
3.3120000000000003,6.037090770436061,-1.0095362168188804,1.3285109339617898,0.0,15.883545700962388,15.220044852703797,232.52681947424202,226.7325116762816,0.0
3.313,5.675887551197663,-0.9446734703019122,0.7601651057848988,0.0,15.911014335701545,14.792751266898996,233.97882537318213,226.7325116762816,0.0
3.314,5.290317451910362,-0.9250324983871305,-0.03830098065416365,0.0,15.891494868940857,14.367586770651283,235.2776263939252,226.7325116762816,0.0
3.315,4.927648186842907,-0.8894070256830736,-0.7731526382021348,0.0,15.827688506953164,13.946175674050927,236.30149608966667,226.7325116762816,0.0
3.3160000000000003,4.56715692454379,-0.8808707891852431,-1.380777330206719,0.0,15.727538940216489,13.537062197569046,236.4233705460096,226.7325116762816,0.0
3.317,4.230517527739583,-0.8688312973215182,-1.5386231470754672,0.0,15.595254000765255,13.180983740151643,236.89610371314663,226.7325116762816,0.0
3.318,3.929525771112612,-0.8774746418597812,-1.8766256510126285,0.0,15.44166087233525,12.841425516527371,236.6771195540615,226.7325116762816,0.0
3.319,3.6556817155246963,-0.8916805105045474,-1.866579650247865,0.0,15.270947446491366,12.552061816094433,236.34648913492651,226.7325116762816,0.0
3.3200000000000003,3.4195308394654855,-0.9169338989543906,-1.7974042152668188,0.0,15.09100480723162,12.305310136771299,235.85174142699375,226.7325116762816,0.0
3.321,3.2199069699731093,-0.9514107636639382,-1.6412226588075605,0.0,14.907921185199072,12.101324695198782,235.26091622585014,226.7325116762816,0.0
3.322,3.055957462480992,-0.9921868531666862,-1.431094103731438,0.0,14.72688798241074,11.937019968203249,234.64161416177046,226.7325116762816,0.0
3.323,2.924031665432624,-1.0380851018412915,-1.2005340965464888,0.0,14.552168673660868,11.807175051468416,233.9455447972706,226.7325116762816,0.0
3.3240000000000003,2.819962169344337,-1.0859410379783676,-0.9246297455064472,0.0,14.386741974600826,11.711014960673868,233.24599481890127,226.7325116762816,0.0
3.325,2.741487599195279,-1.1338790197916984,-0.6399895877479773,0.0,14.233036555005434,11.644071090651314,232.65469258879787,226.7325116762816,0.0
3.326,2.6856506393709463,-1.1792258552526964,-0.40356028182144277,0.0,14.092516062449906,11.596969207624996,232.1890329729606,226.7325116762816,0.0
3.327,2.6466348694712862,-1.2188311717078106,-0.22529568686959855,0.0,13.965240547302747,11.561503641121917,231.3202092412362,226.7325116762816,0.0
3.3280000000000003,2.616678407888586,-1.2532012776383519,0.16323920334305786,0.0,13.8505306855078,11.560718324803398,230.28051320104356,226.7325116762816,0.0
3.329,2.6068705600582276,-1.2847120291777934,0.647607208191757,0.0,13.75033575987053,11.59871498421398,229.15437984132376,226.7325116762816,0.0
3.33,2.621985393852339,-1.316802588565007,1.1864552064012361,0.0,13.667174846755254,11.67556137467868,227.80499651111086,226.7325116762816,0.0
3.331,2.6657512048437426,-1.3463734346896632,1.8504220231593949,0.0,13.602946551477807,11.799391813775568,227.27697594703915,226.7325116762816,0.0
3.332,2.742591280571049,-1.3749939711006152,2.1089876624876744,0.0,13.56037668018176,11.918204181373468,227.94517271953222,226.7325116762816,0.0
3.333,2.8276091145412403,-1.3917944246970115,1.76276266580863,0.0,13.535506877306592,11.971624358074537,229.62901446183076,226.7325116762816,0.0
3.334,2.872692624874553,-1.398309467616382,0.8918767668038683,0.0,13.519014722574216,11.920771330097296,225.2084638304331,226.7325116762816,0.0
3.335,2.863375432947679,-1.3564556085723511,3.1173925609611906,0.0,13.494417405593321,12.12834571200718,222.13805051705083,226.7325116762816,0.0
3.336,2.972457469166661,-1.3452308200270504,4.698543829244628,0.0,13.49222107035196,12.45228220969424,225.54910300506984,226.7325116762816,0.0
3.337,3.1721946141702424,-1.3769189490701135,3.0048516719472413,0.0,13.526235960483628,12.520607508514697,226.63878317359664,226.7325116762816,0.0
3.338,3.2674926552559964,-1.3684013558107155,2.4609488727106923,0.0,13.562428074935216,12.534123967053835,220.56997979738827,226.7325116762816,0.0
3.339,3.3175689698156883,-1.3045528903314956,5.556975879603808,0.0,13.589414468525437,12.891354575744119,221.64293781418218,226.7325116762816,0.0
3.34,3.5283719565590683,-1.2943670237896971,5.07139260982785,0.0,13.648943322960857,13.108498767783935,224.5688606189542,226.7325116762816,0.0
3.341,3.705428533856665,-1.296724518601636,3.63006771801511,0.0,13.724594894251448,13.138823327026373,217.71343741192447,226.7325116762816,0.0
3.342,3.795172113245702,-1.2317939579916861,7.1479700641735455,0.0,13.78854782772201,13.566961866509354,220.67714489544133,226.7325116762816,0.0
3.343,4.06057899739826,-1.2245805436454613,5.72666999022352,0.0,13.888775151821825,13.738862492332117,219.94172075908546,226.7325116762816,0.0
3.344,4.235750011506861,-1.2125818398411745,6.16228996757342,0.0,13.994922082818931,13.949112243520156,215.70412144989396,226.7325116762816,0.0
3.345,4.437616113597322,-1.1450258747049966,8.391373524433043,0.0,14.104168126708194,14.3693411430813,219.8243301807733,226.7325116762816,0.0
3.346,4.719680212160963,-1.1625937762646457,6.400350973948456,0.0,14.247120484987565,14.488160051132255,213.79732959803195,226.7325116762816,0.0
3.347,4.9083890418192775,-1.0904446601538689,9.543203086101627,0.0,14.379547416456312,14.957078931770969,218.81142998419526,226.7325116762816,0.0
3.348,5.221622560967017,-1.1004733866366725,7.115363709940838,0.0,14.547448193916274,15.061289166183801,213.12331617625168,226.7325116762816,0.0
3.349,5.421296397391772,-1.0124823391404802,10.0,0.0,14.699200614582113,15.494625053754216,215.60257195779369,226.7325116762816,0.0
3.35,5.722057237489279,-1.0136455299131488,8.965273823948543,0.0,14.880119243398369,15.726049398321447,215.81441490362005,226.7325116762816,0.0
3.351,5.992887591431311,-0.9396007471617973,8.968533318761978,0.0,15.057931885779336,15.936345246970907,208.6857063989819,226.7325116762816,0.0
3.352,6.219716101747608,-0.88178797998154,10.0,0.0,15.233373892224845,16.234578682386214,218.90043398328322,226.7325116762816,0.0
3.353,6.445383271420096,-0.910281274897633,7.63004549615629,0.0,15.424807431679906,16.22696820910853,223.18097503278133,226.7325116762816,0.0
3.354,6.479162468108073,-0.9534441526826436,5.525290337842238,0.0,15.600799553468885,16.029979574789067,224.2781847866263,226.7325116762816,0.0
3.355,6.32875052141687,-0.9982239167465434,5.001228729816308,0.0,15.743987744916195,15.850572896883644,233.13094893210481,226.7325116762816,0.0
3.356,6.142673424774696,-1.0228858652533526,0.5108622845188173,0.0,15.857181466123345,15.233690374174758,230.4161722456175,226.7325116762816,0.0
3.357,5.726173849641912,-0.9506999794692539,1.8314140220691146,0.0,15.889180496017566,14.923934013739164,235.23591703027603,226.7325116762816,0.0
3.358,5.38391240224796,-0.9456114162042799,-0.6634924238000921,0.0,15.887166103777504,14.394191729377447,234.262789222614,226.7325116762816,0.0
3.359,4.982261696446837,-0.886836528824682,-0.25223129543240397,0.0,15.825964570346173,14.028168985971224,236.25816129485943,226.7325116762816,0.0
3.36,4.634381771241401,-0.8838914927078971,-1.3451738277408976,0.0,15.734544710818296,13.602542358439452,236.0996135076962,226.7325116762816,0.0
3.361,4.292607951263634,-0.8691615723912431,-1.3595709524734287,0.0,15.608113333616368,13.253798470256084,236.7104042211733,226.7325116762816,0.0
3.362,3.992200789557297,-0.8787318010751899,-1.764745234660889,0.0,15.460650729674699,12.912487682965482,236.62262940178238,226.7325116762816,0.0
3.363,3.716402128628324,-0.8930248483707004,-1.8197590022204384,0.0,15.295279840313802,12.615895723485222,236.36922553250895,226.7325116762816,0.0
3.364,3.4746756617744405,-0.917103399837015,-1.7894242061459984,0.0,15.119292554129313,12.360144761005321,235.92335541523917,226.7325116762816,0.0
3.365,3.2677597253483346,-0.9494024320528223,-1.6583975849006856,0.0,14.938641008344353,12.146823234869535,235.37789193266954,226.7325116762816,0.0
3.366,3.0956046907568986,-0.9885888662902818,-1.4721196461797499,0.0,14.758709981968272,11.97281690825647,234.75848544984902,226.7325116762816,0.0
3.367,2.9555864123855287,-1.0326284697799415,-1.2426761425051622,0.0,14.583823917609983,11.835274577959042,234.0803542405636,226.7325116762816,0.0
3.368,2.844615023535904,-1.0793715708680698,-0.97708896350527,0.0,14.417373571742576,11.731724698898512,233.38311633390032,226.7325116762816,0.0
3.369,2.759917579702585,-1.1267813728372487,-0.6949760567498195,0.0,14.261960919761592,11.65846832604357,232.76518892632848,226.7325116762816,0.0
3.37,2.698684371990579,-1.1722752039904196,-0.4463391254643678,0.0,14.119294119100363,11.607413937059853,232.31629593433814,226.7325116762816,0.0
3.371,2.6559766492933106,-1.2125354378324245,-0.277730472049766,0.0,13.98976224701797,11.567344406890708,231.51788400903223,226.7325116762816,0.0
3.372,2.622724267496001,-1.2473308922741333,0.07362176727568448,0.0,13.872601506777075,11.558521987092632,230.48809854280344,226.7325116762816,0.0
3.373,2.607864388172226,-1.2787193059854725,0.55095863172486,0.0,13.769379369544293,11.589161330854067,229.4217753170112,226.7325116762816,0.0
3.374,2.6175484155691757,-1.3110172919277254,1.0572276082136867,0.0,13.682782274727467,11.65611690347846,228.0816905676531,226.7325116762816,0.0
3.375,2.6545548219254997,-1.3403957512351847,1.7137781939790138,0.0,13.614449097319156,11.770901219602802,227.3364185138535,226.7325116762816,0.0
3.376,2.724385189270157,-1.3695088795977859,2.080375152503107,0.0,13.567336328790924,11.893822669609527,227.33082742343814,226.7325116762816,0.0
3.3770000000000002,2.8090483693769666,-1.389767905270971,2.077187540239217,0.0,13.539164343656617,11.987109444690187,229.47867904008723,226.7325116762816,0.0
3.378,2.8775384610223527,-1.4015502335376002,0.9758000582766146,0.0,13.524231700396397,11.940442318576174,226.39123042841405,226.7325116762816,0.0
3.379,2.8719610218797182,-1.3721608694274798,2.5229371765918813,0.0,13.502774955516022,12.079446017803992,222.33367618970945,226.7325116762816,0.0
3.38,2.945719779754895,-1.352332080826816,4.595702650809901,0.0,13.495476981941493,12.406767265844124,224.80880880607737,226.7325116762816,0.0
3.3810000000000002,3.140979385059363,-1.3728657812735028,3.377373371327986,0.0,13.524097925463575,12.525141747232862,227.500182141404,226.7325116762816,0.0
3.382,3.2603378223370543,-1.3718035805023674,2.0240099990134466,0.0,13.561372043683022,12.486677364627646,221.45495772632754,226.7325116762816,0.0
3.383,3.285890863099675,-1.3100073176681435,5.099397746051219,0.0,13.584285344915958,12.805995867891092,220.32529203582672,226.7325116762816,0.0
3.384,3.473992282204744,-1.2858002876491752,5.728302787706174,0.0,13.6347943556782,13.113663902369218,223.92355337407565,226.7325116762816,0.0
3.3850000000000002,3.6887977431882297,-1.3049483254315022,3.957261701603768,0.0,13.713367623268272,13.17276487807081,219.19289404081294,226.7325116762816,0.0
3.386,3.798753532253625,-1.261894821489278,6.3979875445898085,0.0,13.785066295858034,13.510056254363388,219.87615328284681,226.7325116762816,0.0
3.387,4.029815321724662,-1.2315188595593582,6.124921507507222,0.0,13.880413418045203,13.742026598825564,221.4796415193552,226.7325116762816,0.0
3.388,4.22205290800266,-1.2255451563502535,5.375706090822294,0.0,13.989069514726177,13.861816068999865,214.89549733884738,226.7325116762816,0.0
3.3890000000000002,4.37736230803399,-1.1507008828214929,8.786148324450547,0.0,14.090665815700406,14.347971343550125,220.78005916632716,226.7325116762816,0.0
3.39,4.6856847942658115,-1.1658501866819515,5.903391935810198,0.0,14.233132880192173,14.412100716170867,213.927839623823,226.7325116762816,0.0
3.391,4.8470448371999835,-1.0956379971876127,9.45754842758687,0.0,14.359891341613864,14.889182256100113,219.14439068340712,226.7325116762816,0.0
3.392,5.162782909500533,-1.0963150625017206,6.925154107723548,0.0,14.522458709965802,14.984008960552151,212.63952497882786,226.7325116762816,0.0
3.3930000000000002,5.35233830848235,-1.0149237702478744,10.0,0.0,14.669292199126682,15.431473009578228,216.43705348337417,226.7325116762816,0.0
3.394,5.660915394123206,-1.0155692335242763,8.516336820103882,0.0,14.847073658157033,15.622874668475772,214.52518150033762,226.7325116762816,0.0
3.395,5.914978475372488,-0.9321197092933775,9.594346113381595,0.0,15.017031234875935,15.921470793365094,210.13057399050328,226.7325116762816,0.0
3.396,6.172756613283558,-0.9048752347224706,10.0,0.0,15.197690269451392,16.215229933674895,216.74726165662076,226.7325116762816,0.0
3.3970000000000002,6.430442212984884,-0.9004365331381021,8.710024527391287,0.0,15.389443502171709,16.325957587970088,224.23040840269013,226.7325116762816,0.0
3.398,6.530921670145423,-0.9656398347951143,4.993472187092518,0.0,15.580310927247629,16.04039091311036,223.48633781747012,226.7325116762816,0.0
3.399,6.3639127127134625,-0.9850485141027568,5.3979692182906405,0.0,15.72501786403725,15.903503624968106,231.87533441136907,226.7325116762816,0.0
3.4,6.18363514872834,-1.0264572253265836,1.1520426939902895,0.0,15.84592624977523,15.341839313798062,230.5370340706017,226.7325116762816,0.0
3.4010000000000002,5.8048302986226386,-0.9559336938343216,1.783147640430776,0.0,15.890405690246023,15.000178839542055,234.22760647072752,226.7325116762816,0.0
3.402,5.453901920980542,-0.9492802054926641,-0.13708950757659855,0.0,15.896244490841477,14.514409294053088,234.41085526171486,226.7325116762816,0.0
3.403,5.070161858489127,-0.8984405007311165,-0.3054973389245985,0.0,15.847396624188134,14.117180216301989,236.21079945384096,226.7325116762816,0.0
3.404,4.7103376476866945,-0.8905278695940763,-1.300252312763245,0.0,15.763348644047557,13.682793553415241,236.10543071629826,226.7325116762816,0.0
3.4050000000000002,4.35888332727126,-0.8708322884733701,-1.3412971343920592,0.0,15.642179408020457,13.32393511130001,236.7763305551069,226.7325116762816,0.0
3.406,4.048684235877073,-0.8768456833026553,-1.777185242584638,0.0,15.498099680626964,12.971915702957897,236.71451313664056,226.7325116762816,0.0
3.407,3.7636013674959194,-0.887589212050152,-1.8460965479550535,0.0,15.334347639352554,12.665726024809816,236.48952287890472,226.7325116762816,0.0
3.408,3.513432768163702,-0.9091956952082908,-1.8311715311133652,0.0,15.158621112250687,12.400778692498115,236.04228730584984,226.7325116762816,0.0
3.4090000000000003,3.2987953568782773,-0.9398845497037437,-1.700651500881606,0.0,14.977132213790755,12.18006982311256,235.49357822473272,226.7325116762816,0.0
3.41,3.1206156403541803,-0.977812203333162,-1.5139076258075548,0.0,14.795586471592543,11.999972971480187,234.8992760436914,226.7325116762816,0.0
3.411,2.9756630823510344,-1.0216773381961284,-1.298424178960996,0.0,14.618631506749551,11.855729955408716,234.22113384616094,226.7325116762816,0.0
3.412,2.8599834569165234,-1.068425981970414,-1.0342393018945581,0.0,14.449651436250255,11.746396479686702,233.515458347342,226.7325116762816,0.0
3.4130000000000003,2.771139624964818,-1.1162268741400316,-0.7492310191956877,0.0,14.2914266369296,11.66842343207351,232.8683540134693,226.7325116762816,0.0
3.414,2.7063963787566925,-1.1627088145058349,-0.48703727563121246,0.0,14.145862017298233,11.614649757018057,232.36918894202722,226.7325116762816,0.0
3.415,2.661308349329244,-1.204704904308067,-0.29382151256763667,0.0,14.013631242599043,11.574641034781296,231.68550403263342,226.7325116762816,0.0
3.416,2.627884232487904,-1.2411251359575937,-0.0015089814342528207,0.0,13.894208937729523,11.5588581006506,230.6761173971184,226.7325116762816,0.0
3.4170000000000003,2.6095213369048986,-1.273184653711647,0.4637482791148937,0.0,13.788312914570334,11.58265208014081,229.65566360922406,226.7325116762816,0.0
3.418,2.614741209143631,-1.3056340033051406,0.9447436537326315,0.0,13.698634724953834,11.640976163066458,228.34145387079494,226.7325116762816,0.0
3.419,2.645792731308605,-1.3351584202245115,1.5857591010020622,0.0,13.626679954956742,11.746838295475586,227.46119336824202,226.7325116762816,0.0
3.42,2.7091854739734726,-1.3642621136452382,2.0186025353589154,0.0,13.575413037307356,11.869458674479166,227.20823463884523,226.7325116762816,0.0
3.4210000000000003,2.791203453308122,-1.3871207351089438,2.1403246704316765,0.0,13.543758260750064,11.97536327403172,229.1461988581896,226.7325116762816,0.0
3.422,2.8686475105761984,-1.3982682170276606,1.147205688940414,0.0,13.526857058600186,11.949352960152382,227.3768234195725,226.7325116762816,0.0
3.423,2.8727107863441534,-1.3801737677022419,2.0254502908160497,0.0,13.506943081032373,12.031119133705431,223.19521368580553,226.7325116762816,0.0
3.424,2.9199680429125454,-1.353130157616556,4.151628137604298,0.0,13.494403265960479,12.322656743809498,223.73847063695655,226.7325116762816,0.0
3.4250000000000003,3.091638179570726,-1.3595545643539964,3.909940072422038,0.0,13.513248314248154,12.517528003291323,227.14206307584521,226.7325116762816,0.0
3.426,3.2434567530755176,-1.3700015355874344,2.204048338982069,0.0,13.550780906423547,12.494582089908214,222.84914299653713,226.7325116762816,0.0
3.427,3.280680799390411,-1.3274730957931093,4.389342065433558,0.0,13.57748304995338,12.732548794965423,218.92152298854157,226.7325116762816,0.0
3.428,3.4325125087515387,-1.2898409067396792,6.431261956308737,0.0,13.621597393238018,13.13581804703508,223.96644254490818,226.7325116762816,0.0
3.4290000000000003,3.6859944200341226,-1.3200079278742258,3.936462869439168,0.0,13.705321921616495,13.181960016614358,220.78649321364216,226.7325116762816,0.0
3.43,3.7954339628808915,-1.2868658859815145,5.58589771969857,0.0,13.781340899295508,13.428742535870471,218.17798337763918,226.7325116762816,0.0
3.431,3.9842698817873496,-1.2320907603150326,6.975697920686485,0.0,13.868742387727842,13.775154818923697,221.97658818266976,226.7325116762816,0.0
3.432,4.220171627517811,-1.2412898993542818,5.123954753107315,0.0,13.983604612173249,13.854015439229972,216.14093100060674,226.7325116762816,0.0
3.4330000000000003,4.360410221763548,-1.1753431798201694,8.147699150895571,0.0,14.087520545665598,14.274538307472925,220.75371946059826,226.7325116762816,0.0
3.434,4.639351298374677,-1.1626611619765794,5.901092843056643,0.0,14.222361617865555,14.356755211915885,214.3179959952886,226.7325116762816,0.0
3.435,4.792465268847075,-1.0998783684912259,9.243099732521399,0.0,14.345160986184851,14.820268228068207,219.29634978332572,226.7325116762816,0.0
3.436,5.104654798353187,-1.0912589102501076,6.828284457432401,0.0,14.50171140681579,14.917850421741843,212.539674430163,226.7325116762816,0.0
3.4370000000000003,5.289589725009481,-1.0169425927606217,10.0,0.0,14.64427640440956,15.377145353907402,217.00826997332987,226.7325116762816,0.0
3.438,5.606510123732284,-1.0169934988853546,8.20452414179153,0.0,14.819263158309132,15.54253589819423,213.35145903284533,226.7325116762816,0.0
3.439,5.848726642476428,-0.930929189452584,10.0,0.0,14.983822708148567,15.900868553352716,211.67341357110982,226.7325116762816,0.0
3.44,6.130773469637395,-0.9193692520077161,10.0,0.0,15.167348618495305,16.193266153596955,218.36646134583805,226.7325116762816,0.0
3.4410000000000003,6.413536750155273,-0.8882629223511276,7.867095282606232,0.0,15.358455600944016,16.21187357335277,219.91969947762598,226.7325116762816,0.0
3.442,6.47676952154751,-0.9259258846954628,7.1586043386988205,0.0,15.53676661627788,16.186998020674025,223.95267084391295,226.7325116762816,0.0
3.443,6.420087206326674,-1.0127657947308073,5.169917063879021,0.0,15.703934735290932,15.97763781639366,232.26160780236572,226.7325116762816,0.0
3.444,6.261440176626052,-1.019737749835726,0.9601576233917988,0.0,15.83334853793583,15.379628128852094,229.37171782692616,226.7325116762816,0.0
3.4450000000000003,5.850419238779532,-0.9622366790635797,2.3787105496051324,0.0,15.883625154226092,15.096125039483628,236.91291579474222,226.7325116762816,0.0
3.446,5.531268930164031,-0.946406212777956,-1.4936924754875038,0.0,15.899357459366785,14.436846383227945,232.7047815656978,226.7325116762816,0.0
3.447,5.059055651665516,-0.8718830122870938,0.5506519401405434,0.0,15.839549420976702,14.1574226966306,235.1725315086212,226.7325116762816,0.0
3.448,4.736612692906592,-0.8718483053472972,-0.7676232296445549,0.0,15.758521232007421,13.765253454699833,235.92499494418982,226.7325116762816,0.0
3.4490000000000003,4.415883687763463,-0.8715822312661133,-1.2357797801079444,0.0,15.646350016662465,13.397939610190251,236.5043866530062,226.7325116762816,0.0
3.45,4.1120208907338585,-0.880174657642247,-1.6231943842833845,0.0,15.509612366043225,13.048423605264288,236.63659748532643,226.7325116762816,0.0
3.451,3.828594837211088,-0.8928068058379474,-1.7883406585339459,0.0,15.352900492031086,12.734031729560401,236.4882552818122,226.7325116762816,0.0
3.452,3.573341931641099,-0.9131334478168415,-1.8117269928321358,0.0,15.182530226985488,12.459730379072862,236.103854237852,226.7325116762816,0.0
3.4530000000000003,3.351055896130982,-0.9412003196381845,-1.7132398964677416,0.0,15.004650942876257,12.228788515922998,235.6010656083265,226.7325116762816,0.0
3.454,3.163845846022279,-0.9768036951037347,-1.550531121025442,0.0,14.825101103445958,12.03843625016906,235.010263768079,226.7325116762816,0.0
3.455,3.0100090929272163,-1.0181823446336087,-1.3379077218196618,0.0,14.648666639076934,11.885975655545069,234.35126925802757,226.7325116762816,0.0
3.456,2.8867410163584823,-1.063249989504531,-1.084598042611407,0.0,14.479173216122907,11.768876625559036,233.65367212492137,226.7325116762816,0.0
3.457,2.7911764834481065,-1.1099974511305497,-0.805011080544705,0.0,14.319610776795834,11.684039043165914,232.99051680162114,226.7325116762816,0.0
3.458,2.720567628425291,-1.156097232657498,-0.5360134701479851,0.0,14.172124324513865,11.625334171325772,232.469679593438,226.7325116762816,0.0
3.459,2.6709955951938573,-1.1984436894603894,-0.3329665452279795,0.0,14.037713142709126,11.582143162183911,231.86595698061208,226.7325116762816,0.0
3.46,2.6349217729976373,-1.23508810995259,-0.08243969185832478,0.0,13.91603139985678,11.558830020506498,230.8689140968259,226.7325116762816,0.0
3.461,2.611546292044515,-1.2677563822090283,0.3747177258293215,0.0,13.807413582865225,11.575672630806416,229.83588481596252,226.7325116762816,0.0
3.462,2.6121394704345184,-1.2996182253482793,0.860198634864207,0.0,13.714519928625561,11.628501519761715,228.59283292512382,226.7325116762816,0.0
3.463,2.638533708752167,-1.3301612542485455,1.4631213677951345,0.0,13.639239643453035,11.725327411498528,227.5276053015264,226.7325116762816,0.0
3.464,2.6954562936034465,-1.360151505518756,1.9877842433413981,0.0,13.58416347332216,11.850628832574724,227.21016198988892,226.7325116762816,0.0
3.465,2.777116711059998,-1.3850034516249021,2.141729396024063,0.0,13.549558873870968,11.961166412498134,228.71243330888507,226.7325116762816,0.0
3.466,2.858494172567733,-1.3963890988921976,1.370794520199953,0.0,13.53047239409558,11.962712570025323,228.33150969509865,226.7325116762816,0.0
3.467,2.875692974409707,-1.3884399463018968,1.5452663469049934,0.0,13.51246091479284,11.988018619930509,224.1150154199292,226.7325116762816,0.0
3.468,2.899057417326755,-1.3519992968875632,3.679688447053244,0.0,13.49485220850122,12.239636528961704,222.8983951629541,226.7325116762816,0.0
3.469,3.0426330877811476,-1.3481399883365799,4.326339740674063,0.0,13.504106046295412,12.498559518436608,226.18056897868235,226.7325116762816,0.0
3.47,3.217903080036763,-1.3708460220166132,2.6907722597859354,0.0,13.540863056047993,12.52829271446597,224.15864059858936,226.7325116762816,0.0
3.471,3.287421865839365,-1.3475405529214952,3.7274751606093512,0.0,13.574127022490991,12.683226919251378,218.52563445655267,226.7325116762816,0.0
3.472,3.4039447973007593,-1.3035449940765393,6.626047003824986,0.0,13.614951555986234,13.122347639345302,223.84269452492683,226.7325116762816,0.0
3.473,3.6707004342217946,-1.3262737439278984,3.996415141151454,0.0,13.698545826213445,13.175215626706416,222.57815548814804,226.7325116762816,0.0
3.474,3.7813611808599132,-1.3017254532962677,4.670228221422182,0.0,13.77613986868605,13.32206687404967,216.55910803723273,226.7325116762816,0.0
3.475,3.919047227027125,-1.2298790123112382,7.781485983270326,0.0,13.85300200604369,13.783453766294445,222.9585534906187,226.7325116762816,0.0
3.476,4.202683645387524,-1.24739135912914,4.619502838433972,0.0,13.970961441449859,13.797634313942043,216.59853639135827,226.7325116762816,0.0
3.477,4.316592864499173,-1.1861186221333961,7.900851140913421,0.0,14.071627863542455,14.205067245167927,220.22267382728208,226.7325116762816,0.0
3.478,4.588624911911622,-1.158071904726372,6.153880801441509,0.0,14.200498525003571,14.328058872089526,215.3951916677671,226.7325116762816,0.0
3.479,4.750095433238538,-1.1158386545967416,8.68099508128414,0.0,14.32441609267054,14.732049239770642,218.63252995555402,226.7325116762816,0.0
3.48,5.0453707897937505,-1.0840506335982263,7.14332575459796,0.0,14.47326659053039,14.882751974708635,212.98501758491238,226.7325116762816,0.0
3.481,5.239304415346423,-1.0342265794194034,10.0,0.0,14.617139546348366,15.344500400954669,217.72946716556766,226.7325116762816,0.0
3.482,5.570988160752452,-1.0244854492516668,7.820271397995324,0.0,14.792226765432481,15.471578515744216,212.2103294270619,226.7325116762816,0.0
3.483,5.78895166297998,-0.942147083923464,10.0,0.0,14.953553265202725,15.844365825412815,213.21894213517984,226.7325116762816,0.0
3.484,6.074844306316203,-0.9263121386097333,10.0,0.0,15.135107385631567,16.14494121232682,215.07334744582363,226.7325116762816,0.0
3.485,6.376103880567862,-0.8722855880175762,9.523951372494372,0.0,15.32277906159693,16.350969496832377,217.4175084547579,226.7325116762816,0.0
3.486,6.539255722928907,-0.9469352085267775,8.445020900242476,0.0,15.521038122178243,16.426306147894064,226.42925774517315,226.7325116762816,0.0
3.487,6.566402930902717,-1.062809916165063,3.9421787943459345,0.0,15.719004663442714,16.02805703852809,229.5831686104712,226.7325116762816,0.0
3.488,6.338605777799867,-1.0298877869737328,2.3367167923550087,0.0,15.852569458356713,15.583186253986192,230.29231621766732,226.7325116762816,0.0
3.489,5.973191563106726,-1.0006638879241376,1.9465449433430941,0.0,15.925405287721578,15.207212336103693,233.41254616695062,226.7325116762816,0.0
3.49,5.62804302606143,-0.9558059393466793,0.31962962379475446,0.0,15.948718007008681,14.735372623213781,235.25101281510763,226.7325116762816,0.0
3.491,5.2274825779553655,-0.9316817702953468,-0.6847887116720104,0.0,15.920310403968212,14.259441453756926,235.736054921441,226.7325116762816,0.0
3.492,4.835828400750065,-0.8828319253190826,-1.0173451972902878,0.0,15.842018203029228,13.840801965889888,236.9416988024407,226.7325116762816,0.0
3.493,4.469272939580614,-0.8711928198842751,-1.7222590090517298,0.0,15.728899470249377,13.418386811234669,236.80460752021907,226.7325116762816,0.0
3.494,4.1260668086830155,-0.8567151911119324,-1.7544343263802884,0.0,15.583374947171373,13.064498271765501,237.04221012633414,226.7325116762816,0.0
3.495,3.8271988395932377,-0.8649638837173168,-1.976332613938351,0.0,15.418066154928567,12.736802490768243,236.69163661208518,226.7325116762816,0.0
3.496,3.562419071543168,-0.882783978237504,-1.9006371061719052,0.0,15.238396387281492,12.462027992170938,236.33652870233445,226.7325116762816,0.0
3.497,3.339412458021939,-0.9118464464089957,-1.8191233215570692,0.0,15.052234817093048,12.22685645770545,235.81024979674729,226.7325116762816,0.0
3.498,3.1519713597074115,-0.9496169785794006,-1.6467612499681454,0.0,14.865036384333937,12.033119064375692,235.07982290112602,226.7325116762816,0.0
3.499,2.9979797408111875,-0.9942183074297637,-1.3650209144059575,0.0,14.681712496369583,11.88436805039438,234.35903181765767,226.7325116762816,0.0
3.5,2.8788113752773334,-1.0426851726022823,-1.0808905740855401,0.0,14.506731237684022,11.772165287114158,233.71142237690464,226.7325116762816,0.0
3.501,2.7882755177945744,-1.094245160392684,-0.8268749607152555,0.0,14.343214758544207,11.687552349028692,233.0460242749069,226.7325116762816,0.0
3.5020000000000002,2.720358965752596,-1.1441120855675595,-0.5573110357026394,0.0,14.192558395401157,11.628726394605259,232.50054895103187,226.7325116762816,0.0
3.503,2.672186788805477,-1.1895793372361108,-0.34225374651262985,0.0,14.055587801561867,11.586297835814413,231.9504638808563,226.7325116762816,0.0
3.504,2.637444843729645,-1.2288246641914549,-0.11939073347058482,0.0,13.93193372467582,11.560119324250316,230.98780769209407,226.7325116762816,0.0
3.505,2.6131689121334545,-1.2632615036160804,0.3193844007524027,0.0,13.821422803389122,11.57255282381295,229.95568988829774,226.7325116762816,0.0
3.5060000000000002,2.611676934290976,-1.2953794420759368,0.8032115205304038,0.0,13.726394929023702,11.621446471370719,228.78764107193584,226.7325116762816,0.0
3.507,2.6350336220094945,-1.3270655734206336,1.366684634754813,0.0,13.648923501913911,11.710507582675604,227.69173717499518,226.7325116762816,0.0
3.508,2.687604942281355,-1.3560397381783347,1.905044328238005,0.0,13.590975625455492,11.830950996927218,227.12385894161167,226.7325116762816,0.0
3.509,2.7645733231204384,-1.3822742209286445,2.1850699722764593,0.0,13.553462929523029,11.951033697327638,228.2638721953518,226.7325116762816,0.0
3.5100000000000002,2.849849438360508,-1.3963995846970179,1.5997497402156888,0.0,13.53300121841088,11.97956068725969,229.07252951335988,226.7325116762816,0.0
3.511,2.8818649015512756,-1.3957263844394254,1.1720209028408695,0.0,13.517223071737126,11.959322897498112,224.66358289538692,226.7325116762816,0.0
3.512,2.885886447326941,-1.3535604801269105,3.3971834996362955,0.0,13.49636744328279,12.188454030663143,222.24325217771752,226.7325116762816,0.0
3.513,3.0111465061452063,-1.3444267204786833,4.652241453456637,0.0,13.49992743647221,12.494652845606272,225.88626187563827,226.7325116762816,0.0
3.5140000000000002,3.2056025770312924,-1.374425976033139,2.839199102502697,0.0,13.537142567544475,12.538464973021608,225.51487720828962,226.7325116762816,0.0
3.515,3.286841576533251,-1.3593832957686431,3.0370677808569417,0.0,13.573062710866406,12.614521649694787,219.42890428995992,226.7325116762816,0.0
3.516,3.3655949713076247,-1.3037614247640976,6.153090313885009,0.0,13.60702852851561,13.019497981452222,222.62469076263815,226.7325116762816,0.0
3.517,3.607728976237915,-1.30847958186881,4.596275286682326,0.0,13.679170613567198,13.159116176881675,224.03085391295372,226.7325116762816,0.0
3.5180000000000002,3.754267628109836,-1.2991147840155464,3.920210289157823,0.0,13.756983000321664,13.219489850161063,217.26548247537772,226.7325116762816,0.0
3.519,3.855202021226044,-1.2246375231426585,7.397566299954859,0.0,13.824952665011143,13.661239809226812,221.37957328257124,226.7325116762816,0.0
3.52,4.125742465447319,-1.2253472701616812,5.394050280295202,0.0,13.931123203919068,13.781701311651226,218.07586521206093,226.7325116762816,0.0
3.521,4.281447018067714,-1.1968774105063378,7.1324707801925635,0.0,14.03558405714636,14.097573036563263,218.12321036521035,226.7325116762816,0.0
3.5220000000000002,4.528577717024505,-1.1491247766980957,7.194891216728565,0.0,14.156217906419775,14.356158385967774,218.30025323314678,226.7325116762816,0.0
3.523,4.743759593253531,-1.1397700679482587,7.190692367191703,0.0,14.290095414081907,14.578663808149134,215.4909696708005,226.7325116762816,0.0
3.524,4.972329799720273,-1.0670632473627626,8.707749568419654,0.0,14.42493151001905,14.936233815559962,216.32113857149807,226.7325116762816,0.0
3.525,5.236210907736918,-1.067939029711447,8.396778849118704,0.0,14.582864401367772,15.19541186087087,216.18717194920373,226.7325116762816,0.0
3.5260000000000002,5.504060618574798,-1.0039247612415125,8.569215557536651,0.0,14.743871480757536,15.439718478792546,211.48106328623942,226.7325116762816,0.0
3.527,5.734499744863378,-0.971634609690336,10.0,0.0,14.910296740014557,15.808687257664454,215.41902422729757,226.7325116762816,0.0
3.528,6.043635743145491,-0.9345963920284834,9.197443089421608,0.0,15.093225048805772,16.023112011438467,211.8568257792908,226.7325116762816,0.0
3.529,6.307841421355442,-0.8546859937293838,10.0,0.0,15.270883240458994,16.304722685363338,216.0786292472944,226.7325116762816,0.0
3.5300000000000002,6.496172903113895,-0.9420041325523396,9.100390279235075,0.0,15.46934077959289,16.45088106645979,227.6799663513101,226.7325116762816,0.0
3.531,6.583758689343182,-1.0516240988302694,3.2902471804769404,0.0,15.673753417825386,15.964398598036603,226.67082406901963,226.7325116762816,0.0
3.532,6.325616265751917,-1.0076332443918798,3.7954351976947946,0.0,15.80314135174131,15.689949277617854,230.91202744566652,226.7325116762816,0.0
3.533,6.033575795123714,-1.0175666943666084,1.6330383516774987,0.0,15.893678148265373,15.242511176931687,233.39193422049115,226.7325116762816,0.0
3.5340000000000003,5.6817102052456,-0.9576252668889315,0.32649073882308954,0.0,15.92372456354612,14.762559107193042,234.23320313524417,226.7325116762816,0.0
3.535,5.272058583677753,-0.9276139934301576,-0.16915063314304346,0.0,15.900069304519246,14.33369483364229,235.48696503626962,226.7325116762816,0.0
3.536,4.8991864121040685,-0.8883648791157192,-0.883576117255652,0.0,15.831875854199975,13.90864049466862,236.42676521003082,226.7325116762816,0.0
3.537,4.53454714659306,-0.8771749284055615,-1.4504187394737436,0.0,15.727157911580296,13.50044540844801,236.55331326000265,226.7325116762816,0.0
3.5380000000000003,4.197472295958721,-0.8653611157007242,-1.6119007802968692,0.0,15.590904634710089,13.143935279233787,236.9454033315639,226.7325116762816,0.0
3.539,3.897162248427853,-0.8738839872374401,-1.9100747326303207,0.0,15.43368132660157,12.80792987762758,236.68384469488544,226.7325116762816,0.0
3.54,3.626084177374185,-0.8891255367731029,-1.8788087444771229,0.0,15.26017115087684,12.523039170931913,236.31320674814722,226.7325116762816,0.0
3.541,3.393739012147562,-0.9159047774769218,-1.7892967218266724,0.0,15.078316223037081,12.28166736740775,235.7985317971572,226.7325116762816,0.0
3.5420000000000003,3.198834169205045,-0.9516391995410278,-1.6226194475404214,0.0,14.894172601648886,12.082802712468428,235.21557391635764,226.7325116762816,0.0
3.543,3.0393664352801233,-0.9938043615705138,-1.415971129541398,0.0,14.712837700508192,11.922067105423558,234.5856871475874,226.7325116762816,0.0
3.544,2.9109653889205767,-1.0405382571002044,-1.179559499869339,0.0,14.538281805665042,11.79573980281335,233.8826930530633,226.7325116762816,0.0
3.545,2.809974987750768,-1.0889024649662047,-0.8995642663750982,0.0,14.373401493955154,11.702849934032573,233.18700262911005,226.7325116762816,0.0
3.5460000000000003,2.7342395437740437,-1.13708336209847,-0.6162639639267642,0.0,14.220536483144063,11.638445096719002,232.60854987981452,226.7325116762816,0.0
3.547,2.6806296481140013,-1.1823261350868972,-0.38579797131432514,0.0,14.081012385740134,11.592852232301398,232.1228847480041,226.7325116762816,0.0
3.548,2.6430183260995355,-1.2216500284216973,-0.19686913612634704,0.0,13.954754612171774,11.559944902994706,231.24591382607565,226.7325116762816,0.0
3.549,2.61472502874371,-1.2559035774589122,0.196482303339943,0.0,13.841206534490333,11.561818048740257,230.18708436382883,226.7325116762816,0.0
3.5500000000000003,2.6067527873886327,-1.2873018725425425,0.6913513075878805,0.0,13.742311856120415,11.603245161791223,229.03329500037253,226.7325116762816,0.0
3.551,2.6242584627110133,-1.3192315352426671,1.2452381560751205,0.0,13.66064763683876,11.684613612292196,227.71347381725602,226.7325116762816,0.0
3.552,2.671134219757808,-1.3488244969328895,1.8953391262236345,0.0,13.598222613694299,11.810669757524453,227.26414894254745,226.7325116762816,0.0
3.553,2.750023631437358,-1.377189621600888,2.1146851909152593,0.0,13.557469941484081,11.92729576561935,228.18709984533842,226.7325116762816,0.0
3.5540000000000003,2.8344846220032593,-1.3927570546311303,1.6386638578292043,0.0,13.533883903691024,11.965126283551898,229.29402246651316,226.7325116762816,0.0
3.555,2.8708728451080208,-1.3961029428563583,1.0595874393395226,0.0,13.516651894844998,11.934718858573016,224.91668722143257,226.7325116762816,0.0
3.556,2.870422046606278,-1.355202683143066,3.2664133064283067,0.0,13.493569856934972,12.154584054838324,222.19668909642056,226.7325116762816,0.0
3.557,2.988916257345071,-1.3461716100231644,4.671770594732923,0.0,13.494198126996427,12.469636699562429,225.7660676740233,226.7325116762816,0.0
3.5580000000000003,3.18586742739174,-1.3782801912093068,2.896745745954132,0.0,13.529891089185817,12.523460913973814,226.0620624146906,226.7325116762816,0.0
3.559,3.272901892754537,-1.3662948121505745,2.755452868236401,0.0,13.56575769908909,12.5700757556124,220.1588402095683,226.7325116762816,0.0
3.56,3.3377561829630786,-1.3067360538049722,5.772800685464679,0.0,13.596267522538458,12.942673335480423,222.15405565893886,226.7325116762816,0.0
3.561,3.5598534983934593,-1.3024240367612527,4.820977520952825,0.0,13.661107387338342,13.122405951642742,224.41572565354832,226.7325116762816,0.0
3.5620000000000003,3.7209276513628717,-1.2986141440075887,3.7133103838754264,0.0,13.737060559242003,13.162826955563087,217.53979203075772,226.7325116762816,0.0
3.563,3.8134905854992267,-1.2280167885151365,7.243204391725964,0.0,13.801732904170706,13.597595007290797,220.99459245354862,226.7325116762816,0.0
3.564,4.080368712265869,-1.2248748575471364,5.573183372557846,0.0,13.903775180927747,13.74792127154864,219.22183093534093,226.7325116762816,0.0
3.565,4.24706149207598,-1.206607939478061,6.534670939071097,0.0,14.00866791475695,14.000215555053089,216.6846392352638,226.7325116762816,0.0
3.5660000000000003,4.467521919250208,-1.1458752023134722,7.90374551351984,0.0,14.121802871646272,14.356169291923187,219.1175917330513,226.7325116762816,0.0
3.567,4.723068632355153,-1.1527896662879036,6.763418464058387,0.0,14.260587624942495,14.522808895440152,213.45642393180964,226.7325116762816,0.0
3.568,4.932423936580003,-1.0795210346544697,9.726763242123944,0.0,14.394029169141373,15.003560593683188,218.50810423953823,226.7325116762816,0.0
3.569,5.25131978992335,-1.104600565770324,7.283167162627083,0.0,14.565693163483747,15.118167269170982,213.73791453549148,226.7325116762816,0.0
3.5700000000000003,5.464157926871112,-1.0132389354370817,9.798207986058355,0.0,14.721350851292843,15.519346891385814,214.79918773463575,226.7325116762816,0.0
3.571,5.749960747258879,-1.0107709973033705,9.38690462590268,0.0,14.902202875651149,15.796270613435464,216.44661307450204,226.7325116762816,0.0
3.572,6.035831411199815,-0.9500304429016531,8.666050941987333,0.0,15.086005288175725,15.959818549257221,209.56521394823358,226.7325116762816,0.0
3.573,6.254227192754266,-0.8682786678515355,10.0,0.0,15.259396963318528,16.258170036638226,217.72810790975137,226.7325116762816,0.0
3.5740000000000003,6.456589457372404,-0.9238828829466121,8.241452069660408,0.0,15.452218601096106,16.31716988858548,225.87671530765826,226.7325116762816,0.0
3.575,6.517614356568435,-0.9865237475364479,4.1757063343931975,0.0,15.63799251324459,15.955216251274386,224.6771719400687,226.7325116762816,0.0
3.576,6.302200674419916,-0.9822747423481781,4.796031415550112,0.0,15.767899871230505,15.781234339217477,232.54230497471022,226.7325116762816,0.0
3.577,6.083770580217045,-1.0172527470868808,0.8053669652450601,0.0,15.871308372785274,15.21433818736056,231.32523620499822,226.7325116762816,0.0
3.5780000000000003,5.694195737315461,-0.9417648725517502,1.3679741048138938,0.0,15.899032962752619,14.856934862477576,234.46758299628777,226.7325116762816,0.0
3.579,5.334205602558338,-0.9328969845179862,-0.2805500040309452,0.0,15.888024172296577,14.386783772105275,234.70620636809775,226.7325116762816,0.0
3.58,4.957058958658753,-0.8889851662261494,-0.47959863685409587,0.0,15.826359530717141,13.995023032683882,236.37751929678282,226.7325116762816,0.0
3.581,4.605656569089078,-0.8844533075425659,-1.4117051774016427,0.0,15.731625893081237,13.570613466328357,236.27068566237236,226.7325116762816,0.0
3.5820000000000003,4.263570668440579,-0.8699268269377467,-1.4536701000573182,0.0,15.602372068293679,13.217991841933788,236.80253234429796,226.7325116762816,0.0
3.583,3.9618377576882566,-0.8782868603710017,-1.8202936477002822,0.0,15.451846332029124,12.877567817662014,236.65980986037175,226.7325116762816,0.0
3.584,3.6865697012628584,-0.892398086280607,-1.8482053875780804,0.0,15.283799401479564,12.583991723380105,236.36136650313725,226.7325116762816,0.0
3.585,3.4471844958174445,-0.9168625582976557,-1.795272257229385,0.0,15.10574953421956,12.332649999243312,235.88987310140072,226.7325116762816,0.0
3.586,3.2436733949903056,-0.9502784773357127,-1.6510991706123144,0.0,14.923801587645881,12.123959538055113,235.31615411185373,226.7325116762816,0.0
3.587,3.075620825946734,-0.9901329214049632,-1.4500761001945408,0.0,14.743229219267993,11.955064806794681,234.70460655799232,226.7325116762816,0.0
3.588,2.93976354365961,-1.0352028388851253,-1.2240232720809412,0.0,14.568383761083975,11.821121667571958,234.01590034653887,226.7325116762816,0.0
3.589,2.83216869306186,-1.0825012482556242,-0.9525040530567885,0.0,14.402380660652042,11.721171743007517,233.31509563549696,226.7325116762816,0.0
3.59,2.750522729528575,-1.130172843138302,-0.6679275371279862,0.0,14.247753769150247,11.651109832900932,232.7096482460335,226.7325116762816,0.0
3.591,2.691998803694322,-1.175622371244844,-0.4249752080937803,0.0,14.10610610793086,11.602091587895739,232.25716412170618,226.7325116762816,0.0
3.592,2.6511909798560627,-1.2155798798410082,-0.25397967038436287,0.0,13.977662218997414,11.564094008490688,231.43335807145047,226.7325116762816,0.0
3.593,2.6192237412322124,-1.2506139558425582,0.11091489079180405,0.0,13.86171713429101,11.558588562495316,230.34450713852954,226.7325116762816,0.0
3.594,2.6068150928041987,-1.2813825679312143,0.619220402629792,0.0,13.75985022002545,11.595349092260106,229.28773291141334,226.7325116762816,0.0
3.595,2.6202173700362894,-1.3142752057481595,1.122055303836571,0.0,13.6751565542019,11.666877324656417,227.94814626944617,226.7325116762816,0.0
3.596,2.66080679892965,-1.343760374559248,1.7796922788885121,0.0,13.608999520391386,11.785764271068434,227.3054018381324,226.7325116762816,0.0
3.597,2.7339071745629826,-1.372615743895285,2.095335592926883,0.0,13.564226123541983,11.90665606722117,227.58406600664233,226.7325116762816,0.0
3.598,2.8187956778113192,-1.390885876359317,1.9474879653683161,0.0,13.537740406870473,11.982954940300884,229.62648800632834,226.7325116762816,0.0
3.599,2.8768165067211258,-1.4009521006458003,0.8973372022248425,0.0,13.522457732520955,11.929403840587682,225.76012843901222,226.7325116762816,0.0
3.6,2.8675062740141444,-1.364220632099106,2.840240818255598,0.0,13.499207091852078,12.10550482269253,222.3300282325601,226.7325116762816,0.0
3.601,2.9599505499935983,-1.3485109441378484,4.599315755918875,0.0,13.494530862470294,12.425477876817853,225.26104973909938,226.7325116762816,0.0
3.602,3.1545249430599043,-1.3740852724575725,3.148519622021057,0.0,13.525289834434002,12.515328938009569,227.07143167061588,226.7325116762816,0.0
3.603,3.2591960947146204,-1.3684826843186917,2.2399394563194632,0.0,13.56108598734204,12.504266850638931,220.91822089155738,226.7325116762816,0.0
3.604,3.297580839280902,-1.3048927816493503,5.374687753695954,0.0,13.585257452809971,12.848623091278847,221.0581494979952,226.7325116762816,0.0
3.605,3.500303174376223,-1.2891304454687011,5.361467072259908,0.0,13.640349437841921,13.106243487055018,224.46023954325432,226.7325116762816,0.0
3.606,3.694996927974619,-1.2994277920596917,3.6831447709606233,0.0,13.716984595435108,13.139738705883325,218.25107706957192,226.7325116762816,0.0
3.607,3.789162450331589,-1.2426298839041687,6.872540353868919,0.0,13.782955015788792,13.536753385797748,220.3864808909768,226.7325116762816,0.0
3.608,4.042317227314374,-1.2272127867636342,5.868298751019528,0.0,13.880901960494644,13.731397737369049,220.67099440661332,226.7325116762816,0.0
3.609,4.223966363549605,-1.218203131641762,5.786657165897951,0.0,13.987681754795044,13.899984332702875,214.89988594477074,226.7325116762816,0.0
3.61,4.40509986406322,-1.1456213314780543,8.790537654134347,0.0,14.092748327731993,14.375525323796431,220.62341320884104,226.7325116762816,0.0
3.611,4.710181392104685,-1.1699169322225165,5.989865006773602,0.0,14.238260676568135,14.444158443902854,213.88869928323916,226.7325116762816,0.0
3.612,4.878222548188517,-1.0937697403719744,9.485660093504968,0.0,14.367465955420295,14.917589961007504,218.94984212468952,226.7325116762816,0.0
3.613,5.189938090052902,-1.0982612211323521,7.032915368295707,0.0,14.532349392899857,15.01923068560233,212.89994951614608,226.7325116762816,0.0
3.614,5.384792164813414,-1.0135693762325073,10.0,0.0,14.681547541344358,15.459785645420176,215.93340917395963,226.7325116762816,0.0
3.615,5.6895888808685084,-1.0145712282091934,8.783524744401852,0.0,14.860838493092626,15.676142701649395,215.3014933464365,226.7325116762816,0.0
3.616,5.95435291144626,-0.9372361341087774,9.213792841461869,0.0,15.035319176418176,15.922211314460103,209.21216371655157,226.7325116762816,0.0
3.617,6.193187588620326,-0.8932309056277687,10.0,0.0,15.212891428500331,16.219677066607513,217.92856679911114,226.7325116762816,0.0
3.618,6.4379499055098375,-0.8991424290068641,8.114825820773522,0.0,15.403543350445528,16.265386729362007,221.81169309023448,226.7325116762816,0.0
3.619,6.500756516635905,-0.9545667119730079,6.2224708610723205,0.0,15.585738602364133,16.131822210205723,224.84256778169961,226.7325116762816,0.0
3.62,6.388296229438734,-1.0222981063096004,4.725932954285575,0.0,15.743254087722624,15.897136745710355,232.96809774835572,226.7325116762816,0.0
3.621,6.194604614431434,-1.024171094484383,0.6008121102367823,0.0,15.861078192851584,15.283054937201701,230.24404351793874,226.7325116762816,0.0
3.622,5.766597668742059,-0.9596078673545656,1.9277239070287018,0.0,15.898591021750754,14.974519074020165,236.1706231040472,226.7325116762816,0.0
3.623,5.425238859766226,-0.9474105210087189,-1.1299470003031837,0.0,15.900802905615105,14.384244561802719,233.78480119772746,226.7325116762816,0.0
3.624,4.990301345244927,-0.8765055231046706,-0.007558942357775322,0.0,15.836088573565293,14.051687623148355,235.98689187420536,226.7325116762816,0.0
3.625,4.649606734069219,-0.8753352172152806,-1.2011480825759602,0.0,15.745170297186235,13.636523291235108,236.02809272551292,226.7325116762816,0.0
3.626,4.315627754786939,-0.8644003031868221,-1.3147043187220557,0.0,15.62063627776952,13.286559011910683,236.68840712113004,226.7325116762816,0.0
3.6270000000000002,4.0168940118105985,-0.8758606161492437,-1.7444204709791005,0.0,15.474929215928185,12.942525466124792,236.61182997342843,226.7325116762816,0.0
3.628,3.7402334267517854,-0.890228017274314,-1.8049250800997623,0.0,15.310855316686522,12.643411550179353,236.3943062330798,226.7325116762816,0.0
3.629,3.4966548128462303,-0.9142557448896924,-1.7927811554934245,0.0,15.135776791800934,12.38376955538123,235.96225398834036,226.7325116762816,0.0
3.63,3.286944244255168,-0.9461400961843591,-1.6690524562442999,0.0,14.95550892129034,12.16670500165165,235.42850581087916,226.7325116762816,0.0
3.6310000000000002,3.111820573366807,-0.9848990295301158,-1.4891383088596726,0.0,14.775506021612944,11.989039883575604,234.81866360695906,226.7325116762816,0.0
3.632,2.968884805475217,-1.0286112130997735,-1.2650787262063994,0.0,14.600157650954884,11.847960097716621,234.1467192480387,226.7325116762816,0.0
3.633,2.855139822891794,-1.0751505621375006,-1.003248622463785,0.0,14.432918345335183,11.741096759368151,233.4495458246549,226.7325116762816,0.0
3.634,2.7678639566729926,-1.1225322400848738,-0.7218322522556244,0.0,14.276463227526442,11.664996219436262,232.81879618790975,226.7325116762816,0.0
3.6350000000000002,2.704342955129838,-1.1682823507510265,-0.46732027899933026,0.0,14.132602262899187,11.612156926580356,232.358066872023,226.7325116762816,0.0
3.636,2.6600331065342093,-1.2090718339012354,-0.29321117301336086,0.0,14.00187280748893,11.571061221803296,231.600232955465,226.7325116762816,0.0
3.637,2.6256106992214185,-1.2449292088423047,0.03702857247379754,0.0,13.883643143554004,11.558930789225098,230.54675926241384,226.7325116762816,0.0
3.638,2.6090858612841026,-1.27606436970996,0.525622943138055,0.0,13.779089696700789,11.588106924929406,229.5482498239857,226.7325116762816,0.0
3.6390000000000002,2.617302128649152,-1.3090520821011478,0.996720280875079,0.0,13.691226504857674,11.649775828032853,228.22145181843587,226.7325116762816,0.0
3.64,2.6511327525270674,-1.3383169991518074,1.6452298822284597,0.0,13.621205786260882,11.759477398460229,227.4152315132966,226.7325116762816,0.0
3.641,2.7172595700988436,-1.367297495508046,2.0415128364279487,0.0,13.572052501995177,11.881377125239485,227.3790957344239,226.7325116762816,0.0
3.642,2.799540651401774,-1.389340510965637,2.053114885282864,0.0,13.542139445570749,11.97509529597868,229.2220590784287,226.7325116762816,0.0
3.6430000000000002,2.8699929681349707,-1.398372330477327,1.106737739258992,0.0,13.525362581854392,11.945305893422718,226.87011810858866,226.7325116762816,0.0
3.644,2.8715546341398483,-1.375703674628884,2.2813321598559506,0.0,13.504700593915626,12.056019642383415,222.65987777593918,226.7325116762816,0.0
3.645,2.9323446784855363,-1.3539314047915267,4.427178665184114,0.0,13.495007916543184,12.37122170081632,224.25307298589644,226.7325116762816,0.0
3.646,3.1195516744409946,-1.3678308772544845,3.6553754471093356,0.0,13.519551377420575,12.527592597515538,227.57106261996867,226.7325116762816,0.0
3.6470000000000002,3.2562012376855876,-1.3723213967369068,1.9879951206363482,0.0,13.55763254429859,12.481927564903947,222.11479225711776,226.7325116762816,0.0
3.648,3.279813153100551,-1.3176154277245176,4.762307496253444,0.0,13.58127652944145,12.765254501760714,219.55986423578398,226.7325116762816,0.0
3.649,3.450315273356634,-1.2857878970460626,6.111497981325311,0.0,13.627934841071196,13.124761858973816,223.91110393152857,226.7325116762816,0.0
3.65,3.6861549295903653,-1.312184409092299,3.9640922109005428,0.0,13.709099948891149,13.179040431047985,219.89643176999584,226.7325116762816,0.0
3.6510000000000002,3.797900612942158,-1.2740631744804696,6.039789090729765,0.0,13.783119102208762,13.475874742575837,219.31464103876758,226.7325116762816,0.0
3.652,4.010599114617101,-1.2329683154993707,6.404863162719039,0.0,13.875280549205591,13.747549339052469,221.8372263436518,226.7325116762816,0.0
3.653,4.216424526534499,-1.2317843830167299,5.192523363603229,0.0,13.985674027167128,13.84375069166432,215.504099459537,226.7325116762816,0.0
3.654,4.360572764984852,-1.159028889534993,8.471370927828069,0.0,14.086657027635527,14.300369834756665,220.75863550099433,226.7325116762816,0.0
3.6550000000000002,4.65471509308583,-1.1608494509089748,5.903841668852278,0.0,14.224131459052277,14.375294495750426,214.02272914004914,226.7325116762816,0.0
3.656,4.8133544438588745,-1.095097018082011,9.3988926746872,0.0,14.348099940202024,14.852096131714069,219.20540190271015,226.7325116762816,0.0
3.657,5.130765096286371,-1.0937572285350385,6.882827391092407,0.0,14.507861884311263,14.948567982683244,212.5753659296407,226.7325116762816,0.0
3.658,5.3197210028433,-1.0162296873216314,10.0,0.0,14.652780187468494,15.401807439585221,216.72376839485355,226.7325116762816,0.0
3.6590000000000003,5.632520583399941,-1.0172884653344905,8.358514698599526,0.0,14.829422346993743,15.579961277073938,213.93147847777146,226.7325116762816,0.0
3.66,5.880950619953836,-0.9318494341388676,9.88266998912567,0.0,14.99680679310369,15.91783657352282,210.95179685717616,226.7325116762816,0.0
3.661,6.154712803010797,-0.9156793962640912,10.0,0.0,15.180316010393264,16.208697993458003,217.71010183482286,226.7325116762816,0.0
3.662,6.423169186071743,-0.9013315583848138,8.210783198253324,0.0,15.373143886159431,16.26404446452161,222.15175386992945,226.7325116762816,0.0
3.6630000000000003,6.50354933674046,-0.944659285560445,6.035764758763552,0.0,15.557133149823446,16.105621962986113,222.94900334097662,226.7325116762816,0.0
3.664,6.389448698435106,-0.9944863739512294,5.674975106593019,0.0,15.711928939418744,15.976858832346988,232.66131255872472,226.7325116762816,0.0
3.665,6.236857770046204,-1.0358638921159087,0.7595324888945378,0.0,15.842422093104808,15.355004798045902,229.9135603200894,226.7325116762816,0.0
3.666,5.831545836034872,-0.9579002212319834,2.101598121774117,0.0,15.888690749013275,15.048225531794628,234.63977718786086,226.7325116762816,0.0
3.6670000000000003,5.489775076227722,-0.953694701837166,-0.34058296722740344,0.0,15.899971642281177,14.528232145879038,234.09406541642142,226.7325116762816,0.0
3.668,5.09199501205863,-0.893993577592607,-0.1413426189090803,0.0,15.851600039157779,14.148042536547353,236.11008057960603,226.7325116762816,0.0
3.669,4.735354147906255,-0.8876333870759266,-1.2431258895346335,0.0,15.76994402569916,13.713098858999576,235.97250948143926,226.7325116762816,0.0
3.67,4.384595628856079,-0.8681713989535044,-1.2667403185028236,0.0,15.65088202904333,13.356921221834458,236.69857620640698,226.7325116762816,0.0
3.6710000000000003,4.075520318856627,-0.875309195906436,-1.7294343262879388,0.0,15.509088245882616,13.004285651063034,236.68321263176102,226.7325116762816,0.0
3.672,3.790190153438303,-0.8863863831736545,-1.8212595485197527,0.0,15.347357396590699,12.695555989781052,236.49818627512448,226.7325116762816,0.0
3.673,3.5382059858954835,-0.907883662911022,-1.8264031161899106,0.0,15.173180594998204,12.426743626252202,236.07272386222496,226.7325116762816,0.0
3.674,3.3206620823869955,-0.9379738881531493,-1.7070740315995838,0.0,14.992635189191343,12.201982441609136,235.53990214039894,226.7325116762816,0.0
3.6750000000000003,3.13914442021439,-0.9752845624931694,-1.5287370753277445,0.0,14.811471477425844,12.017858112997587,234.95480056850872,226.7325116762816,0.0
3.676,2.990853975886606,-1.0185599198779398,-1.3184091783049054,0.0,14.634398886544655,11.869879317434762,234.28515987616905,226.7325116762816,0.0
3.677,2.872064047528107,-1.0648941530006817,-1.0591153141339449,0.0,14.46489968726496,11.756994176104843,233.5824833811101,226.7325116762816,0.0
3.678,2.7803408783737438,-1.1124714376686937,-0.7762767836527606,0.0,14.305832052762497,11.67586857801456,232.92604101995485,226.7325116762816,0.0
3.6790000000000003,2.713011045670747,-1.1590083050704887,-0.5099908965118645,0.0,14.159201904468773,11.619900888469534,232.4182777971272,226.7325116762816,0.0
3.68,2.66597037589249,-1.20135977795674,-0.312966946306489,0.0,14.025831295393381,11.57837790404939,231.7815345450128,226.7325116762816,0.0
3.681,2.6310465491555544,-1.2385712249406957,-0.04508554893660133,0.0,13.905315193222892,11.558538085615645,230.72552204709936,226.7325116762816,0.0
3.682,2.6103980124660344,-1.2703622725759933,0.4429905963119358,0.0,13.797991620196118,11.581562301580338,229.74863918165988,226.7325116762816,0.0
3.6830000000000003,2.614507798577632,-1.3033208674107533,0.9012707539778919,0.0,13.707010361023965,11.63642323269749,228.47206927355913,226.7325116762816,0.0
3.684,2.643314560075449,-1.3332835734264314,1.5221601320554936,0.0,13.633579632594117,11.737287328893938,227.54675235573606,226.7325116762816,0.0
3.685,2.7034042508023832,-1.3623191435578579,1.976676184172483,0.0,13.5804726722812,11.858188016214868,226.86072557342,226.7325116762816,0.0
3.686,2.7829341932759344,-1.3865566244012253,2.318407436359123,0.0,13.547142243923119,11.986585819226947,228.64383390473748,226.7325116762816,0.0
3.6870000000000003,2.8719828502766385,-1.4017328960935433,1.4077400484158318,0.0,13.531411653779779,11.986220021061044,228.39142501766185,226.7325116762816,0.0
3.688,2.891042743316313,-1.3927997131788485,1.5173553585398452,0.0,13.516083129996648,12.004276000026117,224.11778180958146,226.7325116762816,0.0
3.689,2.9112465028776615,-1.3533702260729181,3.6803242612470397,0.0,13.49984514473582,12.253792140291564,222.86116606100325,226.7325116762816,0.0
3.69,3.052828504540467,-1.3470790388220968,4.34734559168893,0.0,13.5098848363011,12.513103542738627,226.15432150194746,226.7325116762816,0.0
3.6910000000000003,3.2277311428091053,-1.368602774250231,2.706549772960162,0.0,13.547282221724158,12.54250655054001,224.04650714298378,226.7325116762816,0.0
3.692,3.297333572926144,-1.3442514539678672,3.7873169977749797,0.0,13.580986286799702,12.702094108090286,218.3911995253896,226.7325116762816,0.0
3.693,3.417017958514946,-1.2997814000254884,6.698383928080995,0.0,13.622630508391888,13.146033748365006,223.9746919841967,226.7325116762816,0.0
3.694,3.6867671701704854,-1.324312685155896,3.934215895598286,0.0,13.707647413756092,13.188099124469087,222.22048532102497,226.7325116762816,0.0
3.6950000000000003,3.7935366123634795,-1.2972591911011564,4.856439490736724,0.0,13.785147968996961,13.354498782764574,216.7745090547238,226.7325116762816,0.0
3.696,3.9410381479730052,-1.2268691270083918,7.679007650102882,0.0,13.864066062433631,13.798111317838364,223.04894392529408,226.7325116762816,0.0
3.697,4.217438167718155,-1.2437750646474692,4.5786258923276195,0.0,13.982017153815244,13.80705774698363,216.2313779188544,226.7325116762816,0.0
3.698,4.329031991179685,-1.177183179877737,8.092420233121729,0.0,14.081573612272159,14.234914517034326,220.4040887885409,226.7325116762816,0.0
3.6990000000000003,4.608709497939871,-1.155694105299829,6.069349027155895,0.0,14.212262222532578,14.34261689235245,214.86136130445354,226.7325116762816,0.0
3.7,4.767892398944644,-1.1081690661574597,8.95942427291785,0.0,14.33563934573889,14.776043536215354,218.85581982545892,226.7325116762816,0.0
3.701,5.0744852104829015,-1.0859564219497815,7.040961930923386,0.0,14.488053280539438,14.90640023767643,212.8339812761487,226.7325116762816,0.0
3.702,5.266563599416691,-1.0270913788311788,10.0,0.0,14.632008463705068,15.365578778822492,217.55080004309278,226.7325116762816,0.0
3.7030000000000003,5.5917299785235,-1.0217847410987406,7.9204569122480795,0.0,14.807490902949356,15.501047346014616,212.62519747587044,226.7325116762816,0.0
3.704,5.81623074731424,-0.9357295903462235,10.0,0.0,14.969558954782974,15.868619050166279,212.56415214740113,226.7325116762816,0.0
3.705,6.10018932615196,-0.9206219449780395,10.0,0.0,15.151376082365434,16.16585452222437,216.76269893378677,226.7325116762816,0.0
3.706,6.395794212768673,-0.8725985995496837,8.672754685449092,0.0,15.33960355285201,16.27587422349485,218.39139856736625,226.7325116762816,0.0
3.7070000000000003,6.502886283100363,-0.9376723505191142,7.941815999748502,0.0,15.527648592477902,16.317759820535052,226.17004735652012,226.7325116762816,0.0
3.708,6.498563460250837,-1.0388834716498898,4.058116248369185,0.0,15.711560173659915,15.95591020725588,229.40681966921508,226.7325116762816,0.0
3.709,6.279226382292446,-1.013578335352701,2.4129870120923664,0.0,15.83709995919181,15.530593345293084,230.26814999203552,226.7325116762816,0.0
3.71,5.927993374333521,-0.9935499706731428,1.9469654675246093,0.0,15.905604011222456,15.16199333063598,233.46780075861892,226.7325116762816,0.0
3.7110000000000003,5.59285055664238,-0.953619775499843,0.2797871934095344,0.0,15.926205618762058,14.691727707807106,235.09692249224267,226.7325116762816,0.0
3.712,5.197052866011519,-0.9318816036393883,-0.6184177815619503,0.0,15.895728606311899,14.228604361301848,235.6271190126424,226.7325116762816,0.0
3.713,4.8134305340571695,-0.887369734186953,-0.9724621151254214,0.0,15.81730803653506,13.817023300868499,236.89992813583711,226.7325116762816,0.0
3.714,4.453292101625911,-0.8781835350825198,-1.7105408413183358,0.0,15.705006054485613,13.396889077203115,236.73503412747658,226.7325116762816,0.0
3.715,4.113024458782193,-0.8646815652211433,-1.7281190616500188,0.0,15.560527493580867,13.046813317113264,236.97994987342884,226.7325116762816,0.0
3.716,3.8167647030315695,-0.873309570509113,-1.9530513165976187,0.0,15.396573313037898,12.721916407805136,236.64707059294906,226.7325116762816,0.0
3.717,3.553895959998192,-0.8910372102577184,-1.8857572655244068,0.0,15.218388619937882,12.44871840371722,236.2006339242503,226.7325116762816,0.0
3.718,3.331367960472212,-0.9205591587433508,-1.7572201536547105,0.0,15.033772733674997,12.220337265040545,235.65871809748816,226.7325116762816,0.0
3.719,3.1472654866993963,-0.9588302408690632,-1.5755243044857083,0.0,14.84869492171972,12.033059816014898,235.06030353958394,226.7325116762816,0.0
3.72,2.99771631949673,-1.0031197757138457,-1.3595949441666217,0.0,14.667886284069073,11.882546985494264,234.40877454444762,226.7325116762816,0.0
3.721,2.878018005824914,-1.0511571445030712,-1.1105930752801232,0.0,14.494948442349786,11.765906809066822,233.6960610954762,226.7325116762816,0.0
3.722,2.7848478742076135,-1.1002008360755753,-0.8238718449863622,0.0,14.332554799544779,11.681737914094834,233.01401571871472,226.7325116762816,0.0
3.723,2.716069948003611,-1.1483555617818764,-0.5456641970299465,0.0,14.18279021443503,11.62411604387808,232.4794763878058,226.7325116762816,0.0
3.724,2.668157991480449,-1.1926414677522883,-0.3358641786907248,0.0,14.046629803214268,11.582158363665275,231.90839693426017,226.7325116762816,0.0
3.725,2.633751928986268,-1.2308141675223898,-0.10208330449769987,0.0,13.92364580300931,11.55770385363865,230.92670334084562,226.7325116762816,0.0
3.726,2.6103838262200765,-1.2648064415270721,0.34682157556393367,0.0,13.813872174964999,11.572664553338381,229.87756821580925,226.7325116762816,0.0
3.727,2.6104285951061854,-1.2968849467115358,0.8399385726868434,0.0,13.719760692525336,11.624667035541478,228.67385822491582,226.7325116762816,0.0
3.728,2.6360937639785678,-1.3283164315312714,1.422380102647216,0.0,13.643397284828273,11.71837279871761,227.63910300784715,226.7325116762816,0.0
3.729,2.691810434047561,-1.3575687020544094,1.9306917978658928,0.0,13.586944229127875,11.839289333962,227.05526812918725,226.7325116762816,0.0
3.73,2.7700411481461993,-1.3833592457829484,2.219381672666786,0.0,13.550772569626874,11.961093467537676,228.3922554225438,226.7325116762816,0.0
3.731,2.856307912945027,-1.3975519114885573,1.5342905885258928,0.0,13.531701777223862,11.980146066815278,228.82374773220053,226.7325116762816,0.0
3.732,2.8838929578809887,-1.3943413795645891,1.2976320731383373,0.0,13.515948238820222,11.974033113778646,224.46820227987504,226.7325116762816,0.0
3.733,2.89414477446377,-1.35322458837657,3.498047893265146,0.0,13.496668017241841,12.210516578198376,222.45605306580535,226.7325116762816,0.0
3.734,3.0254405744058737,-1.3451701399559646,4.546887086404756,0.0,13.502489342848884,12.500451807234581,226.09463280228383,226.7325116762816,0.0
3.735,3.2139976146438847,-1.3710023590602844,2.7339760069054955,0.0,13.539644147384527,12.532638718824806,225.06423891912877,226.7325116762816,0.0
3.736,3.287008831883149,-1.352941144631398,3.265855676054552,0.0,13.574057106847404,12.635812630617016,218.8403554283745,226.7325116762816,0.0
3.737,3.3776432456379957,-1.3011778868764012,6.456718983910761,0.0,13.609832815334457,13.068546941008343,223.03751028704673,226.7325116762816,0.0
3.738,3.636650374136297,-1.314611116241064,4.3950915684669924,0.0,13.687299671819595,13.175313302434601,223.49829614997034,226.7325116762816,0.0
3.739,3.771448510467165,-1.3011975009069314,4.1970407922682975,0.0,13.766086648818451,13.265742678427918,216.71123280911726,226.7325116762816,0.0
3.74,3.8850885588138877,-1.2282034059222944,7.690785251366481,0.0,13.838142651421784,13.730147788829749,222.2642078810377,226.7325116762816,0.0
3.741,4.169581214146136,-1.23533787947338,4.9589807533587065,0.0,13.950948297845425,13.789724257476808,217.3293139770983,226.7325116762816,0.0
3.742,4.299906880365306,-1.1930572317844712,7.520459682320231,0.0,14.053708810510123,14.152213474336584,219.15337818437675,226.7325116762816,0.0
3.743,4.560826096135865,-1.1520984040031461,6.68421891360006,0.0,14.178359529015271,14.343730689855452,216.89746266126028,226.7325116762816,0.0
3.744,4.747797368189701,-1.1290316806252112,7.910527165308508,0.0,14.307569145928028,14.653859923279855,217.45922627372033,226.7325116762816,0.0
3.745,5.010258438064344,-1.0727638317986843,7.7223782131040934,0.0,14.448911928354818,14.885936722827859,214.31689568150472,226.7325116762816,0.0
3.746,5.224613204760166,-1.0486794528998367,9.41769966915967,0.0,14.597241509303117,15.276352556714102,217.19330841024652,226.7325116762816,0.0
3.747,5.537630538747184,-1.0141094921449183,8.074885337449121,0.0,14.766217863651155,15.445608615186222,211.37222861892815,226.7325116762816,0.0
3.748,5.759643555081132,-0.9514868481337064,10.0,0.0,14.928679397177921,15.818736200986768,214.48261248002325,226.7325116762816,0.0
3.749,6.053586137398868,-0.9310179551984397,9.683554563823236,0.0,15.110582184149298,16.086623483063377,214.68545354599877,226.7325116762816,0.0
3.75,6.343789164316238,-0.8627817739106294,9.702604612138304,0.0,15.293782129618887,16.322189368168154,217.64615292124097,226.7325116762816,0.0
3.751,6.519429987271683,-0.9387900237517348,8.31311851206761,0.0,15.491261938347396,16.38306622756255,225.53765980990894,226.7325116762816,0.0
3.7520000000000002,6.547345840282705,-1.0468439722771854,4.379313586397349,0.0,15.686207303981888,16.037465365465696,229.078341778577,226.7325116762816,0.0
3.753,6.346072642795435,-1.0250040768760056,2.5855143010403685,0.0,15.823615118863858,15.610358464263111,229.89662223994927,226.7325116762816,0.0
3.754,5.997926807025889,-1.0042163738075671,2.1447329647175577,0.0,15.902503213753853,15.245438390486814,233.3194910953923,226.7325116762816,0.0
3.755,5.663581369161798,-0.9635897511581928,0.367428742804937,0.0,15.93274944031647,14.767100022337342,234.7855105933197,226.7325116762816,0.0
3.7560000000000002,5.2629305212379185,-0.9372135879549064,-0.44611099532915377,0.0,15.909642095682017,14.30863192357645,235.68208847565063,226.7325116762816,0.0
3.757,4.878331932049918,-0.8917180214711071,-0.9838957044883023,0.0,15.83825792495373,13.880978315933469,236.76237756968916,226.7325116762816,0.0
3.758,4.508386221228186,-0.8782383936386382,-1.6243389104416446,0.0,15.730219007137244,13.460728788717196,236.7244007753189,226.7325116762816,0.0
3.759,4.164035787440681,-0.8628424465512199,-1.7052694042468919,0.0,15.589400270479489,13.103381490790268,237.0312504205632,226.7325116762816,0.0
3.7600000000000002,3.861795797220349,-0.8698686125856496,-1.9616816143118498,0.0,15.427855515429474,12.770093905407526,236.71408936366373,226.7325116762816,0.0
3.761,3.592281975933844,-0.8855134255912693,-1.9029168627359385,0.0,15.250787145116464,12.489632968271364,236.29132440849037,226.7325116762816,0.0
3.762,3.363543312160391,-0.913533069017959,-1.7871225124713446,0.0,15.066305230768016,12.254127133633078,235.75678888085673,226.7325116762816,0.0
3.763,3.17361072044401,-0.9507864125226397,-1.6100975207002772,0.0,14.88053859574183,12.06064369506702,235.16688666523098,226.7325116762816,0.0
3.7640000000000002,3.0190669204476754,-0.994424732945736,-1.3994901627768934,0.0,14.698427962173156,11.904428988391242,234.52677299026558,226.7325116762816,0.0
3.765,2.89495377123243,-1.0422809459966256,-1.1573759384340372,0.0,14.523734721525138,11.782258188538366,233.81554401463154,226.7325116762816,0.0
3.766,2.797727253812771,-1.0914099848201726,-0.8725917740005151,0.0,14.359219357096718,11.693194045874252,233.12106146691696,226.7325116762816,0.0
3.767,2.7253199940588986,-1.1400351743739159,-0.5892359980495763,0.0,14.207106595307396,11.631898608142698,232.55715723212427,226.7325116762816,0.0
3.7680000000000002,2.6744911340233344,-1.185317460430019,-0.3655303362116591,0.0,14.068570365494487,11.5881626050544,232.0402010882965,226.7325116762816,0.0
3.769,2.6385972436083875,-1.2245924728452742,-0.1601291584179232,0.0,13.943381586859157,11.558743691577865,231.15310338397728,226.7325116762816,0.0
3.77,2.6120542070937707,-1.2598425682595944,0.23921377666472843,0.0,13.83125455511113,11.564182297779062,229.99378528400058,226.7325116762816,0.0
3.771,2.607159895314682,-1.2902699725432893,0.7862600905758894,0.0,13.733878600675093,11.614318949295292,228.8914250165117,226.7325116762816,0.0
3.7720000000000002,2.6297801474471454,-1.3233328440899526,1.3158510909180268,0.0,13.654586548661573,11.699951716262456,227.70845589466413,226.7325116762816,0.0
3.773,2.680513858516791,-1.3529856198668733,1.89757620965799,0.0,13.594718155166117,11.82243134869319,227.21419476448943,226.7325116762816,0.0
3.774,2.758315597462164,-1.3802384730948896,2.139889943863258,0.0,13.555785850360593,11.939462583933192,228.2342823233214,226.7325116762816,0.0
3.775,2.842531774624007,-1.3945649855781896,1.6148284579768797,0.0,13.5337532874005,11.972231802280739,229.17973015275535,226.7325116762816,0.0
3.7760000000000002,2.876268004661239,-1.3956770482682423,1.1176323584951624,0.0,13.517179964342253,11.947211062880918,224.7818613890742,226.7325116762816,0.0
3.777,2.8781192126164137,-1.3540488614109376,3.3360732432078093,0.0,13.495171678468635,12.172169252853763,222.18534503839018,226.7325116762816,0.0
3.778,3.0002896763947677,-1.345010859889885,4.6798030849287375,0.0,13.497282141880927,12.484636430048074,225.82075378129989,226.7325116762816,0.0
3.779,3.196873368562803,-1.3767265918232132,2.8712162924237026,0.0,13.534007387199297,12.533283588770718,225.7791210229036,226.7325116762816,0.0
3.7800000000000002,3.2813100792265337,-1.363170632047417,2.90156657815562,0.0,13.57011651096342,12.594840754257167,219.80715470172032,226.7325116762816,0.0
3.781,3.3532748895370172,-1.3055990027273776,5.956803308492876,0.0,13.602573119272334,12.982553891023645,222.39017075271406,226.7325116762816,0.0
3.782,3.5849448708712117,-1.3054234266217248,4.7087186922316855,0.0,13.671111783348577,13.142135650008608,224.3090704104584,226.7325116762816,0.0
3.783,3.738568272386086,-1.298639585237697,3.7735032760177507,0.0,13.748010290124505,13.187638375528483,217.39443233226285,226.7325116762816,0.0
3.7840000000000003,3.8329673410667264,-1.2247774506626223,7.324203108555707,0.0,13.813712222385417,13.627362151375559,221.15029574817723,226.7325116762816,0.0
3.785,4.101689124190131,-1.223598350927642,5.502093559879563,0.0,13.917425259379847,13.76512928872749,218.6353998916672,226.7325116762816,0.0
3.786,4.26404603979234,-1.201097471520832,6.8405126059807255,0.0,14.022080400672621,14.049766163716555,217.38204678153897,226.7325116762816,0.0
3.787,4.498856658600255,-1.1468394963228958,7.56069380999226,0.0,14.138990346857334,14.3580350084034,218.79881604174915,226.7325116762816,0.0
3.7880000000000003,4.735126377951684,-1.1457903606193272,6.931646136232497,0.0,14.27546335771683,14.547129344145763,214.36114187229882,226.7325116762816,0.0
3.789,4.952067472845725,-1.0710221405896152,9.274196918997491,0.0,14.408984488218387,14.97343178699675,217.38074863887255,226.7325116762816,0.0
3.79,5.245787799870292,-1.086105372464929,7.857911166084716,0.0,14.57419058766147,15.161099332940985,214.89553537172114,226.7325116762816,0.0
3.791,5.488379304357149,-1.0074670388523317,9.218887562706026,0.0,14.73284178273853,15.486643133169268,213.35677421401095,226.7325116762816,0.0
3.7920000000000003,5.746081979937651,-0.9946143831156053,10.0,0.0,14.907554829535792,15.841888897749564,216.06892068452288,226.7325116762816,0.0
3.793,6.0606545466524,-0.9519757565557234,8.870147680521772,0.0,15.095759425747143,16.014960555453197,211.07848214963886,226.7325116762816,0.0
3.794,6.298714915608766,-0.8696375988390841,10.0,0.0,15.27381991702449,16.302086870426937,217.0423028194141,226.7325116762816,0.0
3.795,6.492316136624633,-0.9369471357221443,8.606460852046666,0.0,15.471014421305778,16.3948032429392,227.6353770546729,226.7325116762816,0.0
3.7960000000000003,6.558048744262485,-1.0234461666046437,3.3008950806333544,0.0,15.666602910438414,15.922996010622436,225.66557809131982,226.7325116762816,0.0
3.797,6.296309885554961,-0.985339528291299,4.296463898159508,0.0,15.790395106902812,15.709945178626825,231.50601405708613,226.7325116762816,0.0
3.798,6.037090766485886,-1.0095362154204999,1.3285108914683033,0.0,15.883545702488552,15.220044845076444,232.52681943119245,226.7325116762816,0.0
3.799,5.67588754543968,-0.9446734682483705,0.7601651268660365,0.0,15.91101433610046,14.792751263524732,233.9788254160112,226.7325116762816,0.0
3.8000000000000003,5.290317447874291,-0.9250324972739251,-0.038301002940636764,0.0,15.891494868860534,14.367586765378398,235.27762636023488,226.7325116762816,0.0
3.801,4.92764818267118,-0.8894070244199529,-0.7731526218920051,0.0,15.827688506225773,13.946175671732815,236.301496112497,226.7325116762816,0.0
3.802,4.56715692188277,-0.8808707887490688,-1.3807773423852239,0.0,15.727538939294682,13.537062194158262,236.42337054052288,226.7325116762816,0.0
3.803,4.230517525130317,-0.8688312969379958,-1.5386231450405745,0.0,15.595253999556721,13.180983737595785,236.8961037046881,226.7325116762816,0.0
3.8040000000000003,3.9295257690359247,-0.8774746416699599,-1.8766256474072494,0.0,15.441660870974946,12.841425514684836,236.67711954756956,226.7325116762816,0.0
3.805,3.6556817140120432,-0.8916805105750756,-1.8665796475608585,0.0,15.270947445092487,12.55206181470526,236.34648912814163,226.7325116762816,0.0
3.806,3.4195308383925966,-0.9169338991937366,-1.7974042123654925,0.0,15.091004805859326,12.30531013577632,235.85174142143018,226.7325116762816,0.0
3.807,3.2199069692483975,-0.9514107640142364,-1.6412226564612524,0.0,14.907921183900653,12.101324694464143,235.26091622094606,226.7325116762816,0.0
3.8080000000000003,3.055957461989208,-0.9921868535762403,-1.4310941016658378,0.0,14.72688798121025,11.937019967662835,234.6416141569924,226.7325116762816,0.0
3.809,2.924031665098697,-1.038085102263541,-1.2005340944961187,0.0,14.552168672568733,11.8071750510987,233.9455447928822,226.7325116762816,0.0
3.81,2.8199621691281154,-1.0859410383903252,-0.9246297436070243,0.0,14.38674197362203,11.711014960440785,233.2459948155603,226.7325116762816,0.0
3.811,2.741487599068881,-1.133879020171007,-0.6399895863388574,0.0,14.233036554138812,11.644071090491408,232.654692586454,226.7325116762816,0.0
3.8120000000000003,2.6856506392940678,-1.1792258555788504,-0.40356028088742857,0.0,14.092516061686037,11.596969207490263,232.18903297206356,226.7325116762816,0.0
3.813,2.6466348694127353,-1.2188311719603613,-0.22529568665003197,0.0,13.965240546626308,11.561503640944752,231.3202092467068,226.7325116762816,0.0
3.814,2.6166784078391023,-1.253201277746539,0.16323920032408967,0.0,13.850530684890668,11.56071832424688,230.2805131993998,226.7325116762816,0.0
3.815,2.60687055977648,-1.284712029185508,0.6476072087464169,0.0,13.75033575925923,11.598714983773101,229.1543798316429,226.7325116762816,0.0
3.8160000000000003,2.6219853935853026,-1.3168025884879062,1.1864552110712503,0.0,13.667174846152431,11.67556137475547,227.80499650024453,226.7325116762816,0.0
3.817,2.6657512048454617,-1.3463734346858696,1.850422028530807,0.0,13.602946550943305,11.799391814325698,227.27697594477578,226.7325116762816,0.0
3.818,2.742591280924228,-1.3749939711615564,2.1089876635802365,0.0,13.560376679762449,11.91820418184276,227.94517273613025,226.7325116762816,0.0
3.819,2.827609114964603,-1.3917944247301812,1.7627626573045196,0.0,13.535506876979188,11.971624357465561,229.62901444059838,226.7325116762816,0.0
3.8200000000000003,2.872692624714913,-1.3983094674848848,0.8918767774272838,0.0,13.51901472220386,11.920771330791888,225.2084638115171,226.7325116762816,0.0
3.821,2.8633754333488164,-1.3564556085032478,3.117392570615567,0.0,13.49441740532317,12.128345713505304,222.13805050184178,226.7325116762816,0.0
3.822,2.9724574701357076,-1.345230820168449,4.698543837197631,0.0,13.49222107027488,12.452282211691236,225.54910301314567,226.7325116762816,0.0
3.823,3.172194615511817,-1.3769189494297929,3.0048516681770434,0.0,13.52623596065211,12.520607509672155,226.63878318747572,226.7325116762816,0.0
3.8240000000000003,3.2674926562936846,-1.3684013559758479,2.460948865900074,0.0,13.56242807521716,12.534123967300204,220.5699797883756,226.7325116762816,0.0
3.825,3.3175689703366564,-1.3045528901078653,5.556975884329194,0.0,13.589414468777571,12.891354576535013,221.642937800022,226.7325116762816,0.0
3.826,3.5283719572147523,-1.2943670235013573,5.071392617268594,0.0,13.648943323237386,13.10849876922527,224.56886060319985,226.7325116762816,0.0
3.827,3.705428534825264,-1.2967245185435063,3.6300677264104837,0.0,13.724594894640942,13.13882332910031,217.71343741333976,226.7325116762816,0.0
3.8280000000000003,3.795172114643246,-1.2317939581173114,7.1479700639699475,0.0,13.788547828294355,13.566961868164464,220.67714489462165,226.7325116762816,0.0
3.829,4.0605789987691185,-1.2245805436296422,5.726669991145604,0.0,13.888775152499454,13.738862493845598,219.9417207647815,226.7325116762816,0.0
3.83,4.235750012789587,-1.212581839727382,6.162289965180674,0.0,13.994922083567786,13.949112244550241,215.7041214348015,226.7325116762816,0.0
3.831,4.437616114604344,-1.1450258744535202,8.391373532585483,0.0,14.104168127458637,14.369341144906002,219.82433018716046,226.7325116762816,0.0
3.8320000000000003,4.719680213496547,-1.162593776120121,6.400350971297213,0.0,14.247120485832058,14.488160052339532,213.79732960720946,226.7325116762816,0.0
3.833,4.908389042965293,-1.0904446599068056,9.543203081963432,0.0,14.379547417311345,14.95707893240057,218.81142997392095,226.7325116762816,0.0
3.834,5.221622561816245,-1.1004733861721574,7.115363715631293,0.0,14.54744819470014,15.061289167421322,213.1233161738385,226.7325116762816,0.0
3.835,5.421296398471541,-1.0124823387580195,10.0,0.0,14.699200615373917,15.494625054779185,215.60257194797506,226.7325116762816,0.0
3.8360000000000003,5.72205723856497,-1.0136455295328004,8.965273829497795,0.0,14.880119244175473,15.726049399825985,215.81441485569692,226.7325116762816,0.0
3.837,5.992887592672159,-0.9396007470704602,8.968533343842712,0.0,15.05793188662295,15.936345250980368,208.6857064455911,226.7325116762816,0.0
3.838,6.219716104116086,-0.8817879808712621,10.0,0.0,15.233373893483822,16.23457868558015,218.90043406692834,226.7325116762816,0.0
3.839,6.445383273343792,-0.9102812765125603,7.6300454546033905,0.0,15.42480743330112,16.22696820735023,223.18097507937364,226.7325116762816,0.0
3.84,6.479162467364631,-0.9534441532606333,5.525290314349822,0.0,15.600799554799579,16.029979571301094,224.2781848938013,226.7325116762816,0.0
3.841,6.328750519264041,-0.9982239159600887,5.001228674960796,0.0,15.743987745672737,15.850572888307742,233.13094884973717,226.7325116762816,0.0
3.842,6.14267341964269,-1.0228858629968507,0.5108623252583055,0.0,15.857181465706288,15.233690372104988,230.41617225977117,226.7325116762816,0.0
3.843,5.7261738465682495,-0.9506999790078348,1.8314140144064064,0.0,15.889180495407047,14.92393401087116,235.2359170043907,226.7325116762816,0.0
3.844,5.383912399804786,-0.945611415831032,-0.663492411184448,0.0,15.887166102904796,14.394191728437551,234.26278923441865,226.7325116762816,0.0
3.845,4.982261695176765,-0.8868365290641248,-0.2522313017797928,0.0,15.825964569496819,14.02816898432895,236.25816129537412,226.7325116762816,0.0
3.846,4.634381770040996,-0.883891492961255,-1.3451738284484556,0.0,15.734544709915124,13.60254235698146,236.09961350966398,226.7325116762816,0.0
3.847,4.292607950161533,-0.8691615727061133,-1.3595709539272085,0.0,15.608113332689818,13.253798468809961,236.7104042212571,226.7325116762816,0.0
3.848,3.992200788505444,-0.8787318013654009,-1.7647452351735264,0.0,15.460650728724964,12.912487681634149,236.6226294012748,226.7325116762816,0.0
3.849,3.7164021276435752,-0.8930248486594734,-1.819759002432301,0.0,15.295279839354773,12.615895722271674,236.36922553086035,226.7325116762816,0.0
3.85,3.4746756608714504,-0.9171034001162813,-1.7894242057708665,0.0,15.119292553172652,12.360144759950085,235.92335541313966,226.7325116762816,0.0
3.851,3.2677597245505057,-0.9494024323300848,-1.6583975842791032,0.0,14.938641007405543,12.146823233967508,235.37789193008777,226.7325116762816,0.0
3.852,3.0956046900681997,-0.9885888665641127,-1.4721196452912202,0.0,14.758709981060495,11.972816907510074,234.75848544682358,226.7325116762816,0.0
3.853,2.9555864118074906,-1.0326284700478763,-1.242676141364547,0.0,14.583823916745079,11.835274577369782,234.0803542372909,226.7325116762816,0.0
3.854,2.844615023069004,-1.0793715711285103,-0.9770889622082928,0.0,14.41737357093121,11.731724698458532,233.38311633061554,226.7325116762816,0.0
3.855,2.7599175793432553,-1.1267813730841267,-0.6949760554139548,0.0,14.261960919011907,11.658468325735276,232.76518892377308,226.7325116762816,0.0
3.856,2.6986843717306694,-1.1722752042127411,-0.446339124467642,0.0,14.119294118416803,11.6074139368287,232.31629593247092,226.7325116762816,0.0
3.857,2.6559766491002974,-1.2125354380195699,-0.27773047137845586,0.0,13.989762246398017,11.56734440669683,231.51788400416447,226.7325116762816,0.0
3.858,2.6227242673325915,-1.2473308924291984,0.07362176949594046,0.0,13.872601506214911,11.558521987109705,230.48809853729065,226.7325116762816,0.0
3.859,2.607864388126371,-1.2787193061300628,0.5509586343227593,0.0,13.769379369054413,11.589161331080195,229.4217753105369,226.7325116762816,0.0
3.86,2.617548415664793,-1.3110172920755825,1.0572276113570824,0.0,13.682782274323996,11.656116903941804,228.08169056099203,226.7325116762816,0.0
3.861,2.6545548221892172,-1.3403957513847937,1.713778197282414,0.0,13.614449097017351,11.770901220283351,227.33641851328622,226.7325116762816,0.0
3.862,2.7243851897043374,-1.3695088797323554,2.0803751527652734,0.0,13.567336328600659,11.893822670142525,227.33082731556277,226.7325116762816,0.0
3.863,2.809048369879037,-1.38976790516826,2.0771875952341854,0.0,13.53916434352603,11.987109451146793,229.4786790780993,226.7325116762816,0.0
3.864,2.877538464611479,-1.4015502344021402,0.9758000399477416,0.0,13.52423170102066,11.940442321418155,226.39123053944974,226.7325116762816,0.0
3.865,2.871961024191204,-1.3721608703924257,2.5229371206408446,0.0,13.502774956459561,12.079446014234502,222.33367607227842,226.7325116762816,0.0
3.866,2.9457197771356305,-1.3523320824103853,4.595702710266533,0.0,13.49547698259827,12.406767270136914,224.8088084815872,226.7325116762816,0.0
3.867,3.1409793869351676,-1.3728657810534604,3.3773735375590923,0.0,13.524097926443906,12.525141768620374,227.50018383052364,226.7325116762816,0.0
3.868,3.260337834253714,-1.371803583144998,2.0240091415484485,0.0,13.56137204699697,12.486677286698905,221.45495729582626,226.7325116762816,0.0
3.869,3.285890827389487,-1.3100073019032359,5.0993979527016915,0.0,13.584285338345072,12.80599583344011,220.3252916118692,226.7325116762816,0.0
3.87,3.473992255081553,-1.2858002737956362,5.728302995324343,0.0,13.634794344953061,13.113663894104187,223.9235529297815,226.7325116762816,0.0
3.871,3.6887977331352935,-1.3049483190638678,3.9572619238332,0.0,13.713367612227241,13.172764892763416,219.19289425332158,226.7325116762816,0.0
3.872,3.798753538417487,-1.2618948253345188,6.397987436292755,0.0,13.785066287877019,13.5100562515691,219.87615294447306,226.7325116762816,0.0
3.873,4.029815325134687,-1.231518861510243,6.124921678035101,0.0,13.880413410759008,13.742026615040187,221.4796416353176,226.7325116762816,0.0
3.874,4.222052919658749,-1.2255451614790913,5.375706033022476,0.0,13.98906951033472,13.861816073553078,214.89549751358282,226.7325116762816,0.0
3.875,4.377362314579743,-1.1507008885833685,8.786148235516848,0.0,14.090665812785934,14.347971337400685,220.78005908449674,226.7325116762816,0.0
3.876,4.685684795448703,-1.1658501864826187,5.903391975977738,0.0,14.233132876874661,14.412100715588029,213.92783961767677,226.7325116762816,0.0
3.8770000000000002,4.847044837749002,-1.095637998532752,9.457548429973773,0.0,14.359891338719775,14.889182255056127,219.14439066122767,226.7325116762816,0.0
3.878,5.162782910422787,-1.0963150626905878,6.925154118348859,0.0,14.522458707264047,14.98400896037211,212.6395249170739,226.7325116762816,0.0
3.879,5.352338309189044,-1.0149237713307426,10.0,0.0,14.669292196794334,15.431473008971253,216.437053518914,226.7325116762816,0.0
3.88,5.6609153948971525,-1.0155692340170415,8.516336801511086,0.0,14.84707365604059,15.622874665572983,214.525181368001,226.7325116762816,0.0
3.8810000000000002,5.91497847492932,-0.9321197090617916,9.594346180050398,0.0,15.017031232650455,15.921470798116921,210.13057408827416,226.7325116762816,0.0
3.882,6.172756615808746,-0.9048752366214994,10.0,0.0,15.19769026813485,16.2152299367801,216.74726170912152,226.7325116762816,0.0
3.883,6.430442216029874,-0.9004365344508494,8.710024501125938,0.0,15.389443501422754,16.325957587434228,224.23040826479712,226.7325116762816,0.0
3.884,6.530921671336078,-0.9656398350804349,4.993472257402981,0.0,15.580310926538242,16.040390920449486,223.48633787887755,226.7325116762816,0.0
3.8850000000000002,6.363912716484723,-0.9850485168924079,5.397969188336807,0.0,15.725017864436722,15.90350362710142,231.87533449906437,226.7325116762816,0.0
3.886,6.1836351515882,-1.0264572258912517,1.152042650015571,0.0,15.845926250382306,15.341839310943438,230.53703399301457,226.7325116762816,0.0
3.887,5.804830297759084,-0.9559336938659619,1.783147679873137,0.0,15.890405690504762,15.00017884193559,234.2276065878451,226.7325116762816,0.0
3.888,5.453901921727114,-0.9492802061387797,-0.1370895666577545,0.0,15.896244491384453,14.514409289249034,234.4108552330947,226.7325116762816,0.0
3.8890000000000002,5.070161856258117,-0.8984404997373114,-0.3054973248506956,0.0,15.847396624080622,14.117180214424447,236.21079944969208,226.7325116762816,0.0
3.89,4.7103376459936595,-0.8905278687727147,-1.3002523108834843,0.0,15.763348643682637,13.682793551944673,236.10543070738976,226.7325116762816,0.0
3.891,4.358883326003571,-0.8708322879264327,-1.3412971300434071,0.0,15.642179407493021,13.323935110522076,236.77633054638866,226.7325116762816,0.0
3.892,4.048684235172228,-0.8768456830099178,-1.777185238243931,0.0,15.498099680047751,12.971915702703864,236.71451313070037,226.7325116762816,0.0
3.8930000000000002,3.7636013672580995,-0.8875892120035718,-1.8460965449439706,0.0,15.334347638803655,12.665726024830185,236.4895228739956,226.7325116762816,0.0
3.894,3.513432768227339,-0.9091956953058944,-1.8311715285687318,0.0,15.15862111176992,12.400778692701987,236.04228730288602,226.7325116762816,0.0
3.895,3.2987953571251842,-0.9398845498831536,-1.7006514992799824,0.0,14.977132213397217,12.180069823372172,235.4935782229362,226.7325116762816,0.0
3.896,3.120615640669317,-0.9778122035449003,-1.5139076247716199,0.0,14.795586471285814,11.999972971740222,234.89927604244352,226.7325116762816,0.0
3.8970000000000002,2.975663082668154,-1.021677338402243,-1.2984241781868944,0.0,14.618631506520053,11.855729955655137,234.22113384554382,226.7325116762816,0.0
3.898,2.859983457206706,-1.0684259821564521,-1.034239301429667,0.0,14.449651436086754,11.74639647990018,233.51545834719624,226.7325116762816,0.0
3.899,2.7711396252109406,-1.1162268742979657,-0.749231018965026,0.0,14.291426636819306,11.668423432245842,232.86835401369382,226.7325116762816,0.0
3.9,2.706396378952463,-1.1627088146316118,-0.48703727558793464,0.0,14.145862017228454,11.614649757145504,232.36918894248328,226.7325116762816,0.0
3.9010000000000002,2.6613083494738574,-1.2047049044019253,-0.2938215126446808,0.0,14.013631242558057,11.574641034866161,231.68550405591418,226.7325116762816,0.0
3.902,2.6278842322270575,-1.241125136650748,-0.0015089931564582493,0.0,13.89420893777643,11.558858099464352,230.67611733824083,226.7325116762816,0.0
3.903,2.6095213363425196,-1.273184653464447,0.46374830906062536,0.0,13.788312914459802,11.582652082548385,229.6556635992192,226.7325116762816,0.0
3.904,2.6147412100770793,-1.3056340039116348,0.9447436593420657,0.0,13.698634725164295,11.640976165431494,228.34145387006566,226.7325116762816,0.0
3.9050000000000002,2.6457927327588346,-1.335158420935738,1.5857591019809911,0.0,13.62667995545483,11.746838297526562,227.4611933918695,226.7325116762816,0.0
3.906,2.709185475341586,-1.3642621143208908,2.018602523923194,0.0,13.575413038027945,11.869458674971145,227.20823468542264,226.7325116762816,0.0
3.907,2.7912034538042483,-1.3871207353888837,2.1403246470552144,0.0,13.543758261471831,11.975363272048615,229.14619888679903,226.7325116762816,0.0
3.908,2.8686475095197106,-1.3982682166257967,1.147205674261846,0.0,13.526857059004463,11.94935295718006,227.3768233786225,226.7325116762816,0.0
3.9090000000000003,2.872710784442102,-1.3801737666897391,2.0254503113266984,0.0,13.50694308099163,12.031119133672386,223.1952136428173,226.7325116762816,0.0
3.91,2.9199680422512992,-1.3531301571588052,4.151628159563947,0.0,13.49440326588028,12.322656746039858,223.73847067157527,226.7325116762816,0.0
3.911,3.0916381804326214,-1.3595545647069625,3.9099400552320214,0.0,13.513248314442414,12.517528003078702,227.1420631122615,226.7325116762816,0.0
3.912,3.2434567531580414,-1.3700015357402762,2.2040483205291097,0.0,13.5507809065904,12.494582087877896,222.84914295851277,226.7325116762816,0.0
3.9130000000000003,3.2806807984397577,-1.3274730952526665,4.389342084581161,0.0,13.57748304983954,12.732548795550986,218.92152302945658,226.7325116762816,0.0
3.914,3.4325125087966106,-1.2898409065636771,6.431261935577506,0.0,13.62159739318017,13.135818045064331,223.96644253176882,226.7325116762816,0.0
3.915,3.6859944190726206,-1.3200079274197858,3.936462875866514,0.0,13.70532192131912,13.181960015855434,220.7864931917841,226.7325116762816,0.0
3.916,3.795433962310036,-1.2868658855884592,5.585897730703848,0.0,13.781340898913282,13.428742536357179,218.17798339153657,226.7325116762816,0.0
3.9170000000000003,3.984269881878962,-1.232090760429032,6.975697913675064,0.0,13.868742387448984,13.775154818426419,221.9765881633453,226.7325116762816,0.0
3.918,4.22017162742246,-1.2412898992861812,5.1239547629000635,0.0,13.983604611863914,13.854015439913253,216.14093100595625,226.7325116762816,0.0
3.919,4.360410222145759,-1.17534318002134,8.147699148297843,0.0,14.087520545478338,14.274538307630273,220.7537194521861,226.7325116762816,0.0
3.92,4.639351298643555,-1.1626611621317593,5.901092847423876,0.0,14.222361617727804,14.356755212519392,214.31799600274383,226.7325116762816,0.0
3.9210000000000003,4.7924652692942225,-1.0998783686974463,9.243099728880386,0.0,14.345160986142362,14.820268228106908,219.29634978353067,226.7325116762816,0.0
3.922,5.104654798562719,-1.0912589103298327,6.8282844574144725,0.0,14.501711406788129,14.917850421788282,212.53967442828693,226.7325116762816,0.0
3.923,5.289589725133471,-1.0169425927913498,10.0,0.0,14.64427640439189,15.377145353935068,217.00826997313519,226.7325116762816,0.0
3.924,5.606510123831951,-1.0169934988618974,8.204524141973302,0.0,14.819263158293108,15.542535898227632,213.35145902946252,226.7325116762816,0.0
3.9250000000000003,5.848726642505553,-0.9309291895193912,10.0,0.0,14.983822708145077,15.900868553377157,211.67341360600642,226.7325116762816,0.0
3.926,6.130773469860702,-0.9193692517195923,10.0,0.0,15.167348618462244,16.193266153594326,218.36646130308696,226.7325116762816,0.0
3.927,6.4135367501804605,-0.8882629223726203,7.867095304496683,0.0,15.358455600919243,16.21187357575451,219.91969950044356,226.7325116762816,0.0
3.928,6.476769522715311,-0.9259258853375566,7.158604327576767,0.0,15.53676661656617,16.186998021262575,223.95267084509157,226.7325116762816,0.0
3.9290000000000003,6.420087207012642,-1.0127657949932127,5.169917063564658,0.0,15.703934735631695,15.977637816965048,232.2616077574878,226.7325116762816,0.0
3.93,6.261440176972333,-1.0197377501884384,0.960157646554479,0.0,15.833348538335825,15.379628131920226,229.3717178681519,226.7325116762816,0.0
3.931,5.850419240322629,-0.9622366798435992,2.3787105293037283,0.0,15.883625154975174,15.096125039653884,236.91291571952812,226.7325116762816,0.0
3.932,5.531268929990691,-0.9464062140934782,-1.493692436816842,0.0,15.899357460194894,14.436846387947377,232.70478162335905,226.7325116762816,0.0
3.9330000000000003,5.0590556541409075,-0.871883013017252,0.5506519117969142,0.0,15.839549422261108,14.157422697182358,235.17253155474208,226.7325116762816,0.0
3.934,4.736612693191724,-0.8718483065019866,-0.7676232526792033,0.0,15.758521233338277,13.765253453067874,235.9249948967322,226.7325116762816,0.0
3.935,4.415883687111408,-0.8715822303672625,-1.235779755878763,0.0,15.646350017586618,13.397939611824706,236.5043866962247,226.7325116762816,0.0
3.936,4.112020890813536,-0.880174657948198,-1.6231944058244574,0.0,15.509612367081052,13.04842360420062,236.63659748372075,226.7325116762816,0.0
3.9370000000000003,3.8285948364598634,-0.8928068054683445,-1.7883406576468661,0.0,15.352900492815042,12.7340317291033,236.48825529245954,226.7325116762816,0.0
3.938,3.573341930888919,-0.9131334474882322,-1.8117269981780417,0.0,15.18253022761289,12.459730378218177,236.10385424200635,226.7325116762816,0.0
3.939,3.351055895222503,-0.9412003192546675,-1.713239898608693,0.0,15.004650943316554,12.228788515126887,235.6010656100944,226.7325116762816,0.0
3.94,3.1638458451445657,-0.9768036947263222,-1.5505311219908435,0.0,14.825101103724936,12.038436249499272,235.01026376920473,226.7325116762816,0.0
3.9410000000000003,3.0100090921649887,-1.0181823443137121,-1.337907722475241,0.0,14.648666639229612,11.885975654982762,234.35126925822522,226.7325116762816,0.0
3.942,2.8867410157268303,-1.0632499892477298,-1.084598042804922,0.0,14.479173216179042,11.76887662511536,233.6536721244781,226.7325116762816,0.0
3.943,2.7911764829503767,-1.109997450936185,-0.8050110804133324,0.0,14.319610776783172,11.684039042837036,232.99051680062217,226.7325116762816,0.0
3.944,2.720567628052239,-1.1560972325216798,-0.536013469728772,0.0,14.172124324456584,11.625334171109376,232.4696795924044,226.7325116762816,0.0
3.9450000000000003,2.670995594937022,-1.1984436893738843,-0.3329665447811072,0.0,14.037713142627773,11.582143162052915,231.86595697979922,226.7325116762816,0.0
3.946,2.634921772836927,-1.2350881098982902,-0.08243969151369956,0.0,13.916031399765362,11.558830020429014,230.86891409636854,226.7325116762816,0.0
3.947,2.611546291942418,-1.2677563821899753,0.374717726000771,0.0,13.807413582773641,11.575672630752576,229.83588481426543,226.7325116762816,0.0
3.948,2.61213947037343,-1.2996182253344353,0.8601986356724902,0.0,13.714519928536419,11.628501519796993,228.5928329237423,226.7325116762816,0.0
3.9490000000000003,2.638533708750983,-1.330161254254257,1.4631213684594502,0.0,13.639239643377106,11.725327411585877,227.52760529909713,226.7325116762816,0.0
3.95,2.695456293630677,-1.3601515055685245,1.9877842445538754,0.0,13.584163473267974,11.850628832769466,227.21016199407083,226.7325116762816,0.0
3.951,2.777116711175613,-1.3850034516603429,2.141729393889134,0.0,13.549558873845076,11.961166412408573,228.71243331427945,226.7325116762816,0.0
3.952,2.8584941725642192,-1.3963890988600487,1.3707945174048453,0.0,13.530472394059426,11.962712569657558,228.3315096887826,226.7325116762816,0.0
3.9530000000000003,2.8756929742319546,-1.3884399461823762,1.5452663500282595,0.0,13.512460914710703,11.988018619986931,224.11501541387068,226.7325116762816,0.0
3.954,2.8990574173159365,-1.351999296828959,3.6796884501083302,0.0,13.49485220842768,12.239636529308504,222.89839514754146,226.7325116762816,0.0
3.955,3.042633087977868,-1.348139988357379,4.32633974856034,0.0,13.504106046266786,12.498559519556572,226.18056897887254,226.7325116762816,0.0
3.956,3.2179030806393345,-1.3708460222964922,2.6907722598688903,0.0,13.540863056164806,12.528292715337018,224.1586406139025,226.7325116762816,0.0
3.9570000000000003,3.2874218664391783,-1.347540553198608,3.727475152977707,0.0,13.574127022710908,12.683226919146744,218.52563447552703,226.7325116762816,0.0
3.958,3.40394479731377,-1.3035449942488544,6.6260469941729845,0.0,13.614951556189883,13.122347638292288,223.84269449160286,226.7325116762816,0.0
3.959,3.6707004337831775,-1.326273743494419,3.9964151579818576,0.0,13.698545826242015,13.175215627775309,222.57815553468959,226.7325116762816,0.0
3.96,3.78136118130809,-1.3017254532067075,4.670228197854414,0.0,13.77613986881314,13.322066872200086,216.5591079771517,226.7325116762816,0.0
3.9610000000000003,3.91904722607916,-1.2298790121169187,7.78148601361465,0.0,13.853002005952629,13.783453768324836,222.9585534557105,226.7325116762816,0.0
3.962,4.202683646226334,-1.2473913592727035,4.619502856540966,0.0,13.970961441588672,13.797634317346866,216.5985364458813,226.7325116762816,0.0
3.963,4.31659286629862,-1.1861186231577263,7.900851113759565,0.0,14.071627864119119,14.205067244888605,220.22267378364398,226.7325116762816,0.0
3.964,4.588624912417169,-1.1580719047191899,6.153880823804602,0.0,14.200498525483601,14.328058874589667,215.3951917573531,226.7325116762816,0.0
3.9650000000000003,4.750095434358165,-1.1158386553526272,8.680995036139329,0.0,14.324416093435808,14.732049236761116,218.63252985054194,226.7325116762816,0.0
3.966,5.045370788845942,-1.0840506325524484,7.143325807802305,0.0,14.473266590795575,14.88275197849597,212.98501767166,226.7325116762816,0.0
3.967,5.239304416102304,-1.0342265810200444,10.0,0.0,14.617139547152298,15.344500403765117,217.72946711966134,226.7325116762816,0.0
3.968,5.57098816294781,-1.02448544914548,7.820271422109237,0.0,14.792226766409385,15.471578520772614,212.21032932033464,226.7325116762816,0.0
3.969,5.788951665634847,-0.9421470854911103,10.0,0.0,14.953553266758274,15.844365829524847,213.21894228506804,226.7325116762816,0.0
3.97,6.074844308969316,-0.9263121398080907,10.0,0.0,15.135107387558909,16.144941215917914,215.07334736797202,226.7325116762816,0.0
3.971,6.376103883394782,-0.8722855880014158,9.52395141332254,0.0,15.322779063676888,16.350969504463755,217.41750738043226,226.7325116762816,0.0
3.972,6.539255726354524,-0.9469352113639133,8.445021450050914,0.0,15.521038125125585,16.426306214692396,226.429258928671,226.7325116762816,0.0
3.973,6.566402963034767,-1.0628099345100483,3.9421782034076465,0.0,15.719004674764731,16.028057024939763,229.5831684556657,226.7325116762816,0.0
3.974,6.338605778779859,-1.029887790594488,2.33671687211645,0.0,15.852569467402523,15.583186257785556,230.29231622130644,226.7325116762816,0.0
3.975,5.973191563579817,-1.0006638875678584,1.9465449438458409,0.0,15.925405296167355,15.207212339643153,233.41254635653388,226.7325116762816,0.0
3.976,5.62804302577247,-0.9558059385416959,0.3196295294295952,0.0,15.948718014878839,14.735372616895196,235.25101287095833,226.7325116762816,0.0
3.977,5.227482572553297,-0.9316817673146807,-0.6847887397293988,0.0,15.920310410099672,14.259441447305893,235.736054960067,226.7325116762816,0.0
3.978,4.835828393700007,-0.882831922105539,-1.0173452171215898,0.0,15.842018207578754,13.84080195951772,236.94169881859892,226.7325116762816,0.0
3.979,4.469272932532848,-0.8711928166041427,-1.7222590178107202,0.0,15.72889947337805,13.418386805894247,236.80460754875827,226.7325116762816,0.0
3.98,4.126066802418395,-0.8567151884533699,-1.75443434161516,0.0,15.583374949193502,13.06449826630237,237.0422101352551,226.7325116762816,0.0
3.981,3.827198833869811,-0.8649638813845516,-1.9763326194533053,0.0,15.418066155972152,12.736802486166274,236.6916366099366,226.7325116762816,0.0
3.982,3.5624190666782227,-0.8827839764129537,-1.900637106130615,0.0,15.238396387583146,12.462027988671128,236.3365287020917,226.7325116762816,0.0
3.983,3.339412454250755,-0.9118464450644972,-1.8191233224662606,0.0,15.05223481688491,12.226856454851543,235.8102497951233,226.7325116762816,0.0
3.984,3.1519713567698697,-0.9496169776615155,-1.6467612501704778,0.0,14.865036383773694,12.033119062058613,235.07982289399885,226.7325116762816,0.0
3.985,2.997979738528005,-0.9942183068493207,-1.365020911785427,0.0,14.681712495578996,11.884368048765042,234.35903180859148,226.7325116762816,0.0
3.986,2.878811373660708,-1.0426851722801467,-1.0808905704048408,0.0,14.506731236779924,11.772165286102364,233.7114223699665,226.7325116762816,0.0
3.987,2.7882755167542874,-1.0942451603143417,-0.8268749580291983,0.0,14.343214757623945,11.687552348384592,233.04602426878728,226.7325116762816,0.0
3.988,2.7203589651166804,-1.144112085636947,-0.5573110333646447,0.0,14.192558394516933,11.628726394223419,232.50054894614178,226.7325116762816,0.0
3.989,2.6721867884498067,-1.189579337378498,-0.34225374474049586,0.0,14.055587800742844,11.586297835586647,231.9504638758737,226.7325116762816,0.0
3.99,2.637444843741487,-1.2288246640116816,-0.11939073160238323,0.0,13.931933723894726,11.560119324146346,230.98780771176064,226.7325116762816,0.0
3.991,2.6131689120524766,-1.2632615038096817,0.31938439009936204,0.0,13.821422802698834,11.572552822459778,229.95568987661972,226.7325116762816,0.0
3.992,2.61167693369203,-1.2953794418404185,0.8032115256664425,0.0,13.726394928239278,11.6214464708204,228.78764106054038,226.7325116762816,0.0
3.993,2.6350336216207055,-1.3270655732695567,1.366684639863522,0.0,13.648923501138636,11.710507582649255,227.6917371608872,226.7325116762816,0.0
3.994,2.6876049422541017,-1.3560397381365465,1.9050443348440633,0.0,13.590975624752025,11.830950997500658,227.1238589406929,226.7325116762816,0.0
3.995,2.764573323548935,-1.3822742209790724,2.185069972297087,0.0,13.55346292895322,11.951033697662197,228.26387222054936,226.7325116762816,0.0
3.996,2.8498494387800446,-1.3963995847499477,1.599749726926186,0.0,13.53300121793682,11.97956068599989,229.0725294745565,226.7325116762816,0.0
3.997,2.8818649011280133,-1.3957263841843401,1.1720209219398718,0.0,13.517223071155907,11.959322898601425,224.66358286774664,226.7325116762816,0.0
3.998,2.885886447908806,-1.3535604801325565,3.397183513430146,0.0,13.496367442873197,12.188454032856104,222.24325218889174,226.7325116762816,0.0
3.999,3.0111465075999853,-1.3444267207804537,4.652241447731493,0.0,13.49992743635601,12.494652846617068,225.88626190096403,226.7325116762816,0.0
4.0,3.2056025781413275,-1.3744259761457915,2.8391990894485257,0.0,13.537142567550347,12.538464972433438,225.51487719023237,226.7325116762816,0.0
4.001,3.286841576647375,-1.3593832955437608,3.0370677896748486,0.0,13.573062710787015,12.614521650265077,219.4289042623594,226.7325116762816,0.0
4.002,3.365594971815608,-1.3037614244499478,6.153090327750557,0.0,13.607028528468874,13.01949798333984,222.62469077942797,226.7325116762816,0.0
4.003,3.6077289774221857,-1.3084795820092188,4.596275278184809,0.0,13.679170613732484,13.159116177377276,224.0308538856827,226.7325116762816,0.0
4.0040000000000004,3.754267628815218,-1.2991147839827262,3.9202103029634356,0.0,13.756983000514971,13.219489852161477,217.26548245652475,226.7325116762816,0.0
4.005,3.8552020226139088,-1.2246375232034699,7.3975663097399735,0.0,13.824952665392178,13.66123981183921,221.3795733046098,226.7325116762816,0.0
4.006,4.125742467265648,-1.225347270498438,5.394050269414163,0.0,13.931123204559677,13.781701312559587,218.0758651917684,226.7325116762816,0.0
4.007,4.281447019169202,-1.1968774105007127,7.132470790679998,0.0,14.035584057809764,14.097573038604295,218.12321038238892,226.7325116762816,0.0
4.008,4.528577718498552,-1.1491247767167314,7.194891208308666,0.0,14.156217907223045,14.356158386688843,218.30025320750389,226.7325116762816,0.0
4.009,4.743759594163499,-1.1397700677161284,7.190692380438959,0.0,14.290095414851237,14.57866381033447,215.4909697113844,226.7325116762816,0.0
4.01,4.972329801193419,-1.0670632473493924,8.707749548147676,0.0,14.424931510930826,14.936233815088354,216.32113853114643,226.7325116762816,0.0
4.011,5.236210908158947,-1.0679390290569597,8.39677886971801,0.0,14.582864402069353,15.195411862974556,216.187171989763,226.7325116762816,0.0
4.0120000000000005,5.50406061989893,-1.0039247610752533,8.569215537274918,0.0,14.743871481587577,15.4397184781798,211.4810632190949,226.7325116762816,0.0
4.013,5.734499745304564,-0.9716346088497683,10.0,0.0,14.910296740609525,15.808687257363317,215.4190241872057,226.7325116762816,0.0
4.014,6.043635743318443,-0.9345963913660338,9.197443109872568,0.0,15.093225049246666,16.023112013461937,211.85682579828605,226.7325116762816,0.0
4.015,6.30784142293321,-0.8546859932002904,10.0,0.0,15.270883241006569,16.304722686852216,216.07862935127133,226.7325116762816,0.0
4.016,6.496172904131165,-0.9420041332392475,9.100390226607567,0.0,15.469340780315452,16.450881061969387,227.67996638043965,226.7325116762816,0.0
4.017,6.5837586873736935,-1.0516240981750546,3.290247164981827,0.0,15.673753417947704,15.964398593116123,226.67082403908344,226.7325116762816,0.0
4.018,6.3256162624587295,-1.0076332435157127,3.7954352120319133,0.0,15.80314135126952,15.689949275276248,230.91202749303923,226.7325116762816,0.0
4.019,6.033575792818228,-1.017566694007646,1.6330383268864415,0.0,15.893678147575883,15.242511172127353,233.3919341881251,226.7325116762816,0.0
4.0200000000000005,5.681710202031933,-0.9576252663305445,0.3264907542250701,0.0,15.923724562387314,14.762559105072768,234.23320315105482,226.7325116762816,0.0
4.021,5.2720585817134324,-0.9276139932317835,-0.16915064198752106,0.0,15.90006930324805,14.333694830675185,235.48696501219445,226.7325116762816,0.0
4.022,4.899186410113103,-0.8883648789825633,-0.8835761059164606,0.0,15.831875852746526,13.908640493406228,236.42676521543152,226.7325116762816,0.0
4.023,4.534547145514583,-0.8771749286276682,-1.450418742926495,0.0,15.727157910171714,13.500445406772036,236.5533132534104,226.7325116762816,0.0
4.024,4.197472294945301,-0.8653611159943018,-1.6119007776872287,0.0,15.59090463330484,13.143935278006836,236.94540332368078,226.7325116762816,0.0
4.025,3.897162247681839,-0.8738839875806335,-1.9100747292964062,0.0,15.433681325248966,12.807929876795356,236.68384469031324,226.7325116762816,0.0
4.026,3.626084176887993,-0.8891255372110791,-1.878808742752951,0.0,15.260171149621023,12.523039170249996,236.31320674391864,226.7325116762816,0.0
4.027,3.3937390118047928,-0.9159047779326266,-1.789296720232024,0.0,15.078316221884398,12.28166736685946,235.79853179365983,226.7325116762816,0.0
4.0280000000000005,3.1988341689518234,-0.9516391999860525,-1.6226194462764023,0.0,14.894172600601038,12.082802712007215,235.21557391289275,226.7325116762816,0.0
4.029,3.039366435071833,-0.9938043619890291,-1.4159711282589722,0.0,14.712837699560588,11.922067105052493,234.58568714400866,226.7325116762816,0.0
4.03,2.910965388749793,-1.0405382574805384,-1.1795594984941973,0.0,14.538281804812746,11.795739802539767,233.88269304971885,226.7325116762816,0.0
4.031,2.8099749876202966,-1.0889024653093857,-0.8995642650836668,0.0,14.373401493194674,11.702849933842069,233.18700262644813,226.7325116762816,0.0
4.032,2.734239543682439,-1.1370833623987506,-0.6162639629499727,0.0,14.22053648247018,11.638445096574806,232.60854987788224,226.7325116762816,0.0
4.033,2.6806296480458074,-1.1823261353351922,-0.3857979706830319,0.0,14.081012385143527,11.592852232170491,232.122884747501,226.7325116762816,0.0
4.034,2.6430183260390243,-1.2216500286054641,-0.19686913620460134,0.0,13.954754611639476,11.559944902808287,231.24591378348265,226.7325116762816,0.0
4.035,2.6147250285935515,-1.2559035776707148,0.19648232473255867,0.0,13.841206534014079,11.561818050889132,230.18708435793098,226.7325116762816,0.0
4.0360000000000005,2.6067527883660477,-1.287301873248064,0.6913513106918971,0.0,13.742311855982168,11.60324516369608,229.03329500015568,226.7325116762816,0.0
4.037,2.624258463911972,-1.3192315359632059,1.245238156340811,0.0,13.66064763697703,11.684613613868605,227.71347382954238,226.7325116762816,0.0
4.038,2.671134220849013,-1.3488244974468717,1.8953391201148508,0.0,13.598222614025707,11.810669758174399,227.2641489463234,226.7325116762816,0.0
4.039,2.7500236319345173,-1.377189621865449,2.114685189023929,0.0,13.55746994187131,11.927295766046708,228.18709982816392,226.7325116762816,0.0
4.04,2.834484622232128,-1.3927570546240342,1.6386638665848383,0.0,13.533883904078838,11.965126284937075,229.29402249304255,226.7325116762816,0.0
4.041,2.8708728457711996,-1.396102942868938,1.0595874259779166,0.0,13.516651895334004,11.934718858230463,224.91668723502144,226.7325116762816,0.0
4.042,2.8704220464911083,-1.3552026828660373,3.266413299401071,0.0,13.493569857310224,12.154584053958843,222.19668906623423,226.7325116762816,0.0
4.043,2.9889162567050156,-1.3461716095769838,4.671770609895152,0.0,13.494198127199894,12.469636700615794,225.76606764987494,226.7325116762816,0.0
4.0440000000000005,3.185867427670212,-1.378280191002279,2.8967457583388616,0.0,13.529891089455962,12.523460916115855,226.0620624814297,226.7325116762816,0.0
4.045,3.272901893925457,-1.3662948122140635,2.7554528345099984,0.0,13.565757699555478,12.57007575360748,220.1588402611736,226.7325116762816,0.0
4.046,3.337756182399497,-1.3067360529795597,5.772800658789134,0.0,13.596267522666286,12.942673331199295,222.15405559374304,226.7325116762816,0.0
4.047,3.5598534962333037,-1.3024240351015026,4.820977553329797,0.0,13.661107386850958,13.122405951862714,224.4157256708998,226.7325116762816,0.0
4.048,3.7209276511204807,-1.2986141429956204,3.7133103748052334,0.0,13.737060558730636,13.162826954395893,217.53979201514824,226.7325116762816,0.0
4.049,3.8134905849802676,-1.2280167879671118,7.243204399292351,0.0,13.80173290354359,13.597595007166849,220.99459242004613,226.7325116762816,0.0
4.05,4.080368712483392,-1.2248748569884134,5.573183389405758,0.0,13.903775180294964,13.747921273122863,219.22183100281322,226.7325116762816,0.0
4.051,4.247061493182868,-1.2066079396725036,6.534670904756898,0.0,14.00866791437185,14.000215552343992,216.68463914059666,226.7325116762816,0.0
4.0520000000000005,4.467521918557206,-1.1458752017485399,7.903745561222028,0.0,14.12180287096468,14.356169295124168,219.1175917332223,226.7325116762816,0.0
4.053,4.723068634312016,-1.1527896663112172,6.763418464339801,0.0,14.260587624657378,14.522808897584627,213.45642378356692,226.7325116762816,0.0
4.054,4.932423938334624,-1.0795210354999143,9.726763318094637,0.0,14.39402916919198,15.003560603765226,218.50810434775693,226.7325116762816,0.0
4.055,5.251319795782912,-1.1046005680749793,7.28316710928488,0.0,14.565693164782553,15.118167270995515,213.73791451615384,226.7325116762816,0.0
4.056,5.46415792960642,-1.013238936598503,9.798207996687704,0.0,14.721350852748936,15.51934689461814,214.79918780160673,226.7325116762816,0.0
4.057,5.7499607498915,-1.0107709977269002,9.386904592708003,0.0,14.90220287731983,15.796270612470217,216.44661297530212,226.7325116762816,0.0
4.058,6.035831411790653,-0.9500304418895236,8.666050992870108,0.0,15.086005289465442,15.959818554445757,209.56521374014207,226.7325116762816,0.0
4.059,6.254227195055178,-0.8682786689724749,10.0,0.0,15.259396965131549,16.258170040680863,217.72810810948326,226.7325116762816,0.0
4.0600000000000005,6.456589459721308,-0.9238828843372823,8.241451969012685,0.0,15.45221860327386,16.317169881098536,225.87671514443127,226.7325116762816,0.0
4.061,6.517614353441986,-0.9865237457550678,4.17570641685718,0.0,15.637992514246008,15.955216255198827,224.67717193398695,226.7325116762816,0.0
4.062,6.3022006745556745,-0.9822747433890184,4.796031419502286,0.0,15.767899872656537,15.781234342413523,232.54230509351586,226.7325116762816,0.0
4.063,6.083770581811539,-1.0172527476332345,0.8053669055654886,0.0,15.871308374437994,15.214338183601292,231.32523615508208,226.7325116762816,0.0
4.064,5.694195735234935,-0.9417648724441806,1.3679741299943755,0.0,15.899032963846853,14.856934862870963,234.46758310146103,226.7325116762816,0.0
4.065,5.3342056016100114,-0.9328969847368584,-0.28055005744689376,0.0,15.888024173345874,14.386783766524694,234.70620635955154,226.7325116762816,0.0
4.066,4.9570589551159605,-0.8889851652394551,-0.47959863332484964,0.0,15.82635953099273,13.995023029068893,236.37751929466972,226.7325116762816,0.0
4.067,4.6056565658300475,-0.8844533065633529,-1.4117051770678208,0.0,15.731625892869921,13.570613463426918,236.27068566416006,226.7325116762816,0.0
4.0680000000000005,4.263570665694835,-0.8699268262968444,-1.4536701016917704,0.0,15.602372067752636,13.21799183938767,236.80253234150294,226.7325116762816,0.0
4.069,3.9618377554086597,-0.8782868599291536,-1.8202936470154256,0.0,15.451846331245374,12.87756781563138,236.65980985654548,226.7325116762816,0.0
4.07,3.686569699455493,-0.8923980860673684,-1.8482053863393348,0.0,15.283799400552098,12.583991721779594,236.36136649807685,226.7325116762816,0.0
4.071,3.4471844944333014,-0.9168625582593155,-1.7952722553229714,0.0,15.105749533222701,12.332649998041601,235.88987309666476,226.7325116762816,0.0
4.072,3.243673393973718,-0.9502784774390568,-1.6510991688207581,0.0,14.923801586640291,12.12395953714988,235.31615410725271,226.7325116762816,0.0
4.073,3.075620825214032,-0.9901329215997873,-1.4500760984244474,0.0,14.743229218292834,11.955064806126634,234.70460655358988,226.7325116762816,0.0
4.074,2.939763543141358,-1.0352028391339305,-1.2240232703661142,0.0,14.568383760164954,11.821121667093818,234.01590034234053,226.7325116762816,0.0
4.075,2.8321686927046716,-1.082501248528582,-0.9525040514020269,0.0,14.40238065980464,11.72117174268427,233.3150956317013,226.7325116762816,0.0
4.0760000000000005,2.750522729294394,-1.130172843411143,-0.6679275356366077,0.0,14.247753768382541,11.651109832694962,232.70964824319708,226.7325116762816,0.0
4.077,2.691998803552782,-1.175622371494977,-0.42497520705365366,0.0,14.106106107244118,11.60209158774632,232.25716411943304,226.7325116762816,0.0
4.078,2.6511909797643156,-1.215579880051274,-0.2539796696031491,0.0,13.977662218385028,11.56409400837174,231.4333580724437,226.7325116762816,0.0
4.079,2.61922374105401,-1.2506139561979128,0.11091488992990328,0.0,13.86171713376496,11.558588562243095,230.34450711698267,226.7325116762816,0.0
4.08,2.606815092673422,-1.2813825680015791,0.619220413253406,0.0,13.759850219530971,11.595349093170322,229.28773290268919,226.7325116762816,0.0
4.081,2.6202173704348395,-1.3142752060593457,1.1220553081360718,0.0,13.675156553881418,11.666877325747718,227.9481462634486,226.7325116762816,0.0
4.082,2.660806799602634,-1.343760374901391,1.7796922818846985,0.0,13.608999520246606,11.785764272235106,227.30540184372657,226.7325116762816,0.0
4.083,2.733907175350592,-1.3726157441914055,2.09533559007126,0.0,13.564226123557496,11.90665606783271,227.58406603143663,226.7325116762816,0.0
4.0840000000000005,2.818795678363042,-1.390885876419874,1.9474879526646776,0.0,13.537740406949286,11.982954939431158,229.6264880238793,226.7325116762816,0.0
4.085,2.876816506330102,-1.4009521004710401,0.897337192967373,0.0,13.522457732485096,11.929403838970055,225.76012840290537,226.7325116762816,0.0
4.086,2.867506273144259,-1.3642206313765033,2.8402408361880975,0.0,13.499207091580288,12.105504823390007,222.33002821535393,226.7325116762816,0.0
4.087,2.9599505501945815,-1.3485109437257854,4.59931576457309,0.0,13.494530862257339,12.425477878160235,225.2610497551574,226.7325116762816,0.0
4.088,3.1545249438127367,-1.37408527254626,3.1485196138826055,0.0,13.525289834390458,12.515328938133852,227.07143167546488,226.7325116762816,0.0
4.089,3.2591960950467014,-1.3684826842796618,2.2399394537370267,0.0,13.561085987310099,12.504266850514746,220.91822086702015,226.7325116762816,0.0
4.09,3.2975808394660926,-1.3048927813173057,5.374687766052004,0.0,13.585257452732668,12.848623092531826,221.05814949358756,226.7325116762816,0.0
4.091,3.5003031751932,-1.2891304453746957,5.3614670745952395,0.0,13.64034943789063,13.106243488220278,224.4602395277021,226.7325116762816,0.0
4.0920000000000005,3.6949969288889317,-1.2994277921307784,3.6831447790237664,0.0,13.716984595604227,13.13973870770812,218.25107706694942,226.7325116762816,0.0
4.093,3.789162451672368,-1.2426298840278918,6.872540355493428,0.0,13.78295501613638,13.536753387416702,220.3864808954736,226.7325116762816,0.0
4.094,4.042317228649324,-1.2272127868750824,5.86829874903942,0.0,13.880901960980392,13.731397738493369,220.67099439224506,226.7325116762816,0.0
4.095,4.223966364627435,-1.2182031316053703,5.786657173494053,0.0,13.987681755339528,13.8999843345135,214.89988595675848,226.7325116762816,0.0
4.096,4.405099865441976,-1.1456213314422752,8.790537648432576,0.0,14.092748328399523,14.375525324636403,220.62341319336545,226.7325116762816,0.0
4.097,4.710181393026043,-1.1699169320782725,5.9898650149582515,0.0,14.238260677237397,14.44415844559535,213.88869928723537,226.7325116762816,0.0
4.098,4.878222549477751,-1.093769740227093,9.485660091913754,0.0,14.367465956177389,14.91758996220819,218.9498421178551,226.7325116762816,0.0
4.099,5.189938091173405,-1.0982612209630305,7.032915372188155,0.0,14.532349393684132,15.019230687092378,212.89994952138662,226.7325116762816,0.0
4.1,5.3847921660769815,-1.0135693760418303,10.0,0.0,14.68154754217993,15.459785646672938,215.9334091664696,226.7325116762816,0.0
4.101,5.689588882057109,-1.0145712279863657,8.783524748688546,0.0,14.860838493947313,15.676142703213864,215.30149335480442,226.7325116762816,0.0
4.102,5.95435291278658,-0.9372361339350452,9.213792837735909,0.0,15.03531917732696,15.922211315365322,209.2121638099328,226.7325116762816,0.0
4.103,6.193187589846848,-0.893230905070745,10.0,0.0,15.21289142934923,16.21967706742884,217.9285668728752,226.7325116762816,0.0
4.104,6.437949905974305,-0.8991424295040802,8.11482578362137,0.0,15.40354335135193,16.26538672606053,221.81169320356352,226.7325116762816,0.0
4.105,6.5007565147769,-0.9545667118766654,6.222470803004388,0.0,15.585738602834176,16.13182220151821,224.84256773034753,226.7325116762816,0.0
4.106,6.3882962247311035,-1.0222981038472394,4.725932979071726,0.0,15.743254087007012,15.897136741745005,232.9680977449672,226.7325116762816,0.0
4.107,6.194604610571096,-1.0241710937113364,0.6008121110750357,0.0,15.861078191750586,15.283054933783234,230.24404350446054,226.7325116762816,0.0
4.108,5.7665976660166764,-0.9596078665884853,1.9277239130465764,0.0,15.89859102034147,14.974519071748219,236.17062318606853,226.7325116762816,0.0
4.109,5.425238857823343,-0.947410521001284,-1.1299470428552874,0.0,15.900802904126403,14.384244555062597,233.78480114717672,226.7325116762816,0.0
4.11,4.990301341524261,-0.876505522085131,-0.00755891811833731,0.0,15.836088571439369,14.051687620415077,235.9868918545641,226.7325116762816,0.0
4.111,4.64960673178625,-0.8753352169382641,-1.2011480735948545,0.0,15.7451702949793,13.636523289522014,236.0280927062993,226.7325116762816,0.0
4.112,4.315627753603595,-0.8644003033112926,-1.3147043097626305,0.0,15.620636275628435,13.286559011151269,236.68840710918454,226.7325116762816,0.0
4.113,4.016894011432761,-0.8758606166853106,-1.7444204655342772,0.0,15.474929213982987,12.942525465766272,236.61182996248306,226.7325116762816,0.0
4.114,3.7402334268261352,-0.8902280179669642,-1.804925075045551,0.0,15.31085531497083,12.643411550151729,236.39430622632062,226.7325116762816,0.0
4.115,3.4966548131802218,-0.9142557456586766,-1.7927811524647241,0.0,15.135776790331704,12.38376955543141,235.96225398353783,226.7325116762816,0.0
4.116,3.2869442446535726,-0.9461400969316004,-1.6690524541458922,0.0,14.955508920047562,12.166705001709948,235.42850580721455,226.7325116762816,0.0
4.117,3.1118205737313347,-0.9848990302050545,-1.489138307293579,0.0,14.775506020567041,11.989039883618965,234.81866360399158,226.7325116762816,0.0
4.118,2.968884805767415,-1.0286112136847942,-1.2650787249591948,0.0,14.600157650075513,11.84796009774409,234.14671924550694,226.7325116762816,0.0
4.119,2.85513982310738,-1.075150562630576,-1.0032486214091292,0.0,14.432918344594887,11.741096759387684,233.44954582257628,226.7325116762816,0.0
4.12,2.7678639568241943,-1.1225322404906704,-0.7218322514067457,0.0,14.276463226901832,11.664996219448167,232.81879618659147,226.7325116762816,0.0
4.121,2.704342955231339,-1.168282351072108,-0.4673202785174375,0.0,14.132602262369492,11.612156926563474,232.35806687168656,226.7325116762816,0.0
4.122,2.6600331065862486,-1.2090718341406532,-0.2932111730190323,0.0,14.001872807033639,11.571061221724982,231.60023284019388,226.7325116762816,0.0
4.123,2.62561070019208,-1.2449292072895273,0.03702863108818377,0.0,13.883643142963216,11.558930795450474,230.5467594336022,226.7325116762816,0.0
4.124,2.6090858643214276,-1.276064371387621,0.5256228568108168,0.0,13.779089696991687,11.588106920066622,229.54824986823982,226.7325116762816,0.0
4.125,2.6173021273290726,-1.3090520812670816,0.9967202575724263,0.0,13.69122650452468,11.649775822161,228.22145182771177,226.7325116762816,0.0
4.126,2.6511327491127417,-1.3383169975861628,1.6452298763221478,0.0,13.621205785210122,11.759477393087973,227.41523146127753,226.7325116762816,0.0
4.127,2.7172595665010935,-1.3672974937148725,2.041512861689312,0.0,13.57205250033068,11.881377123498794,227.37909570389874,226.7325116762816,0.0
4.128,2.799540649664483,-1.3893405101051994,2.0531149001025337,0.0,13.542139443821915,11.975095295778289,229.2220590222973,226.7325116762816,0.0
4.1290000000000004,2.869992968068022,-1.3983723299959085,1.106737767443104,0.0,13.52536258021605,11.945305896009526,226.87011815621833,226.7325116762816,0.0
4.13,2.8715546357545665,-1.375703675358495,2.281332135683218,0.0,13.504700592784873,12.05601964142858,222.65987776784317,226.7325116762816,0.0
4.131,2.9323446787157392,-1.3539314052976092,4.42717866895518,0.0,13.495007915478396,12.371221700491262,224.25307289713533,226.7325116762816,0.0
4.132,3.1195516747962087,-1.3678308772647187,3.6553754921005646,0.0,13.51955137642583,12.52759260199106,227.57106257461618,226.7325116762816,0.0
4.133,3.256201240446365,-1.3723213975926263,1.987995144376793,0.0,13.55763254394489,12.481927570693838,222.1147923454372,226.7325116762816,0.0
4.134,3.279813156834344,-1.3176154296839289,4.762307452274729,0.0,13.581276529909093,12.765254501478086,219.55986414118942,226.7325116762816,0.0
4.135,3.4503152743244185,-1.285787897780488,6.111498029749536,0.0,13.627934841525008,13.124761864463544,223.91110396767138,226.7325116762816,0.0
4.136,3.6861549327916405,-1.3121844100050541,3.96409219359466,0.0,13.709099949941614,13.179040433303767,219.89643184173494,226.7325116762816,0.0
4.1370000000000005,3.797900614710853,-1.274063175439525,6.039789054908347,0.0,13.783119103476125,13.475874740781247,219.3146409068298,226.7325116762816,0.0
4.138,4.010599114283987,-1.2329683148004693,6.404863230055438,0.0,13.87528055008029,13.747549345383618,221.83722632174172,226.7325116762816,0.0
4.139,4.216424529618307,-1.2317843834528788,5.192523376144871,0.0,13.985674028642435,13.84375069781349,215.50409952789587,226.7325116762816,0.0
4.14,4.36057276843973,-1.1590288912785343,8.471370894551653,0.0,14.086657029765654,14.300369836303432,220.75863550919573,226.7325116762816,0.0
4.141,4.65471509494988,-1.1608494508629956,5.903841665572585,0.0,14.224131461101575,14.375294497157032,214.0227291547399,226.7325116762816,0.0
4.142,4.8133544446923615,-1.0950970180417092,9.39889266801592,0.0,14.34809994218308,14.852096132410853,219.2054019106455,226.7325116762816,0.0
4.143,5.130765096773003,-1.093757227806861,6.882827387719481,0.0,14.507861886084193,14.948567983158954,212.57536592113493,226.7325116762816,0.0
4.144,5.319721002952829,-1.016229686691787,10.0,0.0,14.652780189049697,15.4018074402172,216.72376840465566,226.7325116762816,0.0
4.1450000000000005,5.632520583681606,-1.017288464561891,8.358514694181599,0.0,14.829422348401337,15.579961277284976,213.93147845090152,226.7325116762816,0.0
4.146,5.880950620091285,-0.9318494333676659,9.882670003312468,0.0,14.996806794314525,15.917836575445945,210.95179689655143,226.7325116762816,0.0
4.147,6.154712804055154,-0.9156793958592786,10.0,0.0,15.180316011638507,16.208697995054514,217.7101017763927,226.7325116762816,0.0
4.148,6.423169186926184,-0.901331558676179,8.210783228797379,0.0,15.373143887475894,16.264044469359302,222.1517539844957,226.7325116762816,0.0
4.149,6.503549339041131,-0.9446592869277715,6.035764701663727,0.0,15.557133151639526,16.10562196064073,222.9490034558614,226.7325116762816,0.0
4.15,6.389448697840324,-0.9944863735146172,5.674975048185084,0.0,15.71192894075698,15.97685882465231,232.66131236292972,226.7325116762816,0.0
4.151,6.2368577655682325,-1.035863890357692,0.7595325877844434,0.0,15.84242209335071,15.355004803203112,229.91356039478572,226.7325116762816,0.0
4.152,5.831545836758922,-0.9579002221783215,2.101598084671403,0.0,15.888690749871989,15.048225531266086,234.6397771394538,226.7325116762816,0.0
4.1530000000000005,5.4897750759683905,-0.9536947021638915,-0.3405829422943589,0.0,15.899971643027637,14.528232148638644,234.0940654679713,226.7325116762816,0.0
4.154,5.091995012993707,-0.8939935786170667,-0.14134264447000167,0.0,15.85160004021498,14.148042535939167,236.11008059510962,226.7325116762816,0.0
4.155,4.7353541475332595,-0.8876333874680484,-1.2431258972274475,0.0,15.76994402662271,13.713098858017704,235.9725095027497,226.7325116762816,0.0
4.156,4.38459562781986,-0.8681713990668587,-1.266740329312161,0.0,15.650882029784889,13.356921220041293,236.6985762212413,226.7325116762816,0.0
4.157,4.07552031723085,-0.8753091957038048,-1.7294343340075624,0.0,15.50908824634728,13.00428564895075,236.68321264069223,226.7325116762816,0.0
4.158,3.790190151493954,-0.8863863828181311,-1.821259553377137,0.0,15.347357396760582,12.695555987666962,236.4981862788674,226.7325116762816,0.0
4.159,3.5382059839124347,-0.907883662511829,-1.8264031184905756,0.0,15.173180594899339,12.426743624360705,236.07272386275096,226.7325116762816,0.0
4.16,3.3206620805638694,-0.9379738878157811,-1.7070740322970535,0.0,14.992635188880088,12.201982440023896,235.5399021392332,226.7325116762816,0.0
4.1610000000000005,3.1391444186650452,-0.9752845622440751,-1.528737075167684,0.0,14.811471476963161,12.017858111716526,234.9548005666513,226.7325116762816,0.0
4.162,2.9908539746271843,-1.0185599197331823,-1.3184091777804352,0.0,14.634398885986704,11.869879316414677,234.285159873337,226.7325116762816,0.0
4.163,2.872064046533601,-1.0648941529413745,-1.0591153130938356,0.0,14.464899686655725,11.756994175336938,233.5824833777509,226.7325116762816,0.0
4.164,2.7803408776207403,-1.1124714376777964,-0.7762767823154766,0.0,14.30583205213899,11.675868577472109,232.92604101674144,226.7325116762816,0.0
4.165,2.7130110451304605,-1.1590083051271296,-0.5099908952153482,0.0,14.159201903859504,11.619900888100117,232.4182777943153,226.7325116762816,0.0
4.166,2.6659703755217503,-1.2013597780380787,-0.31296694518261026,0.0,14.025831294816482,11.578377903802034,231.7815345468531,226.7325116762816,0.0
4.167,2.6310465488227983,-1.2385712251764847,-0.04508555015722937,0.0,13.90531519270407,11.55853808522272,230.72552202902853,226.7325116762816,0.0
4.168,2.610398012179953,-1.2703622726131234,0.44299060522758626,0.0,13.797991619691611,11.581562302195895,229.74863917235652,226.7325116762816,0.0
4.1690000000000005,2.6145077987745076,-1.303320867646844,0.9012707586028403,0.0,13.707010360657064,11.636423233596108,228.47206926649068,226.7325116762816,0.0
4.17,2.6433145605884456,-1.3332835737103539,1.52216013563367,0.0,13.633579632382638,11.737287329958896,227.54675235916352,226.7325116762816,0.0
4.171,2.7034042514815466,-1.3623191438501405,1.97667618246843,0.0,13.580472672226676,11.858188016859373,226.86072557930794,226.7325116762816,0.0
4.172,2.782934193807181,-1.3865566245054965,2.318407433365957,0.0,13.547142243947045,11.9865858194377,228.6438339270118,226.7325116762816,0.0
4.173,2.871982850475869,-1.4017328960969988,1.4077400370067257,0.0,13.531411653821726,11.986220020011443,228.39142498238925,226.7325116762816,0.0
4.174,2.891042742818071,-1.392799712794198,1.5173553762569214,0.0,13.516083129887086,12.004276001205433,224.11778178321848,226.7325116762816,0.0
4.175,2.911246503300086,-1.353370226032952,3.6803242747729414,0.0,13.499845144754604,12.253792142601228,222.86116607786545,226.7325116762816,0.0
4.176,3.052828505859623,-1.3470790390883005,4.347345583433617,0.0,13.509884836578653,12.513103543634974,226.15432151928806,226.7325116762816,0.0
4.1770000000000005,3.2277311436299594,-1.368602774382187,2.706549764292246,0.0,13.547282222075438,12.542506550426452,224.04650710613004,226.7325116762816,0.0
4.178,3.2973335731513336,-1.3442514536687686,3.7873170165727736,0.0,13.580986287070287,12.702094110161088,218.39119953908036,226.7325116762816,0.0
4.179,3.417017959767956,-1.2997813998465293,6.698383921469624,0.0,13.622630508825793,13.146033749204975,223.97469200700812,226.7325116762816,0.0
4.18,3.6867671709275616,-1.3243126851050668,3.9342158841984807,0.0,13.707647414226804,13.188099124009845,222.22048527955786,226.7325116762816,0.0
4.181,3.7935366124542607,-1.2972591905770332,4.856439511890844,0.0,13.785147969317533,13.354498784836856,216.77450908999464,226.7325116762816,0.0
4.182,3.941038149190666,-1.2268691267911933,7.679007632535328,0.0,13.864066062910723,13.798111317458474,223.04894391344152,226.7325116762816,0.0
4.183,4.217438167880579,-1.2437750643638954,4.578625898440287,0.0,13.982017154177612,13.807057747531816,216.2313779004865,226.7325116762816,0.0
4.184,4.329031991803562,-1.1771831792535288,8.092420242675745,0.0,14.081573612587281,14.234914518486741,220.40408880823372,226.7325116762816,0.0
4.1850000000000005,4.608709498913733,-1.1556941052438796,6.069349017482615,0.0,14.21226222296152,14.342616892430648,214.8613612609663,226.7325116762816,0.0
4.186,4.767892399562005,-1.108169065665406,8.959424295269477,0.0,14.335639346079189,14.77604353882587,218.855819807329,226.7325116762816,0.0
4.187,5.074485212079759,-1.085956422179232,7.040961940777656,0.0,14.488053281136917,14.906400240750894,212.83398130190236,226.7325116762816,0.0
4.188,5.2665636017009945,-1.0270913791453506,10.0,0.0,14.632008464582514,15.365578781315412,217.5508000456315,226.7325116762816,0.0
4.189,5.591729980648241,-1.021784741383473,7.920456911732009,0.0,14.807490904016529,15.50104734807834,212.6251974861367,226.7325116762816,0.0
4.19,5.816230749219596,-0.9357295903653093,10.0,0.0,14.969558955949058,15.868619051947167,212.5641521388677,226.7325116762816,0.0
4.191,6.100189327816255,-0.9206219448561898,10.0,0.0,15.151376083579398,16.165854523779764,216.76269901000083,226.7325116762816,0.0
4.192,6.395794214030342,-0.8725985996935863,8.67275464730368,0.0,15.339603554117167,16.275874220697958,218.39139851389072,226.7325116762816,0.0
4.1930000000000005,6.502886281850102,-0.9376723500609119,7.941816026982644,0.0,15.52764859328501,16.31775982167173,226.17004740761226,226.7325116762816,0.0
4.194,6.498563460162663,-1.0388834719084588,4.058116222808568,0.0,15.711560174533002,15.955910205272778,229.4068196545174,226.7325116762816,0.0
4.195,6.279226380825701,-1.013578335540759,2.4129870195736434,0.0,15.837099959797378,15.530593344834617,230.26815007549496,226.7325116762816,0.0
4.196,5.927993373394353,-0.9935499708449055,1.9469654250927269,0.0,15.905604011738632,15.161993325630235,233.46780066220592,226.7325116762816,0.0
4.197,5.592850553387516,-0.953619775073315,0.2797872418780045,0.0,15.926205618677406,14.691727709458046,235.0969225538462,226.7325116762816,0.0
4.198,5.197052865541274,-0.9318816042966623,-0.6184178127177891,0.0,15.895728606477368,14.228604358886578,235.62711902437943,226.7325116762816,0.0
4.199,4.813430532517254,-0.8873697342079606,-0.9724621214653739,0.0,15.817308036438204,13.817023298490161,236.89992813584763,226.7325116762816,0.0
4.2,4.4532920997641305,-0.8781835349018788,-1.710540841795137,0.0,15.70500605414052,13.396889075253274,236.7350341317852,226.7325116762816,0.0
4.2010000000000005,4.113024457051689,-0.8646815651126881,-1.7281190643189568,0.0,15.560527493065175,13.046813315206819,236.9799498741832,226.7325116762816,0.0
4.202,3.8167647014109103,-0.8733095704310605,-1.9530513174969761,0.0,15.396573312375631,12.721916406126496,236.64707059182163,226.7325116762816,0.0
4.203,3.55389595856269,-0.8910372102396988,-1.8857572654715895,0.0,15.218388619172774,12.448718402296715,236.20063392191346,226.7325116762816,0.0
4.204,3.33136795925482,-0.9205591587952648,-1.757220152973825,0.0,15.033772732850252,12.220337263879511,235.65871809463627,226.7325116762816,0.0
4.205,3.147265485707745,-0.9588302409804426,-1.5755243035187747,0.0,14.848694920873072,12.033059815083957,235.06030353646796,226.7325116762816,0.0
4.206,2.9977163187072287,-1.0031197758733406,-1.3595949430364804,0.0,14.667886283230425,11.882546984763321,234.40877454097387,226.7325116762816,0.0
4.207,2.878018005209346,-1.0511571446926655,-1.110593073936358,0.0,14.494948441541172,11.765906808521445,233.69606109186884,226.7325116762816,0.0
4.208,2.7848478737450084,-1.1002008362812379,-0.8238718435397185,0.0,14.332554798783207,11.681737913713553,233.0140157155058,226.7325116762816,0.0
4.2090000000000005,2.7160699476746277,-1.148355561987877,-0.5456641957504353,0.0,14.1827902137321,11.62411604361661,232.4794763853413,226.7325116762816,0.0
4.21,2.6681579912552196,-1.1926414679402406,-0.3358641777587792,0.0,14.046629802574095,11.582158363470873,231.90839693060423,226.7325116762816,0.0
4.211,2.633751928819837,-1.2308141676890738,-0.10208330293347512,0.0,13.923645802430173,11.557703853578467,230.926703335795,226.7325116762816,0.0
4.212,2.61038382614928,-1.2648064416563742,0.3468215778760051,0.0,13.813872174450307,11.572664553471112,229.87756821189802,226.7325116762816,0.0
4.213,2.610428595143234,-1.29688494686468,0.8399385744683281,0.0,13.719760692090942,11.624667035777527,228.6738582182596,226.7325116762816,0.0
4.214,2.6360937641166506,-1.3283164316468838,1.4223801058677616,0.0,13.643397284472108,11.718372799208238,227.6391030043049,226.7325116762816,0.0
4.215,2.69181043434475,-1.3575687021724163,1.930691799564877,0.0,13.58694422886822,11.839289334491328,227.0552681264388,226.7325116762816,0.0
4.216,2.770041148516337,-1.3833592458618584,2.21938167399636,0.0,13.550772569453612,11.96109346807962,228.3922554318853,226.7325116762816,0.0
4.2170000000000005,2.856307913323937,-1.3975519115505004,1.5342905837170662,0.0,13.531701777128147,11.980146066705462,228.82374771825644,226.7325116762816,0.0
4.218,2.883892957939906,-1.3943413794432773,1.2976320801117485,0.0,13.515948238709132,11.974033114482701,224.46820226719822,226.7325116762816,0.0
4.219,2.894144774862262,-1.3532245883070604,3.498047899731692,0.0,13.496668017205836,12.210516579419263,222.4560530588261,226.7325116762816,0.0
4.22,3.0254405751826114,-1.3451701399910752,4.546887090092316,0.0,13.502489342943127,12.500451808589293,226.09463280904916,226.7325116762816,0.0
4.221,3.213997615571489,-1.3710023591890146,2.733976003653103,0.0,13.539644147618626,12.532638719564556,225.06423891457518,226.7325116762816,0.0
4.222,3.287008832563708,-1.3529411445940411,3.265855678507154,0.0,13.574057107126675,12.635812631542928,218.8403554276327,226.7325116762816,0.0
4.223,3.377643246380483,-1.3011778867177235,6.456718984464892,0.0,13.609832815661306,13.06854694183115,223.03751028852756,226.7325116762816,0.0
4.224,3.6366503748042645,-1.3146111160889509,4.3950915678949976,0.0,13.687299672180897,13.175313303073304,223.49829613409676,226.7325116762816,0.0
4.225,3.7714485110775398,-1.301197500631143,4.1970408005322435,0.0,13.766086649178673,13.265742679893176,216.71123280432354,226.7325116762816,0.0
4.226,3.88508855982278,-1.2282034057969102,7.690785254138433,0.0,13.838142651881476,13.730147790301901,222.26420787896058,226.7325116762816,0.0
4.227,4.1695812152783,-1.2353378794201066,4.958980754793128,0.0,13.950948298401759,13.78972425886333,217.32931397667457,226.7325116762816,0.0
4.228,4.299906881497844,-1.193057231720791,7.520459682932201,0.0,14.053708811143004,14.15221347557981,219.1533781427662,226.7325116762816,0.0
4.229,4.5608260971549806,-1.1520984039678936,6.68421893522154,0.0,14.178359529705943,14.343730693309098,216.8974627368309,226.7325116762816,0.0
4.23,4.747797370366196,-1.1290316809134608,7.910527127583696,0.0,14.307569146927065,14.653859921862043,217.45922615599304,226.7325116762816,0.0
4.231,5.010258438184771,-1.0727638311012113,7.722378273205514,0.0,14.448911929032562,14.885936728648653,214.31689586273848,226.7325116762816,0.0
4.232,5.22461320767611,-1.048679453733414,9.417699577968225,0.0,14.59724151059383,15.27635255106897,217.19330827666633,226.7325116762816,0.0
4.233,5.537630537467654,-1.0141094899170884,8.074885405000451,0.0,14.766217863994894,15.44560861874714,211.37222860645798,226.7325116762816,0.0
4.234,5.759643555840511,-0.9514868490968253,10.0,0.0,14.928679397971598,15.81873620345413,214.4826126293506,226.7325116762816,0.0
4.235,6.053586139623278,-0.9310179547778925,9.683554488409806,0.0,15.110582185054449,16.086623476830802,214.6854534515375,226.7325116762816,0.0
4.236,6.343789162963326,-0.8627817706039274,9.70260465956379,0.0,15.29378212945074,16.322189368791353,217.64615248976313,226.7325116762816,0.0
4.237,6.51942998505116,-0.9387900266437996,8.31311873231617,0.0,15.491261938609576,16.383066252090437,225.53766056377285,226.7325116762816,0.0
4.238,6.547345852755928,-1.0468439772396347,4.379313206436396,0.0,15.686207307187587,16.037465342174556,229.07834110079892,226.7325116762816,0.0
4.239,6.346072632567207,-1.025004077318223,2.585514643678184,0.0,15.82361511941889,15.61035848636126,229.89662230452905,226.7325116762816,0.0
4.24,5.997926814159075,-1.0042163792557004,2.144732935530648,0.0,15.902503217058072,15.245438402906785,233.31949212471991,226.7325116762816,0.0
4.241,5.663581379265439,-0.9635897517767762,0.3674282209508304,0.0,15.932749444545827,14.767099975693588,234.7855103139657,226.7325116762816,0.0
4.242,5.262930500557783,-0.9372135769071965,-0.446110860048897,0.0,15.909642093602628,14.308631904495224,235.68208849495676,226.7325116762816,0.0
4.243,4.8783319149400155,-0.8917180145681467,-0.9838957187311839,0.0,15.838257920525313,13.8809782973082,236.76237731343613,226.7325116762816,0.0
4.244,4.508386207194988,-0.8782383871547284,-1.6243387843424162,0.0,15.73021900064494,13.460728786897509,236.72440072699752,226.7325116762816,0.0
4.245,4.164035782975442,-0.8628424452388432,-1.7052693816302664,0.0,15.58940026437492,13.103381490081002,237.0312503679214,226.7325116762816,0.0
4.246,3.8617957967349437,-0.869868613301993,-1.9616815890086006,0.0,15.427855509956357,12.770093906724654,236.71408932488148,226.7325116762816,0.0
4.247,3.5922819777697033,-0.8855134273398856,-1.9029168439746478,0.0,15.250787140507557,12.489632970513384,236.29132438703044,226.7325116762816,0.0
4.248,3.3635433150758054,-0.9135330711761429,-1.7871225021566146,0.0,15.066305227064117,12.254127135834679,235.75678886755196,226.7325116762816,0.0
4.249,3.173610723472295,-0.9507864146697798,-1.6100975143300778,0.0,14.880538592843083,12.060643696971683,235.16688665453646,226.7325116762816,0.0
4.25,3.0190669231429235,-0.9944247348720974,-1.3994901576048728,0.0,14.698427959945183,11.90442899005459,234.52677298219666,226.7325116762816,0.0
4.251,2.8949537735135857,-1.0422809476294597,-1.1573759344941261,0.0,14.523734719846642,11.782258189970278,233.8155440101803,226.7325116762816,0.0
4.252,2.797727255679804,-1.0914099861726005,-0.8725917718249345,0.0,14.359219355861695,11.693194047012469,233.12106146631766,226.7325116762816,0.0
4.253,2.7253199955198646,-1.1400351754391438,-0.589235997793971,0.0,14.207106594413354,11.631898608907917,232.5571572331371,226.7325116762816,0.0
4.2540000000000004,2.67449113506329,-1.1853174612190986,-0.36553033677225066,0.0,14.068570364842522,11.58816260548969,232.04020108787816,226.7325116762816,0.0
4.255,2.638597244257486,-1.2245924734157723,-0.16012915825874385,0.0,13.943381586370784,11.55874369186654,231.1531033806663,226.7325116762816,0.0
4.256,2.612054207508763,-1.2598425686343977,0.23921377830334167,0.0,13.831254554735981,11.564182298129529,229.99378528101488,226.7325116762816,0.0
4.257,2.6071598956487483,-1.2902699728253806,0.7862600920817164,0.0,13.733878600399784,11.61431894968986,228.8914250129183,226.7325116762816,0.0
4.258,2.6297801477630576,-1.3233328442985108,1.3158510927636446,0.0,13.654586548473372,11.699951716746584,227.70845589569785,226.7325116762816,0.0
4.259,2.680513858871794,-1.3529856200093542,1.897576209179701,0.0,13.59471815505874,11.822431349003125,227.21419476116358,226.7325116762816,0.0
4.26,2.758315597706916,-1.3802384731890012,2.139889945598016,0.0,13.555785850303877,11.939462584373635,228.23428232157494,226.7325116762816,0.0
4.261,2.8425317748968633,-1.3945649856508961,1.6148284589394053,0.0,13.53375328740056,11.972231802732423,229.1797301563322,226.7325116762816,0.0
4.2620000000000005,2.8762680049622578,-1.3956770482856662,1.1176323567602693,0.0,13.517179964388658,11.947211063056596,224.7818613885556,226.7325116762816,0.0
4.263,2.878119212786495,-1.354048861335428,3.3360732435258296,0.0,13.495171678519494,12.172169253053145,222.185345015401,226.7325116762816,0.0
4.264,3.0002896765215468,-1.3450108598082593,4.679803096711936,0.0,13.497282141938411,12.484636431513328,225.82075377509014,226.7325116762816,0.0
4.265,3.1968733693055937,-1.3767265920168312,2.8712162958792797,0.0,13.534007387419672,12.53328359027704,225.77912105606333,226.7325116762816,0.0
4.266,3.281310080209645,-1.363170632267983,2.901566561594866,0.0,13.57011651133472,12.594840753677943,219.80715473671978,226.7325116762816,0.0
4.267,3.353274889603973,-1.305599002377696,5.956803290662259,0.0,13.602573119507905,12.982553888746175,222.39017072103854,226.7325116762816,0.0
4.268,3.584944869808635,-1.305423425728144,4.708718708055309,0.0,13.671111783238054,13.142135650018904,224.30907041993655,226.7325116762816,0.0
4.269,3.738568272213386,-1.29863958460653,3.7735032711697585,0.0,13.748010289965572,13.187638374843548,217.39443232367918,226.7325116762816,0.0
4.2700000000000005,3.8329673407654985,-1.224777450211973,7.324203112824464,0.0,13.813712222130626,13.627362151292676,221.1502957305764,226.7325116762816,0.0
4.271,4.1016891242776445,-1.2235983505387547,5.5020935688329065,0.0,13.917425259103974,13.76512928955696,218.63539992931894,226.7325116762816,0.0
4.272,4.264046040343741,-1.2010974716002971,6.840512586931267,0.0,14.022080400519915,14.049766162190737,217.38204672277442,226.7325116762816,0.0
4.273,4.498856658206967,-1.1468394959315955,7.5606938397385965,0.0,14.138990346523471,14.358035010526262,218.79881604034782,226.7325116762816,0.0
4.274,4.735126379278796,-1.145790360552162,6.931646137311235,0.0,14.27546335762517,14.54712934569423,214.36114179281762,226.7325116762816,0.0
4.275,4.952067474213744,-1.0710221408751721,9.274196959910974,0.0,14.408984488322824,14.973431792733695,217.38074872502588,226.7325116762816,0.0
4.276,5.245787803264422,-1.086105373806484,7.8579111233194,0.0,14.574190588473872,15.161099332641683,214.89553526222485,226.7325116762816,0.0
4.277,5.488379305528312,-1.007467038794364,9.218887618860482,0.0,14.732841783419968,15.486643139490893,213.3567743405753,226.7325116762816,0.0
4.2780000000000005,5.7460819836878985,-0.9946143839134836,10.0,0.0,14.9075548308696,15.841888902544806,216.0689206637123,226.7325116762816,0.0
4.279,6.060654550286252,-0.9519757574563696,8.870147692538666,0.0,15.095759427518185,16.014960560861926,211.07848208407802,226.7325116762816,0.0
4.28,6.29871491933724,-0.8696375999724366,10.0,0.0,15.273819919274965,16.30208687497793,217.04230291357524,226.7325116762816,0.0
4.281,6.492316139689773,-0.9369471369269426,8.60646080559074,0.0,15.471014423907494,16.39480324185011,227.63537711225354,226.7325116762816,0.0
4.282,6.5580487442722095,-1.0234461663511976,3.3008950518918723,0.0,15.666602912631122,15.922996007235001,225.66557809816953,226.7325116762816,0.0
4.283,6.29630988313389,-0.9853395275246948,4.296463894714995,0.0,15.790395108455714,15.70994517597234,231.50601411453695,226.7325116762816,0.0
4.284,6.037090763861539,-1.009536214472992,1.3285108621487307,0.0,15.88354570352416,15.220044839916456,232.52681940078452,226.7325116762816,0.0
4.285,5.675887541564514,-0.9446734668422616,0.7601651417799191,0.0,15.911014336371307,14.792751261318053,233.9788254449625,226.7325116762816,0.0
4.2860000000000005,5.290317445191782,-0.9250324965179466,-0.038301017995878706,0.0,15.891494868814533,14.36758676187058,235.27762633705143,226.7325116762816,0.0
4.287,4.9276481798997676,-0.8894070235599782,-0.7731526106480442,0.0,15.827688505746558,13.946175670236594,236.3014961278881,226.7325116762816,0.0
4.288,4.567156920138274,-0.8808707884533511,-1.380777350582444,0.0,15.727538938689825,13.537062191913789,236.42337053667828,226.7325116762816,0.0
4.289,4.230517523417759,-0.8688312966757354,-1.5386231435814994,0.0,15.595253998762026,13.180983735928686,236.89610369890684,226.7325116762816,0.0
4.29,3.929525767681448,-0.8774746415391768,-1.8766256449220338,0.0,15.441660870081238,12.841425513495622,236.67711954322382,226.7325116762816,0.0
4.291,3.655681713035258,-0.8916805106195416,-1.8665796457499475,0.0,15.270947444175436,12.552061813813848,236.34648912362363,226.7325116762816,0.0
4.292,3.4195308377066933,-0.9169338993504483,-1.7974042104232693,0.0,15.091004804961635,12.305310135143564,235.8517414177837,226.7325116762816,0.0
4.293,3.219906968791038,-0.9514107642451912,-1.6412226549183266,0.0,14.907921183053288,12.101324693998638,235.2609162176914,226.7325116762816,0.0
4.2940000000000005,3.0559574616826763,-0.992186853845575,-1.431094100286276,0.0,14.726887980428383,11.937019967324611,234.64161415385243,226.7325116762816,0.0
4.295,2.924031664894984,-1.038085102541142,-1.200534093142498,0.0,14.552168671859082,11.807175050870558,233.94554479005748,226.7325116762816,0.0
4.296,2.819962168999587,-1.0859410386613568,-0.9246297423827827,0.0,14.386741972987561,11.711014960297723,233.24599481338277,226.7325116762816,0.0
4.297,2.7414875989959406,-1.1338790204198004,-0.6399895854164357,0.0,14.233036553578142,11.644071090395167,232.65469258496353,226.7325116762816,0.0
4.298,2.68565063925177,-1.1792258557924697,-0.40356028029363555,0.0,14.092516061192818,11.596969207407593,232.18903297188433,226.7325116762816,0.0
4.299,2.6466348693808874,-1.218831172123788,-0.2252956867100644,0.0,13.965240546189985,11.561503640811564,231.32020925156522,226.7325116762816,0.0
4.3,2.6166784078061345,-1.2532012778018968,0.1632391976966563,0.0,13.850530684489115,11.560718323798273,230.28051319884082,226.7325116762816,0.0
4.301,2.6068705595512016,-1.284712029165419,0.6476072088332616,0.0,13.750335758850207,11.598714983389481,229.15437982508175,226.7325116762816,0.0
4.3020000000000005,2.6219853933548802,-1.3168025884051429,1.186455214224798,0.0,13.667174845737046,11.675561374738423,227.80499649273804,226.7325116762816,0.0
4.303,2.6657512048012775,-1.346373434659222,1.8504220322320863,0.0,13.60294655056565,11.79939181464697,227.27697594279607,226.7325116762816,0.0
4.304,2.7425912811294437,-1.3749939711891075,2.108987664537927,0.0,13.560376679457992,11.918204182139466,227.94517274629672,226.7325116762816,0.0
4.305,2.8276091152360947,-1.3917944247529246,1.762762652087451,0.0,13.535506876737072,11.971624357090885,229.62901442701536,226.7325116762816,0.0
4.306,2.8726926246305493,-1.3983094674090346,0.8918767842207922,0.0,13.519014721939913,11.920771331241912,225.20846379949614,226.7325116762816,0.0
4.307,2.8633754336215222,-1.3564556084698993,3.1173925767482564,0.0,13.494417405127711,12.128345714459751,222.13805049110164,226.7325116762816,0.0
4.308,2.9724574707636866,-1.3452308202701626,4.698543842797309,0.0,13.492221070205936,12.452282213018979,225.54910301789346,226.7325116762816,0.0
4.309,3.1721946164041905,-1.376918949677684,3.0048516659852806,0.0,13.526235960749082,12.520607510471258,226.63878319869724,226.7325116762816,0.0
4.3100000000000005,3.2674926570036744,-1.368401356100218,2.4609488603592333,0.0,13.562428075395546,12.534123967372345,220.56997978300478,226.7325116762816,0.0
4.311,3.317568970644469,-1.3045528899548524,5.55697588713823,0.0,13.589414468927256,12.89135457695542,221.64293778871632,226.7325116762816,0.0
4.312,3.528371957591322,-1.29436702328834,5.071392623158112,0.0,13.648943323392245,13.108498770200011,224.56886059229797,226.7325116762816,0.0
4.313,3.7054285354630343,-1.2967245185087173,3.6300677322071273,0.0,13.724594894876095,13.138823330505417,217.71343741536154,226.7325116762816,0.0
4.314,3.7951721155807143,-1.2317939582282835,7.147970063284541,0.0,13.78854782865905,13.566961869222466,220.67714489321727,226.7325116762816,0.0
4.315,4.06057899966487,-1.2245805436260335,5.726669992187317,0.0,13.888775152931975,13.738862494866558,219.94172077056604,226.7325116762816,0.0
4.316,4.235750013644004,-1.2125818396667754,6.162289962570092,0.0,13.994922084052513,13.949112245129742,215.7041214220259,226.7325116762816,0.0
4.317,4.4376161152176605,-1.1450258742822623,8.391373539382712,0.0,14.104168127934622,14.369341146190916,219.82433019406741,226.7325116762816,0.0
4.3180000000000005,4.71968021440103,-1.1625937760466503,6.400350968184101,0.0,14.247120486382565,14.488160053039772,213.79732961664092,226.7325116762816,0.0
4.319,4.908389043670279,-1.0904446597515325,9.543203077493754,0.0,14.379547417860483,14.9570789325568,218.8114299662594,226.7325116762816,0.0
4.32,5.221622562237448,-1.1004733858040903,7.115363719784739,0.0,14.547448195171048,15.061289168079139,213.12331617084885,226.7325116762816,0.0
4.321,5.421296399055261,-1.0124823384706492,10.0,0.0,14.699200615835592,15.494625055316778,215.60257194172414,226.7325116762816,0.0
4.322,5.722057239169215,-1.0136455292531474,8.965273833001385,0.0,14.88011924461685,15.726049400680752,215.8144148215321,226.7325116762816,0.0
4.323,5.9928875933947845,-0.9396007469874277,8.9685333616449,0.0,15.057931887099322,15.936345253643553,208.68570647852613,226.7325116762816,0.0
4.324,6.219716105648651,-0.8817879815023403,10.0,0.0,15.233373894249134,16.23457868768528,218.9004341231147,226.7325116762816,0.0
4.325,6.445383274629035,-0.9102812775775695,7.630045426660309,0.0,15.424807434311255,16.226968206121587,223.18097510538115,226.7325116762816,0.0
4.3260000000000005,6.479162466853343,-0.9534441536424846,5.525290301236091,0.0,15.600799555617188,16.029979569202343,224.27818496664176,226.7325116762816,0.0
4.327,6.328750517946256,-0.9982239155014505,5.0012286377021855,0.0,15.743987746144434,15.850572882673152,233.13094879466064,226.7325116762816,0.0
4.328,6.142673416331718,-1.0228858615003018,0.5108623525089557,0.0,15.857181465407324,15.233690370802217,230.41617226830581,226.7325116762816,0.0
4.329,5.726173844596155,-0.950699978727622,1.8314140097661262,0.0,15.889180494991852,14.923934009069647,235.2359169894341,226.7325116762816,0.0
4.33,5.383912398264888,-0.9456114156061842,-0.6634924039295353,0.0,15.887166102329035,14.394191727768785,234.26278924105293,226.7325116762816,0.0
4.331,4.982261694345695,-0.8868365292061382,-0.2522313053866685,0.0,15.825964568929624,14.028168983276197,236.25816129555014,226.7325116762816,0.0
4.332,4.63438176927251,-0.8838914931205265,-1.345173828827959,0.0,15.734544709315475,13.602542356047804,236.09961351056492,226.7325116762816,0.0
4.333,4.292607949463261,-0.869161572907956,-1.3595709546781838,0.0,15.608113332077378,13.25379846790002,236.71040422103275,226.7325116762816,0.0
4.3340000000000005,3.9922007878491996,-0.8787318015562007,-1.7647452353596074,0.0,15.460650728101747,12.912487680806203,236.62262940079216,226.7325116762816,0.0
4.335,3.716402127037285,-0.8930248488519359,-1.8197590024844215,0.0,15.295279838730345,12.61589572152046,236.36922552974394,226.7325116762816,0.0
4.336,3.474675660319293,-0.917103400304024,-1.7894242054949343,0.0,15.119292552554278,12.360144759297098,235.92335541177758,226.7325116762816,0.0
4.337,3.2677597240632594,-0.9494024325153827,-1.6583975838667118,0.0,14.938641006802207,12.146823233408657,235.37789192843042,226.7325116762816,0.0
4.338,3.0956046896470952,-0.9885888667456717,-1.4721196447146188,0.0,14.758709980479725,11.972816907047527,234.75848544492607,226.7325116762816,0.0
4.339,2.955586411453381,-1.0326284702243933,-1.2426761406488884,0.0,14.58382391619373,11.835274577003116,234.0803542351935,226.7325116762816,0.0
4.34,2.8446150227818254,-1.0793715712980712,-0.97708896137173,0.0,14.417373570415212,11.731724698186307,233.38311632856627,226.7325116762816,0.0
4.341,2.7599175791224324,-1.1267813732443632,-0.6949760545809585,0.0,14.261960918536221,11.65846832554336,232.7651889221732,226.7325116762816,0.0
4.3420000000000005,2.6986843715705193,-1.172275204356116,-0.44633912384333474,0.0,14.119294117983664,11.607413936684155,232.3162959313113,226.7325116762816,0.0
4.343,2.6559766489807553,-1.212535438139541,-0.2777304709626778,0.0,13.989762246005501,11.56734440657447,231.51788400103044,226.7325116762816,0.0
4.344,2.6227242672301516,-1.2473308925279958,0.07362177093025846,0.0,13.872601505859084,11.558521987124019,230.48809853383048,226.7325116762816,0.0
4.345,2.607864388099211,-1.2787193062226963,0.550958635954748,0.0,13.769379368744788,11.58916133122463,229.42177530644383,226.7325116762816,0.0
4.346,2.617548415726267,-1.3110172921700403,1.0572276133464493,0.0,13.682782274069252,11.65611690423631,228.0816905568193,226.7325116762816,0.0
4.347,2.654554822356952,-1.3403957514798785,1.7137781993533414,0.0,13.614449096827045,11.770901220713005,227.33641851303966,226.7325116762816,0.0
4.348,2.7243851899786993,-1.369508879817222,2.0803751528755785,0.0,13.567336328480737,11.893822670473105,227.33082724734444,226.7325116762816,0.0
4.349,2.809048370193003,-1.3897679051024296,2.077187630012558,0.0,13.539164343443064,11.987109455225047,229.47867910196155,226.7325116762816,0.0
4.3500000000000005,2.8775384668782884,-1.4015502349464424,0.9758000284472077,0.0,13.524231701414347,11.940442323221236,226.3912306097414,226.7325116762816,0.0
4.351,2.871961025655012,-1.372160871003195,2.522937085222684,0.0,13.502774957055927,12.079446011977303,222.33367599793502,226.7325116762816,0.0
4.352,2.9457197754781443,-1.3523320834151202,4.59570274790934,0.0,13.495476983013692,12.406767272856918,224.8088082759461,226.7325116762816,0.0
4.353,3.1409793881244035,-1.3728657809146405,3.377373642907158,0.0,13.524097927064476,12.52514178217439,227.500184900865,226.7325116762816,0.0
4.354,3.260337841806384,-1.3718035848199308,2.024008598201866,0.0,13.561372049096512,12.486677237319073,221.45495702314912,226.7325116762816,0.0
4.355,3.2858908047615114,-1.310007291915551,5.099398083591135,0.0,13.584285334181278,12.805995811604124,220.32529134232644,226.7325116762816,0.0
4.356,3.4739922378911836,-1.285800265017767,5.728303127342028,0.0,13.634794338156363,13.113663888913134,223.9235526471317,226.7325116762816,0.0
4.357,3.688797726786108,-1.304948315040009,3.9572620652309025,0.0,13.713367605236265,13.172764902171874,219.19289438930417,226.7325116762816,0.0
4.358,3.798753542375823,-1.2618948277991189,6.397987367014434,0.0,13.785066282837327,13.51005624980411,219.8761527290398,226.7325116762816,0.0
4.359,4.029815327314053,-1.2315188627520848,6.124921786619037,0.0,13.880413406158743,13.742026625384595,221.4796417095824,226.7325116762816,0.0
4.36,4.222052927083009,-1.2255451647405438,5.375705996014725,0.0,13.98906950757527,13.86181607645145,214.8954976258814,226.7325116762816,0.0
4.361,4.377362318737081,-1.1507008922443045,8.786148178369231,0.0,14.090665810962356,14.347971333434053,220.7800590322159,226.7325116762816,0.0
4.362,4.685684796166596,-1.1658501863304356,5.903392001642645,0.0,14.23313287478343,14.412100715192926,213.9278396138974,226.7325116762816,0.0
4.363,4.847044838068097,-1.0956379993705414,9.457548431425737,0.0,14.359891336891833,14.889182254366553,219.14439064701833,226.7325116762816,0.0
4.364,5.16278291098509,-1.0963150627914275,6.925154125157901,0.0,14.52245870555266,14.984008960244516,212.63952487720954,226.7325116762816,0.0
4.365,5.352338309620125,-1.0149237720105306,10.0,0.0,14.66929219531509,15.431473008575388,216.43705354197476,226.7325116762816,0.0
4.366,5.660915395378561,-1.0155692343215845,8.516336789452412,0.0,14.847073654696384,15.62287466369368,214.5251812828514,226.7325116762816,0.0
4.367,5.914978474628616,-0.9321197089006488,9.594346222948392,0.0,15.017031231231972,15.921470801168393,210.13057415131888,226.7325116762816,0.0
4.368,6.1727566174222455,-0.90487523783395,10.0,0.0,15.197690267298343,16.215229938775103,216.7472617437157,226.7325116762816,0.0
4.369,6.430442217982094,-0.900436535287561,8.71002448381224,0.0,15.389443500949312,16.32595758704297,224.23040817435535,226.7325116762816,0.0
4.37,6.530921672077493,-0.9656398352437507,4.993472303511685,0.0,15.580310926082614,16.040390925233062,223.4863379206305,226.7325116762816,0.0
4.371,6.363912718923457,-0.9850485187097628,5.397969167930625,0.0,15.725017864703299,15.903503628394462,231.87533455624683,226.7325116762816,0.0
4.372,6.1836351534035225,-1.02645722622176,1.152042621322804,0.0,15.84592625076971,15.341839309006396,230.53703394114544,226.7325116762816,0.0
4.373,5.8048302971380386,-0.9559336938643233,1.7831477062248604,0.0,15.89040569065623,15.000178843503083,234.22760666551898,226.7325116762816,0.0
4.374,5.453901922199684,-0.9492802065585118,-0.13708960585428276,0.0,15.896244491723712,14.514409286041596,234.41085521377764,226.7325116762816,0.0
4.375,5.070161854765681,-0.8984404990725567,-0.3054973153585734,0.0,15.847396623987892,14.117180213176674,236.210799446754,226.7325116762816,0.0
4.376,4.710337644870754,-0.8905278682285148,-1.3002523095514835,0.0,15.763348643421185,13.68279355097259,236.1054307012716,226.7325116762816,0.0
4.377,4.358883325169496,-0.8708322875678371,-1.3412971270601721,0.0,15.6421794071265,13.323935110016414,236.77633054042536,226.7325116762816,0.0
4.378,4.048684234717263,-0.8768456828220597,-1.7771852352784974,0.0,15.498099679650242,12.971915702550184,236.7145131266782,226.7325116762816,0.0
4.3790000000000004,3.763601367116282,-0.8875892119802085,-1.8460965429088887,0.0,15.334347638429842,12.665726024857385,236.48952287067618,226.7325116762816,0.0
4.38,3.513432768284994,-0.9091956953781267,-1.8311715268518194,0.0,15.158621111444385,12.40077869284983,236.04228730093064,226.7325116762816,0.0
4.381,3.2987953573034368,-0.9398845500081437,-1.7006514982255378,0.0,14.977132213132048,12.180069823552468,235.49357822167326,226.7325116762816,0.0
4.382,3.120615640888961,-0.9778122036899466,-1.5139076240507654,0.0,14.795586471079899,11.999972971922343,234.8992760415941,226.7325116762816,0.0
4.383,2.975663082888444,-1.02167733854277,-1.2984241776643133,0.0,14.618631506366947,11.855729955826693,234.22113384513693,226.7325116762816,0.0
4.384,2.8599834574072256,-1.06842598228322,-1.0342393011242796,0.0,14.449651435978653,11.746396480047782,233.51545834712573,226.7325116762816,0.0
4.385,2.771139625380318,-1.1162268744050008,-0.7492310188271194,0.0,14.291426636747284,11.668423432363365,232.86835401387782,226.7325116762816,0.0
4.386,2.7063963790861854,-1.1627088147163651,-0.48703727557912657,0.0,14.145862017183639,11.614649757230644,232.36918894281644,226.7325116762816,0.0
4.3870000000000005,2.6613083495716423,-1.2047049044645228,-0.2938215127137829,0.0,14.013631242532279,11.574641034921202,231.68550407406406,226.7325116762816,0.0
4.388,2.6278842320120064,-1.2411251371836056,-0.001509002315417618,0.0,13.894208937816721,11.558858098529148,230.6761172922536,226.7325116762816,0.0
4.389,2.609521335895078,-1.273184653265501,0.46374833243009395,0.0,13.788312914375332,11.582652084420028,229.65566359134723,226.7325116762816,0.0
4.39,2.6147412107994352,-1.3056340043805454,0.9447436637326172,0.0,13.698634725329006,11.64097616727286,228.34145386945926,226.7325116762816,0.0
4.391,2.6457927338868426,-1.3351584214882095,1.585759102744829,0.0,13.626679955843292,11.746838299123523,227.46119341023257,226.7325116762816,0.0
4.392,2.709185476406491,-1.364262114847534,2.0186025150186646,0.0,13.575413038589659,11.869458675354258,227.2082347216505,226.7325116762816,0.0
4.393,2.791203454190882,-1.3871207356076625,2.140324628856003,0.0,13.543758262034483,11.975363270504834,229.14619890910768,226.7325116762816,0.0
4.394,2.868647508697492,-1.398268216314321,1.1472056627991574,0.0,13.526857059320017,11.94935295486233,227.37682334669972,226.7325116762816,0.0
4.3950000000000005,2.87271078295984,-1.3801737659020663,2.0254503272989557,0.0,13.506943080960333,12.03111913364439,223.19521360915053,226.7325116762816,0.0
4.396,2.9199680417339007,-1.3531301568049978,4.151628176744864,0.0,13.494403265818272,12.322656747783798,223.7384706994947,226.7325116762816,0.0
4.397,3.091638181105504,-1.3595545649869152,3.909940041340641,0.0,13.513248314595335,12.517528002863,227.14206314199802,226.7325116762816,0.0
4.398,3.243456753200729,-1.370001535846378,2.2040483054318214,0.0,13.550780906715334,12.4945820861793,222.84914292772945,226.7325116762816,0.0
4.399,3.2806807976362853,-1.3274730948011113,4.389342100051632,0.0,13.57748304973139,12.732548795976282,218.92152306113675,226.7325116762816,0.0
4.4,3.4325125088047046,-1.2898409064034246,6.431261919499427,0.0,13.62159739311224,13.135818043504058,223.96644252214745,226.7325116762816,0.0
4.401,3.6859944183037032,-1.3200079270631142,3.936462880535421,0.0,13.70532192106433,13.181960015203419,220.78649317165994,226.7325116762816,0.0
4.402,3.7954339618400055,-1.2868658852639152,5.5858977408253905,0.0,13.781340898586638,13.428742536855582,218.17798340657924,226.7325116762816,0.0
4.4030000000000005,3.984269882013637,-1.2320907605329545,6.975697906062763,0.0,13.868742387219521,13.775154817884237,221.97658814638365,226.7325116762816,0.0
4.404,4.220171627284596,-1.241289899228804,5.123954771459541,0.0,13.983604611595833,13.854015440436516,216.14093100792218,226.7325116762816,0.0
4.405,4.360410222431437,-1.175343180166579,8.14769914737387,0.0,14.087520545305935,14.274538307854371,220.75371944894044,226.7325116762816,0.0
4.406,4.639351298897731,-1.1626611622884038,5.9010928491381485,0.0,14.222361617610837,14.356755212876545,214.3179960056961,226.7325116762816,0.0
4.407,4.792465269608238,-1.099878368842614,9.243099727466173,0.0,14.34516098608721,14.82026822821194,219.2963497840344,226.7325116762816,0.0
4.408,5.104654798746668,-1.0912589104210104,6.828284457219501,0.0,14.50171140675757,14.917850421852902,212.53967442744948,226.7325116762816,0.0
4.409,5.289589725254628,-1.0169425928309128,10.0,0.0,14.644276404374292,15.377145353980632,217.00826997284494,226.7325116762816,0.0
4.41,5.60651012392279,-1.0169934988669,8.204524142176908,0.0,14.819263158281974,15.542535898280494,213.35145902849948,226.7325116762816,0.0
4.4110000000000005,5.848726642547745,-0.9309291895792415,10.0,0.0,14.983822708146874,15.900868553417848,211.6734136294599,226.7325116762816,0.0
4.412,6.130773470029932,-0.9193692515339036,10.0,0.0,15.167348618446908,16.19326615361293,218.3664612732195,226.7325116762816,0.0
4.413,6.413536750210291,-0.8882629223951017,7.867095319789762,0.0,15.358455600911636,16.21187357745038,219.9196995167057,226.7325116762816,0.0
4.414,6.476769523542074,-0.9259258857877741,7.158604319642425,0.0,15.536766616778216,16.18699802167175,223.95267084565077,226.7325116762816,0.0
4.415,6.42008720749281,-1.012765795170512,5.169917063476193,0.0,15.703934735878443,15.97763781737956,232.26160772741287,226.7325116762816,0.0
4.416,6.261440177220309,-1.019737750431779,0.9601576620838328,0.0,15.833348538624342,15.379628134004598,229.37171789622616,226.7325116762816,0.0
4.417,5.850419241372382,-0.9622366803685303,2.378710515477741,0.0,15.883625155498592,15.09612503976953,236.91291566938182,226.7325116762816,0.0
4.418,5.5312689298650906,-0.9464062149897852,-1.4936924110310907,0.0,15.899357460770874,14.4368463911028,232.70478166191475,226.7325116762816,0.0
4.4190000000000005,5.0590556557950865,-0.8718830134913249,0.5506518928461106,0.0,15.839549423138216,14.157422697554185,235.172531586355,226.7325116762816,0.0
4.42,4.736612693367578,-0.8718483072850629,-0.7676232684747513,0.0,15.758521234246256,13.76525345193942,235.92499486368118,226.7325116762816,0.0
4.421,4.415883686656642,-0.8715822297405731,-1.2357797390118326,0.0,15.646350018214186,13.397939612964993,236.50438672595868,226.7325116762816,0.0
4.422,4.112020890876663,-0.8801746581599963,-1.6231944206473554,0.0,15.509612367789464,13.048423603478955,236.63659748247463,226.7325116762816,0.0
4.423,3.8285948359534543,-0.8928068052157236,-1.7883406569672582,0.0,15.352900493350543,12.734031728803968,236.48825529976307,226.7325116762816,0.0
4.424,3.573341930384638,-0.9131334472652117,-1.8117270018462932,0.0,15.182530228042898,12.459730377642426,236.1038542448444,482.6342597596439,0.0
4.425,3.351055894609935,-0.9412003189939231,10.0,0.0,15.00465094361953,13.517244903597694,244.68607899300054,482.6342597596439,0.0
4.426,3.7943162551145417,-1.2911922640232194,10.0,0.0,14.988529485469963,14.282121278483379,253.42857938548127,482.6342597596439,0.0
4.4270000000000005,4.27727975584094,-1.6796133186636446,10.0,0.0,15.089734207184074,14.920204488590677,261.23301130434015,482.6342597596439,0.0
4.428,4.6823116754443275,-2.016477272113981,10.0,0.0,15.277797602070635,15.46487597370955,268.9616594992655,482.6342597596439,0.0
4.429,4.982416036620153,-2.29579178058399,10.0,0.0,15.528877762377618,15.944925489271881,276.7985880870753,482.6342597596439,0.0
4.43,5.195695406909271,-2.5133647413451277,10.0,0.0,15.823994738809176,16.38161838218864,284.95375389640583,482.6342597596439,0.0
4.431,5.342169982905019,-2.6800866902944698,10.0,0.0,16.149432991666064,16.790174273800236,292.799991912574,482.6342597596439,0.0
4.432,5.441929388333653,-2.8043390312002927,10.0,0.0,16.495183546408565,17.180909612699164,300.18104112356116,482.6342597596439,0.0
4.433,5.512304323821145,-2.8913038499337764,10.0,0.0,16.853756186218334,17.560402824333114,306.88414310532715,482.6342597596439,0.0
4.434,5.568401452239965,-2.9420805005850394,10.0,0.0,17.21913666659483,17.93233704401345,313.0269000251597,482.6342597596439,0.0
4.4350000000000005,5.621984959127722,-2.9572359195820765,10.0,0.0,17.586331850484875,18.29828267528994,318.70361597084377,482.6342597596439,0.0
4.436,5.680125876261952,-2.9408265379116174,10.0,0.0,17.951445492939836,18.658493596011898,322.99054839445967,482.6342597596439,0.0
4.437,5.748624593926439,-2.895926590654479,10.0,0.0,18.311293962839915,19.0122413391354,325.5083618028638,482.6342597596439,0.0
4.438,5.835120832516623,-2.8203355348279535,10.0,0.0,18.662666343393994,19.357769555868288,326.21132484208323,482.6342597596439,0.0
4.439,5.9476315111782325,-2.709135450882558,10.0,0.0,19.001978208890225,19.692370976716425,328.16607928117855,482.6342597596439,0.0
4.44,6.084626663746185,-2.5714368938749432,10.0,0.0,19.326784189490265,20.013499082033505,327.03419613644206,482.6342597596439,0.0
4.441,6.228150781607866,-2.4424801184811304,10.0,0.0,19.63841412283876,20.320577273439774,317.3461291385264,482.6342597596439,0.0
4.442,6.42836948943733,-2.2445956149415665,10.0,0.0,19.929111154357624,20.607521822357644,324.52689915359247,482.6342597596439,0.0
4.4430000000000005,6.63510163457442,-2.0599537530706855,10.0,0.0,20.20110117784598,20.87410327064883,314.93014755718593,482.6342597596439,0.0
4.444,6.857061909536825,-1.8771817892957627,10.0,0.0,20.454291846418094,21.118877267665237,316.0614251201023,482.6342597596439,0.0
4.445,7.1175924126793735,-1.6577765325148524,10.0,0.0,20.68433398922648,21.338054179241162,306.38667101250087,482.6342597596439,0.0
4.446,7.372909148340468,-1.4706859785970403,10.0,0.0,20.894903700548483,21.532838078049036,308.2293805786611,482.6342597596439,0.0
4.447,7.658381763797053,-1.2573552795121008,10.0,0.0,21.082299359258894,21.700351737764706,296.4003946290222,482.6342597596439,0.0
4.448,7.9526301216021205,-1.0479110440124066,10.0,0.0,21.246801259155717,21.84034100417586,295.42584292256356,482.6342597596439,0.0
4.449,8.230200825470028,-0.8834687947941967,10.0,0.0,21.39285769064497,21.95519124008817,309.08558277331906,482.6342597596439,0.0
4.45,8.338027132853702,-1.0011536849036666,10.0,0.0,21.55038326298075,22.06407690878463,315.1671761546758,482.6342597596439,0.0
4.4510000000000005,8.38265823726291,-1.1907721858122997,10.0,0.0,21.722726031151456,22.173995409433868,326.8162906973543,482.6342597596439,0.0
4.452,8.357989245132623,-1.4606889292344423,10.0,0.0,21.916621029337357,22.293316237013663,337.2804640559185,482.6342597596439,0.0
4.453,8.335347979870727,-1.687532785567717,10.0,0.0,22.125312267225098,22.42233833091158,349.9791462356229,482.6342597596439,0.0
4.454,8.24970763967401,-1.9836688474756436,10.0,0.0,22.35634311896039,22.568521363977503,358.18341968908584,482.6342597596439,0.0
4.455,8.170929768743328,-2.2292194274763584,10.0,0.0,22.60293839200974,22.73099834131077,376.2206193378297,482.6342597596439,0.0
4.456,8.051186354720002,-2.505671209497799,10.0,0.0,22.86907602570984,22.914271145048897,384.2715325087128,482.6342597596439,0.0
4.457,7.907224146111764,-2.7851943428359967,10.0,0.0,23.154910203260723,23.120468840589893,395.56476911242146,482.6342597596439,0.0
4.458,7.769620955187664,-3.012619435571405,10.0,0.0,23.455002261478143,23.34832691324746,411.44042073095477,482.6342597596439,0.0
4.4590000000000005,7.608394957548897,-3.2400507879416454,10.0,0.0,23.770614118972937,23.59976721229202,421.7703551175043,482.6342597596439,0.0
4.46,7.4373866155391894,-3.4477210593457057,10.0,0.0,24.100378236953453,23.874823324826288,429.02733207002774,482.6342597596439,0.0
4.461,7.283346789580891,-3.5943775222696717,10.0,0.0,24.438727062596946,24.1705845353405,435.6302038877966,482.6342597596439,0.0
4.462,7.155931297606392,-3.6711655982829643,10.0,0.0,24.779797250459733,24.483079813225253,444.4207117684738,482.6342597596439,0.0
4.463,7.058798175952289,-3.6845427212875923,10.0,0.0,25.118713550095084,24.80784307057001,450.3567569780959,482.6342597596439,0.0
4.464,6.995399687179512,-3.645131094751402,10.0,0.0,25.451745495352355,25.140024134692293,448.99192595723946,482.6342597596439,0.0
4.465,6.984851890383,-3.5393287732339416,10.0,0.0,25.77344821339457,25.472816559687956,441.80143361462603,482.6342597596439,0.0
4.466,7.055733578386878,-3.3365339818110886,10.0,0.0,26.075010498290794,25.7965975503399,442.6240322372044,482.6342597596439,0.0
4.4670000000000005,7.202507652795523,-3.0603579223094695,10.0,0.0,26.350443235131632,26.102720339111347,443.8459488606336,482.6342597596439,0.0
4.468,7.383899227523168,-2.7906687758518074,10.0,0.0,26.60204093165021,26.387288790213788,425.29016994011704,482.6342597596439,0.0
4.469,7.645626962893404,-2.463006426845564,10.0,0.0,26.823589736701063,26.641584030714384,421.989055245786,482.6342597596439,0.0
4.47,7.977686113576011,-2.0923764459447876,10.0,0.0,27.010920510887864,26.858695398448628,408.36740008901563,482.6342597596439,0.0
4.471,8.318052684596156,-1.7764020795862243,10.0,0.0,27.17017846393898,27.038708975522727,401.0358934796692,482.6342597596439,0.0
4.472,8.740396405249749,-1.3912793871050133,10.0,0.0,27.292308226883037,27.173592846632843,384.719950677239,482.6342597596439,0.0
4.473,9.145838238695509,-1.0848018177879961,10.0,0.0,27.38585209494365,27.266826142453855,380.8714134917484,482.6342597596439,0.0
4.474,9.587660388658499,-0.7634374583444452,10.0,0.0,27.44707960193468,27.31554447733736,387.46150056206073,482.6342597596439,0.0
4.4750000000000005,9.823126487690605,-0.803206401667854,10.0,0.0,27.514644419074962,27.344030680037715,401.21716235399873,482.6342597596439,0.0
4.476,9.835179189804697,-1.1521874421529619,10.0,0.0,27.616291599791378,27.377453607939827,416.8930895110902,482.6342597596439,0.0
4.477,9.795469890641504,-1.5128763371023637,10.0,0.0,27.747302323265963,27.422187511052464,431.5077921769467,482.6342597596439,0.0
4.478,9.658752210297253,-1.9561040675764623,10.0,0.0,27.914833526106996,27.490190948047527,445.3426033624558,482.6342597596439,0.0
4.479,9.5007907923294,-2.3525802931935846,10.0,0.0,28.11159205987657,27.584155740800213,467.9707114180621,482.6342597596439,0.0
4.48,9.277770763584867,-2.776625008971672,10.0,0.0,28.340751376023896,27.7113524966368,477.934914579129,482.6342597596439,0.0
4.481,9.023135303549513,-3.173853423840367,9.426121951340265,0.0,28.599169114617904,27.811398623468342,490.94908247811134,482.6342597596439,0.0
4.482,8.726946764904062,-3.495353164776021,2.835889774664417,0.0,28.87314237938991,27.23812953717903,502.5130926058268,482.6342597596439,0.0
4.483,8.066961521038326,-3.5979522190499087,-3.144903617655136,0.0,29.07046230761655,26.22723622604623,502.1940706779409,482.6342597596439,0.0
4.484,7.126114210058537,-3.4154094935091397,-3.1809907628951564,0.0,29.125855221555028,25.489895938565297,499.0553676544593,482.6342597596439,0.0
4.485,6.274929284437929,-3.1574163864941727,-1.7758503301025197,0.0,29.075421000835316,25.070977158994353,493.0551575463073,482.6342597596439,0.0
4.486,5.678324293318095,-2.8949856960430034,1.1200457461068343,0.0,28.96185087935101,25.050518699130617,485.91688787638736,482.6342597596439,0.0
4.487,5.422639635265439,-2.682268840601623,4.656354299899381,0.0,28.836817376834727,25.402943315734504,477.4211802450772,482.6342597596439,0.0
4.488,5.516397068536825,-2.531185749089311,8.956338910700126,0.0,28.745037714718507,26.13238717783614,474.4692311131741,482.6342597596439,0.0
4.489,5.962910480900479,-2.431557777026474,10.0,0.0,28.725932159012288,26.803332660203694,476.1306767305285,482.6342597596439,0.0
4.49,6.5098839821005985,-2.339734125795606,9.737997509468016,0.0,28.766727385198685,27.310314202903974,457.95784126720264,482.6342597596439,0.0
4.491,7.051073878689074,-2.17876451137096,10.0,0.0,28.837352821962057,27.74805625920397,447.5276358818218,482.6342597596439,0.0
4.492,7.639718918040481,-1.889564242695894,10.0,0.0,28.914487587269093,28.087127573282224,440.1427476010409,482.6342597596439,0.0
4.493,8.16952405605449,-1.6392244009866448,10.0,0.0,28.993170627551976,28.347613117695317,423.7084341177728,482.6342597596439,0.0
4.494,8.744974321154636,-1.2841492276259485,10.0,0.0,29.0534790475953,28.531916933914523,410.53959554486073,482.6342597596439,0.0
4.495,9.27080414658533,-0.9923054904620159,10.0,0.0,29.09763494790178,28.651734432369757,403.0797238018786,482.6342597596439,0.0
4.496,9.830099486467626,-0.641496961835089,10.0,0.0,29.113686507245816,28.707721581877372,408.67275246573394,482.6342597596439,0.0
4.497,10.119471473616422,-0.7219540609331894,10.0,0.0,29.146089991793275,28.73347720718109,426.6470837610026,482.6342597596439,0.0
4.498,10.160601951533609,-1.1154758562953013,10.0,0.0,29.220311516915206,28.75826698570977,441.5028117904242,482.6342597596439,0.0
4.499,10.122156282142175,-1.5336684061633,10.0,0.0,29.331655829909668,28.792640267310016,458.570549972659,482.6342597596439,0.0
4.5,9.972529713914259,-2.0297386026376936,10.0,0.0,29.48568883587822,28.850785117860838,473.2409262019877,482.6342597596439,0.0
4.501,9.785632204527566,-2.4817583276686266,10.0,0.0,29.674894494093653,28.937581244303676,497.3559657627643,482.6342597596439,0.0
4.502,9.534862655320268,-2.936827371736524,-0.4148562940620675,0.0,29.899396596728987,27.914699806895896,500.757849396071,482.6342597596439,0.0
4.503,8.689880604747113,-3.0947135895045017,-2.297034007079679,0.0,30.0119771388738,27.004106068072076,505.02577927196455,482.6342597596439,0.0
4.5040000000000004,7.7319339861722325,-3.090437496439397,-4.654914140149671,0.0,30.020191020506907,26.052209027375103,506.95589604839876,482.6342597596439,0.0
4.505,6.743593776208347,-2.976865160559511,-5.863188891254322,0.0,29.91994361389089,25.186129614530607,504.51277498662637,482.6342597596439,0.0
4.506,5.844885911050811,-2.7780206092822373,-4.860413512637953,0.0,29.72237582937031,24.607995904535503,498.48416793890334,482.6342597596439,0.0
4.507,5.173946545148673,-2.5682055207553494,-2.0046090705690336,0.0,29.465660238077092,24.436845773526922,490.66026732456953,482.6342597596439,0.0
4.508,4.837666556207806,-2.3971932834385354,1.8270811609486142,0.0,29.200787997592773,24.68034838266061,482.60757927729156,482.6342597596439,0.0
4.509,4.86284503244535,-2.292644907090258,5.8536919894111215,0.0,28.97696304304508,25.271491363372647,474.2195074086842,482.6342597596439,0.0
4.51,5.220929872027388,-2.2393202528403133,10.0,0.0,28.829814653819376,26.157827775847217,473.47974745938126,482.6342597596439,0.0
4.511,5.864686109332102,-2.2255254345090423,10.0,0.0,28.78503056128975,26.832120290338175,471.0316355182816,482.6342597596439,0.0
4.5120000000000005,6.4992987117632826,-2.183824845691024,10.0,0.0,28.807705012875516,27.371135320232696,451.999069056854,482.6342597596439,0.0
4.513,7.135204231931336,-2.00925997128937,10.0,0.0,28.863228391996152,27.794912811102165,447.3341466158677,482.6342597596439,0.0
4.514,7.750855176401283,-1.7470246311629654,10.0,0.0,28.92847694362179,28.120502342106732,430.3655662279367,482.6342597596439,0.0
4.515,8.312649882291018,-1.490331394660536,10.0,0.0,28.99414569057131,28.364416866970238,422.44107379032374,482.6342597596439,0.0
4.516,8.898885706977346,-1.1483373791262488,10.0,0.0,29.042586605968477,28.531638820385744,403.9065152962227,482.6342597596439,0.0
4.517,9.443474612171531,-0.8473785702036658,10.0,0.0,29.073220096341352,28.63294024867493,407.2830800092906,482.6342597596439,0.0
4.518,9.96244795419154,-0.579186906938732,10.0,0.0,29.08442888563593,28.675533704602213,414.9859389961223,482.6342597596439,0.0
4.519,10.13513746086895,-0.8317986384358458,10.0,0.0,29.129245348691118,28.70118258155192,430.0902495564653,482.6342597596439,0.0
4.5200000000000005,10.137516679946883,-1.2608752248424206,10.0,0.0,29.216817360325507,28.73021339808037,446.13686195345616,482.6342597596439,0.0
4.521,10.068313539547892,-1.6969980965799774,10.0,0.0,29.342218002476365,28.772734471754084,464.569591366054,482.6342597596439,0.0
4.522,9.897497593347577,-2.1941735610957807,10.0,0.0,29.509658760158874,28.84164122495356,478.5207569151776,482.6342597596439,0.0
4.523,9.691719969302927,-2.6434980474387704,8.801760648744212,0.0,29.71170005624565,28.80952242914611,500.44417061882336,482.6342597596439,0.0
4.524,9.360015548181957,-3.06361962723223,-2.3380453116704505,0.0,29.932045472056853,27.621853090477885,502.7896054829657,482.6342597596439,0.0
4.525,8.412528580045535,-3.135892019379277,-3.7123162009748487,0.0,30.01533815975835,26.636120011322074,505.8404735155629,482.6342597596439,0.0
4.526,7.388853882711638,-3.066585459894829,-5.469812354832629,0.0,29.983381825309365,25.68083698784603,505.93281067563186,482.6342597596439,0.0
4.527,6.395169469568305,-2.9056974990168447,-5.748966444026984,0.0,29.842088211855945,24.903823183472323,502.0370056256524,482.6342597596439,0.0
4.5280000000000005,5.559260888091936,-2.6930920142669543,-3.9950913776973405,0.0,29.615444855596778,24.468112296209824,495.2520230900707,482.6342597596439,0.0
4.529,5.0003935877542105,-2.4953896960844943,-0.728777743210749,0.0,29.348273546084705,24.44818022840026,487.413659454667,482.6342597596439,0.0
4.53,4.795109792277851,-2.3467205367223847,3.142610077540846,0.0,29.09144957639488,24.813706304857284,478.9833947218179,482.6342597596439,0.0
4.531,4.9372966614560685,-2.2652184717050377,7.394251094343675,0.0,28.88938207576145,25.528270616776048,471.84800114287856,482.6342597596439,0.0
4.532,5.412778368170207,-2.2220375053167007,10.0,0.0,28.775042870730687,26.344406597846984,473.64004877530505,482.6342597596439,0.0
4.533,6.062623310432423,-2.196718227577502,10.0,0.0,28.751397873422686,26.974709444669493,462.77819129061265,482.6342597596439,0.0
4.534,6.687158772818728,-2.1343208468727983,10.0,0.0,28.7865371414276,27.47741705563908,446.7052294379177,482.6342597596439,0.0
4.535,7.3325455052124795,-1.909066554987826,10.0,0.0,28.844279245428677,27.868620646372744,444.65356059894356,482.6342597596439,0.0
4.5360000000000005,7.919173632542248,-1.6685354719237746,10.0,0.0,28.911161621884823,28.168402861750813,424.1447391292699,482.6342597596439,0.0
4.537,8.501906789752535,-1.364929080006092,10.0,0.0,28.97034258995285,28.386660727216857,418.57334261541,482.6342597596439,0.0
4.538,9.055050062031643,-1.0691934990989993,10.0,0.0,29.01593639778009,28.533992474564506,402.06821565667457,482.6342597596439,0.0
4.539,9.624254832445663,-0.7256771653220442,10.0,0.0,29.036874558652972,28.614069335937355,403.6702240041307,482.6342597596439,0.0
4.54,10.03712013497307,-0.6284748448960045,10.0,0.0,29.05646949766675,28.648509191686337,419.53895149307294,482.6342597596439,0.0
4.541,10.128631967615869,-0.980821514322261,10.0,0.0,29.11727908519519,28.67552690719636,436.23461299385275,482.6342597596439,0.0
4.542,10.12388922166317,-1.3839907155316369,10.0,0.0,29.21553463096057,28.707360630289458,450.94211776225103,482.6342597596439,0.0
4.543,10.001198438435711,-1.8736157274540757,10.0,0.0,29.3569750537581,28.759285094345273,466.63485675524095,482.6342597596439,0.0
4.5440000000000005,9.837407688341534,-2.323566606369441,10.0,0.0,29.53406222724291,28.83695122895334,489.9039834323899,482.6342597596439,0.0
4.545,9.595410563813402,-2.800400184320732,2.7850939285391334,0.0,29.749159481625533,28.15590157578554,495.3385049644233,482.6342597596439,0.0
4.546,8.9399862220703,-3.041444245855007,-0.05920928952535398,0.0,29.896388556242375,27.393419026446765,503.4054393703416,482.6342597596439,0.0
4.547,8.106731558438208,-3.1280929751520454,-4.300388288591475,0.0,29.959767388070983,26.368924751369015,506.4782491013753,482.6342597596439,0.0
4.548,7.106562057549755,-3.049433989218471,-6.075233047525646,0.0,29.904839933463307,25.402082751951216,504.7749457889111,482.6342597596439,0.0
4.549,6.1341782176877775,-2.8557617155878257,-5.444988251586225,0.0,29.73820366413458,24.710468109533036,499.70294965666113,482.6342597596439,0.0
4.55,5.363202192470922,-2.6360572809008596,-3.0796770844314088,0.0,29.496838792417634,24.400316609226664,492.2444809531572,482.6342597596439,0.0
4.551,4.905177171892584,-2.447879361563801,0.5534550553854141,0.0,29.230092731061546,24.51570818749901,484.3874341072084,482.6342597596439,0.0
4.5520000000000005,4.813350140478449,-2.320262361485857,4.4644467348841905,0.0,28.989404342853092,24.992284488404955,475.7289344818373,482.6342597596439,0.0
4.553,5.059709092653098,-2.255476918408315,8.862749800347789,0.0,28.81459219481834,25.813819985752133,472.4278069303089,482.6342597596439,0.0
4.554,5.630388176235099,-2.228159507632557,10.0,0.0,28.73705775056721,26.556524100195944,474.0616911488745,482.6342597596439,0.0
4.555,6.273220503701499,-2.1951962267578056,9.871854119142132,0.0,28.73819437539712,27.126731044693884,456.14573436436433,482.6342597596439,0.0
4.556,6.891127539793419,-2.0803404497816143,10.0,0.0,28.783933529535197,27.593867012232522,446.1533678004993,482.6342597596439,0.0
4.557,7.5267028528761095,-1.8248133338827692,10.0,0.0,28.844852940034215,27.953847625544352,438.27502258995537,482.6342597596439,0.0
4.558,8.087761203383975,-1.5962809981378254,10.0,0.0,28.91309518504157,28.228561453149872,422.36676697833246,482.6342597596439,0.0
4.559,8.682612482826135,-1.2570581115889485,10.0,0.0,28.9669553941458,28.422805065261993,409.10498597496843,482.6342597596439,0.0
4.5600000000000005,9.220463147097917,-0.9761592873309364,10.0,0.0,29.00734730174794,28.54979527679787,401.8103913783054,482.6342597596439,0.0
4.561,9.785967059552103,-0.6344321639358599,10.0,0.0,29.021618044412566,28.61129873421313,407.15467311432906,482.6342597596439,0.0
4.562,10.082048576226617,-0.7160133929672998,10.0,0.0,29.053003264979665,28.64116499244366,425.2969991470921,482.6342597596439,0.0
4.563,10.12895536559609,-1.108207746258297,10.0,0.0,29.1265621558848,28.668984215243956,439.7509252917918,482.6342597596439,0.0
4.564,10.09496709266122,-1.5248631004098154,10.0,0.0,29.237457225403208,28.705585182771266,456.94034682522687,482.6342597596439,0.0
4.565,9.949208866458036,-2.019246704433235,10.0,0.0,29.391138527623575,28.76530908265069,471.4392999188015,482.6342597596439,0.0
4.566,9.766226004110928,-2.4690318120758,10.0,0.0,29.57995661541029,28.85309925536036,494.83078716156894,482.6342597596439,0.0
4.567,9.518681553869616,-2.9230932652786312,0.14870696446345022,0.0,29.804120820465194,27.892750046571784,499.1652437589882,482.6342597596439,0.0
4.5680000000000005,8.707231072973162,-3.0938706620516547,-2.1838311742396233,0.0,29.924078583248743,26.979570022661775,503.63985486666706,482.6342597596439,0.0
4.569,7.7581121245415705,-3.094669170752442,-4.631192679149289,0.0,29.93910262935229,26.020107972786604,505.63818481867526,482.6342597596439,0.0
4.57,6.767918160261598,-2.9812985754493546,-5.860396905743698,0.0,29.844199315287636,25.146785829219493,503.30154065624686,482.6342597596439,0.0
4.571,5.863385989993207,-2.781947773261787,-4.898747633495528,0.0,29.65065923598511,24.558975629902598,497.3877231003154,482.6342597596439,0.0
4.572,5.183973651949446,-2.571230369052869,-2.0893734889365074,0.0,29.396506738240067,24.37569714124829,489.656230712541,482.6342597596439,0.0
4.573,4.836782154240941,-2.399480588301404,1.7061529954217116,0.0,29.132656339563518,24.60614236488621,481.6927712030106,482.6342597596439,0.0
4.574,4.85005981431944,-2.293850780907961,5.697297635753257,0.0,28.908333722112648,25.18329621429985,473.30330239434244,482.6342597596439,0.0
4.575,5.194824561258111,-2.240426929584031,9.985341613740342,0.0,28.759338425776527,26.07428446263983,472.420105459905,482.6342597596439,0.0
4.5760000000000005,5.83524643214771,-2.2286236797375993,10.0,0.0,28.713577364938153,26.753007580892433,470.80518141421913,482.6342597596439,0.0
4.577,6.468638273194501,-2.19032286727374,10.0,0.0,28.73616966513632,27.29586681356708,451.6904928093253,482.6342597596439,0.0
4.578,7.100272236907468,-2.023961372250493,10.0,0.0,28.792871902254213,27.723553535396128,446.62054157542235,482.6342597596439,0.0
4.579,7.714424407405519,-1.7643177262750305,10.0,0.0,28.859775401736144,28.05290140963641,430.4763849289257,482.6342597596439,0.0
4.58,8.273905854062326,-1.5100600637943373,10.0,0.0,28.927551432280808,28.300603408973576,421.8809190417459,482.6342597596439,0.0
4.581,8.858792695035772,-1.1679780802604538,10.0,0.0,28.97823361814079,28.471570073390986,403.83839731373723,482.6342597596439,0.0
4.582,9.399302811278087,-0.8709956399604994,10.0,0.0,29.011697003258863,28.576901045575738,403.6265226139181,482.6342597596439,0.0
4.583,9.938019196723564,-0.5665264150134625,10.0,0.0,29.02182535674242,28.621191557817227,412.6810540328375,482.6342597596439,0.0
4.5840000000000005,10.11388445552909,-0.8175473170465665,10.0,0.0,29.066026917574884,28.648107839568784,428.9228602874328,482.6342597596439,0.0
4.585,10.125976148195297,-1.2358113658714518,10.0,0.0,29.151998786849664,28.677181215623207,444.3564449624819,482.6342597596439,0.0
4.586,10.063286523670667,-1.6665899572175604,10.0,0.0,29.275483811362236,28.718961216624024,462.26257337881435,482.6342597596439,0.0
4.587,9.897661783250967,-2.1611614206663767,10.0,0.0,29.440893408589545,28.786503545176952,476.40950683110543,482.6342597596439,0.0
4.588,9.696832848307936,-2.608878130935114,9.403484741143503,0.0,29.640819402444478,28.81865085756263,499.4926073365602,482.6342597596439,0.0
4.589,9.405164079447873,-3.0376451008216714,-2.306648987353036,0.0,29.866654727737327,27.61550175577436,501.7625382192905,482.6342597596439,0.0
4.59,8.456985290981665,-3.1247251716010784,-3.6328972133146546,0.0,29.954882748408938,26.627848108166077,504.4151362158094,482.6342597596439,0.0
4.591,7.433983754719656,-3.059511065403131,-5.1770049761357715,0.0,29.92747824986298,25.694241636839227,504.9300485528434,482.6342597596439,0.0
4.5920000000000005,6.4484270151402985,-2.910456525983866,-5.6574190325847615,0.0,29.793709695764804,24.912032120200394,501.5385809770518,482.6342597596439,0.0
4.593,5.60908422862979,-2.7049995553613737,-4.1507284568630505,0.0,29.573987324038278,24.447678942829878,494.9797849807149,482.6342597596439,0.0
4.594,5.029665976054546,-2.5088947253807925,-0.9947857109052975,0.0,29.3102849101557,24.395218222240068,487.13818942862673,482.6342597596439,0.0
4.595,4.79760608458602,-2.3567062937387036,2.8809727684489568,0.0,29.052926986421596,24.736139743126152,478.91982121451593,482.6342597596439,0.0
4.596,4.914881412576163,-2.2723879411695025,7.0273012609556345,0.0,28.847643872683307,25.41935098393881,471.61901994727714,482.6342597596439,0.0
4.597,5.361600435706361,-2.2279345786482256,10.0,0.0,28.727163508048463,26.251280026401766,472.72943912412484,482.6342597596439,0.0
4.598,6.00868263484576,-2.2054176179412,10.0,0.0,28.699891752070847,26.89152928909046,464.0482121337224,482.6342597596439,0.0
4.599,6.631555227959235,-2.1519479424854873,10.0,0.0,28.733715603266788,27.402981286661447,446.80299423186733,482.6342597596439,0.0
4.6000000000000005,7.273300061320071,-1.9384750792072731,10.0,0.0,28.792354950894204,27.802307263856363,445.295782346472,482.6342597596439,0.0
4.601,7.865262724011355,-1.6926153145100158,10.0,0.0,28.86015311599445,28.108866133532096,424.42485637818476,482.6342597596439,0.0
4.602,8.440177602591202,-1.4020873137415242,10.0,0.0,28.922327869114678,28.33422792273341,420.52088558134426,482.6342597596439,0.0
4.603,9.000651799425356,-1.0936837449617358,10.0,0.0,28.96980221328493,28.487367995460666,401.4337168299125,482.6342597596439,0.0
4.604,9.561601011880274,-0.7616479510043317,10.0,0.0,28.99440322866336,28.573841823930508,400.13306387963655,482.6342597596439,0.0
4.605,9.994635262021411,-0.6316930096693953,10.0,0.0,29.014216839743675,28.61210409570025,422.9493864059345,482.6342597596439,0.0
4.606,10.123678031249518,-0.9309409861840332,10.0,0.0,29.070092143722874,28.638657139287353,431.5703813453711,482.6342597596439,0.0
4.607,10.117358350096335,-1.3459765177368674,10.0,0.0,29.165696650368538,28.670128001532802,450.98501146355255,482.6342597596439,0.0
4.6080000000000005,10.005364039939009,-1.8287437459543694,10.0,0.0,29.303841832362572,28.720268405524052,464.3058168816911,482.6342597596439,0.0
4.609,9.849165189402894,-2.2764207925025355,10.0,0.0,29.477603339394463,28.795271217772978,487.39724791412084,482.6342597596439,0.0
4.61,9.615789977828738,-2.7491572090322904,3.7559581569115803,0.0,29.68901321230083,28.217414581528267,493.7167558822125,482.6342597596439,0.0
4.611,9.014479915000205,-3.0214369614435963,0.4853792116400584,0.0,29.846719842892036,27.484971685445075,502.30549689647603,482.6342597596439,0.0
4.612,8.213281792154602,-3.1311048581055854,-4.005703666860023,0.0,29.924752191924522,26.462349107731757,505.90093700538375,482.6342597596439,0.0
4.613,7.220214569537079,-3.067138036375775,-6.036090493771283,0.0,29.88458601892553,25.47258571377726,504.5579053598461,482.6342597596439,0.0
4.614,6.2324483503176245,-2.8795982961563933,-5.583811127004466,0.0,29.729470420624153,24.746560252419748,499.87685155386276,482.6342597596439,0.0
4.615,5.433374487047641,-2.658408947118694,-3.4157101419549987,0.0,29.494808405025196,24.389614554823112,492.6616398395445,482.6342597596439,0.0
4.616,4.9360916417466125,-2.4651922399645136,0.09162191440513823,0.0,29.228876076929897,24.45573311612579,484.81874692237864,482.6342597596439,0.0
4.617,4.80192830564622,-2.3293387569902504,3.991223501360711,0.0,28.983137121718773,24.892314581008204,475.9975892258341,482.6342597596439,0.0
4.618,5.009116751762543,-2.2600375377274697,8.468169054971089,0.0,28.799365609227827,25.689999636475054,471.6955588584895,482.6342597596439,0.0
4.619,5.553305857346976,-2.2282352056075814,10.0,0.0,28.71093450919212,26.45548206641008,473.9963922764516,482.6342597596439,0.0
4.62,6.1981982929654,-2.1983674703790586,9.649961788552687,0.0,28.704927334599525,27.016254353776347,457.60084794970317,482.6342597596439,0.0
4.621,6.800824855066008,-2.098414831773029,10.0,0.0,28.744901993308453,27.502513282845534,445.5438405332536,482.6342597596439,0.0
4.622,7.438932479783157,-1.8507652143794995,10.0,0.0,28.803263147526174,27.876477829666342,440.6632477989041,482.6342597596439,0.0
4.623,8.006160499445414,-1.6239312272482902,10.0,0.0,28.87070939859371,28.162868031311156,422.4003106706866,482.6342597596439,0.0
4.624,8.59889727389594,-1.2963655466102209,10.0,0.0,28.926286159720092,28.36783507290531,411.81285743539087,482.6342597596439,0.0
4.625,9.14020642940714,-1.0153127287603398,10.0,0.0,28.969161795736145,28.504246447090964,401.6147971248812,482.6342597596439,0.0
4.626,9.709788950006883,-0.6696368809522024,10.0,0.0,28.98617719048876,28.574063261748783,406.9629968153496,482.6342597596439,0.0
4.627,10.043454835049811,-0.6975320547166568,10.0,0.0,29.014997954824075,28.60759251226738,422.89838012453845,482.6342597596439,0.0
4.628,10.135116060248802,-1.0281776904295867,10.0,0.0,29.080381635968493,28.633904838246174,435.91438103603116,482.6342597596439,0.0
4.6290000000000004,10.083878672195976,-1.4883917319441684,10.0,0.0,29.189175269805823,28.670677024679346,452.6987243644524,482.6342597596439,0.0
4.63,9.977026822507122,-1.9312278328193067,10.0,0.0,29.33487658958386,28.725892685438172,472.80891748562425,482.6342597596439,0.0
4.631,9.775845232133632,-2.4260376915097828,10.0,0.0,29.521530066907165,28.81121836854311,485.6528736501695,482.6342597596439,0.0
4.632,9.543759210556148,-2.86906026571125,4.624834777418362,0.0,29.7418351493839,28.338926303055697,499.7454461639029,482.6342597596439,0.0
4.633,8.975979375530521,-3.1578636052499753,-2.592563343490922,0.0,29.920218658671473,27.25586673292754,504.7542634646995,482.6342597596439,0.0
4.634,8.010533143360695,-3.170061516869212,-5.318172030939768,0.0,29.970911596900187,26.17182978351909,506.3267663614982,482.6342597596439,0.0
4.635,6.943924929390817,-3.0312075311674467,-6.341348545357666,0.0,29.8927356288218,25.22364493437787,504.0381489441475,482.6342597596439,0.0
4.636,5.967807554665833,-2.8098096934028374,-5.411078728527363,0.0,29.704593550340046,24.5717292474185,498.17053876607514,482.6342597596439,0.0
4.6370000000000005,5.226516955037416,-2.58158061447874,-2.6326364295554914,0.0,29.44718289070652,24.33429766823736,490.4453047186775,482.6342597596439,0.0
4.638,4.82651640659167,-2.3989835985880568,1.1518701445529897,0.0,29.173966758159505,24.519966635505952,482.4991145207385,482.6342597596439,0.0
4.639,4.797707373694998,-2.2847819936678397,5.126316695911553,0.0,28.93590292921173,25.058260135835514,473.93599943628345,482.6342597596439,0.0
4.64,5.105132524340487,-2.229811659632344,9.494856841372675,0.0,28.770570112496983,25.925607996824503,471.9287364768722,482.6342597596439,0.0
4.641,5.722521941196764,-2.2143470285450926,10.0,0.0,28.707353957473376,26.636729551689797,472.2680788697847,482.6342597596439,0.0
4.642,6.365541883338317,-2.182163859368171,10.0,0.0,28.718186071140064,27.200807604512903,453.1592916337156,482.6342597596439,0.0
4.643,6.9977424419259995,-2.043440223221019,10.0,0.0,28.769405010437985,27.646449201397147,446.30399130801453,482.6342597596439,0.0
4.644,7.625430643744563,-1.7859502967837972,10.0,0.0,28.833129559947903,27.98992483590858,433.4179344554616,482.6342597596439,0.0
4.6450000000000005,8.184351021888311,-1.5486779201547063,10.0,0.0,28.90130415579314,28.250221002342258,421.882380213308,482.6342597596439,0.0
4.646,8.77725736202468,-1.2039858315852099,10.0,0.0,28.953147502720878,28.431674518083508,405.5356582439077,482.6342597596439,0.0
4.647,9.315440091527622,-0.9166935942504963,10.0,0.0,28.989796641308853,28.546895980099457,399.4542163974334,482.6342597596439,0.0
4.648,9.86915311696695,-0.5906962622575618,10.0,0.0,29.00131622809373,28.598733604269302,413.7906794914399,482.6342597596439,0.0
4.649,10.101223646607835,-0.7632014773924775,10.0,0.0,29.039103165601883,28.626548796694557,424.928714900217,482.6342597596439,0.0
4.65,10.128864886081706,-1.1685602182476043,10.0,0.0,29.11875733794446,28.654641332582383,441.3394649146106,482.6342597596439,0.0
4.651,10.061692730034109,-1.6231790337601295,10.0,0.0,29.239209828939394,28.695555381675646,456.7704406345974,482.6342597596439,0.0
4.652,9.928803134591686,-2.076808970369089,10.0,0.0,29.397061580616,28.75836940889728,480.49733365666515,482.6342597596439,0.0
4.6530000000000005,9.71705073978061,-2.5573146926300048,7.180196926127887,0.0,29.59372888992975,28.542472737913272,488.6582247827957,482.6342597596439,0.0
4.654,9.314479616184208,-2.9317486813490516,3.0395117128311,0.0,29.785522482750203,27.982720421882615,500.07602309956496,482.6342597596439,0.0
4.655,8.658961541503269,-3.144101727103894,-2.84380507895275,0.0,29.921775979831384,26.96044597875273,505.97445933598436,482.6342597596439,0.0
4.656,7.698523514011363,-3.138718577523456,-6.0264251929258545,0.0,29.93946100598005,25.86186228730207,505.81779733623495,482.6342597596439,0.0
4.657,6.6417509259128895,-2.9734835664094423,-6.179929568817057,0.0,29.827397140642056,24.99648679181894,502.3295761886085,482.6342597596439,0.0
4.658,5.728154978456114,-2.744852503466997,-4.632772159293472,0.0,29.616505045477027,24.4680926464961,495.922289204451,482.6342597596439,0.0
4.659,5.083834224324667,-2.5313823254668875,-1.562008961662789,0.0,29.352667336345615,24.35550040731306,488.04053721693424,482.6342597596439,0.0
4.66,4.7943097850956935,-2.3653156803640565,2.3248042575226755,0.0,29.08782154502773,24.65002992404316,480.0182843648724,482.6342597596439,0.0
4.6610000000000005,4.865225666753419,-2.271793998803484,6.362090437501317,0.0,28.870286565994025,25.28315926619963,472.1415447160306,482.6342597596439,0.0
4.662,5.265830587915259,-2.2242102241965096,10.0,0.0,28.733519020688167,26.147661983800905,472.12985029899136,482.6342597596439,0.0
4.663,5.913081227402561,-2.2098959472844433,10.0,0.0,28.695779768958765,26.808467058354502,466.980421106378,482.6342597596439,0.0
4.664,6.543904964794024,-2.1657720380402097,10.0,0.0,28.723184462609915,27.33649959556161,448.62192756408734,482.6342597596439,0.0
4.665,7.183635761724,-1.975409486412036,10.0,0.0,28.78015329903,27.750407198124748,445.9757649313148,482.6342597596439,0.0
4.666,7.788940506600211,-1.722136377270246,10.0,0.0,28.846859595575076,28.068434710106484,426.8156950003142,482.6342597596439,0.0
4.667,8.35702196437532,-1.450499513109179,10.0,0.0,28.911350689697528,28.304894187638062,421.35567097906744,482.6342597596439,0.0
4.668,8.930497117491939,-1.1254844011969558,10.0,0.0,28.960003328492157,28.466755374563654,401.9014534459754,482.6342597596439,0.0
4.6690000000000005,9.481917807294924,-0.810813537583408,10.0,0.0,28.988613178221513,28.56237418232898,404.27666135093267,482.6342597596439,0.0
4.67,9.952503235570859,-0.6209898678318244,10.0,0.0,29.006190028717917,28.60504190407838,418.1354291292293,482.6342597596439,0.0
4.671,10.124917433804717,-0.862774623823567,10.0,0.0,29.054770526196236,28.63094083117953,429.2523619911913,482.6342597596439,0.0
4.672,10.117318642386257,-1.2952969224097388,10.0,0.0,29.1462424719214,28.66166792435676,445.56030095671315,482.6342597596439,0.0
4.673,10.035008385420577,-1.7427817005643758,10.0,0.0,29.276538035002925,28.70744764314083,465.87000981901116,482.6342597596439,0.0
4.674,9.862602069827712,-2.23341814770044,10.0,0.0,29.447877175058125,28.779820538500193,478.6454251557768,482.6342597596439,0.0
4.675,9.653953922826853,-2.6789753391360867,8.130391412362869,0.0,29.653424617230293,28.67766034670322,497.7840718284655,482.6342597596439,0.0
4.676,9.284495675637718,-3.078057756730309,-1.5904300446697013,0.0,29.867644790026553,27.594230569626752,502.38587312579995,482.6342597596439,0.0
4.6770000000000005,8.378478078463221,-3.157476166670193,-4.088846826998471,0.0,29.956845168752984,26.558915509269017,505.4792564419153,482.6342597596439,0.0
4.678,7.342682273039725,-3.0765783951404235,-5.863988451878868,0.0,29.92390106460334,25.570647944530982,504.9013420647562,482.6342597596439,0.0
4.679,6.332216596631744,-2.896066343644397,-5.797702086350432,0.0,29.77637726644557,24.803748908659365,500.6978162054365,482.6342597596439,0.0
4.68,5.50042008369905,-2.673035821501572,-3.8765747211485024,0.0,29.544187707595686,24.39084150273458,493.7266629543122,482.6342597596439,0.0
4.681,4.958111847208828,-2.4745133874564225,-0.5019221275330388,0.0,29.274319201514764,24.39934233404756,485.8295838596199,482.6342597596439,0.0
4.682,4.776306104939664,-2.3297307512598846,3.4146641788133447,0.0,29.01834676353207,24.7916597486678,477.28701408619025,482.6342597596439,0.0
4.683,4.942380987004195,-2.2540457661199436,7.739421522262705,0.0,28.820325788806233,25.53561932829393,471.0657312507774,482.6342597596439,0.0
4.684,5.443212322597906,-2.216173440893294,10.0,0.0,28.713093763592067,26.337366213506808,472.8541970350929,482.6342597596439,0.0
4.6850000000000005,6.092550015052484,-2.193268150161466,10.0,0.0,28.694618770692365,26.959190590085537,460.2335122589911,482.6342597596439,0.0
4.686,6.7181833887255955,-2.1219743528582544,10.0,0.0,28.73256044994448,27.45465873553692,445.5761625912591,482.6342597596439,0.0
4.687,7.361897962400029,-1.8912898255432466,10.0,0.0,28.791592415784905,27.839821965000933,443.112844371378,482.6342597596439,0.0
4.688,7.9402547792664135,-1.6578552052906321,10.0,0.0,28.859866545033036,28.135189963984025,423.0636181668532,482.6342597596439,0.0
4.689,8.52511830626409,-1.3465639924084618,10.0,0.0,28.918942374040164,28.349297156192538,416.21471376869187,482.6342597596439,0.0
4.69,9.071522648483452,-1.0582675201925897,10.0,0.0,28.964921639552507,28.493645369706773,401.5537567928298,482.6342597596439,0.0
4.691,9.64096522780682,-0.7118481522863709,10.0,0.0,28.985514634117504,28.570982048117422,406.35698046238315,482.6342597596439,0.0
4.692,10.037263082964614,-0.6383988509132177,10.0,0.0,29.007166767595088,28.60474601986939,418.5504051235696,482.6342597596439,0.0
4.6930000000000005,10.123079349979474,-0.9925587666189317,10.0,0.0,29.069722168641462,28.631821996973862,433.7900580342007,482.6342597596439,0.0
4.694,10.104763906286252,-1.412305855539322,10.0,0.0,29.171360207917843,28.66531877794893,453.22387473136865,482.6342597596439,0.0
4.695,9.98161556245542,-1.8976505499015675,10.0,0.0,29.31537456685472,28.71899284813859,466.5574421806858,482.6342597596439,0.0
4.696,9.816058961301346,-2.3455000612835004,10.0,0.0,29.49476489622527,28.798680689891597,490.07290580329243,482.6342597596439,0.0
4.697,9.578241780855937,-2.810453369397165,2.3105682268854393,0.0,29.71085134561276,28.06700560920122,495.2918635983231,482.6342597596439,0.0
4.698,8.893056088789777,-3.0432776812820186,-0.42548670901669716,0.0,29.85312278321865,27.279027210623372,502.43246834692144,482.6342597596439,0.0
4.699,8.041633942521742,-3.1138718857443872,-4.193771169188633,0.0,29.907806356578178,26.28372763357282,505.50081227716987,482.6342597596439,0.0
4.7,7.052285870396144,-3.034870309621569,-5.95660865948811,0.0,29.84809549947859,25.337511158703194,503.81162577190463,482.6342597596439,0.0
4.7010000000000005,6.096302555911162,-2.8443868077897316,-5.323789066978096,0.0,29.679570911161704,24.66244845956176,498.70495358299326,482.6342597596439,0.0
4.702,5.341347150859569,-2.6277879320817163,-2.931159910755902,0.0,29.43847147045279,24.36838584417294,491.2887434748207,482.6342597596439,0.0
4.703,4.897602649370382,-2.4439993761283536,0.6904003061786046,0.0,29.17402495987811,24.495327219665985,483.42631481670804,482.6342597596439,0.0
4.704,4.817256651455117,-2.3191994088451886,4.613694084664294,0.0,28.936827127068593,24.982877134772124,474.8580057658909,482.6342597596439,0.0
4.705,5.0734842718850945,-2.256380609589804,8.975611150010405,0.0,28.766442000805377,25.80954171626346,471.90266990961584,482.6342597596439,0.0
4.706,5.649352683841113,-2.230990922641632,10.0,0.0,28.69359716774586,26.544781680713882,473.2614098069861,482.6342597596439,0.0
4.707,6.289366715509761,-2.1974647923563007,9.9637416279567,0.0,28.698126836975447,27.120337996624656,455.2638286696293,482.6342597596439,0.0
4.708,6.910279360874521,-2.080582395890138,10.0,0.0,28.747237368564704,27.58124240183906,445.76364380457846,482.6342597596439,0.0
4.7090000000000005,7.5426268576125395,-1.8241263340823128,10.0,0.0,28.810485944682284,27.937255737782994,437.25502243204807,482.6342597596439,0.0
4.71,8.100196832389642,-1.5947080269414593,10.0,0.0,28.880339543615097,28.20898337548619,421.8950718633878,482.6342597596439,0.0
4.711,8.692815412596687,-1.2535630994304632,10.0,0.0,28.935148787470155,28.400911265237347,408.2838769520458,482.6342597596439,0.0
4.712,9.228147731848878,-0.9722944474717908,10.0,0.0,28.976141793474465,28.52616692108321,401.2980028640287,482.6342597596439,0.0
4.713,9.790688162226905,-0.6319678736606084,10.0,0.0,28.99093782786328,28.586470187795864,407.2730046165542,482.6342597596439,0.0
4.714,10.080720989009105,-0.719703630237595,10.0,0.0,29.023338784446068,28.615944524633875,424.3435784509144,482.6342597596439,0.0
4.715,10.122780454049831,-1.11632719915389,10.0,0.0,29.098198314069407,28.643985310559707,440.0438387622885,482.6342597596439,0.0
4.716,10.08765682537374,-1.5319849678841855,10.0,0.0,29.210132088194165,28.680992164660065,456.33601387223325,482.6342597596439,0.0
4.7170000000000005,9.941233878077988,-2.024987134300468,10.0,0.0,29.364646830934955,28.741246998678637,471.1556229453862,482.6342597596439,0.0
4.718,9.757832096861371,-2.4735464281190866,10.0,0.0,29.554147083459416,28.82963779003028,494.61831813255645,482.6342597596439,0.0
4.719,9.509086361995696,-2.928332179666438,0.009258972502950158,0.0,29.779077229598624,27.854686027497607,498.68434080731737,482.6342597596439,0.0
4.72,8.69136724279093,-3.0926607683905716,-2.184253175354243,0.0,29.897547472114816,26.945805175606676,503.18957820744,482.6342597596439,0.0
4.721,7.7425181489904835,-3.0917688935632612,-4.642425059893509,0.0,29.911541213072056,25.9873918564617,505.1559453257844,482.6342597596439,0.0
4.722,6.753670717780913,-2.977321473462096,-5.8508254747271184,0.0,29.815713950556223,25.117161643035676,502.7838373474864,482.6342597596439,0.0
4.723,5.851854716210195,-2.7778259990476446,-4.866267261456541,0.0,29.621646364964782,24.534068418169475,496.87204731207,482.6342597596439,0.0
4.724,5.176278973113553,-2.567897067978472,-2.052750119272602,0.0,29.36757898777241,24.354814232463198,489.1598899603773,482.6342597596439,0.0
4.7250000000000005,4.832791328856391,-2.397169400301175,1.738072254566398,0.0,29.104312175594835,24.58796190074608,481.21661556809966,482.6342597596439,0.0
4.726,4.848745264815877,-2.292618390048655,5.72388589262067,0.0,28.8808934770123,25.16680958803239,472.8672420028842,482.6342597596439,0.0
4.727,5.195326666407885,-2.239825800024419,9.996242852795989,0.0,28.732939742216498,26.057567351155022,472.0490415577824,482.6342597596439,0.0
4.728,5.835895432558209,-2.2285984090807283,10.0,0.0,28.688150070108993,26.73514693081589,470.3619669368509,482.6342597596439,0.0
4.729,6.468348236315856,-2.190665236048855,10.0,0.0,28.71153694805425,27.277287893076036,451.2975817856518,482.6342597596439,0.0
4.73,7.099271657493514,-2.023974378020004,10.0,0.0,28.768842571778137,27.704476398612726,446.3113963480075,482.6342597596439,0.0
4.731,7.7121965325606485,-1.7648701984249784,10.0,0.0,28.836301932508153,28.033564113922534,430.11543783911327,482.6342597596439,0.0
4.732,8.270871977252078,-1.510628352027732,10.0,0.0,28.904548567388392,28.281163943608973,421.61736444984035,482.6342597596439,0.0
4.7330000000000005,8.854662693373697,-1.1691364313745307,10.0,0.0,28.95570882894137,28.452198229488317,403.55671611471854,482.6342597596439,0.0
4.734,9.394392612330805,-0.872336590675145,10.0,0.0,28.98962342965659,28.557712729010976,403.09985961400537,482.6342597596439,0.0
4.735,9.932336369433019,-0.5680987076625246,10.0,0.0,29.000199851528144,28.602290724561215,412.3669203036505,482.6342597596439,0.0
4.736,10.108971658215792,-0.8172292632066331,10.0,0.0,29.044623170707567,28.629418118548507,428.512830572783,482.6342597596439,0.0
4.737,10.12143752665576,-1.2344763720186478,10.0,0.0,29.130722773781653,28.65867021241444,443.96662196556105,482.6342597596439,0.0
4.738,10.059083868120034,-1.6646144377085301,10.0,0.0,29.25428034207267,28.700590618324508,461.8585986129135,482.6342597596439,0.0
4.739,9.893977786035697,-2.1585174166750765,10.0,0.0,29.419702141155028,28.7682128729166,475.98463683695184,482.6342597596439,0.0
4.74,9.693788803664836,-2.6056040778069756,9.4568283773118,0.0,29.6195844887232,28.806235930701966,499.08684982781114,482.6342597596439,0.0
4.741,9.406086355313366,-3.0344565693754966,-2.2588040187995233,0.0,29.845983814774314,27.606802449615202,501.45203182820336,482.6342597596439,0.0
4.742,8.460457737517585,-3.12381845585274,-3.6295727396812305,0.0,29.935341142708456,26.61746613738037,504.0596661989215,482.6342597596439,0.0
4.743,7.437680556975421,-3.058770203566847,-5.147643989433072,0.0,29.908780180009465,25.685768242580227,504.60965629462254,482.6342597596439,0.0
4.744,6.452924456144343,-2.9105631139044332,-5.642393002633382,0.0,29.776053226760368,24.90343776132169,501.2703889181167,482.6342597596439,0.0
4.745,5.613356928987079,-2.705911241085918,-4.15912060596518,0.0,29.557336285596907,24.436679953608596,494.7423210150994,482.6342597596439,0.0
4.746,5.0321928155720865,-2.51001856928865,-1.0161672670110846,0.0,29.29431358260896,24.381150753072795,486.9226324069868,482.6342597596439,0.0
4.747,4.797499662712724,-2.35773625241724,2.8507933105717793,0.0,29.037248101728352,24.718812938116734,478.737348745442,482.6342597596439,0.0
4.748,4.91174286900605,-2.273220747208764,6.982404251486207,0.0,28.83188150503598,25.397896270072128,471.42086094576814,482.6342597596439,0.0
4.749,5.3547080054609735,-2.2286743240988374,10.0,0.0,28.710904949718383,26.231570299142994,472.4667822528746,482.6342597596439,0.0
4.75,6.001052753002151,-2.206737151954156,10.0,0.0,28.68342582813481,26.87293504142491,464.0678985659378,482.6342597596439,0.0
4.751,6.623452398823939,-2.154381746206747,10.0,0.0,28.71729137002702,27.38541488375529,446.7057843694235,482.6342597596439,0.0
4.752,7.264275910756773,-1.942698982971045,10.0,0.0,28.776256792064594,27.785766706187452,445.31485948212537,482.6342597596439,0.0
4.753,7.856674027038404,-1.6961246496809226,10.0,0.0,28.844354505112065,28.093224330908505,424.34929755002685,482.6342597596439,0.0
4.7540000000000004,8.429947108923855,-1.4078789822412379,10.0,0.0,28.907146929241442,28.319609906617625,420.50163012976816,482.6342597596439,0.0
4.755,8.991239908942093,-1.0976431745412016,10.0,0.0,28.95505518635617,28.473626689985615,401.2894474723236,482.6342597596439,0.0
4.756,9.550583366905837,-0.7675609142049225,10.0,0.0,28.98036760553625,28.561117768352453,399.9845020443278,482.6342597596439,0.0
4.757,9.985846162310363,-0.6336031339548844,10.0,0.0,29.00046335741086,28.600105507885747,422.6939122045258,482.6342597596439,0.0
4.758,10.12235737063967,-0.9214742958471129,10.0,0.0,29.055453713661976,28.626540443690992,430.94223485784363,482.6342597596439,0.0
4.759,10.11438517340375,-1.3404827835631936,10.0,0.0,29.150800749898366,28.65807297532008,451.2110559503933,482.6342597596439,0.0
4.76,10.00457237214758,-1.8212559998363984,10.0,0.0,29.288461304586903,28.7079866435757,463.58655919109344,482.6342597596439,0.0
4.761,9.849532208025536,-2.268573836942755,10.0,0.0,29.461744400551122,28.7826312905155,487.32840081865675,482.6342597596439,0.0
4.7620000000000005,9.619689592838206,-2.736828507746105,3.6859594441775148,0.0,29.672198487030204,28.196327607246634,493.4423440206162,482.6342597596439,0.0
4.763,9.012631341522418,-3.0125558296503203,0.5209070005880712,0.0,29.82862425523593,27.46916231920883,501.7247571980518,482.6342597596439,0.0
4.764,8.214598435064097,-3.1225941883431885,-3.811204562513816,0.0,29.90603786405446,26.46718742648731,505.5508358416587,482.6342597596439,0.0
4.765,7.232308030128419,-3.0658268205679295,-5.953409645137403,0.0,29.868167828676796,25.480901555940566,504.3243575140494,482.6342597596439,0.0
4.766,6.248691110337409,-2.8836585662434344,-5.557071458876807,0.0,29.71598537548427,24.752851477353286,499.736172680876,482.6342597596439,0.0
4.767,5.449105221054177,-2.6643427603579584,-3.4339981715024352,0.0,29.483913103648106,24.390081119677298,492.61278168184776,482.6342597596439,0.0
4.768,4.947302538383876,-2.4713893178949724,0.027912108789642787,0.0,29.21973930261589,24.447162404744574,484.81436765281416,482.6342597596439,0.0
4.769,4.805772006183721,-2.334413240242853,3.905318044374744,0.0,28.974553176076533,24.874564063028664,476.00601364050084,482.6342597596439,0.0
4.7700000000000005,5.004647221593179,-2.263700025451996,8.375777511722832,0.0,28.79021713516903,25.664391845865794,471.4781696234714,482.6342597596439,0.0
4.771,5.541416879044911,-2.2301587195774033,10.0,0.0,28.700315065137698,26.433707215199888,473.7555488919391,482.6342597596439,0.0
4.772,6.185224888550324,-2.2006898228372616,9.686332687610488,0.0,28.693428573460245,27.00090402688073,457.9064499059445,482.6342597596439,0.0
4.773,6.788554280440331,-2.1046601174190385,10.0,0.0,28.73368183349001,27.488404432699653,445.44577514314466,482.6342597596439,0.0
4.774,7.426415892228017,-1.8588299448514112,10.0,0.0,28.792578786170438,27.86391196743801,441.05512165083593,482.6342597596439,0.0
4.775,7.994293594083691,-1.6310284932659638,10.0,0.0,28.86053693910795,28.151670512884326,422.3998814406881,482.6342597596439,0.0
4.776,8.585255146895578,-1.3057363999385485,10.0,0.0,28.916971015546164,28.35812202528901,412.4364224578927,482.6342597596439,0.0
4.777,9.12646075594674,-1.0241699511288038,10.0,0.0,28.960687447145233,28.49594879262954,401.5499362540408,482.6342597596439,0.0
4.7780000000000005,9.696050512107027,-0.6776870373862691,10.0,0.0,28.978517456294856,28.567121709308804,408.1266189232842,482.6342597596439,0.0
4.779,10.03532991659399,-0.6967840243233241,10.0,0.0,29.00724725389795,28.60133549830314,422.79067423572036,482.6342597596439,0.0
4.78,10.135408077910032,-1.015440786370722,10.0,0.0,29.07138672459602,28.62738508445846,435.49531361337426,482.6342597596439,0.0
4.781,10.08446071579631,-1.4772934738659131,10.0,0.0,29.179334434843806,28.66384865051372,452.13670481545665,482.6342597596439,0.0
4.782,9.979406041411044,-1.9196771939805586,10.0,0.0,29.32417741301,28.718507171549483,472.286332707938,482.6342597596439,0.0
4.783,9.779917592035616,-2.4141743151763215,10.0,0.0,29.509972791593537,28.803077320985725,485.11280850931746,482.6342597596439,0.0
4.784,9.549226898947795,-2.857371486443927,4.833064051566165,0.0,29.729452364889838,28.352788130754888,499.3890775593788,482.6342597596439,0.0
4.785,8.99308735147982,-3.15307326981225,-2.4726186514618487,0.0,29.91005028629124,27.276388522318612,504.50731445116554,482.6342597596439,0.0
4.7860000000000005,8.034751306926537,-3.1702682799392,-5.250467644270441,0.0,29.963882887989175,26.193037674113626,506.2199039887019,482.6342597596439,0.0
4.787,6.969602333766948,-3.0351964130174576,-6.342618855329201,0.0,29.888967289234145,25.238630054212578,504.01338110953736,482.6342597596439,0.0
4.788,5.98940248388009,-2.8152002720760443,-5.453148629245867,0.0,29.70325363153017,24.578105367161832,498.20922234407664,482.6342597596439,0.0
4.789,5.240885855064289,-2.586919584953041,-2.70681887235983,0.0,29.447147956717423,24.330798184713274,490.5155485001658,482.6342597596439,0.0
4.79,4.832169445513976,-2.4032639036535293,1.0612051621903804,0.0,29.174002813069364,24.50710413802234,482.6032126984565,482.6342597596439,0.0
4.791,4.794724834731847,-2.2875241396894817,5.017683533656892,0.0,28.934907961893966,25.03602910524203,474.0469044337389,482.6342597596439,0.0
4.792,5.093314887902084,-2.231608223909223,9.381711219274735,0.0,28.7676217394619,25.89541100036897,471.9433622558684,482.6342597596439,0.0
4.793,5.703023050307886,-2.2151445620456554,10.0,0.0,28.70175048513853,26.612415575430667,471.9044518495455,482.6342597596439,0.0
4.7940000000000005,6.346462567756102,-2.183489959206135,10.0,0.0,28.710849444059967,27.18026841445136,453.54700713925246,482.6342597596439,0.0
4.795,6.978550724442689,-2.04846311063889,10.0,0.0,28.76128738367732,27.629150563401087,446.2134071112898,482.6342597596439,0.0
4.796,7.60723961927627,-1.7925265902218377,10.0,0.0,28.82476699546771,27.97535339455275,434.0441426077816,482.6342597596439,0.0
4.797,8.166123319681814,-1.5574263678528482,10.0,0.0,28.893217269937796,28.238093585671997,421.87742456356636,482.6342597596439,0.0
4.798,8.759629297643807,-1.212976520059967,10.0,0.0,28.945558055039307,28.421707964554585,405.9334541543726,482.6342597596439,0.0
4.799,9.297246275736786,-0.9271855680173262,10.0,0.0,28.983033693272134,28.538992176248446,399.726989303428,482.6342597596439,0.0
4.8,9.852304388954192,-0.5992092038488552,10.0,0.0,28.99527069831297,28.592615307923218,412.7629891522497,482.6342597596439,0.0
4.801,10.097909608409074,-0.751800300561662,10.0,0.0,29.031711100297287,28.62063383392674,424.49845952537345,482.6342597596439,0.0
4.8020000000000005,10.126850731084902,-1.1578814079133188,10.0,0.0,29.11045232552507,28.648767076228534,440.04114836065867,482.6342597596439,0.0
4.803,10.07158915597621,-1.5949266225999792,10.0,0.0,29.228146915002284,28.688329301311654,460.7838546144412,482.6342597596439,0.0
4.804,9.920107392897137,-2.0842351638562056,10.0,0.0,29.387481755431406,28.7518151410218,473.197334706586,482.6342597596439,0.0
4.805,9.728801893923974,-2.5334072789483084,10.0,0.0,29.581747543036187,28.844414668060097,495.146289506627,482.6342597596439,0.0
4.806,9.486614020693917,-2.9635653120548264,-0.2583480662385682,0.0,29.808672367075133,27.843490144934368,501.8952158932308,482.6342597596439,0.0
4.807,8.64066713040368,-3.133037717658966,-3.825420820876329,0.0,29.927152640682998,26.766188313376972,503.76712169468874,482.6342597596439,0.0
4.808,7.605400499570052,-3.078746874200471,-4.972702340955755,0.0,29.918387986937855,25.82335431316253,504.7069380730528,482.6342597596439,0.0
4.809,6.603473878373047,-2.9392765190071035,-5.66333731327188,0.0,29.8014175679091,25.009289477864378,502.0615909594268,482.6342597596439,0.0
4.8100000000000005,5.733115735198345,-2.739109079248886,-4.534937068456694,0.0,29.594113992431925,24.48168459038324,495.98028086916395,482.6342597596439,0.0
4.811,5.103314172986914,-2.5372694031886143,-1.6277422344204782,0.0,29.334579595785314,24.355191853809846,488.2043829880243,482.6342597596439,0.0
4.812,4.808343640437018,-2.376062719609462,2.204505473865545,0.0,29.072635026712934,24.63401899375861,480.1382233344654,482.6342597596439,0.0
4.813,4.868114518743378,-2.280879679684949,6.2625456648967734,0.0,28.85590956098673,25.25730640479662,472.1096111471911,482.6342597596439,0.0
4.814,5.257380592813321,-2.2329007678538835,10.0,0.0,28.718859533034813,26.124910543744626,471.9203325225403,482.6342597596439,0.0
4.815,5.901267975146496,-2.2188188523476207,10.0,0.0,28.68120570018549,26.787739771335666,467.6522441656873,482.6342597596439,0.0
4.816,6.530621825294467,-2.174930109544695,10.0,0.0,28.708913230826944,27.31773064318972,449.1507210204077,482.6342597596439,0.0
4.817,7.1665469561246695,-1.989238275593492,10.0,0.0,28.766861881283063,27.733834955032663,446.10013935131997,482.6342597596439,0.0
4.8180000000000005,7.774502096258377,-1.7302519104310918,10.0,0.0,28.833994516049508,28.053607886630537,427.27840401806793,482.6342597596439,0.0
4.819,8.335243866295864,-1.468735874021165,10.0,0.0,28.900214280145626,28.292514745242467,421.32867946440945,482.6342597596439,0.0
4.82,8.912995642025317,-1.1354386077730667,10.0,0.0,28.949655214770143,28.456207616772964,402.0390833812099,482.6342597596439,0.0
4.821,9.459702202128472,-0.8268681508024254,10.0,0.0,28.979911565480954,28.5541150907588,405.1840873627976,482.6342597596439,0.0
4.822,9.946575992896953,-0.6085835954931289,10.0,0.0,28.996007432004962,28.597168401033635,416.31114292243717,482.6342597596439,0.0
4.823,10.121135542095692,-0.8495546182841389,10.0,0.0,29.043488700964154,28.62319315442921,428.72101312118014,482.6342597596439,0.0
4.824,10.116423818095235,-1.281219617735439,10.0,0.0,29.13389775807871,28.653627444513184,444.99125676401843,482.6342597596439,0.0
4.825,10.041945171723212,-1.7189827064645895,10.0,0.0,29.262146628255913,28.69820474516114,464.6821136358265,482.6342597596439,0.0
4.8260000000000005,9.869208538230357,-2.213707377096526,10.0,0.0,29.43207042436241,28.769405445982514,477.8655354690918,482.6342597596439,0.0
4.827,9.6618782503427,-2.661097734445207,8.49735468854442,0.0,29.63638760354242,28.706266437404988,497.6430781551612,482.6342597596439,0.0
4.828,9.313918400488982,-3.070138651206254,-1.5415048384454595,0.0,29.854479761216915,27.616827233353924,502.03366781615966,482.6342597596439,0.0
4.829,8.411086586133983,-3.155052217368433,-3.9307937495098386,0.0,29.947068865829078,26.59153988160875,505.22733135961755,482.6342597596439,0.0
4.83,7.380542049471135,-3.0799719936323227,-5.753556237238519,0.0,29.91876236453291,25.605760771849152,504.89029913037024,482.6342597596439,0.0
4.831,6.370795760310032,-2.904771635122071,-5.807600516322125,0.0,29.776187365191642,24.82877832355509,500.8092433566472,482.6342597596439,0.0
4.832,5.531152838554159,-2.6843683553855406,-3.9488224654306334,0.0,29.547679263769176,24.402505907046738,493.9195651151759,482.6342597596439,0.0
4.833,4.977737224448935,-2.484336823944619,-0.6168363982503022,0.0,29.27959529517698,24.396419897261918,486.1185949703607,482.6342597596439,0.0
4.8340000000000005,4.782567347681544,-2.3375659924385865,3.248805322050135,0.0,29.023566646314272,24.771969350460957,477.67367151580993,482.6342597596439,0.0
4.835,4.934089663143705,-2.2588281778214734,7.520872931763848,0.0,28.82350235636492,25.497012859850827,470.9140339227808,482.6342597596439,0.0
4.836,5.418822485212672,-2.2180879562461575,10.0,0.0,28.712254800122373,26.307723503442638,472.7143659298046,482.6342597596439,0.0
4.837,6.067520614169466,-2.1951968382329317,10.0,0.0,28.691092443097556,26.93493759040409,461.1698517751698,482.6342597596439,0.0
4.838,6.692087991022575,-2.1298215568529852,10.0,0.0,28.72780536069971,27.435098602802647,445.6768127157623,482.6342597596439,0.0
4.839,7.335832563768456,-1.903558239096169,10.0,0.0,28.786627875642058,27.82434857648805,443.60108676827673,482.6342597596439,0.0
4.84,7.918171786608385,-1.666783235512948,10.0,0.0,28.85471051924211,28.122935935514214,423.32353177595945,482.6342597596439,0.0
4.841,8.500402743882692,-1.3613496519173707,10.0,0.0,28.914613690225107,28.34025080992599,417.41021232321845,482.6342597596439,0.0
4.8420000000000005,9.049858082483645,-1.0690728308762771,10.0,0.0,28.961161917072413,28.48720673632153,401.4815879436331,482.6342597596439,0.0
4.843,9.617982200704216,-0.7250535027847309,10.0,0.0,28.98283155599488,28.567122793143998,403.41817016568746,482.6342597596439,0.0
4.844,10.027445601141395,-0.630972627317657,10.0,0.0,29.00341713368689,28.601854475310564,418.6527668663239,482.6342597596439,0.0
4.845,10.1174937614299,-0.983113660338809,10.0,0.0,29.065093644213352,28.62936088340233,435.4040494296129,482.6342597596439,0.0
4.846,10.111572105640423,-1.3863577064534454,10.0,0.0,29.164188579238743,28.661836165477286,450.2635326044075,482.6342597596439,0.0
4.847,9.989146163687721,-1.8743436663190545,10.0,0.0,29.30626756409315,28.714381049904176,465.815141587898,482.6342597596439,0.0
4.848,9.825892608160386,-2.322798076026745,10.0,0.0,29.48384326437401,28.792612976062323,489.1326747875518,482.6342597596439,0.0
4.849,9.585153519371849,-2.797505422757933,2.7702004140217618,0.0,29.699217851285937,28.110350089386586,494.46557157945415,482.6342597596439,0.0
4.8500000000000005,8.929787147002555,-3.0372727846320076,-0.014561100127505,0.0,29.846456027177943,27.353508089445704,502.50436512638487,482.6342597596439,0.0
4.851,8.10008806569762,-3.124021303868503,-4.232658927260274,0.0,29.910430848983935,26.33564419646487,505.6349711899101,482.6342597596439,0.0
4.852,7.104625062944544,-3.046994208244025,-6.027969073325561,0.0,29.856881333600192,25.37186497665664,503.98540519186326,482.6342597596439,0.0
4.853,6.135243277923143,-2.8549018740208023,-5.416697528624328,0.0,29.69194896196568,24.680979064993487,499.0024465713661,482.6342597596439,0.0
4.854,5.364718999249815,-2.6373019670533484,-3.0889000864929574,0.0,29.452406169904123,24.367697363324467,491.5110253517522,482.6342597596439,0.0
4.855,4.905399249421841,-2.448536790598724,0.5680428673928954,0.0,29.18690131654149,24.48359523281668,483.76403704264555,482.6342597596439,0.0
4.856,4.8123227062583425,-2.3220228583535647,4.430239249116205,0.0,28.94750785468191,24.95527022472382,475.17909642338583,482.6342597596439,0.0
4.857,5.0548598982509265,-2.2574310879501134,8.79726119210865,0.0,28.773381282777077,25.769978964615387,471.81409315921337,482.6342597596439,0.0
4.8580000000000005,5.619928685978929,-2.22951626079859,10.0,0.0,28.695713528769254,26.514703028035306,473.53958153035256,482.6342597596439,0.0
4.859,6.261149340201418,-2.1971287340368812,9.804407797118516,0.0,28.69700147683193,27.078761795229372,455.77136699903474,482.6342597596439,0.0
4.86,6.873509794080806,-2.0832605448746455,10.0,0.0,28.742364881267516,27.549067101471554,445.59286456327436,482.6342597596439,0.0
4.861,7.507744310607535,-1.829129037671648,10.0,0.0,28.80340669198306,27.91128010322514,438.1447562850489,482.6342597596439,0.0
4.862,8.06808054963538,-1.602014778948909,10.0,0.0,28.872124368414923,28.18808134474711,421.9631668136818,482.6342597596439,0.0
4.863,8.661674458063352,-1.2649015739361014,10.0,0.0,28.92683909139162,28.38438226222328,409.0342382353623,482.6342597596439,0.0
4.864,9.19853022165514,-0.9853148956835698,10.0,0.0,28.968329031260623,28.513406365338682,401.5571090969223,482.6342597596439,0.0
4.865,9.763825646634963,-0.6432055032956905,10.0,0.0,28.98373622107413,28.576863113017577,405.574636862083,482.6342597596439,0.0
4.866,10.067294234590014,-0.7133670547113233,10.0,0.0,29.01508723125376,28.607786314484684,425.95481055288883,482.6342597596439,0.0
4.867,10.120583666471653,-1.096956015892089,10.0,0.0,29.08788863077787,28.635925145195614,438.063745890692,482.6342597596439,0.0
4.868,10.088363944907389,-1.5129189224897677,10.0,0.0,29.198143803534595,28.672607296478745,456.44763110903625,482.6342597596439,0.0
4.869,9.945497870008246,-2.0053020798019254,10.0,0.0,29.351044192382318,28.732039820932492,470.38542359794343,482.6342597596439,0.0
4.87,9.764830110110204,-2.454269341627327,10.0,0.0,29.539060362018326,28.819263924665428,493.6013370090617,482.6342597596439,0.0
4.871,9.520340459090352,-2.906499906926931,0.5115811123333085,0.0,29.76225301462872,27.89792834135855,498.3455849748824,482.6342597596439,0.0
4.872,8.729104376012184,-3.088512583348776,-2.01765612272943,0.0,29.886491932400798,26.99230474729156,502.9613057719424,482.6342597596439,0.0
4.873,7.790088928457608,-3.0964136949743812,-4.528786981382425,0.0,29.90679359450357,26.034114720707493,505.1391491700581,482.6342597596439,0.0
4.874,6.802326080625169,-2.9876421164467644,-5.842757574544402,0.0,29.817202202983367,25.153612165116844,502.9441694955031,482.6342597596439,0.0
4.875,5.892865337769441,-2.7901477045580627,-4.948366834625501,0.0,29.627883025533635,24.553886466491758,497.14523316635393,482.6342597596439,0.0
4.876,5.203828827212379,-2.5787447111770585,-2.1940084041180157,0.0,29.37624381081335,24.355936348673552,489.4873848124351,482.6342597596439,0.0
4.877,4.843742123333034,-2.4055999982627743,1.5663845223134905,0.0,29.1130416172965,24.571436131088685,481.5702701573295,482.6342597596439,0.0
4.878,4.843587571993401,-2.2976115400100756,5.535581745889431,0.0,28.8875623380942,25.13448961484822,473.1309516381518,482.6342597596439,0.0
4.8790000000000004,5.1747009821434204,-2.243034877035182,9.85027408669319,0.0,28.736012786843375,26.017189986934337,471.98457225197683,482.6342597596439,0.0
4.88,5.8058155187907605,-2.2295786150708388,10.0,0.0,28.68695380573991,26.70367682881276,471.0277721836587,482.6342597596439,0.0
4.881,6.439355163017988,-2.1925396445681544,10.0,0.0,28.70750968279898,27.251733613761395,451.87453191281804,482.6342597596439,0.0
4.882,7.068859539376285,-2.0338952945654,10.0,0.0,28.763735161851734,27.68413022296394,446.3456061126146,482.6342597596439,0.0
4.883,7.684974137343405,-1.774828108554099,10.0,0.0,28.83066680695824,28.0174321571387,431.0936309537281,482.6342597596439,0.0
4.884,8.242558524973104,-1.5257222021203223,10.0,0.0,28.89942450312398,28.268923925747057,421.7072330287311,482.6342597596439,0.0
4.885,8.828782010812844,-1.1823934542451529,10.0,0.0,28.951180503332058,28.44323354754507,404.1488920826394,482.6342597596439,0.0
4.886,9.367328003309233,-0.8885748019828412,10.0,0.0,28.986305101429025,28.55190998286788,400.0513196580509,482.6342597596439,0.0
4.8870000000000005,9.914405345584438,-0.569557956312865,10.0,0.0,28.996631216747495,28.59843818674279,411.5563336118873,482.6342597596439,0.0
4.888,10.103223046466802,-0.8034238665696467,10.0,0.0,29.039492959506557,28.626047008087767,427.9693646737261,482.6342597596439,0.0
4.889,10.121309843557858,-1.216205860809044,10.0,0.0,29.123896770387972,28.655079750902942,443.4235589559748,482.6342597596439,0.0
4.89,10.064217222228448,-1.6424298250256122,10.0,0.0,29.245520290584192,28.69611065684189,460.8460744427916,482.6342597596439,0.0
4.891,9.901862547087111,-2.1365253176263423,10.0,0.0,29.40917281389861,28.76248891225882,475.15962937998665,482.6342597596439,0.0
4.892,9.704332270558606,-2.5839465328646947,9.86587175767592,0.0,29.607373289173488,28.84394527147658,497.569952525635,482.6342597596439,0.0
4.893,9.440398489278614,-3.024563412226153,-1.4886467428081724,0.0,29.837892997420024,27.71647770284555,501.6103324762925,482.6342597596439,0.0
4.894,8.536458672781498,-3.138606412258379,-3.698597445303406,0.0,29.940752539188733,26.69205351163453,504.3328007597516,482.6342597596439,0.0
4.8950000000000005,7.507059161208376,-3.076259842121834,-5.276816997034023,0.0,29.922885154944137,25.733047598164134,504.87794757748696,482.6342597596439,0.0
4.896,6.50361343692404,-2.923843541367457,-5.771827284080139,0.0,29.794761590395336,24.92957163611409,501.6183660602854,482.6342597596439,0.0
4.897,5.644676008846714,-2.714431944144832,-4.331877588485763,0.0,29.57759167340947,24.44142414304569,495.13253125773304,482.6342597596439,0.0
4.898,5.044091913637841,-2.514266980711264,-1.2139429021904808,0.0,29.313399968809875,24.366422602314273,487.265205279043,482.6342597596439,0.0
4.899,4.791810745264712,-2.357982176761134,2.6734106319605377,0.0,29.052937601796923,24.69067667465866,479.14537653054583,482.6342597596439,0.0
4.9,4.89246199118323,-2.271195866793631,6.76821383850011,0.0,28.842963232662797,25.35441947171039,471.6434835580184,482.6342597596439,0.0
4.901,5.321604826872964,-2.226216448858977,10.0,0.0,28.7162807072741,26.199139798376432,472.28063721937116,482.6342597596439,0.0
4.902,5.971336987890383,-2.2030965685019415,10.0,0.0,28.684645074430954,26.84722286886699,465.51608469275925,482.6342597596439,0.0
4.9030000000000005,6.594401461974837,-2.157869396104397,10.0,0.0,28.716237521761027,27.365294298485058,447.3936692558279,482.6342597596439,0.0
4.904,7.233965420185916,-1.9556637465037994,10.0,0.0,28.774687517587797,27.770596439211943,445.78912774057534,482.6342597596439,0.0
4.905,7.834135324149009,-1.701768107759034,10.0,0.0,28.841916264138675,28.081590315595008,424.85992048573434,482.6342597596439,0.0
4.906,8.40154325075164,-1.42585199572291,10.0,0.0,28.905709707736236,28.31179450610818,420.608343880931,482.6342597596439,0.0
4.907,8.969559669957349,-1.1066851709382184,10.0,0.0,28.953795036419404,28.4685498950832,401.3569233600694,482.6342597596439,0.0
4.908,9.525371232443542,-0.783106026943375,10.0,0.0,28.980345333540168,28.558979170347605,400.9572940975491,482.6342597596439,0.0
4.909,9.966609042255397,-0.6407489137292219,10.0,0.0,29.000860037461692,28.6000425043432,421.3822645243737,482.6342597596439,0.0
4.91,10.124984160132156,-0.8972714875222783,10.0,0.0,29.053070658639996,28.626042090463066,430.1379327925959,482.6342597596439,0.0
4.9110000000000005,10.11455490457006,-1.324881908934515,10.0,0.0,29.14713209692988,28.65739374937938,452.5250960102177,482.6342597596439,0.0
4.912,10.014821663937653,-1.7933767261539244,10.0,0.0,29.28218088296242,28.705882750146987,462.1556487544695,482.6342597596439,0.0
4.913,9.85460167983806,-2.254290927594057,10.0,0.0,29.45458930445468,28.77965459528572,482.84880619570225,482.6342597596439,0.0
4.914,9.641972514949053,-2.6971864777566004,5.963033108999543,0.0,29.661243436815063,28.44101074834654,497.00360447778144,482.6342597596439,0.0
4.915,9.14478027963101,-3.054543883992987,-1.2580594792214255,0.0,29.848248130429873,27.455511037779132,501.6572633376152,482.6342597596439,0.0
4.916,8.255001136529373,-3.129344549939165,-3.775118944918008,0.0,29.92265688281818,26.475499935673515,505.0963436309014,482.6342597596439,0.0
4.917,7.255025029538498,-3.060244790873995,-5.719279930273695,0.0,29.883274669600468,25.51334328562311,504.3949060543729,482.6342597596439,0.0
4.918,6.273828590688464,-2.886060885461844,-5.586167604956724,0.0,29.733145780694795,24.775479892098,500.0624810986671,482.6342597596439,0.0
4.9190000000000005,5.469472592205213,-2.6682060738540727,-3.594237340494062,0.0,29.502021251104452,24.39283835031722,493.02757401499474,482.6342597596439,0.0
4.92,4.954005768723295,-2.4743349965785724,-0.18071694121139537,0.0,29.23659774991083,24.429574241630117,485.1689081956979,482.6342597596439,0.0
4.921,4.79680182288369,-2.3339978032500843,3.7232694840764875,0.0,28.987891807474476,24.843535262288743,476.46289911068214,482.6342597596439,0.0
4.922,4.982944753567386,-2.26102905582906,8.13798763307398,0.0,28.798829371064603,25.61576095694111,471.29294691373,482.6342597596439,0.0
4.923,5.5059331158641935,-2.2253251207857647,10.0,0.0,28.7026980023804,26.396864726813345,473.39802502642016,482.6342597596439,0.0
4.924,6.151536727862796,-2.1978804879433507,9.859472613796168,0.0,28.6916282772896,26.990380332981353,458.7704058428326,482.6342597596439,0.0
4.925,6.765580782001852,-2.1127453433932164,10.0,0.0,28.731926665752596,27.47921188253263,445.46010148092364,482.6342597596439,0.0
4.926,7.405691549905507,-1.8722994704196032,10.0,0.0,28.79148067574283,27.85751309818504,441.94049059639553,482.6342597596439,0.0
4.9270000000000005,7.9767799402239286,-1.6423014856885931,10.0,0.0,28.8600140867086,28.14752097801525,422.6041668593441,482.6342597596439,0.0
4.928,8.565036639761788,-1.3216507387685694,10.0,0.0,28.917723342246916,28.35638405791302,413.84754853722313,482.6342597596439,0.0
4.929,9.107284375712625,-1.0379960348917328,10.0,0.0,28.962552470263926,28.496367071415634,401.5564727237179,482.6342597596439,0.0
4.93,9.677007265780102,-0.6904653513728229,10.0,0.0,28.98150515868119,28.56958765582178,409.3018397395949,482.6342597596439,0.0
4.931,10.04380562125006,-0.6637966940886106,10.0,0.0,29.00642639123128,28.60273086042801,419.4877954844497,482.6342597596439,0.0
4.932,10.128441510442132,-1.011969041137783,10.0,0.0,29.07073546573522,28.629409903572203,437.20696515745544,482.6342597596439,0.0
4.933,10.085514280867926,-1.4659787586134554,10.0,0.0,29.177740882555025,28.665420303997458,451.694823288225,482.6342597596439,0.0
4.934,9.985646707213201,-1.9035328757693932,10.0,0.0,29.321237653447767,28.719086366868435,471.3628198726429,482.6342597596439,0.0
4.9350000000000005,9.789048273160669,-2.3967273869758667,10.0,0.0,29.505627208599496,28.802362652550833,484.466368102818,482.6342597596439,0.0
4.936,9.560956622660134,-2.8391143665563403,5.15848035083404,0.0,29.72363605944605,28.386307200986437,499.3075585237368,482.6342597596439,0.0
4.937,9.021879484535257,-3.1472138712038067,-2.4288478472662858,0.0,29.90770555576696,27.304484843052485,504.1994827183179,482.6342597596439,0.0
4.938,8.066912556585553,-3.1684768926473974,-5.090462174143559,0.0,29.96444380397468,26.23200296726175,506.1770916711727,482.6342597596439,0.0
4.939,7.006810730678279,-3.0399122006311834,-6.314694969686266,0.0,29.893905293446345,25.27145517120024,504.1542040512596,482.6342597596439,0.0
4.94,6.022880208983693,-2.823582250855588,-5.518450602645877,0.0,29.711855206809535,24.597368851149227,498.48221321406754,482.6342597596439,0.0
4.941,5.26437297847074,-2.595004584180222,-2.840934718594072,0.0,29.457621252994777,24.33264694815443,490.83212788927256,482.6342597596439,0.0
4.942,4.841187892523706,-2.4097579735177677,0.9021292625071347,0.0,29.184247153755884,24.49290100630729,482.9032112468617,482.6342597596439,0.0
4.9430000000000005,4.789702989157719,-2.2907888151333227,4.863898068840384,0.0,28.943001728940526,25.009587666117405,474.3112493879566,482.6342597596439,0.0
4.944,5.075685067904603,-2.2336051189431156,9.24310910200981,0.0,28.772448997590615,25.860603765354465,471.91509171007334,482.6342597596439,0.0
4.945,5.676709107696321,-2.2153190240180702,10.0,0.0,28.702613515819557,26.58567604639043,472.55856672065767,482.6342597596439,0.0
4.946,6.321192121014209,-2.1845850409898593,10.0,0.0,28.709070933145348,27.158805751098736,454.0551703015709,482.6342597596439,0.0
4.947,6.952153928577358,-2.056765795711524,10.0,0.0,28.758442802059058,27.61230725837004,446.1534701947168,482.6342597596439,0.0
4.948,7.583686881994426,-1.8010598621246903,10.0,0.0,28.821378174566753,27.96223679500532,435.0728891993211,482.6342597596439,0.0
4.949,8.14256457516094,-1.5690843192664348,10.0,0.0,28.890052713108666,28.228305698513704,421.9167959283209,482.6342597596439,0.0
4.95,8.736976571541067,-1.225080639521419,10.0,0.0,28.94294603880386,28.41483862285529,406.6504752013829,482.6342597596439,0.0
4.9510000000000005,9.273940002963206,-0.9414309562556107,10.0,0.0,28.98144189600191,28.53488572983961,400.24550763144674,482.6342597596439,0.0
4.952,9.831492400103699,-0.6099376070739142,10.0,0.0,28.994465106601247,28.59081658247405,411.2527877081634,482.6342597596439,0.0
4.953,10.095358046424472,-0.7356721048222088,10.0,0.0,29.02892480964824,28.619006973781122,424.18853970779867,482.6342597596439,0.0
4.954,10.1253509370619,-1.1440969717829583,10.0,0.0,29.106426971909425,28.647163734755264,440.5402523017891,482.6342597596439,0.0
4.955,10.079091043251458,-1.5702121957484172,10.0,0.0,29.22178302000851,28.68564355308364,458.4434767460812,482.6342597596439,0.0
4.956,9.927206406629042,-2.0642801080656836,10.0,0.0,29.379537763245764,28.74805570547945,472.57591933407883,482.6342597596439,0.0
4.957,9.738848498440786,-2.5128658577633924,10.0,0.0,29.572162000742452,28.839202640493884,496.3612316665754,482.6342597596439,0.0
4.958,9.489970358130005,-2.9592897724315614,-0.8831611482701112,0.0,29.799259281107425,27.768842595799132,499.7235635861331,482.6342597596439,0.0
4.9590000000000005,8.620009755713172,-3.1010299359612277,-2.735220146313841,0.0,29.907738007808025,26.826540290171,503.29569668301264,482.6342597596439,0.0
4.96,7.641427543885872,-3.076497080222471,-4.727901063987305,0.0,29.907022615509185,25.887586214088916,504.86706206125615,482.6342597596439,0.0
4.961,6.65714239386902,-2.9537695596502527,-5.735911776125185,0.0,29.799228656126456,25.049987181610312,502.2775807193906,482.6342597596439,0.0
4.962,5.778271210643619,-2.755410993339372,-4.637604314789869,0.0,29.59786202234567,24.503095562964184,496.26070339972637,482.6342597596439,0.0
4.963,5.133325245255955,-2.550639389594726,-1.765430091358585,0.0,29.341401599329537,24.35786787712906,488.5322128511463,482.6342597596439,0.0
4.964,4.821071940149589,-2.3860315864895356,2.039835652016418,0.0,29.080005307727404,24.619272811020615,480.4998947881931,482.6342597596439,0.0
4.965,4.864487497818352,-2.2869295818540603,6.07733833320753,0.0,28.861633996195767,25.226572015465432,472.32991618266175,482.6342597596439,0.0
4.966,5.23804754032376,-2.2368017734650087,10.0,0.0,28.721306697385344,26.101764475748958,471.9345420841771,482.6342597596439,0.0
4.9670000000000005,5.879983410477591,-2.2235395610639945,10.0,0.0,28.681573809204096,26.769300998163292,468.6080669855109,482.6342597596439,0.0
4.968,6.509999734639136,-2.181210555283366,10.0,0.0,28.708044293570545,27.30322814256185,449.9320198592296,482.6342597596439,0.0
4.969,7.143892979904977,-2.001723823669971,10.0,0.0,28.765940193520542,27.722981527219556,446.11781073542164,482.6342597596439,0.0
4.97,7.753143457011566,-1.7427858020321485,10.0,0.0,28.833333526877276,28.04587054337744,428.2682820350263,482.6342597596439,0.0
4.971,8.31348292997754,-1.4828668178065048,10.0,0.0,28.90027472046568,28.287665154000003,421.41555592856815,482.6342597596439,0.0
4.972,8.893193561322434,-1.146608660254452,10.0,0.0,28.950312048269048,28.453809648200885,402.47508247184464,482.6342597596439,0.0
4.973,9.4369426050769,-0.8428135740121891,10.0,0.0,28.981905214801024,28.55432813726247,405.5534494885833,482.6342597596439,0.0
4.974,9.941775765065312,-0.5942491308474361,10.0,0.0,28.996086775700263,28.597859936909902,414.7502401665231,482.6342597596439,0.0
4.9750000000000005,10.117621448070015,-0.8370012732839788,10.0,0.0,29.042391740573997,28.624162019151893,428.29269395953355,482.6342597596439,0.0
4.976,10.117819920929412,-1.2653532428047383,10.0,0.0,29.131387612407465,28.65420101447256,444.8566100174236,482.6342597596439,0.0
4.977,10.048559009442513,-1.6986700272317352,10.0,0.0,29.257869123181408,28.69775638243667,463.47537752676317,482.6342597596439,0.0
4.978,9.87759661245252,-2.194516000396082,10.0,0.0,29.426267908878195,28.767717619235786,477.17863971073587,482.6342597596439,0.0
4.979,9.672885260850459,-2.641589337704025,8.844326385149165,0.0,29.629042547057434,28.741207137997424,499.3560385130262,482.6342597596439,0.0
4.98,9.345329127964316,-3.0601235180051716,-2.4115908035298226,0.0,29.850456699754957,27.545015075196083,501.3123834969776,482.6342597596439,0.0
4.981,8.395836253553673,-3.1286922308367346,-3.5765445328788577,0.0,29.93346744751106,26.576166550459327,504.4027156501272,482.6342597596439,0.0
4.982,7.380720195550806,-3.061314687310988,-5.339395168358507,0.0,29.903195051101726,25.632407757998802,504.63318917319117,482.6342597596439,0.0
4.9830000000000005,6.395618492403009,-2.904145762713234,-5.674621224025954,0.0,29.764959208816784,24.85896127214099,500.8730111079775,482.6342597596439,0.0
4.984,5.563663370407618,-2.694490761129755,-3.9769197049024587,0.0,29.541711941246348,24.420799324688762,494.1372241427768,482.6342597596439,0.0
4.985,5.004117878706786,-2.4977207227175335,-0.724055866133436,0.0,29.277425051478215,24.398197305165194,486.3913849091224,482.6342597596439,0.0
4.986,4.795981270320013,-2.3498243301476065,3.1112924991989823,0.0,29.023005745935976,24.758086052421575,478.0554651288132,482.6342597596439,0.0
4.987,4.932946108740808,-2.268522450478211,7.325040335661896,0.0,28.82255300283566,25.464555274445548,470.9629847551026,482.6342597596439,0.0
4.988,5.400892268290605,-2.2252836379341554,10.0,0.0,28.708849205664627,26.28233595550338,472.8937770186222,482.6342597596439,0.0
4.989,6.049602428889559,-2.19782181596195,10.0,0.0,28.68570544402497,26.91353993602455,462.7098745306058,482.6342597596439,0.0
4.99,6.668702742227984,-2.141949001908575,10.0,0.0,28.722125065275254,27.41769520946842,446.0698396219199,482.6342597596439,0.0
4.9910000000000005,7.310625931561724,-1.9205181442827888,10.0,0.0,28.781519585546597,27.810656369999595,444.17477448026733,482.6342597596439,0.0
4.992,7.8974134701692655,-1.677509817031261,10.0,0.0,28.849754162422506,28.11213346915129,423.60534979369476,482.6342597596439,0.0
4.993,8.475090195490829,-1.379345183206667,10.0,0.0,28.910944965077803,28.332609751676113,418.64513968349235,482.6342597596439,0.0
4.994,9.028827426908638,-1.0799191654841263,10.0,0.0,28.958109100108825,28.482023158011238,401.33727280221126,482.6342597596439,0.0
4.995,9.593999991483543,-0.740059569824564,10.0,0.0,28.981107866924923,28.5645800274269,401.22582383184107,482.6342597596439,0.0
4.996,10.014332172319767,-0.6287653122586714,10.0,0.0,29.001218671625335,28.60059627233636,419.84899113681445,482.6342597596439,0.0
4.997,10.114132302099472,-0.9696758309620983,10.0,0.0,29.06153311997967,28.628247280757513,434.13857323373395,482.6342597596439,0.0
4.998,10.116034470558498,-1.364195513053693,10.0,0.0,29.15856928418374,28.65995339593929,449.9019030592077,482.6342597596439,0.0
4.999,9.994822039855714,-1.8547525423503108,10.0,0.0,29.2990885198873,28.711544905085187,465.1761454621435,482.6342597596439,0.0
5.0,9.83514372674912,-2.3018901641690976,10.0,0.0,29.474994551042187,28.788381677021555,488.12759531339685,482.6342597596439,0.0
5.001,9.595893242205783,-2.7786807720052447,3.2790670662743366,0.0,29.688969246919,28.160543522338642,493.94884087204304,482.6342597596439,0.0
5.002,8.969943954284416,-3.0318637934401766,0.25529847582725385,0.0,29.841844884019338,27.417943353925715,502.4508339286724,482.6342597596439,0.0
5.003,8.155119074032132,-3.1307375651827503,-4.193863794177718,0.0,29.913517225245677,26.38909184621656,505.7194234999609,482.6342597596439,0.0
5.0040000000000004,7.157080143050251,-3.0574086760472765,-6.059010217225131,0.0,29.86608226605614,25.411254273171284,504.17313065609756,482.6342597596439,0.0
5.005,6.177046304395714,-2.8657309980259287,-5.501252504257997,0.0,29.705255789790034,24.70428510711061,499.2908308284582,482.6342597596439,0.0
5.006,5.39328209841176,-2.645023055670835,-3.2266683011264536,0.0,29.467453947665625,24.372970619515886,491.99351440830014,482.6342597596439,0.0
5.007,4.917138899943117,-2.45503665300324,0.3283973624660037,0.0,29.2016094161243,24.46385688720376,484.15801131332523,482.6342597596439,0.0
5.008,4.804705936574801,-2.3237492211866235,4.230911394416646,0.0,28.95889621103274,24.920402155833187,475.43913450775733,482.6342597596439,0.0
5.009,5.031570467051961,-2.2570168377940476,8.662301049719463,0.0,28.780081165458267,25.729369870868155,471.6836110026882,482.6342597596439,0.0
5.01,5.588390969653518,-2.22787256526162,10.0,0.0,28.6975058498001,26.483410687838607,473.88138778270013,482.6342597596439,0.0
5.011,6.231983713743743,-2.1964047254214187,9.625218233790584,0.0,28.695422127747683,27.033959910936435,456.38406863415463,482.6342597596439,0.0
5.0120000000000005,6.8339897955038005,-2.086929452236191,10.0,0.0,28.736874098558324,27.514434909911675,445.4046487237523,482.6342597596439,0.0
5.013,7.470114813195071,-1.8353077469720143,10.0,0.0,28.795644737338222,27.883306097279927,439.17358966083003,482.6342597596439,0.0
5.014,8.033691119409683,-1.6100436465219197,10.0,0.0,28.863162596980082,28.165535086282638,422.0506390597514,482.6342597596439,0.0
5.015,8.628142976775115,-1.2773968113723648,10.0,0.0,28.917813058696076,28.366539021101207,410.0886894075154,482.6342597596439,0.0
5.016,9.167673469432838,-0.9977588030878208,10.0,0.0,28.959665155162526,28.49950377299083,401.51474216463714,482.6342597596439,0.0
5.017,9.735409568858396,-0.6543982575242957,10.0,0.0,28.97565523724215,28.566301593327907,405.5588416156792,482.6342597596439,0.0
5.018,10.051179694220359,-0.7088755747991202,10.0,0.0,29.00615220350339,28.598961287043682,427.13986454542396,482.6342597596439,0.0
5.019,10.13109231430078,-1.0532375780863639,10.0,0.0,29.074200489698924,28.625772021058758,436.00551793284797,482.6342597596439,0.0
5.0200000000000005,10.081263285607626,-1.5046811699108016,10.0,0.0,29.184340195744234,28.66298682964895,454.91738615650746,482.6342597596439,0.0
5.021,9.96709812398803,-1.9537794887074122,10.0,0.0,29.33207379119341,28.719554005475867,472.2821385709102,482.6342597596439,0.0
5.022,9.762130159696646,-2.4496995339401635,10.0,0.0,29.520750966468004,28.80664264772087,486.1697140717604,482.6342597596439,0.0
5.023,9.529128017172974,-2.8891218625626864,4.295415971516029,0.0,29.742646544135784,28.299966456170285,500.6557622895824,482.6342597596439,0.0
5.024,8.940987677019553,-3.169485965630553,-3.127823162694372,0.0,29.918130772932965,27.169002393054875,504.6708256247687,482.6342597596439,0.0
5.025,7.947326563255635,-3.162158391695697,-5.355720488938776,0.0,29.95936049837538,26.101268163698435,505.98726912553593,482.6342597596439,0.0
5.026,6.882399989597152,-3.016901171400499,-6.2474723329813,0.0,29.873788809844775,25.175821912204448,503.5979255243894,482.6342597596439,0.0
5.027,5.9212008438618415,-2.796414700966856,-5.26243719005548,0.0,29.681428725473097,24.54671714146336,497.69712920043526,482.6342597596439,0.0
5.0280000000000005,5.199206462005161,-2.5715182078947683,-2.462667722486332,0.0,29.422860422930867,24.329218519909446,489.95157224923895,482.6342597596439,0.0
5.029,4.818106424421967,-2.392287695156025,1.3369376282158711,0.0,29.15093269701695,24.53227288447383,481.97907217393805,482.6342597596439,0.0
5.03,4.80582633041242,-2.2816032408297615,5.32973954172338,0.0,28.916120195302348,25.086581006934406,473.43510174619274,482.6342597596439,0.0
5.031,5.128731490673481,-2.2283232964020234,9.693716335730546,0.0,28.755465806661476,25.96644412661437,471.9185295885758,482.6342597596439,0.0
5.032,5.757470079359414,-2.21595546257072,10.0,0.0,28.698035506575533,26.66637473743897,471.56132375799456,482.6342597596439,0.0
5.033,6.398433817920706,-2.1827915073061117,10.0,0.0,28.71281694083984,27.22328779517495,452.3893074249493,482.6342597596439,0.0
5.034,7.0315221522172004,-2.0344581450662353,10.0,0.0,28.76582650715757,27.662757611176747,446.3145624698975,482.6342597596439,0.0
5.035,7.6545022921366295,-1.777174499092882,10.0,0.0,28.830664231009045,28.001384470161973,432.03580181780814,482.6342597596439,0.0
5.0360000000000005,8.21374628873606,-1.5343235825834678,10.0,0.0,28.898740104017577,28.257345377407077,421.7733527387031,482.6342597596439,0.0
5.037,8.803884640903187,-1.1907319795939588,10.0,0.0,28.95023791328604,28.435195002456137,404.69226874608063,482.6342597596439,0.0
5.038,9.342845302508996,-0.9001188352898987,10.0,0.0,28.985839374288993,28.547025156672174,399.06911967744804,482.6342597596439,0.0
5.039,9.893231071957352,-0.5782339620332163,10.0,0.0,28.99656249999807,28.59607961354363,412.48883228127454,482.6342597596439,0.0
5.04,10.103881785018128,-0.7809447338041184,10.0,0.0,29.036635792450756,28.623633216556655,425.8403537213566,482.6342597596439,0.0
5.041,10.124178097770764,-1.194002410292042,10.0,0.0,29.118866352655424,28.652312701241467,442.26445608251146,482.6342597596439,0.0
5.042,10.067573244449846,-1.6243153951284233,10.0,0.0,29.238945656875234,28.692776790471086,460.70403142318094,482.6342597596439,0.0
5.043,9.90751816071193,-2.119343697014843,10.0,0.0,29.40121342295517,28.758242411877692,474.55372873783136,482.6342597596439,0.0
5.0440000000000005,9.712074675888676,-2.5675409028623624,10.0,0.0,29.598152384192133,28.85328648024481,496.92310443968853,482.6342597596439,0.0
5.045,9.458847303348982,-3.0093460429622483,-1.159874827156064,0.0,29.82901844949462,27.756834383042857,501.5109355244546,482.6342597596439,0.0
5.046,8.571494494612732,-3.1374661727804423,-3.642557127187219,0.0,29.936827861425684,26.726694332595102,504.20562357950257,482.6342597596439,0.0
5.047,7.544399209595687,-3.079748808823104,-5.205614792909779,0.0,29.923212215785362,25.767346661420564,504.9038891889721,482.6342597596439,0.0
5.048,6.539671461821882,-2.931061382910628,-5.777443891937812,0.0,29.799244924380815,24.955550667968527,501.7968660315236,482.6342597596439,0.0
5.049,5.673788510614119,-2.723330831366696,-4.415558375932383,0.0,29.585131276360816,24.45326308962723,495.38679117909084,482.6342597596439,0.0
5.05,5.0618202495062175,-2.5220233374376684,-1.33804626391046,0.0,29.322133716491933,24.363358060690217,487.53971389965625,482.6342597596439,0.0
5.051,4.796445946468642,-2.3635260368185635,2.5364378344067093,0.0,29.06102378158743,24.674633399077752,479.4828367571607,482.6342597596439,0.0
5.0520000000000005,4.884785601830275,-2.274504112657173,6.5963906356793025,0.0,28.848944935360567,25.32414907217273,471.83168342441024,482.6342597596439,0.0
5.053,5.300874067299299,-2.228291589395665,10.0,0.0,28.718832382748726,26.176416460750097,472.17912593490024,482.6342597596439,0.0
5.054,5.947083613552321,-2.2107895342859587,10.0,0.0,28.68549472342636,26.829487596132196,465.9046436983785,482.6342597596439,0.0
5.055,6.573530437680118,-2.163994343089371,10.0,0.0,28.715825493093927,27.35147079685233,447.7764473372716,482.6342597596439,0.0
5.056,7.21297626651438,-1.9654327889610346,10.0,0.0,28.773947686824577,27.760214181536707,446.18929811555654,482.6342597596439,0.0
5.057,7.814848025136526,-1.7112374332463616,10.0,0.0,28.841156126063282,28.074084011965624,425.40498800887997,482.6342597596439,0.0
5.058,8.380769415753873,-1.4390509944390235,10.0,0.0,28.905632149709355,28.307055067893828,421.01990596095163,482.6342597596439,0.0
5.059,8.95094321849281,-1.117069961306436,10.0,0.0,28.954261627327114,28.466116716198716,401.65682587264035,482.6342597596439,0.0
5.0600000000000005,9.505559742140257,-0.7956251528425549,10.0,0.0,28.981795203413895,28.558829067861048,402.3033694545574,482.6342597596439,0.0
5.061,9.958426716638987,-0.6341762842066658,10.0,0.0,29.001301729592907,28.60075434000744,420.13417344570564,482.6342597596439,0.0
5.062,10.125316963518316,-0.8803306689210224,10.0,0.0,29.051741601373617,28.626608480145364,429.64538634459535,482.6342597596439,0.0
5.063,10.115743768825345,-1.3106917410087036,10.0,0.0,29.14460107407254,28.657643147332585,451.55958146122185,482.6342597596439,0.0
5.064,10.0217768666867,-1.7735374893246476,10.0,0.0,29.27788748781417,28.7051009223593,461.71723848718784,482.6342597596439,0.0
5.065,9.86156541685527,-2.238271552302162,10.0,0.0,29.44908332712867,28.777825151717572,480.87091164981547,482.6342597596439,0.0
5.066,9.649370541683336,-2.684485766894411,6.969452983054344,0.0,29.654868228422924,28.548775691978044,497.6045289660474,482.6342597596439,0.0
5.067,9.208493766989731,-3.066596552100002,-1.547058367125648,0.0,29.854739737840497,27.50307338645613,501.7653801239527,482.6342597596439,0.0
5.0680000000000005,8.305197256978946,-3.1384226169655447,-3.8187951497213923,0.0,29.93413362504727,26.512156378198686,505.16744912440737,482.6342597596439,0.0
5.069,7.293813071411673,-3.066247762818475,-5.745161543596363,0.0,29.89783892810278,25.541306819299653,504.5899823881465,482.6342597596439,0.0
5.07,6.302400386608719,-2.891141602080577,-5.675985401750953,0.0,29.749548815823147,24.789727339610486,500.33553677094176,482.6342597596439,0.0
5.071,5.486190022027513,-2.6715991470454554,-3.7257753632615627,0.0,29.518531158356073,24.392177152733552,493.33262155455736,482.6342597596439,0.0
5.072,4.957930947446543,-2.475658359656908,-0.3313013730184995,0.0,29.251502185885627,24.415116651897538,485.45950666365655,482.6342597596439,0.0
5.073,4.788667913838307,-2.333125515444157,3.577003603391778,0.0,28.99975085558911,24.818364454351872,476.8389629726776,482.6342597596439,0.0
5.074,4.964774024067496,-2.258714206414191,7.945228416750908,0.0,28.8067395230165,25.576469720775233,471.16362306972303,482.6342597596439,0.0
5.075,5.476632445675832,-2.221671889157875,10.0,0.0,28.7055093085356,26.367262588048188,473.0918946838809,482.6342597596439,0.0
5.0760000000000005,6.123578420057824,-2.1963270723934682,10.0,0.0,28.691063895558557,26.98225995834733,459.5081191898605,482.6342597596439,0.0
5.077,6.746636249581646,-2.119651236479922,10.0,0.0,28.731381867126288,27.472246148815053,445.50949278475457,482.6342597596439,0.0
5.078,7.3883882793806785,-1.8838829716624659,10.0,0.0,28.791498909813235,27.85290337241011,442.59138025976335,482.6342597596439,0.0
5.079,7.962313534614841,-1.6517169093779525,10.0,0.0,28.860489386387883,28.14479232013661,422.8239769941962,482.6342597596439,0.0
5.08,8.548142563476777,-1.3351673776312118,10.0,0.0,28.91927092220841,28.355689480125427,415.0694255079623,482.6342597596439,0.0
5.081,9.091669863551733,-1.049074525773234,10.0,0.0,28.964959302058844,28.497445364977796,401.5668796118956,482.6342597596439,0.0
5.082,9.661065392355416,-0.7013638438227354,10.0,0.0,28.98486718591352,28.572396264162332,408.2477599174276,482.6342597596439,0.0
5.083,10.042075593998181,-0.651465575705644,10.0,0.0,29.00826766862778,28.605625694921194,418.9544189746235,482.6342597596439,0.0
5.0840000000000005,10.127225227553422,-1.002098281552529,10.0,0.0,29.07171962647085,28.63231587320097,437.51749507798644,482.6342597596439,0.0
5.085,10.08840195507748,-1.4530010081158835,10.0,0.0,29.177588379221085,28.667804285744975,450.83770065473414,482.6342597596439,0.0
5.086,9.992593782610864,-1.8869368204300594,10.0,0.0,29.319643010039606,28.720481398556153,471.3223895582371,482.6342597596439,0.0
5.087,9.797415814125198,-2.3809206620609666,10.0,0.0,29.502758753513678,28.80260775797685,484.01541452851944,482.6342597596439,0.0
5.088,9.569922643812308,-2.825583180048512,5.387097233302977,0.0,29.719748597144704,28.41048622051573,498.754736248883,482.6342597596439,0.0
5.089,9.044530726485254,-3.1400716257295835,-2.1437683917711814,0.0,29.905974406511586,27.35252780927552,504.2296431566307,482.6342597596439,0.0
5.09,8.105166813844757,-3.171486798413211,-5.097175679614903,0.0,29.96809257835613,26.26749778590114,506.30283430672614,482.6342597596439,0.0
5.091,7.042000459770994,-3.046376706426401,-6.370457000133452,0.0,29.90141966883341,25.294210369491747,504.2766558334195,482.6342597596439,0.0
5.0920000000000005,6.049086916786399,-2.8297344996563183,-5.5737917242178945,0.0,29.72150576679717,24.610539223514483,498.7380310050959,482.6342597596439,0.0
5.093,5.28115617327871,-2.6003086285699215,-2.9655170225105962,0.0,29.468145716615023,24.330730612715968,491.07743993681066,482.6342597596439,0.0
5.094,4.845584526668354,-2.4132931909683553,0.7803467098603436,0.0,29.19386337094594,24.47976269521489,483.1361357831629,482.6342597596439,0.0
5.095,4.783535832222663,-2.2920990272158552,4.745980026449035,0.0,28.950451264456895,24.987694002320964,474.52821017257014,482.6342597596439,0.0
5.096,5.059928786751724,-2.234956661543851,9.131003327616153,0.0,28.777099780740972,25.83216348608739,471.80147150986625,482.6342597596439,0.0
5.097,5.654678320943072,-2.2150517173767765,10.0,0.0,28.703912273571618,26.563931754840368,472.9171731260833,482.6342597596439,0.0
5.098,6.300811413066139,-2.1843560700207334,10.0,0.0,28.70804287222701,27.141387334485646,454.56056845261116,482.6342597596439,0.0
5.099,6.930143592823832,-2.063878149108735,10.0,0.0,28.756560354154626,27.59874520717982,445.92166913189317,482.6342597596439,0.0
5.1000000000000005,7.564362546696376,-1.8080071350060896,10.0,0.0,28.819020842816723,27.95174827766894,436.05577846962046,482.6342597596439,0.0
5.101,8.123516392033972,-1.5782172865241368,10.0,0.0,28.887817416469538,28.22053235652694,421.80685722292986,482.6342597596439,0.0
5.102,8.718365506397612,-1.2350963910765833,10.0,0.0,28.94116734062846,28.409475820737804,407.37388821558227,482.6342597596439,0.0
5.103,9.254629060954302,-0.9535382713394991,10.0,0.0,28.980536434575974,28.53181943108588,400.74449015095433,482.6342597596439,0.0
5.104,9.815100711728896,-0.6177238322859439,10.0,0.0,28.994078973065026,28.589576343754246,409.33880888962926,482.6342597596439,0.0
5.105,10.090077555983742,-0.7277358886894165,10.0,0.0,29.027502419566925,28.618269082644403,424.18669733330046,482.6342597596439,0.0
5.106,10.123860396332349,-1.1335254127071313,10.0,0.0,29.103989522385564,28.646468548299936,440.78744544314935,482.6342597596439,0.0
5.107,10.082761658938136,-1.5545314818130125,10.0,0.0,29.217900633849357,28.684355467188624,457.25874357135405,482.6342597596439,0.0
5.1080000000000005,9.93317277682656,-2.0480515714768646,10.0,0.0,29.374286475227617,28.745888594993154,471.9920783177467,482.6342597596439,0.0
5.109,9.746871003184486,-2.496563342980691,10.0,0.0,29.565588139217272,28.835904300434564,496.03816573413513,482.6342597596439,0.0
5.11,9.498132139111974,-2.946194197053598,-0.7213903817925207,0.0,29.79173548358509,27.7821939170452,499.23129507929707,482.6342597596439,0.0
5.111,8.638202532058186,-3.0928340115078243,-2.4839254075700206,0.0,29.901531126226416,26.861909225549127,503.1163670452712,482.6342597596439,0.0
5.112,7.673096950822137,-3.077826100490799,-4.63128246341336,0.0,29.905201467097598,25.92361095944723,504.90501923554643,482.6342597596439,0.0
5.113,6.691912375161874,-2.9609968336459898,-5.74831615331,0.0,29.80197380702872,25.07638866622272,502.45436400081593,482.6342597596439,0.0
5.114,5.807363291798091,-2.7640556983020454,-4.7211895783564675,0.0,29.603851451424873,24.515208649871028,496.47266151516044,482.6342597596439,0.0
5.115,5.1512442117127755,-2.5582689080123,-1.8687223530838883,0.0,29.348756194167834,24.35716213660033,488.7473683353336,482.6342597596439,0.0
5.1160000000000005,4.827274281906057,-2.3915238441624096,1.932793151072639,0.0,29.087081722188824,24.60812828361337,480.77128254683856,482.6342597596439,0.0
5.117,4.860160026643629,-2.290617453130926,5.939465817448207,0.0,28.867239059734057,25.20369207576776,472.54064811180285,482.6342597596439,0.0
5.118,5.222734437929553,-2.2393896137662805,10.0,0.0,28.724311044320405,26.084752928084086,472.0056554894377,482.6342597596439,0.0
5.119,5.863497787027994,-2.2271211799353523,10.0,0.0,28.682944666351997,26.75595132751393,469.3081942834252,482.6342597596439,0.0
5.12,6.494083920578253,-2.1862441276921447,10.0,0.0,28.70846097471498,27.29293640800441,450.500411198752,482.6342597596439,0.0
5.121,7.126554212574176,-2.011418346633812,10.0,0.0,28.76630209489672,27.71550874049809,446.19174986767075,482.6342597596439,0.0
5.122,7.737180234954507,-1.75190013581342,10.0,0.0,28.833817590929993,28.040763792218694,429.0261472553408,482.6342597596439,0.0
5.123,8.296184884985372,-1.4948411708537077,10.0,0.0,28.90142573849463,28.284860637090976,421.48198081643255,482.6342597596439,0.0
5.124,8.877789132542102,-1.15573382004504,10.0,0.0,28.951951536850686,28.45292219150157,402.88667561197644,482.6342597596439,0.0
5.125,9.419443782117586,-0.8552737586245032,10.0,0.0,28.984571377564016,28.555464201328967,405.3591276389681,482.6342597596439,0.0
5.126,9.939688988459352,-0.5806164609552713,10.0,0.0,28.996975733059344,28.59920356804311,413.47285844002306,482.6342597596439,0.0
5.127,10.114398769156118,-0.8282155423452386,10.0,0.0,29.042496061606155,28.625793809822163,428.5342612340103,482.6342597596439,0.0
5.128,10.119480507105147,-1.252296649257473,10.0,0.0,29.13029631242262,28.655465166910552,444.3922389522421,482.6342597596439,0.0
5.1290000000000004,10.052322037425393,-1.6856064570835545,10.0,0.0,29.255706941658037,28.698387662416017,462.8328842844167,482.6342597596439,0.0
5.13,9.8842396727546,-2.1798584559971856,10.0,0.0,29.42290337932269,28.767376446711467,476.67852828012377,482.6342597596439,0.0
5.131,9.681486126579543,-2.6267064375608316,9.09774237467742,0.0,29.624489809633282,28.767559723990896,499.16942818539167,482.6342597596439,0.0
5.132,9.371034795038927,-3.04834262110986,-2.3130592622140043,0.0,29.847847425015516,27.57383982377634,501.4632455627151,482.6342597596439,0.0
5.133,8.424253589719612,-3.1276916242167787,-3.6482578089064273,0.0,29.934009317344348,26.59010527062392,504.25280257432064,482.6342597596439,0.0
5.134,7.403437068314901,-3.0600179155155733,-5.2592217428559715,0.0,29.90494396713685,25.652328320053428,504.598308732525,482.6342597596439,0.0
5.135,6.418192390795675,-2.906276702656218,-5.651615311686976,0.0,29.76877266056554,24.876537625600392,501.01991069424895,482.6342597596439,0.0
5.136,5.583841519351165,-2.6986643922036735,-4.046272801894989,0.0,29.547339473184866,24.427146630784655,494.39929694706234,482.6342597596439,0.0
5.1370000000000005,5.015659535198854,-2.5028482686847364,-0.8536163001758679,0.0,29.28364685457813,24.389846716345915,486.6040342220345,482.6342597596439,0.0
5.138,4.796183147508902,-2.3529917462682297,3.004317317714146,0.0,29.028067450157568,24.74081424724546,478.3305738204341,482.6342597596439,0.0
5.139,4.923773530366948,-2.2703743463659505,7.184084377906445,0.0,28.825553390503927,25.436092419063954,471.15818327979116,482.6342597596439,0.0
5.14,5.381433103962384,-2.2266883187641118,10.0,0.0,28.70883926496032,26.2604777662967,472.6040739581662,482.6342597596439,0.0
5.141,6.028095904522479,-2.203373123807669,10.0,0.0,28.684107275525164,26.896037697705218,463.02044909545816,482.6342597596439,0.0
5.142,6.6498379616543435,-2.1469868220440134,10.0,0.0,28.719435136929924,27.40364343875046,446.27554708897856,482.6342597596439,0.0
5.143,7.2916199820582515,-1.928995141368053,10.0,0.0,28.77857556444203,27.799642790158536,444.55088894752555,482.6342597596439,0.0
5.144,7.879695845074003,-1.686151507126016,10.0,0.0,28.84686900138386,28.103685724449317,423.9461816695893,482.6342597596439,0.0
5.1450000000000005,8.456571439838136,-1.3904866642594969,10.0,0.0,28.90864269168769,28.32657815221132,419.2492693304013,482.6342597596439,0.0
5.146,9.011951632530737,-1.0889744435503999,10.0,0.0,28.956318559888004,28.478035640978973,401.4936223687585,482.6342597596439,0.0
5.147,9.576112162109414,-0.7509240557819461,10.0,0.0,28.980202169697613,28.562611111363132,400.21525311933823,482.6342597596439,0.0
5.148,10.003454319626066,-0.6287823517072217,10.0,0.0,29.00009988199413,28.599751363658804,421.5556178094758,482.6342597596439,0.0
5.149,10.11478920401545,-0.9540780889099523,10.0,0.0,29.058725796423612,28.627193946246898,432.6933647433402,482.6342597596439,0.0
5.15,10.116273448641614,-1.3526737028909777,10.0,0.0,29.154825937834858,28.658704943954145,450.0749803760624,482.6342597596439,0.0
5.151,9.999341110653495,-1.8397257090776593,10.0,0.0,29.294056929416413,28.70955225565675,464.5840308114242,482.6342597596439,0.0
5.152,9.840698140654483,-2.2885553674041343,10.0,0.0,29.468950295364127,28.785519338667257,487.56631437525226,482.6342597596439,0.0
5.1530000000000005,9.605415134377065,-2.7618333917417717,3.5628049289444954,0.0,29.68152331911199,28.187582293145915,493.7461299229179,482.6342597596439,0.0
5.154,8.993917783523116,-3.026485674836187,0.36177845347894966,0.0,29.83742430682995,27.447867171491996,502.24652335240046,482.6342597596439,0.0
5.155,8.185779616394822,-3.1305480815222673,-4.084540897189909,0.0,29.912564025515234,26.4234090218319,505.6945563821892,482.6342597596439,0.0
5.156,7.190720581782272,-3.0622858091228515,-6.0391603783097345,0.0,29.86919448333519,25.439740821725962,504.2589599419786,482.6342597596439,0.0
5.157,6.206878821493418,-2.873067692383519,-5.537609160027788,0.0,29.71166370524523,24.72309131952047,499.49009147349483,482.6342597596439,0.0
5.158,5.415232506773024,-2.6523618528647788,-3.321733242924404,0.0,29.475835593564035,24.378327205441444,492.261968758544,482.6342597596439,0.0
5.159,4.927888766742005,-2.4609002552246184,0.19605102456200285,0.0,29.210260164297846,24.454945550110878,484.43303397278726,482.6342597596439,0.0
5.16,4.803208507641473,-2.327147177134072,4.092530675308948,0.0,28.966105889811644,24.8996208273948,475.6596460942076,482.6342597596439,0.0
5.1610000000000005,5.018610270670911,-2.258876242965424,8.548970751253153,0.0,28.784662298524818,25.70171576482385,471.59938957154975,482.6342597596439,0.0
5.162,5.567832899090081,-2.2281616309363925,10.0,0.0,28.698876662128075,26.462245194488222,473.903317111794,482.6342597596439,0.0
5.163,6.212010495776338,-2.197492715139628,9.611004416530108,0.0,28.694656097720085,27.015476001526018,456.9632436004509,482.6342597596439,0.0
5.164,6.812588960686855,-2.0929562898431717,10.0,0.0,28.734988352832023,27.500019286262336,445.38587504440653,482.6342597596439,0.0
5.165,7.449584933697107,-1.8436756337006137,10.0,0.0,28.793366202983687,27.872187739819488,439.96814151318335,482.6342597596439,0.0
5.166,8.015044889209891,-1.6180921043250265,10.0,0.0,28.86080173180601,28.157146497659785,422.17455787797593,482.6342597596439,0.0
5.167,8.608668169583176,-1.2884324905705282,10.0,0.0,28.9159828613109,28.360708971312363,410.9905287624133,482.6342597596439,0.0
5.168,9.149278645475952,-1.008091570136224,10.0,0.0,28.958461220120327,28.4959023910057,401.48070970006586,482.6342597596439,0.0
5.1690000000000005,9.717985533937945,-0.6636374887047037,10.0,0.0,28.975124545265018,28.56467265163874,406.35850074417067,482.6342597596439,0.0
5.17,10.04454645181405,-0.7021862446213061,10.0,0.0,29.00468346792368,28.597997586641196,422.8269030081399,482.6342597596439,0.0
5.171,10.133137141576883,-1.0354915194031233,10.0,0.0,29.07089708448357,28.624466553714132,436.2192716103029,482.6342597596439,0.0
5.172,10.078835153356456,-1.4986033347281145,10.0,0.0,29.180745483032688,28.661769111337634,452.94831245108963,482.6342597596439,0.0
5.173,9.971462779514612,-1.9401552339039347,10.0,0.0,29.32727888824533,28.717594194294087,472.8775187221712,482.6342597596439,0.0
5.174,9.76924785922101,-2.434626465954726,10.0,0.0,29.514717777766187,28.803660026970057,485.78381162094763,482.6342597596439,0.0
5.175,9.536566791801208,-2.876773782781014,4.489136220003887,0.0,29.73571085413294,28.31724091774418,499.79185659487075,482.6342597596439,0.0
5.176,8.961317507871874,-3.1608456767227784,-2.686462235309941,0.0,29.91278914710577,27.22830644535103,504.6566928381175,482.6342597596439,0.0
5.1770000000000005,7.9907558838852175,-3.1689145884072882,-5.339104687718063,0.0,29.96131302488786,26.14694785008195,506.15128063020774,482.6342597596439,0.0
5.178,6.924787378655769,-3.027757723982211,-6.321568792468809,0.0,29.881240711161233,25.204583794454877,503.82503259712445,482.6342597596439,0.0
5.179,5.952759787152201,-2.805933192361418,-5.3703525043019695,0.0,29.691950093410544,24.559170695776793,497.9334853101553,482.6342597596439,0.0
5.18,5.217050569075454,-2.578162313814767,-2.5775711163224972,0.0,29.434210676243175,24.328271373060943,490.1978155179913,482.6342597596439,0.0
5.181,4.823008413342337,-2.3964165610438846,1.2146282221760307,0.0,29.161440944501628,24.519889699204853,482.2429443923962,482.6342597596439,0.0
5.182,4.799686118516417,-2.283345348904402,5.195976938646031,0.0,28.924489642740998,25.063720615860447,473.69173803957943,482.6342597596439,0.0
5.183,5.112360301810444,-2.229021501218245,9.561005332255071,0.0,28.760771651697908,25.935185563696116,471.8966823877448,482.6342597596439,0.0
5.184,5.733396500429106,-2.214856378398495,10.0,0.0,28.699557029509375,26.642584107144636,471.9550189595162,482.6342597596439,0.0
5.1850000000000005,6.375657155860968,-2.1824853813796614,10.0,0.0,28.711784565440688,27.20429307724071,452.8201611690623,482.6342597596439,0.0
5.186,7.008259144206933,-2.040360235174053,10.0,0.0,28.76365018867603,27.64789029175655,446.28864449463543,482.6342597596439,0.0
5.187,7.634149549175607,-1.783231824984043,10.0,0.0,28.827826097380594,27.98979242248125,432.8592640773949,482.6342597596439,0.0
5.188,8.19308841465859,-1.5441541983631217,10.0,0.0,28.89604737346076,28.248697559850495,421.82258705772495,482.6342597596439,0.0
5.189,8.784992589013672,-1.199834842673292,10.0,0.0,28.94785268281017,28.4290142405666,405.19543144755056,482.6342597596439,0.0
5.19,9.32329382017221,-0.9115217981262718,10.0,0.0,28.98423788795296,28.54318569046215,399.24046143228986,482.6342597596439,0.0
5.191,9.87568290521225,-0.5871026000949713,10.0,0.0,28.995598736233067,28.594198728839608,414.0252319832087,482.6342597596439,0.0
5.192,10.101513566169533,-0.7681478775104309,10.0,0.0,29.034083976018927,28.62192906635242,425.0523478916918,482.6342597596439,0.0
5.1930000000000005,10.127403296504074,-1.1747818418148661,10.0,0.0,29.114413008876806,28.650145330365326,441.6954518890853,482.6342597596439,0.0
5.194,10.05853565582929,-1.630576613056224,10.0,0.0,29.23560185004368,28.691407209040285,457.0788898932119,482.6342597596439,0.0
5.195,9.92550412508261,-2.082785711496092,10.0,0.0,29.39398304807736,28.75460657593983,480.21639984663415,482.6342597596439,0.0
5.196,9.711568708956483,-2.565540392320427,7.279418371839606,0.0,29.59142698690389,28.550262727321552,488.9242613165409,482.6342597596439,0.0
5.197,9.315879779945638,-2.938349872061382,2.862587621317271,0.0,29.784873642949204,27.96883851920184,500.35490271889773,482.6342597596439,0.0
5.198,8.649321856607486,-3.148110129496785,-3.029939509453694,0.0,29.920178746098507,26.930256202896132,505.7480230679227,482.6342597596439,0.0
5.199,7.678708516178996,-3.1349514084920345,-5.957637317048968,0.0,29.93455004541741,25.846043029221903,505.68032914221044,482.6342597596439,0.0
5.2,6.626528262844079,-2.9694979176205023,-6.1542510480185015,0.0,29.820994600651208,24.98537146497884,502.2124460121684,482.6342597596439,0.0
5.2010000000000005,5.717531107821831,-2.74147961041802,-4.616091345522734,0.0,29.60930006505375,24.46004310178681,495.7715786447406,482.6342597596439,0.0
5.202,5.0769727729070295,-2.5284819216766015,-1.527030850659795,0.0,29.345092584007293,24.3518646240546,487.8658887931049,482.6342597596439,0.0
5.203,4.7916347502785,-2.362951848172891,2.373497784823453,0.0,29.080409672094284,24.651232390085482,479.8258886614507,482.6342597596439,0.0
5.204,4.866872545371191,-2.2702614035768423,6.42158156163249,0.0,28.863591179805113,25.28934947972965,472.00674881616055,482.6342597596439,0.0
5.205,5.272023884261016,-2.223228069611724,10.0,0.0,28.72801948341909,26.151303932305876,472.0813956759353,482.6342597596439,0.0
5.206,5.919641138265232,-2.208520145162783,10.0,0.0,28.691052863579554,26.810535201050627,466.62745964332953,482.6342597596439,0.0
5.207,6.549941326606061,-2.1640220506268384,10.0,0.0,28.718958321443985,27.337289832759502,448.33027279725627,482.6342597596439,0.0
5.208,7.190068293219183,-1.9717879250913406,10.0,0.0,28.776047923829324,27.7500485826399,445.8860306560931,482.6342597596439,0.0
5.2090000000000005,7.794342273264419,-1.7192481033109215,10.0,0.0,28.842847401823672,28.06717154963195,426.5012856133254,482.6342597596439,0.0
5.21,8.362914639000595,-1.446287379217038,10.0,0.0,28.90717894728526,28.302761947293703,421.26357799794073,482.6342597596439,0.0
5.211,8.935165196859051,-1.1229291804867274,10.0,0.0,28.95579658334747,28.463964622028367,401.78955784672434,482.6342597596439,0.0
5.212,9.487513879049837,-0.806553103099171,10.0,0.0,28.984104936751592,28.558872943433386,403.7907038555091,482.6342597596439,0.0
5.213,9.952857456504113,-0.6253066462172585,10.0,0.0,29.002299937472685,28.60145696134025,418.65772698311577,482.6342597596439,0.0
5.214,10.124490247150415,-0.8671655025548928,10.0,0.0,29.0513507786783,28.627375906331984,429.3086567976651,482.6342597596439,0.0
5.215,10.116208135040655,-1.299362684023623,10.0,0.0,29.143211531660718,28.658235401183642,445.85207919431093,482.6342597596439,0.0
5.216,10.03038479898792,-1.7516907052411606,10.0,0.0,29.27440626934931,28.704552767693098,465.5405190554736,482.6342597596439,0.0
5.2170000000000005,9.858278350317562,-2.2409178054932437,10.0,0.0,29.446404970735525,28.777431347313655,478.7616041620718,482.6342597596439,0.0
5.218,9.65169945345257,-2.6816042032451577,8.042680967163614,0.0,29.65207489269537,28.665919459667236,499.0834046395026,482.6342597596439,0.0
5.219,9.275682828298336,-3.0804989241457106,-2.2827107203503587,0.0,29.865498189016133,27.509201897481574,501.9574060915678,482.6342597596439,0.0
5.22,8.333130729752897,-3.140563444419401,-3.9129429097022053,0.0,29.944525549507357,26.513347361781463,504.96898228533985,482.6342597596439,0.0
5.221,7.307243219051853,-3.0611760491404905,-5.642078231845186,0.0,29.906731461696026,25.554500557349936,504.60791602358165,482.6342597596439,0.0
5.222,6.315731222806944,-2.8892483145075296,-5.681281663605465,0.0,29.758713925365836,24.79954544478814,500.487809726202,482.6342597596439,0.0
5.223,5.496737872906699,-2.6723331255341565,-3.799764014581214,0.0,29.52786123797175,24.392817214086364,493.5435533753533,482.6342597596439,0.0
5.224,4.961912311179741,-2.4770389056070297,-0.4367287753139779,0.0,29.26010778394465,24.40543611583548,485.67450980238766,482.6342597596439,0.0
5.2250000000000005,4.784445052546551,-2.3338111673167954,3.467390510741417,0.0,29.006589456482505,24.800013693912764,477.12620313619635,482.6342597596439,0.0
5.226,4.952734522545047,-2.2585838999778236,7.796624410071547,0.0,28.811037997549924,25.54666970321571,471.0679827149229,482.6342597596439,0.0
5.227,5.455383106604761,-2.220602333282849,10.0,0.0,28.70628158577784,26.34457549204734,472.8905263878897,482.6342597596439,0.0
5.228,6.102806371645363,-2.1966872849635077,10.0,0.0,28.68954055441794,26.963991231605448,460.0307796730596,482.6342597596439,0.0
5.229,6.726690477523074,-2.123589036254929,10.0,0.0,28.728613543275102,27.45763827507561,445.54174779972715,482.6342597596439,0.0
5.23,7.369020010790757,-1.891283560279355,10.0,0.0,28.788321317723334,27.841410505483804,442.9895789819594,482.6342597596439,0.0
5.231,7.945574183716747,-1.6579206980968153,10.0,0.0,28.857088677687237,28.135778626606818,422.9933722209217,482.6342597596439,0.0
5.232,8.530129550416262,-1.3451828354181394,10.0,0.0,28.916348577494222,28.34905112300624,415.9587381967288,482.6342597596439,0.0
5.2330000000000005,9.075441140309746,-1.0572885062212087,10.0,0.0,28.962468739375574,28.492783638525133,401.5473398506108,482.6342597596439,0.0
5.234,9.6446260693541,-0.7103865610060265,10.0,0.0,28.983069865938976,28.56959769238432,406.67651230969574,482.6342597596439,0.0
5.235,10.038089884389764,-0.6408303033690739,10.0,0.0,29.00511011634405,28.60320128315045,418.564691933747,482.6342597596439,0.0
5.236,10.123582464558933,-0.9943807853734968,10.0,0.0,29.067892816382084,28.630178994212233,433.43456993405067,482.6342597596439,0.0
5.237,10.100830966855598,-1.4208538559245032,10.0,0.0,29.170471550463052,28.664094794720686,455.9919848873014,482.6342597596439,0.0
5.238,9.984916456090062,-1.892816228159164,10.0,0.0,29.313835121427076,28.71739996979357,465.7991208371523,482.6342597596439,0.0
5.239,9.810147542543596,-2.355511421607977,10.0,0.0,29.49436970035901,28.79777641983803,485.07357623890135,482.6342597596439,0.0
5.24,9.585661591068844,-2.7966730954472925,4.842654855367289,0.0,29.708789298590045,28.34380648238839,499.71817884598596,482.6342597596439,0.0
5.2410000000000005,9.024613259163344,-3.1114284655990128,-2.650485639038436,0.0,29.886581417231298,27.243473952563374,503.1288622659924,482.6342597596439,0.0
5.242,8.056855532810498,-3.1334605533746953,-4.560773374105132,0.0,29.935837046979728,26.23659650825146,505.24262536260613,482.6342597596439,0.0
5.243,7.026696794687028,-3.024672594899211,-5.84373857844163,0.0,29.867292373012063,25.316948960149297,503.8385278481506,482.6342597596439,0.0
5.244,6.070240960642742,-2.8318322493388006,-5.353732502098925,0.0,29.69351285320407,24.644050574265275,498.7205907665666,482.6342597596439,0.0
5.245,5.317670797799842,-2.615631480319436,-2.9556272713761578,0.0,29.44796776565194,24.353173749177213,491.23413786029505,482.6342597596439,0.0
5.246,4.878202331191973,-2.432659609187679,0.7016004007531071,0.0,29.179924606211927,24.485959919168174,483.3381885623473,482.6342597596439,0.0
5.247,4.803723572847765,-2.309685474540907,4.642535761699956,0.0,28.940266943615164,24.97939174795068,474.76228619458453,482.6342597596439,0.0
5.248,5.066129401722384,-2.2489335635459913,9.009206681231925,0.0,28.76846526129337,25.810829646374643,471.87501574875046,482.6342597596439,0.0
5.249,5.647283282219535,-2.2256449820610724,10.0,0.0,28.695033312192745,26.545961274027277,473.1456159147418,482.6342597596439,0.0
5.25,6.289209200463555,-2.193860748315622,10.0,0.0,28.699194340870307,27.12552829861502,455.0566937455353,482.6342597596439,0.0
5.251,6.914496877813333,-2.076643978545613,10.0,0.0,28.748319966801642,27.585192338285715,445.8864544708651,482.6342597596439,0.0
5.252,7.547586457445107,-1.8208358396942375,10.0,0.0,28.81153270653096,27.940415559596477,436.912167113559,482.6342597596439,0.0
5.253,8.105500243400321,-1.5915111539707794,10.0,0.0,28.881278860377357,28.211398112090347,421.9127458156817,482.6342597596439,0.0
5.2540000000000004,8.69873964901535,-1.249590485626726,10.0,0.0,28.935830627427894,28.402579827961365,408.0474899563213,482.6342597596439,0.0
5.255,9.234152958732508,-0.9682398585081664,10.0,0.0,28.97651602706086,28.527135478937588,401.23063307420165,482.6342597596439,0.0
5.256,9.796148522489677,-0.6288636071730123,10.0,0.0,28.991070570452482,28.586838725863377,407.6219014505395,482.6342597596439,0.0
5.257,10.083066103727557,-0.7210739391517502,10.0,0.0,29.02367688322855,28.616086124137162,424.20909058886343,482.6342597596439,0.0
5.258,10.122565022009201,-1.1208856037173973,10.0,0.0,29.099004484336795,28.644193708662552,440.3882868676823,482.6342597596439,0.0
5.259,10.08675278861844,-1.5366225382096683,10.0,0.0,29.211343029935257,28.681357629702042,456.39838513955897,482.6342597596439,0.0
5.26,9.939555915157168,-2.0297851436682635,10.0,0.0,29.36625463033336,28.741872546944258,471.3196343553238,482.6342597596439,0.0
5.261,9.755582102535167,-2.478199153049628,10.0,0.0,29.556120477393222,28.83059228315587,494.8085298599331,482.6342597596439,0.0
5.2620000000000005,9.50606437332115,-2.9332410615182134,-0.09813322318387652,0.0,29.781442183205982,27.84423918798941,498.7577081718191,482.6342597596439,0.0
5.263,8.682625572824564,-3.093840386740043,-2.233956863248622,0.0,29.89871191561056,26.93317739550806,503.2184068229963,482.6342597596439,0.0
5.264,7.730991993378476,-3.0905756404791336,-4.670147659470752,0.0,29.911183380185605,25.974771310065627,505.1299530861121,482.6342597596439,0.0
5.265,6.741792556739766,-2.974662411259964,-5.850877724293324,0.0,29.813849282007418,25.107230182692476,502.71768512145206,482.6342597596439,0.0
5.266,5.84188537641649,-2.774741449006746,-4.845577995581389,0.0,29.618662307354064,24.528197824514542,496.7800349660757,482.6342597596439,0.0
5.267,5.169613593004249,-2.5651983379183134,-2.0182106699575133,0.0,29.36404026175106,24.353458237592676,489.0585922121106,482.6342597596439,0.0
5.268,4.8301232970442936,-2.395118326924724,1.7782673825003448,0.0,29.10079309191775,24.590690532038295,481.1097436342157,482.6342597596439,0.0
5.269,4.849856726554878,-2.291407570761704,5.7679368327020875,0.0,28.877886485444353,25.173208158847878,472.7844597844223,482.6342597596439,0.0
5.2700000000000005,5.200035929848032,-2.2390568496286165,10.0,0.0,28.730800830536236,26.06249123816276,471.90956882632094,482.6342597596439,0.0
5.271,5.841744935989134,-2.2267080300425146,10.0,0.0,28.686517186107277,26.73873061373979,470.24939461020864,482.6342597596439,0.0
5.272,6.4736861397539425,-2.1887827996865203,10.0,0.0,28.71023755653561,27.279821244963486,451.1610886280916,482.6342597596439,0.0
5.273,7.104485202617106,-2.0214304864289785,10.0,0.0,28.767665450888728,27.706106365230355,446.182262877165,482.6342597596439,0.0
5.274,7.71725184011868,-1.761960441216544,10.0,0.0,28.835110885992414,28.034409423409315,429.93664136512325,482.6342597596439,0.0
5.275,8.275946546595987,-1.5073332036910503,10.0,0.0,28.903227787727964,28.281297967943253,421.5033847287361,482.6342597596439,0.0
5.276,8.859517714928176,-1.1660222706960233,10.0,0.0,28.954223923489135,28.45170346674557,403.40340293246203,482.6342597596439,0.0
5.277,9.399355153897025,-0.8689753389847286,10.0,0.0,28.987898942396136,28.556621622640545,403.06107535912855,482.6342597596439,0.0
5.2780000000000005,9.934227337454995,-0.5698864713991334,10.0,0.0,28.99876896888464,28.60097789903503,412.5098386997018,482.6342597596439,0.0
5.279,10.10937059263243,-0.8205361234832189,10.0,0.0,29.043549970768836,28.62806851420497,428.60268786230586,482.6342597596439,0.0
5.28,10.120724729625268,-1.2385395714825043,10.0,0.0,29.130035816740694,28.65743064552889,444.0721221881552,482.6342597596439,0.0
5.281,10.057485595763508,-1.6691013791299385,10.0,0.0,29.25399105560898,28.699574994412345,462.0233157830893,482.6342597596439,0.0
5.282,9.891792212176368,-2.1629868038710085,10.0,0.0,29.419786984123828,28.76749431315024,476.11875680281776,482.6342597596439,0.0
5.283,9.691098458275007,-2.609958281078141,9.381182083741342,0.0,29.62002325990636,28.797550701170668,499.1609212157242,482.6342597596439,0.0
5.284,9.39855388975586,-3.0373887092018905,-2.3051667372726907,0.0,29.84578917923421,27.595487851816415,501.4171213772376,482.6342597596439,0.0
5.285,8.450873600467705,-3.1236817670069796,-3.6210954342053228,0.0,29.933990153771177,26.60963859701445,504.0667923158253,482.6342597596439,0.0
5.2860000000000005,7.429156605317391,-3.0582820312495658,-5.160256229060982,0.0,29.90672920386289,25.677958031255233,504.5864897406686,482.6342597596439,0.0
5.287,6.445181143175235,-2.909385228616787,-5.639627241292871,0.0,29.77330164143747,24.897400354568283,501.20491340692473,482.6342597596439,0.0
5.288,5.607262741379536,-2.7043142348665503,-4.134545610893754,0.0,29.5540922262997,24.43423964834983,494.66287213977165,482.6342597596439,0.0
5.289,5.028896954371241,-2.5086376634012884,-0.9838111011184907,0.0,29.291013969130205,24.38224510356369,486.8426097522097,482.6342597596439,0.0
5.29,4.79727850433106,-2.3568380846266344,2.884236592736835,0.0,29.03430289524847,24.722814460399867,478.64032157667606,482.6342597596439,0.0
5.291,4.91431119465403,-2.2727496914835825,7.025320062333326,0.0,28.829588136980522,25.40530469844539,471.3589557337552,482.6342597596439,0.0
5.292,5.360323577108232,-2.2284144143800213,10.0,0.0,28.70955788179397,26.2369873601402,472.4870265968254,482.6342597596439,0.0
5.293,6.006672331255015,-2.2061897348602284,10.0,0.0,28.682697556319418,26.877113691638606,463.8384202717253,482.6342597596439,0.0
5.2940000000000005,6.628836938588006,-2.1530403278506447,10.0,0.0,28.716911708566315,27.388566738174568,446.5988894663502,482.6342597596439,0.0
5.295,7.269822359180279,-1.9400020908118303,10.0,0.0,28.775947038237927,27.788009145089784,445.12725738976366,482.6342597596439,0.0
5.296,7.861180998205818,-1.6943404179172423,10.0,0.0,28.844130673985894,28.094771248193762,424.26320455012313,482.6342597596439,0.0
5.297,8.435280139917554,-1.4043538263363713,10.0,0.0,28.906730248124514,28.320438185364107,420.3840530452913,482.6342597596439,0.0
5.298,8.995338235337165,-1.095863561798046,10.0,0.0,28.954602495382897,28.473932987152228,401.28440439606186,482.6342597596439,0.0
5.299,9.555522173296783,-0.7643302332997286,10.0,0.0,28.979653234604818,28.560845881266026,399.9036626588528,482.6342597596439,0.0
5.3,9.98914175716361,-0.632818532055156,10.0,0.0,28.999739235464002,28.599476245044873,422.67256192542504,482.6342597596439,0.0
5.301,10.121076575966717,-0.9273605255712916,10.0,0.0,29.055394408914395,28.626075538302082,431.18425838772043,482.6342597596439,0.0
5.3020000000000005,10.114290147598165,-1.3434633822759787,10.0,0.0,29.150969888647804,28.657646274887178,450.8516092782567,482.6342597596439,0.0
5.303,10.003228015522689,-1.825247780046728,10.0,0.0,29.288980149254115,28.707766456031727,463.9006449992565,482.6342597596439,0.0
5.304,9.847764213316879,-2.272354041517866,10.0,0.0,29.462565246698375,28.782666042044347,487.1151879215662,482.6342597596439,0.0
5.305,9.615485487566083,-2.7440218359567323,3.7902827204517155,0.0,29.673694187773023,28.20836130026033,493.413668254238,482.6342597596439,0.0
5.306,9.01603704437645,-3.0180721925211924,0.5332484691698589,0.0,29.831708621839525,27.48003987341001,501.9826491008419,482.6342597596439,0.0
5.307,8.217974801679794,-3.1291450999418746,-3.944725847544067,0.0,29.91056698606497,26.462137562590407,505.6560434735808,482.6342597596439,0.0
5.308,7.228012352836315,-3.067469521865781,-6.011640871052871,0.0,29.87185424012332,25.472245656802286,504.3704962467033,482.6342597596439,0.0
5.309,6.240742993142334,-2.8812882229059724,-5.586229622484716,0.0,29.71816039109222,24.743636059654307,499.73002248340714,482.6342597596439,0.0
5.3100000000000005,5.439929299748714,-2.6605408609743395,-3.4369503680742763,0.0,29.484554570426553,24.382901455493844,492.5438398027454,482.6342597596439,0.0
5.311,4.939543674059236,-2.467134164667643,0.057045171825566676,0.0,29.21916860843698,24.444760728419645,484.72022119438515,482.6342597596439,0.0
5.312,4.801609699724452,-2.330803299899933,3.9479948616582927,0.0,28.973444841777564,24.87712886925643,475.90049643936584,482.6342597596439,0.0
5.313,5.004760435466979,-2.2611850613706865,8.425194872370728,0.0,28.789235568277228,25.671544402948616,471.5031068982468,482.6342597596439,0.0
5.314,5.545608699314737,-2.2289010981448176,10.0,0.0,28.700033721926594,26.43909221818782,473.7987837683634,482.6342597596439,0.0
5.315,6.190031396096961,-2.1996023344625377,9.661013472967827,0.0,28.693606817362138,27.002450484010645,457.6894464180699,482.6342597596439,0.0
5.316,6.7925888906321,-2.101740209921531,10.0,0.0,28.733686583773736,27.48967151860755,445.4287693574851,482.6342597596439,0.0
5.317,7.4304454635525925,-1.8552318235204392,10.0,0.0,28.792343175745152,27.864649913039713,440.81960275443305,482.6342597596439,0.0
5.3180000000000005,7.997918720241515,-1.6280977519479287,10.0,0.0,28.860112283953676,28.151952634719212,422.3469836743094,482.6342597596439,0.0
5.319,8.589609084454143,-1.3019237448460559,10.0,0.0,28.916226953443815,28.35789078755512,412.1086288684599,482.6342597596439,0.0
5.32,9.130745316270644,-1.0207485584024414,10.0,0.0,28.959656440830752,28.495238510198753,401.5341899619943,482.6342597596439,0.0
5.321,9.700236984390417,-0.6747091728502621,10.0,0.0,28.977225171197055,28.56596168814172,407.2794812751114,482.6342597596439,0.0
5.322,10.03789081056648,-0.6962197300905095,10.0,0.0,29.005935901472974,28.59992241712884,422.92291205555534,482.6342597596439,0.0
5.323,10.13409120267764,-1.020535583153865,10.0,0.0,29.07063126988458,28.62615264137439,435.5245450052937,482.6342597596439,0.0
5.324,10.083581714583678,-1.4808254612243057,10.0,0.0,29.17886885193669,28.66274742764797,452.2471277884783,482.6342597596439,0.0
5.325,9.977566353421649,-1.9238566953387783,10.0,0.0,29.324072691382845,28.717663088346296,472.4414753231277,482.6342597596439,0.0
5.3260000000000005,9.777603314850104,-2.4182574160979944,10.0,0.0,29.510201479896587,28.802543347550653,485.2411636234052,482.6342597596439,0.0
5.327,9.546454141710953,-2.8613585445675205,4.764417241666606,0.0,29.730002532403418,28.34506113492887,499.43698585748905,482.6342597596439,0.0
5.328,8.986598430886053,-3.154577115046579,-2.5015211363537633,0.0,29.90989828986542,27.26768249128039,504.54503367863043,482.6342597596439,0.0
5.329,8.0265573474735,-3.170295994359023,-5.27465278611432,0.0,29.962863498235954,26.183652152116633,506.2069312140296,482.6342597596439,0.0
5.33,6.960893186085821,-3.0339246764060244,-6.341328268357773,0.0,29.88697111808509,25.231341028075647,503.9701983048311,482.6342597596439,0.0
5.331,5.982070231400252,-2.813391406968991,-5.436321199210391,0.0,29.700541917086674,24.573903194253855,498.1468894884432,482.6342597596439,0.0
5.332,5.236068811522994,-2.5851375304229145,-2.6797930883044305,0.0,29.444109259080218,24.330006171862227,490.4472313924911,482.6342597596439,0.0
5.333,4.830316696265561,-2.4018942677485793,1.091906243343142,0.0,29.171055944506527,24.509349949760832,482.52631673878045,482.6342597596439,0.0
5.3340000000000005,4.795686540782937,-2.2867020776504483,5.05344300040711,0.0,28.93240363089602,25.041257864323278,473.9689281245187,482.6342597596439,0.0
5.335,5.097084986815122,-2.2311137940094525,9.418790623889238,0.0,28.76584455080328,25.90318249646247,471.69413183532566,482.6342597596439,0.0
5.336,5.709644859172886,-2.214279079379308,10.0,0.0,28.70083790616083,26.618170711016795,472.2350092423364,482.6342597596439,0.0
5.337,6.352795902748081,-2.1824970414710227,10.0,0.0,28.710503070414443,27.184726329820627,453.38621747385207,482.6342597596439,0.0
5.338,6.984050858330725,-2.0475203691274784,10.0,0.0,28.761327666544375,27.632586368491108,446.1207073007113,482.6342597596439,0.0
5.339,7.612872370262494,-1.790250238686228,10.0,0.0,28.82490585930325,27.977885046150874,433.9085879473366,482.6342597596439,0.0
5.34,8.171345334481066,-1.5549702295524002,10.0,0.0,28.89334800085192,28.239867864375825,421.7924616888251,482.6342597596439,0.0
5.341,8.764635020538435,-1.2103573986022425,10.0,0.0,28.945589598755028,28.42281947910901,405.802802714544,482.6342597596439,0.0
5.3420000000000005,9.30219537359381,-0.9243503174466312,10.0,0.0,28.982887547723532,28.53950135018367,399.6115671407038,482.6342597596439,0.0
5.343,9.85693573247358,-0.596702288590512,10.0,0.0,28.994942676540038,28.5925989931015,413.0093860112946,482.6342597596439,0.0
5.344,10.098289428239848,-0.7555019164047119,10.0,0.0,29.0318464961148,28.620590881663716,424.58542730152254,482.6342597596439,0.0
5.345,10.127040242102863,-1.1609826599282336,10.0,0.0,29.11087400809775,28.648724910759913,439.87831623872165,482.6342597596439,0.0
5.346,10.068688970303178,-1.602393870989144,10.0,0.0,29.229312597573482,28.68865443618137,463.0365294611557,482.6342597596439,0.0
5.347,9.920903347378944,-2.0843339132903527,10.0,0.0,29.388499573186323,28.75210777381193,472.79493010026124,482.6342597596439,0.0
5.348,9.724152134269104,-2.5418168364044997,10.0,0.0,29.583616906120465,28.84529925245355,491.5151113341845,482.6342597596439,0.0
5.349,9.480101742849307,-2.9749786621500647,1.5923667801494954,0.0,29.811614625226245,28.048721693265957,503.549368175213,482.6342597596439,0.0
5.3500000000000005,8.73798621347574,-3.181532606853948,-4.633912724520435,0.0,29.955544132162657,26.83297945290942,505.1874745447235,482.6342597596439,0.0
5.351,7.659185033379355,-3.114548855385642,-5.678498057126493,0.0,29.954072712261205,25.81180977025906,505.1587482936629,482.6342597596439,0.0
5.352,6.604217040263942,-2.945345209050568,-5.8893798169363745,0.0,29.832688902502703,24.985117241072288,502.22368387880505,482.6342597596439,0.0
5.353,5.710650549721025,-2.7297061558487496,-4.617741850699069,0.0,29.618745961412515,24.458687211741122,496.0273304346996,482.6342597596439,0.0
5.354,5.075417451878218,-2.522412960352483,-1.6534958353968987,0.0,29.35290845052566,24.337796549112202,488.177558493198,482.6342597596439,0.0
5.355,4.783670685706131,-2.360613784116579,2.2159571480183677,0.0,29.085840647033613,24.624148382980643,480.0662916270558,482.6342597596439,0.0
5.356,4.850351366577691,-2.267254342168058,6.297270262415328,0.0,28.865463260425635,25.25515582330496,472.04207521594645,482.6342597596439,0.0
5.357,5.247721620884318,-2.2216838362763687,10.0,0.0,28.72614519528229,26.12446799976137,471.88571272361094,482.6342597596439,0.0
5.3580000000000005,5.896531010448042,-2.2093416112305824,10.0,0.0,28.686788214602792,26.78849452437303,467.36096987240927,482.6342597596439,0.0
5.359,6.5293305862988715,-2.166752870160465,10.0,0.0,28.713208245185157,27.319062839007607,448.90676074732295,482.6342597596439,0.0
5.36,7.168527907531928,-1.9807876008779994,10.0,0.0,28.770012811962378,27.73523261565984,445.8939339309145,482.6342597596439,0.0
5.361,7.775941909516303,-1.7264174678055837,10.0,0.0,28.83663283778196,28.05504230431862,427.12310314652245,482.6342597596439,0.0
5.362,8.3424226782404,-1.4584996986409111,10.0,0.0,28.901644576608067,28.29329428215367,421.26403962445653,482.6342597596439,0.0
5.363,8.917956415641465,-1.1306611419069843,10.0,0.0,28.950597275785984,28.456578332660953,401.92705035878856,482.6342597596439,0.0
5.364,9.467107872014775,-0.8197334538283967,10.0,0.0,28.98005944997553,28.55377792520824,404.77847271243274,482.6342597596439,0.0
5.365,9.947701687924887,-0.6130475985656583,10.0,0.0,28.996669198802746,28.59682997073339,416.93891698419344,482.6342597596439,0.0
5.3660000000000005,10.121343748729963,-0.8548109683525441,10.0,0.0,29.044584006528925,28.622943098059277,428.8729958618668,482.6342597596439,0.0
5.367,10.115676615216927,-1.2867319773326442,10.0,0.0,29.135412323505037,28.65359619871968,444.77754174058697,482.6342597596439,0.0
5.368,10.038756011423311,-1.7273132979020611,10.0,0.0,29.264367854022396,28.698671416093816,465.56547567646527,482.6342597596439,0.0
5.369,9.866152708624416,-2.2204775438354583,10.0,0.0,29.434777607072416,28.77035182205222,478.1199362008368,482.6342597596439,0.0
5.37,9.657275551880248,-2.669067439108566,8.366664905910739,0.0,29.639727671433985,28.693488756583832,497.6142421906416,482.6342597596439,0.0
5.371,9.30033017091473,-3.0770524953244593,-1.5302879133016614,0.0,29.856888880043577,27.609650765264742,501.8898049944904,482.6342597596439,0.0
5.372,8.400369601825918,-3.156459217099433,-3.860624767574526,0.0,29.94860505749339,26.59397137695075,505.3952886025151,482.6342597596439,0.0
5.373,7.374326595814214,-3.0830287972004404,-5.840976860015584,0.0,29.920710264960178,25.598361308557735,504.96367853806595,482.6342597596439,0.0
5.3740000000000006,6.361723020238982,-2.904790067255629,-5.848466015575225,0.0,29.777171988746048,24.819628444816715,500.7755583141478,482.6342597596439,0.0
5.375,5.521423045270342,-2.6810685618944907,-3.9358188891611974,0.0,29.547287275488948,24.397188076780317,493.860848036324,482.6342597596439,0.0
5.376,4.970194186913265,-2.480601688127019,-0.5907296330160907,0.0,29.278332855693122,24.39506879580327,486.0001594462171,482.6342597596439,0.0
5.377,4.778755882155913,-2.3337425376007657,3.305955665171636,0.0,29.021912111958947,24.77699641612329,477.5124732255593,482.6342597596439,0.0
5.378,4.935489470422717,-2.255879736463873,7.601016640841378,0.0,28.822229888010398,25.509423976622738,470.9451843669061,482.6342597596439,0.0
5.3790000000000004,5.426454053670755,-2.2162462451485765,10.0,0.0,28.712177586473338,26.317139350153536,472.722309365943,482.6342597596439,0.0
5.38,6.075676612606385,-2.1936437668507613,10.0,0.0,28.69181211474346,26.942583286935534,460.76195302654037,482.6342597596439,0.0
5.381,6.701115734270161,-2.1260068655005435,10.0,0.0,28.72881354949921,27.441140205072667,445.6529140561102,482.6342597596439,0.0
5.382,7.345032174806212,-1.8983539507048488,10.0,0.0,28.787605080979088,27.82896515762934,443.4232800957164,482.6342597596439,0.0
5.383,7.9260225881943,-1.6630355901724259,10.0,0.0,28.85569146405603,28.126416987011,423.19965975197476,482.6342597596439,0.0
5.384,8.509428092269173,-1.3554093425499687,10.0,0.0,28.915228688130302,28.342567570447837,416.9501744187694,482.6342597596439,0.0
5.385,9.05771292464409,-1.0648741612051058,10.0,0.0,28.96154464066911,28.488579541427928,401.4917478399206,482.6342597596439,0.0
5.386,9.62646552576841,-0.7198706193326401,10.0,0.0,28.98278515725954,28.567541972763962,404.5334158747663,482.6342597596439,0.0
5.3870000000000005,10.031389257905726,-0.6329269407898717,10.0,0.0,29.00368409610353,28.601878128101568,418.4983160343859,482.6342597596439,0.0
5.388,10.119360046686664,-0.9866101054040612,10.0,0.0,29.065701341489884,28.62924301234529,435.10292800662415,482.6342597596439,0.0
5.389,10.110135153676206,-1.3936620356030462,10.0,0.0,29.16549223143771,28.661967578822235,450.9349211531165,482.6342597596439,0.0
5.39,9.986354421168093,-1.8824027568212398,10.0,0.0,29.30826744907048,28.714922409292047,466.0694658673168,482.6342597596439,0.0
5.391,9.821918705524524,-2.331272767100727,10.0,0.0,29.48654892190551,28.793709399873883,489.3264957729207,482.6342597596439,0.0
5.392,9.581907192158639,-2.803016740348492,2.6711068386762156,0.0,29.70228408346966,28.101024500249217,494.76104986664893,482.6342597596439,0.0
5.393,8.919685305873116,-3.041334650196341,-0.16743810925796065,0.0,29.84867476926572,27.330674886441667,502.53837223814446,482.6342597596439,0.0
5.394,8.081891636724865,-3.122367988292777,-4.255140419790731,0.0,29.909921913193564,26.316272582658673,505.60270473819264,482.6342597596439,0.0
5.3950000000000005,7.086165135602481,-3.043300730628136,-6.016991119600309,0.0,29.854096380626245,25.357660648204998,503.91907001040306,482.6342597596439,0.0
5.396,6.120238352900156,-2.8508761736242825,-5.38802185821311,0.0,29.68761617917652,24.672427160776696,498.831357507694,482.6342597596439,0.0
5.397,5.35534256582674,-2.6325114513226873,-3.0061365843390844,0.0,29.447164775245785,24.369265958209564,491.4737778614171,482.6342597596439,0.0
5.398,4.9026795558794936,-2.446905506685131,0.5842580577816427,0.0,29.1822093847643,24.485644266624085,483.6414034955313,482.6342597596439,0.0
5.399,4.813064704040003,-2.3203721756622597,4.490373803365674,0.0,28.943324757206273,24.962988994344908,475.0276934602906,482.6342597596439,0.0
5.4,5.060230068714247,-2.256201257745586,8.873294483979542,0.0,28.770269597515536,25.78368656531697,471.8187808720277,482.6342597596439,0.0
5.401,5.63005810593144,-2.229446913713797,10.0,0.0,28.69428844222674,26.524907832731714,473.42249763718104,482.6342597596439,0.0
5.402,6.2710121065881745,-2.1969871869228097,9.864446694295374,0.0,28.6967245027016,27.093424279388323,455.5502115060516,482.6342597596439,0.0
5.4030000000000005,6.886916593929463,-2.081895100641301,10.0,0.0,28.74343306957159,27.56025913051033,445.6638276373913,482.6342597596439,0.0
5.404,7.520536188790321,-1.827000390775729,10.0,0.0,28.805266767644383,27.92018670958882,437.77592239675795,482.6342597596439,0.0
5.405,8.079850905587614,-1.5991636223656007,10.0,0.0,28.874396756391285,28.195116477667643,421.9310668041464,482.6342597596439,0.0
5.406,8.673158476339957,-1.2605153026651004,10.0,0.0,28.929133775588426,28.38979558219849,408.7266518446059,482.6342597596439,0.0
5.407,9.20944614270042,-0.9803475011412228,10.0,0.0,28.970433028348307,28.51742191060383,401.44919025591804,482.6342597596439,0.0
5.408,9.773663729326309,-0.6390116571193962,10.0,0.0,28.98561972384558,28.579714473579397,406.0791157157271,482.6342597596439,0.0
5.409,10.07238647073078,-0.7152822347635084,10.0,0.0,29.017320128071763,28.6100791241189,425.2140200207622,482.6342597596439,0.0
5.41,10.120913600248862,-1.104709499481375,10.0,0.0,29.090961250271782,28.638226593194105,438.66671753690025,482.6342597596439,0.0
5.4110000000000005,10.088642570010226,-1.5187781856392952,10.0,0.0,29.20170628998952,28.674958512203233,456.5084316722443,482.6342597596439,0.0
5.412,9.943586469770647,-2.012829076584479,10.0,0.0,29.355254928778795,28.734725204007205,470.6711246299734,482.6342597596439,0.0
5.413,9.761905021018354,-2.4616940157823226,10.0,0.0,29.54386000727184,28.822404488870042,493.92914448883,482.6342597596439,0.0
5.414,9.516188926555236,-2.914256608023431,0.3455698036423547,0.0,29.767665742156414,27.883400987399995,498.4968448349146,482.6342597596439,0.0
5.415,8.715983836562112,-3.090600851217027,-2.096906220152663,0.0,29.8900627942344,26.97411574786613,503.0409622831275,482.6342597596439,0.0
5.416,7.772450119287424,-3.0948046028004006,-4.573031969493943,0.0,29.907990587393456,26.01583632330416,505.13201686296753,482.6342597596439,0.0
5.417,6.784003224177496,-2.983722990428626,-5.843536830447197,0.0,29.816036643903672,25.13947716459219,502.889312356518,482.6342597596439,0.0
5.418,5.877509359525113,-2.7853957002693392,-4.924735103191181,0.0,29.624936993097865,24.54516162217079,497.03615619061935,482.6342597596439,0.0
5.4190000000000005,5.193082594789844,-2.574460072756499,-2.142175984551601,0.0,29.37229610700568,24.354283160163103,489.3501572980824,482.6342597596439,0.0
5.42,4.839130344272236,-2.4022130966376136,1.6336644863324778,0.0,29.108993652223987,24.576835796267403,481.4250195535035,482.6342597596439,0.0
5.421,4.845207173383104,-2.29564054897113,5.608325760683348,0.0,28.88427619604878,25.146049285045486,473.02382187104024,482.6342597596439,0.0
5.422,5.182288924450722,-2.241861811609096,9.905028980801008,0.0,28.734101898735734,26.03174219647134,472.0033929943497,482.6342597596439,0.0
5.423,5.8169581426922665,-2.2293156531778324,10.0,0.0,28.686672032242768,26.71488537043813,470.77710365865545,482.6342597596439,0.0
5.424,6.450049166724021,-2.192002239910115,10.0,0.0,28.70832045592064,27.260728209705878,451.65381498685935,482.6342597596439,0.0
5.425,7.080078556279422,-2.030310960563475,10.0,0.0,28.76497541456205,27.69117928480385,446.33253486607583,482.6342597596439,0.0
5.426,7.694920939350629,-1.7712999587592577,10.0,0.0,28.83213568744411,28.022918380013895,430.71257068013415,482.6342597596439,0.0
5.4270000000000005,8.252910159230563,-1.5202251856992268,10.0,0.0,28.9007257275404,28.272969202635068,421.66662187572524,482.6342597596439,0.0
5.428,8.838209927019873,-1.1775529306157935,10.0,0.0,28.95227864556062,28.446070864745714,403.92047761977597,482.6342597596439,0.0
5.429,9.377130543334653,-0.8826865239024024,10.0,0.0,28.986977855802234,28.553589382330596,400.8010551741278,482.6342597596439,0.0
5.43,9.922098336778692,-0.5669366805396991,10.0,0.0,28.997175178075416,28.59926871806545,411.7902941934385,482.6342597596439,0.0
5.431,10.104274010962655,-0.8100253046890831,10.0,0.0,29.04081794878482,28.626810206228342,428.31718059888146,482.6342597596439,0.0
5.432,10.120389083086792,-1.224483480364483,10.0,0.0,29.126010104322383,28.65601092145407,443.7692247198682,482.6342597596439,0.0
5.433,10.062744591957875,-1.6497450704204617,10.0,0.0,29.248237308978148,28.697312825456397,461.12182402236965,482.6342597596439,0.0
5.434,9.898990506384951,-2.1443267687213705,10.0,0.0,29.412523354481117,28.76414376402582,475.44183085397935,482.6342597596439,0.0
5.4350000000000005,9.700464375229128,-2.5916812143340593,9.723063255074985,0.0,29.61132706132512,28.830457504918236,498.5562487845365,482.6342597596439,0.0
5.436,9.429419122441958,-3.025989099261399,-1.9933656004525035,0.0,29.84018209445984,27.651812152242073,501.53329866364066,482.6342597596439,0.0
5.437,8.496987374452683,-3.1277005211458646,-3.6708809290445643,0.0,29.935132266571507,26.646411480308096,504.03246265625194,482.6342597596439,0.0
5.438,7.470105149382594,-3.0635377246694513,-5.1344449543162805,0.0,29.91197233244734,25.710461730562546,504.65174628802333,482.6342597596439,0.0
5.439,6.480353940043064,-2.916053191407538,-5.664261635485772,0.0,29.781951746066994,24.920750578479833,501.42770842203544,482.6342597596439,0.0
5.44,5.633822287344515,-2.7114248362841264,-4.24017718911574,0.0,29.56492782938546,24.442176908583207,494.95672248769466,482.6342597596439,0.0
5.441,5.042814938003524,-2.5144507022369083,-1.1279088492258609,0.0,29.302128066188452,24.374412378832805,487.12347771721807,482.6342597596439,0.0
5.442,4.797576746797538,-2.360199656480873,2.743821356436696,0.0,29.043833952643418,24.702978092500967,478.98883843713344,482.6342597596439,0.0
5.4430000000000005,4.902798830840506,-2.2742284558745953,6.847595209704114,0.0,28.83631150021057,25.371528834093816,471.56196919750107,482.6342597596439,0.0
5.444,5.336182406833843,-2.2291128968939584,10.0,0.0,28.712293367698482,26.211579072165136,472.41146180312825,482.6342597596439,0.0
5.445,5.983405943299269,-2.2068148728819033,10.0,0.0,28.68268044519322,26.85683767202389,464.9260020101767,482.6342597596439,0.0
5.446,6.605709612181803,-2.1584383612345315,10.0,0.0,28.715456238883263,27.37262795143381,447.1015800771593,482.6342597596439,0.0
5.447,7.245679735365218,-1.9517503363661137,10.0,0.0,28.77428156352624,27.775943105410395,445.9143469275889,482.6342597596439,0.0
5.448,7.842631588941375,-1.7002762472547746,10.0,0.0,28.84196060154902,28.085544273792085,424.6290539925679,482.6342597596439,0.0
5.449,8.411602312110311,-1.4201868045721633,10.0,0.0,28.905536754803716,28.31433596812506,420.7436640434493,482.6342597596439,0.0
5.45,8.97774381407113,-1.1029071515054354,10.0,0.0,28.953534594755737,28.47002025036621,401.22896461233154,482.6342597596439,0.0
5.4510000000000005,9.533691068370077,-0.7784985392107684,10.0,0.0,28.979788928114907,28.559443105425167,400.6411178432186,482.6342597596439,0.0
5.452,9.974183087765466,-0.6366436365708217,10.0,0.0,29.00000016047662,28.59965445872363,421.8171467203217,482.6342597596439,0.0
5.453,10.124930641037048,-0.9039332859509912,10.0,0.0,29.053031815390213,28.625688489262505,430.32925504143907,482.6342597596439,0.0
5.454,10.114123265524201,-1.330651349738011,10.0,0.0,29.147629798389115,28.657118569077987,452.3869032358824,482.6342597596439,0.0
5.455,10.010924153158635,-1.8034875401193986,10.0,0.0,29.28365579137376,28.706109267816892,462.36502192974103,482.6342597596439,0.0
5.456,9.853119609975739,-2.2586284374883925,10.0,0.0,29.456315391740606,28.780130004606832,485.25475921544455,482.6342597596439,0.0
5.457,9.63635300253947,-2.70699875341526,4.736772632543357,0.0,29.663880431528014,28.3073258987204,495.191737889902,482.6342597596439,0.0
5.458,9.07492308003253,-3.0299024388743248,-0.35729148598795657,0.0,29.834444258989272,27.454433553438864,501.3249472908822,482.6342597596439,0.0
5.4590000000000005,8.233042427512896,-3.120743208889074,-3.6108030617904436,0.0,29.909425917023295,26.483933765830734,505.26543092125615,482.6342597596439,0.0
5.46,7.251963054009449,-3.06402656572572,-5.807356588593533,0.0,29.87271219204498,25.5083962751567,504.4148789382817,482.6342597596439,0.0
5.461,6.272011431108814,-2.8878474148444035,-5.599886788892672,0.0,29.72330355033178,24.769512259071394,499.93506090723724,482.6342597596439,0.0
5.462,5.466820793895647,-2.6697334529349637,-3.5329857848463897,0.0,29.492716626880142,24.393631646735823,492.84312517498057,482.6342597596439,0.0
5.463,4.955292449738664,-2.475423955530968,-0.08910657287142065,0.0,29.22840742944476,24.43865431805057,485.04734434890474,482.6342597596439,0.0
5.464,4.803406506700745,-2.3364297518218913,3.784652994273884,0.0,28.981685151450435,24.856010733049125,476.31783874150346,482.6342597596439,0.0
5.465,4.992977550931531,-2.263989961483798,8.212570008155929,0.0,28.794792307855303,25.632920880308205,471.36485833572385,482.6342597596439,0.0
5.466,5.519500343920223,-2.2285028229550017,10.0,0.0,28.701100576010813,26.409767060659455,473.54061399535874,482.6342597596439,0.0
5.4670000000000005,6.163821993642243,-2.200013408450131,9.788777768604644,0.0,28.691683671175632,26.992840550879645,458.5075221917417,482.6342597596439,0.0
5.468,6.772943809258598,-2.110956391129575,10.0,0.0,28.732004428085787,27.48145148614118,445.46418717596003,482.6342597596439,0.0
5.469,7.4119948241704305,-1.8684227348945015,10.0,0.0,28.791366070818434,27.85891678776948,441.6843727778059,482.6342597596439,0.0
5.47,7.981865126720969,-1.6390688816736674,10.0,0.0,28.859734492148696,28.148276500376774,422.53864877286486,482.6342597596439,0.0
5.471,8.570929177064844,-1.3168867015396066,10.0,0.0,28.917055541324114,28.35643874134403,413.405244341509,482.6342597596439,0.0
5.472,9.11276514465303,-1.0339738624505923,10.0,0.0,28.961562119180275,28.495805547200852,401.5582293068873,482.6342597596439,0.0
5.473,9.682497695650806,-0.686672013729301,10.0,0.0,28.98018064486805,28.56843410932374,410.912387681602,482.6342597596439,0.0
5.474,10.039979658402697,-0.6756650593347491,10.0,0.0,29.00646242770315,28.602035977410388,420.2630512775297,482.6342597596439,0.0
5.4750000000000005,10.131719084653069,-1.010741008318778,10.0,0.0,29.070444642995593,28.62838931971185,436.4252067940088,482.6342597596439,0.0
5.476,10.086391032007706,-1.4668806002694659,10.0,0.0,29.177488566613658,28.66440902936589,451.6641850488135,482.6342597596439,0.0
5.477,9.982692193636698,-1.9099168414509347,10.0,0.0,29.3216026594458,28.71848475211073,471.78875633315437,482.6342597596439,0.0
5.478,9.786161336485518,-2.4021005170987255,10.0,0.0,29.506422757178637,28.802145717767193,484.65550434534543,482.6342597596439,0.0
5.479,9.557382890747336,-2.8445604504328514,5.062697798477775,0.0,29.72487569761412,28.376019674923537,499.2833957411041,482.6342597596439,0.0
5.48,9.013398149603516,-3.1487984402097777,-2.4177392592161473,0.0,29.907912319263808,27.298427013145126,504.2911636731639,482.6342597596439,0.0
5.481,8.058627328989287,-3.169625990921166,-5.138192264381265,0.0,29.964134663251155,26.222036762574422,506.1981402420722,482.6342597596439,0.0
5.482,6.997057387880853,-3.0391590690717134,-6.327319353659701,0.0,29.892536110872165,25.262533307006347,504.1212290489826,482.6342597596439,0.0
5.4830000000000005,6.013788778360717,-2.8215418670481722,-5.503733450008294,0.0,29.709513845170168,24.591849909687745,498.3985660676597,482.6342597596439,0.0
5.484,5.257755853165498,-2.5928009219449275,-2.800045022426997,0.0,29.45474013436539,24.332433429204503,490.74368013142237,482.6342597596439,0.0
5.485,4.838746624545719,-2.4079513957211125,0.9463037419738933,0.0,29.181456108159182,24.497073391393613,482.8213650968041,482.6342597596439,0.0
5.486,4.79116987661432,-2.2898584280831478,4.905590205911439,0.0,28.940822749614554,25.01702232811856,474.24847113692414,482.6342597596439,0.0
5.487,5.080684926886215,-2.232852267169648,9.275895072078605,0.0,28.771157872572775,25.869731282946354,471.92200425273836,482.6342597596439,0.0
5.488,5.68379559997836,-2.2149525278653037,10.0,0.0,28.702331469003624,26.59270432445946,472.4430886684553,482.6342597596439,0.0
5.489,6.32794585099782,-2.184040034565681,10.0,0.0,28.709463633072776,27.1644309513039,453.87744501968643,482.6342597596439,0.0
5.49,6.959370887231658,-2.054122233174191,10.0,0.0,28.7590734101994,27.616682880395288,446.1934367165752,482.6342597596439,0.0
5.4910000000000005,7.590203897699629,-1.7983667615303953,10.0,0.0,28.822113478655588,27.96559321350105,434.7445972061708,482.6342597596439,0.0
5.492,8.149124136174436,-1.5655970814623572,10.0,0.0,28.890693463485682,28.230743624014316,421.92162136493613,482.6342597596439,0.0
5.493,8.74335122007542,-1.2214754606269524,10.0,0.0,28.9434048093929,28.416461215114904,406.4212832347662,482.6342597596439,0.0
5.494,9.280581681308261,-0.9371678250142988,10.0,0.0,28.9815841561104,28.53572510179955,400.0820636852306,482.6342597596439,0.0
5.495,9.837326011836476,-0.6068967005855072,10.0,0.0,28.994385209493583,28.591010962741702,411.7674817278949,482.6342597596439,0.0
5.496,10.09662016345032,-0.7392584861635361,10.0,0.0,29.029297251290522,28.61909342955572,424.26903248689075,482.6342597596439,0.0
5.497,10.12556487235263,-1.1482335895352778,10.0,0.0,29.107189979104284,28.64726787740491,440.54139756912275,482.6342597596439,0.0
5.498,10.076771722337241,-1.5774590782470912,10.0,0.0,29.223235931646173,28.686070846841286,458.7265125042397,482.6342597596439,0.0
5.4990000000000006,9.925083641566202,-2.070015176577697,10.0,0.0,29.381446501806757,28.748795871972856,472.77691836815796,482.6342597596439,0.0
5.5,9.73618579100328,-2.5182254046871586,10.0,0.0,29.57448608157318,28.840331334361558,496.5652488809391,482.6342597596439,0.0
5.501,9.486980186789362,-2.9639818821947306,-0.9860946913446229,0.0,29.80192635984657,27.759070430398015,499.85678773843915,482.6342597596439,0.0
5.502,8.611129620522348,-3.102699854410074,-2.8040893998825895,0.0,29.909297932064874,26.812412679879664,503.3297768047364,482.6342597596439,0.0
5.503,7.628818656851587,-3.075173580633296,-4.747539103482144,0.0,29.906851502171914,25.874854041665525,504.84207132951866,482.6342597596439,0.0
5.5040000000000004,6.644612077290524,-2.9509982665237597,-5.725764481572016,0.0,29.79750982963256,25.041075943844614,502.2206963461732,482.6342597596439,0.0
5.505,5.7683889310700565,-2.752425269979562,-4.610941355764586,0.0,29.595123238086273,24.498696766460228,496.1806529334949,482.6342597596439,0.0
5.506,5.127217996252504,-2.54817550996405,-1.7263835811639456,0.0,29.338255644319908,24.358236542975362,488.4420709208988,482.6342597596439,0.0
5.507,4.819226531287812,-2.3842845118039597,2.0848293135215616,0.0,29.07704327538426,24.623990774929702,480.3983450241449,482.6342597596439,0.0
5.508,4.866665495568892,-2.285991316688882,6.129051409253515,0.0,28.85935422505653,25.235502447658117,472.26404332792066,482.6342597596439,0.0
5.509,5.244213169997089,-2.2362722384188247,10.0,0.0,28.720099080375864,26.10840031756143,471.92407158720647,482.6342597596439,0.0
5.51,5.8864116034606635,-2.2226412783320835,10.0,0.0,28.681057022326765,26.774507049162178,468.347422241498,482.6342597596439,0.0
5.511,6.516055450253147,-2.1797604023774393,10.0,0.0,28.707949256488508,27.307260062985403,449.72080989303265,482.6342597596439,0.0
5.5120000000000005,7.150362786827382,-1.9984955142365042,10.0,0.0,28.765917239680448,27.725949630287236,446.10829706818384,482.6342597596439,0.0
5.513,7.758962119315761,-1.7398142356898934,10.0,0.0,28.83331508952464,28.047964185970084,427.9998918650058,482.6342597596439,0.0
5.514,8.319779838221027,-1.4787197603796565,10.0,0.0,28.900041030454044,28.288913115314383,421.4027526997536,482.6342597596439,0.0
5.515,8.898641060916335,-1.1436520504440044,10.0,0.0,28.949942766885137,28.45437318850977,402.34815714774874,482.6342597596439,0.0
5.516,9.443254929507674,-0.8384018963261264,10.0,0.0,28.981173497139032,28.554158514710625,405.42576948403234,482.6342597596439,0.0
5.517,9.943040191455317,-0.5983041610126323,10.0,0.0,28.995901437644317,28.597558141188458,415.1698924680147,482.6342597596439,0.0
5.518,10.11859128098153,-0.8404566800863389,10.0,0.0,29.0425343011981,28.623777831840613,428.39443597388464,482.6342597596439,0.0
5.519,10.117494970294974,-1.2696012810742565,10.0,0.0,29.13191022837966,28.65391494485373,444.8903913332448,482.6342597596439,0.0
5.5200000000000005,10.046757327597758,-1.7041941264383489,10.0,0.0,29.25887604112454,28.697746116873525,463.791314843543,482.6342597596439,0.0
5.521,9.87526845096636,-2.1997967586817913,10.0,0.0,29.427698750890052,28.7680471529683,477.36511690958594,482.6342597596439,0.0
5.522,9.669863120593925,-2.646914620586526,8.74992603834016,0.0,29.630896231775573,28.73157191822223,498.4618227510106,482.6342597596439,0.0
5.523,9.336534019775828,-3.0632490406804602,-1.9567025122858261,0.0,29.85145204868922,27.588447701873314,501.6277999914514,482.6342597596439,0.0
5.524,8.411580779348613,-3.1414242992895187,-3.7296265348243205,0.0,29.940075796522674,26.59214769731649,504.78773448744175,482.6342597596439,0.0
5.525,7.389312407211515,-3.0713223890619403,-5.53112853009747,0.0,29.911714206405968,25.627104077274865,504.77948159523453,482.6342597596439,0.0
5.526,6.391465373488565,-2.906072530098555,-5.748454302349764,0.0,29.77220794791309,24.84937833521884,500.88639623893044,482.6342597596439,0.0
5.527,5.554019804846256,-2.690840365697089,-3.984432988990588,0.0,29.546856701569357,24.4138306859246,494.12864929316163,482.6342597596439,0.0
5.5280000000000005,4.994467811389621,-2.4926871720102324,-0.7205034114413582,0.0,29.28084128526904,24.393870980916038,486.3223339350299,482.6342597596439,0.0
5.529,4.788735747573868,-2.3443545326220887,3.145773525870638,0.0,29.025096381702063,24.75899187919229,477.9472700416958,482.6342597596439,0.0
5.53,4.930043864629369,-2.2637861983711165,7.3801753697171835,0.0,28.824058867945684,25.471546417219955,470.87996106684227,482.6342597596439,0.0
5.531,5.403436509827254,-2.2215785212936208,10.0,0.0,28.710543398231703,26.287918331160654,472.71808964814176,482.6342597596439,0.0
5.532,6.051534925494131,-2.197945761922592,10.0,0.0,28.68783914012313,26.918546361161678,462.00869735509315,482.6342597596439,0.0
5.533,6.674232859304991,-2.1373602500696727,10.0,0.0,28.724040032115433,27.421825373789215,445.94000079086265,482.6342597596439,0.0
5.534,7.317421629493191,-1.9141633723349716,10.0,0.0,28.783002934738967,27.81387278897064,443.99122303602473,482.6342597596439,0.0
5.535,7.902258223810556,-1.674666942117148,10.0,0.0,28.851161650071667,28.11471161522324,423.53890662057205,482.6342597596439,0.0
5.5360000000000005,8.482323298747808,-1.3731912443573093,10.0,0.0,28.911821014044953,28.334323638083923,418.17702641600744,482.6342597596439,0.0
5.537,9.034023235368757,-1.0774393083929237,10.0,0.0,28.9588576879285,28.483154052776943,401.49894855143714,482.6342597596439,0.0
5.538,9.600761974350753,-0.7354871239827263,10.0,0.0,28.98141651496752,28.564980831467214,401.9405556146225,482.6342597596439,0.0
5.539,10.018077019366386,-0.629085923049435,10.0,0.0,29.001617526913098,28.600643547430433,419.0958038258247,482.6342597596439,0.0
5.54,10.114531623762694,-0.9742391855382424,10.0,0.0,29.062395580143548,28.628323236958472,434.9291458626424,482.6342597596439,0.0
5.541,10.114779485886977,-1.3703657598751828,10.0,0.0,29.159986187555923,28.660250044067038,449.6760326334399,482.6342597596439,0.0
5.542,9.99315343568893,-1.860267916759999,10.0,0.0,29.300938386451882,28.71212457534901,465.42128400225164,482.6342597596439,0.0
5.543,9.833011522920494,-2.3067877199017874,10.0,0.0,29.477200975363193,28.789306223294943,488.14973510355617,482.6342597596439,0.0
5.5440000000000005,9.59229891758263,-2.7847855033077797,3.2684464341231365,0.0,29.691670028321195,28.16080204055042,494.1288893204744,482.6342597596439,0.0
5.545,8.965647757750807,-3.0367397947328834,0.16392303005571573,0.0,29.844776751931665,27.408937644115632,502.5899883458608,482.6342597596439,0.0
5.546,8.145736585430319,-3.1324967436181628,-4.266183768499641,0.0,29.91540008500073,26.37522756324189,505.74777460271605,482.6342597596439,0.0
5.547,7.144106147402129,-3.0558170332953,-6.076212045357999,0.0,29.866197739051145,25.399129017753467,504.1476980907543,482.6342597596439,0.0
5.548,6.164494840597623,-2.862496992018625,-5.491308172688237,0.0,29.70380736571047,24.695900740349387,499.23870729248955,482.6342597596439,0.0
5.549,5.383085066427752,-2.642250227666826,-3.2028572488843103,0.0,29.46503925829753,24.368795778334025,491.83380340747834,482.6342597596439,0.0
5.55,4.91124662068837,-2.4517626930100493,0.40759925714294987,0.0,29.19868630425561,24.468878339493493,484.0409336738389,482.6342597596439,0.0
5.551,4.805261966267907,-2.322198342860304,4.289967384820732,0.0,28.95662969856393,24.930213205645973,475.3724191537439,482.6342597596439,0.0
5.5520000000000005,5.037293112679777,-2.256315148003293,8.69684305092721,0.0,28.778960732123895,25.740558293959467,471.727973396666,482.6342597596439,0.0
5.553,5.596651243384506,-2.2276222931501484,10.0,0.0,28.697595789073944,26.49217140162114,473.777993500235,482.6342597596439,0.0
5.554,6.2398183312072515,-2.196035630994201,9.679118828043606,0.0,28.696341046806516,27.047003407452266,456.197261296729,482.6342597596439,0.0
5.555,6.8452274816745895,-2.085351485145773,10.0,0.0,28.738835589927184,27.524569143435123,445.4461093956111,482.6342597596439,0.0
5.556,7.481014040406842,-1.833059454504083,10.0,0.0,28.798191970421968,27.891536518456327,438.86348798452923,482.6342597596439,0.0
5.557,8.04373917768576,-1.6073797000594339,10.0,0.0,28.866007597686906,28.17220089451152,422.0189134492438,482.6342597596439,0.0
5.558,8.638033832322817,-1.2734731054524093,10.0,0.0,28.920635171968534,28.3718352350504,409.7613609900247,482.6342597596439,0.0
5.559,9.176807165434669,-0.9939494313250037,10.0,0.0,28.962354884667945,28.503646778867633,401.56112622195883,482.6342597596439,0.0
5.5600000000000005,9.743969562803732,-0.6508181752450053,10.0,0.0,28.97813457905162,28.5694490091936,405.3993022690489,482.6342597596439,0.0
5.561,10.05626660727745,-0.7097167450650188,10.0,0.0,29.00882668227052,28.601567935006923,427.9239550339485,482.6342597596439,0.0
5.562,10.123338364222622,-1.0743854666594637,10.0,0.0,29.079186041426045,28.629289255741565,436.6086489966868,482.6342597596439,0.0
5.563,10.0856918497031,-1.5035498931304603,10.0,0.0,29.18884299643536,28.666086214484906,457.1986164306639,482.6342597596439,0.0
5.564,9.948571834807638,-1.9907039079212094,10.0,0.0,29.34050924918035,28.72487590934815,469.6233169646428,482.6342597596439,0.0
5.565,9.769947670347152,-2.4398536200511094,10.0,0.0,29.52742277432353,28.811230717941264,492.17836905715774,482.6342597596439,0.0
5.566,9.528361634703431,-2.890685610629715,1.2327841810051385,0.0,29.749380449654048,27.96803588037614,498.2931601638459,482.6342597596439,0.0
5.567,8.775691372925078,-3.0941535880191893,-1.9812003763809756,0.0,29.882696031302075,27.045868019417256,503.023975077436,482.6342597596439,0.0
5.5680000000000005,7.839596867126744,-3.1074802902813587,-4.550504986353923,0.0,29.909894526164347,26.074208534215924,505.2495452766412,482.6342597596439,0.0
5.569,6.844083809633862,-2.9984080685111247,-5.8894429411265,0.0,29.82507601160292,25.180990209361934,503.1307870689553,482.6342597596439,0.0
5.57,5.923370943961206,-2.7993665249636464,-5.035029110376685,0.0,29.638613668439703,24.567310051116465,497.39121839829573,482.6342597596439,0.0
5.571,5.221811723518623,-2.585306448973628,-2.3128143614334062,0.0,29.387873350844842,24.355215544047446,489.7605952959306,482.6342597596439,0.0
5.572,4.848668258647698,-2.4097895578966795,1.431233834386287,0.0,29.123831357043997,24.55790979890795,481.8522931218602,482.6342597596439,0.0
5.573,4.8367563852054944,-2.2991695605568774,5.393204587799325,0.0,28.896049957312684,25.109885601249484,473.32185745191543,482.6342597596439,0.0
5.574,5.15684314811662,-2.24382239337166,9.751546445848998,0.0,28.741262289371672,25.988354917580423,471.9187482185899,482.6342597596439,0.0
5.575,5.782389794468397,-2.229033501073972,10.0,0.0,28.688727013376973,26.681635744390707,471.52443364957617,482.6342597596439,0.0
5.5760000000000005,6.417685935303668,-2.192532401576967,10.0,0.0,28.706906115641075,27.23422331635062,452.3283680441299,482.6342597596439,0.0
5.577,7.046246446399573,-2.040595315588547,10.0,0.0,28.762177996411,27.67058134652874,446.3194325470521,482.6342597596439,0.0
5.578,7.665389367483364,-1.7811353818861102,10.0,0.0,28.828537270274364,28.007010645557795,431.9304707214863,482.6342597596439,0.0
5.579,8.222159295052338,-1.5362825140320164,10.0,0.0,28.897564330527366,28.26137967924852,421.7689565704838,482.6342597596439,0.0
5.58,8.810360664198974,-1.1916499182299538,10.0,0.0,28.94966453126445,28.438080064265044,404.62688871374843,482.6342597596439,0.0
5.581,9.348180101939203,-0.900044480658813,10.0,0.0,28.985594478254683,28.549042306393662,399.1247227082693,482.6342597596439,0.0
5.582,9.897512641857071,-0.5779528631398327,10.0,0.0,28.99651363120737,28.59745293399487,412.1870023411532,482.6342597596439,0.0
5.583,10.104699791973708,-0.7847072832492752,10.0,0.0,29.03714583401215,28.624817153017585,426.01546480962895,482.6342597596439,0.0
5.5840000000000005,10.124514122937608,-1.197361379991702,10.0,0.0,29.11977564487928,28.653400465513634,442.4625130896616,482.6342597596439,0.0
5.585,10.067922308301286,-1.6265096746761247,10.0,0.0,29.240080577357183,28.693811670766443,460.69676351238496,482.6342597596439,0.0
5.586,9.907242049230886,-2.1216385623452325,10.0,0.0,29.40256883180932,28.759321159093126,474.63562869893707,482.6342597596439,0.0
5.587,9.711440558978756,-2.569685772995185,10.0,0.0,29.59969311394371,28.85445988536938,497.0238141959216,482.6342597596439,0.0
5.588,9.457653977226528,-3.0118117298348683,-1.210312807599462,0.0,29.830772223638178,27.75262126748575,501.538293175083,482.6342597596439,0.0
5.589,8.567706789091591,-3.137941592351135,-3.656592631334566,0.0,29.938012585883197,26.72244309470237,504.23147739418107,482.6342597596439,0.0
5.59,7.539756589895626,-3.079361668301661,-5.2191569172289585,0.0,29.92380600435479,25.762762552241004,504.9064351647962,482.6342597596439,0.0
5.591,6.534821994419279,-2.9300087094850484,-5.779357556588058,0.0,29.79920900050375,24.951896281912827,501.7764768645298,482.6342597596439,0.0
5.5920000000000005,5.669596500230627,-2.7220780038625745,-4.4058005775037055,0.0,29.584606221974692,24.45147567073121,495.34992222168427,482.6342597596439,0.0
5.593,5.059142629393694,-2.5208076792876932,-1.3196798807013437,0.0,29.32136123153336,24.363872220522445,487.50819040405645,482.6342597596439,0.0
5.594,4.795655677731063,-2.3626954902066926,2.5524467216684394,0.0,29.060300757562132,24.676656361557594,479.4439649253595,482.6342597596439,0.0
5.595,4.885579365368943,-2.273974979883174,6.6164624093597455,0.0,28.848446610846757,25.32785002555767,471.8080342969748,482.6342597596439,0.0
5.596,5.30328695448583,-2.227900947702711,10.0,0.0,28.718716306766325,26.179239288653225,472.19014734104525,482.6342597596439,0.0
5.597,5.94972372270192,-2.210141367218001,10.0,0.0,28.68560514587196,26.83175025051218,465.8101477393661,482.6342597596439,0.0
5.598,6.576031748124569,-2.163196569837906,10.0,0.0,28.716069865345975,27.353269484981475,447.70769690911874,482.6342597596439,0.0
5.599,7.215677041480135,-1.963949142801131,10.0,0.0,28.774192267319265,27.76158536593635,446.12130782404057,482.6342597596439,0.0
5.6000000000000005,7.816859538205238,-1.7106289500943865,10.0,0.0,28.841461270263345,28.07514827728687,425.3619741123042,482.6342597596439,0.0
5.601,8.383795453190212,-1.4367073236710013,10.0,0.0,28.905761487068553,28.30773067211563,420.9834619003871,482.6342597596439,0.0
5.602,8.95309986351025,-1.1160575281846374,10.0,0.0,28.95435766043687,28.46653072315671,401.65635463449075,482.6342597596439,0.0
5.603,9.508217413298283,-0.7938293770909612,10.0,0.0,28.98173562290701,28.558940500057016,402.0619715173354,482.6342597596439,0.0
5.604,9.959252951923794,-0.6354274770446304,10.0,0.0,29.001414839326003,28.60078436176337,420.3950817806369,482.6342597596439,0.0
5.605,10.125351780236372,-0.8824383246434797,10.0,0.0,29.05206573251008,28.626651243212876,429.7041644983008,482.6342597596439,0.0
5.606,10.115669442527825,-1.3124258281891379,10.0,0.0,29.145066741434725,28.657722571266895,452.2438560844571,482.6342597596439,0.0
5.607,10.022274732765215,-1.7736493129307513,10.0,0.0,29.278309490558424,28.705163462104778,461.7486730607722,482.6342597596439,0.0
5.6080000000000005,9.859517985240995,-2.242280364779958,10.0,0.0,29.44990923470956,28.778153833901296,480.6832018207412,482.6342597596439,0.0
5.609,9.647682387051503,-2.687565758340664,7.06577582940969,0.0,29.6559431243984,28.55991483249392,497.8509246689523,482.6342597596439,0.0
5.61,9.212125250933994,-3.071331357123717,-1.6702522437889433,0.0,29.85731108690815,27.498275202841267,501.83169668365974,482.6342597596439,0.0
5.611,8.302436800500914,-3.139694882322376,-3.852612620382822,0.0,29.93606062198569,26.50594712989798,505.17938775049504,482.6342597596439,0.0
5.612,7.288403470543129,-3.065421396436095,-5.751909433708982,0.0,29.898848677561663,25.536074553847854,504.5855305018356,482.6342597596439,0.0
5.613,6.296850164985126,-2.8895716491626455,-5.674493516801176,0.0,29.749769932633807,24.78590729026526,500.31244098304575,482.6342597596439,0.0
5.614,5.4816405944698054,-2.669891371787776,-3.7147305696402713,0.0,29.518176002801987,24.39040616326788,493.2972211449527,482.6342597596439,0.0
5.615,4.955094247130828,-2.474161115045911,-0.31375026444682863,0.0,29.25085782778574,24.415573962588834,485.4211523847063,482.6342597596439,0.0
5.6160000000000005,4.787800199300749,-2.3320462170900726,3.5964151894257315,0.0,28.999112913995504,24.820738443138048,476.7877325390506,482.6342597596439,0.0
5.617,4.9657469156546235,-2.2580457068408695,7.9715903844595335,0.0,28.80634003249134,25.581132521891085,471.1792754299071,482.6342597596439,0.0
5.618,5.479575640961057,-2.2213949055430837,10.0,0.0,28.705592263972655,26.370841517757345,473.1294893429348,482.6342597596439,0.0
5.619,6.126695525441139,-2.19593478734072,9.992502154335316,0.0,28.69145606690317,26.98435107796685,459.41004321039895,482.6342597596439,0.0
5.62,6.749392413793614,-2.1185387926634363,10.0,0.0,28.731825487329107,27.473970345054237,445.5021013418627,482.6342597596439,0.0
5.621,7.3911370278354855,-1.8822381063214906,10.0,0.0,28.791900776870357,27.854224710357766,442.5094803624455,482.6342597596439,0.0
5.622,7.964726481412469,-1.6503797884949973,10.0,0.0,28.860852565890323,28.145783774332006,422.7930815574264,482.6342597596439,0.0
5.623,8.550894943786572,-1.3332362350262859,10.0,0.0,28.91949787470244,28.35633947448544,414.9022254545275,482.6342597596439,0.0
5.6240000000000006,9.094210210502217,-1.0474925291178128,10.0,0.0,28.96507385053343,28.497801140789754,401.56732553925673,482.6342597596439,0.0
5.625,9.663665988648948,-0.6997420642961005,10.0,0.0,28.984843281340453,28.572467255117758,408.55088399465177,482.6342597596439,0.0
5.626,10.042672760357291,-0.6530770075536149,10.0,0.0,29.008446728906115,28.60564751398721,419.03455502651553,482.6342597596439,0.0
5.627,10.12764432413411,-1.0034625650549933,10.0,0.0,29.07201691949474,28.632313287427923,437.5483782505894,482.6342597596439,0.0
5.628,10.08920595456494,-1.4530278524724751,10.0,0.0,29.177844994409483,28.667747438873803,450.9410895965084,482.6342597596439,0.0
5.6290000000000004,9.990750358360073,-1.890996189166014,10.0,0.0,29.320314541139453,28.720666714553417,471.37692690592604,482.6342597596439,0.0
5.63,9.796117726298082,-2.383673756340034,10.0,0.0,29.503643909786597,28.80296605090284,484.0896544571261,482.6342597596439,0.0
5.631,9.5687233709263,-2.827602468749345,5.349739545441783,0.0,29.720775657897235,28.406906793250897,498.87132281555307,482.6342597596439,0.0
5.632,9.040996379952542,-3.1412052047770627,-2.2034652643308084,0.0,29.90664531927059,27.343592737099215,504.20378970012325,482.6342597596439,0.0
5.633,8.098373454890819,-3.1706586673240373,-5.085394006020692,0.0,29.967700462411337,26.262128191058913,506.2764777347921,482.6342597596439,0.0
5.634,7.0362862485473565,-3.045182239518124,-6.358160203106588,0.0,29.900406694949837,25.291133983121327,504.26256861181525,482.6342597596439,0.0
5.635,6.045098701079816,-2.82880047880285,-5.567488730139889,0.0,29.72019565404012,24.60862110138656,498.69574427292014,482.6342597596439,0.0
5.636,5.27862814426002,-2.599421949218792,-2.9446914058250933,0.0,29.4666866084008,24.33133928045475,491.0461656565815,482.6342597596439,0.0
5.6370000000000005,4.844965027375874,-2.4128677069275906,0.7959788433748596,0.0,29.192573103876043,24.481718728510092,483.0983390337836,482.6342597596439,0.0
5.638,4.784432938570349,-2.291861784820143,4.765251362032408,0.0,28.949463785600393,24.991184054467524,474.501413180941,482.6342597596439,0.0
5.639,5.0624034267427,-2.234625890005835,9.145042754240745,0.0,28.776526042539547,25.83629416937098,471.83891380602654,482.6342597596439,0.0
5.64,5.657895213344267,-2.2150026706292514,10.0,0.0,28.703806890091847,26.567122489944985,472.8475441560241,482.6342597596439,0.0
5.641,6.3036955144984255,-2.1844402957889915,10.0,0.0,28.708276855907663,27.143963375498288,454.48294971705354,482.6342597596439,0.0
5.642,6.933499576436458,-2.062546328155966,10.0,0.0,28.756881201005974,27.600746725276192,445.9808491999444,482.6342597596439,0.0
5.643,7.567210956802866,-1.8069156895220688,10.0,0.0,28.81940301599887,27.95330196336523,435.88859804599804,482.6342597596439,0.0
5.644,8.1263548682127,-1.5768070168395059,10.0,0.0,28.888172525692635,28.22168514269323,421.84069334474594,482.6342597596439,0.0
5.6450000000000005,8.721195630827609,-1.2335048907050723,10.0,0.0,28.941441255201855,28.41026591028426,407.2478882821568,482.6342597596439,0.0
5.646,9.257599319056126,-0.9516018128551571,10.0,0.0,28.980664871217108,28.532259475988113,400.6618341259844,482.6342597596439,0.0
5.647,9.817527664068706,-0.6166342124548914,10.0,0.0,28.994138076935695,28.589747965654016,409.66013991112067,482.6342597596439,0.0
5.648,10.091005103753089,-0.7287427555111616,10.0,0.0,29.0276944267892,28.618351692010027,424.15745051749235,482.6342597596439,0.0
5.649,10.124135193412611,-1.1350447252362743,10.0,0.0,29.104327645532166,28.64654114525009,440.78672882958836,482.6342597596439,0.0
5.65,10.082244326445634,-1.556837932810442,10.0,0.0,29.218450720860748,28.684514271303406,457.4083218911232,482.6342597596439,0.0
5.651,9.932254857544502,-2.0505278205502746,10.0,0.0,29.375046756837428,28.7461823251937,472.07975018182435,482.6342597596439,0.0
5.652,9.745653837505191,-2.499027900309127,10.0,0.0,29.56654810450156,28.836369394807946,496.05863455767843,482.6342597596439,0.0
5.6530000000000005,9.4966875436386,-2.9485352855146747,-0.7313040336364436,0.0,29.792878835935714,27.7817647306521,499.29718000201706,482.6342597596439,0.0
5.654,8.63621380169471,-3.094462769860823,-2.5172059582294883,0.0,29.9026729772369,26.858279883361554,503.16004812287406,482.6342597596439,0.0
5.655,7.669301679394366,-3.0782070318529304,-4.653897902290291,0.0,29.90589181365458,25.918701436363015,504.91132118035,482.6342597596439,0.0
5.656,6.687105924226512,-2.960220828582409,-5.752305045235323,0.0,29.802014996750955,25.072317263268225,502.43544418046946,482.6342597596439,0.0
5.657,5.802928205948788,-2.7627698344913445,-4.712378389503308,0.0,29.603347696910905,24.51299742081138,496.4425255402745,482.6342597596439,0.0
5.658,5.1481951433978805,-2.5569557892099906,-1.8540017272121423,0.0,29.347950107769147,24.35694385860875,488.7143907056205,482.6342597596439,0.0
5.659,4.8259563098976015,-2.3904703930996583,1.949264380655113,0.0,29.086231668201965,24.60963034001422,480.7295645438084,482.6342597596439,0.0
5.66,4.860518368845685,-2.289855691566264,5.9607244137195,0.0,28.866550957524492,25.20708005706154,472.5079408848253,482.6342597596439,0.0
5.6610000000000005,5.224864841075517,-2.2388297236160617,10.0,0.0,28.72397658016029,26.08728995414079,471.9945453911255,482.6342597596439,0.0
5.662,5.8658773098455885,-2.2264456608971024,10.0,0.0,28.68282864302086,26.75796076107047,469.2003779055373,482.6342597596439,0.0
5.663,6.496432156029286,-2.1853731139734225,10.0,0.0,28.708468440753926,27.29449878520075,450.41378864514104,482.6342597596439,0.0
5.664,7.129173349464523,-2.009836301555334,10.0,0.0,28.766299737229957,27.716651003875263,446.1794179067446,482.6342597596439,0.0
5.665,7.739624606539705,-1.7504134503901634,10.0,0.0,28.833781980421854,28.041548903986012,428.907248582608,482.6342597596439,0.0
5.666,8.298851873284502,-1.4929348070349917,10.0,0.0,28.901277367048213,28.285294751633693,421.4710893005243,482.6342597596439,0.0
5.667,8.880199955708118,-1.1542432860663312,10.0,0.0,28.95171651890371,28.45305953678009,402.81904838149336,482.6342597596439,0.0
5.668,9.422164806171617,-0.8533147222546189,10.0,0.0,28.98417300727869,28.555289105870663,405.45384688792404,482.6342597596439,0.0
5.6690000000000005,9.939867133852081,-0.5829873169908977,10.0,0.0,28.99688007478434,28.59901375934945,413.67954272497866,482.6342597596439,0.0
5.67,10.115027835212606,-0.8293855308761842,10.0,0.0,29.04249597846733,28.62554600035808,428.4364214139986,482.6342597596439,0.0
5.671,10.11916381311352,-1.254436978497587,10.0,0.0,29.13049519298237,28.655283257078636,444.53015320425146,482.6342597596439,0.0
5.672,10.051881507191847,-1.687398610516996,10.0,0.0,29.256043476763892,28.698289123009044,462.88386162322576,482.6342597596439,0.0
5.673,9.883228946173652,-2.182092789127385,10.0,0.0,29.423424262087238,28.767428189377338,476.7529003211499,482.6342597596439,0.0
5.674,9.68016822593302,-2.6289861383259865,9.060118870643908,0.0,29.625192202140834,28.76365465702827,499.19665656866437,482.6342597596439,0.0
5.675,9.367277855465577,-3.0499538196642018,-2.3273832212035197,0.0,29.848243506409386,27.569596186658824,501.46190838624875,482.6342597596439,0.0
5.676,8.419942018650127,-3.1279737976349025,-3.648285616261761,0.0,29.933956353977518,26.58690248956026,504.2724273038498,482.6342597596439,0.0
5.6770000000000005,7.399427489626486,-3.0600266447923556,-5.269926750504335,0.0,29.9045741604866,25.64866118593671,504.5974216170434,482.6342597596439,0.0
5.678,6.414266983095314,-2.90574374308171,-5.652055525675129,0.0,29.76801440832267,24.87365054982826,500.9952867477005,482.6342597596439,0.0
5.679,5.580582369410906,-2.697829495094598,-4.0345983608842575,0.0,29.54628182950282,24.426080280432938,494.36292581029795,482.6342597596439,0.0
5.68,5.0138086268076005,-2.5020296080248214,-0.8357045526895215,0.0,29.282506636527614,24.390805792898192,486.5682852765426,482.6342597596439,0.0
5.681,4.796019943005773,-2.3524382466399647,3.0222754590191627,0.0,29.027084463214823,24.74335911581758,478.28478447852484,482.6342597596439,0.0
5.682,4.9251459132737105,-2.2700577966664195,7.207520610839238,0.0,28.824893903642007,25.440530312129376,471.12823335564786,482.6342597596439,0.0
5.683,5.384503736116126,-2.2264920684809235,10.0,0.0,28.70867109405698,26.263847513332205,472.62231687981915,482.6342597596439,0.0
5.684,6.031190553066116,-2.203043205441037,10.0,0.0,28.68425856789821,26.898743947928573,462.90507772065274,482.6342597596439,0.0
5.6850000000000005,6.652869879294873,-2.1461667873727115,10.0,0.0,28.71975502045783,27.405791628733766,446.23515649574443,482.6342597596439,0.0
5.686,7.294730798112117,-1.9274889464794946,10.0,0.0,28.778920797524442,27.80129627890679,444.4813138003634,482.6342597596439,0.0
5.687,7.882348102976766,-1.6850015467926893,10.0,0.0,28.847233626345073,28.104947747422226,423.9002933479772,482.6342597596439,0.0
5.688,8.45954524656584,-1.3886216636302329,10.0,0.0,28.90890340598418,28.327449839222037,419.12783757209775,482.6342597596439,0.0
5.689,9.014445956690604,-1.087777378783598,10.0,0.0,28.956527344337868,28.478601593127948,401.4978757041703,482.6342597596439,0.0
5.69,9.578959508869255,-0.749123070509865,10.0,0.0,28.980260533185113,28.56285308184023,400.21464715216473,482.6342597596439,0.0
5.691,10.005515817844438,-0.6281367284167624,10.0,0.0,29.000123597471372,28.59977668210053,421.15943935066457,482.6342597596439,0.0
5.692,10.114148119950302,-0.9573921303412442,10.0,0.0,29.05912067298766,28.62731023862152,433.0111659857742,482.6342597596439,0.0
5.6930000000000005,10.116261985933443,-1.3544421710233931,10.0,0.0,29.155354347060204,28.658843944804943,449.9549468367175,482.6342597596439,0.0
5.694,9.99877895602607,-1.8417932580034686,10.0,0.0,29.294756143504827,28.709791919726953,464.657912624234,482.6342597596439,0.0
5.695,9.839832793821754,-2.2905930652433697,10.0,0.0,29.469807025723775,28.7858945243446,487.6641571166386,482.6342597596439,0.0
5.696,9.603962806568855,-2.764372941731158,3.5132312913086707,0.0,29.682590868523846,28.18270363574212,493.77672495072585,482.6342597596439,0.0
5.697,8.98988511277967,-3.027182364122013,0.34552272235422166,0.0,29.83794847588178,27.44271981122608,502.2711134434927,482.6342597596439,0.0
5.698,8.180733491989656,-3.1304111035895463,-4.098040060867696,0.0,29.912499007169842,26.418021210781617,505.6951288645662,482.6342597596439,0.0
5.699,7.185438360681832,-3.061484832381586,-6.040656462453658,0.0,29.868510448057098,25.435386295404108,504.24402868869964,482.6342597596439,0.0
5.7,6.202325240444353,-2.871966471948877,-5.531204063810945,0.0,29.71049949638236,24.72027143543267,499.477116808854,482.6342597596439,0.0
5.7010000000000005,5.412149918649634,-2.6509609753747894,-3.3161766943802338,0.0,29.474362732859127,24.376513607136904,492.239362205294,482.6342597596439,0.0
5.702,4.925846968204777,-2.4598172806845477,0.20664958294326752,0.0,29.20864811140846,24.454470073460662,484.38119242913996,482.6342597596439,0.0
5.703,4.8025302819406335,-2.326143465898361,4.118265144325336,0.0,28.964507916055652,24.901810685970375,475.6095466586421,482.6342597596439,0.0
5.704,5.0199533480922485,-2.258263635581639,8.574335160584281,0.0,28.78338575830212,25.70590505972918,471.61145712488593,482.6342597596439,0.0
5.705,5.570904689846721,-2.228093935549537,10.0,0.0,28.698145384999457,26.46530979557842,473.9100814913702,482.6342597596439,0.0
5.706,6.215099116090318,-2.19740700484592,9.607865394174354,0.0,28.694295657234903,27.017506692008226,456.8602961964083,482.6342597596439,0.0
5.707,6.815622269465189,-2.0920049707753874,10.0,0.0,28.73476323744907,27.501539476108878,445.385568723172,482.6342597596439,0.0
5.708,7.452461156249184,-1.8423310821171746,10.0,0.0,28.79317723064019,27.873247347750148,439.83829038867646,482.6342597596439,0.0
5.7090000000000005,8.017590885954807,-1.6168844262586402,10.0,0.0,28.860618218418466,28.157829950146613,422.15227610494605,482.6342597596439,0.0
5.71,8.611384054563736,-1.2867399770569987,10.0,0.0,28.91571194480497,28.36103243983134,410.84181180045005,482.6342597596439,0.0
5.711,9.151841784216947,-1.006516205968655,10.0,0.0,28.958093377193585,28.495911634610472,401.47880061769206,482.6342597596439,0.0
5.712,9.720396110894484,-0.6622553975277095,10.0,0.0,28.974658134603636,28.56440465451256,406.21942894515297,482.6342597596439,0.0
5.713,10.045227308875518,-0.7034266483137515,10.0,0.0,29.00438716393377,28.597658959654304,423.1026682465997,482.6342597596439,0.0
5.714,10.133469853191109,-1.0367352832440893,10.0,0.0,29.070720958179518,28.624102369319978,436.25815135369373,482.6342597596439,0.0
5.715,10.078463237804504,-1.500458736654228,10.0,0.0,29.180742207493093,28.661467970579345,452.9655854635503,482.6342597596439,0.0
5.716,9.970534553926065,-1.9424567111309892,10.0,0.0,29.3274804346596,28.71742122571691,473.0078500055079,482.6342597596439,0.0
5.7170000000000005,9.768140047326664,-2.4367517187161045,10.0,0.0,29.515092635712794,28.803637086944498,485.8599487769343,482.6342597596439,0.0
5.718,9.535145773330678,-2.8789547760814354,4.450494626097408,0.0,29.736264589017754,28.313152416098937,499.80216222844916,482.6342597596439,0.0
5.719,8.957873769167678,-3.1615284034169067,-2.692291124348083,0.0,29.91293194834092,27.224792006576408,504.6898694462031,482.6342597596439,0.0
5.72,7.986890277828332,-3.16907247565627,-5.356700830090638,0.0,29.961100642452475,26.14231262781694,506.1534923412423,482.6342597596439,0.0
5.721,6.920399733321321,-3.0271752213671954,-6.32370460342624,0.0,29.880520390582753,25.200775863317453,503.8025197958212,482.6342597596439,0.0
5.722,5.948883369349352,-2.8049628522023142,-5.3599009310774415,0.0,29.690820099384812,24.557225086364504,497.9033365747347,482.6342597596439,0.0
5.723,5.214534879556168,-2.5772440624369195,-2.563000088685099,0.0,29.432907816428816,24.328143584164263,490.1642520231696,482.6342597596439,0.0
5.724,4.822093260513121,-2.39570764313957,1.2312422644621943,0.0,29.16018679332334,24.52140174750752,482.20577392626757,482.6342597596439,0.0
5.7250000000000005,4.8002870997785445,-2.2829278255036733,5.214766171246964,0.0,28.923473273115768,25.066781459911148,473.6560549972701,482.6342597596439,0.0
5.726,5.114446070658048,-2.2287619342833214,9.57940768336945,0.0,28.760138626311424,25.939451627915172,471.8974351126104,482.6342597596439,0.0
5.727,5.736618173465376,-2.2148577383672863,10.0,0.0,28.69941665834937,26.645842712546493,471.89985306514143,482.6342597596439,0.0
5.728,6.378754494340656,-2.182393602763324,10.0,0.0,28.71197398268938,27.20690329448395,452.75666984682744,482.6342597596439,0.0
5.729,7.011469890806805,-2.0394194131305223,10.0,0.0,28.763979113285558,27.649936220259164,446.2920558686789,482.6342597596439,0.0
5.73,7.636992596725371,-1.782278673995659,10.0,0.0,28.82823128399113,27.99138602283007,432.7385122646868,482.6342597596439,0.0
5.731,8.195990295492942,-1.5427025168349853,10.0,0.0,28.896421247986915,28.249881542409213,421.81528029294634,482.6342597596439,0.0
5.732,8.787692698330925,-1.1984517521877294,10.0,0.0,28.948169945001446,28.429849219105513,405.121197641909,482.6342597596439,0.0
5.7330000000000005,9.326080914104342,-0.9098538191519467,10.0,0.0,28.984437274996687,28.543689318126926,399.1969069486514,482.6342597596439,0.0
5.734,9.878196741800018,-0.5857991106759464,10.0,0.0,28.995701843292544,28.594423281356946,413.95104216554125,482.6342597596439,0.0
5.735,10.10208270321817,-0.7695620248642374,10.0,0.0,29.034367818727294,28.62210400761451,425.13809600247504,482.6342597596439,0.0
5.736,10.127094042980776,-1.1772244034123398,10.0,0.0,29.114940501742726,28.650370871030077,441.1900120671387,482.6342597596439,0.0
5.737,10.060219787888872,-1.6289381130727945,10.0,0.0,29.235894487075345,28.691474597863365,456.3640430237093,482.6342597596439,0.0
5.738,9.918074158589487,-2.0966340994637873,10.0,0.0,29.39579286796444,28.75553062721862,475.91261543188705,482.6342597596439,0.0
5.739,9.725249651397032,-2.541931385504176,9.4744863694703,0.0,29.590412755300676,28.791153631867154,495.1989080865915,482.6342597596439,0.0
5.74,9.427079160610475,-3.0030943191566295,-0.29430644115138893,0.0,29.8154079042095,27.80423476083596,499.80364847397476,482.6342597596439,0.0
5.7410000000000005,8.598954812708717,-3.1319352538160157,-2.7683705219863413,0.0,29.928772524600337,26.852160144374484,504.8278600229996,482.6342597596439,0.0
5.742,7.621580554062836,-3.1058307416180986,-5.502412299132304,0.0,29.931433315617596,25.829855421892553,505.484681517144,482.6342597596439,0.0
5.743,6.598520275541201,-2.954621911019951,-6.059327263779517,0.0,29.815225629041098,24.978889910471732,502.13566377089023,482.6342597596439,0.0
5.744,5.705131673142384,-2.7354155385042107,-4.579832430765098,0.0,29.60294154730943,24.457755906292054,495.6856617696155,482.6342597596439,0.0
5.745,5.07271047362848,-2.526459165728299,-1.4853454502274364,0.0,29.33897933605276,24.35373795980872,487.78571469025024,482.6342597596439,0.0
5.746,4.792483833347063,-2.363113782910908,2.4131135401491166,0.0,29.075133122891277,24.656111924419903,479.75083236850816,482.6342597596439,0.0
5.747,4.870947527976511,-2.271656100273635,6.459388974931518,0.0,28.859482036245126,25.296536306364064,471.97647803439827,482.6342597596439,0.0
5.748,5.278398479980086,-2.2249860094926732,10.0,0.0,28.725219363298475,26.156322632084816,472.10678828709536,482.6342597596439,0.0
5.7490000000000006,5.925511741477382,-2.209781638001945,10.0,0.0,28.689155810262385,26.81418999844347,466.48639549568634,482.6342597596439,0.0
5.75,6.554794202798467,-2.164790666013558,10.0,0.0,28.717688385961978,27.3399143347323,448.22012583242093,482.6342597596439,0.0
5.751,7.194567312316072,-1.971228710508118,10.0,0.0,28.775098232334763,27.751837277528484,445.88813724788145,482.6342597596439,0.0
5.752,7.797893072772324,-1.718773894260736,10.0,0.0,28.84212497811774,28.068340808127314,426.3746741782624,482.6342597596439,0.0
5.753,8.366386798082122,-1.4449707559152887,10.0,0.0,28.906505605326767,28.30339560806505,421.250212080268,482.6342597596439,0.0
5.7540000000000004,8.93784488428265,-1.12224972248739,10.0,0.0,28.955192367515053,28.464207538500947,401.76956998629447,482.6342597596439,0.0
5.755,9.490552914038172,-0.8048693113880601,10.0,0.0,28.983407011641457,28.558723649700983,403.54569829864266,482.6342597596439,0.0
5.756,9.953611553424015,-0.6271339682767306,10.0,0.0,29.00187471884398,28.601200244158782,418.91091932189266,482.6342597596439,0.0
5.757000000000001,10.124713431244823,-0.8692167810455895,10.0,0.0,29.051149777607698,28.627085329724604,429.3532714877975,482.6342597596439,0.0
5.758,10.116162215214622,-1.3011467992174444,10.0,0.0,29.143177312922845,28.65796106515175,446.1283717371936,482.6342597596439,0.0
5.759,10.028349215039732,-1.7563373215688958,10.0,0.0,29.274841325526143,28.70452589842664,463.33808598495926,482.6342597596439,0.0
5.76,9.859186339631776,-2.2398664060497273,10.0,0.0,29.44663171426597,28.777330435927496,478.85800259333826,482.6342597596439,0.0
5.761,9.65291939843075,-2.679168663143476,7.993287520282335,0.0,29.65201147531741,28.660292920561336,499.6036338344961,482.6342597596439,0.0
5.7620000000000005,9.270848108332423,-3.0822162374407456,-2.549221841045121,0.0,29.865091719328852,27.475853400386885,501.73618186304356,482.6342597596439,0.0
5.763,8.314843127590478,-3.1338774736295347,-3.8065150763528335,0.0,29.94007224715949,26.499628529341095,504.79909701824295,482.6342597596439,0.0
5.764,7.294907368434899,-3.056138274650618,-5.559621026538521,0.0,29.900864310852924,25.550888359715294,504.53116380367453,482.6342597596439,0.0
5.765,6.310707690970849,-2.887567226802979,-5.644623459694619,0.0,29.75293772794098,24.799344812205597,500.4312482413187,482.6342597596439,0.0
5.766,5.496025037595999,-2.67261250883891,-3.7726355633334574,0.0,29.52269014007168,24.394704749183543,493.49044165914137,482.6342597596439,0.0
5.767,4.963731377915246,-2.4782362121095556,-0.41079409123975985,0.0,29.255771459226533,24.408992092674602,485.6294353516876,482.6342597596439,0.0
5.768,4.787875786037306,-2.335436971232485,3.489757306566678,0.0,29.003209227285822,24.804622251279568,477.0751791874682,482.6342597596439,0.0
5.769,4.957120823038911,-2.2603066225256487,7.822476194398132,0.0,28.808629888450696,25.552651224524418,471.0879476281453,482.6342597596439,0.0
5.7700000000000005,5.460715878100508,-2.2222622078809637,10.0,0.0,28.704877798699712,26.3489167906124,472.9277830175537,482.6342597596439,0.0
5.771,6.107442695107585,-2.197878868183797,10.0,0.0,28.688825751312397,26.967301353740307,459.95291694890966,482.6342597596439,0.0
5.772,6.730682027036115,-2.1239791318667436,10.0,0.0,28.728332227378694,27.460153197474618,445.54115838479294,482.6342597596439,0.0
5.773,7.3725270182927005,-1.8909306414200304,10.0,0.0,28.78827690362582,27.84329994872319,442.9410635925446,482.6342597596439,0.0
5.774,7.948371136690845,-1.6576143364267062,10.0,0.0,28.8572074787283,28.137202089360386,422.9723011598117,482.6342597596439,0.0
5.775,8.532904835182057,-1.3441863812798531,10.0,0.0,28.916491298368015,28.350066807794057,415.83950704956186,482.6342597596439,0.0
5.776,9.077788934216965,-1.0564936346753515,10.0,0.0,28.96262128531211,28.493481522439406,401.55526456978174,482.6342597596439,0.0
5.777,9.646924033218259,-0.7093732907474868,10.0,0.0,28.983173434660312,28.570011744414842,407.33397061661753,482.6342597596439,0.0
5.7780000000000005,10.038166450182821,-0.6432635320882247,10.0,0.0,29.005522521257994,28.603598844251458,418.5610001951239,482.6342597596439,0.0
5.779,10.12509704404584,-0.9937904526744097,10.0,0.0,29.06821446803064,28.63041220160889,435.46193094601284,482.6342597596439,0.0
5.78,10.093132305187462,-1.4358705344838536,10.0,0.0,29.172442095654944,28.665198845120905,450.70565846424444,482.6342597596439,0.0
5.781,9.994963219170295,-1.8766259500367637,10.0,0.0,29.313787919760745,28.717408539117454,470.36166415716514,482.6342597596439,0.0
5.782,9.802103737235127,-2.3696445374779675,10.0,0.0,29.49604462131862,28.798764698277616,483.5016894538776,482.6342597596439,0.0
5.783,9.57709846300965,-2.812656196112778,5.6449295030426185,0.0,29.712012365212153,28.433975142357696,498.90714527534794,482.6342597596439,0.0
5.784,9.064661091916207,-3.1375811757863445,-2.2205272628495996,0.0,29.90121601030208,27.35972983521857,503.839236358159,482.6342597596439,0.0
5.785,8.12228369184576,-3.16870588723293,-4.898622570240271,0.0,29.964249228631473,26.29443064744511,506.1712644213178,482.6342597596439,0.0
5.7860000000000005,7.067231239684374,-3.0493833570704933,-6.300006648436417,0.0,29.90101248091827,25.321225400491322,504.3558779519902,482.6342597596439,0.0
5.787,6.075168515814614,-2.83706049789376,-5.6095295956960705,0.0,29.724616594073183,24.627559695149053,498.87883563561917,482.6342597596439,0.0
5.788,5.30028995691525,-2.6090202885981735,-3.033454196270317,0.0,29.47353253094763,24.337400509306153,491.22840453549435,482.6342597596439,0.0
5.789,4.856424614578224,-2.4197397143134656,0.7058199060335886,0.0,29.200000494471976,24.47778463506225,483.37808918008653,482.6342597596439,0.0
5.79,4.785605719936606,-2.297197823493466,4.62353928953307,0.0,28.956273271972155,24.97368496074427,474.7939379111514,482.6342597596439,0.0
5.791,5.052237454802817,-2.237412906706009,8.994018142485576,0.0,28.781157882352087,25.8071603318162,471.8660384898457,482.6342597596439,0.0
5.792,5.637390314813736,-2.215263680029577,10.0,0.0,28.70506300303469,26.545029345363453,473.0829232986411,482.6342597596439,0.0
5.793,6.283241627186284,-2.1850918473647987,10.0,0.0,28.707267103677403,27.126250035288226,454.94098171221805,482.6342597596439,0.0
5.7940000000000005,6.912229081820995,-2.068530818559874,10.0,0.0,28.754852868406417,27.586838959398683,445.89654333318555,482.6342597596439,0.0
5.795,7.5477855802516425,-1.8138952448395695,10.0,0.0,28.816894646252397,27.94250622728999,436.6862983187143,482.6342597596439,0.0
5.796,8.10767099212079,-1.5853147457966097,10.0,0.0,28.88570147394539,28.213579115855463,421.88219091824885,482.6342597596439,0.0
5.797,8.702498253486443,-1.2437412165909434,10.0,0.0,28.93944762450343,28.40459325370216,407.86150367610276,482.6342597596439,0.0
5.798,9.238988080751383,-0.9627573437000656,10.0,0.0,28.9794280830644,28.52881498443449,401.1453912876433,482.6342597596439,0.0
5.799,9.801274360968751,-0.6244437949965871,10.0,0.0,28.99342801721403,28.58812599539843,407.8980141263989,482.6342597596439,0.0
5.8,10.085492066500034,-0.7213381208802971,10.0,0.0,29.02600057037934,28.617264813874687,424.3324778083108,482.6342597596439,0.0
5.801,10.122442884873577,-1.124878441417212,10.0,0.0,29.10165024207596,28.645524592854056,440.5466483952632,482.6342597596439,0.0
5.8020000000000005,10.085363539882596,-1.5420798898523245,10.0,0.0,29.21441768062335,28.682971597237884,456.6586532229483,482.6342597596439,0.0
5.803,9.937616380030036,-2.035281974854584,10.0,0.0,29.369733290620278,28.74383203917196,471.5399485596595,482.6342597596439,0.0
5.804,9.752946812571135,-2.4838403963839,10.0,0.0,29.56001278932913,28.832974178734265,494.9758297809463,482.6342597596439,0.0
5.805,9.503008229961328,-2.9385017123546002,-0.1828871888783219,0.0,29.78570571266481,27.8377590118471,498.920142605119,482.6342597596439,0.0
5.806,8.674816140281319,-3.0962668151461177,-2.317902429419421,0.0,29.902115375125575,26.920213593450185,503.296514713466,482.6342597596439,0.0
5.807,7.718614799126172,-3.0897128657732518,-4.712711033131156,0.0,29.912830944041623,25.960885115766423,505.12747388228,482.6342597596439,0.0
5.808,6.72809727980971,-2.9716099405647274,-5.853122758764513,0.0,29.813616326018494,25.096458752673357,502.67775360047176,482.6342597596439,0.0
5.809,5.830140517690469,-2.7709557865909664,-4.828697556268664,0.0,29.61698960580334,24.5215145222581,496.69888968576544,482.6342597596439,0.0
5.8100000000000005,5.161318685263754,-2.5616787398723195,-1.9799118981767183,0.0,29.361517200968862,24.352115047173776,488.96092268815664,482.6342597596439,0.0
5.811,4.826423996445136,-2.392355113899529,1.825804971342552,0.0,29.098119260719592,24.594399475626403,481.0014952668518,482.6342597596439,0.0
5.812,4.850751570711526,-2.2896816171105248,5.821846326922891,0.0,28.875688708953415,25.181598067569993,472.7058084846105,482.6342597596439,0.0
5.813,5.205432934312765,-2.237959979924513,10.0,0.0,28.729558426435666,26.068698561371814,472.0426026700024,482.6342597596439,0.0
5.814,5.846717561306373,-2.226984815705576,10.0,0.0,28.686061169857652,26.74369994547763,469.8447969664973,482.6342597596439,0.0
5.815,6.478996603039235,-2.1878358244000013,10.0,0.0,28.7102171399466,27.283713617194387,450.9193951559775,482.6342597596439,0.0
5.816,7.1111919879316225,-2.017374526816241,10.0,0.0,28.767599627377162,27.70892281682752,446.2583337223831,482.6342597596439,0.0
5.817,7.723031609644506,-1.7587412436765275,10.0,0.0,28.83501973785845,28.036368940700896,429.57385036543116,482.6342597596439,0.0
5.8180000000000005,8.2825491473032,-1.5025332903621882,10.0,0.0,28.90284590764577,28.282383930309745,421.5594986619528,482.6342597596439,0.0
5.819,8.865221749348745,-1.1625906979355902,10.0,0.0,28.953659353781454,28.452081227088016,403.22676482727616,482.6342597596439,0.0
5.82,9.405962809089074,-0.8641200614843494,10.0,0.0,28.986928840896038,28.556235348251054,403.95396610520015,482.6342597596439,0.0
5.821,9.936179169533705,-0.5729218144503797,10.0,0.0,28.99823969060624,28.600384616957747,412.8093045222263,482.6342597596439,0.0
5.822,10.111066418115898,-0.8228398088413392,10.0,0.0,29.043237344069432,28.62731461002518,428.62021660483873,482.6342597596439,0.0
5.823,10.12056896921364,-1.242535302730574,10.0,0.0,29.13009555587696,28.656754960997265,444.07583743682966,482.6342597596439,0.0
5.824,10.055466837056432,-1.6750361537625873,10.0,0.0,29.254590120275555,28.699193358101155,462.3623235057421,482.6342597596439,0.0
5.825,9.889220461171913,-2.1687083057381455,10.0,0.0,29.420857996151703,28.76747345196025,476.3111362085979,482.6342597596439,0.0
5.8260000000000005,9.687891512546454,-2.6155621464098293,9.283026972137591,0.0,29.621544294780247,28.78716901154614,498.96325315996523,482.6342597596439,0.0
5.827,9.389878128946147,-3.0397172805359594,-2.2063214375493017,0.0,29.84632004585169,27.59907323295915,501.57747493984925,482.6342597596439,0.0
5.828,8.447131392921516,-3.127576846776227,-3.702864479293365,0.0,29.935231644902473,26.603260363969717,504.17005808509447,482.6342597596439,0.0
5.829,7.422030243485921,-3.0598383561946214,-5.214514035170478,0.0,29.907340967522835,25.66793758013293,504.5899233244093,482.6342597596439,0.0
5.83,6.435654682929935,-2.908133665970876,-5.644003290475554,0.0,29.77269694847869,24.889480984583884,501.13840043205215,482.6342597596439,0.0
5.831,5.598506538062726,-2.7019883283575252,-4.103283251021057,0.0,29.55251273154882,24.431402283908206,494.57392965898606,482.6342597596439,0.0
5.832,5.023720141095655,-2.5062752468081775,-0.9404445634814325,0.0,29.289072080650087,24.384473109059623,486.7665232683461,482.6342597596439,0.0
5.833,4.796326660421137,-2.355215727709685,2.9219359967515377,0.0,29.032623161071033,24.728391680260785,478.54000924320246,482.6342597596439,0.0
5.8340000000000005,4.916926343571427,-2.2716390110433577,7.07613551448776,0.0,28.828528146927674,25.4150717437793,471.29243086874806,482.6342597596439,0.0
5.835,5.36683527087161,-2.227540578898922,10.0,0.0,28.70949558018129,26.2444734125891,472.5200428407406,482.6342597596439,0.0
5.836,6.01342483761667,-2.204976766058152,10.0,0.0,28.68326540189948,26.883167249919204,463.56648296520933,482.6342597596439,0.0
5.837,6.635537121974913,-2.1508420452817325,10.0,0.0,28.717798444021867,27.393402230076155,446.4823006302888,482.6342597596439,0.0
5.838,7.276887722096895,-1.9361857688905442,10.0,0.0,28.77683083675243,27.791739573259814,444.91689028510365,482.6342597596439,0.0
5.839,7.867186216226411,-1.6915534923621718,10.0,0.0,28.845030736874108,28.097627093045134,424.16113411496315,482.6342597596439,0.0
5.84,8.442329578207627,-1.3995870112667181,10.0,0.0,28.907329408806923,28.322383065987466,419.9166075185015,482.6342597596439,0.0
5.841,9.00044958271828,-1.0941255478324767,10.0,0.0,28.95519271467389,28.475251541952478,401.412665566934,482.6342597596439,0.0
5.8420000000000005,9.562501904543812,-0.7596021797472847,10.0,0.0,28.979813581695623,28.56137494555198,399.9084047596002,482.6342597596439,0.0
5.843,9.994005896841468,-0.6312574051428674,10.0,0.0,28.9998120108495,28.59950317955922,422.7771131148621,482.6342597596439,0.0
5.844,10.119214790985998,-0.9358264995352221,10.0,0.0,29.056409468617918,28.626360494648207,431.5537255370756,482.6342597596439,0.0
5.845,10.114573847858967,-1.3471425570359132,10.0,0.0,29.15223198749953,28.657954416690544,450.54906238159845,482.6342597596439,0.0
5.846,10.001833875340282,-1.830257631184419,10.0,0.0,29.290661144278566,28.708326185962605,464.1962719580955,482.6342597596439,0.0
5.847,9.845366736841196,-2.2778319803287994,10.0,0.0,29.464686589971294,28.783587679495074,487.1559104947485,482.6342597596439,0.0
5.848,9.611656214684794,-2.750798834489537,3.7699303837839606,0.0,29.676386250914238,28.207561396512016,493.5033312627268,482.6342597596439,0.0
5.849,9.011721159369348,-3.022143282293669,0.48752928476398516,0.0,29.83443153818142,27.475200034054645,502.13795520952533,482.6342597596439,0.0
5.8500000000000005,8.210763826447037,-3.1316227711998046,-4.024819643134085,0.0,29.912765459777784,26.450450921559458,505.70115946739753,482.6342597596439,0.0
5.851,7.216915823273349,-3.0666078563450485,-6.037090769147722,0.0,29.872544642441913,25.461097484910788,504.3473241025409,482.6342597596439,0.0
5.852,6.229253112669177,-2.8785637989419715,-5.577303730148367,0.0,29.71737586600896,24.736061013878178,499.66604749200144,482.6342597596439,0.0
5.853,5.4308491469729345,-2.657335000975465,-3.406983302202222,0.0,29.482765592913765,24.38009649811016,492.4567040331193,482.6342597596439,0.0
5.854,4.93436474646945,-2.464340115405421,0.099463984504089,0.0,29.21700274611825,24.44690264826609,484.6227800683594,482.6342597596439,0.0
5.855,4.80082888303135,-2.328790603659341,3.9965407637968786,0.0,28.971516301581502,24.883789972555164,475.8152405714751,482.6342597596439,0.0
5.856,5.008357001603038,-2.2597267248004305,8.468500704120725,0.0,28.78802570237032,25.681221293927077,471.53463688112674,482.6342597596439,0.0
5.857,5.5523962367012665,-2.2281414788851714,10.0,0.0,28.699843556955365,26.446536711709093,473.8413940301307,482.6342597596439,0.0
5.8580000000000005,6.196996751233073,-2.198474535095426,9.639952885311635,0.0,28.69406365650238,27.006116533349374,457.4365487677812,482.6342597596439,0.0
5.859,6.798791430522682,-2.0984239013370587,10.0,0.0,28.734110827983194,27.49261462696639,445.40535544474864,482.6342597596439,0.0
5.86,7.436505236174208,-1.8509886150342925,10.0,0.0,28.79258571652192,27.866736585394143,440.5292169741562,482.6342597596439,0.0
5.861,8.00339994389209,-1.6244658653477067,10.0,0.0,28.860182162447053,28.15331255704053,422.2804919457328,482.6342597596439,0.0
5.862,8.595841222728865,-1.297164013891897,10.0,0.0,28.915938584781024,28.358490982519932,411.71401586882433,482.6342597596439,0.0
5.863,9.136840145392705,-1.0163592600066962,10.0,0.0,28.959021703016738,28.49514173898013,401.5127612414095,482.6342597596439,0.0
5.864,9.706137329828305,-0.6708523969586841,10.0,0.0,28.976263877678456,28.5652230305566,406.8797979918263,482.6342597596439,0.0
5.865,10.040584352511212,-0.6972625103578833,10.0,0.0,29.00515014513605,28.598924209790837,422.7554431450366,482.6342597596439,0.0
5.8660000000000005,10.132860211010891,-1.0269631709750557,10.0,0.0,29.070520875305203,28.625338023639266,435.6985571171037,482.6342597596439,0.0
5.867,10.082042658358212,-1.4866371916841068,10.0,0.0,29.179263049514116,28.66216021849657,452.4849261341115,482.6342597596439,0.0
5.868,9.975486377376242,-1.9292571377456271,10.0,0.0,29.324904679647535,28.717387426670506,472.58559709986196,482.6342597596439,0.0
5.869,9.77469101926244,-2.4238011186397537,10.0,0.0,29.511478506022762,28.80267800362312,485.4225332417962,482.6342597596439,0.0
5.87,9.54301300201434,-2.8666082149848773,4.671938178781452,0.0,29.73168734824473,28.335486733500083,499.5517195741941,482.6342597596439,0.0
5.871,8.977999783399557,-3.1567281357031356,-2.5618295855630118,0.0,29.910641299547756,27.25443631262099,504.5822484218664,482.6342597596439,0.0
5.872,8.014522969799982,-3.1699155972764372,-5.296573896021366,0.0,29.962144235198465,26.171234449762952,506.18756626676367,482.6342597596439,0.0
5.873,6.948747408325401,-3.031925893271284,-6.3347658835412055,0.0,29.88486594894197,25.222249934859384,503.921793809157,482.6342597596439,0.0
5.8740000000000006,5.972200777459833,-2.810926058518242,-5.414754995233007,0.0,29.69748695503802,24.568781534190098,498.0734735823597,482.6342597596439,0.0
5.875,5.229631257684815,-2.5827771662344867,-2.6449870200615244,0.0,29.440612640653832,24.329313623449714,490.362252344012,482.6342597596439,0.0
5.876,4.827827448735705,-2.4000426176915446,1.1333436732686542,0.0,29.167659655217143,24.51279649264621,482.42918781990477,482.6342597596439,0.0
5.877,4.797011301289321,-2.2855649655215293,5.101926654719664,0.0,28.92958505899051,25.04876833553532,473.87218943469117,482.6342597596439,0.0
5.878,5.102234676683831,-2.2304109728595813,9.468046550575993,0.0,28.76399294400433,25.914040160474677,471.78390623903607,482.6342597596439,0.0
5.8790000000000004,5.717727529237094,-2.2144994592206513,10.0,0.0,28.700288496437043,26.626427291872645,472.2480604872978,482.6342597596439,0.0
5.88,6.360633529506398,-2.182426332844594,10.0,0.0,28.710824278001297,27.191320999375748,453.1721697829748,482.6342597596439,0.0
5.881,6.992181269700037,-2.045267755325104,10.0,0.0,28.762029139896054,27.637737722866365,446.1787074547152,482.6342597596439,0.0
5.882000000000001,7.6201683451185,-1.7877771631987533,10.0,0.0,28.82580280859169,27.98187015930329,433.55331906227246,482.6342597596439,0.0
5.883,8.178673019273196,-1.5513877169774197,10.0,0.0,28.89418442089838,28.242811075563267,421.7999993413264,482.6342597596439,0.0
5.884,8.771562514358159,-1.206752107511245,10.0,0.0,28.946275941021334,28.424863263710115,405.59229643956877,482.6342597596439,0.0
5.885,9.3093315258986,-0.9200190692875063,10.0,0.0,28.983269249836727,28.54069368873597,399.4726626521316,482.6342597596439,0.0
5.886,9.863278830134965,-0.5934517315954922,10.0,0.0,28.995091193509282,28.59308388879019,413.40218877609135,482.6342597596439,0.0
5.8870000000000005,10.099150657317665,-0.7602088348080014,10.0,0.0,29.0325789175503,28.621010835258506,424.72534617105873,482.6342597596439,0.0
5.888,10.127374675329108,-1.1653113069165468,10.0,0.0,29.11200426473386,28.649147935774657,440.47289017144675,482.6342597596439,0.0
5.889,10.064021179056297,-1.614105379252027,10.0,0.0,29.23161711048649,28.68966498572767,458.03265375835025,482.6342597596439,0.0
5.89,9.919381236442106,-2.08948235846697,10.0,0.0,29.39112390364946,28.753368473985493,473.35058638294163,482.6342597596439,0.0
5.891,9.726003871627125,-2.5393563012472455,10.0,0.0,29.58578273023558,28.846477403437326,497.2117967990947,482.6342597596439,0.0
5.892,9.473767373715862,-2.9852021101772133,-1.313048303898725,0.0,29.814830866662774,27.731118250295815,500.45008427481173,482.6342597596439,0.0
5.893,8.579594877521053,-3.1125977226587134,-3.1103502869089112,0.0,29.918993333416765,26.761463700621352,503.58600446759823,482.6342597596439,0.0
5.894,7.580707853608796,-3.072452584873449,-4.887827830381705,0.0,29.910084177246706,25.82257719030624,504.80173205175123,482.6342597596439,0.0
5.8950000000000005,6.5929060823590095,-2.9400994133793557,-5.717366345379279,0.0,29.79401988817566,25.00188327878898,501.99207014824,482.6342597596439,0.0
5.896,5.725003488150527,-2.7391741665551548,-4.506113497509612,0.0,29.586714391424263,24.47877679558242,495.81336469999934,482.6342597596439,0.0
5.897,5.098466162118872,-2.5377004176463416,-1.5485518227928496,0.0,29.327675936115625,24.360709746682915,487.9722317707129,482.6342597596439,0.0
5.898,4.810273608359767,-2.3759137077856014,2.31863492173969,0.0,29.066952820852315,24.649796289947094,479.95635886614923,482.6342597596439,0.0
5.899,4.877501045491048,-2.2823628794942477,6.353350382956462,0.0,28.852537947428303,25.278771757025016,472.07590735301204,482.6342597596439,0.0
5.9,5.27292950583775,-2.2342439668203884,10.0,0.0,28.71810453594327,26.14136763704854,472.0335699270453,482.6342597596439,0.0
5.901,5.9161357950800335,-2.2190189165730407,10.0,0.0,28.682180487208626,26.800995684537586,467.1584129856183,482.6342597596439,0.0
5.902,6.543767156425437,-2.1739689625487095,10.0,0.0,28.711008403656145,27.328461135548697,448.7561654039529,482.6342597596439,0.0
5.9030000000000005,7.180122794043116,-1.9842053598122198,10.0,0.0,28.76927657679926,27.742340026578944,445.96332995799,482.6342597596439,0.0
5.904,7.783999114334459,-1.7294394939511637,10.0,0.0,28.836979212513736,28.060595006964615,427.02474150423274,482.6342597596439,0.0
5.905,8.349680403265197,-1.4586405567215714,10.0,0.0,28.902496858258687,28.297608574303702,421.35230436779256,482.6342597596439,0.0
5.906,8.922970118260949,-1.1315726122977856,10.0,0.0,28.951894611648733,28.460067493723155,401.94536567086294,482.6342597596439,0.0
5.907,9.472320158443424,-0.8184454819769096,10.0,0.0,28.981425176750662,28.55652468926954,404.5450335656237,482.6342597596439,0.0
5.908,9.950165991434421,-0.6150392808853979,10.0,0.0,28.998404994080172,28.5992196805443,417.18537176755854,482.6342597596439,0.0
5.909,10.12291970008546,-0.856990328231082,10.0,0.0,29.04660500602315,28.625118704802826,428.95220365990673,482.6342597596439,0.0
5.91,10.116610820443562,-1.288855326246495,10.0,0.0,29.137660558505917,28.655669341676916,444.675751274001,482.6342597596439,0.0
5.9110000000000005,10.038493778591011,-1.7305735925668044,10.0,0.0,29.266935978742904,28.700800255919248,466.0321124509177,482.6342597596439,0.0
5.912,9.866093411019397,-2.222616956110764,10.0,0.0,29.437504535707063,28.772528490775393,478.21372992344084,482.6342597596439,0.0
5.913,9.656230200024266,-2.672171733829387,8.31976297276012,0.0,29.642719652374016,28.690675634379687,497.27250969139783,482.6342597596439,0.0
5.914,9.297452539124603,-3.0771422710411516,-1.356009410535913,0.0,29.85927918305081,27.627363893989106,502.1211411994453,482.6342597596439,0.0
5.915,8.405899012293549,-3.1616571533299656,-3.97519397895765,0.0,29.953098518300532,26.595169813354257,505.5458621612803,482.6342597596439,0.0
5.916,7.374337767803347,-3.0855337974900925,-5.916670483891525,0.0,29.925097793996507,25.592762706074954,505.0043141780543,482.6342597596439,0.0
5.917,6.356777472386519,-2.9039541227653487,-5.869597036462631,0.0,29.780443900733637,24.81400510141065,500.8018016054723,482.6342597596439,0.0
5.918,5.515405360571834,-2.6783177065713195,-3.95001616862991,0.0,29.549375427296532,24.39171635821925,493.8484155482544,482.6342597596439,0.0
5.9190000000000005,4.964192303868221,-2.477394283332219,-0.5854646979070806,0.0,29.27933971448964,24.39167421022372,485.94927502502645,482.6342597596439,0.0
5.92,4.77441013339401,-2.3306071498766507,3.330955411053079,0.0,29.02216600771616,24.77715731121056,477.44674653038635,482.6342597596439,0.0
5.921,4.933904801644528,-2.2535342606985074,7.634094790665706,0.0,28.82224783524367,25.513113626876862,470.9611347420405,482.6342597596439,0.0
5.922,5.427953827545415,-2.214770383137321,10.0,0.0,28.7124238139451,26.319950226793335,472.7332332448003,482.6342597596439,0.0
5.923,6.077827481705086,-2.1925408284956376,10.0,0.0,28.692208242533066,26.944916100796398,460.60946867902595,482.6342597596439,0.0
5.924,6.703868286308497,-2.124258521324238,10.0,0.0,28.729222057420117,27.442998078293183,445.64871527056494,482.6342597596439,0.0
5.925,7.348022967654569,-1.8962253239427156,10.0,0.0,28.787941859927873,27.830376632626958,443.3534272760388,482.6342597596439,0.0
5.926,7.928620422508933,-1.6615455569996187,10.0,0.0,28.855993095228317,28.127465138557618,423.1550720264407,482.6342597596439,0.0
5.9270000000000005,8.512556787356969,-1.3531289564057136,10.0,0.0,28.915369029195872,28.343222891840504,416.76795183906705,482.6342597596439,0.0
5.928,9.060460562332525,-1.0632657405196384,10.0,0.0,28.96158235735344,28.48891241159304,401.4989582327915,482.6342597596439,0.0
5.929,9.629460802443017,-0.7179474414868974,10.0,0.0,28.982656923935764,28.567543323523658,404.9517223653352,482.6342597596439,0.0
5.93,10.032693504669433,-0.6337121775617458,10.0,0.0,29.00367442901148,28.60175300607567,418.47387783118387,482.6342597596439,0.0
5.931,10.119962190404728,-0.9878966528996225,10.0,0.0,29.06581379676123,28.629076242471427,434.8298733102614,482.6342597596439,0.0
5.932,10.109358292746926,-1.3966651383212563,10.0,0.0,29.165894240018595,28.661920207602286,451.3034917593342,482.6342597596439,0.0
5.933,9.985196670646857,-1.8855224990211124,10.0,0.0,29.308937660286073,28.715039560000232,466.17179471411805,482.6342597596439,0.0
5.934,9.820332894960577,-2.3345426525878072,10.0,0.0,29.48749231705194,28.79404471828962,489.40689181999187,482.6342597596439,0.0
5.9350000000000005,9.580880257873,-2.8046911823908256,2.6303108926270653,0.0,29.703318160712815,28.097030176938404,494.8868205289717,482.6342597596439,0.0
5.936,8.915688674440844,-3.0427354540961438,-0.23217906955614076,0.0,29.849343350462036,27.320899217128634,502.5339036297519,482.6342597596439,0.0
5.937,8.074517405535362,-3.1213677968244657,-4.254717058647296,0.0,29.909422040238432,26.309006516841855,505.58286534022267,482.6342597596439,0.0
5.938,7.07918369168681,-3.0417814222906934,-6.00868396968848,0.0,29.8527627663825,25.352674971072055,503.8920632717628,482.6342597596439,0.0
5.939,6.114873987795652,-2.849440223639824,-5.375860970579746,0.0,29.68577459722893,24.669581581795562,498.7561884978027,482.6342597596439,0.0
5.94,5.351786645185384,-2.631566763992831,-2.969142870981287,0.0,29.44513323748841,24.370805986144315,491.41598209810223,482.6342597596439,0.0
5.941,4.902300878785852,-2.4466331777870294,0.6131431054843759,0.0,29.180514494270643,24.489640651377222,483.6039209916561,482.6342597596439,0.0
5.942,4.8150673123946905,-2.3207090397203634,4.50947704638733,0.0,28.942238772572665,24.968004684138776,475.0013291108341,482.6342597596439,0.0
5.9430000000000005,5.063718000217665,-2.2565519923916546,8.887102293286423,0.0,28.769828992495164,25.7890562678798,471.8299591538776,482.6342597596439,0.0
5.944,5.634252331618626,-2.229705234685689,10.0,0.0,28.69445377592514,26.529131940932597,473.3818454435553,482.6342597596439,0.0
5.945,6.274846183426108,-2.196983430104754,9.885794670587934,0.0,28.69729271739054,27.09921098133585,455.4808613101354,482.6342597596439,0.0
5.946,6.891906050777516,-2.081373099913014,10.0,0.0,28.74446575047447,27.564800004484173,445.6950386937133,482.6342597596439,0.0
5.947,7.525277769632696,-1.826176923615704,10.0,0.0,28.80656490647403,27.92390508493137,437.65055007584505,482.6342597596439,0.0
5.948,8.084252141405566,-1.5980400138465205,10.0,0.0,28.87582155660672,28.198156109227355,421.92573068766126,482.6342597596439,0.0
5.949,8.677477414436607,-1.2588342705771276,10.0,0.0,28.930546381493805,28.39224265979132,408.62198538092713,482.6342597596439,0.0
5.95,9.21359046606042,-0.9784451432009601,10.0,0.0,28.97175663236989,28.519352854839294,401.41547384445124,482.6342597596439,0.0
5.9510000000000005,9.777446242692212,-0.637380024910833,10.0,0.0,28.98684360592501,28.58121005055681,406.55072625086956,482.6342597596439,0.0
5.952,10.073941903410594,-0.7167597271223665,10.0,0.0,29.01875002012254,28.611414259145384,424.9070452656346,482.6342597596439,0.0
5.953,10.121579269474726,-1.106867560265741,10.0,0.0,29.09260427838284,28.639513534634986,439.0157783521459,482.6342597596439,0.0
5.954,10.088285621489865,-1.521947617741052,10.0,0.0,29.203640766356905,28.676326983340637,456.4202445657859,482.6342597596439,0.0
5.955,9.943048340904449,-2.01557188037567,10.0,0.0,29.3574028187192,28.736205900357668,470.7812353684255,482.6342597596439,0.0
5.956,9.761016623166295,-2.4643060982976905,10.0,0.0,29.546201078892036,28.824044247054566,494.10432753175354,482.6342597596439,0.0
5.957,9.51455037022155,-2.9174866519895493,0.2570926767313022,0.0,29.77026586644416,27.87554975018605,498.52798956645216,482.6342597596439,0.0
5.958,8.709755978563617,-3.0907462445406493,-2.1136756386860913,0.0,29.891601475197923,26.96701846084931,503.0663046501414,482.6342597596439,0.0
5.9590000000000005,7.765165196150802,-3.0938418023136496,-4.587153629435672,0.0,29.90855830957215,26.008956007642148,505.1316475963018,482.6342597596439,0.0
5.96,6.776817395211696,-2.9821014444995444,-5.844798980882451,0.0,29.81569082025097,25.13406162472066,502.8612905633308,482.6342597596439,0.0
5.961,5.871508629750451,-2.78356194878139,-4.911890772433824,0.0,29.623898700618895,24.54226677379436,496.99421433308993,482.6342597596439,0.0
5.962,5.189119440056084,-2.57289187113386,-2.121952203047858,0.0,29.37091799427335,24.354046079757218,489.3016484662014,482.6342597596439,0.0
5.963,4.837567880222346,-2.4010137826480493,1.657656843330824,0.0,29.107613400201686,24.579053773581816,481.37298719716244,482.6342597596439,0.0
5.964,4.845919454220546,-2.2949304950570575,5.634600203475124,0.0,28.88318965416949,25.15046372903072,472.98389327688,482.6342597596439,0.0
5.965,5.185168387391808,-2.2413990922138822,9.925650828443986,0.0,28.73352165684857,26.03730258256779,472.00990757647423,482.6342597596439,0.0
5.966,5.821170464509235,-2.229170009862078,10.0,0.0,28.686694459583183,26.719190914489328,470.681414937238,482.6342597596439,0.0
5.9670000000000005,6.454109429547408,-2.1917311005613973,10.0,0.0,28.70874282603693,27.2642009363936,451.5706081239886,482.6342597596439,0.0
5.968,7.084337336000701,-2.0289094023863297,10.0,0.0,28.765551360329468,27.69391911269332,446.3254920560665,482.6342597596439,0.0
5.969,7.69872567380623,-1.7699005060407913,10.0,0.0,28.832788097206482,28.02506588669826,430.57252942012883,482.6342597596439,0.0
5.97,8.25686886702509,-1.5181003571623362,10.0,0.0,28.90130791038311,28.274569789114388,421.6516978530548,482.6342597596439,0.0
5.971,8.84182425778559,-1.1756864922076393,10.0,0.0,28.95277860882747,28.447211621555105,403.8351786691495,482.6342597596439,0.0
5.972,9.380902062792625,-0.8804123560724895,10.0,0.0,28.987310404346122,28.554287335953006,401.23624400916725,482.6342597596439,0.0
5.973,9.924760464489417,-0.5664378752164763,10.0,0.0,28.99751214021989,28.599675012326404,411.89802822790716,482.6342597596439,0.0
5.974,10.10503889299821,-0.8119692802735492,10.0,0.0,29.04138066950847,28.62715205153084,428.37053598909716,482.6342597596439,0.0
5.9750000000000005,10.12042882167032,-1.226951272414019,10.0,0.0,29.126802754873516,28.656378131874845,443.84952131847996,482.6342597596439,0.0
5.976,10.061960234368131,-1.6529101927265386,10.0,0.0,29.24931090104942,28.697809256610917,461.24937766108377,482.6342597596439,0.0
5.977,9.897866678515221,-2.1473887882282314,10.0,0.0,29.41384440138343,28.764813688761784,475.55375061441475,482.6342597596439,0.0
5.978,9.698970753931492,-2.594688786365524,9.666580179939846,0.0,29.61288320873918,28.825132463670023,498.4503018211549,482.6342597596439,0.0
5.979,9.424672144992794,-3.0273067890879557,-1.9398558440453284,0.0,29.84116499316828,27.654133365122654,501.63066123035856,482.6342597596439,0.0
5.98,8.49491186585877,-3.129821210468315,-3.719999563354312,0.0,29.93646909562436,26.64284155060416,504.0972067810748,482.6342597596439,0.0
5.981,7.465944799252502,-3.0642844820507955,-5.167901808926753,0.0,29.912879422043243,25.704630292498592,504.65877442404434,482.6342597596439,0.0
5.982,6.474690630402992,-2.9151699711367454,-5.668930777055518,0.0,29.782080361093314,24.91599531671442,501.4001421019055,482.6342597596439,0.0
5.9830000000000005,5.628548856899296,-2.709842883835966,-4.227273439408709,0.0,29.564402874166007,24.439899582633004,494.91265472665634,482.6342597596439,0.0
5.984,5.039329586146108,-2.5128353319889767,-1.1063137014542601,0.0,29.30126600269313,24.374887373113342,487.0796250565753,482.6342597596439,0.0
5.985,4.7963994225475615,-2.358963706497833,2.765747480616941,0.0,29.042985794130026,24.705609955334957,478.93229948448766,482.6342597596439,0.0
5.986,4.9037646553968415,-2.2733637348780142,6.8764298694123305,0.0,28.835728584022117,25.376647232175472,471.5279214879154,482.6342597596439,0.0
5.987,5.339464343624423,-2.228471883634427,10.0,0.0,28.71221871868846,26.215487637421305,472.37814488516904,482.6342597596439,0.0
5.988,5.986039530549441,-2.2074915501667856,10.0,0.0,28.683084962243747,26.860091040623814,464.5992590620901,482.6342597596439,0.0
5.989,6.60928056951809,-2.1571931185895714,10.0,0.0,28.71600189762494,27.375229965444312,446.95960140490837,482.6342597596439,0.0
5.99,7.249772584365539,-1.94911521211615,10.0,0.0,28.77475544655376,27.777924980077362,445.9542933370632,482.6342597596439,0.0
5.9910000000000005,7.84561968976675,-1.6990787488733798,10.0,0.0,28.842479910161032,28.087087586694302,424.53575937152414,482.6342597596439,0.0
5.992,8.415638702411792,-1.4171981857096645,10.0,0.0,28.90584169075369,28.315362758673345,420.6999445604981,482.6342597596439,0.0
5.993,8.980641012135171,-1.1017102434329518,10.0,0.0,28.95380994246618,28.470696527570624,401.246454990677,482.6342597596439,0.0
5.994,9.537465490763314,-0.7759291116900155,10.0,0.0,28.979833700828195,28.559693075197575,400.4288202540642,482.6342597596439,0.0
5.995,9.976760258033554,-0.6359423513159621,10.0,0.0,29.000014005793,28.599638164284578,422.0795513257654,482.6342597596439,0.0
5.996,10.124520393475457,-0.9075177451920977,10.0,0.0,29.053443950100124,28.625746107733452,430.4242857262047,482.6342597596439,0.0
5.997,10.114094671221057,-1.3329348608576197,10.0,0.0,29.14822182310587,28.65721068207055,452.1503863848971,482.6342597596439,0.0
5.998,10.00997793769986,-1.8065671821423006,10.0,0.0,29.284513750429408,28.706355169739307,462.7276098527956,482.6342597596439,0.0
5.9990000000000006,9.851959053952987,-2.2613830065719798,10.0,0.0,29.4573843512619,28.780555311250495,485.87082951611904,482.6342597596439,0.0
6.0,9.634272103157357,-2.7106472472959116,4.422964329357304,0.0,29.665258814397585,28.273513950673156,494.83878642196623,482.6342597596439,0.0
6.001,9.055777226762116,-3.025565110438182,-0.18305939018951278,0.0,29.831790017700396,27.448529486918922,501.2298947979836,482.6342597596439,0.0
6.002,8.2236697893347,-3.1179607295303904,-3.5645699285815953,0.0,29.906183993766202,26.48253753719579,505.3288486899734,482.6342597596439,0.0
6.003,7.247582836371344,-3.0641367472062653,-5.840992763879802,0.0,29.869694783006555,25.50304126400438,504.392874041223,482.6342597596439,0.0
6.0040000000000004,6.267758397386289,-2.88742069213498,-5.590591582320391,0.0,29.72000433976912,24.766173874139373,499.8781785719083,482.6342597596439,0.0
6.005,5.463921002432102,-2.6691260930295044,-3.5056830357856628,0.0,29.489350956518038,24.393483976295453,492.78203727383277,482.6342597596439,0.0
6.006,4.954639835567747,-2.4751907370210766,-0.05909016188979699,0.0,29.225343978637795,24.44125641497956,484.99026146805596,482.6342597596439,0.0
6.007000000000001,4.80502203451373,-2.336667207517905,3.8132377239144866,0.0,28.979216707728735,24.860706197154045,476.24523522141703,482.6342597596439,0.0
6.008,4.9964923621777615,-2.264557307892092,8.24964109261622,0.0,28.793100288464213,25.640321451665738,471.3911754486821,482.6342597596439,0.0
6.009,5.525085983764825,-2.229399219812803,10.0,0.0,28.70041074588486,26.41530838982707,473.5957354666927,482.6342597596439,0.0
6.01,6.169076901238433,-2.200571421329482,9.761425019575649,0.0,28.691669374427185,26.994227778287595,458.37466905861675,482.6342597596439,0.0
6.011,6.776437054322024,-2.1098409488513274,10.0,0.0,28.73200200497357,27.482640380742755,445.4597569645966,482.6342597596439,0.0
6.0120000000000005,7.415104676500516,-1.8664549491396625,10.0,0.0,28.79127747746735,27.859679399294006,441.55106255552306,482.6342597596439,0.0
6.013,7.984453888595459,-1.6374289004290188,10.0,0.0,28.8595702992058,28.148700326130836,422.50535604923454,482.6342597596439,0.0
6.014,8.573908838981993,-1.3145360392990035,10.0,0.0,28.916707977216916,28.356501890036274,413.19026044007853,482.6342597596439,0.0
6.015000000000001,9.115562562825128,-1.031952862939257,10.0,0.0,28.96105682302918,28.495549705233397,401.5559187363644,482.6342597596439,0.0
6.016,9.685273789612628,-0.684792324145587,10.0,0.0,28.979513738276218,28.56787592578384,410.8437881847172,482.6342597596439,0.0
6.017,10.03961829514365,-0.6789168661039594,10.0,0.0,29.00618288905696,28.601534432463396,420.48105551482564,482.6342597596439,0.0
6.018,10.131945302969767,-1.0124738101938973,10.0,0.0,29.07030099385789,28.62788147774752,436.3821134720593,482.6342597596439,0.0
6.019,10.085875648782197,-1.4691551035615642,10.0,0.0,29.177541365536683,28.66399656102221,451.7198708874255,482.6342597596439,0.0
6.0200000000000005,9.9816115051602,-1.912546486145149,10.0,0.0,29.321875447525585,28.71823253239386,471.9304501886616,482.6342597596439,0.0
6.021,9.784767253610472,-2.4046934885322493,10.0,0.0,29.50690197488951,28.802088541061487,484.7471467942415,482.6342597596439,0.0
6.022,9.555618139949583,-2.8472308975158502,5.016096630271805,0.0,29.725569095348124,28.371070190915834,499.2943640511399,482.6342597596439,0.0
6.023,9.009186528790407,-3.1496829443164533,-2.4241130410923653,0.0,29.908112019804555,27.29425234376874,504.33906859261475,482.6342597596439,0.0
6.024,8.053949050482473,-3.16988006887904,-5.163513400159503,0.0,29.963916030334502,26.21605043750054,506.2037751144496,482.6342597596439,0.0
6.025,6.9915162840565195,-3.0384381180926474,-6.331561814624999,0.0,29.891658863352504,25.257473030435385,504.0972474696475,482.6342597596439,0.0
6.026,6.008780030874867,-2.8202667313463445,-5.492927869323985,0.0,29.70808523932797,24.58893452569204,498.34676054939365,482.6342597596439,0.0
6.027,5.254023962123991,-2.5920530455997755,-2.774809417094544,0.0,29.453093335666885,24.33269500434358,490.66342817637997,482.6342597596439,0.0
6.0280000000000005,4.837683728601239,-2.4072055632944336,0.986565085244937,0.0,29.179925584040937,24.5014001204989,482.7752901978164,482.6342597596439,0.0
6.029,4.7930709520011625,-2.289995418742474,4.929223770145001,0.0,28.93990047811546,25.022740663282484,474.2298190610871,482.6342597596439,0.0
6.03,5.084478577496972,-2.2331701751653847,9.286003745495222,0.0,28.77093326171294,25.875262885064163,471.9391818217904,482.6342597596439,0.0
6.031,5.688133616700696,-2.2151769554955036,10.0,0.0,28.70270398740091,26.597119973211974,472.3957750872221,482.6342597596439,0.0
6.032,6.3318719646874,-2.184042764471544,10.0,0.0,28.710238520518935,27.168053794682265,453.7956223638292,482.6342597596439,0.0
6.033,6.9634190831391045,-2.0529292735656237,10.0,0.0,28.76000184038277,27.619614887767497,446.22604013411024,482.6342597596439,0.0
6.034,7.593807967708395,-1.797101219332184,10.0,0.0,28.823114986512124,27.967968897412494,434.5820042189485,482.6342597596439,0.0
6.035,8.15273307693773,-1.563841684362803,10.0,0.0,28.89165195068875,28.23262094753639,421.9332260972743,482.6342597596439,0.0
6.0360000000000005,8.746834510130311,-1.2196449315825864,10.0,0.0,28.944271376003968,28.41789958250667,406.3137067113778,482.6342597596439,0.0
6.037,9.28420437666924,-0.9349634387983419,10.0,0.0,28.982283725606237,28.536742625524084,400.00824004375033,482.6342597596439,0.0
6.038,9.840546977483005,-0.6052843963780621,10.0,0.0,28.99496126481162,28.591678611775862,411.98696538163006,482.6342597596439,0.0
6.039,10.097266444033416,-0.7414054131958836,10.0,0.0,29.030134750995813,28.61971303801059,424.3326164850719,482.6342597596439,0.0
6.04,10.12579019705409,-1.1504826958850143,10.0,0.0,29.10823162211267,28.647890952073492,440.585452206372,482.6342597596439,0.0
6.041,10.076222203968914,-1.5803481039003677,10.0,0.0,29.22453101957896,28.686798478611372,458.9055499403775,482.6342597596439,0.0
6.042,9.924123804589197,-2.072961493242908,10.0,0.0,29.382980048699913,28.749680336243003,472.8896578471206,482.6342597596439,0.0
6.043,9.734842769487813,-2.5211820817476163,10.0,0.0,29.576250491514035,28.841418840890935,495.78608510370265,482.6342597596439,0.0
6.0440000000000005,9.483854543847665,-2.9695045723445244,-0.5880716132461146,0.0,29.80420100859215,27.804338556367796,500.0740190219568,482.6342597596439,0.0
6.045,8.630794747748372,-3.1150770785580106,-2.906436164996327,0.0,29.917178196287644,26.83594866275926,503.71659890361855,482.6342597596439,0.0
6.046,7.6430399970225595,-3.0860337809958147,-4.938549497266939,0.0,29.917368188058763,25.87546908086771,505.0399531935301,482.6342597596439,0.0
6.047,6.645471083522775,-2.954245549010281,-5.824283576561576,0.0,29.807284949920824,25.033801873920424,502.2942500255097,482.6342597596439,0.0
6.048,5.7611667036104475,-2.750181985197743,-4.648031895210043,0.0,29.602914205202442,24.49083588225106,496.1880310230044,482.6342597596439,0.0
6.049,5.1176840425804375,-2.543422878398516,-1.730460106590983,0.0,29.343981069679163,24.352839844125548,488.41527909913464,482.6342597596439,0.0
6.05,4.811010114624982,-2.3789830634085494,2.098105661948983,0.0,29.081120855314754,24.622015918378253,480.3518462121235,482.6342597596439,0.0
6.051,4.86138714347858,-2.2812300807262496,6.152646240929746,0.0,28.862355839866915,25.237093957318294,472.22688096712216,482.6342597596439,0.0
6.0520000000000005,5.242491606023186,-2.232289639396205,10.0,0.0,28.72256921113837,26.110033477936096,471.91038706569026,482.6342597596439,0.0
6.053,5.886387129095496,-2.2191174624285477,10.0,0.0,28.683095662291315,26.776209383116047,468.18383896516355,482.6342597596439,0.0
6.054,6.517121264088077,-2.176528936416336,10.0,0.0,28.709634042755297,27.308878543274826,449.58528838059567,482.6342597596439,0.0
6.055,7.152679743364542,-1.994714354063659,10.0,0.0,28.767211782390085,27.72733053409366,446.09072675405116,482.6342597596439,0.0
6.056,7.761618064351794,-1.736591502650449,10.0,0.0,28.834301579311365,28.049067469278253,427.8223474532795,482.6342597596439,0.0
6.057,8.323277798074793,-1.4750359971423945,10.0,0.0,28.900666212967202,28.289646503136858,421.38159969246743,482.6342597596439,0.0
6.058,8.90194984716249,-1.1409738928978324,10.0,0.0,28.950321010231512,28.45476676891277,402.2630606482642,482.6342597596439,0.0
6.059,9.447402750137524,-0.8348989753528868,10.0,0.0,28.98119473445948,28.55412738900113,405.3703470526038,482.6342597596439,0.0
6.0600000000000005,9.943755364036381,-0.6009628056445306,10.0,0.0,28.99624491878101,28.597495061004345,415.47939009079,482.6342597596439,0.0
6.061,10.119130551204623,-0.8428691248298374,10.0,0.0,29.043075908678183,28.62370323978986,428.4843943942376,482.6342597596439,0.0
6.062,10.117127888458644,-1.27271216089426,10.0,0.0,29.13270828823942,28.653947744460286,444.94002975844853,482.6342597596439,0.0
6.063,10.045392661595473,-1.7082206601322305,10.0,0.0,29.260009384867114,28.698001884947292,464.0156114738013,482.6342597596439,0.0
6.064,9.873555230506813,-2.203654640048143,10.0,0.0,29.429128438679104,28.768565486199478,477.5074380908293,482.6342597596439,0.0
6.065,9.667663660518832,-2.6508118199457362,8.677617477509056,0.0,29.632624897224694,28.724452253621426,499.3558035791669,482.6342597596439,0.0
6.066,9.328622005137039,-3.0678701719186736,-2.413780704854976,0.0,29.852765233575962,27.53350568171274,501.20974945422444,482.6342597596439,0.0
6.067,8.381109826333295,-3.1303506696313663,-3.526508539329556,0.0,29.934499150329902,26.573017643776055,504.5536635049817,482.6342597596439,0.0
6.0680000000000005,7.369838070372098,-3.06369282797859,-5.41765960216158,0.0,29.904053704055848,25.621617234109372,504.6910814222311,482.6342597596439,0.0
6.069,6.382924481128773,-2.9034824332771,-5.7069367774121345,0.0,29.76455619644189,24.847851119389855,500.7827255620926,482.6342597596439,0.0
6.07,5.55137405768612,-2.6909753351526877,-3.9342435053673714,0.0,29.53985815127071,24.417002307744582,494.0368108649348,482.6342597596439,0.0
6.071,4.99646542013474,-2.4941301057228626,-0.6753116678413864,0.0,29.275017125196094,24.400248588050356,486.262096709255,482.6342597596439,0.0
6.072,4.793789345293408,-2.3466302648113935,3.1757670405024108,0.0,29.020728299553543,24.766460759117678,477.87600309724536,482.6342597596439,0.0
6.073,4.936595960141714,-2.2660727659778823,7.416396413131212,0.0,28.82110324711941,25.480845786038024,470.86638589826566,482.6342597596439,0.0
6.074,5.411476064795754,-2.2235002072389234,10.0,0.0,28.709001796147767,26.294811160488727,472.7204792308129,482.6342597596439,0.0
6.075,6.058419049644772,-2.199479822336561,10.0,0.0,28.6872905109665,26.923918889241662,461.80385532529596,482.6342597596439,0.0
6.0760000000000005,6.6806001474727195,-2.1371681193730505,10.0,0.0,28.724047043701688,27.4259742256886,445.8835105837954,482.6342597596439,0.0
6.077,7.32323990930191,-1.9127437450451037,10.0,0.0,28.7832698926616,27.81703111894143,443.9095242418532,482.6342597596439,0.0
6.078,7.906883279713354,-1.6737071677606898,10.0,0.0,28.851626366292823,28.117130234637997,423.50206508076525,482.6342597596439,0.0
6.079,8.487162589519349,-1.3709712536696643,10.0,0.0,28.91224651935339,28.336060795753482,418.0056770220091,482.6342597596439,0.0
6.08,9.037998729710258,-1.0760204629962342,10.0,0.0,28.959280485386294,28.484371133740527,401.5066517312252,482.6342597596439,0.0
6.081,9.604944715667644,-0.7333970173326038,10.0,0.0,28.98170301749833,28.565698137478773,402.3546799252417,482.6342597596439,0.0
6.082,10.020280372904805,-0.6298760609260199,10.0,0.0,29.002054926024908,28.601117231617877,418.78544095683105,482.6342597596439,0.0
6.083,10.115311320989345,-0.9764169193227887,10.0,0.0,29.06306825710045,28.62872955947879,435.2468113632039,482.6342597596439,0.0
6.0840000000000005,10.113971793001479,-1.3744000418707591,10.0,0.0,29.161054222750845,28.66077964522069,449.6511720530983,482.6342597596439,0.0
6.085,9.992622245626345,-1.862998491669254,10.0,0.0,29.30221259866273,28.712758373884817,465.4969124909306,482.6342597596439,0.0
6.086,9.831676871426186,-2.3100447133303743,10.0,0.0,29.47874210973459,28.790145562962,488.3397124274721,482.6342597596439,0.0
6.087,9.590756235512998,-2.7876357036371626,3.172005192630798,0.0,29.69342193532411,28.151259371636463,494.21402584243816,482.6342597596439,0.0
6.088,8.958485336222072,-3.03724195086602,0.11905082431981384,0.0,29.84542593651424,27.39732534212481,502.58319480873405,482.6342597596439,0.0
6.089,8.136121968597996,-3.130914240623478,-4.265023009319031,0.0,29.914644024035212,26.366403799111893,505.7277460417648,482.6342597596439,0.0
6.09,7.135397106630176,-3.0539183415973783,-6.068233488655625,0.0,29.864441876712363,25.392839905901965,504.1139251942107,482.6342597596439,0.0
6.091,6.157806500032384,-2.8607267618828063,-5.476119719224238,0.0,29.701422440022462,24.69230452481764,499.2076649430469,482.6342597596439,0.0
6.0920000000000005,5.3783390933896635,-2.6416668770048077,-3.188723645476361,0.0,29.46248673735367,24.367178677255417,491.71466101693375,482.6342597596439,0.0
6.093,4.909137077786861,-2.450619142302803,0.46697430500731496,0.0,29.196107368227118,24.47374220564816,483.97410280950965,482.6342597596439,0.0
6.094,4.8072758877753525,-2.3223628918641706,4.323854978220708,0.0,28.95482457865124,24.93722404958283,475.3504633147503,482.6342597596439,0.0
6.095,5.041988767721047,-2.256892126738271,8.708512690049316,0.0,28.778099030766967,25.747135943041325,471.7595828174849,482.6342597596439,0.0
6.096,5.601986976231571,-2.2281311591573623,10.0,0.0,28.697528228234333,26.497348445205144,473.720661977411,482.6342597596439,0.0
6.097,6.244578973967123,-2.1962912491598687,9.709042111800814,0.0,28.696820975747418,27.054477238432085,456.10520784560526,482.6342597596439,0.0
6.098,6.851657812504083,-2.084848219624951,10.0,0.0,28.739956993683034,27.530384621409837,445.47872734021183,482.6342597596439,0.0
6.099,7.487109309099019,-1.8321418747780482,10.0,0.0,28.799686880485055,27.8962764127613,438.7053358642226,482.6342597596439,0.0
6.1000000000000005,8.049294061834832,-1.6061560379672097,10.0,0.0,28.867701579141283,28.176066205822835,422.0082836667267,482.6342597596439,0.0
6.101,8.64343814811695,-1.2715261295181461,10.0,0.0,28.922344355676756,28.374944487480157,409.5917595530679,482.6342597596439,0.0
6.102,9.18174392277746,-0.9920589215777671,10.0,0.0,28.964015588935467,28.50612702427547,401.58129301700075,482.6342597596439,0.0
6.103,9.748534314386553,-0.6490915014828804,10.0,0.0,28.97970620841682,28.57139454538673,405.46371544858766,482.6342597596439,0.0
6.104,10.058862889233248,-0.7105085443236026,10.0,0.0,29.01054006697457,28.603236137017944,427.40316336012006,482.6342597596439,0.0
6.105,10.121436405822143,-1.0818742638133663,10.0,0.0,29.081710757555147,28.631197154265507,437.0064523707566,482.6342597596439,0.0
6.106,10.08708935943473,-1.5045549684236672,10.0,0.0,29.191341701114652,28.66788304911487,456.67014990453345,482.6342597596439,0.0
6.107,9.947952114002618,-1.993983555850859,10.0,0.0,29.34328847737404,28.7268250753689,469.8900273205484,482.6342597596439,0.0
6.1080000000000005,9.769027638919466,-2.4428344592803963,10.0,0.0,29.530414092135846,28.813357896428304,493.0571942364004,482.6342597596439,0.0
6.109,9.526419964718361,-2.894608267823517,0.7854655377733337,0.0,29.752687037432885,27.921248805424298,498.0815765445754,482.6342597596439,0.0
6.11,8.750164272124147,-3.08551178124351,-1.8811987841634847,0.0,29.88000342749057,27.022352236702964,502.8347980075872,482.6342597596439,0.0
6.111,7.818896361228286,-3.0995538608169113,-4.459814898148824,0.0,29.904334115289245,26.063772747813125,505.15112096615684,482.6342597596439,0.0
6.112,6.832112089427338,-2.994343342313229,-5.843144989498768,0.0,29.81866020758791,25.17633771847263,503.05150298944164,482.6342597596439,0.0
6.113,5.917778426489943,-2.797850107392896,-4.997508433439148,0.0,29.632248037066468,24.566640983581227,497.3139615457911,482.6342597596439,0.0
6.114,5.220596077774499,-2.585396053090244,-2.2755347294753347,0.0,29.38210239648395,24.357780168731555,489.6887852658462,482.6342597596439,0.0
6.115,4.850714058694105,-2.4107229650769746,1.4665081554350756,0.0,29.118995739336263,24.562911050220798,481.7856375824071,482.6342597596439,0.0
6.1160000000000005,4.841084496682831,-2.3006348804063523,5.4265682189269935,0.0,28.892349877618653,25.116764787611782,473.2275335481706,482.6342597596439,0.0
6.117,5.162637680545758,-2.2458247191662153,9.799687498159987,0.0,28.738825738922177,25.998543939327597,471.8766245505585,482.6342597596439,0.0
6.118,5.790447264577169,-2.231198691649449,10.0,0.0,28.687771167852503,26.689252422007424,471.5001454884547,482.6342597596439,0.0
6.119,6.425217174499704,-2.1937175086911704,10.0,0.0,28.706916232307524,27.240234880042735,452.2760001707772,482.6342597596439,0.0
6.12,7.0528245754718135,-2.0408039886445533,10.0,0.0,28.762799360745028,27.675344483712315,446.2720108263881,482.6342597596439,0.0
6.121,7.671163923038417,-1.7805017033730484,10.0,0.0,28.82950102052634,28.010790185636075,431.84639139302124,482.6342597596439,0.0
6.122,8.227366434674138,-1.5350038005831985,10.0,0.0,28.89867533806774,28.26436260054134,421.72476991261965,482.6342597596439,0.0
6.123,8.815096150526973,-1.1900781556986915,10.0,0.0,28.950802623436125,28.440406962082747,404.55008320617713,482.6342597596439,0.0
6.1240000000000006,9.352715176568433,-0.8981133921238476,10.0,0.0,28.986654748877424,28.550798820300834,398.99921170886023,482.6342597596439,0.0
6.125,9.901758232753526,-0.5760492206650012,10.0,0.0,28.99745343637167,28.598718159321283,411.72625585571006,482.6342597596439,0.0
6.126,10.103689289282308,-0.7907126615612086,10.0,0.0,29.038797809231717,28.6262034475328,426.90985396439186,482.6342597596439,0.0
6.127,10.12472250040338,-1.2006318110860095,10.0,0.0,29.121700745665677,28.65478030155115,442.46997275514184,482.6342597596439,0.0
6.128,10.066303710696124,-1.6320121183966414,10.0,0.0,29.242523716166993,28.695426162790056,460.8444060378491,482.6342597596439,0.0
6.1290000000000004,9.906279763912082,-2.1252076037386907,10.0,0.0,29.405266676056588,28.76110818120438,474.78052337149455,482.6342597596439,0.0
6.13,9.710247914666365,-2.5727612517959564,10.0,0.0,29.602602488231533,28.856459557715418,497.11528661356715,482.6342597596439,0.0
6.131,9.455718093396236,-3.0154087934471714,-1.2561533199688668,0.0,29.833955549941145,27.749870474443533,501.6058654147943,482.6342597596439,0.0
6.132000000000001,8.563546994198925,-3.139332848156398,-3.691158777133958,0.0,29.94071956775412,26.717380061280323,504.29536081899215,482.6342597596439,0.0
6.133,7.533660662773571,-3.079246221180978,-5.252517489826355,0.0,29.92570937295508,25.755781472855038,504.92187549372574,482.6342597596439,0.0
6.134,6.52749610131935,-2.928415164128249,-5.788650984533966,0.0,29.800049788787383,24.945859864947185,501.75180390438607,482.6342597596439,0.0
6.135,5.662738839351036,-2.719915972059703,-4.394790631311553,0.0,29.584537401688635,24.44811208641685,495.2952990550457,482.6342597596439,0.0
6.136,5.054384966724314,-2.5185556356051326,-1.2931485995953818,0.0,29.32073683035743,24.36410122035549,487.4613335088154,482.6342597596439,0.0
6.1370000000000005,4.7937865709388365,-2.361035009880519,2.57556343602804,0.0,29.059601564088048,24.67923557217869,479.3854786268276,482.6342597596439,0.0
6.138,4.88619601929625,-2.272817734955427,6.645978688350114,0.0,28.8479645656434,25.333030496314663,471.77128156968075,482.6342597596439,0.0
6.139,5.30645000794018,-2.227014630382784,10.0,0.0,28.71871459070308,26.183216575683574,472.2058740847784,482.6342597596439,0.0
6.140000000000001,5.95336475282688,-2.2089222584841255,10.0,0.0,28.685876091330556,26.834960754453974,465.6687994637932,482.6342597596439,0.0
6.141,6.5795664078128,-2.1618136306315834,10.0,0.0,28.71649483442753,27.355833630810494,447.6065030040184,482.6342597596439,0.0
6.142,7.219582231055707,-1.9615923854222175,10.0,0.0,28.774585740155956,27.763541369834194,446.08501602945773,482.6342597596439,0.0
6.143,7.820295095059738,-1.708779297217872,10.0,0.0,28.841831101963518,28.076609168720356,425.20960269170007,482.6342597596439,0.0
6.144,8.387755350421267,-1.4339407188080093,10.0,0.0,28.905954594735903,28.30868122444893,420.92261480536473,482.6342597596439,0.0
6.1450000000000005,8.956490596490413,-1.1142113892864882,10.0,0.0,28.954451103340645,28.467072149367898,401.626390693533,482.6342597596439,0.0
6.146,9.512112667577004,-0.7912214592645233,10.0,0.0,28.9816054545696,28.5590425572966,402.15862209200833,482.6342597596439,0.0
6.147,9.962208929132082,-0.6343064883145587,10.0,0.0,29.00121066396425,28.600576991495146,420.400196856962,482.6342597596439,0.0
6.148,10.125689020509599,-0.8848688510225082,10.0,0.0,29.05213980544667,28.626436655777322,429.81460772569403,482.6342597596439,0.0
6.149,10.114983177585158,-1.3159083081368788,10.0,0.0,29.145470715864562,28.657615711414973,452.45454142768125,482.6342597596439,0.0
6.15,10.020906217944894,-1.7775880826938109,10.0,0.0,29.27906082143456,28.705251359661855,461.8503700611351,482.6342597596439,0.0
6.151,9.858172992008308,-2.245398688724926,10.0,0.0,29.45089785019009,28.778442338897662,480.87903967677636,482.6342597596439,0.0
6.152,9.645991485497289,-2.6904871695099843,6.9661181559418495,0.0,29.65715190081969,28.54948355369589,497.84264232241287,482.6342597596439,0.0
6.1530000000000005,9.204801262713568,-3.0715407574560696,-1.6677669925040979,0.0,29.85734967773238,27.491066613629876,501.86055506947,482.6342597596439,0.0
6.154,8.294974412019478,-3.1393605276008576,-3.8689863191309355,0.0,29.935335621783665,26.498384922165762,505.1806658441981,482.6342597596439,0.0
6.155,7.281001098740147,-3.0644488817535227,-5.754505767340502,0.0,29.897336323538756,25.529813844170192,504.55679892715006,482.6342597596439,0.0
6.156,6.290513957602531,-2.8882344824248474,-5.6617977004915545,0.0,29.747645379851097,24.782166878377502,500.26436652641604,482.6342597596439,0.0
6.157,5.4772891968606565,-2.668657851736256,-3.691882567792268,0.0,29.51576754857048,24.38962895099398,493.23915138497324,482.6342597596439,0.0
6.158,4.953234684137785,-2.473283907509249,-0.2853239133241612,0.0,29.24852834012148,24.417693082677346,485.3636420329411,482.6342597596439,0.0
6.159,4.788473216652643,-2.3316512436935994,3.625136939958951,0.0,28.997193612108266,24.82519520396007,476.7127899776795,482.6342597596439,0.0
6.16,4.968628952072494,-2.258033314251757,8.009777665409377,0.0,28.805060923424204,25.58855476600888,471.2032977986182,482.6342597596439,0.0
6.1610000000000005,5.484877431801605,-2.2217396581526963,10.0,0.0,28.705221336936955,26.376457377118868,473.18775961587534,482.6342597596439,0.0
6.162,6.131903792742101,-2.195939498775747,9.9634907998684,0.0,28.691680889238942,26.98565711820258,459.25562197476296,482.6342597596439,0.0
6.163,6.752892525353333,-2.116881053227276,10.0,0.0,28.73197603300256,27.475125447446093,445.4888024452992,482.6342597596439,0.0
6.164,7.394398423764613,-1.879703429621911,10.0,0.0,28.79188954117305,27.854955604641166,442.37969846804845,482.6342597596439,0.0
6.165,7.9674741053873674,-1.6483574034394795,10.0,0.0,28.860718427601988,28.146170830939386,422.7453838875968,482.6342597596439,0.0
6.166,8.5541981850088,-1.3304041651386638,10.0,0.0,28.91912455206659,28.356338531308552,414.65148801656755,482.6342597596439,0.0
6.167,9.09726771218203,-1.0452193746865701,10.0,0.0,28.964516039554915,28.497459666894414,401.56468670770676,482.6342597596439,0.0
6.168,9.666837399047157,-0.6974874717017268,10.0,0.0,28.984081830429194,28.571785867387103,408.82769214903743,482.6342597596439,0.0
6.1690000000000005,10.043097473481485,-0.6553399275162124,10.0,0.0,29.00796475143475,28.60494311559882,419.1346584046076,482.6342597596439,0.0
6.17,10.127826422343029,-1.0054786221907381,10.0,0.0,29.071711837016974,28.63161534745949,437.6668294297202,482.6342597596439,0.0
6.171,10.08688022241788,-1.4586784983131436,10.0,0.0,29.17810203665377,28.667346436172707,451.02590970899524,482.6342597596439,0.0
6.172,9.990617561084973,-1.8922056760760175,10.0,0.0,29.32058231599089,28.72032286672564,471.51157654914795,482.6342597596439,0.0
6.173,9.794673426090128,-2.386291029339206,10.0,0.0,29.504126327530916,28.802840910393094,484.2000410969085,482.6342597596439,0.0
6.174,9.566573162739813,-2.8308367781675905,5.293574972829371,0.0,29.721526921122184,28.400886385477634,498.8389448865842,482.6342597596439,0.0
6.175,9.036060167579187,-3.142066600221283,-2.1879237732779,0.0,29.906781825800387,27.341042187446917,504.2917842477796,482.6342597596439,0.0
6.176,8.094074007001165,-3.1714326943885913,-5.130918698756958,0.0,29.967644792345574,26.25510679305743,506.2969436282518,482.6342597596439,0.0
6.1770000000000005,7.030120508876739,-3.044567120594533,-6.370125227679141,0.0,29.899579048738275,25.284583489022683,504.23355449581777,482.6342597596439,0.0
6.178,6.038998894443486,-2.8272193629478695,-5.5544236088238526,0.0,29.718627951485036,24.604809027000385,498.62038696690496,482.6342597596439,0.0
6.179,5.274274164936236,-2.5978638069246633,-2.907701116440058,0.0,29.464738884168806,24.332107863530137,490.995562042335,482.6342597596439,0.0
6.18,4.843894997648664,-2.411925292783996,0.8210983230180133,0.0,29.190808926241928,24.48468308419839,483.06112100664086,482.6342597596439,0.0
6.181,4.785662165306102,-2.2915863799024847,4.784050228395111,0.0,28.94815159089901,24.995346322088846,474.45376022982384,482.6342597596439,0.0
6.182,5.0653607526459465,-2.234285763037398,9.169535612101821,0.0,28.775726634153077,25.842102202879115,471.85031217964024,482.6342597596439,0.0
6.183,5.6622783411624,-2.214954788764871,10.0,0.0,28.703666360159446,26.57157227988409,472.78320098999353,482.6342597596439,0.0
6.184,6.307845242293208,-2.1843128714069184,10.0,0.0,28.708581820099013,27.147541494671,454.3850813602044,482.6342597596439,0.0
6.1850000000000005,6.937932232109786,-2.0610686024370195,10.0,0.0,28.757352205110216,27.603551434104645,446.01290261276813,482.6342597596439,0.0
6.186,7.571174669561385,-1.8054004860401323,10.0,0.0,28.819955495449705,27.955481619874554,435.70246296490797,482.6342597596439,0.0
6.187,8.130249888310283,-1.5749022882231194,10.0,0.0,28.888693354736326,28.22331326641355,421.85301699766217,482.6342597596439,0.0
6.188,8.725029256649625,-1.231403757374109,10.0,0.0,28.941860736332973,28.411400555897472,407.1022980418794,482.6342597596439,0.0
6.189,9.261558833655693,-0.9491227993653131,10.0,0.0,28.980904188645866,28.532925394805392,400.5584114270868,482.6342597596439,0.0
6.19,9.82092116423416,-0.6150041021552379,10.0,0.0,28.99426553250524,28.590037534460233,410.05652836262163,482.6342597596439,0.0
6.191,10.092149317132717,-0.7302981560215125,10.0,0.0,29.02802548884155,28.618533121022484,424.14662888972276,482.6342597596439,0.0
6.192,10.124463750537743,-1.1372013860207,10.0,0.0,29.10486542296171,28.64671283841656,440.77493566220403,482.6342597596439,0.0
6.1930000000000005,10.081554979117742,-1.5599687626923746,10.0,0.0,29.219274714543136,28.684801686673495,457.6200001950137,482.6342597596439,0.0
6.194,9.931039910424792,-2.0538581581108817,10.0,0.0,29.376152121521454,28.746650149104916,472.1989260135077,482.6342597596439,0.0
6.195,9.744028028581539,-2.5023538671408425,10.0,0.0,29.56792226808417,28.83706766230684,496.0923951318232,482.6342597596439,0.0
6.196,9.494793195425661,-2.95162827051498,-0.7479685049876101,0.0,29.794492378591684,27.780889616124938,499.3877575097618,482.6342597596439,0.0
6.197,8.633376923626653,-3.0965687158348527,-2.5631846714580906,0.0,29.90423837838168,26.853055733916406,503.2163207849565,482.6342597596439,0.0
6.198,7.663972325375488,-3.078588479897431,-4.683286919308571,0.0,29.90679915956553,25.911941097398547,504.91776910296466,482.6342597596439,0.0
6.199,6.68049765436057,-2.9590847486692207,-5.756846171745853,0.0,29.80202679090348,25.066791675190384,502.40396600724443,482.6342597596439,0.0
6.2,5.796893432021525,-2.7610181904257276,-4.697641686361748,0.0,29.602624432792304,24.51028976200059,496.4016505927826,482.6342597596439,0.0
6.2010000000000005,5.144223136453095,-2.5552361069166074,-1.8341578874622044,0.0,29.346856755569696,24.35684666763291,488.67243002504085,482.6342597596439,0.0
6.202,4.824324563311863,-2.3891273886979385,1.9700706937546864,0.0,29.085107398463624,24.611663561014453,480.67476702726236,482.6342597596439,0.0
6.203,4.8610526665439355,-2.288862547400136,5.9884971199677475,0.0,28.86564662104573,25.211569373331557,472.46346526902386,482.6342597596439,0.0
6.204,5.227709064757898,-2.2380770504214205,10.0,0.0,28.723538746346676,26.09065465644537,471.9779722174107,482.6342597596439,0.0
6.205,5.86905080488741,-2.2255176882807883,10.0,0.0,28.682676512563216,26.760624567545463,469.05664559031004,482.6342597596439,0.0
6.206,6.499568138595549,-2.1841765933604056,10.0,0.0,28.708475566448282,27.2965677748506,450.29712045916034,482.6342597596439,0.0
6.207,7.132665738261128,-2.0077066608915546,10.0,0.0,28.76629075405298,27.718161004187603,446.1615206080432,482.6342597596439,0.0
6.208,7.742888299310288,-1.7484133920915998,10.0,0.0,28.8337261855876,28.042582923632626,428.7488767238529,482.6342597596439,0.0
6.2090000000000005,8.302417296688878,-1.4903749157667456,10.0,0.0,28.901068966205525,28.285860230185456,421.455406465333,482.6342597596439,0.0
6.21,8.883416874342544,-1.1522552736127532,10.0,0.0,28.951392423543254,28.45322942057666,402.72981192208846,482.6342597596439,0.0
6.211,9.425809115685265,-0.850683682355408,10.0,0.0,28.983628775569557,28.55504088689137,405.54682993310854,482.6342597596439,0.0
6.212,9.94019475407845,-0.5860035414234159,10.0,0.0,28.996723539434768,28.59873634396742,413.9618802907225,482.6342597596439,0.0
6.213,10.115721838966587,-0.8311926440961706,10.0,0.0,29.04249597532437,28.62520760876862,428.3101740454634,482.6342597596439,0.0
6.214,10.118718427241,-1.257342267860336,10.0,0.0,29.130762861692475,28.655034636817337,444.7376156606925,482.6342597596439,0.0
6.215,10.051325788094424,-1.6897316195661611,10.0,0.0,29.256487094678633,28.698148806886884,462.9378694804896,482.6342597596439,0.0
6.216,9.881867487777056,-2.1850850012437375,10.0,0.0,29.424115299840608,28.767490469891527,476.8512391104253,482.6342597596439,0.0
6.2170000000000005,9.678414856816453,-2.632007450879256,9.010249146538827,0.0,29.62612278642999,28.75847339963366,499.22561824357865,482.6342597596439,0.0
6.218,9.362339351370174,-3.051994348102649,-2.3428540048771973,0.0,29.848757151532844,27.564348726228864,501.47128952253945,482.6342597596439,0.0
6.219,8.414379322763708,-3.128468024980517,-3.654059941986553,0.0,29.933927848269278,26.58231318319922,504.2986622150836,482.6342597596439,0.0
6.22,7.393973215501996,-3.060008203041561,-5.284390312813022,0.0,29.904082603847034,25.643539054239064,504.5939887947682,482.6342597596439,0.0
6.221,6.408881413831967,-2.904958226584689,-5.651650893006579,0.0,29.76697357178014,24.86971849073077,500.95896017608754,482.6342597596439,0.0
6.222,5.576146417159125,-2.6966729186530687,-4.017383587830675,0.0,29.54483250246119,24.42476102135522,494.3136334376861,482.6342597596439,0.0
6.223,5.011368380548898,-2.5009452431754378,-0.8115139554103861,0.0,29.280962601913362,24.392186412560193,486.52085526367244,482.6342597596439,0.0
6.224,4.795865571123425,-2.351727963946699,3.0460091765561668,0.0,29.02576560658043,24.746808651452696,478.22363062196223,482.6342597596439,0.0
6.2250000000000005,4.927028476005015,-2.2696544319652796,7.238727788788092,0.0,28.824014618944368,25.446489835317283,471.08708571688396,482.6342597596439,0.0
6.226,5.388640034257317,-2.226238857023377,10.0,0.0,28.708451870534578,26.26837491678386,472.64595864038085,482.6342597596439,0.0
6.227,6.035350043096866,-2.202606959201522,10.0,0.0,28.684468552101443,26.90238050776085,462.7519571288779,482.6342597596439,0.0
6.228,6.656947453528449,-2.145061311638652,10.0,0.0,28.72019042235561,27.408678592737743,446.18263728119706,482.6342597596439,0.0
6.229,7.298902902026229,-1.9254772340661965,10.0,0.0,28.779391122024723,27.803519931011934,444.39195688889544,482.6342597596439,0.0
6.23,7.88591469745068,-1.683450744745035,10.0,0.0,28.847728812504737,28.10664546241391,423.83862203525774,482.6342597596439,0.0
6.231,8.463529620276447,-1.3861319246717168,10.0,0.0,28.909260481762086,28.328624686167082,418.9677721204094,482.6342597596439,0.0
6.232,9.017805221434042,-1.0861537838379562,10.0,0.0,28.95681249917804,28.4793649875716,401.50084762221195,482.6342597596439,0.0
6.2330000000000005,9.582738871065006,-0.7467773016536143,10.0,0.0,28.98035171336092,28.56318651512943,400.2196950153482,482.6342597596439,0.0
6.234,10.008310587768023,-0.6272244272464031,10.0,0.0,29.000162107518346,28.59981625900875,420.7330646892055,482.6342597596439,0.0
6.235,10.113271454578197,-0.9618635594721803,10.0,0.0,29.059660269936856,28.62747408973378,433.4364271008225,482.6342597596439,0.0
6.236,10.116468182232603,-1.356422003005783,10.0,0.0,29.156029436652467,28.659013922254292,449.82053396816707,482.6342597596439,0.0
6.237,9.997906537835206,-1.8447533886879084,10.0,0.0,29.29568653793826,28.71011043635456,464.77205525148946,482.6342597596439,0.0
6.238,9.838749088685978,-2.293190042359629,10.0,0.0,29.47093229855257,28.786384712135828,487.80632795629305,482.6342597596439,0.0
6.239,9.601816513445158,-2.7681248923784705,3.4411174933877726,0.0,29.68403937764893,28.175550069458048,493.79058747289423,482.6342597596439,0.0
6.24,8.984229129347003,-3.0278971182358068,0.33742445795467635,0.0,29.838577880911995,27.436857476624557,502.3100439970014,482.6342597596439,0.0
6.2410000000000005,8.17437729032959,-3.1304366910338475,-4.119061646472483,0.0,29.912474905314614,26.411219280718985,505.70034822286993,482.6342597596439,0.0
6.242,7.1786815410647415,-3.060588170102356,-6.04487464403901,0.0,29.867709674655977,25.429688052185156,504.22649151292035,482.6342597596439,0.0
6.243,6.19636740448332,-2.8705714216680667,-5.523868606596981,0.0,29.709064487091357,24.716499815064438,499.42929190006845,482.6342597596439,0.0
6.244,5.407555218599036,-2.649925850358678,-3.2932191215752766,0.0,29.47259414921144,24.37587346495876,492.1593422623484,482.6342597596439,0.0
6.245,4.923926035330218,-2.4587757534062007,0.24650487225770856,0.0,29.206888155157266,24.458036948847802,484.3292556474223,482.6342597596439,0.0
6.246,4.803738799953929,-2.3259387007868755,4.144598220842961,0.0,28.96326853407881,24.907190817407265,475.5798483050686,482.6342597596439,0.0
6.247,5.0233942487202015,-2.25826932769619,8.589846006565574,0.0,28.782811001450376,25.711699688228514,471.6337325478555,482.6342597596439,0.0
6.248,5.5753400370285195,-2.228143049584797,10.0,0.0,28.698212912305554,26.469858897899115,473.92194583845094,482.6342597596439,0.0
6.2490000000000006,6.219317225774331,-2.1971121933092523,9.602467468058416,0.0,28.694778421633075,27.02059422636129,456.73909747905327,482.6342597596439,0.0
6.25,6.819607256964258,-2.090534707576671,10.0,0.0,28.735347698006244,27.504024345199557,445.3860090878933,482.6342597596439,0.0
6.251,7.456276964682305,-1.840325635536904,10.0,0.0,28.793745835558862,27.87516228693481,439.67275874690927,482.6342597596439,0.0
6.252,8.021089628971549,-1.6149931319713402,10.0,0.0,28.861133468857936,28.15926355225717,422.12359647101937,482.6342597596439,0.0
6.253,8.615139209909493,-1.284286907441777,10.0,0.0,28.916068105696738,28.36199612711692,410.65374047535454,482.6342597596439,0.0
6.2540000000000004,9.15546060752722,-1.0042316591378126,10.0,0.0,28.958283521269493,28.496454050245987,401.47815512570895,482.6342597596439,0.0
6.255,9.723866961627564,-0.6602346620952031,10.0,0.0,28.97468407040624,28.56456623764459,406.03076353850685,482.6342597596439,0.0
6.256,10.046218241834863,-0.7052413690576058,10.0,0.0,29.00464649110546,28.597732683935195,424.0401663634596,482.6342597596439,0.0
6.257000000000001,10.133844250781602,-1.038851612199628,10.0,0.0,29.07117637403981,28.624163379484592,436.1622861837591,482.6342597596439,0.0
6.258,10.078794438788686,-1.5017888045914036,10.0,0.0,29.181283326967346,28.66153573318118,452.8896420238578,482.6342597596439,0.0
6.259,9.969186692913286,-1.9459297640330213,10.0,0.0,29.32834295358645,28.717687900727217,473.3279777848371,482.6342597596439,0.0
6.26,9.766737905829377,-2.4396956244472183,10.0,0.0,29.516184669349393,28.80410410330104,485.9897581581503,482.6342597596439,0.0
6.261,9.533080334568341,-2.882359448306621,4.384805712197705,0.0,29.737639195813816,28.306669330503407,499.77056053812356,482.6342597596439,0.0
6.2620000000000005,8.95257649092666,-3.1621523673476823,-2.67695848557371,0.0,29.913555375207938,27.2220002158431,504.77982290561323,482.6342597596439,0.0
6.263,7.982207327598957,-3.169539046597553,-5.403045300778238,0.0,29.961427630723723,26.135073292423108,506.175780351405,482.6342597596439,0.0
6.264,6.913868146734477,-3.0262863567470664,-6.336439229591747,0.0,29.87998830566986,25.194027441141046,503.7651651408686,482.6342597596439,0.0
6.265000000000001,5.942465103433548,-2.8031463643447436,-5.342440678135777,0.0,29.68947545572741,24.553786965384557,497.8553533069742,482.6342597596439,0.0
6.266,5.210226507673123,-2.5755358528730663,-2.539745696661897,0.0,29.431184086865734,24.327707929757697,490.11441469259444,482.6342597596439,0.0
6.267,4.820364677163297,-2.3944319254158626,1.2559220611984907,0.0,29.15846862442194,24.52346657975572,482.151837559908,482.6342597596439,0.0
6.268,4.800922587954558,-2.282175686216281,5.242034849539059,0.0,28.922063426184945,25.071133559156287,473.60408338521256,482.6342597596439,0.0
6.269,5.117327922741087,-2.22829095804559,9.6062137006311,0.0,28.75926068800493,25.945592858811207,471.8982774809192,482.6342597596439,0.0
6.2700000000000005,5.7412076291260785,-2.2148008968380477,10.0,0.0,28.699239094157285,26.65053794474781,471.8184078557625,482.6342597596439,0.0
6.271,6.383199212339511,-2.182219020380753,10.0,0.0,28.712265062489838,27.210668222622665,452.66496354956877,482.6342597596439,0.0
6.272,7.016099892869695,-2.0380251077661944,10.0,0.0,28.764465950153596,27.65288891051711,446.29550370050856,482.6342597596439,0.0
6.273,7.641099447830109,-1.780878423719815,10.0,0.0,28.828824621721477,27.993686674148147,432.56439095336754,482.6342597596439,0.0
6.274,8.200198394179523,-1.5405715203723678,10.0,0.0,28.896964909967902,28.25158964002404,421.8041071616153,482.6342597596439,0.0
6.275,8.791597652365798,-1.1964490126635474,10.0,0.0,28.94863105916278,28.43105340919997,405.01389654159334,482.6342597596439,0.0
6.276,9.330125837609218,-0.9074236340612003,10.0,0.0,28.9847254037866,28.544413308582897,399.13689013346453,482.6342597596439,0.0
6.277,9.881843199684905,-0.5839057497626813,10.0,0.0,28.995849590399512,28.59474302451403,413.76607830417584,482.6342597596439,0.0
6.2780000000000005,10.102965141336744,-0.7715118880006882,10.0,0.0,29.034766183993405,28.622345947552382,425.27770758190064,482.6342597596439,0.0
6.279,10.126495587035352,-1.1810217268049685,10.0,0.0,29.115721431417843,28.650703108035966,440.6762313719549,482.6342597596439,0.0
6.28,10.063254939073378,-1.6255168485706655,10.0,0.0,29.236216235154387,28.691511852946434,463.38639701759786,482.6342597596439,0.0
6.281,9.914823115214334,-2.1032248376711125,10.0,0.0,29.396845360591694,28.755984297884382,474.0381012680894,482.6342597596439,0.0
6.282,9.71274376361324,-2.5647091306314898,10.0,0.0,29.593845010313718,28.850816821309806,491.5468494663347,482.6342597596439,0.0
6.283,9.462662425175985,-3.0038361807680958,1.5801906896963303,0.0,29.824317079991516,28.055175186943565,503.5708662336845,482.6342597596439,0.0
6.284,8.723406738944341,-3.1997533174981014,-4.641183758718972,0.0,29.969337393803826,26.84080913886019,505.78081924999077,482.6342597596439,0.0
6.285,7.644539841875457,-3.1277747094358994,-5.97762586177557,0.0,29.968542253172426,25.788869641929566,505.5236509942334,482.6342597596439,0.0
6.2860000000000005,6.574853250663993,-2.9462982570617644,-6.077935646242768,0.0,29.843390053230586,24.951251781430624,502.2013896679704,482.6342597596439,0.0
6.287,5.673493219428283,-2.7199082786627358,-4.61247628219453,0.0,29.62390315413287,24.43553685240118,495.71334381056255,482.6342597596439,0.0
6.288,5.043141292440534,-2.5102059272671107,-1.4992441939998038,0.0,29.353990093172463,24.33757077408215,487.75152088091124,482.6342597596439,0.0
6.289,4.76886921287149,-2.3483067760996796,2.430494659613175,0.0,29.085559847361722,24.64741535999716,479.6734688347973,482.6342597596439,0.0
6.29,4.855010881742636,-2.2593846813501335,6.499128591918618,0.0,28.86679464581278,25.29546650238556,471.9119754872326,482.6342597596439,0.0
6.291,5.270551134304913,-2.2153627201315285,10.0,0.0,28.730757883871025,26.15639751485298,472.0880847114783,482.6342597596439,0.0
6.292,5.922157370060097,-2.2016937048895837,10.0,0.0,28.69335452730576,26.81510175239122,466.2288122912206,482.6342597596439,0.0
6.293,6.554322168615368,-2.157868294032243,10.0,0.0,28.720877825108957,27.341173165035585,448.02036921288493,482.6342597596439,0.0
6.2940000000000005,7.1968399369498215,-1.9639640948344503,10.0,0.0,28.77736472659309,27.753034459664597,445.8434777486919,482.6342597596439,0.0
6.295,7.801192207726831,-1.7128059690456574,10.0,0.0,28.843700715546916,28.06930474287699,426.08082710995774,482.6342597596439,0.0
6.296,8.371240112600974,-1.4387307879056097,10.0,0.0,28.90739344525909,28.303919849835147,421.15675582328436,482.6342597596439,0.0
6.297,8.942607898186258,-1.117821296189764,10.0,0.0,28.95561912041851,28.464292741703066,401.6882105226967,482.6342597596439,0.0
6.298,9.496839915897631,-0.7991732517220229,10.0,0.0,28.98321732727449,28.558199067807724,402.96868289543255,482.6342597596439,0.0
6.299,9.954825767922998,-0.6307448273276473,10.0,0.0,29.00210569981664,28.600638458441853,419.54599811634904,482.6342597596439,0.0
6.3,10.124453582708675,-0.87452445888864,10.0,0.0,29.05184921788363,28.62664354616061,429.50870623960975,482.6342597596439,0.0
6.301,10.11546786595316,-1.3059609055472219,10.0,0.0,29.14423910573263,28.657707183905153,447.1993154342463,482.6342597596439,0.0
6.3020000000000005,10.020935778713572,-1.7717419856015661,10.0,0.0,29.277417922910587,28.705212119088934,462.10707846469023,482.6342597596439,0.0
6.303,9.86804370073779,-2.225398875327806,10.0,0.0,29.447273798958463,28.777157250177083,485.69274223942983,482.6342597596439,0.0
6.304,9.642164908175772,-2.696891144694249,4.508212067777854,0.0,29.654666181243403,28.278114529618815,492.37268561300743,482.6342597596439,0.0
6.305,9.083021689088595,-2.9958378760632165,1.0708561224554192,0.0,29.819584271000963,27.585771010855602,501.4042577420047,482.6342597596439,0.0
6.306,8.315870858546866,-3.128987759473561,-3.6326299218668163,0.0,29.91043321976789,26.574938906690978,505.6450648161037,482.6342597596439,0.0
6.307,7.335648410017998,-3.083095975109628,-5.983141509480912,0.0,29.884734468127515,25.562906454657913,504.6777319883523,482.6342597596439,0.0
6.308,6.334459400863221,-2.904083184468458,-5.719909817892314,0.0,29.741169857320994,24.80229654113675,500.36273718795786,482.6342597596439,0.0
6.309,5.508236619650904,-2.681670913383913,-3.739697191978225,0.0,29.51322549433012,24.39945484566353,493.3806082811392,482.6342597596439,0.0
6.3100000000000005,4.972436460898179,-2.4836592457710616,-0.3560962237838403,0.0,29.24823423736443,24.41717265333146,485.54230938197327,482.6342597596439,0.0
6.311,4.7966667335881965,-2.3395982278721354,3.533972729575826,0.0,28.997647291569358,24.81466779814022,476.96921624051663,482.6342597596439,0.0
6.312,4.966614902200474,-2.263723160106599,7.877169735495418,0.0,28.804962907559446,25.565753719185697,471.13672696410754,482.6342597596439,0.0
6.313,5.471935086276409,-2.2251734519134194,10.0,0.0,28.70317383683148,26.358656230199713,473.019597400885,482.6342597596439,0.0
6.314,6.117248978455138,-2.1996874623676,10.0,0.0,28.688435962509605,26.97492995409559,459.77699979612504,482.6342597596439,0.0
6.315,6.73929887521392,-2.1240636785263507,10.0,0.0,28.728735491682425,27.46613016844801,445.5424779672413,482.6342597596439,0.0
6.316,7.380321607580255,-1.8894249528954061,10.0,0.0,28.789071067392214,27.847948312689763,442.82095512928845,482.6342597596439,0.0
6.317,7.954776979121227,-1.656311841463923,10.0,0.0,28.85825884495405,28.140838336532475,422.92466975808316,482.6342597596439,0.0
6.3180000000000005,8.53945994739989,-1.3413543574084703,10.0,0.0,28.917502655012186,28.352787562951853,415.5487387066944,482.6342597596439,0.0
6.319,9.083500195291775,-1.0541819553521612,10.0,0.0,28.9635776173208,28.495468650149792,401.57401498996666,482.6342597596439,0.0
6.32,9.652598528583834,-0.7066412369700474,10.0,0.0,28.98395543711688,28.571328710675587,407.37008718785097,482.6342597596439,0.0
6.321,10.04025081788275,-0.6458932630300502,10.0,0.0,29.00667461103636,28.604689778638456,418.7160761631018,482.6342597596439,0.0
6.322,10.125558855474981,-0.9979303795081309,10.0,0.0,29.06978953691216,28.631479295954826,435.66717745972295,482.6342597596439,0.0
6.323,10.091702424787524,-1.4421022164365187,10.0,0.0,29.17461045282936,28.666478641878673,451.0978310650477,482.6342597596439,0.0
6.324,9.99444168920407,-1.8801482221925383,10.0,0.0,29.316192554011096,28.718820261409164,470.32103568860913,482.6342597596439,0.0
6.325,9.800405366579028,-2.373983940133474,10.0,0.0,29.49879207594367,28.800457317237715,483.6591711417264,482.6342597596439,0.0
6.3260000000000005,9.574965525576768,-2.816729294763751,5.565991478224408,0.0,29.71505898309574,28.42730770156533,499.0975980875382,482.6342597596439,0.0
6.327,9.057854893287763,-3.1394796278153416,-2.317855377960427,0.0,29.903459321054758,27.344844440354606,503.87712238846564,482.6342597596439,0.0
6.328,8.110175270869174,-3.16714699239581,-4.920046154712368,0.0,29.96458920587013,26.281138674323127,506.1457433713585,482.6342597596439,0.0
6.329,7.054728215076866,-3.0463939513221465,-6.289471482275942,0.0,29.89967601743691,25.311923975024833,504.3100212294105,482.6342597596439,0.0
6.33,6.0651801122799744,-2.834052001587695,-5.588368025999609,0.0,29.722182593857124,24.622250881028815,498.8304104198286,482.6342597596439,0.0
6.331,5.294099909690336,-2.6059343933000596,-3.0105241278104984,0.0,29.47050168582142,24.33527088956935,491.18635775074995,482.6342597596439,0.0
6.332,4.853151213487629,-2.4178216288046186,0.7259812268177575,0.0,29.196879641431725,24.477851511035876,483.2834345144975,482.6342597596439,0.0
6.333,4.7850610395729625,-2.2955271775243182,4.670951097395438,0.0,28.95330660163176,24.978473930302634,474.6321601239767,482.6342597596439,0.0
6.3340000000000005,5.05441443112058,-2.238039366333823,9.076609289012524,0.0,28.77905239302032,25.819539731225436,471.62038441604966,482.6342597596439,0.0
6.335,5.6455563633662145,-2.2161311403118527,10.0,0.0,28.704495158611792,26.554257848855723,473.2040143030158,482.6342597596439,0.0
6.336,6.292476386103115,-2.1841055055300735,9.981270689566946,0.0,28.707561721841383,27.131504516846014,454.9279182045995,482.6342597596439,0.0
6.337,6.918730234186041,-2.0679181785292298,10.0,0.0,28.75558594592477,27.59116196855045,445.61681568282376,482.6342597596439,0.0
6.338,7.554087292962203,-1.8116505470487274,10.0,0.0,28.817745926577402,27.94584206640391,436.6958957532271,482.6342597596439,0.0
6.339,8.113588452181395,-1.5825039622747652,10.0,0.0,28.886514470939787,28.216078595610924,421.7013786454904,482.6342597596439,0.0
6.34,8.707897343691815,-1.2411217898325437,10.0,0.0,28.940169240665732,28.406389359859517,407.76361179205026,482.6342597596439,0.0
6.341,9.244323637285214,-0.9599371052799586,10.0,0.0,28.97997311626759,28.529970721275685,401.0154687762173,482.6342597596439,0.0
6.3420000000000005,9.806551001192418,-0.6215355503743983,10.0,0.0,28.99374241625677,28.588693587016568,408.3787727449938,482.6342597596439,0.0
6.343,10.086679882429511,-0.7244285847068064,10.0,0.0,29.026709322146765,28.617729192885268,424.28872152321094,482.6342597596439,0.0
6.344,10.12288448052224,-1.1281732311547676,10.0,0.0,29.102666078800567,28.64597671177826,440.67688457805053,482.6342597596439,0.0
6.345,10.084411529092181,-1.546640604901351,10.0,0.0,29.215845876325943,28.683589225085584,456.84431657643484,482.6342597596439,0.0
6.346,9.93606652191609,-2.0398322776118256,10.0,0.0,29.371535355690188,28.74469168808976,471.7022198670982,482.6342597596439,0.0
6.347,9.750795788237147,-2.48839158232083,10.0,0.0,29.562175740209316,28.83414918336288,495.12827853755306,482.6342597596439,0.0
6.348,9.500505697570876,-2.942654134718432,-0.25959114886247026,0.0,29.78818112352049,27.83084914382223,499.03257255302344,482.6342597596439,0.0
6.349,8.66797654097412,-3.097963862500024,-2.3757212845314584,0.0,29.903797409078486,26.909376549450784,503.33994392226197,482.6342597596439,0.0
6.3500000000000005,7.708617682978094,-3.0889505163559923,-4.7364638107769,0.0,29.913160241289873,25.950296649355554,505.1164816061813,482.6342597596439,0.0
6.351,6.71767225653631,-2.9694186496639343,-5.8495548712019465,0.0,29.812620428395917,25.088638839435323,502.6399882825093,482.6342597596439,0.0
6.352,5.821565800824685,-2.7683728175001105,-4.811365494594599,0.0,29.61504909292823,24.517086827112653,496.6334865772115,482.6342597596439,0.0
6.353,5.155623578368431,-2.5593481998655756,-1.9481069101213713,0.0,29.359097440156873,24.35180201291452,488.8864433856315,482.6342597596439,0.0
6.354,4.824288058797131,-2.390612707922984,1.8628928494087624,0.0,29.09574181330552,24.597815387490932,480.9174278705295,482.6342597596439,0.0
6.355,4.852051477321569,-2.2886560893649035,5.864568925850907,0.0,28.87379521347497,25.188598901504495,472.6444971268243,482.6342597596439,0.0
6.356,5.210136799525755,-2.237340808229522,10.0,0.0,28.728496510289528,26.073878310268423,472.028242144498,482.6342597596439,0.0
6.357,5.851716559112226,-2.2261410779553445,10.0,0.0,28.6855368007802,26.747752676763444,469.6420475144763,482.6342597596439,0.0
6.3580000000000005,6.483774338197067,-2.1865584160409184,10.0,0.0,28.710018403363478,27.28683307755457,450.7621486357369,482.6342597596439,0.0
6.359,7.116400596263818,-2.0146042487247118,10.0,0.0,28.767440753981894,27.71118528792841,446.159384069109,482.6342597596439,0.0
6.36,7.728803268247399,-1.754468061309498,10.0,0.0,28.834660651633335,28.037806480989175,429.4525218497851,482.6342597596439,0.0
6.361,8.28682715378302,-1.50036511140559,10.0,0.0,28.90247071621044,28.283228943819935,421.44938712947567,482.6342597596439,0.0
6.362,8.870084367308795,-1.1594690479071832,10.0,0.0,28.95308448312713,28.452312112192857,403.09501208160844,482.6342597596439,0.0
6.363,9.410831070414432,-0.8609417706150104,10.0,0.0,28.986116150322275,28.555898775213773,404.66742141764774,482.6342597596439,0.0
6.364,9.940412779994066,-0.5707911964854149,10.0,0.0,28.99727202671868,28.59958341762943,412.7465614038544,482.6342597596439,0.0
6.365,10.111350744964923,-0.8262255806700884,10.0,0.0,29.042680067718607,28.626507824392156,428.96811144607227,482.6342597596439,0.0
6.3660000000000005,10.119438887296774,-1.2474591011984266,10.0,0.0,29.130021088711086,28.656100278571806,444.2863516847206,482.6342597596439,0.0
6.367,10.054171588479692,-1.6792491312820292,10.0,0.0,29.2548718211262,28.69872787372594,462.4351450577727,482.6342597596439,0.0
6.368,9.887304881790735,-2.1729417137171696,10.0,0.0,29.42148852358224,28.76728044735379,476.4428233564493,482.6342597596439,0.0
6.369,9.685490063129965,-2.619658130522936,9.21648625410641,0.0,29.622500693179752,28.779983884801943,499.0444704437256,482.6342597596439,0.0
6.37,9.383146036792468,-3.0425805792958016,-2.2484393963725378,0.0,29.846736294759275,27.589451206081808,501.5720658556523,482.6342597596439,0.0
6.371,8.438440558445132,-3.127767213924316,-3.701615163295977,0.0,29.934636373630248,26.596089439889685,504.18999364307297,482.6342597596439,0.0
6.372,7.413944715270639,-3.0594830501584056,-5.226136395840609,0.0,29.90604714363437,25.660935768258916,504.5784232411062,482.6342597596439,0.0
6.373,6.428257328780632,-2.9070523149657945,-5.639792829671839,0.0,29.77071693024147,24.8843621994778,501.08225068164336,482.6342597596439,0.0
6.3740000000000006,5.592683191761494,-2.7006478143606873,-4.076186459160422,0.0,29.55008219359512,24.430102512537285,494.50184651195576,482.6342597596439,0.0
6.375,5.02085432938017,-2.505091732438544,-0.9046602418397427,0.0,29.286637837913972,24.386982574318097,486.7043033550386,482.6342597596439,0.0
6.376,4.796664611936296,-2.3546007506120175,2.9534109006649034,0.0,29.030627476797317,24.733445338150023,478.460364183165,482.6342597596439,0.0
6.377,4.919898566232964,-2.2713751594334193,7.117119442366489,0.0,28.827214522964145,25.423290385502156,471.24153005988643,482.6342597596439,0.0
6.378,5.372677291637638,-2.2273820041743004,10.0,0.0,28.70912037808278,26.250716088406882,472.5513576618053,482.6342597596439,0.0
6.3790000000000004,6.019224916353774,-2.2044754828557642,10.0,0.0,28.683498432187577,26.888168549491922,463.35742527489197,482.6342597596439,0.0
6.38,6.641126051600553,-2.1494629053846,10.0,0.0,28.718361608681768,27.397369921248977,446.3995711502172,482.6342597596439,0.0
6.381,7.2826097584261635,-1.933490035632821,10.0,0.0,28.777451714804247,27.794793277081375,444.7692436933382,482.6342597596439,0.0
6.382000000000001,7.872012752655511,-1.689549845912429,10.0,0.0,28.845701453726,28.099963815645822,424.08291604582536,482.6342597596439,0.0
6.383,8.447835510009725,-1.3960970584673986,10.0,0.0,28.907802867890272,28.323995800879324,419.6376386714087,482.6342597596439,0.0
6.384,9.004790356607247,-1.0923073402973262,10.0,0.0,28.955614998037202,28.476327923453706,401.45666233313034,482.6342597596439,0.0
6.385,9.567749736545407,-0.7562551526789965,10.0,0.0,28.97995128397057,28.561852063458144,400.0071514647098,482.6342597596439,0.0
6.386,9.997647685967776,-0.6302889827791862,10.0,0.0,28.999910598498253,28.599598237418373,422.9264058366966,482.6342597596439,0.0
6.3870000000000005,10.117987558209892,-0.9420217639398079,10.0,0.0,29.05719886659585,28.626627318982962,431.82843854498356,482.6342597596439,0.0
6.388,10.114747374042633,-1.3500580392718398,10.0,0.0,29.15322787851506,28.65824213818165,450.4739899973056,482.6342597596439,0.0
6.389,10.00078898353932,-1.8340894213531023,10.0,0.0,29.291978560437855,28.7088013977661,464.3605045541329,482.6342597596439,0.0
6.390000000000001,9.843510619893827,-2.2820885876877477,10.0,0.0,29.466349694602794,28.784340835680343,487.2981735525952,482.6342597596439,0.0
6.391,9.609298116407604,-2.7549891591679643,3.698255477826386,0.0,29.678376730342144,28.200762137527587,493.6035899711883,482.6342597596439,0.0
6.392,9.005311658568981,-3.02400650357023,0.43585396641439456,0.0,29.835706094861745,27.46499367705786,502.18476497359643,482.6342597596439,0.0
6.393,8.201424560541598,-3.1313424761480597,-4.050238586929203,0.0,29.912842460421935,26.440076549538002,505.70066734456515,482.6342597596439,0.0
6.394,7.206909543804784,-3.0649777828718316,-6.038853848262775,0.0,29.87140000068796,25.452835798973663,504.3106434538581,482.6342597596439,0.0
6.3950000000000005,6.220599410267817,-2.8764472018133156,-5.560605739851403,0.0,29.71530299488728,24.731217286552653,499.5782752701322,482.6342597596439,0.0
6.396,5.423781973490265,-2.6573035909998044,-3.3638618030933385,0.0,29.48043334704565,24.380797093463112,492.264389282613,482.6342597596439,0.0
6.397,4.932488420938503,-2.463339207577843,0.19677989543657048,0.0,29.21486399861097,24.45770921878199,484.5708366216873,482.6342597596439,0.0
6.398000000000001,4.8054089001664835,-2.3301332917138935,4.024190457278995,0.0,28.97082979064082,24.894847753302287,475.83029364371356,482.6342597596439,0.0
6.399,5.015570873107355,-2.2609907787196946,8.462501607425171,0.0,28.788639239648994,25.689420522239974,471.5841201305177,482.6342597596439,0.0
6.4,5.559023449657775,-2.2285253447289186,10.0,0.0,28.701245248041076,26.453380507175336,473.8914054256434,482.6342597596439,0.0
6.401,6.202997799917593,-2.1978322054983765,9.615953860885217,0.0,28.695935063112024,27.009182382464928,457.27384604437606,482.6342597596439,0.0
6.402,6.803392443961778,-2.095818314341294,10.0,0.0,28.73582148756988,27.495354921084168,445.3975734737415,482.6342597596439,0.0
6.4030000000000005,7.440899685716843,-1.8475698304411048,10.0,0.0,28.794049329126427,27.868936536743508,440.3267396993198,482.6342597596439,0.0
6.404,8.007475795032322,-1.6214104829896159,10.0,0.0,28.861417504712573,28.15503447538541,422.2384333987499,482.6342597596439,0.0
6.405,8.600544303981685,-1.2933473476803554,10.0,0.0,28.916833305194803,28.359687662830467,411.43972319970044,482.6342597596439,0.0
6.406,9.141600746113124,-1.0127550959402851,10.0,0.0,28.959588328035004,28.49583158803428,401.49488480139553,482.6342597596439,0.0
6.407,9.710803638075232,-0.6677232822098533,10.0,0.0,28.976534664118606,28.565434869307207,406.69346930140756,482.6342597596439,0.0
6.408,10.042287438642523,-0.698879200550441,10.0,0.0,29.005624163875922,28.599001266918417,422.73301382417463,482.6342597596439,0.0
6.409,10.132754784036269,-1.0307400831626476,10.0,0.0,29.07135449132255,28.6254834047566,435.9082047761836,482.6342597596439,0.0
6.41,10.08079789094952,-1.4914714413495846,10.0,0.0,29.180521840382777,28.66251029324911,452.6803865308612,482.6342597596439,0.0
6.4110000000000005,9.973971747971659,-1.9336046687621904,10.0,0.0,29.32650248481976,28.71798253459509,472.7196758474368,482.6342597596439,0.0
6.412,9.772572630531224,-2.4282018040860356,10.0,0.0,29.513416641559143,28.80359125773884,485.58140008041806,482.6342597596439,0.0
6.413,9.540468484483675,-2.8707971353176287,4.591667498418323,0.0,29.733939770021188,28.327931413958993,499.6527006847938,482.6342597596439,0.0
6.414,8.97099406700115,-3.158284590177463,-2.6141672130210374,0.0,29.912042267981313,27.243652518623417,504.61880760188956,482.6342597596439,0.0
6.415,8.004524257413522,-3.1693582967734746,-5.31706614999138,0.0,29.962249859788827,26.160968161544893,506.17605769787355,482.6342597596439,0.0
6.416,6.938544597915168,-3.030017610425341,-6.33110917736567,0.0,29.88373004414349,25.21465032016245,503.8846162722438,482.6342597596439,0.0
6.417,5.963815426075836,-2.8086545702996633,-5.397892029676806,0.0,29.69547389837409,24.564467010180564,498.01655697725147,482.6342597596439,0.0
6.418,5.224069195912225,-2.580654632492932,-2.6176853543567056,0.0,29.438158673425967,24.32859177302787,490.29497237612475,482.6342597596439,0.0
6.4190000000000005,4.825510933495644,-2.3983640216041997,1.1664998200418468,0.0,29.165215479437684,24.515474786090437,482.35252204688686,482.6342597596439,0.0
6.42,4.79784165014428,-2.284503489605013,5.14054236178836,0.0,28.927553153743467,25.054736044840553,473.79722198590895,482.6342597596439,0.0
6.421,5.106192608294448,-2.229731893289539,9.506562770014666,0.0,28.762696916218978,25.92263146640364,471.8465881123207,482.6342597596439,0.0
6.422,5.724020039939676,-2.214602555531806,10.0,0.0,28.699999333413043,26.632992105374605,472.1263803788207,482.6342597596439,0.0
6.423,6.366664263403402,-2.1824955347771153,10.0,0.0,28.711227093879362,27.196599959603468,453.0202245610487,482.6342597596439,0.0
6.424,6.998749575166747,-2.043188678147447,10.0,0.0,28.762690179700222,27.64186686239675,446.2405042945586,482.6342597596439,0.0
6.425,7.625852699428007,-1.7859170647443499,10.0,0.0,28.826626838310286,27.985092892941687,433.25174582955333,482.6342597596439,0.0
6.426,8.184557736861022,-1.5484144133123574,10.0,0.0,28.894939858590334,28.245203463418115,421.818367613678,482.6342597596439,0.0
6.4270000000000005,8.777072505693699,-1.2038762296714385,10.0,0.0,28.946908460203858,28.426544704677646,405.42463631903,482.6342597596439,0.0
6.428,9.315064792264618,-0.9164959997462709,10.0,0.0,28.983647882326604,28.541694678138086,399.3721568638026,482.6342597596439,0.0
6.429,9.868350623796081,-0.5908546924552422,10.0,0.0,28.99528161808037,28.59352207786202,413.74595395941327,482.6342597596439,0.0
6.43,10.100022148106095,-0.7636617820404399,10.0,0.0,29.03319991315843,28.621379101830144,424.8473213973947,482.6342597596439,0.0
6.431,10.127582070261251,-1.1688658253980786,10.0,0.0,29.11295645499899,28.649527376715294,441.3581935445914,482.6342597596439,0.0
6.432,10.060113422100741,-1.6237982173233396,10.0,0.0,29.23354269282219,28.69053362881519,456.78411072598976,482.6342597596439,0.0
6.433,9.927767069635088,-2.076366030258453,10.0,0.0,29.391404067576694,28.753381291777046,480.0929524638563,482.6342597596439,0.0
6.434,9.714988392430742,-2.5586243146201175,7.34100332348074,0.0,29.58828680430236,28.555322882468857,488.73313975908275,482.6342597596439,0.0
6.4350000000000005,9.322659099725447,-2.9343096589446183,2.9599208758731317,0.0,29.78217823145671,27.98245792071795,500.20815453138215,482.6342597596439,0.0
6.436,8.66194615623457,-3.1470422311410156,-2.9533254579939516,0.0,29.919037749218916,26.94837745646521,505.7642361035914,482.6342597596439,0.0
6.437,7.6948719524719085,-3.137124041750262,-5.962666007538038,0.0,29.935584942224654,25.859267026281767,505.7193384489263,482.6342597596439,0.0
6.438,6.64063936658467,-2.972542709751713,-6.171067967098323,0.0,29.82356160828555,24.99418639077103,502.2745036090289,482.6342597596439,0.0
6.439,5.727922480293694,-2.7445609839717697,-4.645052985643475,0.0,29.612800367673486,24.464213684606225,495.86141676841413,482.6342597596439,0.0
6.44,5.083139958688248,-2.5309906579300643,-1.5707811354237933,0.0,29.348905061899345,24.35087078722,487.97058975419844,482.6342597596439,0.0
6.441,4.793123388036749,-2.364754131949029,2.321269071738505,0.0,29.08391468236651,24.64530945083624,479.9509825331062,482.6342597596439,0.0
6.442,4.863834887453955,-2.271255956410674,6.357905454550011,0.0,28.86624477309917,25.27823627953282,472.0775211299119,482.6342597596439,0.0
6.4430000000000005,5.26423453182731,-2.2237960949235434,10.0,0.0,28.729348934620006,26.14303062471749,472.0649509698924,482.6342597596439,0.0
6.444,5.911515090576004,-2.209719076941222,10.0,0.0,28.691548241144055,26.80403814106266,466.9386098548334,482.6342597596439,0.0
6.445,6.54238180423389,-2.165815906921705,10.0,0.0,28.718939790127887,27.332242303510824,448.5815799447389,482.6342597596439,0.0
6.446,7.182036962734159,-1.9757658971896654,10.0,0.0,28.775946131087828,27.74631180431411,445.92679875526795,482.6342597596439,0.0
6.447,7.787328952988155,-1.72259721786833,10.0,0.0,28.84271073340408,28.064489421790128,426.79263598187646,482.6342597596439,0.0
6.448,8.3552604781647,-1.4511918683101563,10.0,0.0,28.907293735578108,28.301106189883285,421.31588808422015,482.6342597596439,0.0
6.449,8.928713006520848,-1.1261404507970196,10.0,0.0,28.9560385119132,28.463119118517128,401.86812844112694,482.6342597596439,0.0
6.45,9.479914813579864,-0.8117145523983846,10.0,0.0,28.98477376882944,28.558907558428157,404.26745707664634,482.6342597596439,0.0
6.4510000000000005,9.951431587369262,-0.6201892593613048,10.0,0.0,29.002290820795068,28.60163585299346,417.9669014801198,482.6342597596439,0.0
6.452,10.123900129814047,-0.8619933482991637,10.0,0.0,29.0508426997342,28.62758665136777,429.1673395368763,482.6342597596439,0.0
6.453,10.116504960646232,-1.29438342327951,10.0,0.0,29.142279337975317,28.65833571183147,445.5038101144965,482.6342597596439,0.0
6.454,10.034836286265657,-1.7409757702378768,10.0,0.0,29.272448475854297,28.704063132563093,465.6332000922301,482.6342597596439,0.0
6.455,9.8623938308533,-2.2318959116466,10.0,0.0,29.443708734103936,28.776386708361013,478.5440237126949,482.6342597596439,0.0
6.456,9.653944454672315,-2.677420252420392,8.152841898198002,0.0,29.649173800179415,28.676621568031656,497.75228383770957,482.6342597596439,0.0
6.457,9.285818674194472,-3.0771634594244577,-1.6024684050899776,0.0,29.86363235497713,27.59117623808989,502.29351228205206,482.6342597596439,0.0
6.458,8.379276025115775,-3.1565052189428338,-4.069675152485306,0.0,29.95283068277786,26.557920091035335,505.3934740828639,482.6342597596439,0.0
6.4590000000000005,7.344360595176291,-3.076161596833592,-5.847248196123434,0.0,29.920152347065866,25.57082369494263,504.84246849996083,482.6342597596439,0.0
6.46,6.3346342730510585,-2.8963760574885167,-5.793827492075059,0.0,29.773059232208947,24.803541853904076,500.6566979357606,482.6342597596439,0.0
6.461,5.502698136132858,-2.6737326144780194,-3.8811665917360996,0.0,29.541254321396156,24.389553089320245,493.6976193552673,482.6342597596439,0.0
6.462,4.959590724201138,-2.4752768242076972,-0.5122608974456995,0.0,29.271627322706635,24.39665818142537,485.8062188242491,482.6342597596439,0.0
6.463,4.776617694883018,-2.3303616863949905,3.401719777417367,0.0,29.015717425839888,24.787634840848746,477.27502776155575,482.6342597596439,0.0
6.464,4.941448587087401,-2.2544927954563594,7.72090762874491,0.0,28.817599757977014,25.52993257310484,471.01262121189853,482.6342597596439,0.0
6.465,5.440831371481387,-2.2164365155719703,10.0,0.0,28.71009612824815,26.332413250312527,472.79793782901754,482.6342597596439,0.0
6.466,6.089978840868859,-2.193644336410865,10.0,0.0,28.69146435230407,26.95469217932533,460.2675954276319,482.6342597596439,0.0
6.4670000000000005,6.715461845617399,-2.1228286225674555,10.0,0.0,28.729361840124497,27.450568382013984,445.5483189423961,482.6342597596439,0.0
6.468,7.3590487759366505,-1.8925964235931805,10.0,0.0,28.788439814683024,27.83610698092818,443.12975036969533,482.6342597596439,0.0
6.469,7.937584693544297,-1.6590022003396072,10.0,0.0,28.85677080910896,28.131796435773154,423.0611939642125,482.6342597596439,0.0
6.47,8.522120744371353,-1.348245334778917,10.0,0.0,28.915990336597662,28.34623643816132,416.30599782720986,482.6342597596439,0.0
6.471,9.068662024925349,-1.0596778524687953,10.0,0.0,28.962097057177818,28.490880212706884,401.5269213694866,482.6342597596439,0.0
6.472,9.637922673701318,-0.7134504103137334,10.0,0.0,28.982858139340543,28.56851702329609,406.0059636884958,482.6342597596439,0.0
6.473,10.036192545835084,-0.636727475225386,10.0,0.0,29.004329545907755,28.60234918159568,418.49605539747176,482.6342597596439,0.0
6.474,10.121882212737091,-0.9915548844971157,10.0,0.0,29.066835272018977,28.629502100084167,433.60043973793086,482.6342597596439,0.0
6.4750000000000005,10.105771720226832,-1.4079862461057329,10.0,0.0,29.168064893052154,28.662819350180058,453.10838500616217,482.6342597596439,0.0
6.476,9.982098659272575,-1.8946272820592487,10.0,0.0,29.311869477330404,28.716370769149556,466.4214899092941,482.6342597596439,0.0
6.477,9.816330794988724,-2.343443533778075,10.0,0.0,29.491152122407307,28.795945239111596,490.06680702452144,482.6342597596439,0.0
6.478,9.579672632846089,-2.806945535576388,2.294668255795438,0.0,29.706961007653355,28.062278753915493,495.225182547169,482.6342597596439,0.0
6.479,8.893080415249232,-3.04082516474768,-0.41042873340360764,0.0,29.84891409504605,27.27621101670797,502.2852243030328,482.6342597596439,0.0
6.48,8.042714585885545,-3.1118326055640053,-4.136959256769385,0.0,29.903537122176807,26.286752293336267,505.4228087355309,482.6342597596439,0.0
6.481,7.056464472473698,-3.0349066494395114,-5.933636962777307,0.0,29.844580044675446,25.341316356769255,503.7746005188164,482.6342597596439,0.0
6.482,6.1015863081204955,-2.8457844685829388,-5.32093626201177,0.0,29.676940900934575,24.665066257197847,498.7190273945403,482.6342597596439,0.0
6.4830000000000005,5.345404234628015,-2.63074764374467,-2.953997376222702,0.0,29.436677832686982,24.367544770079256,491.21820047471215,482.6342597596439,0.0
6.484,4.8999982377287745,-2.445454177661773,0.7105766765407004,0.0,29.172457009531563,24.496615720717852,483.437341580795,482.6342597596439,0.0
6.485,4.819452261877926,-2.321289650826412,4.592975305287753,0.0,28.93576020046448,24.981181599986193,474.9065995050133,482.6342597596439,0.0
6.486,5.073735036340553,-2.2582094848658367,8.935622945724932,0.0,28.765492487243616,25.803711899632187,471.88542173280877,482.6342597596439,0.0
6.487,5.646655033823647,-2.231867481651583,10.0,0.0,28.69223775661549,26.540139025578892,473.2532192276526,482.6342597596439,0.0
6.488,6.286415524413529,-2.1977690954361955,9.95253786575162,0.0,28.6964638091933,27.115088906567983,455.37671694309677,482.6342597596439,0.0
6.489,6.9059561080082545,-2.0819303457148344,10.0,0.0,28.745360966005038,27.576910001536223,445.6499366707844,482.6342597596439,0.0
6.49,7.53841069753911,-1.8255620455719255,10.0,0.0,28.808508391113918,27.933589482333883,437.45146274196037,482.6342597596439,0.0
6.4910000000000005,8.096145295070977,-1.5962597324316112,10.0,0.0,28.87834945034767,28.20588949772947,421.85874405849864,482.6342597596439,0.0
6.492,8.68851641602003,-1.2558151429852478,10.0,0.0,28.933280523489916,28.398360140179793,408.4154765366898,482.6342597596439,0.0
6.493,9.223890495013222,-0.9747035971281317,10.0,0.0,28.974447729413136,28.524109388219546,401.3183164417815,482.6342597596439,0.0
6.494,9.786816291037956,-0.6338482813922011,10.0,0.0,28.989390170275648,28.584832335274864,407.03574322676695,482.6342597596439,0.0
6.495,10.078775956008926,-0.7188874086725665,10.0,0.0,29.02167351891563,28.614490926524336,424.50059968276435,482.6342597596439,0.0
6.496,10.122606145720528,-1.1132658368832034,10.0,0.0,29.09622562764693,28.6425102692943,439.7309753819806,482.6342597596439,0.0
6.497,10.087790437267776,-1.5291004742056464,10.0,0.0,29.20792248560545,28.679450918487312,456.32841708924775,482.6342597596439,0.0
6.498,9.941887207504077,-2.0219856167321244,10.0,0.0,29.362202741992125,28.73956838674635,471.03223341002195,482.6342597596439,0.0
6.4990000000000006,9.758886706310733,-2.4705970388001073,10.0,0.0,29.55148512456823,28.82777315665179,494.4569408113771,482.6342597596439,0.0
6.5,9.51079325778653,-2.9249643965493224,0.07926409517077637,0.0,29.776154041009015,27.86026501261881,498.6211723517776,482.6342597596439,0.0
6.501,8.696761055455914,-3.091810203761071,-2.1627208009508214,0.0,29.89541461661822,26.95162620287924,503.14026474330774,482.6342597596439,0.0
6.502,7.749199458473286,-3.0921388785225425,-4.627327046552528,0.0,29.910252949844185,25.993181947264365,505.13671253584937,482.6342597596439,0.0
6.503,6.760451859440739,-2.9785184188768703,-5.850575470585397,0.0,29.81526148687744,25.121441306269734,502.7964343948884,482.6342597596439,0.0
6.5040000000000004,5.857536555445439,-2.7793127977328322,-4.882058146457369,0.0,29.62181869237851,24.535578180421457,496.8977690562832,482.6342597596439,0.0
6.505,5.179822164525251,-2.569179276235076,-2.0753605701211555,0.0,29.36801123359134,24.353528077825086,489.191252165989,482.6342597596439,0.0
6.506,4.833832380269803,-2.3981381246969526,1.7123279509624982,0.0,29.104666318969027,24.58416273352437,481.253383923725,482.6342597596439,0.0
6.507000000000001,4.847442052705218,-2.293166314139826,5.695070830453696,0.0,28.880882873732972,25.160667301914234,472.8919578277848,482.6342597596439,0.0
6.508,5.191730108582568,-2.240201387671262,9.973206897742388,0.0,28.732351806053536,26.050175018126204,472.025205320158,482.6342597596439,0.0
6.509,5.830848721867713,-2.228714672926475,10.0,0.0,28.686890727406002,26.72918456962189,470.45420058559,482.6342597596439,0.0
6.51,6.463483905218749,-2.1909840042787536,10.0,0.0,28.70984120536898,27.272280443044913,451.3759643913445,482.6342597596439,0.0
6.511,7.094196597655124,-2.0255728335999565,10.0,0.0,28.766988300789794,27.700309732587456,446.30723926293183,124.71477623858407,0.0
6.5120000000000005,7.707579016058185,-1.766550684701424,-10.0,0.0,28.834385290950706,25.830085863617832,414.02654989267415,124.71477623858407,0.0
6.513,7.236148880451189,-0.9798577396195629,-10.0,0.0,28.62407419272856,24.411615219662067,393.46327319581627,124.71477623858407,0.0
6.514,6.699244224209217,-0.14853909644028418,-10.0,0.0,28.209369018634153,23.168305741110217,369.5373584670132,124.71477623858407,0.0
6.515000000000001,6.2539305418064295,0.5441659722097039,-10.0,0.0,27.643919042974282,22.051472151505994,348.2301363173259,124.71477623858407,0.0
6.516,5.939669322597436,1.0966406021070334,-10.0,0.0,26.969485547317785,21.019892520585174,343.589969278862,124.71477623858407,0.0
6.517,5.559709375983406,1.244533173198141,-10.0,0.0,26.24859400161379,20.062680485126233,342.2747551398756,124.71477623858407,0.0
6.518,5.113301374905326,1.1179529838465359,-10.0,0.0,25.519473153473896,19.174405779295242,339.29365594578155,124.71477623858407,0.0
6.519,4.676694250745893,0.9090998883816368,-10.0,0.0,24.796144958172512,18.34560916288011,336.71833320688637,124.71477623858407,0.0
6.5200000000000005,4.263295654187659,0.6844142547608223,-10.0,0.0,24.084896809503405,17.568467162956168,333.64131662206415,124.71477623858407,0.0
6.521,3.8708803124235382,0.46649260552307537,-10.0,0.0,23.388783800788747,16.836946249786173,330.1941452277273,124.71477623858407,0.0
6.522,3.4976282808019405,0.26668656971613713,-10.0,0.0,22.708929449074944,16.14609969712245,326.3132330556347,124.71477623858407,0.0
6.523000000000001,3.142572842588921,0.09066980014209003,-10.0,0.0,22.04533966156123,15.49167594244094,321.9269823602659,124.71477623858407,0.0
6.524,2.805806508504772,-0.05838542061753782,-10.0,0.0,21.397302383918547,14.869829326843332,316.9690108536964,124.71477623858407,0.0
6.525,2.488075681497813,-0.17878193405191634,-10.0,0.0,20.763637236750565,14.276946372671144,311.3821658936336,124.71477623858407,0.0
6.526,2.190410409427021,-0.26987661178393363,-10.0,0.0,20.142866758298332,13.70955107085709,305.12956711663867,124.71477623858407,0.0
6.527,1.9138457104599063,-0.331868877336297,-10.0,0.0,19.533341999943357,13.164263715544891,298.22631125924715,124.71477623858407,0.0
6.5280000000000005,1.6594709992759042,-0.3652203183194712,-10.0,0.0,18.9332897177453,12.637768191168991,290.76192056989794,124.71477623858407,0.0
6.529,1.4272323210291276,-0.37238089231477833,-10.0,0.0,18.341047260059096,12.126919498506176,282.6691403795973,124.71477623858407,0.0
6.53,1.2169704095361409,-0.35575327263468914,-10.0,0.0,17.755043534970472,11.628737852822786,273.962655381208,124.71477623858407,0.0
6.531,1.027608986739107,-0.3188576462259415,-10.0,0.0,17.173929775114214,11.140501136591615,264.57612153297345,124.71477623858407,0.0
6.532,0.8578408045537307,-0.26503635886295096,-10.0,0.0,16.596552334274616,10.659757601810355,254.81474951398906,124.71477623858407,0.0
6.533,0.7066070820257311,-0.19655825809360944,-10.0,0.0,16.021843905829854,10.184288704079487,244.53961419253673,124.71477623858407,0.0
6.534,0.5711408636039799,-0.11798445385538073,-10.0,0.0,15.449101092997976,9.712284800078343,233.9842579126194,124.71477623858407,0.0
6.535,0.4497694890722468,-0.03149543748736444,-10.0,0.0,14.877704117291067,9.242203194208397,223.27226182029588,124.71477623858407,0.0
6.5360000000000005,0.340023702674665,0.05986557896459421,-10.0,0.0,14.30725385692182,8.772848374113176,212.4523742181208,124.71477623858407,0.0
6.537,0.2395566949383513,0.15358925701184756,-10.0,0.0,13.7375171461593,8.303337922977569,201.56745294314365,124.71477623858407,0.0
6.538,0.14618103008765082,0.24764659795252578,-10.0,0.0,13.168393990636467,7.833071498935482,190.77363604532184,124.71477623858407,0.0
6.539,0.05800548380176433,0.3406150372976149,-10.0,0.0,12.599870553343157,7.361684955188261,180.121995177505,124.71477623858407,0.0
6.54,-0.026995371668995544,0.4308565476035192,-10.0,0.0,12.032063923664252,6.889053060725358,169.58705976728504,124.71477623858407,0.0
6.541,-0.11063421670118048,0.5170047175139328,-10.0,0.0,11.46520088391987,6.415253957139688,159.22386761944782,124.71477623858407,0.0
6.542,-0.19408431672682938,0.5986233515710989,-10.0,0.0,10.899527669744167,5.940491582490644,149.065365702579,124.71477623858407,0.0
6.543,-0.27850818076683725,0.6751325016875955,-10.0,0.0,10.335345719348892,5.465090247933082,139.11513803447878,124.71477623858407,0.0
6.5440000000000005,-0.3647815461902007,0.7462297941291363,-8.575549417653137,0.0,9.772986219869978,5.146146247406071,130.33863660434085,124.71477623858407,0.0
6.545,-0.379241474183576,0.7715663938187967,-4.243537306241741,0.0,9.232892217244814,5.265865381840693,124.8494591945524,124.71477623858407,0.0
6.546,-0.1672004242109764,0.66717090003649,-1.500295430907198,0.0,8.770516398638577,5.554570572965103,121.34087157124613,124.71477623858407,0.0
6.547,0.18410329703613532,0.4807783664902819,0.28773742741931585,0.0,8.402707904757664,5.900895859941562,118.73231545483449,124.71477623858407,0.0
6.548,0.5871682892391046,0.2653165087471713,1.6518400934626287,0.0,8.128149667978768,6.267154621583927,118.64926780651402,124.71477623858407,0.0
6.549,0.9991552803596547,0.06114650018027004,1.7540190019435657,0.0,7.937977213406922,6.525642417555406,117.55326804542108,124.71477623858407,0.0
6.55,1.329046277146278,-0.11385949011501753,2.373633964421666,0.0,7.809879742736228,6.77423190552501,116.6408635436125,124.71477623858407,0.0
6.551,1.6205173030317561,-0.24244619421337982,2.910575342275672,0.0,7.731845445477428,7.009257196690211,117.33780429057194,124.71477623858407,0.0
6.5520000000000005,1.8717334846214189,-0.35135248797514385,2.6358746882760724,0.0,7.695810932333837,7.152670973578503,115.47128710972935,124.71477623858407,0.0
6.553,2.053397511857047,-0.42207483056541983,3.661568169985916,0.0,7.684411642940747,7.3762423298116655,117.48052528217768,124.71477623858407,0.0
6.554,2.2497167778249656,-0.4810387226498345,2.7292915933258124,0.0,7.702288222813666,7.44373078424838,115.37941774340386,124.71477623858407,0.0
6.555,2.3584293833255217,-0.5088571143045868,3.873198947664523,0.0,7.727596374304143,7.63141543202719,117.60519277487928,124.71477623858407,0.0
6.556,2.5042860525946344,-0.5325775224413165,2.83140726656386,0.0,7.771473236401946,7.66186916414811,114.91461657104415,124.71477623858407,0.0
6.557,2.5721792000580423,-0.5314208163827068,4.274696965156827,0.0,7.813643343754251,7.856835313394669,117.832849229819,124.71477623858407,0.0
6.558,2.701756913300181,-0.5461179893979499,2.88439990585705,0.0,7.872721311388238,7.855581667960891,114.6219860976393,124.71477623858407,0.0
6.559,2.7511007715798628,-0.5222975901782041,4.590759373356353,0.0,7.922998902071124,8.05783164857347,117.66436605427305,124.71477623858407,0.0
6.5600000000000005,2.8711284631003053,-0.5386100363702326,3.140073496882587,0.0,7.9905063048202996,8.055535741621524,115.2653719634615,124.71477623858407,0.0
6.561,2.9227698744198873,-0.5021681288323183,4.434064585039583,0.0,8.046861642308276,8.212585765771744,116.47734209801206,124.71477623858407,0.0
6.562,3.0169475889113833,-0.5100235806136537,3.910453859170026,0.0,8.114514967233802,8.27918609604765,117.03913170422403,124.71477623858407,0.0
6.563,3.097371992259473,-0.4822119132763518,3.7063155014076394,0.0,8.17892515476945,8.32076770646998,113.92394671972552,124.71477623858407,0.0
6.564,3.1470956534987913,-0.4612817882751151,5.371816288845481,0.0,8.239028287517003,8.54521328609658,117.12299005939086,124.71477623858407,0.0
6.565,3.283422237701267,-0.4773699359750716,3.8482124808047447,0.0,8.317544662449468,8.554474506626534,116.50185126905791,124.71477623858407,0.0
6.566,3.350608533845815,-0.43762461817848186,4.24091112566648,0.0,8.384602655507056,8.623066904878067,113.88417714368248,124.71477623858407,0.0
6.567,3.4103980958834703,-0.4193024320848693,5.658054179303212,0.0,8.450196101791706,8.837559623198933,119.3951973486215,124.71477623858407,0.0
6.5680000000000005,3.52037460992101,-0.4783646897917787,2.95573986573333,0.0,8.537359545488675,8.714236888363368,120.41988028719679,124.71477623858407,0.0
6.569,3.486024202032504,-0.46426254229637387,2.4863473559595546,0.0,8.601332512530826,8.59223104844975,119.43517643347838,124.71477623858407,0.0
6.57,3.390441307836879,-0.4526111126099539,3.031495280869819,0.0,8.645566963086852,8.563653900352207,123.09665299577345,124.71477623858407,0.0
6.571,3.3274437410651347,-0.4605908956592325,1.2169382321503859,0.0,8.683514544209801,8.343279060914723,122.02575898517587,124.71477623858407,0.0
6.572,3.1899209399045283,-0.4181280837107676,1.7792754099832597,0.0,8.690879176131885,8.243236656042036,122.37506356682636,124.71477623858407,0.0
6.573,3.0772838155326534,-0.416578441938798,1.628020245875594,0.0,8.687757271899061,8.142688370687958,124.23155626654801,124.71477623858407,0.0
6.574,2.990529835048613,-0.40555799123652436,0.7046060957351264,0.0,8.673695976394582,7.960236285181158,122.7751764046942,124.71477623858407,0.0
6.575,2.8620348954184207,-0.3954067091658653,1.4521920250009344,0.0,8.64178916536912,7.89935877594971,124.51893888034866,124.71477623858407,0.0
6.5760000000000005,2.792227944461421,-0.4003216793269604,0.5822691607560568,0.0,8.607627444061487,7.744604777388237,123.42481368369616,124.71477623858407,0.0
6.577,2.6871693423674285,-0.4061069624013533,1.1422313846311851,0.0,8.561993726465039,7.6830634565416265,124.12501151698545,124.71477623858407,0.0
6.578,2.627739442552321,-0.41845356238403597,0.798030115202524,0.0,8.516069521710929,7.585137837102853,124.2626103580738,124.71477623858407,0.0
6.579,2.5573749656162925,-0.4400090829312834,0.7337523534634527,0.0,8.46719281674872,7.495929611500344,124.1193573851877,124.71477623858407,0.0
6.58,2.4957122278289523,-0.4523917489808153,0.8113330284404677,0.0,8.415429497782458,7.426010446213979,124.74872071229056,124.71477623858407,0.0
6.581,2.4393289760060886,-0.47953371359736796,0.4963119201519701,0.0,8.364712383631517,7.328064267220759,124.21325383048837,124.71477623858407,0.0
6.582,2.3784464686323874,-0.4897291148643151,0.7690605851340238,0.0,8.310122437489543,7.274126802235557,125.26014530133659,124.71477623858407,0.0
6.583,2.329627077938953,-0.5196960629894156,0.2401611590823869,0.0,8.258792149744334,7.163978973521715,124.16020380644339,124.71477623858407,0.0
6.5840000000000005,2.264646262439589,-0.5266757356062346,0.7956776308503943,0.0,8.202048202408864,7.1327684008577315,125.55200008606394,124.71477623858407,0.0
6.585,2.2271192402745537,-0.5565646015694614,0.09140725256532056,0.0,8.151075571070331,7.019457748680723,124.23767217249382,124.71477623858407,0.0
6.586,2.161390730185712,-0.5654965923596045,0.7533422500112855,0.0,8.094552767975232,6.999091317977585,124.5264387004407,124.71477623858407,0.0
6.587,2.131510033799644,-0.591201886804162,0.6108423614192738,0.0,8.044383864600329,6.955444503817256,125.20922588250104,124.71477623858407,0.0
6.588,2.0986860255063604,-0.620214737566561,0.26450427394993525,0.0,7.997801530786302,6.877785123948161,124.57845223900453,124.71477623858407,0.0
6.589,2.050993218668278,-0.6330709618126392,0.5812543356939859,0.0,7.94923554852621,6.846457305020365,124.79764087050813,124.71477623858407,0.0
6.59,2.018686172248858,-0.6550154553904792,0.4708313736229458,0.0,7.904678714650452,6.801168490351844,124.85187532580537,124.71477623858407,0.0
6.591,1.9839021887148718,-0.6753497647015535,0.44234315510211597,0.0,7.86206601178386,6.757426567070557,124.8051391074856,124.71477623858407,0.0
6.5920000000000005,1.94977049244065,-0.6916621184145924,0.4648076355729831,0.0,7.8209314026911185,6.719960187622573,125.11230018506012,124.71477623858407,0.0
6.593,1.917122187135486,-0.7093157403907923,0.3072518573209626,0.0,7.7819423914431045,6.667821201418505,124.93773311707298,124.71477623858407,0.0
6.594,1.8775147366515539,-0.7219803870485519,0.39230582252964386,0.0,7.742854957612078,6.6319590431657005,124.84339850778167,124.71477623858407,0.0
6.595,1.844995316520971,-0.7330635450094112,0.4381869044833223,0.0,7.705182552247991,6.603151798427418,125.14639376202194,124.71477623858407,0.0
6.596,1.8164960430173174,-0.7471736995006198,0.28237310212880723,0.0,7.669837948360907,6.5586694344321135,125.02027376063519,124.71477623858407,0.0
6.597,1.7811730474438952,-0.7573252362220365,0.3423781276016721,0.0,7.634555135957447,6.526860074051237,124.82836485499683,124.71477623858407,0.0
6.598,1.751935952945173,-0.764226056410119,0.43719669425672286,0.0,7.600277243609719,6.50739621098455,124.98657532002045,124.71477623858407,0.0
6.599,1.7292798474790092,-0.7747011138784164,0.3553734709305517,0.0,7.568564002309728,6.478702005413622,125.06886008723788,124.71477623858407,0.0
6.6000000000000005,1.7049748904792352,-0.7811906838787714,0.31069024883529833,0.0,7.537761766707996,6.448055958287882,124.93270314828408,124.71477623858407,0.0
6.601,1.6782768364558434,-0.7861226621098926,0.3765894492151999,0.0,7.5074527718592865,6.427783772949865,124.70564482139591,124.71477623858407,0.0
6.602,1.6562198537827166,-0.7915838476917701,0.49020992683116615,0.0,7.478698868593338,6.420506454748541,124.47895810835603,124.71477623858407,0.0
6.603,1.6415214859697476,-0.8003552607135614,0.6059114646533876,0.0,7.453002867410434,6.424068693057737,124.06607910779076,124.71477623858407,0.0
6.604,1.6363341417286987,-0.8081354063987536,0.8188379362439553,0.0,7.43100079207189,6.447393628102847,123.926892517432,124.71477623858407,0.0
6.605,1.6430381617058998,-0.8199496612309694,0.8963100686348566,0.0,7.414753184346405,6.471789216316784,124.38750407383175,124.71477623858407,0.0
6.606,1.65432323385675,-0.8301100844507184,0.6692770120825023,0.0,7.403569400220714,6.46519780965529,125.43817464038789,124.71477623858407,0.0
6.607,1.6479402627350699,-0.835904366365004,0.1367077447863964,0.0,7.393380620619815,6.402649853955221,124.33094957818899,124.71477623858407,0.0
6.6080000000000005,1.6088717934038517,-0.8238533711765755,0.6941585424897936,0.0,7.376572371119128,6.416216798200621,123.23003849355354,124.71477623858407,0.0
6.609,1.6003538641222579,-0.8190302012212163,1.2594614622578268,0.0,7.362391602249845,6.483901323796525,123.44448029459022,124.71477623858407,0.0
6.61,1.6305135908182171,-0.8266279219200153,1.1649435211794228,0.0,7.357281343803503,6.523946568000235,124.93652360693265,124.71477623858407,0.0
6.611,1.6554712012273352,-0.8363679792035263,0.41670439132472115,0.0,7.357682064716364,6.475671397187661,124.48285619110789,124.71477623858407,0.0
6.612,1.6316960143612231,-0.8285249690219934,0.6458572997118668,0.0,7.3522550647638765,6.467817873428127,122.84105304050897,124.71477623858407,0.0
6.613,1.6179500269790967,-0.814322032135919,1.4854961069920767,0.0,7.3451015194750315,6.551550048509624,122.58272796644218,124.71477623858407,0.0
6.614,1.6557333530013607,-0.8159541476854049,1.6359791267468902,0.0,7.347358108302528,6.630056769918044,124.33166764367225,124.71477623858407,0.0
6.615,1.7028091436627086,-0.8283096900652652,0.7653403740809737,0.0,7.3585824988944,6.598862881365045,124.42335085244314,124.71477623858407,0.0
6.6160000000000005,1.6947179259679552,-0.821498147589079,0.7224130235569388,0.0,7.364692236475612,6.577255991548587,122.2857973569422,124.71477623858407,0.0
6.617,1.6802214971869378,-0.7985438842716012,1.8154795601238267,0.0,7.365573457776894,6.680601051988459,122.09608644512957,124.71477623858407,0.0
6.618,1.7287853955473689,-0.7959600339306642,1.9365219139646843,0.0,7.376646382087709,6.770596728963837,124.10266187678083,124.71477623858407,0.0
6.619,1.7845786884385775,-0.8073533457025488,0.9393553417570882,0.0,7.396890684463296,6.736149760957085,123.50755549628556,124.71477623858407,0.0
6.62,1.7787467020234666,-0.7951167948632413,1.2489807394277066,0.0,7.410205906090605,6.752401830888989,120.7640917433324,124.71477623858407,0.0
6.621,1.785656328045417,-0.7739081920336145,2.660219460856804,0.0,7.421604231745508,6.919681842644362,122.73639688981262,124.71477623858407,0.0
6.622,1.8735692351966637,-0.7826827074475171,1.6938506811044065,0.0,7.449768008734283,6.941359409276212,124.52304347001436,124.71477623858407,0.0
6.623,1.905646895970463,-0.7820599141572802,0.8024447186892372,0.0,7.477126912271304,6.8726452152620086,121.38404637382109,124.71477623858407,0.0
6.6240000000000006,1.8810770674266348,-0.7451606066827728,2.4052505654334992,0.0,7.490825810163907,7.001784491516505,121.3153002167438,124.71477623858407,0.0
6.625,1.943274722692322,-0.7330708564980687,2.473618404190552,0.0,7.515107866447128,7.1037846933659825,123.67047912877277,124.71477623858407,0.0
6.626,2.0089809283264004,-0.74268249729626,1.306471919274177,0.0,7.548339915276619,7.062337582863368,121.06318672884557,124.71477623858407,0.0
6.627,2.008897901165764,-0.7172459753370714,2.646634014335164,0.0,7.57120991434941,7.18811387864385,121.20472610217074,124.71477623858407,0.0
6.628,2.07939884064275,-0.7043019583356779,2.6109648290367105,0.0,7.603201066442408,7.27851837980605,123.30277527397142,124.71477623858407,0.0
6.6290000000000004,2.1414042094327446,-0.7109764926795707,1.576060252782496,0.0,7.641897192390167,7.243483153354215,120.04097675415159,124.71477623858407,0.0
6.63,2.1478745828858803,-0.6780738239125275,3.253697507536738,0.0,7.6695341441901554,7.410618518535911,121.92009794097787,124.71477623858407,0.0
6.631,2.2387023423262784,-0.6762477054675213,2.3420836970996586,0.0,7.711249090987033,7.436823800879898,121.55611151863211,124.71477623858407,0.0
6.632000000000001,2.2761021222133757,-0.670664046226599,2.5556635554720586,0.0,7.750817130006569,7.49398427400133,119.64020636617323,124.71477623858407,0.0
6.633,2.3296902738041414,-0.639762594334429,3.564361830425605,0.0,7.788801089320566,7.652685816497628,122.35343212462087,124.71477623858407,0.0
6.634,2.422120212475825,-0.6528991463895266,2.2313623923414196,0.0,7.840610842197776,7.632967267998923,119.32842514957825,124.71477623858407,0.0
6.635,2.4493048087808984,-0.620609185362002,3.797729390752785,0.0,7.881584503703817,7.803965907637062,122.08829934081454,124.71477623858407,0.0
6.636,2.5472785037224175,-0.6219690373649336,2.444057064112334,0.0,7.936033146353664,7.786889163066908,118.9798756913215,124.71477623858407,0.0
6.6370000000000005,2.5746354261192086,-0.5921837425129932,4.055617894331484,0.0,7.980039269327767,7.965743847295035,121.95583489596575,124.71477623858407,0.0
6.638,2.6791360701279014,-0.5930994480139719,2.5952277054355397,0.0,8.037928828980903,7.943133644700026,118.35078912161664,124.71477623858407,0.0
6.639,2.70805433198188,-0.5594818232272257,4.461390463779768,0.0,8.084061316627666,8.146319221272801,121.65432542659428,124.71477623858407,0.0
6.640000000000001,2.823718983779205,-0.5686943214279206,2.8402268194108453,0.0,8.14724866421698,8.124375931409789,118.31171505078274,124.71477623858407,0.0
6.641,2.862049086777815,-0.5296917469375514,4.575562619194631,0.0,8.197540539885114,8.314984614900043,120.94994084896815,124.71477623858407,0.0
6.642,2.9711431722543744,-0.5410567703200704,3.2940980739980823,0.0,8.26350427465244,8.32163011126619,118.95548511829804,124.71477623858407,0.0
6.643,3.027640571493802,-0.5000193778047044,4.348918850535998,0.0,8.31890842216913,8.457928589282018,119.29305730538634,124.71477623858407,0.0
6.644,3.1133731236334152,-0.5037116928613294,4.234349946323826,0.0,8.383218531317116,8.55412124027625,120.67027036179951,124.71477623858407,0.0
6.6450000000000005,3.2071715411875887,-0.482140969139387,3.586188476885088,0.0,8.448307191889747,8.56751306408016,117.25685464576202,124.71477623858407,0.0
6.646,3.254519969303585,-0.4472984760294689,5.3674755508320535,0.0,8.504609201780637,8.784227421472275,119.46689372048549,124.71477623858407,0.0
6.647,3.383623536398353,-0.4652564760408602,4.314934838651305,0.0,8.579276251353999,8.837580286935651,120.17335643851237,124.71477623858407,0.0
6.648000000000001,3.472817692738375,-0.4364138368274839,4.00711767763858,0.0,8.64845961220278,8.86120976869398,119.44140150882131,124.71477623858407,0.0
6.649,3.512476772572577,-0.4227013228042469,4.4258288897817355,0.0,8.71186763499209,8.935060486088863,121.65363886759093,124.71477623858407,0.0
6.65,3.5386149899078805,-0.46416404210952744,3.3503215841068608,0.0,8.781017951505778,8.882895405168984,125.19869549402624,124.71477623858407,0.0
6.651,3.512127131694083,-0.4667563192379023,1.5729540783347833,0.0,8.83790725156717,8.661281557991147,122.96083237750872,124.71477623858407,0.0
6.652,3.375746092703195,-0.4329936387379034,2.7094250752042948,0.0,8.863206419278358,8.625040545957466,125.41339216091768,124.71477623858407,0.0
6.6530000000000005,3.293464427513765,-0.44421019873435164,1.4761590242764795,0.0,8.88392301741967,8.455616749108444,125.73260523572745,124.71477623858407,0.0
6.654,3.18021148854635,-0.4154550632641797,1.3063741969001623,0.0,8.882350345560262,8.310498327890858,125.11687532792321,124.71477623858407,0.0
6.655,3.0564148060571843,-0.4098052127814128,1.6102181599088894,0.0,8.866089166566638,8.22734027149795,127.19915709018044,124.71477623858407,0.0
6.656000000000001,2.97502991301333,-0.4079995182345503,0.5442334702643137,0.0,8.842996171937756,8.038289518763909,125.69721582391621,124.71477623858407,0.0
6.657,2.8470524503679058,-0.4018216140556702,1.2853797075431048,0.0,8.802645888984149,7.971284146798054,126.49016112928888,124.71477623858407,0.0
6.658,2.774792228789411,-0.4108632315784828,0.8711532059497222,0.0,8.760686454098613,7.860636755932546,126.80657301395517,124.71477623858407,0.0
6.659,2.693202566772295,-0.4286491329193587,0.692029295862864,0.0,8.713724256587351,7.749549056177511,126.65929638294874,124.71477623858407,0.0
6.66,2.616663819750051,-0.4355398669818644,0.7462224099224346,0.0,8.66092963058518,7.6602297538465525,127.10071340295141,124.71477623858407,0.0
6.6610000000000005,2.5458438460370387,-0.4578650431612637,0.5016545282774236,0.0,8.60686939898924,7.554143330665133,126.73120888685324,124.71477623858407,0.0
6.662,2.476329303594872,-0.46750315507580403,0.6662424598438195,0.0,8.548443488783553,7.480748277862524,127.30354893071497,124.71477623858407,0.0
6.663,2.4162488776503843,-0.49434074775629766,0.35418471099164606,0.0,8.491376418393884,7.378791609059677,126.69961057383532,124.71477623858407,0.0
6.664,2.352725733540404,-0.5050952093258129,0.6363055460789595,0.0,8.43073500300874,7.321864511038927,127.56456562379269,124.71477623858407,0.0
6.665,2.302508555435895,-0.5353248146700862,0.17533012724818642,0.0,8.373682731332211,7.215926135009875,126.57913684412311,124.71477623858407,0.0
6.666,2.2398949455884862,-0.5444020597323962,0.6494009110275838,0.0,8.312438050123841,7.178019235122287,127.64877915863522,124.71477623858407,0.0
6.667,2.199973090449082,-0.5749191594165601,0.08523972457101792,0.0,8.256793255562183,7.074745386721464,126.56193084817677,124.71477623858407,0.0
6.668,2.1397927817102875,-0.5855882850534725,0.6101923337043158,0.0,8.19725398843983,7.045841457983658,126.89203431445812,124.71477623858407,0.0
6.6690000000000005,2.106839537731689,-0.6119900198850429,0.42336801980490346,0.0,8.143575754731028,6.991096848537388,126.89193404857771,124.71477623858407,0.0
6.67,2.069233903593546,-0.6361202346915276,0.40164657464516984,0.0,8.092181189728883,6.939744848151699,126.79448239870483,124.71477623858407,0.0
6.671,2.03273047203238,-0.6554309615135137,0.42957533798040237,0.0,8.042673758990736,6.895317290853184,127.0788300993955,124.71477623858407,0.0
6.672,1.9973394049665307,-0.6770462021167811,0.26376094902695124,0.0,7.995858884794689,6.835390858854103,126.82609679273513,124.71477623858407,0.0
6.673,1.95511686888566,-0.6920900757057932,0.36901439681562787,0.0,7.949171528507104,6.794302174079853,126.77794262215123,124.71477623858407,0.0
6.674,1.9201386465025903,-0.7073342289526156,0.3724598182719059,0.0,7.904570457492107,6.755405463137906,126.98537799666062,124.71477623858407,0.0
6.675,1.8870971878171139,-0.7240349444936238,0.2460361134364466,0.0,7.86222445966146,6.705282032673759,126.7876309946473,124.71477623858407,0.0
6.676,1.8490333103992775,-0.7364898339434962,0.3241810668824723,0.0,7.820303749251538,6.669653139329486,126.63023131120343,124.71477623858407,0.0
6.6770000000000005,1.81763587266263,-0.7473612208012824,0.3837263578782135,0.0,7.780083524208041,6.642236676130574,126.76694050757176,124.71477623858407,0.0
6.678,1.7910826967452795,-0.7606754325789307,0.29485011700417196,0.0,7.742499524775963,6.605774872314641,126.75573032135017,124.71477623858407,0.0
6.679,1.7612207087992664,-0.7713920051577965,0.2800456692873057,0.0,7.7060734257713985,6.571480409011871,126.70784991373033,124.71477623858407,0.0
6.68,1.7331219313880915,-0.7769227365511686,0.2840551363457646,0.0,7.670361705064494,6.540354113628286,126.71129620758565,124.71477623858407,0.0
6.681,1.7057488179517755,-0.7828896912485588,0.26236678972808924,0.0,7.635709584592705,6.509073517617725,126.49165659433834,124.71477623858407,0.0
6.682,1.6784481409464616,-0.7880700000350744,0.3544177927942016,0.0,7.601904780986578,6.490527606300713,126.18838112182304,124.71477623858407,0.0
6.683,1.658068359404686,-0.7940390099929715,0.4913194802194596,0.0,7.570230654616868,6.486563250540444,125.9548335564743,124.71477623858407,0.0
6.684,1.6460976424224665,-0.8044174455263794,0.5956926897149291,0.0,7.542409443117198,6.49105293494211,125.5221777298578,124.71477623858407,0.0
6.6850000000000005,1.6430060208053818,-0.8128577936091715,0.80394658811044,0.0,7.518643975141435,6.51439609769025,125.34321213626808,124.71477623858407,0.0
6.686,1.6506810142306387,-0.825306672139936,0.8871450259284612,0.0,7.500874343395618,6.539222521049078,125.78157780581758,124.71477623858407,0.0
6.687,1.663189103309722,-0.8352545796507506,0.6572941754813773,0.0,7.488334098201147,6.532374621105638,126.86853203291827,124.71477623858407,0.0
6.688,1.6572662201192385,-0.8411639636717337,0.0922795039876898,0.0,7.476913640698978,6.465880979319002,125.67855465862857,124.71477623858407,0.0
6.689,1.6168456487909904,-0.8279567715724655,0.6776304069320931,0.0,7.458473979797235,6.479320436013835,124.53046464273922,124.71477623858407,0.0
6.69,1.6082640966685184,-0.8225678548268902,1.2535185308352177,0.0,7.442761521734129,6.5476059305691034,124.69182568849213,124.71477623858407,0.0
6.691,1.6392362825790474,-0.8298654075634361,1.173067513459681,0.0,7.4363054789013345,6.589390380740808,126.18688755425002,124.71477623858407,0.0
6.692,1.665870575195142,-0.839612369981999,0.4108154674240765,0.0,7.435672675707668,6.540687516393237,125.72289591469149,124.71477623858407,0.0
6.6930000000000005,1.6427911189755764,-0.8316303119132775,0.6327300904422668,0.0,7.429257370386868,6.531629870263726,124.02080288659253,124.71477623858407,0.0
6.694,1.6292277193145117,-0.8166808197074946,1.4907163380116608,0.0,7.421013207423241,6.61625697861806,123.7101559169306,124.71477623858407,0.0
6.695,1.6680450022944138,-0.8179026550828007,1.6560860260591612,0.0,7.422340068404758,6.696802227925727,125.47894564876856,124.71477623858407,0.0
6.696,1.716919151436578,-0.8303507222799116,0.7640494660383386,0.0,7.432945837256815,6.664659936342176,125.5194671573015,124.71477623858407,0.0
6.697,1.7093573365339996,-0.8231247992973861,0.7357418025846902,0.0,7.4383574678652655,6.643919514553199,123.31336502028356,124.71477623858407,0.0
6.698,1.6960832216580621,-0.7996564605122317,1.8528069832766705,0.0,7.438644635197429,6.750339079001945,123.18223621852113,124.71477623858407,0.0
6.699,1.7471437146821058,-0.7970838713290075,1.9336967843585147,0.0,7.449496740818949,6.8381232346697125,125.2186679881149,124.71477623858407,0.0
6.7,1.8030447996876084,-0.8076777692988582,0.9104419820663183,0.0,7.46923310611361,6.799208744649531,124.37690422352502,124.71477623858407,0.0
6.7010000000000005,1.795506966737908,-0.7938077957721885,1.3347025845118514,0.0,7.4814727498091536,6.824448726927287,121.59652452885574,124.71477623858407,0.0
6.702,1.8074250606151425,-0.7729078053187737,2.756074948943774,0.0,7.492852128148311,6.999110660753882,123.89532793151425,124.71477623858407,0.0
6.703,1.9004378507282789,-0.7842746242967361,1.6148677306852186,0.0,7.52201911202832,7.007585595405299,125.39202526182528,124.71477623858407,0.0
6.704,1.9276352857814505,-0.7816001549229254,0.8597465752972882,0.0,7.548709031164573,6.944416890114774,122.13158630913792,124.71477623858407,0.0
6.705,1.9059870370321308,-0.7426825301954767,2.5157979509354327,0.0,7.562158893831864,7.082604191853957,122.50726437468207,124.71477623858407,0.0
6.706,1.9735010719709498,-0.7327175790577267,2.3500340368023775,0.0,7.587375532028469,7.1658801790441755,124.74063469662646,124.71477623858407,0.0
6.707,2.0317504978441328,-0.7389206636534034,1.2330902912497574,0.0,7.619180093941338,7.116411761968909,121.52560513495497,124.71477623858407,0.0
6.708,2.0273129336358555,-0.7079309214338327,2.8724967831217914,0.0,7.6393864554652815,7.267645420675548,122.35675120679225,124.71477623858407,0.0
6.7090000000000005,2.108979207782853,-0.7005230502203275,2.480503997521069,0.0,7.672190578296206,7.337235412530867,123.94548491061177,124.71477623858407,0.0
6.71,2.164421482375038,-0.7051798768351214,1.6938300588910344,0.0,7.70925961766933,7.315250624626776,120.57722095079191,124.71477623858407,0.0
6.711,2.1782168116429386,-0.6706880122652015,3.419337591678884,0.0,7.736582600945895,7.495880723969827,122.89025396624422,124.71477623858407,0.0
6.712,2.276638581434069,-0.6749628731436389,2.2810663066761303,0.0,7.780051449171439,7.5080267536437,121.52367550634725,124.71477623858407,0.0
6.713,2.311785068031695,-0.6648714953291709,2.9962665439469838,0.0,7.8192352153734355,7.610477908294735,121.36123087490677,124.71477623858407,0.0
6.714,2.3869910638672054,-0.6432755094800261,3.1110243133039965,0.0,7.862471075755079,7.704152481681499,122.69365515260982,124.71477623858407,0.0
6.715,2.4525451554061446,-0.6469946454002776,2.4650233853122114,0.0,7.91137587224695,7.714116613884157,119.7368515718585,124.71477623858407,0.0
6.716,2.49056329550449,-0.6106254299391368,3.9932044223551304,0.0,7.952348797249973,7.899008281374948,122.93315920891746,124.71477623858407,0.0
6.7170000000000005,2.5950070265050025,-0.6215764450310288,2.4128667741223144,0.0,8.009281900316495,7.869280493931846,119.40744199577733,124.71477623858407,0.0
6.718,2.622586943614327,-0.5850042594081042,4.228798723120445,0.0,8.053416463762611,8.061785332839811,122.63087992709879,124.71477623858407,0.0
6.719,2.7310842627672303,-0.5919707179808968,2.6379187205745698,0.0,8.113520087054145,8.034638118495838,118.96123911761435,124.71477623858407,0.0
6.72,2.7626125024541452,-0.5534795493677651,4.530274496526484,0.0,8.160594933448962,8.23790079012155,122.19195537445563,124.71477623858407,0.0
6.721,2.876975617079479,-0.5650957179099747,2.94014457674713,0.0,8.22495125259264,8.219442170077011,119.25106679549123,124.71477623858407,0.0
6.722,2.9193567963028393,-0.5233751745309185,4.465225960660261,0.0,8.27632065636038,8.389406996811216,121.0770107487332,124.71477623858407,0.0
6.723,3.0187917367689447,-0.5309754172372039,3.588631638937782,0.0,8.340802834556243,8.425322060361127,120.15106145295515,124.71477623858407,0.0
6.724,3.088232665819474,-0.49389020796047256,4.097243434683098,0.0,8.398272925840015,8.522162923333948,118.95206647026255,124.71477623858407,0.0
6.7250000000000005,3.1589902168834696,-0.49018957456375456,4.754368023712612,0.0,8.459643876711816,8.675175374647122,121.23284493522293,124.71477623858407,0.0
6.726,3.274958609863172,-0.482796041109709,3.6487981042660342,0.0,8.529402695281775,8.678790791169614,118.79425184734279,124.71477623858407,0.0
6.727,3.3293034989942747,-0.4428982954699232,4.927299892118516,0.0,8.588232356961157,8.835893189880471,119.08850894775014,124.71477623858407,0.0
6.728,3.4303676786064266,-0.44666692096611493,4.83643401482318,0.0,8.657702818604657,8.949814439641138,121.6843829513066,124.71477623858407,0.0
6.729,3.5361733238969957,-0.4365819203623593,3.568800945917724,0.0,8.730471322738506,8.910131652597602,121.23512305773498,124.71477623858407,0.0
6.73,3.538005742556749,-0.43434439263211444,3.8282274245120256,0.0,8.791849419710324,8.923763728406566,122.55406062665267,124.71477623858407,0.0
6.731,3.521525286282486,-0.46522026956758267,3.190365796172495,0.0,8.851871636306061,8.87124253680529,126.38599780127984,124.71477623858407,0.0
6.732,3.4808113082200327,-0.46655537148536697,1.2576849932319516,0.0,8.9004776145237,8.628073147007777,124.0843531612422,124.71477623858407,0.0
6.7330000000000005,3.331242937145473,-0.42725865166924404,2.414811544024188,0.0,8.915570065740871,8.57673740366591,126.22877130553033,124.71477623858407,0.0
6.734,3.238276316165912,-0.4359255246819427,1.3274625212106632,0.0,8.925366020731694,8.409595466359539,126.49020723614433,124.71477623858407,0.0
6.735,3.1243109549301167,-0.4093336604720632,1.1789902459280612,0.0,8.914456412699588,8.266295381756082,125.95879612466199,124.71477623858407,0.0
6.736,3.0029786530917733,-0.40689057650596583,1.432255602808453,0.0,8.890304936416172,8.177785156409286,127.37179067542029,124.71477623858407,0.0
6.737,2.921579454618724,-0.40609221311449195,0.6991881830609414,0.0,8.859654196093018,8.020281325041456,126.6221246440208,124.71477623858407,0.0
6.738,2.809880609796492,-0.41062363284838743,1.0549477147063167,0.0,8.816824586470037,7.9333999064022676,127.24171911730556,124.71477623858407,0.0
6.739,2.7348087170171222,-0.41758715929248225,0.71988104927672,0.0,8.770310469656948,7.817649659908502,127.30709689861034,124.71477623858407,0.0
6.74,2.6502145696221895,-0.4342933173297705,0.6612689520240695,0.0,8.718640781995454,7.7142809996249575,127.19787220785186,124.71477623858407,0.0
6.7410000000000005,2.576822221487274,-0.4438969516497884,0.6910503377106321,0.0,8.662690535266583,7.627171526822557,127.60665077140663,124.71477623858407,0.0
6.742,2.508886877696404,-0.4676492671180259,0.45774231060501824,0.0,8.606141084288666,7.523955244124676,127.24521500484856,124.71477623858407,0.0
6.743,2.44210410823476,-0.47862825897452765,0.6131558062214104,0.0,8.545895116088282,7.451500960590518,127.79023067198301,124.71477623858407,0.0
6.744,2.3836282860816023,-0.50610494013713,0.30989342832019595,0.0,8.487340961363849,7.351119024806672,127.17166362480972,124.71477623858407,0.0
6.745,2.3214253862692287,-0.517510358294774,0.5946080780445826,0.0,8.425583857719186,7.295528663135295,127.98933259337794,124.71477623858407,0.0
6.746,2.2725488382655095,-0.5476874568989816,0.15302803021253708,0.0,8.367648854936734,7.192655066790103,127.02160673926008,124.71477623858407,0.0
6.747,2.2116624024196714,-0.5575902038563625,0.6138226522647066,0.0,8.30600752397728,7.15558728116825,127.9638903430486,124.71477623858407,0.0
6.748,2.172936277492513,-0.5876576325932952,0.11018970932579863,0.0,8.250031937243078,7.059705580452365,127.09650077731264,124.71477623858407,0.0
6.7490000000000006,2.1164917990953427,-0.5999010335140452,0.5200672468064942,0.0,8.191111838924614,7.023758981061326,127.26594493500814,124.71477623858407,0.0
6.75,2.0807787899246146,-0.6250254265685848,0.4098334809945061,0.0,8.137130339725694,6.972654528388233,127.21163259906194,124.71477623858407,0.0
6.751,2.044851405895627,-0.6472959019908215,0.41202108536282367,0.0,8.08563505354525,6.926200227352671,127.2575079676131,124.71477623858407,0.0
6.752,2.01007176346498,-0.6686868303299467,0.363656083796958,0.0,8.03677416324238,6.877366288413775,127.26137561429702,124.71477623858407,0.0
6.753,1.9737029746083965,-0.6877637690818944,0.3362562666978637,0.0,7.989800522055228,6.829652094823159,127.21772399329882,124.71477623858407,0.0
6.7540000000000004,1.9370969324328906,-0.704282461355089,0.3330525996498186,0.0,7.944379112390263,6.785596528019332,127.21480865724712,124.71477623858407,0.0
6.755,1.9015726579944574,-0.7198306818190083,0.30950994348903804,0.0,7.900639404339708,6.742388331188658,127.16884485376453,124.71477623858407,0.0
6.756,1.8666135037732612,-0.7336128684682246,0.30795115907852977,0.0,7.858313405737917,6.702681207732397,127.12059955023173,124.71477623858407,0.0
6.757000000000001,1.8333894128778585,-0.7461401839910426,0.3080155777284508,0.0,7.8174894774917005,6.666039929113463,127.07566448613177,124.71477623858407,0.0
6.758,1.801948304188369,-0.7578105795731871,0.30687422730295344,0.0,7.778242284567012,6.631980473845384,126.99836375248276,124.71477623858407,0.0
6.759,1.7721506604028616,-0.7685385827351368,0.32268871898847196,0.0,7.740577241799983,6.602116582130818,127.06485083185432,124.71477623858407,0.0
6.76,1.7461650764600787,-0.7762303961157747,0.2659444333699921,0.0,7.70443113357845,6.567632996771968,127.11632709973057,124.71477623858407,0.0
6.761,1.7178919011038298,-0.7825835310659719,0.21619079082039994,0.0,7.669073204353899,6.530927894752339,126.89226602396619,124.71477623858407,0.0
6.7620000000000005,1.6879046815413867,-0.7865441372964773,0.30644643084876977,0.0,7.633952693185699,6.507799029239144,126.60398412015226,124.71477623858407,0.0
6.763,1.6642985893949378,-0.7918035507345712,0.4316953039400502,0.0,7.60057027599888,6.498642616740686,126.36893206215055,124.71477623858407,0.0
6.764,1.6491755315516539,-0.8007622021100945,0.5326797747052421,0.0,7.570543316797826,6.498346882267949,125.9101322232462,124.71477623858407,0.0
6.765000000000001,1.6420810544316082,-0.8098121317874338,0.7501261343107981,0.0,7.544395385820354,6.518616442076112,125.75158686573201,124.71477623858407,0.0
6.766,1.6482469649884999,-0.8207392528393987,0.8190307067964113,0.0,7.524000687940387,6.538900097250615,125.96738181971729,124.71477623858407,0.0
6.767,1.6574471608043584,-0.8316061806338402,0.6986071739924389,0.0,7.50875991621274,6.540229920352203,127.06828993890116,124.71477623858407,0.0
6.768,1.6567933727990394,-0.8372876538331023,0.12461797739733282,0.0,7.495692496741988,6.4781320263121875,126.13881014804521,124.71477623858407,0.0
6.769,1.619233226806431,-0.8281330631577261,0.5751175337306966,0.0,7.476658210108024,6.480357101070851,124.93365747492965,124.71477623858407,0.0
6.7700000000000005,1.6062588637618735,-0.8217551467632296,1.1755050579250224,0.0,7.4591398347166855,6.543045450263273,124.73405853864162,124.71477623858407,0.0
6.771,1.6329996775659352,-0.828215036210159,1.2751117030684602,0.0,7.450416498786829,6.599594749572262,126.18416354530001,124.71477623858407,0.0
6.772,1.6667141260115834,-0.8401749830182216,0.5353653266721057,0.0,7.449471421635275,6.563807436311352,126.3148128279991,124.71477623858407,0.0
6.773000000000001,1.6518531570287267,-0.8373285453031977,0.4540403194284073,0.0,7.444609413256054,6.531927910701102,124.54714258598257,124.71477623858407,0.0
6.774,1.6292566325489592,-0.819111854087356,1.33955177696269,0.0,7.435070281497135,6.6033066552181126,123.71184957356658,124.71477623858407,0.0
6.775,1.65783815086197,-0.8173879312711423,1.767227549820859,0.0,7.433615472768184,6.701412900287355,125.42823190349695,124.71477623858407,0.0
6.776,1.713299303920533,-0.831624601254413,0.9019018282065459,0.0,7.443700042345375,6.684285541217308,126.19395448321686,124.71477623858407,0.0
6.777,1.7155073114193005,-0.828713521039217,0.5042487559002649,0.0,7.450600833534338,6.635102524980161,123.85981175136571,124.71477623858407,0.0
6.7780000000000005,1.6904269503549088,-0.8013534938411696,1.6798697666980207,0.0,7.448912751791056,6.7276036511885104,122.90556845613514,124.71477623858407,0.0
6.779,1.7304264206676199,-0.795002984326882,2.1750834921377944,0.0,7.456218635068346,6.848752410947055,125.11948867766316,124.71477623858407,0.0
6.78,1.8002158312743934,-0.8114473081574931,1.0640762569829967,0.0,7.476781186710272,6.824077109472427,125.28820069901606,124.71477623858407,0.0
6.781000000000001,1.8039374104889243,-0.8035993973570312,0.9739860017022255,0.0,7.491792239614185,6.805414257972588,122.60340555602153,124.71477623858407,0.0
6.782,1.7971827316567643,-0.7747366584147959,2.3374972800251164,0.0,7.500339479902084,6.941786170545134,123.35871445737014,124.71477623858407,0.0
6.783,1.866251770553392,-0.7730539204635102,1.9734034471629491,0.0,7.521772713633227,7.004025040424196,125.59366023336302,124.71477623858407,0.0
6.784,1.9146863063449018,-0.7767133685103517,0.8471417192187176,0.0,7.547705877643823,6.937298386395122,122.68278078934723,124.71477623858407,0.0
6.785,1.8948128819550478,-0.7465469948904723,2.322901395718981,0.0,7.561018164271806,7.056104317905288,121.92225728458207,124.71477623858407,0.0
6.7860000000000005,1.9550305623798245,-0.7326283453906431,2.731088337641581,0.0,7.583650427679215,7.187681172683092,124.38792138183774,124.71477623858407,0.0
6.787,2.0353525953699045,-0.7481383537770252,1.5015248375812102,0.0,7.6190224376411715,7.160796467073331,122.47587613750157,124.71477623858407,0.0
6.788,2.0465227475387406,-0.7290200623369316,2.47993646076012,0.0,7.645910663903679,7.259632850162353,121.87224488881023,124.71477623858407,0.0
6.789,2.1078855191000683,-0.7098144509810664,2.81017739860353,0.0,7.678072271514094,7.371178601149654,124.20150431167767,124.71477623858407,0.0
6.79,2.1775993464587593,-0.7179509543421615,1.6506804064388751,0.0,7.719259364945476,7.336883965988877,121.34109341425176,124.71477623858407,0.0
6.791,2.1857123955495954,-0.6869063957873438,3.1146226833951522,0.0,7.749402019043001,7.482570826947743,122.83756306861852,124.71477623858407,0.0
6.792,2.267554635546647,-0.677927996411857,2.3851599879114262,0.0,7.790421915480909,7.512901432038942,122.75610493223874,124.71477623858407,0.0
6.793,2.303943860032051,-0.6709524874071544,2.4454757691647693,0.0,7.82969536078738,7.555045936864089,120.39553293170829,124.71477623858407,0.0
6.7940000000000005,2.350087932790398,-0.6361277000197672,3.668954202498754,0.0,7.8654949405231545,7.726170849833009,123.41513435161042,124.71477623858407,0.0
6.795,2.447697142338084,-0.64948010698323,2.172149911417425,0.0,7.916644066222098,7.6966044008036665,120.11188159759833,124.71477623858407,0.0
6.796,2.4718836337768746,-0.6159438739233236,3.8698052348333283,0.0,7.95589912474199,7.8751352157709285,123.06816494489308,124.71477623858407,0.0
6.797,2.573931017825433,-0.6177227474298173,2.4081296741228595,0.0,8.00961279732293,7.850994242850186,119.63809840333498,124.71477623858407,0.0
6.798,2.599639271092142,-0.5868869501348142,4.173929723254403,0.0,8.052131278916185,8.041686061472335,122.7745949055404,124.71477623858407,0.0
6.799,2.710149242512662,-0.5903292487552092,2.625083285482131,0.0,8.110154105033525,8.017630423421737,119.12200061781516,124.71477623858407,0.0
6.8,2.7414812974699116,-0.556269054365776,4.5073081855524375,0.0,8.156188040365027,8.221974408842302,122.41659812521267,124.71477623858407,0.0
6.801,2.858540416919857,-0.5663666776148029,2.882991212987396,0.0,8.219504321206724,8.200427090681176,119.16161167229312,124.71477623858407,0.0
6.8020000000000005,2.89883757302963,-0.5262414199413693,4.566016085110082,0.0,8.269819487571576,8.385479942101906,121.54226245745348,124.71477623858407,0.0
6.803,3.0058577304105794,-0.5366830768380517,3.4074158303412103,0.0,8.335158257277378,8.401413502520441,119.87608640574034,124.71477623858407,0.0
6.804,3.067513529862015,-0.4963094269562328,4.288890754526216,0.0,8.39101098799849,8.525123891709887,119.67881738559433,124.71477623858407,0.0
6.805,3.1488266100820015,-0.49798684753960587,4.437884853129118,0.0,8.45423773732942,8.641295235827288,121.38216308669477,124.71477623858407,0.0
6.806,3.251128997828026,-0.48135382774564106,3.619538134097788,0.0,8.520912539755832,8.650223908536704,118.41197561291878,124.71477623858407,0.0
6.807,3.3015504876979396,-0.44344545109941025,5.167659877242437,0.0,8.5778091379774,8.83888071314581,119.68221367223276,124.71477623858407,0.0
6.808,3.417343859247117,-0.45518077392341305,4.582866473248959,0.0,8.64955172611482,8.922319949273728,120.90719129543713,124.71477623858407,0.0
6.809,3.5166433688898278,-0.43363046953186546,4.008453511078246,0.0,8.71997609233998,8.937487016458546,121.1838736989119,124.71477623858407,0.0
6.8100000000000005,3.547418812565422,-0.4346153347258909,3.905421334737584,0.0,8.78519856687637,8.95019810006374,122.15590162020423,124.71477623858407,0.0
6.811,3.5397758531137433,-0.4664732096937364,3.444996120275214,0.0,8.848664419914158,8.919692350911046,126.32370859452529,124.71477623858407,0.0
6.812,3.511577770627432,-0.47430783650421415,1.345003309555275,0.0,8.903276342932372,8.675214164421803,124.21021724882239,124.71477623858407,0.0
6.813,3.366385970893754,-0.4329226115162991,2.4067945723043405,0.0,8.92334853398307,8.614131073038749,125.90805186890226,124.71477623858407,0.0
6.814,3.268038406550506,-0.4394390361463932,1.5459445059612213,0.0,8.936435855749576,8.465218404054252,126.93309939602057,124.71477623858407,0.0
6.815,3.1611421488953835,-0.41473072208121997,1.0112375108277045,0.0,8.930540099647512,8.293071578042232,125.90031053638485,124.71477623858407,0.0
6.816,3.027047594236226,-0.405188578016324,1.5157765976675548,0.0,8.907216683847968,8.212077666960882,127.55909108620018,124.71477623858407,0.0
6.817,2.944498018764384,-0.40382763834928526,0.657943174283727,0.0,8.878071936597518,8.045183245722406,126.63344199357817,124.71477623858407,0.0
6.8180000000000005,2.8271926793786735,-0.40633715536892034,1.1015810630447906,0.0,8.835441878217093,7.961520385457996,127.33398370042347,124.71477623858407,0.0
6.819,2.7519945919085416,-0.4130696343928309,0.7251181350037466,0.0,8.789424017170708,7.843212240637716,127.32662138265128,124.71477623858407,0.0
6.82,2.665925869486945,-0.4294888022013791,0.70268084244917,0.0,8.737915911415632,7.742145229885908,127.29741484562012,124.71477623858407,0.0
6.821,2.5933722314628844,-0.43946019652819857,0.6914577248943883,0.0,8.682384576858748,7.652144152586725,127.6805953868344,124.71477623858407,0.0
6.822,2.52427260651406,-0.46287210384268673,0.4702092628047485,0.0,8.62588186388896,7.5482403722715885,127.3297905442346,124.71477623858407,0.0
6.823,2.456707789616323,-0.4739755593814543,0.6194615410481432,0.0,8.565626305220754,7.474448067527918,127.84529897778233,124.71477623858407,0.0
6.824,2.3974655752808176,-0.5012518183415535,0.33040209688229183,0.0,8.506906425875227,7.374561371159047,127.27857232353881,124.71477623858407,0.0
6.825,2.33534412074709,-0.512987241739989,0.5881274631545066,0.0,8.445087998811594,7.316272679079466,128.07148548085485,124.71477623858407,0.0
6.8260000000000005,2.2852114905225376,-0.5429453655449644,0.1581037920737809,0.0,8.386800584630928,7.212644530799242,127.11307035485142,124.71477623858407,0.0
6.827,2.2236698249863203,-0.5528429959527601,0.6133284139128223,0.0,8.324768255147113,7.174193657948812,128.02878337729663,124.71477623858407,0.0
6.828,2.184278536832982,-0.5826891873059412,0.12233183130308789,0.0,8.268278176071409,7.078540394171089,127.2064271446564,124.71477623858407,0.0
6.829,2.1276519405653036,-0.5956482033546262,0.5085934385624804,0.0,8.208998808377327,7.040037204196109,127.3415058115989,124.71477623858407,0.0
6.83,2.0908067397173555,-0.6205910438459223,0.41478680936107937,0.0,8.154411180748706,6.9887617572950695,127.29464966105427,124.71477623858407,0.0
6.831,2.0546169318155845,-0.6430003786167489,0.4124161504086983,0.0,8.102370369612728,6.941444812989239,127.35385746050484,124.71477623858407,0.0
6.832,2.019326649440061,-0.6648284826910891,0.3564214384642026,0.0,8.052978943260232,6.8910398032583124,127.33047676267788,124.71477623858407,0.0
6.833,1.9822856865604417,-0.6837533905221101,0.341954782136747,0.0,8.005349617390562,6.843426369881657,127.30945513874947,124.71477623858407,0.0
6.8340000000000005,1.9455396865299244,-0.7007919170909994,0.32651880509929554,0.0,7.959406869614461,6.797929706719415,127.29478955822744,124.71477623858407,0.0
6.835,1.9093827159078034,-0.7164989424735025,0.30805146216387946,0.0,7.915066117826134,6.754121193911395,127.24435979119771,124.71477623858407,0.0
6.836,1.8740613608894776,-0.7304805261504008,0.307970510152606,0.0,7.872159493886464,6.7139590052592535,127.2040541084351,124.71477623858407,0.0
6.837,1.8405539582423578,-0.7433908661731252,0.3032305728353992,0.0,7.830807635041285,6.676334390234576,127.15486382667976,124.71477623858407,0.0
6.838,1.8086221998986676,-0.7552895812394961,0.30342483783211427,0.0,7.791008255835229,6.641583238741997,127.0724339104585,124.71477623858407,0.0
6.839,1.7784240007626289,-0.7662184077882269,0.32106321922399905,0.0,7.7527968831702125,6.611268028102738,127.05396997168954,124.71477623858407,0.0
6.84,1.7516818688880496,-0.7750378902298374,0.30690325127742435,0.0,7.7162359815108665,6.581068873487704,127.17674711703538,124.71477623858407,0.0
6.841,1.7258104452567804,-0.7822262052745594,0.22089496981999313,0.0,7.681013774386452,6.54349266816808,127.03846567550232,124.71477623858407,0.0
6.8420000000000005,1.6960464120487457,-0.7866664902371369,0.26679879621733704,0.0,7.645972715637955,6.515076695802829,126.73215267608913,124.71477623858407,0.0
6.843,1.6696683349781662,-0.7912678080406524,0.3997815315488833,0.0,7.612055907636539,6.502771225567435,126.46387979023378,124.71477623858407,0.0
6.844,1.6528469893310112,-0.7980936166323284,0.5164269389600629,0.0,7.581005059178779,6.501392356267833,126.19940688497722,124.71477623858407,0.0
6.845,1.6433693244799858,-0.8089275177211042,0.6338170851244083,0.0,7.554044879670682,6.509667080733523,125.79503923923319,124.71477623858407,0.0
6.846,1.6433458178406604,-0.81718303410554,0.8251982779899327,0.0,7.531407958351366,6.534204153637214,125.48076353960299,124.71477623858407,0.0
6.847,1.6523978929599157,-0.829519454299345,0.974676254794844,0.0,7.514762887511824,6.567556629308981,126.43084837038619,124.71477623858407,0.0
6.848,1.6696160444300718,-0.8405730813640804,0.4824731180852242,0.0,7.504210106098595,6.538468749612983,127.18397795284568,124.71477623858407,0.0
6.849,1.652892747643735,-0.8429187997443456,0.08121630971286131,0.0,7.491951307608271,6.474029906352596,125.66828463634427,124.71477623858407,0.0
6.8500000000000005,1.6117300178464438,-0.8256301750721042,0.8295278839859654,0.0,7.472549298743191,6.50549657613282,124.63793680025663,124.71477623858407,0.0
6.851,1.6123288832904756,-0.8226057266141762,1.345470196413061,0.0,7.458074354658994,6.580669414175946,125.2746769175343,124.71477623858407,0.0
6.852,1.6495590992931746,-0.8324507384570189,1.0215011309847248,0.0,7.45367738457482,6.601992118579096,126.69630956273475,124.71477623858407,0.0
6.853,1.6668945767815955,-0.8396197265577113,0.29086947514298744,0.0,7.452542520512026,6.542078463681506,125.50151081612655,124.71477623858407,0.0
6.854,1.6367530747344703,-0.8253593985299965,0.8804015026716625,0.0,7.443889451401693,6.5636864474540335,123.75716365457995,124.71477623858407,0.0
6.855,1.6367643267868675,-0.8150579303116172,1.7621512092850034,0.0,7.437271929355907,6.673062820644222,124.46767990626404,124.71477623858407,0.0
6.856,1.6924818297218496,-0.8233000824902149,1.4093640467661621,0.0,7.443263448255545,6.717086906565283,126.26526639751097,124.71477623858407,0.0
6.857,1.7280366533607319,-0.8295645408213579,0.49506589955342695,0.0,7.453664892751966,6.656908955645064,125.0237773112881,124.71477623858407,0.0
6.8580000000000005,1.7027562049471834,-0.8123340780075676,1.1127204319378217,0.0,7.455050402213892,6.684010321862793,122.71328607696634,124.71477623858407,0.0
6.859,1.7082199012904846,-0.7963515603238107,2.2879809507148785,0.0,7.4574217250343295,6.830788403064682,124.12392411207047,124.71477623858407,0.0
6.86,1.78533701837852,-0.8059371876128147,1.5885704544279504,0.0,7.475447967871537,6.866009802732842,126.19170747228777,124.71477623858407,0.0
6.861,1.8225043478171363,-0.808580087632104,0.5399094619822606,0.0,7.49538858912107,6.78783584744438,123.6682902075123,124.71477623858407,0.0
6.862,1.7912988202849647,-0.7788215436850097,1.8120829546807156,0.0,7.50221788388243,6.8737033252539295,121.83651556829851,124.71477623858407,0.0
6.863,1.8287157865489714,-0.7626663362558195,2.7567528809904664,0.0,7.515471509570871,7.038431020161386,124.67180909505332,124.71477623858407,0.0
6.864,1.9204117202268733,-0.7822568830862799,1.3395357890483686,0.0,7.546189054406855,7.0129583457282845,124.65476534623434,124.71477623858407,0.0
6.865,1.9313124593041826,-0.7729591674750459,1.3486577723813546,0.0,7.57006892313039,7.007998160346415,121.46005063541043,124.71477623858407,0.0
6.8660000000000005,1.9366145420644116,-0.7401979219497432,2.9785623838250492,0.0,7.587554026591714,7.184646046087712,123.79837719601807,124.71477623858407,0.0
6.867,2.0289704880525044,-0.7456895075263608,1.8185630939468889,0.0,7.621887095149716,7.191372552368889,124.51605531740151,124.71477623858407,0.0
6.868,2.0554773441950878,-0.7400800985994204,1.461711242466993,0.0,7.6527875566423065,7.171213809397936,121.21832681334732,124.71477623858407,0.0
6.869,2.060371385461256,-0.7018262544092331,3.145539988746456,0.0,7.674430268916891,7.344677391501024,123.4088345036821,124.71477623858407,0.0
6.87,2.151418525955291,-0.704591710323242,2.0633455609280844,0.0,7.7119418067667675,7.357112967056768,123.08733378772376,124.71477623858407,0.0
6.871,2.1823179097296084,-0.6974340782679141,2.2403703434158553,0.0,7.746130754302005,7.399862348383526,120.55553287412864,124.71477623858407,0.0
6.872,2.225266472910535,-0.6654859488550953,3.54786323385797,0.0,7.777733027301538,7.5793943083427315,123.8953706443075,124.71477623858407,0.0
6.873,2.326597195343612,-0.6802378093390868,1.8861384047113052,0.0,7.826070454944404,7.537551745659582,120.76629374922592,124.71477623858407,0.0
6.8740000000000006,2.3414997545506253,-0.6507460271955304,3.4901616771456774,0.0,7.861998268914042,7.6971610159798445,122.85786554659693,124.71477623858407,0.0
6.875,2.433640340754246,-0.644042687195823,2.4629448853800473,0.0,7.909851778940206,7.7053816219561515,121.01031566543293,124.71477623858407,0.0
6.876,2.465308551277914,-0.6284502987221474,3.4237644316935585,0.0,7.95209386922928,7.830965739054021,122.07830988520581,124.71477623858407,0.0
6.877,2.5517923039967534,-0.6098632976550383,2.9161319853408987,0.0,8.000781515966583,7.873571358215245,121.04979081163117,124.71477623858407,0.0
6.878,2.5973473201316124,-0.6016976236178697,3.4670413763977486,0.0,8.048148605812868,7.978315323366212,121.5906566520991,124.71477623858407,0.0
6.8790000000000004,2.6805870357662966,-0.577642522683077,3.2278496520286333,0.0,8.098688978827163,8.036800598837075,120.48553545407864,124.71477623858407,0.0
6.88,2.733979531904119,-0.5710085812312196,3.822702658883915,0.0,8.149534659536757,8.157276354641239,121.78576683405443,124.71477623858407,0.0
6.881,2.8280115101521104,-0.55173697278191,3.2018770629413194,0.0,8.205289810240904,8.186740164667805,119.08241985790255,124.71477623858407,0.0
6.882000000000001,2.874533468738753,-0.5343299558047779,4.609874114824073,0.0,8.2566937710943,8.375743944766604,122.04021021395573,124.71477623858407,0.0
6.883,2.9957271649915835,-0.5365901218146409,3.1577245970437664,0.0,8.322280402303093,8.364305238464262,118.87191844434443,124.71477623858407,0.0
6.884,3.0414917880660868,-0.4989700347733146,4.800299059791813,0.0,8.37600368852613,8.551951580417455,120.99224439164972,124.71477623858407,0.0
6.885,3.1528066135558275,-0.5103557225858866,3.777361404608512,0.0,8.444747906851973,8.58546974552686,120.50957440655998,124.71477623858407,0.0
6.886,3.226385275423904,-0.47238288505883075,4.060748415473624,0.0,8.505678650850074,8.656931959154313,118.14598910694312,124.71477623858407,0.0
6.8870000000000005,3.288643874056823,-0.45885502216381435,5.3082289365984625,0.0,8.566554205267934,8.855617353802973,120.8880905458219,124.71477623858407,0.0
6.888,3.4213718991912305,-0.4662361132726276,3.975445074086696,0.0,8.642157942359788,8.867463237562552,119.97461811248183,124.71477623858407,0.0
6.889,3.490543827547729,-0.4249732689873358,4.479582872017749,0.0,8.706773170335945,8.948186271185026,119.71462556393664,124.71477623858407,0.0
6.890000000000001,3.5411173624630967,-0.44053270989016413,4.659580653036823,0.0,8.775123345818896,9.037185532618524,124.44435794801926,124.71477623858407,0.0
6.891,3.585670934492251,-0.48166764528529815,2.297418643901159,0.0,8.849907678381342,8.858086929067806,124.16877780770484,124.71477623858407,0.0
6.892,3.5009722940281054,-0.45432895298630127,2.4406686983671597,0.0,8.895885111825626,8.753518131382364,123.97120921100934,124.71477623858407,0.0
6.893,3.3975517828476454,-0.4506125924993196,2.546888666990659,0.0,8.926672509426364,8.684784922639032,127.72583620992765,124.71477623858407,0.0
6.894,3.319236737955058,-0.4480077405279351,0.6394645678180675,0.0,8.947258476280707,8.422705373761266,125.3457455904527,124.71477623858407,0.0
6.8950000000000005,3.154118095181157,-0.40505624258269246,1.823200184036859,0.0,8.93487927530758,8.355557435488704,127.10714363743564,124.71477623858407,0.0
6.896,3.0537223602496084,-0.4131074125249372,0.9185774865568699,0.0,8.91833834427761,8.191932862475834,126.76902214106823,124.71477623858407,0.0
6.897,2.9425954569677693,-0.39449218172865697,1.0670957757157318,0.0,8.884960861962336,8.079619894455217,126.83217946370448,124.71477623858407,0.0
6.898000000000001,2.8425968127166166,-0.40542090616392523,1.014343082146406,0.0,8.84507814307237,7.977801077655727,127.36803704881905,124.71477623858407,0.0
6.899,2.7648094987592615,-0.4093890337175785,0.719881681486771,0.0,8.799329021178,7.857869261603119,127.20474903169487,124.71477623858407,0.0
6.9,2.676713651858683,-0.42503848902738683,0.7766259621177496,0.0,8.747843388676348,7.763454869861828,127.33851503245104,124.71477623858407,0.0
6.901,2.607009842188557,-0.43614276289191445,0.6835055738009959,0.0,8.69312985582273,7.6693091291180595,127.66323691711654,124.71477623858407,0.0
6.902,2.5367141216837696,-0.4591175880018821,0.4916600246829246,0.0,8.636889290203554,7.565970293802307,127.33034990962081,124.71477623858407,0.0
6.9030000000000005,2.4688417612154305,-0.47063721538308984,0.631947791720421,0.0,8.57697630837555,7.491454397767988,127.81715160648189,124.71477623858407,0.0
6.904,2.4092667887309998,-0.49775310906786974,0.35752318961090346,0.0,8.518470587158431,7.392683732620482,127.3127680903282,124.71477623858407,0.0
6.905,2.3476053842153632,-0.5098282795278584,0.5837350291703025,0.0,8.456995481362021,7.331754115010523,128.10203107980385,124.71477623858407,0.0
6.906000000000001,2.296233792395662,-0.5395317504962767,0.15523098602028185,0.0,8.398721554486183,7.22640664649483,127.12921862242455,124.71477623858407,0.0
6.907,2.2335050844509525,-0.5489912975100543,0.6174927908715298,0.0,8.336483788908188,7.187286813063984,128.01206737053744,124.71477623858407,0.0
6.908,2.193416841134949,-0.5788023908793002,0.14309550549555006,0.0,8.279742441345388,7.092831286663863,127.23193067496562,124.71477623858407,0.0
6.909,2.1372784354401873,-0.5922036017015883,0.5079923089176406,0.0,8.220405698155618,7.052804141570931,127.37528440386717,124.71477623858407,0.0
6.91,2.09976985823346,-0.6173923046909762,0.4097103628140373,0.0,8.165636659996144,6.9999506139984895,127.3036099176369,124.71477623858407,0.0
6.9110000000000005,2.062828730649618,-0.6393807366057438,0.4196592691386414,0.0,8.113226013376096,6.952671172786241,127.39404319332637,124.71477623858407,0.0
6.912,2.027195430103467,-0.6616860046365247,0.34764996174648677,0.0,8.063562182461075,6.900408349941069,127.33802228247639,124.71477623858407,0.0
6.913,1.9893512235181465,-0.680298376880744,0.3494279567325538,0.0,8.015462760619588,6.853127628530224,127.33832171088706,124.71477623858407,0.0
6.914,1.952519307293149,-0.6977308258133268,0.3230427878041884,0.0,7.969176654481314,6.806517957263228,127.31781356066925,124.71477623858407,0.0
6.915,1.9158546143725876,-0.7135945994707036,0.30726648969224013,0.0,7.924428882443149,6.762133898465089,127.26156446634492,124.71477623858407,0.0
6.916,1.8801982020632904,-0.7276926208368268,0.3099231545767962,0.0,7.881109626342685,6.721719022886185,127.22992024783277,124.71477623858407,0.0
6.917,1.846492363847357,-0.7409258902589874,0.3005938237403869,0.0,7.839395487717156,6.683311994294933,127.17845226491373,124.71477623858407,0.0
6.918,1.8141650951899477,-0.7530235554532103,0.3016910549366081,0.0,7.799210470572197,6.648007184610357,127.09425631771293,124.71477623858407,0.0
6.9190000000000005,1.783663581295482,-0.7640700910231617,0.3199942277457182,0.0,7.760607616434027,6.6172486247185995,127.11908872961259,124.71477623858407,0.0
6.92,1.7567231480184164,-0.7729621131818907,0.28353489688560707,0.0,7.723656848802262,6.584170509801032,127.20009418091414,124.71477623858407,0.0
6.921,1.7291440259242288,-0.780213865612407,0.21817899181153133,0.0,7.687802118987687,6.546644872460089,127.05889453107946,124.71477623858407,0.0
6.922,1.6991081842488354,-0.7846138492845227,0.26533763380391484,0.0,7.652191779100102,6.5181554869050355,126.80621301881628,124.71477623858407,0.0
6.923,1.6724479053038996,-0.7898826810528575,0.37076402213318294,0.0,7.617829106303562,6.502711594480209,126.47360916223779,124.71477623858407,0.0
6.924,1.654130023079369,-0.7962849235210643,0.5194776211858891,0.0,7.586009869898017,6.50242842028597,126.189549601495,124.71477623858407,0.0
6.925,1.6449316080600715,-0.8072732753148341,0.6467596679281749,0.0,7.558488935986231,6.512334175851601,125.84205023451815,124.71477623858407,0.0
6.926,1.6457983831704917,-0.8164031485306996,0.809236611457258,0.0,7.535605073557996,6.5349095763779275,125.69541102978506,124.71477623858407,0.0
6.9270000000000005,1.653930154450725,-0.8292672089565659,0.8727498659117936,0.0,7.518590885339904,6.557414912073784,126.04606486830815,124.71477623858407,0.0
6.928,1.665600950682458,-0.8379594070316679,0.6841100603530093,0.0,7.5063561506972105,6.553380314349544,127.23054501887049,124.71477623858407,0.0
6.929,1.660919935362224,-0.8434853638723673,0.06671229726897665,0.0,7.4954623630180865,6.483129966697349,126.04295285147177,124.71477623858407,0.0
6.93,1.6188104850144833,-0.8293440121605893,0.6472266148394594,0.0,7.477022111084954,6.493431056991102,124.82920198197482,124.71477623858407,0.0
6.931,1.6083324792486944,-0.8223683603359282,1.2529577921540258,0.0,7.4608300851909135,6.562414785521824,124.90187805423577,124.71477623858407,0.0
6.932,1.6393226386301067,-0.8288965414562384,1.2147487378670352,0.0,7.453943491180832,6.609106933275743,126.4111864225255,124.71477623858407,0.0
6.933,1.6688603892628715,-0.8389705253689282,0.44313045188275235,0.0,7.453457627766345,6.563006034962071,126.04451573654457,124.71477623858407,0.0
6.934,1.6480460129173204,-0.8317945134827521,0.613168399893615,0.0,7.4475201597153315,6.550471956183692,124.29061518154343,124.71477623858407,0.0
6.9350000000000005,1.6337464111685307,-0.815842366640926,1.4943602879645903,0.0,7.439240054557841,6.635193079114658,123.88644266989755,124.71477623858407,0.0
6.936,1.6725836934179226,-0.8164026139924745,1.7047298794743968,0.0,7.440481220886284,6.720527718357227,125.68778530432625,124.71477623858407,0.0
6.937,1.7240642491533882,-0.8294608347213687,0.7943284716026213,0.0,7.451562536312804,6.689930671218984,125.78029230336706,124.71477623858407,0.0
6.938,1.7182991196001287,-0.8225083949556807,0.7374198114343875,0.0,7.457580664901336,6.667494491605643,123.5216157108128,124.71477623858407,0.0
6.939,1.7050152049601202,-0.7982441555388277,1.8786897129892335,0.0,7.458153820731478,6.775416097900072,123.39570905946401,124.71477623858407,0.0
6.94,1.7570323685933071,-0.7953389224938101,1.9548337104548268,0.0,7.469384888367268,6.863711272707691,125.45549752053613,124.71477623858407,0.0
6.941,1.8136114063867912,-0.8057423035754205,0.9175322670992476,0.0,7.489495790969669,6.823731915533401,124.4991808415513,124.71477623858407,0.0
6.942,1.8060001086622703,-0.7912132223274795,1.3978465605619923,0.0,7.501895434846311,6.854372204178873,121.72005326446904,124.71477623858407,0.0
6.9430000000000005,1.821160925505569,-0.770445522983151,2.817357578844267,0.0,7.513979987084438,7.032787694593876,124.21820694533803,124.71477623858407,0.0
6.944,1.9167266294463428,-0.7833156965205207,1.5732464313422372,0.0,7.544321029222809,7.033162135518091,125.47928701314135,124.71477623858407,0.0
6.945,1.9406450722117798,-0.7792635125875649,0.9350612896950043,0.0,7.571090969271764,6.977098610792761,122.22064440656307,124.71477623858407,0.0
6.946,1.9225771992383447,-0.7396207485248528,2.589323911304353,0.0,7.585257380635722,7.119895822793088,122.9435550009276,124.71477623858407,0.0
6.947,1.9929617526704593,-0.7314676223201233,2.2455808264986503,0.0,7.611786455821424,7.187552609577793,124.92404821994265,124.71477623858407,0.0
6.948,2.0443199749011596,-0.7347190883275005,1.2532414971775416,0.0,7.642867494689886,7.14043117091428,121.45433323006965,124.71477623858407,0.0
6.949,2.040395535090299,-0.7009335117010526,3.020703422199184,0.0,7.662379357716166,7.306419455651051,122.75962882153704,124.71477623858407,0.0
6.95,2.128939674862375,-0.6976269147057784,2.3876071006359627,0.0,7.696512993010279,7.3606657838215686,123.8537462874513,124.71477623858407,0.0
6.9510000000000005,2.1790363262537493,-0.7004092273786825,1.8491586671901572,0.0,7.732997017956007,7.355377287985708,120.57539709251022,124.71477623858407,0.0
6.952,2.2011593521617447,-0.6664486829726175,3.5297270561214384,0.0,7.761540307812177,7.5425804850089415,123.27189771508583,124.71477623858407,0.0
6.953,2.304324097403946,-0.6746084463932897,2.1959055300686146,0.0,7.807186767805392,7.539264747842781,121.25478542487372,124.71477623858407,0.0
6.954,2.334883193708856,-0.6594123408913617,3.2390615833117735,0.0,7.846183838843245,7.666600758368714,122.14298388667562,124.71477623858407,0.0
6.955,2.419587729907812,-0.643965296196121,2.820680275929905,0.0,7.892467589968451,7.7196374625825674,122.18671067356262,124.71477623858407,0.0
6.956,2.46799847491242,-0.6403111831511268,2.8240975381366233,0.0,7.939179154414527,7.772080446815599,120.48105117145943,124.71477623858407,0.0
6.957,2.524931572089781,-0.605769629208901,3.7192645398594637,0.0,7.982700831036102,7.916605953397914,122.43859105700582,124.71477623858407,0.0
6.958,2.6115033852974423,-0.6152167100976478,2.763256448902048,0.0,8.037707485090934,7.9279649484805415,119.70548480621468,124.71477623858407,0.0
6.9590000000000005,2.6583812637914574,-0.580054049359718,4.179902488621311,0.0,8.084387009758487,8.10478900623682,122.54340637122431,124.71477623858407,0.0
6.96,2.7614494192811816,-0.5908030390635934,2.782655404790097,0.0,8.145615003209718,8.089866252746667,119.55570729117582,124.71477623858407,0.0
6.961,2.8009046975401475,-0.5499842826386083,4.328095634288423,0.0,8.194630368863024,8.263220070980196,121.88913040204285,124.71477623858407,0.0
6.962,2.9007102919975902,-0.5577759113108216,3.1896405372203196,0.0,8.257344846492547,8.272871518375492,119.7088615370382,124.71477623858407,0.0
6.963,2.9547958630068796,-0.5175009203081098,4.329834116738102,0.0,8.310244855801622,8.419683756645407,120.65519620319738,124.71477623858407,0.0
6.964,3.0453026673692323,-0.5230063225214878,3.897262584012382,0.0,8.373544432160285,8.488705074854463,121.15355305235602,124.71477623858407,0.0
6.965,3.1282062571711693,-0.49357905842166305,3.6836963912953427,0.0,8.434124129630867,8.52977332617227,117.9980076220395,124.71477623858407,0.0
6.966,3.1799145661037156,-0.472535920067775,5.328636792619049,0.0,8.490732209908249,8.751012950093575,121.19919233117801,124.71477623858407,0.0
6.9670000000000005,3.3181144852551334,-0.48585501457242364,3.7632002771238517,0.0,8.565478976329072,8.752457090915446,119.90911383213032,124.71477623858407,0.0
6.968,3.383552389335267,-0.4439407354946805,4.456296150712237,0.0,8.628151718546398,8.847310235289589,117.90234801816338,124.71477623858407,0.0
6.969,3.4562020983568345,-0.4336196020407379,5.527803339899911,0.0,8.693326319090248,9.042543082571237,122.4064006841873,124.71477623858407,0.0
6.97,3.5806080735077552,-0.4600029897171549,3.2988607624319175,0.0,8.774512128286828,8.955913189589365,122.92551072949007,124.71477623858407,0.0
6.971,3.56644299712098,-0.453805483551345,3.057198394871474,0.0,8.837970807710562,8.884573650322428,122.46911566002206,124.71477623858407,0.0
6.972,3.502940633940102,-0.46003800669877193,3.307852535391102,0.0,8.888697217873098,8.863546121243344,126.89144409581979,124.71477623858407,0.0
6.973,3.4564959087887512,-0.4723641391630804,1.074921638919876,0.0,8.933541783451076,8.606038942206235,125.11483755433461,124.71477623858407,0.0
6.974,3.3040744763161505,-0.42471358316013386,1.9592242965049604,0.0,8.942786352082575,8.514671449250175,125.86802197245459,124.71477623858407,0.0
6.9750000000000005,3.1895445580733615,-0.4251488365348173,1.5710996301062692,0.0,8.942494097986561,8.392902499255149,127.51866967985636,124.71477623858407,0.0
6.976,3.0918744225615735,-0.4091851033591727,0.7177368419926595,0.0,8.92829381111758,8.20289097454538,126.15138391892079,124.71477623858407,0.0
6.977,2.9549272394947756,-0.3982908916991015,1.387013645657079,0.0,8.895473674513667,8.126702138686143,127.1954189020983,124.71477623858407,0.0
6.978,2.8741393280330403,-0.4018066347155693,0.8401897274331813,0.0,8.858812341832639,7.995523972141286,127.07660396388698,124.71477623858407,0.0
6.979,2.77773996438079,-0.41388884345859145,0.8759789192858096,0.0,8.813993211296792,7.892998590155974,127.43720487551289,124.71477623858407,0.0
6.98,2.700800789429862,-0.4199731794770938,0.668454177103567,0.0,8.763951910490603,7.78055753536511,127.53063663732,124.71477623858407,0.0
6.981,2.617907338273456,-0.4373877624905762,0.5935796922126526,0.0,8.70952539505725,7.676544397934239,127.34345583477679,124.71477623858407,0.0
6.982,2.5450677420269066,-0.44771837782923485,0.6608832975223304,0.0,8.651102439281257,7.592825485211643,127.7342332919841,124.71477623858407,0.0
6.9830000000000005,2.4795512299794136,-0.47250677849804035,0.4352999983846768,0.0,8.592773305730788,7.492627389588227,127.38116027843746,124.71477623858407,0.0
6.984,2.415387346353627,-0.48462996151989046,0.58517266475946,0.0,8.531342942098739,7.421760878543072,127.91190088429829,124.71477623858407,0.0
6.985,2.358787079559478,-0.5127770852212211,0.28783111537190376,0.0,8.471943915502306,7.323216075653946,127.28463840161804,124.71477623858407,0.0
6.986,2.298153042838538,-0.5248113555755198,0.5757637350816895,0.0,8.409672609778566,7.269335595427407,127.9983069014133,124.71477623858407,0.0
6.987,2.250825195542536,-0.5551014450866572,0.18609417855576638,0.0,8.351451953747228,7.173472778071546,127.19083853560291,124.71477623858407,0.0
6.988,2.193817250453902,-0.5666046662286313,0.5650677384907747,0.0,8.290429535013942,7.132755559493036,127.93900857772172,124.71477623858407,0.0
6.989,2.1544594218740025,-0.5958155715315943,0.15874039403999052,0.0,8.234535803668043,7.04528135910302,127.25244549952352,124.71477623858407,0.0
6.99,2.1017606971238623,-0.6094943096511658,0.47664524052969837,0.0,8.176696577557852,7.005401293612502,127.38110328740991,124.71477623858407,0.0
6.9910000000000005,2.064978475821923,-0.6338236332267156,0.3856530760982415,0.0,8.123192705721744,6.954056182603375,127.29069865209394,124.71477623858407,0.0
6.992,2.028647930899366,-0.6547031459326188,0.40509616962113126,0.0,8.071958163130228,6.909172395171841,127.37247882449343,124.71477623858407,0.0
6.993,1.9940686228582254,-0.6760493588703005,0.33762905756229245,0.0,8.023497984350797,6.85947813739791,127.31727128417405,124.71477623858407,0.0
6.994,1.9574698227402814,-0.6939438162105855,0.3392078772660789,0.0,7.976669325849969,6.814435703743995,127.29938346884938,124.71477623858407,0.0
6.995,1.9219479963094577,-0.7103992364724954,0.3223057126257607,0.0,7.931650441489242,6.7708810342041295,127.2857591706767,124.71477623858407,0.0
6.996,1.8869538471705418,-0.7255685818882772,0.30340803239117786,0.0,7.888282052403715,6.728764358143748,127.22387775835426,124.71477623858407,0.0
6.997,1.8527315178617918,-0.7388374477309874,0.3092577233546936,0.0,7.846346716409245,6.690769468321756,127.1822386908199,124.71477623858407,0.0
6.998,1.8205405709133415,-0.7511218611044403,0.3054026325995163,0.0,7.806024021844672,6.655096757861053,127.12766222133578,124.71477623858407,0.0
6.9990000000000006,1.789790648569167,-0.7625766086071628,0.30856200751405827,0.0,7.767303503782055,6.6224057131264935,127.1217680075623,124.71477623858407,0.0
7.0,1.7617063298692577,-0.7715228829672184,0.2874391967110195,0.0,7.730055475756819,6.589538393955195,127.19561715698538,124.71477623858407,0.0
7.001,1.7339395406940787,-0.7789192138067637,0.225706212815465,0.0,7.693969652265727,6.552427107400289,127.09858902305972,124.71477623858407,0.0
7.002,1.7040910499970465,-0.7836177565433579,0.2503821519335392,0.0,7.658224158860888,6.521755716378634,126.84021976946265,124.71477623858407,0.0
7.003,1.6766810501268838,-0.7881751233918651,0.35831234342328666,0.0,7.623440400620331,6.504919091870097,126.56709056573202,124.71477623858407,0.0
7.0040000000000004,1.657064283550156,-0.794899771079136,0.47635380201712385,0.0,7.591145493330095,6.500076756843525,126.28127385455825,124.71477623858407,0.0
7.005,1.645312065256861,-0.8049813457684225,0.6035971814442649,0.0,7.5626375700051724,6.506402098088126,125.86430227141494,124.71477623858407,0.0
7.006,1.6433543753532172,-0.8138213841243181,0.80058771268761,0.0,7.53848456160946,6.529738461224741,125.65059463706883,124.71477623858407,0.0
7.007000000000001,1.6514003983861927,-0.8266305514609504,0.898083345875816,0.0,7.52040109839045,6.556175862113728,126.09259763229333,124.71477623858407,0.0
7.008,1.6649922743803103,-0.8369332484362706,0.663303634326474,0.0,7.50777492657616,6.549945805860581,127.18794613792163,124.71477623858407,0.0
7.009,1.6600120815239248,-0.8426659248831042,0.09089768251895114,0.0,7.496315933757378,6.483143020442131,126.02870650055674,124.71477623858407,0.0
7.01,1.6196352764286712,-0.8295235729586805,0.6573781985816698,0.0,7.477819576202478,6.494303177200535,124.84988124504933,124.71477623858407,0.0
7.011,1.610057347264871,-0.8234003849413863,1.2454397762707197,0.0,7.461746742916248,6.562169455069842,124.95239394416443,124.71477623858407,0.0
7.0120000000000005,1.6406464457366527,-0.8301772531684064,1.1918072496573682,0.0,7.45487450813072,6.606401047995703,126.45205512882215,124.71477623858407,0.0
7.013,1.6686403783274073,-0.8400246627624774,0.42460386842612463,0.0,7.454128102489406,6.558892769880856,126.04610127604407,124.71477623858407,0.0
7.014,1.6466179576430227,-0.832452116346102,0.6142675444405663,0.0,7.447774055398996,6.547298122788454,124.31585427778191,124.71477623858407,0.0
7.015000000000001,1.6322982659950633,-0.8168283356556368,1.4833802631796678,0.0,7.439253057896602,6.631288239871838,123.93314027035183,124.71477623858407,0.0
7.016,1.6706782649498355,-0.8175636059769715,1.6825536265770311,0.0,7.440220289395036,6.714880191481461,125.71846208251169,124.71477623858407,0.0
7.017,1.721124345111768,-0.8303839479057583,0.7798558620578226,0.0,7.45085287781354,6.683755914520612,125.80582047154076,124.71477623858407,0.0
7.018,1.7147029964091227,-0.8234306063693243,0.7252662252137241,0.0,7.456416708705816,6.66104025084895,123.56827251397966,124.71477623858407,0.0
7.019,1.7009883504188992,-0.799357346212573,1.8555052412403135,0.0,7.456574064939819,6.767469122336946,123.4027368539923,124.71477623858407,0.0
7.0200000000000005,1.7520513388598478,-0.7964255156434614,1.951393465079916,0.0,7.467276803938186,6.856762081573228,125.44780742031915,124.71477623858407,0.0
7.021,1.8088261119435178,-0.8071702073611009,0.921527870099137,0.0,7.487049799354976,6.818217325944639,124.58877024293831,124.71477623858407,0.0
7.022,1.8019133150755648,-0.7932941660151881,1.352306518746015,0.0,7.499357208202006,6.844516808107868,121.79319118526567,124.71477623858407,0.0
7.023000000000001,1.8148035236989277,-0.7723171180823127,2.7793118981155187,0.0,7.510895109521492,7.020592837266401,124.15287304677793,124.71477623858407,0.0
7.024,1.9088394689599537,-0.7840186216801489,1.6050899992774514,0.0,7.540383759499975,7.026565539082667,125.57327645488819,124.71477623858407,0.0
7.025,1.9351275857188406,-0.7808934551823484,0.88630329305928,0.0,7.567060031311501,6.96561418362867,122.30063691533395,124.71477623858407,0.0
7.026,1.9147592027770088,-0.7416038672669027,2.546764456068898,0.0,7.580682937390753,7.105767589185658,122.80495542303389,124.71477623858407,0.0
7.027,1.9835613907935141,-0.7322202251628065,2.3137034103744325,0.0,7.606319588665485,7.183254693627148,124.94643116059144,124.71477623858407,0.0
7.0280000000000005,2.0393465751653874,-0.7373495945145219,1.2406489923755806,0.0,7.6377993523066205,7.134403028828294,121.61869984477896,124.71477623858407,0.0
7.029,2.0351094700823986,-0.7051754918882444,2.9354754142198742,0.0,7.657655528121351,7.2917698908591495,122.64576732578676,124.71477623858407,0.0
7.03,2.119732341948206,-0.6993534957662336,2.442631762843945,0.0,7.690944094010536,7.354873731442526,123.9967236279979,124.71477623858407,0.0
7.031000000000001,2.172951730151618,-0.7032004030537791,1.774334137844241,0.0,7.7276955671319865,7.341403838336557,120.7168512561298,124.71477623858407,0.0
7.032,2.1910812753056073,-0.6691930186346736,3.454249573602831,0.0,7.75564562227172,7.5229676999518675,123.14668897438554,124.71477623858407,0.0
7.033,2.290829188531149,-0.6748557781740083,2.255011587116946,0.0,7.799920035452529,7.529663873045319,121.48899746410979,124.71477623858407,0.0
7.034,2.3245616664317814,-0.6624743355039823,3.1161151299995655,0.0,7.839018038335507,7.6441185462926375,121.85760589121725,124.71477623858407,0.0
7.035,2.4046777688773644,-0.6438518781346745,2.960382619919504,0.0,7.8837270523709915,7.716820494475883,122.5895521937074,124.71477623858407,0.0
7.0360000000000005,2.4612232000261374,-0.6440203048094196,2.6156617091231915,0.0,7.931440111329171,7.744942337755647,119.98743345838068,124.71477623858407,0.0
7.037,2.5075052043953523,-0.6071808447604016,3.9639945045885887,0.0,7.97314002384737,7.922261553043285,122.95312212706258,124.71477623858407,0.0
7.038,2.6084816484989948,-0.6206028545523228,2.4987667113628502,0.0,8.03024668232011,7.900715864036785,119.70819981471082,124.71477623858407,0.0
7.039000000000001,2.641324219835395,-0.5828947751895699,4.171293631777464,0.0,8.075205997217106,8.083062730550104,122.64313184905573,124.71477623858407,0.0
7.04,2.7449266866149054,-0.5898986324602572,2.7245440585002916,0.0,8.135051572369141,8.06473527400478,119.31869902784068,124.71477623858407,0.0
7.041,2.780948950832788,-0.5507205707102071,4.440721241215253,0.0,8.182700218986225,8.254545682064432,122.14959474015258,124.71477623858407,0.0
7.042,2.8891416118884847,-0.5609325580085323,3.0509252000436176,0.0,8.24608014096788,8.248559607549852,119.53065011752034,124.71477623858407,0.0
7.043,2.9369605313948477,-0.5199476293141979,4.412238772570376,0.0,8.297913001270555,8.408974431539411,120.94258068948824,124.71477623858407,0.0
7.0440000000000005,3.033067820759061,-0.5267038669945125,3.743995442077384,0.0,8.361757093373697,8.461317544445787,120.69380253205144,124.71477623858407,0.0
7.045,3.1095970256889673,-0.49353738814869585,3.9085942578611115,0.0,8.420735212507315,8.53214191866433,118.52621356917278,124.71477623858407,0.0
7.046,3.1713394803389856,-0.4826190341939599,5.0542743659945515,0.0,8.480028603002866,8.72013411314902,121.33119662596998,124.71477623858407,0.0
7.047,3.29976129852096,-0.48493428350018725,3.6856186337220933,0.0,8.552555734860563,8.719738520149974,119.36155187955816,124.71477623858407,0.0
7.048,3.358227903290487,-0.4437539453231524,4.72397325051826,0.0,8.613237604540046,8.849393656464075,118.75298980820365,124.71477623858407,0.0
7.049,3.446163324795917,-0.44170206477259105,5.0878721504993205,0.0,8.681002897404202,8.992708568626767,121.77284365470999,124.71477623858407,0.0
7.05,3.5557095229224656,-0.44813972491254866,3.6073645530848935,0.0,8.757051813619112,8.950802966565345,122.68672287183811,124.71477623858407,0.0
7.051,3.559308680527337,-0.44667350007812684,3.1707054781882893,0.0,8.821079616673202,8.888164948711802,122.11843747811689,124.71477623858407,0.0
7.0520000000000005,3.506931560967664,-0.4559404201505378,3.480811562653574,0.0,8.87347486109284,8.882469247716784,126.47760209840021,124.71477623858407,0.0
7.053,3.470829719760734,-0.4744310574574242,1.2836009939137507,0.0,8.922002311874051,8.641235849194361,125.10767947496336,124.71477623858407,0.0
7.054,3.3304225169945063,-0.4305666028220214,1.9646332732683827,0.0,8.936543681341929,8.540947965910927,125.58872418534455,124.71477623858407,0.0
7.055,3.2146415961822807,-0.42930296395728373,1.7153714386101857,0.0,8.939901769805909,8.429245712558359,127.64874258078615,124.71477623858407,0.0
7.056,3.1201620902614406,-0.4154315381368071,0.6560225774673638,0.0,8.93024060363663,8.22424867345149,126.01548256402573,124.71477623858407,0.0
7.057,2.976739727048804,-0.3995387555489109,1.4596455225931555,0.0,8.89943635834713,8.152608899107822,128.21882593873164,124.71477623858407,0.0
7.058,2.8949472932377014,-0.402884371409817,0.32293333823872494,0.0,8.865075505722785,7.9595410520264185,126.45311305090745,124.71477623858407,0.0
7.059,2.7682802345470567,-0.3974970555094241,1.1884064140275878,0.0,8.814217892745088,7.902028516688904,127.03617427662054,124.71477623858407,0.0
7.0600000000000005,2.7017334289662416,-0.4136055166072214,0.8736618207906757,0.0,8.764520591411168,7.807958315600402,127.41889534838187,124.71477623858407,0.0
7.061,2.6330747901936435,-0.4369950157345517,0.6552600938120356,0.0,8.712797760394821,7.704335642661258,127.39226116285103,124.71477623858407,0.0
7.062,2.5658657909322997,-0.44782212303676777,0.641802337334785,0.0,8.656842031998163,7.613313021502706,127.76447720147655,124.71477623858407,0.0
7.063,2.4976332952520752,-0.4718192794059689,0.4251973083930982,0.0,8.599911030452907,7.508938598533739,127.31633781558942,124.71477623858407,0.0
7.064,2.429851942952241,-0.4830647340025182,0.6232513855666102,0.0,8.53923271520721,7.440034140281826,127.85447279164448,124.71477623858407,0.0
7.065,2.373042818599905,-0.5109454128218245,0.3227869320084751,0.0,8.480686205785045,7.342491855823164,127.29312978965723,124.71477623858407,0.0
7.066,2.3127934606759726,-0.5229474389197873,0.5776748974913701,0.0,8.419281534941815,7.285950807734961,128.08859413692912,124.71477623858407,0.0
7.067,2.2639377085804506,-0.5529483550489527,0.14620454487197532,0.0,8.361543306887315,7.183684418079561,127.11901396990953,124.71477623858407,0.0
7.0680000000000005,2.2031664158353177,-0.562823462369559,0.6069522510685137,0.0,8.300138515316704,7.147064080473071,128.00522620876598,124.71477623858407,0.0
7.069,2.164747135487569,-0.5924376502346493,0.1309416319384724,0.0,8.244370978734457,7.054615060214702,127.23710370289935,124.71477623858407,0.0
7.07,2.1097744377672654,-0.6055169224927386,0.48977961022863403,0.0,8.186077871854335,7.0157292760729195,127.35260312179646,124.71477623858407,0.0
7.071,2.0729927550671734,-0.6298067589391492,0.40565163194795195,0.0,8.132266586534573,6.965556560383335,127.30196695883586,124.71477623858407,0.0
7.072,2.037144634340563,-0.6515775866270492,0.4050978062257342,0.0,8.080971050859034,6.91937582313702,127.36255238551024,124.71477623858407,0.0
7.073,2.0022572084515606,-0.6729321665260368,0.34832733141928296,0.0,8.032318290538424,6.869923527716817,127.32768560443175,124.71477623858407,0.0
7.074,1.9656641866781865,-0.6912325417604409,0.339631628300052,0.0,7.985385072184652,6.823838721347706,127.30868703241791,124.71477623858407,0.0
7.075,1.9296387274917222,-0.7078398042330156,0.32319180636863476,0.0,7.940180490148986,6.779544520691645,127.29087399551717,124.71477623858407,0.0
7.0760000000000005,1.894170073658219,-0.7230602708903465,0.30633734724967043,0.0,7.896575124958859,6.737010986943668,127.23796242863709,124.71477623858407,0.0
7.077,1.85958266045447,-0.7365478025290685,0.30756126878918244,0.0,7.854408366726634,6.698123374926093,127.19552598787907,124.71477623858407,0.0
7.078,1.8268369309334016,-0.7489705838838806,0.3039719916752448,0.0,7.813801153748516,6.661756944704402,127.13967095529584,124.71477623858407,0.0
7.079,1.7956384610347702,-0.7604643134267637,0.30765056079973907,0.0,7.774758101482209,6.62851134597554,127.12553536456586,124.71477623858407,0.0
7.08,1.76700689823776,-0.76982158807061,0.2906107649049101,0.0,7.737209157485042,6.595612325861945,127.21095999498176,124.71477623858407,0.0
7.081,1.7391572379338547,-0.7774373145314405,0.22293661213298277,0.0,7.700869363040484,6.557751701519487,127.1322486576802,124.71477623858407,0.0
7.082,1.7089030918712773,-0.7823051643105895,0.23811755659280665,0.0,7.664836791817235,6.525439265048963,126.88327744529388,124.71477623858407,0.0
7.083,1.6805012646034099,-0.7868554765394328,0.34091815071886256,0.0,7.629628089916639,6.506732730551275,126.59427585646321,124.71477623858407,0.0
7.0840000000000005,1.6598286604761037,-0.7930680841063492,0.46662394895540715,0.0,7.596707488466407,6.50116557935938,126.36248987512342,124.71477623858407,0.0
7.085,1.6472798545600524,-0.8033378264093232,0.5660398032599123,0.0,7.567589777619665,6.503715411742275,125.89246749072807,124.71477623858407,0.0
7.086,1.6429486507166384,-0.8121711093952746,0.7892740829361471,0.0,7.542507784801314,6.527011046387161,125.7862028209387,124.71477623858407,0.0
7.087,1.6509311377993074,-0.8241762432940788,0.8316921520072851,0.0,7.523495786628294,6.5469811774692594,125.89353424874878,124.71477623858407,0.0
7.088,1.6611310440015123,-0.8335759517018054,0.7662388580005974,0.0,7.509295917966647,6.554386887782984,127.14417896554336,124.71477623858407,0.0
7.089,1.662533802021211,-0.8416918423246295,0.11662247233371348,0.0,7.498055358086973,6.488776466395732,126.25882119865601,124.71477623858407,0.0
7.09,1.62384050662895,-0.8316892328648664,0.5438609061766704,0.0,7.480196366109739,6.486365712811983,124.98096541568009,124.71477623858407,0.0
7.091,1.608332526053677,-0.822849735997276,1.1801269058936699,0.0,7.463009879411013,6.549445955928682,124.79306203251717,124.71477623858407,0.0
7.0920000000000005,1.6343654965725491,-0.8282314443530526,1.2732957395357982,0.0,7.454530448581644,6.605366731204471,126.26158498707059,124.71477623858407,0.0
7.093,1.6675198239337852,-0.8394949384814838,0.5235661747742222,0.0,7.453676205633357,6.568058899105003,126.32599794757247,124.71477623858407,0.0
7.094,1.6518251467211789,-0.8358270473473,0.47524747743339635,0.0,7.448660500803911,6.538636622627779,124.54093051876401,124.71477623858407,0.0
7.095,1.6304215056582807,-0.8175770850603097,1.369519649035827,0.0,7.43923332186946,6.6127055829098,123.7176615530656,124.71477623858407,0.0
7.096,1.66099886803253,-0.8160844566002953,1.7911252787402205,0.0,7.438174067348922,6.712281280549836,125.50301521911057,124.71477623858407,0.0
7.097,1.71806437624796,-0.8303288660220767,0.8905660559124711,0.0,7.448760119365439,6.692544479885765,126.20715930594315,124.71477623858407,0.0
7.098,1.7192248577474487,-0.8271981182266737,0.523570181822588,0.0,7.455827059762184,6.644919012685351,123.84998326497372,124.71477623858407,0.0
7.099,1.6948791411668744,-0.7995743351574222,1.710806132043409,0.0,7.454417450739551,6.739718333148703,122.9574162860766,124.71477623858407,0.0
7.1000000000000005,1.7364613282875208,-0.79331732740229,2.1746632210170445,0.0,7.462216701643143,6.8592311831992685,125.15706202190313,124.71477623858407,0.0
7.101,1.8058198796315819,-0.8095925879159176,1.070417495270586,0.0,7.483040161195484,6.834253453836652,125.20009111249698,124.71477623858407,0.0
7.102,1.8094569202840374,-0.8012601007874652,1.0440498012345332,0.0,7.498204175667061,6.822291365320697,122.48491946165622,124.71477623858407,0.0
7.103,1.8060794683940875,-0.7736788188036415,2.4239341944241914,0.0,7.507704963692952,6.965500737409142,123.50434328974083,124.71477623858407,0.0
7.104,1.879712208824609,-0.7736819164965738,1.9263266098703173,0.0,7.53085276369116,7.018670196892251,125.6495901975899,124.71477623858407,0.0
7.105,1.9246260137365097,-0.776194197241015,0.8443550163557239,0.0,7.557279049542813,6.950592499849797,122.57136665921763,124.71477623858407,0.0
7.106,1.9038295661889604,-0.7435096672692802,2.4049008813355233,0.0,7.570634516000723,7.077181709459029,122.16010564587665,124.71477623858407,0.0
7.107,1.9674618745402226,-0.7307630039999901,2.6360780939330857,0.0,7.5942380691138585,7.195064061094946,124.54113937944624,124.71477623858407,0.0
7.1080000000000005,2.0419749018084508,-0.7437334410048956,1.4472975957396734,0.0,7.628823716782509,7.1628807960353456,122.21627603752286,124.71477623858407,0.0
7.109,2.0495919286982707,-0.7213025862892666,2.6347142687119733,0.0,7.654135374789562,7.279785318572256,122.24168182619034,124.71477623858407,0.0
7.11,2.118609853971659,-0.7061782875156545,2.6467423185021683,0.0,7.687166954931661,7.369463671892205,124.31789849981138,124.71477623858407,0.0
7.111,2.1798384666163133,-0.7114573077817141,1.6126027590793788,0.0,7.726595147608546,7.333556747721784,120.98928280152028,124.71477623858407,0.0
7.112,2.186423058890086,-0.6765291645434655,3.3141655425955676,0.0,7.754594942641836,7.502584617993435,122.99205144577573,124.71477623858407,0.0
7.113,2.278220812386343,-0.674707523192027,2.330008468395924,0.0,7.7968464460826805,7.5222048677822695,122.15300839258471,124.71477623858407,0.0
7.114,2.3137156629773967,-0.6662902559891165,2.7751476734514275,0.0,7.835927141179524,7.599908670204359,121.03964276431786,124.71477623858407,0.0
7.115,2.377669397466366,-0.6384232963610551,3.3685818223275135,0.0,7.875888954121833,7.7278965639318615,122.9454531256382,124.71477623858407,0.0
7.1160000000000005,2.457793145663427,-0.6467559519838978,2.4333698727968054,0.0,7.925848636857453,7.730100118686917,120.09400295705949,124.71477623858407,0.0
7.117,2.4944338895647107,-0.614420069639302,3.905302689901405,0.0,7.967392433180886,7.905114771269673,123.12798984462339,124.71477623858407,0.0
7.118,2.59615217965185,-0.6199161159571815,2.4041771100590625,0.0,8.02321123904866,7.87611659180222,119.6076781019041,124.71477623858407,0.0
7.119,2.621607849323931,-0.5846433685227156,4.215403962785506,0.0,8.066613383701942,8.068063379703567,122.80567747154359,124.71477623858407,0.0
7.12,2.730545051086519,-0.589993224364428,2.635495265636165,0.0,8.125811204296966,8.04152494256925,119.09507955108614,124.71477623858407,0.0
7.121,2.761875357183105,-0.5527288639037597,4.546991192739867,0.0,8.172282820909961,8.24726680850777,122.38290410947171,124.71477623858407,0.0
7.122,2.87823320625553,-0.5643844640032685,2.926397634838208,0.0,8.236336222071065,8.227215338536512,119.35173943205928,124.71477623858407,0.0
7.123,2.9202770417815405,-0.5230044208655824,4.495610341609673,0.0,8.287310775372791,8.400932445585237,121.30370638359788,124.71477623858407,0.0
7.1240000000000006,3.021765491468743,-0.5313420835192966,3.5537375643902305,0.0,8.351890527372504,8.432333873587075,120.20858030294902,124.71477623858407,0.0
7.125,3.089781420193752,-0.49338375860191674,4.146362564071015,0.0,8.408893654604979,8.535193744062903,119.2134138898996,124.71477623858407,0.0
7.126,3.163018386079668,-0.49104341764085246,4.698959394082569,0.0,8.470604601905244,8.680951434558656,121.37719714213239,124.71477623858407,0.0
7.127,3.276614925187595,-0.48179640304906735,3.6504435589306903,0.0,8.539726455329575,8.685678490925028,118.8527683614273,124.71477623858407,0.0
7.128,3.3305103244969585,-0.4421453333658196,4.971278028054805,0.0,8.598139681528869,8.847829448419413,119.27750969454587,124.71477623858407,0.0
7.1290000000000004,3.4341392085024083,-0.4471138116816822,4.8132800269358995,0.0,8.66786972416925,8.958158284722463,121.85400475373926,124.71477623858407,0.0
7.13,3.5392692192453996,-0.43625715206083515,3.553640212187652,0.0,8.74041572883445,8.916918829706457,121.30047655146748,124.71477623858407,0.0
7.131,3.5399467561317848,-0.43379905065010593,3.864547310194707,0.0,8.801421362972553,8.934830870636755,122.77406202877923,124.71477623858407,0.0
7.132000000000001,3.525290830096365,-0.4656705155902723,3.1471617136368835,0.0,8.8616480799474,8.876649711519162,126.50738184600847,124.71477623858407,0.0
7.133,3.4826331539307964,-0.4656258671626756,1.2625757489480174,0.0,8.909710383336567,8.634724524978473,124.1801138544684,124.71477623858407,0.0
7.134,3.3325991848391348,-0.4271448799402169,2.4315563685592085,0.0,8.924541475622554,8.585308975073321,126.43608911181344,124.71477623858407,0.0
7.135,3.240782143474125,-0.4361393438135883,1.2863556111543932,0.0,8.934322104587725,8.41325573473587,126.54486329194607,124.71477623858407,0.0
7.136,3.124647620773619,-0.4088140564559144,1.2136676505544597,0.0,8.922823620374555,8.274698840320148,126.10702910996706,124.71477623858407,0.0
7.1370000000000005,3.004991142126226,-0.40742562989237496,1.4186622128301365,0.0,8.898739821092718,8.184124935805208,127.4882689925253,124.71477623858407,0.0
7.138,2.923223197955945,-0.40643266364838804,0.7003073440116001,0.0,8.867911669266366,8.026928969693042,126.74961940007199,124.71477623858407,0.0
7.139,2.8115930310323005,-0.41100177885972955,1.0492837086233777,0.0,8.824959268347115,7.939402372724835,127.35954820106527,124.71477623858407,0.0
7.140000000000001,2.7361948806279757,-0.41796791160709346,0.7178715885019291,0.0,8.778270031273072,7.823565593377289,127.43503221816884,124.71477623858407,0.0
7.141,2.651493356082363,-0.4346732812455366,0.6529270201542929,0.0,8.726433969304434,7.71937697313604,127.31607709791659,124.71477623858407,0.0
7.142,2.577656279789479,-0.44418234824754754,0.6863915716870939,0.0,8.670241595182366,7.632029218220897,127.72080567548795,124.71477623858407,0.0
7.143,2.5094951923953004,-0.46789325083373934,0.45396698853237405,0.0,8.613446791595454,7.528655000573146,127.36185788758846,124.71477623858407,0.0
7.144,2.4425854972551635,-0.4789051461147394,0.6069700659920778,0.0,8.552968246057508,7.455771764275068,127.8976985872487,124.71477623858407,0.0
7.1450000000000005,2.3838996794694034,-0.5063372247734492,0.3072204926753108,0.0,8.494156641143196,7.355412856218593,127.28587589976577,124.71477623858407,0.0
7.146,2.321656570463806,-0.5178340972712329,0.5874208398049576,0.0,8.432180641102839,7.299288096206522,128.06863191261314,124.71477623858407,0.0
7.147,2.2725674365037674,-0.5479141748365606,0.16250427664098077,0.0,8.373983604872512,7.197812760417833,127.13134840661182,124.71477623858407,0.0
7.148000000000001,2.212321988318368,-0.5582186475238702,0.606980307961364,0.0,8.312291429906306,7.159942891622657,128.1028820480134,124.71477623858407,0.0
7.149,2.173541915040115,-0.5880480369022776,0.08733242916627426,0.0,8.256159673661955,7.061748118808471,127.20303612241342,124.71477623858407,0.0
7.15,2.1157049353338646,-0.6001180191664168,0.5123727931279758,0.0,8.19685101991589,7.02568483350991,127.33683272722305,124.71477623858407,0.0
7.151,2.0797797811036984,-0.6247319276598676,0.4192539258367698,0.0,8.142453733126212,6.976176929493207,127.32716637379845,124.71477623858407,0.0
7.152,2.0443784521528294,-0.6477711736328251,0.3979632011969292,0.0,8.090833562585924,6.928304190804026,127.33095775011945,124.71477623858407,0.0
7.1530000000000005,2.009315413049441,-0.6687459902658706,0.3699056979210731,0.0,8.041664972600653,6.880686211827651,127.36081542416122,124.71477623858407,0.0
7.154,1.9733960820713004,-0.6882130859224238,0.32851646904441933,0.0,7.994583076072161,6.832241427623281,127.30275231697415,124.71477623858407,0.0
7.155,1.9366277453102623,-0.704672501659545,0.33166826185405185,0.0,7.948980755550595,6.788378845418255,127.29538642093704,124.71477623858407,0.0
7.156000000000001,1.9012177885862664,-0.7201861749567522,0.3095451080490794,0.0,7.905094318766011,6.745404636406958,127.25793607389201,124.71477623858407,0.0
7.157,1.8663895546077627,-0.7341181091061895,0.3028386832185117,0.0,7.862676480782218,6.7052997355954185,127.19957029514524,124.71477623858407,0.0
7.158,1.8330421710461402,-0.7465833390732286,0.3071736320262879,0.0,7.821721792470533,6.6688273795358075,127.15155828357298,124.71477623858407,0.0
7.159,1.8017006422800412,-0.7582117806207727,0.3068118173625256,0.0,7.78236981365461,6.63493773547855,127.08110442017065,124.71477623858407,0.0
7.16,1.772005624348034,-0.7690294936223168,0.3183754672478274,0.0,7.744637732329252,6.6047305142643085,127.14963699694074,124.71477623858407,0.0
7.1610000000000005,1.7459495767981434,-0.7765728925904362,0.2597605712792128,0.0,7.708379733771485,6.569776747034723,127.19258207329752,124.71477623858407,0.0
7.162,1.7174156690714666,-0.7828024027985901,0.21350997475369193,0.0,7.672861970479751,6.533069309388633,126.96023148710019,124.71477623858407,0.0
7.163,1.687374729505221,-0.7867157117971162,0.30723071536719426,0.0,7.6375934086403365,6.510271790885739,126.6687310450597,124.71477623858407,0.0
7.164000000000001,1.6639556768438029,-0.7920302003704727,0.4334413883226813,0.0,7.604117411787652,6.501448821065257,126.43171862944095,124.71477623858407,0.0
7.165,1.6490729876824994,-0.8011112750614917,0.5347781722234877,0.0,7.574052490968476,6.5014483933222165,125.96852173127311,124.71477623858407,0.0
7.166,1.6422757004019728,-0.8101668830884933,0.7538391663805155,0.0,7.547899325592967,6.522123732499071,125.82073340773161,124.71477623858407,0.0
7.167,1.64872943043995,-0.8212091348665836,0.8166737564597926,0.0,7.5275531022880156,6.542059533010857,126.02801782618208,124.71477623858407,0.0
7.168,1.6579225585812958,-0.8318804434758991,0.6998991313585772,0.0,7.512298502793985,6.543546869683877,127.12563459385186,124.71477623858407,0.0
7.1690000000000005,1.6571753743790418,-0.8378076724196162,0.1269821639710107,0.0,7.499263379014374,6.48168101412223,126.18665516449038,124.71477623858407,0.0
7.17,1.6198197690495864,-0.8285516467211542,0.5817530893926883,0.0,7.480267746940288,6.484553847953265,124.98420807713227,124.71477623858407,0.0
7.171,1.6072463247491977,-0.822237946852501,1.180282314686261,0.0,7.46285701472815,6.547539863541615,124.8042673270146,124.71477623858407,0.0
7.172,1.6342896231691013,-0.828692842104931,1.2693577788607886,0.0,7.454259132772513,6.603198715886981,126.26997823345344,124.71477623858407,0.0
7.173,1.6675879316280982,-0.8404992249372545,0.520950305692673,0.0,7.4533210774060095,6.565823937165722,126.34661457982037,124.71477623858407,0.0
7.174,1.651825745110854,-0.8371585277867762,0.4663137490968472,0.0,7.448253809189151,6.5356337078875635,124.58176559160985,124.71477623858407,0.0
7.175,1.629855762733688,-0.8190767727830401,1.3500683496718477,0.0,7.438718658787258,6.607974222541057,123.76162504660503,124.71477623858407,0.0
7.176,1.6592052562772228,-0.8175143727796622,1.7696701340940473,0.0,7.4373800284405736,6.705997676856149,125.4863275523965,124.71477623858407,0.0
7.1770000000000005,1.7152254115053331,-0.8311778228042461,0.899603368060188,0.0,7.4474962100628,6.688312838457454,126.26810780502456,124.71477623858407,0.0
7.178,1.7169476603540055,-0.828607743525403,0.49317992608175665,0.0,7.454412946462018,6.637772945282493,123.92627772319781,124.71477623858407,0.0
7.179,1.6910434519814046,-0.8010308009315842,1.6719799521489906,0.0,7.452576257011287,6.729577637761605,122.902019597099,124.71477623858407,0.0
7.18,1.7304789828904137,-0.7944179922450545,2.2022365816132483,0.0,7.459652066223959,6.85396147054441,125.15362344556763,124.71477623858407,0.0
7.181,1.8018941150408616,-0.811277128752665,1.0720461853090961,0.0,7.480379310896348,6.829529681854641,125.3894684792742,124.71477623858407,0.0
7.182,1.806206568488808,-0.8037584856380173,0.9473767460489109,0.0,7.4955950101248305,6.80744184358774,122.68703457947115,124.71477623858407,0.0
7.183,1.7980396084942298,-0.7740291151603439,2.3188711125415673,0.0,7.50388531128238,6.942136923911056,123.35806946834386,124.71477623858407,0.0
7.184,1.865841190252769,-0.7717101626527156,1.996920735807614,0.0,7.524858299285441,7.007522197618745,125.61417326289788,124.71477623858407,0.0
7.1850000000000005,1.9156285630698582,-0.7757408579637455,0.8598748682874646,0.0,7.550739081868256,6.941812105903804,122.73305247709006,124.71477623858407,0.0
7.186,1.896585440727198,-0.7462888453980762,2.3202524988063162,0.0,7.564180748685962,7.059865716836777,121.92782817324374,124.71477623858407,0.0
7.187,1.956811328433708,-0.7322975535382731,2.7507341313828775,0.0,7.586839087936271,7.193392057765311,124.41027972412034,124.71477623858407,0.0
7.188,2.038146164666843,-0.7481639328179279,1.5125533210892128,0.0,7.622469441993764,7.166982319959377,122.52304179053311,124.71477623858407,0.0
7.189,2.0498532916546055,-0.7292735119873348,2.478089632363337,0.0,7.649659176780752,7.26489295807655,121.89882715627246,124.71477623858407,0.0
7.19,2.1109403714437502,-0.7098195219459751,2.81835644031678,0.0,7.681969967204516,7.376902984115914,124.23175269549904,124.71477623858407,0.0
7.191,2.1807793143554024,-0.7179245002373064,1.6567239061343404,0.0,7.7233367687023,7.342689426831731,121.37690724197063,124.71477623858407,0.0
7.192,2.18898784380374,-0.6868062749745368,3.117525322864681,0.0,7.75364147976007,7.488133837797702,122.87990773431046,124.71477623858407,0.0
7.1930000000000005,2.270728595671009,-0.6777227069714855,2.3843737617374985,0.0,7.794772150580952,7.517900195470643,122.76749042388371,124.71477623858407,0.0
7.194,2.3068381630129617,-0.6705080392957263,2.460055275097877,0.0,7.834063612322735,7.561304821650349,120.45546132756097,124.71477623858407,0.0
7.195,2.3536094003201766,-0.6357492025199148,3.6586629723694815,0.0,7.870015065139729,7.730604422522164,123.42060224856023,124.71477623858407,0.0
7.196,2.4504117530820353,-0.6489031767652421,2.189034251770089,0.0,7.921095858296951,7.702743425919111,120.15259316574189,124.71477623858407,0.0
7.197,2.475406696032219,-0.6153573443354641,3.86866062390768,0.0,7.960460891168414,7.880450376236315,123.09370446942252,124.71477623858407,0.0
7.198,2.5771657772065377,-0.6172368063911702,2.414315689758981,0.0,8.014202314934877,7.85660537883154,119.6655597448228,124.71477623858407,0.0
7.199,2.6031762256342845,-0.5861274424827451,4.178880216996453,0.0,8.056744271933734,8.047321012366186,122.80399004609394,124.71477623858407,0.0
7.2,2.7136430447209396,-0.5898064741782669,2.628772928285783,0.0,8.114819383711762,8.023170585601456,119.14363128073269,124.71477623858407,0.0
7.2010000000000005,2.7451712446755088,-0.5554267298028135,4.514663760544923,0.0,8.16085337943726,8.22782834332247,122.43597925216143,124.71477623858407,0.0
7.202,2.8622965696497267,-0.5658244293278,2.8912777446947793,0.0,8.22423729575381,8.20662385103021,119.21320880353937,124.71477623858407,0.0
7.203,2.9030177445317156,-0.5255424773433544,4.557678643356255,0.0,8.274627379495941,8.390108082622818,121.52881066866371,124.71477623858407,0.0
7.204,3.009329862510988,-0.535752713692172,3.431737366493291,0.0,8.339852823541335,8.40847822875994,119.94684566303192,124.71477623858407,0.0
7.205,3.0720954506218057,-0.4957311068169501,4.270399175064705,0.0,8.39588825867614,8.529205022886973,119.63301555273856,124.71477623858407,0.0
7.206,3.1522896573408787,-0.4969136147216142,4.478131837069844,0.0,8.458923121648429,8.649732948991648,121.4035330577529,124.71477623858407,0.0
7.207,3.256312061839501,-0.48135775682620485,3.625985516370986,0.0,8.525984321486415,8.658057624458499,118.51488949691807,124.71477623858407,0.0
7.208,3.307325213202068,-0.4431141103662968,5.1323061642050565,0.0,8.583120626355655,8.841901464226304,119.62377970892526,124.71477623858407,0.0
7.2090000000000005,3.4209113282627452,-0.4536228128033635,4.628771023498054,0.0,8.65446607844743,8.930638137405097,120.94872357634368,124.71477623858407,0.0
7.21,3.5218131689730328,-0.43356291527385227,4.003959616411245,0.0,8.725238976895284,8.943978443775178,121.48880300786337,124.71477623858407,0.0
7.211,3.5508060150108536,-0.4369480733168849,3.7661796329586084,0.0,8.790841582495394,8.940974130587064,121.97783419489072,124.71477623858407,0.0
7.212,3.535385581822682,-0.46461633074914,3.5490334598818665,0.0,8.852593152953796,8.925308406184923,126.40889018826647,124.71477623858407,0.0
7.213,3.510888339263849,-0.4768307319995788,1.3165643236971674,0.0,8.90766989548937,8.676524760368885,124.40705776889554,124.71477623858407,0.0
7.214,3.3660902861307638,-0.4336847000177586,2.3205577180795163,0.0,8.927492391659278,8.606573931550965,125.75881097858067,124.71477623858407,0.0
7.215,3.2629693543515588,-0.4384455154062237,1.634240765836986,0.0,8.939292705342956,8.469960958505707,127.23957711139943,124.71477623858407,0.0
7.216,3.160818606969581,-0.41606906382018694,0.8686096906994534,0.0,8.93374267252539,8.281038438284861,125.90297705830208,124.71477623858407,0.0
7.2170000000000005,3.02005813936222,-0.4032594699021155,1.5250277090509448,0.0,8.908670100152369,8.204777603537377,127.68612906719157,124.71477623858407,0.0
7.218,2.9371686323782438,-0.40329682034829606,0.6037381763201259,0.0,8.87861090603016,8.033439807335595,126.59215271365213,124.71477623858407,0.0
7.219,2.818700327926317,-0.40370704434370497,1.1319525883391686,0.0,8.834468602835027,7.9557489704110465,127.19560506442397,124.71477623858407,0.0
7.22,2.7455347445431406,-0.41286108278301503,0.805418124694846,0.0,8.787974288255324,7.847075582866002,127.5132434468282,124.71477623858407,0.0
7.221,2.665467783733569,-0.4318816370579681,0.6186142614102916,0.0,8.73726278696494,7.73541273214786,127.29173205024077,124.71477623858407,0.0
7.222,2.5896391930975593,-0.44005175900310567,0.70360040158744,0.0,8.681164658602992,7.6486020057866835,127.72489915651514,124.71477623858407,0.0
7.223,2.5209637817063077,-0.4637671832463717,0.4569156192709454,0.0,8.624522265888432,7.5436733611155296,127.3397456511779,124.71477623858407,0.0
7.224,2.453171316552755,-0.47451438864996587,0.6232426778136211,0.0,8.563996286330175,7.471106582955869,127.89058582745885,124.71477623858407,0.0
7.2250000000000005,2.3944048474545245,-0.502131353928112,0.31606449378440193,0.0,8.505196621038337,7.370077400776973,127.2746664779991,124.71477623858407,0.0
7.226,2.331920702689685,-0.5136331259748355,0.5984252661201237,0.0,8.443163029330147,7.313688228317158,128.1278158210024,124.71477623858407,0.0
7.227,2.2826037085046007,-0.5440129134057512,0.13772019879429265,0.0,8.384920638443733,7.20803347671602,127.12418586239347,124.71477623858407,0.0
7.228,2.2203434815034457,-0.5534909142511821,0.6154410818606613,0.0,8.322675793704533,7.170631764025188,128.00605927796855,124.71477623858407,0.0
7.229,2.1811442883682153,-0.5836160275665815,0.14159154367928073,0.0,8.26613424462641,7.077534389073767,127.21488462836135,124.71477623858407,0.0
7.23,2.1260959524350103,-0.5968279866933561,0.5121777845851077,0.0,8.207089177331753,7.039258903612434,127.38616843910658,124.71477623858407,0.0
7.231,2.0895961065995676,-0.6223172762868768,0.3998219572072641,0.0,8.152792770484444,6.98630595622971,127.29289588572726,124.71477623858407,0.0
7.232,2.05286820713567,-0.6439685682153425,0.4206770374254929,0.0,8.100757458799785,6.940311350480986,127.38512414337517,124.71477623858407,0.0
7.2330000000000005,2.0178536048544493,-0.6660922818929195,0.34785942955363036,0.0,8.051543313293976,6.888978513726878,127.33757203062409,124.71477623858407,0.0
7.234,1.9804928194229858,-0.6846575434757942,0.3454075280087687,0.0,8.003938240300675,6.842075553381032,127.32513780769337,124.71477623858407,0.0
7.235,1.9439603186046905,-0.7016977674162785,0.3255210237830366,0.0,7.958092150589743,6.796584352556756,127.3134404905139,124.71477623858407,0.0
7.236,1.907819484860088,-0.7174053087412791,0.3053830398534725,0.0,7.913838977073822,6.752651516357545,127.25417453648453,124.71477623858407,0.0
7.237,1.8724617053602455,-0.7312151998752399,0.3096220338891533,0.0,7.870979849901057,6.712882263017416,127.21875492526436,124.71477623858407,0.0
7.238,1.8391209848142147,-0.7441036530546571,0.3022920526324322,0.0,7.829709341049953,6.675269235880496,127.16997909628971,124.71477623858407,0.0
7.239,1.8072100892855056,-0.7559822340624438,0.30212793854270337,0.0,7.789982339749329,6.640522499137551,127.08106231808273,124.71477623858407,0.0
7.24,1.777037971825076,-0.7667892836616645,0.32292346685120643,0.0,7.7518233545503135,6.610566709159032,127.07207674554556,124.71477623858407,0.0
7.2410000000000005,1.750520680031176,-0.7755132600385376,0.3038432480501767,0.0,7.715336255778806,6.580099001229987,127.19146655712305,124.71477623858407,0.0
7.242,1.7245422355820947,-0.7826210983796782,0.21938143907604113,0.0,7.680145718545304,6.542521813389015,127.0349248869189,124.71477623858407,0.0
7.243,1.6946611714200928,-0.7871209960715165,0.2744507876947675,0.0,7.645140426613744,6.515112669659917,126.72291600760016,124.71477623858407,0.0
7.244,1.6689038980542972,-0.7916485272142989,0.41037382966397606,0.0,7.6113477789512185,6.503879241669619,126.47245906964993,124.71477623858407,0.0
7.245,1.6526838115561442,-0.7988728127793829,0.5180254703284337,0.0,7.580560449356648,6.502398978546633,126.18802550458977,124.71477623858407,0.0
7.246,1.6434158499755762,-0.809572969930368,0.6455097601984543,0.0,7.553808600840193,6.511792039164429,125.80010263262115,124.71477623858407,0.0
7.247,1.6439977796243093,-0.8179339581005723,0.828617932242397,0.0,7.531483950364376,6.536280973017766,125.68062656911547,124.71477623858407,0.0
7.248,1.6532616351190546,-0.83005541188569,0.8786974606899192,0.0,7.5150904083561345,6.558753010039038,126.33329513977634,124.71477623858407,0.0
7.2490000000000006,1.6650171594467849,-0.8385761743279099,0.5361779863475642,0.0,7.503399493581636,6.537960082574125,127.20774870721053,124.71477623858407,0.0
7.25,1.6510117001900555,-0.8416116517304748,0.07402147794420588,0.0,7.491047072427963,6.472323490958827,125.67901957920311,124.71477623858407,0.0
7.251,1.6100445688470384,-0.8247251740393566,0.8287436085417219,0.0,7.471478366908072,6.504022645694613,124.61177173187608,124.71477623858407,0.0
7.252,1.6108795862316234,-0.8219455613769093,1.3633975772723212,0.0,7.456899554797793,6.581358206433489,125.237480943744,124.71477623858407,0.0
7.253,1.6493870382728708,-0.8322605915223511,1.0453159242867578,0.0,7.45267462941505,6.604939338821039,126.68174233304201,124.71477623858407,0.0
7.2540000000000004,1.668479639964085,-0.8397352228826286,0.3035155686931752,0.0,7.451949368957514,6.545607531180502,125.52759085751879,124.71477623858407,0.0
7.255,1.6390222226642719,-0.82589347964791,0.8724631602654385,0.0,7.443766115712258,6.56556985880704,123.78849027290052,124.71477623858407,0.0
7.256,1.6381452091687232,-0.815639942700084,1.7512763122314094,0.0,7.437407948922264,6.6734994964584455,124.39793653998596,124.71477623858407,0.0
7.257000000000001,1.6930356417464816,-0.8230655570744418,1.4497215756746678,0.0,7.4433979155270675,6.721994483406299,126.24947241605632,124.71477623858407,0.0
7.258,1.730687278322698,-0.8297573082932418,0.5086066758647663,0.0,7.4543002206565045,6.662139101008722,125.10711006666386,124.71477623858407,0.0
7.259,1.7059141262163595,-0.8131655466476955,1.0758645122801966,0.0,7.456234745740042,6.684270561465102,122.77466757992804,124.71477623858407,0.0
7.26,1.7090307136731486,-0.7960958552529206,2.2614868422346714,0.0,7.45847721592389,6.828537650173725,124.03843592033982,124.71477623858407,0.0
7.261,1.784351586357914,-0.8043177441026769,1.6363660752112206,0.0,7.47599725264764,6.86972863923699,126.15096485277228,124.71477623858407,0.0
7.2620000000000005,1.8240971201365608,-0.8077003574777745,0.5657397228531116,0.0,7.496174253188103,6.793416041988341,123.7387754034257,124.71477623858407,0.0
7.263,1.7943066806596695,-0.7792755683750306,1.7815944558779804,0.0,7.503541741014604,6.874877092355167,121.78877506003667,124.71477623858407,0.0
7.264,1.8299610665184833,-0.7624931077984539,2.785854639357972,0.0,7.51675676232274,7.043018972481272,124.64096735394787,124.71477623858407,0.0
7.265000000000001,1.9230499343368102,-0.7821115336515078,1.360496581248733,0.0,7.547790320962273,7.018952946897334,124.73618141125903,124.71477623858407,0.0
7.266,1.9350159736548282,-0.7732138333023721,1.3126755008664068,0.0,7.572138989882525,7.009004765827985,121.55363740420044,124.71477623858407,0.0
7.267,1.9381638963439958,-0.739360068911568,2.9355588927395337,0.0,7.58942303672432,7.18125504256483,123.72142407418669,124.71477623858407,0.0
7.268,2.0277402181592143,-0.743342958315778,1.8615990793903867,0.0,7.6229803620339895,7.1938223667522525,124.57060841513304,124.71477623858407,0.0
7.269,2.0564898659265314,-0.7384311994220127,1.4384485871517212,0.0,7.65385856485908,7.170415037002886,121.2359445992243,124.71477623858407,0.0
7.2700000000000005,2.060468116524047,-0.7000005430423771,3.1405688114996893,0.0,7.675129959813903,7.343750879023574,123.3410456563664,124.71477623858407,0.0
7.271,2.1513658744868156,-0.7025702965297644,2.1017555887508124,0.0,7.712274778922719,7.360630648721891,123.11717733770024,124.71477623858407,0.0
7.272,2.1845062723381474,-0.6964768141418954,2.229665737092732,0.0,7.746697112492945,7.401258705722338,120.49138396916831,124.71477623858407,0.0
7.273000000000001,2.2270496125105774,-0.6646584398278358,3.5847963440528545,0.0,7.778300932055527,7.584703092221501,123.90208882179414,124.71477623858407,0.0
7.274,2.3304559356987267,-0.679928780140191,1.8875707919078404,0.0,7.827086729489267,7.541768043072485,120.74595295394516,124.71477623858407,0.0
7.275,2.3452492412632604,-0.6507041220754048,3.505326958678716,0.0,7.863333026474482,7.702337312067771,122.85676334901561,124.71477623858407,0.0
7.276,2.4379806574518423,-0.6439274616596922,2.4685018900391786,0.0,7.911558434595621,7.7101934419188956,120.9999102547244,124.71477623858407,0.0
7.277,2.469496079648271,-0.6283694868396313,3.4340770970233807,0.0,7.954103304263709,7.836128640771958,122.08324747591956,124.71477623858407,0.0
7.2780000000000005,2.5561430800433085,-0.609680565133088,2.918723774052443,0.0,8.003087005210777,7.878164173288384,121.01911005398549,124.71477623858407,0.0
7.279,2.601442042811442,-0.6012914614208053,3.4877491468654673,0.0,8.050639977123495,7.984524430986476,121.63042859319349,124.71477623858407,0.0
7.28,2.6853506332453008,-0.5775377553961872,3.2129333537153735,0.0,8.101544660989166,8.040307013811345,120.41173604421783,124.71477623858407,0.0
7.281000000000001,2.737699868851324,-0.5701737211669125,3.8653100301468624,0.0,8.152364628045781,8.165192069066935,121.84420114830024,124.71477623858407,0.0
7.282,2.833315609587597,-0.5520871438266244,3.177783229008495,0.0,8.208675220757158,8.190524661488164,119.01920954225783,124.71477623858407,0.0
7.283,2.8788551257728194,-0.5331114999444384,4.647234698992966,0.0,8.259981558385881,8.383416794275071,122.06210485941321,124.71477623858407,0.0
7.284,3.0009915241990575,-0.5368599629089564,3.1523137542069826,0.0,8.326048562895341,8.370034920254824,118.92853718331475,124.71477623858407,0.0
7.285,3.04667893573081,-0.4982341243885757,4.776959982808908,0.0,8.379884352684941,8.554453977397385,120.91100089731793,124.71477623858407,0.0
7.2860000000000005,3.1560750654160183,-0.5090196936628055,3.8237658792199753,0.0,8.448351140215209,8.593140193973797,120.63362433573826,124.71477623858407,0.0
7.287,3.2315882380326095,-0.47214853827700465,4.00326567903827,0.0,8.50967618786491,8.656868898970519,118.0339552365002,124.71477623858407,0.0
7.288,3.291237844018407,-0.45622514268705944,5.369908438678136,0.0,8.569858739288277,8.863086618862473,120.83189348126376,124.71477623858407,0.0
7.289000000000001,3.4261714285801212,-0.4659609050336226,4.009768143869561,0.0,8.645874975372523,8.877172763640294,120.14359242968473,124.71477623858407,0.0
7.29,3.497648801751831,-0.42527448618165875,4.3996305077480695,0.0,8.711125338628944,8.94742500532021,119.55780089189281,124.71477623858407,0.0
7.291,3.5432136152359393,-0.43933483446023713,4.744096030110942,0.0,8.778829392226887,9.046872287227371,124.31503049395118,124.71477623858407,0.0
7.292,3.5892301108487925,-0.48595756524359457,2.3694786865280846,0.0,8.85469566555913,8.873886516903294,124.60569577314902,124.71477623858407,0.0
7.293,3.508842246700415,-0.46011243163169546,2.2252368515835155,0.0,8.902367542520592,8.742968352549227,123.9384827564909,124.71477623858407,0.0
7.2940000000000005,3.3944708671495234,-0.44866508642028796,2.5666062947335093,0.0,8.93117965871337,8.680679222531769,127.63371136108366,124.71477623858407,0.0
7.295,3.3133407719673422,-0.44939760676576657,0.6898026412121352,0.0,8.951076700975243,8.425418717491016,125.59398160414091,124.71477623858407,0.0
7.296,3.1529471595152145,-0.40553436506658563,1.700875466027941,0.0,8.938625706716488,8.344492010863393,126.82909115172436,124.71477623858407,0.0
7.297,3.046640299960785,-0.41133164097169356,1.0621775431048137,0.0,8.920403473987403,8.200135194129418,127.01253324385462,124.71477623858407,0.0
7.298,2.9434210466463124,-0.3965573206687358,0.9474789269869763,0.0,8.887884634865443,8.072453016521248,126.84571798671841,124.71477623858407,0.0
7.299,2.838297329818824,-0.40531068676125986,1.0095771380737366,0.0,8.846960075368077,7.972796378460303,127.40400993181655,124.71477623858407,0.0
7.3,2.7597647430254706,-0.4094629264173232,0.703538828592345,0.0,8.800531520715593,7.852315099480885,127.26852611271104,124.71477623858407,0.0
7.301,2.671427368808414,-0.42485461789444967,0.7457432394038261,0.0,8.748349257296338,7.755873746514183,127.34595861157456,124.71477623858407,0.0
7.3020000000000005,2.6006205837618666,-0.43574159231678816,0.6807151662421633,0.0,8.692784735194024,7.663188542959272,127.68543891370227,124.71477623858407,0.0
7.303,2.5309104983623323,-0.45896783462876023,0.4812683884271258,0.0,8.635954161856546,7.559886584265077,127.35237054987653,124.71477623858407,0.0
7.304,2.463440702927056,-0.4705665791843291,0.6214266272270739,0.0,8.575520049461389,7.485368214796578,127.83510145068362,124.71477623858407,0.0
7.305,2.404086356516884,-0.49781699634171156,0.34885792470252897,0.0,8.516559069800653,7.386728411520476,127.31969672085008,124.71477623858407,0.0
7.306,2.3426310995317294,-0.5100647895765517,0.580511084796643,0.0,8.454704960862637,7.326430560045779,128.0755065471371,124.71477623858407,0.0
7.307,2.2917941281875143,-0.539876667768066,0.16899886856759538,0.0,8.396163306339673,7.2233717217166244,127.13935319451603,124.71477623858407,0.0
7.308,2.2303951598763985,-0.5500160500955413,0.6128297753188141,0.0,8.333987146710196,7.183946640473797,128.1231879248594,124.71477623858407,0.0
7.309,2.1903290412666143,-0.5804474643953454,0.08682829328438024,0.0,8.27733215666909,7.083741262664967,127.14545483644702,124.71477623858407,0.0
7.3100000000000005,2.1317514307676095,-0.5918197412645929,0.55138805151194,0.0,8.217268764163828,7.050295387827076,127.39144521429915,124.71477623858407,0.0
7.311,2.0967733713944816,-0.617944801983916,0.40162617282872004,0.0,8.162627157335738,6.996330167411074,127.32418107420393,124.71477623858407,0.0
7.312,2.059757675555986,-0.6406649486060824,0.409164194520131,0.0,8.110291154670103,6.948346055475255,127.3431216241004,124.71477623858407,0.0
7.313,2.024332081558425,-0.6619052351341367,0.3734104657167323,0.0,8.06049957112931,6.899445122462513,127.39508180955639,124.71477623858407,0.0
7.314,1.9876389450451732,-0.6820060608987063,0.32062731727901794,0.0,8.012795740610148,6.84868850443333,127.30242978249471,124.71477623858407,0.0
7.315,1.949801188124296,-0.6983078307014121,0.341076795370749,0.0,7.966378817760635,6.804809661125786,127.32040266753631,124.71477623858407,0.0
7.316,1.9140869303736667,-0.7144930645495003,0.3060340885604258,0.0,7.921833060890582,6.76016800811735,127.27523272850173,124.71477623858407,0.0
7.317,1.8784614300869273,-0.7288008837253777,0.3030144931785388,0.0,7.878689722177554,6.7191158787528815,127.21314481515788,124.71477623858407,0.0
7.3180000000000005,1.844551810917105,-0.7416153628594696,0.3090747640847302,0.0,7.837022018912375,6.681925257312871,127.1810310112821,124.71477623858407,0.0
7.319,1.8127571247184155,-0.7537626382499657,0.3004691182956365,0.0,7.797010079331324,6.64643802323464,127.10851470693444,124.71477623858407,0.0
7.32,1.7821726301886407,-0.7649618830283125,0.3127898857859621,0.0,7.758561054472272,6.614986007024242,127.05927889462926,124.71477623858407,0.0
7.321,1.7547434951367675,-0.773813207991858,0.3139627653781025,0.0,7.721673383776292,6.585551458939618,127.18938142181646,124.71477623858407,0.0
7.322,1.729120542180871,-0.7812627676213638,0.22416544995217613,0.0,7.686261963651056,6.548026398575716,127.08369494991732,124.71477623858407,0.0
7.323,1.6995250200755065,-0.7858982463393938,0.25331949878841753,0.0,7.651074586564641,6.517816898663957,126.80529829928831,124.71477623858407,0.0
7.324,1.6721294416642152,-0.7906220900317492,0.37161260349587777,0.0,7.61685826521467,6.502547870468379,126.48033653294719,124.71477623858407,0.0
7.325,1.653506188440848,-0.7969598590718336,0.5164378837228059,0.0,7.585186589337626,6.501906564805709,126.1677547317277,124.71477623858407,0.0
7.3260000000000005,1.6441526014575738,-0.8074912887029685,0.6581989994011166,0.0,7.557713030051044,6.513150354079869,125.83551869313054,124.71477623858407,0.0
7.327,1.6455850853706802,-0.8167891507146796,0.8131095941542317,0.0,7.53502865614551,6.535893853663743,125.69178862990303,124.71477623858407,0.0
7.328,1.6541661754125356,-0.8293369947567972,0.875204501854796,0.0,7.518174353813434,6.558446304732732,126.2996110949157,124.71477623858407,0.0
7.329,1.665843337931972,-0.8381219814227295,0.5554449207851424,0.0,7.506101596914297,6.540064900490229,127.22692631425204,124.71477623858407,0.0
7.33,1.6531698762093954,-0.8417742600174167,0.06666581036029484,0.0,7.493711876059578,6.473257107060704,125.76076757916944,124.71477623858407,0.0
7.331,1.6117383296994798,-0.8254764962759522,0.7892852644957418,0.0,7.474051071149873,6.500697787446669,124.64424896086011,124.71477623858407,0.0
7.332,1.6099551648657033,-0.8225406839804854,1.3482498464276453,0.0,7.458940453054647,6.5774700614408435,125.16725539878966,124.71477623858407,0.0
7.333,1.647601593395125,-0.8323366715908943,1.0822218358608129,0.0,7.454125040928458,6.606042380457826,126.63570469762449,124.71477623858407,0.0
7.3340000000000005,1.6692109640320114,-0.8404831267066034,0.3287879018529951,0.0,7.4534465521032125,6.549057907240541,125.71246482043091,124.71477623858407,0.0
7.335,1.6412374223443589,-0.8283325517999951,0.7804309546313171,0.0,7.445719437047879,6.558212290900164,123.98991707330516,124.71477623858407,0.0
7.336,1.6353657410279174,-0.8161674411430335,1.6489534198469784,0.0,7.438463815440842,6.6570657148621635,124.2401291745962,124.71477623858407,0.0
7.337,1.6841922147089825,-0.82087413495332,1.5285938398413368,0.0,7.442458485816407,6.717953826896398,126.0561220310952,124.71477623858407,0.0
7.338,1.7263199850141933,-0.8296470385399247,0.6071839536667283,0.0,7.453060452814267,6.668855313088857,125.36138832760282,124.71477623858407,0.0
7.339,1.7081440372197447,-0.8169631073562337,0.9480846845227282,0.0,7.45620941026551,6.674860658578199,123.08257838610379,124.71477623858407,0.0
7.34,1.7051454593614852,-0.7976883829673467,2.103811633797048,0.0,7.457650626149627,6.804449406461812,123.797578536491,124.71477623858407,0.0
7.341,1.7714844759399562,-0.8012949048523837,1.7554835356243728,0.0,7.472496059884934,6.8640227632515245,125.95655282175345,124.71477623858407,0.0
7.3420000000000005,1.818066553842151,-0.8070088780069149,0.6635786271614563,0.0,7.4924067577538285,6.798036430383143,124.06505722261966,124.71477623858407,0.0
7.343,1.7945857523405364,-0.7839577311812174,1.6158236168879958,0.0,7.501134986666624,6.85935450748724,121.67950636755735,124.71477623858407,0.0
7.344,1.8215627890323023,-0.7653028038521371,2.8389517431294156,0.0,7.513300669860609,7.037232961710387,124.49789950143679,124.71477623858407,0.0
7.345,1.9183613434868538,-0.7835133113926498,1.4319239435611686,0.0,7.544227335260257,7.021157728992612,125.15254743124201,124.71477623858407,0.0
7.346,1.934888741381657,-0.7769870392922096,1.100222266731978,0.0,7.569553815841707,6.986515751407168,122.00400534274294,124.71477623858407,0.0
7.347,1.9266314892183916,-0.7390658894615103,2.7016010199399245,0.0,7.584777386846099,7.138412870976488,123.31843948725073,124.71477623858407,0.0
7.348,2.003193293471742,-0.7361094365518579,2.0583473151993648,0.0,7.6137223143852255,7.181366569646273,124.88997972431825,124.71477623858407,0.0
7.349,2.0440186215067904,-0.7352228689818389,1.2708251618082613,0.0,7.644000161133812,7.138999323336053,121.24665788422162,124.71477623858407,0.0
7.3500000000000005,2.0408077635766175,-0.6978964018541136,3.1271672654002023,0.0,7.662916452868172,7.31673088691341,123.00524671602768,124.71477623858407,0.0
7.351,2.133802360831628,-0.6989976891028459,2.264968144722733,0.0,7.698208678055467,7.354914084718669,123.59265939455048,124.71477623858407,0.0
7.352,2.1776148070892516,-0.6991152237178422,1.982482973901671,0.0,7.733791916439723,7.366467384562807,120.31617866217705,124.71477623858407,0.0
7.353,2.2073307873152714,-0.6660093467575824,3.6647093158524555,0.0,7.763329339158188,7.565462794221464,123.64879813973401,124.71477623858407,0.0
7.354,2.317423243240988,-0.6793118722116553,2.009059358062476,0.0,7.811606897140221,7.5367556360601276,120.99230357463735,124.71477623858407,0.0
7.355,2.3383574033703924,-0.6580802908956296,3.3745313672502752,0.0,7.849717484308616,7.681303537046709,122.47842802279331,124.71477623858407,0.0
7.356,2.4273967316916827,-0.6459712794178667,2.6538326253302014,0.0,7.897352127409433,7.712691140434337,121.70720755909537,124.71477623858407,0.0
7.357,2.4669436324504748,-0.6375050508000283,3.0695185439740604,0.0,7.9425518715057475,7.795176120463054,121.15768789706524,124.71477623858407,0.0
7.3580000000000005,2.5359803806210843,-0.6081665089903473,3.3798492584043096,0.0,7.988337561882412,7.89671352300824,122.13438395337029,124.71477623858407,0.0
7.359,2.6044089055340702,-0.6106918524630708,2.917305153103925,0.0,8.040269596676033,7.931855825350511,119.98980433102057,124.71477623858407,0.0
7.36,2.6598868067385135,-0.574609007628165,4.036844683354422,0.0,8.086528291857949,8.091033606435118,122.01656741569101,124.71477623858407,0.0
7.361,2.754553110215861,-0.5860490009958899,3.050445229248128,0.0,8.14569812334893,8.10936162930479,119.7334580780078,124.71477623858407,0.0
7.362,2.8105401868267497,-0.5491876338133861,4.241813079695497,0.0,8.196614623654032,8.267476375734443,121.51585893934869,124.71477623858407,0.0
7.363,2.9059166440158224,-0.5587536242079176,3.382601822017407,0.0,8.259671821186808,8.298512841177889,120.2524594048396,124.71477623858407,0.0
7.364,2.9707128784363634,-0.5209699839058912,4.058924757609397,0.0,8.315275085173486,8.409565194107799,120.10711442177211,124.71477623858407,0.0
7.365,3.045251428265158,-0.5212965474737019,4.177673867311261,0.0,8.376837016449967,8.51382053271771,121.51872137020386,124.71477623858407,0.0
7.3660000000000005,3.1396559127879753,-0.49939804185671366,3.503830941779186,0.0,8.440256187206241,8.528857209889507,118.06219825238657,124.71477623858407,0.0
7.367,3.186583600821029,-0.4668852228924414,5.29861828054981,0.0,8.495479683574167,8.748679172101433,120.78866114974062,124.71477623858407,0.0
7.368,3.3178983753014513,-0.48405359330675934,3.9746479827612173,0.0,8.569376675461713,8.774481333271993,120.64825742590686,124.71477623858407,0.0
7.369,3.394839747308123,-0.44658133230985175,4.085515032804867,0.0,8.634170551863761,8.823377652821012,117.49365077619346,124.71477623858407,0.0
7.37,3.451414900728916,-0.42174106706409775,5.735029612285474,0.0,8.695016966013434,9.048747808141538,122.25613891816113,124.71477623858407,0.0
7.371,3.5788225868170644,-0.46288168217533765,3.37837191450587,0.0,8.777089624594892,8.968489002858933,123.58030246881273,124.71477623858407,0.0
7.372,3.571995735742475,-0.45779304455239145,2.727634876877781,0.0,8.841957980500307,8.858473877280524,122.54355551551097,124.71477623858407,0.0
7.373,3.4929090300710524,-0.4527928246248487,3.2677205607593915,0.0,8.888838850441537,8.840495164566867,126.23590848942754,124.71477623858407,0.0
7.3740000000000006,3.4397397241528385,-0.46840919055586205,1.4063327512926715,0.0,8.931001564568966,8.623906650832833,125.58703740671876,124.71477623858407,0.0
7.375,3.3076399033744637,-0.42895786221236176,1.722045680965715,0.0,8.942793346133154,8.500534847470085,125.55766910679911,124.71477623858407,0.0
7.376,3.1845649087767534,-0.423321587768548,1.728300902243391,0.0,8.940843292299263,8.400427598841807,127.89613904255182,124.71477623858407,0.0
7.377,3.092992497244755,-0.41386727295443626,0.5272523063273575,0.0,8.928093907100818,8.186800387251973,126.08385711930745,124.71477623858407,0.0
7.378,2.947853537398948,-0.3964871516521221,1.4197024591423086,0.0,8.893439469068122,8.118490522537801,128.51978859023643,124.71477623858407,0.0
7.3790000000000004,2.867127235346128,-0.40202576646370514,0.16368660016129644,0.0,8.85620253720958,7.913888458103069,126.37035427467126,124.71477623858407,0.0
7.38,2.736479677440581,-0.39368587207798644,1.2218479775830113,0.0,8.801256317562865,7.868544785381232,127.28357336708994,124.71477623858407,0.0
7.381,2.6748774971586937,-0.41313251384160266,0.7395504600886094,0.0,8.749492882146502,7.764076281520266,127.13774386491507,124.71477623858407,0.0
7.382000000000001,2.604494547195382,-0.43323306778457493,0.7882355349127377,0.0,8.694475534401766,7.682182720602498,127.26701700244092,124.71477623858407,0.0
7.383,2.5459343611438947,-0.45242264453010717,0.6980765585112407,0.0,8.638680413242303,7.598310233815657,127.70494806355192,124.71477623858407,0.0
7.384,2.485225349354635,-0.4793148720507851,0.44920930970606143,0.0,8.582843804779923,7.496864065423306,127.3627415889533,124.71477623858407,0.0
7.385,2.4218924131576025,-0.49075924328160986,0.5938328935016821,0.0,8.523436198884735,7.424735652593306,127.97665501524034,124.71477623858407,0.0
7.386,2.3641364553919555,-0.5184358174719106,0.25425739259159874,0.0,8.465686491744686,7.320799605510967,127.22442222428971,124.71477623858407,0.0
7.3870000000000005,2.2999687214134306,-0.5286184800737896,0.6052773282098569,0.0,8.404161477754712,7.269971031509952,128.0653078477475,124.71477623858407,0.0
7.388,2.25289441841749,-0.5583289784458887,0.15132920038932562,0.0,8.346872435958545,7.169164816083361,127.15957972558736,124.71477623858407,0.0
7.389,2.192874383670371,-0.568907026385854,0.5797452265993635,0.0,8.286098157089011,7.130507022973351,127.7912870581851,124.71477623858407,0.0
7.390000000000001,2.153954642844346,-0.5971037457923843,0.23312645210448224,0.0,8.230531385450746,7.050906326974243,127.29466855031777,124.71477623858407,0.0
7.391,2.1045563362516506,-0.6134034064878414,0.4556367829208148,0.0,8.174072216858837,7.006695963862898,127.37563936490812,124.71477623858407,0.0
7.392,2.0668948741574553,-0.6365946070198591,0.388542744362395,0.0,8.121225964266548,6.955304050418345,127.33821167704103,124.71477623858407,0.0
7.393,2.0297265816666967,-0.6574265858930092,0.38102223391137224,0.0,8.070584751259764,6.907322284848032,127.37215452277991,124.71477623858407,0.0
7.394,1.9933542221764449,-0.6774695211992673,0.33747702819997505,0.0,8.022205886091578,6.857989083629345,127.33826728341768,124.71477623858407,0.0
7.3950000000000005,1.956173776662224,-0.6950373643713939,0.3281857374327537,0.0,7.975463620714211,6.81189085150009,127.31027536459611,124.71477623858407,0.0
7.396,1.9198791624784621,-0.7110704986926344,0.31622670558341825,0.0,7.930373725005279,6.768126238555342,127.28396164924035,124.71477623858407,0.0
7.397,1.8845899602448972,-0.7258628618128206,0.30369170915473287,0.0,7.886883186172769,6.726488704149369,127.23170587494043,124.71477623858407,0.0
7.398000000000001,1.850489780554936,-0.7391518732528722,0.3046502999411307,0.0,7.844891815410119,6.688294791995093,127.182474269504,124.71477623858407,0.0
7.399,1.8182529664532834,-0.7513766446449734,0.30458912235014757,0.0,7.804492025247034,6.652909866291388,127.11968034008552,124.71477623858407,0.0
7.4,1.787704946575442,-0.7627557034866084,0.3119370460443709,0.0,7.765723170288544,6.620870251569565,127.12416217391477,124.71477623858407,0.0
7.401,1.7600423837578778,-0.7717827189603926,0.28560226977644065,0.0,7.728506420467426,6.587924809908817,127.19889465069997,124.71477623858407,0.0
7.402,1.732379894386683,-0.7791607258219211,0.22339484726268144,0.0,7.692438112062371,6.550739016920851,127.08935061127538,124.71477623858407,0.0
7.4030000000000005,1.7025074120522463,-0.7838434765570181,0.254421123248064,0.0,7.65669937771127,6.52070928513778,126.82511449594018,124.71477623858407,0.0
7.404,1.6754461600079973,-0.7884532546626871,0.3654357983420997,0.0,7.621991791701249,6.504688017499923,126.55639760110199,124.71477623858407,0.0
7.405,1.656331665070956,-0.7953747410727219,0.4813780321360168,0.0,7.589868103252488,6.5002735989138705,126.2588252857957,124.71477623858407,0.0
7.406000000000001,1.6449814854212685,-0.805493660294756,0.6147236993170488,0.0,7.561559208040322,6.5076542292056185,125.86271356316122,124.71477623858407,0.0
7.407,1.643743810540955,-0.8143660195974937,0.8013001873885135,0.0,7.53769403570963,6.530678506403363,125.59903874915999,124.71477623858407,0.0
7.408,1.651613180524347,-0.82741242329632,0.9242949692833717,0.0,7.519864189145621,6.559799492329005,126.1560954125549,124.71477623858407,0.0
7.409,1.6666342147659867,-0.8379749680380293,0.6313534458462049,0.0,7.50776084171518,6.5491982595419005,127.21372965753969,124.71477623858407,0.0
7.41,1.6595907277050557,-0.8431648087233974,0.07754678916425717,0.0,7.496272962777048,6.48138249220894,125.97128422221756,124.71477623858407,0.0
7.4110000000000005,1.6183648317069335,-0.8289086082644673,0.6862044269889847,0.0,7.477532214542094,6.496154334132186,124.80877701272578,124.71477623858407,0.0
7.412,1.6102930956557557,-0.823322328071275,1.2665180239934568,0.0,7.461670796506297,6.5657984683375,125.01558092359971,124.71477623858407,0.0
7.413,1.6422786783821137,-0.8306393632664814,1.1601080217063355,0.0,7.455220670368017,6.6057846796366695,126.50959453220938,124.71477623858407,0.0
7.414000000000001,1.6683841002059479,-0.8399503491209915,0.39515303446525074,0.0,7.454365216065528,6.555494568045085,125.95808521115984,124.71477623858407,0.0
7.415,1.6445773467814808,-0.831149211987467,0.6584746052642614,0.0,7.447505061090894,6.5496426419376395,124.23724575584372,124.71477623858407,0.0
7.416,1.6325842115152323,-0.8165072416917782,1.523669637749727,0.0,7.4392231236417885,6.637309308153932,124.01629241506967,124.71477623858407,0.0
7.417,1.6736916715779417,-0.8182195710630921,1.6411311463718934,0.0,7.440870822493026,6.715008177667708,125.78819149646452,124.71477623858407,0.0
7.418,1.7219027627851802,-0.8301693249950642,0.7444474530956642,0.0,7.451420988049319,6.680399963336453,125.6886885367152,124.71477623858407,0.0
7.4190000000000005,1.7130389083218172,-0.8220193928196482,0.7844598099890105,0.0,7.456439325538245,6.665132918088028,123.46315343132774,124.71477623858407,0.0
7.42,1.7022943121634542,-0.7992893492078639,1.9097435907553062,0.0,7.457010319277892,6.776368770461481,123.5101782567857,124.71477623858407,0.0
7.421,1.756820357322722,-0.7977143371003697,1.8982771578443134,0.0,7.468701847985212,6.857918680614578,125.58098894007044,124.71477623858407,0.0
7.422000000000001,1.8107990245807566,-0.8069868637901656,0.8542096891870758,0.0,7.488414942894063,6.812357602453121,124.44391696059341,124.71477623858407,0.0
7.423,1.7995056647697916,-0.7908718107572201,1.425454271705496,0.0,7.499735239395361,6.8483835766140775,121.72721014336534,124.71477623858407,0.0
7.424,1.8163710659978076,-0.7706678051521678,2.8136833412717195,0.0,7.5114648135763975,7.026963607102978,124.28514856017533,124.71477623858407,0.0
7.425,1.9121785580327308,-0.7846668652547528,1.5390104096508122,0.0,7.541621370055555,7.024392108675571,125.48232182450795,124.71477623858407,0.0
7.426,1.934794718361307,-0.7802609291339879,0.9327483216252639,0.0,7.56788047746975,6.969621612656423,122.23094538294893,124.71477623858407,0.0
7.4270000000000005,1.9170688890641998,-0.7406729932990298,2.583274850961124,0.0,7.581726010959971,7.112750618913778,122.97558614148106,124.71477623858407,0.0
7.428,1.987561133747879,-0.7329822274704381,2.2283463726660897,0.0,7.608049786844111,7.179472474780434,124.9587761780229,124.71477623858407,0.0
7.429,2.0385382208218603,-0.7361165958040552,1.2343113550007805,0.0,7.638835058901483,7.131457398357299,121.47996542037457,124.71477623858407,0.0
7.43,2.0339001248447257,-0.7023419279058105,3.006064842007042,0.0,7.657993738958661,7.297175551957781,122.74061243463291,124.71477623858407,0.0
7.431,2.122139664820935,-0.6989037969560632,2.395482972917384,0.0,7.691767918644684,7.353603487376855,123.91936721116927,124.71477623858407,0.0
7.432,2.1732080698794665,-0.7021860611171185,1.814059674923349,0.0,7.728202904271224,7.345180173977501,120.63111985668935,124.71477623858407,0.0
7.433,2.193764162050385,-0.6681858831841154,3.499019915982257,0.0,7.75637921778093,7.530652063888941,123.22213452998031,124.71477623858407,0.0
7.434,2.2957794164537604,-0.6755490563266515,2.2184389964228157,0.0,7.801435039755822,7.531664775535418,121.36685587922615,124.71477623858407,0.0
7.4350000000000005,2.3277471889480976,-0.6617388254027609,3.179557525393474,0.0,7.84049379356482,7.6531143431667585,122.01505267527513,124.71477623858407,0.0
7.436,2.410327084118286,-0.6448206004889193,2.882456363002074,0.0,7.886068726324767,7.715268405519328,122.40816609144775,124.71477623858407,0.0
7.437,2.462400971942451,-0.6430365310351462,2.708965756387125,0.0,7.9332745066532,7.754749271099947,120.20813561804704,124.71477623858407,0.0
7.438,2.513570244232227,-0.6069204917663659,3.8540473992928534,0.0,7.975752871881823,7.917588633867496,122.69864279913779,124.71477623858407,0.0
7.439,2.6080022486725616,-0.6188620237793333,2.628955143141942,0.0,8.031942065778455,7.912305104509954,119.85019223024119,124.71477623858407,0.0
7.44,2.6477130357978793,-0.5829218364154638,4.101826267673668,0.0,8.077911151419514,8.084011727198448,122.53488950687951,124.71477623858407,0.0
7.441,2.747554635391184,-0.5892821905583112,2.781276496671555,0.0,8.137513031594665,8.072569942042637,119.44197466770768,124.71477623858407,0.0
7.442,2.7863922975387956,-0.5503579590334797,4.380461931966232,0.0,8.185665276227562,8.254074692172054,122.03652536625226,124.71477623858407,0.0
7.4430000000000005,2.890941864781359,-0.5594781650447564,3.10996909141726,0.0,8.248545236386601,8.25538604916328,119.5751455496025,124.71477623858407,0.0
7.444,2.941743531548365,-0.5189684865619175,4.392055306631959,0.0,8.300721069535632,8.412045990878447,120.8299906573532,124.71477623858407,0.0
7.445,3.036516415752306,-0.5258618177695056,3.8034806085689126,0.0,8.364508676758941,8.470776442203155,120.87544885486791,124.71477623858407,0.0
7.446,3.1157379100705134,-0.49430282249124446,3.8191447836487216,0.0,8.424250145599704,8.529854779824175,118.2854174365429,124.71477623858407,0.0
7.447,3.1733716218825916,-0.47967405334843427,5.178454080831639,0.0,8.482631726665566,8.732819318150339,121.31370040551678,124.71477623858407,0.0
7.448,3.3066838656466455,-0.486440404371965,3.69832335467537,0.0,8.556362189761472,8.730830078205528,119.55145727699313,124.71477623858407,0.0
7.449,3.3669229285562716,-0.4445801909729452,4.631078108553105,0.0,8.617848395569185,8.848523964270491,118.45677113118694,124.71477623858407,0.0
7.45,3.4489432858866724,-0.44017244784414644,5.241001232530172,0.0,8.684889119792441,9.009941229731174,121.68031658626316,124.71477623858407,0.0
7.4510000000000005,3.564453836417475,-0.4519322874370184,3.6595731015152717,0.0,8.762705157925945,8.969978558431622,123.06291123301341,124.71477623858407,0.0
7.452,3.5711819112566703,-0.45172851442515305,2.984794428195854,0.0,8.82860331168891,8.883797402593387,122.37949629823605,124.71477623858407,0.0
7.453,3.5075484720905385,-0.45598704365726506,3.349854694988014,0.0,8.879764010437404,8.86679555285227,126.28130266737456,124.71477623858407,0.0
7.454,3.461298473457486,-0.47143879149706813,1.383286246130853,0.0,8.925765561306994,8.64108799137588,125.28738066181964,124.71477623858407,0.0
7.455,3.3257859557039597,-0.4300741957636678,1.874521204675958,0.0,8.939891577932917,8.530696748029179,125.54262011749782,124.71477623858407,0.0
7.456,3.2071167223884967,-0.42696978697440957,1.7386230380477308,0.0,8.941638029552092,8.424594573252346,127.76573456673904,124.71477623858407,0.0
7.457,3.1141606007949267,-0.4150376758170289,0.5965562301455698,0.0,8.931318130392244,8.214047374954301,126.02804701984972,124.71477623858407,0.0
7.458,2.969130605706219,-0.3978526908072735,1.4522672957775726,0.0,8.899204474079081,8.14409553011244,128.41439712360182,124.71477623858407,0.0
7.4590000000000005,2.8877866369340284,-0.40150809296466505,0.22209603505134856,0.0,8.863880943000456,7.941549091401295,126.37826810036898,124.71477623858407,0.0
7.46,2.7566574183781265,-0.3943524114670456,1.2235256280499152,0.0,8.811011442172267,7.8917946856439345,127.17574200725532,124.71477623858407,0.0
7.461,2.693527540064408,-0.41071246727989386,0.8001790169200333,0.0,8.760324613805553,7.790779341654166,127.3917902458524,124.71477623858407,0.0
7.462,2.6224192673739113,-0.43350263169155223,0.665384757548809,0.0,8.706948251403686,7.691393558019988,127.25492277732745,124.71477623858407,0.0
7.463,2.556074801036828,-0.4467179520620801,0.7084170264238525,0.0,8.650196730475226,7.609277017249182,127.69972104129228,124.71477623858407,0.0
7.464,2.493205999058067,-0.47306566298190367,0.4561684464143567,0.0,8.593674802560008,7.507771435527106,127.31417866751508,124.71477623858407,0.0
7.465,2.4290628614345997,-0.4850643517167782,0.6229456090136458,0.0,8.533710887915747,7.4380592499905305,127.91572626047869,124.71477623858407,0.0
7.466,2.372625907398911,-0.5134753494570613,0.29016231231289336,0.0,8.475777369046334,7.336614590847799,127.22972049356612,124.71477623858407,0.0
7.4670000000000005,2.3104206297406074,-0.5245316901164595,0.6080157532193589,0.0,8.414424823644723,7.284090968201176,128.14362809449767,124.71477623858407,0.0
7.468,2.2628015549997444,-0.5551112886541132,0.11677343419444708,0.0,8.357208362951155,7.17808530922216,127.099595148783,124.71477623858407,0.0
7.469,2.200556168054583,-0.5640075244729222,0.6149417179497958,0.0,8.295785772383738,7.143040306291587,127.92230165972838,124.71477623858407,0.0
7.47,2.162486778335798,-0.5933779083539995,0.17151320826566252,0.0,8.24014272044873,7.055163904694134,127.25354432913936,124.71477623858407,0.0
7.471,2.1096677940804494,-0.6077588093709393,0.4805041926546183,0.0,8.182564528820537,7.0143635258134545,127.34721910668762,124.71477623858407,0.0
7.472,2.0725976219348707,-0.6317698485336544,0.4073423751994534,0.0,8.129161523764818,6.964297184987524,127.30346459927101,124.71477623858407,0.0
7.473,2.0366107823279425,-0.6532860896554445,0.4033327453008879,0.0,8.07821886126385,6.91777558725963,127.37116716381848,124.71477623858407,0.0
7.474,2.0013303613930726,-0.6744830657875505,0.3429175537748066,0.0,8.029834810203509,6.867727286192315,127.32083837218802,124.71477623858407,0.0
7.4750000000000005,1.9643138050590823,-0.6923201995532979,0.34202132825399856,0.0,7.983034449095373,6.822069994221058,127.31340346152197,124.71477623858407,0.0
7.476,1.9282586251502372,-0.7088716535062013,0.31975251135764404,0.0,7.937990683498091,6.7774536919593515,127.29011866900969,124.71477623858407,0.0
7.477,1.8925874585812057,-0.7238965377591957,0.30564148330953045,0.0,7.8944768869626705,6.7350283949712715,127.23483817755267,124.71477623858407,0.0
7.478,1.8579817046463805,-0.737227615595024,0.3080811096483502,0.0,7.852388110101389,6.696353638473345,127.19608765993804,124.71477623858407,0.0
7.479,1.825304035800377,-0.7496048274094861,0.3026432542421258,0.0,7.8118689177976774,6.6599634056147226,127.13681199316918,124.71477623858407,0.0
7.48,1.7940894182438256,-0.7610327658784707,0.3080607300807092,0.0,7.772895922551922,6.626917408950657,127.12458569002708,124.71477623858407,0.0
7.481,1.7656066366751886,-0.7702349401563935,0.2900757871373292,0.0,7.735413586950211,6.594067153743248,127.20978204445288,124.71477623858407,0.0
7.482,1.7377853932694516,-0.777819519559493,0.22252755186573903,0.0,7.699136741379496,6.556278743004915,127.12478360648846,124.71477623858407,0.0
7.4830000000000005,1.7075843576630911,-0.782615017902242,0.2409266971689028,0.0,7.663160398315688,6.52438477860205,126.87230898637142,124.71477623858407,0.0
7.484,1.679482795559453,-0.7870504981803832,0.3455886797495502,0.0,7.628032240965146,6.506200564439265,126.59712219318666,124.71477623858407,0.0
7.485,1.659039104849236,-0.793518591939246,0.4643586167959033,0.0,7.595265613444069,6.500307819564086,126.34149270914472,124.71477623858407,0.0
7.486,1.646481175396286,-0.8035735973366693,0.5759061941112704,0.0,7.566227743843712,6.5039871558912665,125.88317292642964,124.71477623858407,0.0
7.487,1.6427364992252107,-0.8124764075296215,0.7933821185903545,0.0,7.541340353903359,6.527487982629525,125.7633278492075,124.71477623858407,0.0
7.488,1.650886161760225,-0.8246792057699768,0.8428191410951891,0.0,7.522545065335374,6.548479391290102,125.94704579851356,124.71477623858407,0.0
7.489,1.6616904763501488,-0.8341814314634818,0.7386374708428654,0.0,7.508651663334134,6.552430798295481,127.16838459987387,124.71477623858407,0.0
7.49,1.6614249462928388,-0.8416344653890602,0.10343198654980856,0.0,7.497267553708428,6.485904189282685,126.16672883298412,124.71477623858407,0.0
7.4910000000000005,1.6220936781091035,-0.830538149027046,0.5897403440506852,0.0,7.479074069004939,6.489061588576263,124.9469446152061,124.71477623858407,0.0
7.492,1.6089136412759206,-0.8231470637574101,1.1973107691734715,0.0,7.462313616485115,6.553110054028445,124.81680098533622,124.71477623858407,0.0
7.493,1.6363299505939353,-0.8289361680987627,1.2613623366408957,0.0,7.4543447680927395,6.6069000014603025,126.31423700350692,124.71477623858407,0.0
7.494,1.6686612709193984,-0.8400034162305917,0.496649719906316,0.0,7.45371130553387,6.566472883651637,126.26680255440046,124.71477623858407,0.0
7.495,1.6511613624127748,-0.8353509222975589,0.5048466813013828,0.0,7.448476030636071,6.540822226427737,124.49433362447436,124.71477623858407,0.0
7.496,1.6311211894136426,-0.8175001683228965,1.3932855724055255,0.0,7.439282159507783,6.616888835788792,123.73978343412918,124.71477623858407,0.0
7.497,1.6632569110672015,-0.816361159253398,1.7803105956226668,0.0,7.438667552970529,6.714382429631874,125.55776862027558,124.71477623858407,0.0
7.498,1.7196341798969443,-0.8303761464108658,0.8628880787325508,0.0,7.449416805149326,6.691398333992102,126.14498763523895,124.71477623858407,0.0
7.4990000000000006,1.7188263771599188,-0.8265291658273776,0.5549764572843185,0.0,7.456229404810506,6.647744150933153,123.80689076779045,124.71477623858407,0.0
7.5,1.6960398240558827,-0.7992174516644519,1.7331037457165042,0.0,7.455029507447584,6.744308206902311,123.03126248303217,124.71477623858407,0.0
7.501,1.7390524222693868,-0.7933929941662865,2.137753025651165,0.0,7.463238432234707,6.8588667641122285,125.17903538730444,124.71477623858407,0.0
7.502,1.806227548779455,-0.808901875893927,1.059223982027825,0.0,7.4838465418291245,6.833146532547978,125.07772040461512,124.71477623858407,0.0
7.503,1.808919122707678,-0.7999340753275479,1.106252031712173,0.0,7.498680270428102,6.828393189134106,122.33498461269197,124.71477623858407,0.0
7.5040000000000004,1.8087159597351719,-0.7740798827699601,2.5014178439326704,0.0,7.5088010086501225,6.978645775435185,123.61918565270739,124.71477623858407,0.0
7.505,1.8868958239913154,-0.7761161582500204,1.8702732297837281,0.0,7.533417463908432,7.022905794551869,125.67411887962352,124.71477623858407,0.0
7.506,1.9283987524818536,-0.777576494740994,0.8332131899152668,0.0,7.560138549811782,6.953652775547274,122.5227606816043,124.71477623858407,0.0
7.507000000000001,1.9063613953184568,-0.7431236956423884,2.430812444494676,0.0,7.573457813958585,7.082942824008775,122.2666471018099,124.71477623858407,0.0
7.508,1.9707513966303318,-0.730596585256465,2.583350525759619,0.0,7.597340702385392,7.194135716716216,124.63213484222908,124.71477623858407,0.0
7.509,2.0421716670555945,-0.7421238561530956,1.4014330695135773,0.0,7.631347862142748,7.157848978262221,122.10818762513266,124.71477623858407,0.0
7.51,2.047105316765373,-0.7178850909071424,2.6894725641963015,0.0,7.6555440951929485,7.282266649843095,122.32307649391551,124.71477623858407,0.0
7.511,2.1189779905362585,-0.7043543944302588,2.6059451272515615,0.0,7.688516483136221,7.366737106942454,124.2749143287886,124.71477623858407,0.0
7.5120000000000005,2.178570859958577,-0.7093401026886049,1.634424828912972,0.0,7.727322412868286,7.334189309779662,120.91936206054449,124.71477623858407,0.0
7.513,2.186933626501215,-0.6743475398017409,3.350155104815423,0.0,7.75509393091073,7.506898443013542,123.02063985658751,124.71477623858407,0.0
7.514,2.280772214823431,-0.6742446579889474,2.316457570613878,0.0,7.79769781910178,7.524011166157068,121.99529616165337,124.71477623858407,0.0
7.515000000000001,2.3160829551492745,-0.6652423178089863,2.856324218850253,0.0,7.8367633621864075,7.610449516900744,121.21036839241795,124.71477623858407,0.0
7.516,2.3841723955187955,-0.6393815513956738,3.283832181929626,0.0,7.877811525133274,7.72664106529749,122.92288686938724,124.71477623858407,0.0
7.517,2.4594535050146042,-0.6460530697734458,2.4454918371369474,0.0,7.927366501310816,7.731225729950417,120.01961810500973,124.71477623858407,0.0
7.518,2.496433064303195,-0.6124257502065134,3.9440778006614483,0.0,7.968658725999758,7.910220344764641,123.10938737034039,124.71477623858407,0.0
7.519,2.599475061413985,-0.6198356632975839,2.4152470566785555,0.0,8.024872553336918,7.881322655003675,119.59551709063571,124.71477623858407,0.0
7.5200000000000005,2.6260727980116165,-0.5841196318478792,4.223374788010378,0.0,8.068572366373882,8.073223143784219,122.79629893106528,124.71477623858407,0.0
7.521,2.73485417242717,-0.5900902189028461,2.6421686408707803,0.0,8.128106171875753,8.046589637671993,119.09329113421438,124.71477623858407,0.0
7.522,2.7664932825380837,-0.5522146304994686,4.549887390339926,0.0,8.174797225621287,8.251841498266133,122.35931366977402,124.71477623858407,0.0
7.523000000000001,2.8823561043318953,-0.5640802948657767,2.940430748248205,0.0,8.239028339016016,8.232691340754426,119.38671007750008,124.71477623858407,0.0
7.524,2.924935818528389,-0.5224991259692982,4.480013205996015,0.0,8.29022874009782,8.403802806762862,121.23660620132544,124.71477623858407,0.0
7.525,3.0251933290145256,-0.5303404388904056,3.5898468444559213,0.0,8.354698603782575,8.439006512920235,120.29315609764684,124.71477623858407,0.0
7.526,3.0947125357969765,-0.4930978474305052,4.105788097704593,0.0,8.41206675352479,8.53614749866189,119.0831771829229,124.71477623858407,0.0
7.527,3.1657809964431722,-0.4893828758226845,4.7670935456231796,0.0,8.473375965904692,8.689773048938903,121.37039255352634,124.71477623858407,0.0
7.5280000000000005,3.2822359422753227,-0.48218886818603485,3.656929697172032,0.0,8.54316262095035,8.693336528182327,118.94868471681774,124.71477623858407,0.0
7.529,3.3369195491582193,-0.4421631589064479,4.925444530743999,0.0,8.601996070471396,8.849309947884596,119.19045581560863,124.71477623858407,0.0
7.53,3.437641227111774,-0.44561885861886785,4.859802185578307,0.0,8.671323901071723,8.965131015758734,122.17608378565822,124.71477623858407,0.0
7.531000000000001,3.542735927646194,-0.4387386257611214,3.3923751250827694,0.0,8.744509672787963,8.904989006423392,121.43240517326963,124.71477623858407,0.0
7.532,3.5348345986347596,-0.43149257209646286,3.79703814193021,0.0,8.803634402824505,8.919287070847982,122.61371807379867,124.71477623858407,0.0
7.533,3.5152806894840363,-0.4618050571095581,3.2273922733135456,0.0,8.861683300187938,8.87343204283393,126.59842183485685,124.71477623858407,0.0
7.534,3.4766226960423583,-0.4659622766700397,1.2162039368217252,0.0,8.909495974315146,8.626489989216763,124.25511791267556,124.71477623858407,0.0
7.535,3.3267312334083763,-0.4259229256756475,2.392452481171456,0.0,8.923387274862927,8.574624112572748,126.28722934722002,124.71477623858407,0.0
7.5360000000000005,3.2333475570195955,-0.4349689012747604,1.360672232812866,0.0,8.932098308517379,8.412848930661394,126.67749051337852,124.71477623858407,0.0
7.537,3.1221981327471,-0.4098891655489201,1.1459145069856733,0.0,8.920911489929413,8.266109422855303,126.08334353321185,124.71477623858407,0.0
7.538,3.0002067861643353,-0.407275953958959,1.4293023241227307,0.0,8.896132746502,8.178552974995753,127.46792906868873,124.71477623858407,0.0
7.539000000000001,2.9190981644047644,-0.4068662981458879,0.7094780280832405,0.0,8.865057302607832,8.022961781771425,126.77262623945037,124.71477623858407,0.0
7.54,2.8084621231390328,-0.412182847999256,1.0365509426937565,0.0,8.822119200822648,7.934357305369302,127.37629341439532,124.71477623858407,0.0
7.541,2.73297103527621,-0.4189292901857504,0.7081021834631711,0.0,8.775303404717755,7.818117033019653,127.42598421272943,124.71477623858407,0.0
7.542,2.6480004934938393,-0.4355050065400687,0.6561447045546616,0.0,8.723301025365496,7.714980221924286,127.3165110276677,124.71477623858407,0.0
7.543,2.574592218343974,-0.44522473827024805,0.6848639491946906,0.0,8.6670886161657,7.627860750551376,127.72264820921069,124.71477623858407,0.0
7.5440000000000005,2.506682295127976,-0.46902810526284683,0.45171663871693024,0.0,8.610306673800476,7.524634597599086,127.36095494074613,124.71477623858407,0.0
7.545,2.439914554103815,-0.4800564082224256,0.6061014859275915,0.0,8.549855390032176,7.4520320242839535,127.90130533627338,124.71477623858407,0.0
7.546,2.3813856768432276,-0.5075225717587954,0.30406099718707047,0.0,8.4910999722686,7.3516467767783595,127.28305249724269,124.71477623858407,0.0
7.547000000000001,2.319156600382922,-0.518961953995984,0.5875046541158284,0.0,8.429165241941543,7.2958836290345666,128.06930561690868,124.71477623858407,0.0
7.548,2.2702241553299816,-0.5490531727060597,0.16083280049958937,0.0,8.371043310108552,7.194495260756592,127.1298093263231,124.71477623858407,0.0
7.549,2.210042398338698,-0.5593246954096923,0.6064306149149894,0.0,8.309423689941362,7.156846683063481,128.0970651186643,124.71477623858407,0.0
7.55,2.1712195801599856,-0.5893941681151446,0.08897982994359155,0.0,8.253406100792144,7.059094129061701,127.18621808834527,124.71477623858407,0.0
7.551,2.113807440397202,-0.6011205671796407,0.5196889266054889,0.0,8.19420422432771,7.023994687219824,127.35776844413563,124.71477623858407,0.0
7.5520000000000005,2.07828525453559,-0.6261160216708507,0.407483826654794,0.0,8.140044827328918,6.973168669001643,127.31755591020891,124.71477623858407,0.0
7.553,2.0424253194186326,-0.6486768333006476,0.4015622969019057,0.0,8.088450502942552,6.9260693666363355,127.33477417982746,124.71477623858407,0.0
7.554,2.0075278996558996,-0.6696725497377929,0.3667531826801951,0.0,8.039389601450079,6.878230891624797,127.36267365896569,124.71477623858407,0.0
7.555,1.971507950445513,-0.6890615379210274,0.3263244689072651,0.0,7.992373774141486,6.829784326807876,127.29751941160862,124.71477623858407,0.0
7.556,1.9347288398962026,-0.7053479866838563,0.3330741608555552,0.0,7.94681249256414,6.78631309166215,127.29619821211169,124.71477623858407,0.0
7.557,1.899472199118463,-0.7208813721288931,0.3079205408687431,0.0,7.903006023541282,6.743308896135284,127.25546261442561,124.71477623858407,0.0
7.558,1.8646717098270047,-0.7347409055127058,0.30288147595336756,0.0,7.860648996685788,6.703397199732281,127.19549948463556,124.71477623858407,0.0
7.559,1.8314346282301954,-0.7471370945952421,0.30805580838787705,0.0,7.819761488340787,6.667168611583713,127.14972883025641,124.71477623858407,0.0
7.5600000000000005,1.8002324818874014,-0.7587558876630389,0.30659160966073085,0.0,7.780493977362063,6.63336119151291,127.07935111113831,124.71477623858407,0.0
7.561,1.7706265921232336,-0.7695059725721146,0.31813472049423797,0.0,7.742838796883449,6.6032367729409005,127.1540142721156,124.71477623858407,0.0
7.562,1.744665812761169,-0.7769261717610221,0.25641075967027516,0.0,7.706645413657185,6.5680138382114475,127.19150367258497,124.71477623858407,0.0
7.563,1.7160066620423895,-0.7830251734174132,0.2128987850955819,0.0,7.671145763470919,6.531417679822783,126.94747575795279,124.71477623858407,0.0
7.564,1.6859923677144022,-0.7868537393284128,0.3125857472179867,0.0,7.635896614698055,6.509346838702459,126.6594032287167,124.71477623858407,0.0
7.565,1.6629370790543383,-0.7922902072803182,0.4371757419347051,0.0,7.602525022506045,6.500902135423822,126.41774820039885,124.71477623858407,0.0
7.566,1.6483422107476442,-0.8014820038236172,0.5409735364754826,0.0,7.572602852145618,6.501511483333302,125.94962827130352,124.71477623858407,0.0
7.567,1.642026100566282,-0.8104902228493545,0.7626849806959497,0.0,7.546632819739578,6.522966783771522,125.82159118890114,124.71477623858407,0.0
7.5680000000000005,1.6489514649246297,-0.8217270612953325,0.815635372393972,0.0,7.5265512906567675,6.542462028388659,126.02736928952875,124.71477623858407,0.0
7.569,1.658163133981557,-0.8320781302600821,0.6996203915707193,0.0,7.511453688145611,6.543764413875583,127.11822032818458,124.71477623858407,0.0
7.57,1.6569965262271782,-0.8383168089711349,0.13016043134680055,0.0,7.498578828402831,6.48216679828985,126.17803127475047,124.71477623858407,0.0
7.571,1.6196669961263672,-0.8290633491842728,0.5856224077021919,0.0,7.47975142571209,6.4853314575232925,124.94436201288313,124.71477623858407,0.0
7.572,1.6075367218060603,-0.8222158108114108,1.200161180892868,0.0,7.462462534590626,6.550302590725964,124.84024746607201,124.71477623858407,0.0
7.573,1.635656499026331,-0.8289722016052014,1.2509637420235475,0.0,7.454211324272617,6.603276137251255,126.33499238832147,124.71477623858407,0.0
7.574,1.6677205978382879,-0.8405632638239817,0.48738911940144725,0.0,7.453290042575066,6.562380120895366,126.25571977601294,124.71477623858407,0.0
7.575,1.6499021189402598,-0.8361049427013015,0.511615990181423,0.0,7.447764961466,6.538062953684233,124.51395750379645,124.71477623858407,0.0
7.5760000000000005,1.630311924115874,-0.8188965041061043,1.3845053136375443,0.0,7.43851232671248,6.613377288597382,123.78609901202034,124.71477623858407,0.0
7.577,1.662099050983061,-0.8180135659732178,1.7577213317912335,0.0,7.437791350116965,6.708867309402576,125.57942673870474,124.71477623858407,0.0
7.578,1.7173207778003667,-0.8317028844716376,0.852410963447829,0.0,7.448206127677673,6.685663411087152,126.17334583538161,124.71477623858407,0.0
7.579,1.7158995189507709,-0.8279233336440128,0.5408657191414181,0.0,7.454706393874748,6.641313062910699,123.85918547893671,124.71477623858407,0.0
7.58,1.6924103820167034,-0.8007678753391778,1.7065018049603424,0.0,7.453172293729212,6.735952790529001,123.02951383485902,124.71477623858407,0.0
7.581,1.734096187444992,-0.7948441112477757,2.138190251036439,0.0,7.460875516893054,6.851984173614643,125.18729367857877,124.71477623858407,0.0
7.582,1.8016686835041713,-0.810581999248882,1.054575154776616,0.0,7.481201961370112,6.826652079146537,125.1914701757951,124.71477623858407,0.0
7.583,1.8045457139233623,-0.8020569624711377,1.0477199667963382,0.0,7.495867419027091,6.8163271704721975,122.49463028619293,124.71477623858407,0.0
7.5840000000000005,1.8016084901761815,-0.7751169028710901,2.4183413711213366,0.0,7.505155683862712,6.959690069702926,123.52619221314208,124.71477623858407,0.0
7.585,1.8754584042075326,-0.7754331674448567,1.9144462479011803,0.0,7.528155601836955,7.012357965115754,125.67750352300203,124.71477623858407,0.0
7.586,1.9201662431619877,-0.7779649566528886,0.8291633201270263,0.0,7.554397651722205,6.943537528817091,122.63264180762408,124.71477623858407,0.0
7.587,1.898738157351476,-0.7453962808433481,2.3724155221256,0.0,7.567525580757933,7.067638080463105,122.12748574019935,124.71477623858407,0.0
7.588,1.9608792185929165,-0.7321749783057281,2.650866460821815,0.0,7.590622115533647,7.188788653490028,124.5231789072707,124.71477623858407,0.0
7.589,2.036557879157725,-0.7457127392236039,1.4549358505992698,0.0,7.6251454208608225,7.15809370413067,122.32521852857147,124.71477623858407,0.0
7.59,2.0450007380503044,-0.7242479420716614,2.5778116170490133,0.0,7.6506503954234555,7.269224292779129,122.15885473071548,124.71477623858407,0.0
7.591,2.1114628004463802,-0.7078940285560357,2.6865527310556963,0.0,7.68313364887947,7.3652986866206,124.34623662894266,124.71477623858407,0.0
7.5920000000000005,2.175135963047109,-0.7139599618884294,1.5965471780385165,0.0,7.722806808175748,7.327686517189447,121.11257868717205,124.71477623858407,0.0
7.593,2.1809424421770687,-0.6799591492365712,3.249398124437945,0.0,7.750950685874258,7.490514559186859,122.94719667799315,124.71477623858407,0.0
7.594,2.2699248483023733,-0.6759325837319256,2.3497649246333037,0.0,7.792460065923663,7.51465602342939,122.42513868342853,124.71477623858407,0.0
7.595,2.3062078318353887,-0.668669140868097,2.6336902974671688,0.0,7.831473941332408,7.577661098135006,120.75329539666538,124.71477623858407,0.0
7.596,2.363143183562748,-0.6378484330343731,3.5092267492679303,0.0,7.869569293237769,7.725836750025998,123.15260251571243,124.71477623858407,0.0
7.597,2.4515374083483494,-0.649185863212007,2.3251949269731207,0.0,7.920227999539568,7.7148514957388485,120.22012189384961,124.71477623858407,0.0
7.598,2.483381867863356,-0.6164901823877319,3.8363817813518764,0.0,7.961012410590028,7.885482561416411,123.00121657698593,124.71477623858407,0.0
7.599,2.5823730776825196,-0.6191669900945928,2.4629700363996996,0.0,8.015402892759194,7.866371212657777,119.75312868538451,124.71477623858407,0.0
7.6000000000000005,2.6109339853353464,-0.587060304937798,4.1366304577324025,0.0,8.058884688391263,8.050295023044422,122.80327887178069,124.71477623858407,0.0
7.601,2.7177765023133924,-0.590276917969354,2.6306703382023455,0.0,8.117085579783831,8.026315346802921,119.1186084100816,124.71477623858407,0.0
7.602,2.7488850852286006,-0.5543964536914852,4.5289672473369125,0.0,8.163089397212111,8.232072469574037,122.41053402139369,124.71477623858407,0.0
7.603,2.8658205716215233,-0.5655395975740642,2.906046863852776,0.0,8.226653095644533,8.211798232862197,119.26765274890982,124.71477623858407,0.0
7.604,2.907364155901767,-0.5249906831081466,4.531958734991449,0.0,8.277261188532455,8.391586859917982,121.44638724884636,124.71477623858407,0.0
7.605,3.011915583432676,-0.5345886621917295,3.475275374920557,0.0,8.342248601681018,8.414877924052199,120.02731228690854,124.71477623858407,0.0
7.606,3.076679218438156,-0.4953430588714136,4.2316874954062245,0.0,8.398653383772071,8.53003230436669,119.50779774701891,124.71477623858407,0.0
7.607,3.154732517301259,-0.49557976245134516,4.543514550266689,0.0,8.461351619112468,8.658110353163744,121.39504057482885,124.71477623858407,0.0
7.6080000000000005,3.261617898122803,-0.481859088542995,3.6330904929992704,0.0,8.529076194632813,8.665408644865376,118.62395341800095,124.71477623858407,0.0
7.609,3.313502415183281,-0.44316059645474737,5.079542299619053,0.0,8.586638514380663,8.84232506118129,119.51249173036229,124.71477623858407,0.0
7.61,3.423878426735798,-0.4518758228321911,4.687295988520605,0.0,8.657481903607719,8.9380719394532,120.96750034671169,124.71477623858407,0.0
7.611,3.5266960929113207,-0.4338375180002336,3.9972644392646264,0.0,8.72874427594397,8.949141278349664,121.54957636277598,124.71477623858407,0.0
7.612,3.554059696765272,-0.4391580721609589,3.737878429990561,0.0,8.794752988942244,8.942615955300344,122.11818331569357,124.71477623858407,0.0
7.613,3.5362630204714685,-0.4665087088138442,3.479540882760671,0.0,8.856463662825966,8.919752036184093,126.48221949497507,124.71477623858407,0.0
7.614,3.507705083714381,-0.4762397377291394,1.2798483605560111,0.0,8.910513784223845,8.668926180677968,124.41021579582558,124.71477623858407,0.0
7.615,3.360155447561892,-0.4327132286703992,2.3188958145583416,0.0,8.92919108164571,8.600824948633749,125.87980537731451,124.71477623858407,0.0
7.6160000000000005,3.257422138702385,-0.43761011110409076,1.5724507324265709,0.0,8.940164448279262,8.45872730357464,127.13340043391294,124.71477623858407,0.0
7.617,3.1527627952505934,-0.4143114409935874,0.9214669621740681,0.0,8.933218891207051,8.278278190469443,125.95883366958525,124.71477623858407,0.0
7.618,3.0155566140830974,-0.4035136241580509,1.4963097700279029,0.0,8.90796820538074,8.198968066027899,127.62116714595663,124.71477623858407,0.0
7.619,2.9325757446401326,-0.40339335724517966,0.6360791227684834,0.0,8.877406324500846,8.032445919997851,126.65208952136574,124.71477623858407,0.0
7.62,2.816466139031255,-0.4051272271072007,1.1012448022361143,0.0,8.833440345459886,7.951232579619404,127.25833479176018,124.71477623858407,0.0
7.621,2.7424669586980257,-0.4136416649700947,0.7726865815071338,0.0,8.786668879751474,7.839929728080403,127.48579390081076,124.71477623858407,0.0
7.622,2.6608203439901073,-0.4318259086343409,0.6312468503595738,0.0,8.735359397884444,7.7310483627200615,127.30435201308411,124.71477623858407,0.0
7.623,2.585799114407372,-0.4406413200726211,0.6960720364778981,0.0,8.679080580489654,7.64390522260056,127.7174275247085,124.71477623858407,0.0
7.6240000000000006,2.5173550929962083,-0.4643700667241387,0.45950776780446145,0.0,8.622237338839673,7.539956823397675,127.35408238389797,124.71477623858407,0.0
7.625,2.4501443076420637,-0.4753834096078976,0.6147872767565838,0.0,8.5616577616851,7.466874074796387,127.88836300121893,124.71477623858407,0.0
7.626,2.391343030054498,-0.502912216472472,0.31591110046975523,0.0,8.502745902712123,7.366408501539789,127.28536666864554,124.71477623858407,0.0
7.627,2.329098920243377,-0.5145572495238944,0.5917033624558392,0.0,8.44068433787779,7.309683049596243,128.08731972816943,124.71477623858407,0.0
7.628,2.2797512864405842,-0.5447624186860898,0.15700139779803735,0.0,8.382362502609865,7.206654646251592,127.13106400637047,124.71477623858407,0.0
7.6290000000000004,2.218749686827613,-0.5548464697671105,0.6109663810196573,0.0,8.320377204461565,7.168596767134971,128.07041575555377,124.71477623858407,0.0
7.63,2.1796895928943076,-0.5847901644075509,0.107734111258309,0.0,8.263977614116063,7.07193754094575,127.21005408169893,124.71477623858407,0.0
7.631,2.122671809698807,-0.597365459868883,0.5129621697545801,0.0,8.204635905740531,7.034793042685275,127.35254455438833,124.71477623858407,0.0
7.632000000000001,2.0863991301474374,-0.6223225698127636,0.41533925025183605,0.0,8.150133447515723,6.984057838601727,127.31581372751512,124.71477623858407,0.0
7.633,2.0505234210538688,-0.6449767339660945,0.4076942887991306,0.0,8.098250101662465,6.936664793744061,127.35413902568659,124.71477623858407,0.0
7.634,2.0154030657326985,-0.6664864457710161,0.3621380118423694,0.0,8.048955312565775,6.887392459930512,127.35467661829507,124.71477623858407,0.0
7.635,1.9788236443245872,-0.6856767066204357,0.3354702117410189,0.0,8.001558600572787,6.839312518148748,127.31539748795119,124.71477623858407,0.0
7.636,1.9420207367216027,-0.7024316059628247,0.3291035644192901,0.0,7.955744701920089,6.794549771763735,127.30603367577791,124.71477623858407,0.0
7.6370000000000005,1.9061746003923234,-0.7180796283221123,0.30787289613399005,0.0,7.911589651960256,6.750985249033975,127.25961516515736,124.71477623858407,0.0
7.638,1.871007586622422,-0.7320246366122036,0.30563376217853455,0.0,7.868871125411748,6.710837585680359,127.21139624848458,124.71477623858407,0.0
7.639,1.837551852642493,-0.744735530850306,0.3047770204159199,0.0,7.8276684334660205,6.6736894463530145,127.16389907088325,124.71477623858407,0.0
7.640000000000001,1.8058548936527279,-0.7565316219533382,0.3040343808935928,0.0,7.788041657861085,6.639214836983076,127.08492104858828,124.71477623858407,0.0
7.641,1.775816480480054,-0.7674145119218015,0.31982194394103125,0.0,7.750009255865148,6.608956325179177,127.07751959332793,124.71477623858407,0.0
7.642,1.7492474210481164,-0.7758951510838275,0.2998952380237676,0.0,7.713578284296557,6.578192823480485,127.18755124911395,124.71477623858407,0.0
7.643,1.7230642929005562,-0.7828479127748393,0.22015166002546027,0.0,7.678394057109342,6.540904501776075,127.0284633643052,124.71477623858407,0.0
7.644,1.6933458444581022,-0.7871672850000347,0.27655873117262675,0.0,7.643405023798271,6.513836001176749,126.72121943775622,124.71477623858407,0.0
7.6450000000000005,1.6677493416962215,-0.7917984252426515,0.410116262455394,0.0,7.609674275462809,6.502621135855265,126.45969624720377,124.71477623858407,0.0
7.646,1.6515823784529056,-0.7990390829081624,0.5234286576454232,0.0,7.578945276369526,6.501805871319606,126.16014495637785,124.71477623858407,0.0
7.647,1.6427367642039261,-0.8097258768429011,0.6587506158804441,0.0,7.552310791488174,6.512562872717091,125.78457343802839,124.71477623858407,0.0
7.648000000000001,1.6441068489343793,-0.8183911378187129,0.8358384030607309,0.0,7.5302617660026945,6.53746799703133,125.68627811882335,124.71477623858407,0.0
7.649,1.653980620202727,-0.8303372995743853,0.875271043860856,0.0,7.514135580680555,6.5591720049895965,126.47670475350874,124.71477623858407,0.0
7.65,1.6652807489509955,-0.8389496743673908,0.4624384413689149,0.0,7.502620314296126,6.530142804488083,127.06156973085112,124.71477623858407,0.0
7.651,1.6467579409604256,-0.8404630525748055,0.1465380177750557,0.0,7.489434002354875,6.474394786994318,125.56277476587651,124.71477623858407,0.0
7.652,1.6097884255172095,-0.8245735622824457,0.8874555149894348,0.0,7.470228542144143,6.51144428760417,124.62245450275942,124.71477623858407,0.0
7.6530000000000005,1.6147852228703319,-0.8230839521486657,1.3585388639062246,0.0,7.4566436158036735,6.586358942677395,125.36834948266213,124.71477623858407,0.0
7.654,1.6530707757647582,-0.8336088488012532,0.9790556415140936,0.0,7.453081282337697,6.601808208812092,126.78313754070487,124.71477623858407,0.0
7.655,1.6674620477532813,-0.8398822071387538,0.25097799947151267,0.0,7.4520049292823884,6.537862422196162,125.35145134156873,124.71477623858407,0.0
7.656000000000001,1.634829919307956,-0.8233815607310443,0.9604543480097347,0.0,7.442763828182791,6.569260200544798,123.70329802939987,124.71477623858407,0.0
7.657,1.6390457604133493,-0.8144597627237791,1.794645786186006,0.0,7.4367702237112985,6.680470321856571,124.59936666395237,124.71477623858407,0.0
7.658,1.696662535617448,-0.8241983455232177,1.3477655646560767,0.0,7.443657453906139,6.716165644978568,126.29045105912697,124.71477623858407,0.0
7.659,1.7283372520596707,-0.8293584887938436,0.4864666188633482,0.0,7.453895723325472,6.655798025929344,124.84922171073562,124.71477623858407,0.0
7.66,1.7023261051032033,-0.8105395526939566,1.2057368383375056,0.0,7.454951719494258,6.693401682656693,122.67695496043694,124.71477623858407,0.0
7.6610000000000005,1.7132140341616435,-0.7957964007711357,2.3122484262683143,0.0,7.4582289243683855,6.840416362139839,124.33938260980082,124.71477623858407,0.0
7.662,1.7912470475237368,-0.8073529183176267,1.484788537874208,0.0,7.477298525152758,6.862496838380179,126.14753639633413,124.71477623858407,0.0
7.663,1.8217796769244798,-0.8079505113620797,0.5663840430300522,0.0,7.4966193835421535,6.788948072425545,123.42726381148437,124.71477623858407,0.0
7.664000000000001,1.7921124162471418,-0.7761821034873546,1.9393954597259326,0.0,7.503152778700479,6.888470294658816,122.0503563885599,124.71477623858407,0.0
7.665,1.8369289091758931,-0.7624806484609421,2.6544933696884048,0.0,7.517795580592143,7.038397803284572,124.75849735311961,124.71477623858407,0.0
7.666,1.9224563157115595,-0.7814177263272251,1.2999856762631974,0.0,7.5481869462727715,7.009690166070882,124.20344948525427,124.71477623858407,0.0
7.667,1.930526309320574,-0.7697835450207264,1.5826228777291655,0.0,7.571199280941588,7.031495173010497,121.14429858818971,124.71477623858407,0.0
7.668,1.9487085234333843,-0.7416969434670062,3.1479031027653868,0.0,7.5911176984796445,7.2208560218460445,124.26884608269553,124.71477623858407,0.0
7.6690000000000005,2.050041354119533,-0.7536367749268265,1.5900886570713626,0.0,7.6295746066235655,7.195295447040783,124.05741662169868,124.71477623858407,0.0
7.67,2.062927486593521,-0.7421928712686661,1.7023769837386435,0.0,7.6602515387555705,7.203662334655503,120.76895390176443,124.71477623858407,0.0
7.671,2.0785545302361252,-0.7057584067163327,3.3860665670739625,0.0,7.6848041143716745,7.396753084146223,124.17903866521407,124.71477623858407,0.0
7.672000000000001,2.181005021147924,-0.7154770234123914,1.6863815610828463,0.0,7.727643899857329,7.3580744861932335,122.46796400415317,124.71477623858407,0.0
7.673,2.1902638568172215,-0.6970433694745384,2.564387013957601,0.0,7.760206958898995,7.441131209445735,121.50022292516678,124.71477623858407,0.0
7.674,2.246783129924666,-0.6685314668904117,3.08040308658497,0.0,7.794867411616867,7.560995748052291,123.61190493884894,124.71477623858407,0.0
7.675,2.3202506621145305,-0.6748444348868138,2.0355907927412433,0.0,7.839027818429058,7.544734129211084,120.74445123678383,124.71477623858407,0.0
7.676,2.3424237231775136,-0.6428890189642147,3.5090208937917984,0.0,7.873567797244454,7.705335785594183,123.01469098109213,124.71477623858407,0.0
7.6770000000000005,2.434917506439749,-0.6411311049005256,2.3909018742125685,0.0,7.920840127428842,7.705651295508078,120.67753788716644,124.71477623858407,0.0
7.678,2.466534492939174,-0.6200232865718017,3.599850804689591,0.0,7.961112494710658,7.852275129314972,122.58961620758953,124.71477623858407,0.0
7.679,2.5602977009136003,-0.6106577371848547,2.6650632447879903,0.0,8.011200876395707,7.863349912563219,120.26011373923205,124.71477623858407,0.0
7.68,2.59618819739347,-0.5927419684592887,3.874361103960248,0.0,8.055510819171129,8.01768637323007,122.48140245600331,124.71477623858407,0.0
7.681,2.69755142416584,-0.5831120889841027,2.786050483400428,0.0,8.109943284680682,8.01842198527431,119.39174771416803,124.71477623858407,0.0
7.682,2.732984926802142,-0.559924334020638,4.384108139562226,0.0,8.156551710592478,8.20831267802621,122.4609012357614,124.71477623858407,0.0
7.683,2.849297863178616,-0.5622064130964893,2.8720701287937707,0.0,8.217971269436255,8.189130298372904,118.89437718009751,124.71477623858407,0.0
7.684,2.887122528622357,-0.526377309927907,4.713536147210581,0.0,8.267366612291026,8.392692170867793,121.88744881536496,124.71477623858407,0.0
7.6850000000000005,3.004763477039108,-0.539169252817687,3.2452736038090446,0.0,8.33394401285937,8.388351592768926,119.62020611631736,124.71477623858407,0.0
7.686,3.0582947305363697,-0.49744327679956024,4.429840654555512,0.0,8.3887118387701,8.53137578515238,120.15683086864824,124.71477623858407,0.0
7.687,3.147853957411696,-0.500817297793059,4.20710773208943,0.0,8.453093703397569,8.61991184648851,121.37872164566654,124.71477623858407,0.0
7.688,3.239840050566385,-0.47699282773706897,3.629522889509454,0.0,8.517236555779807,8.635502606716372,117.80951695184172,124.71477623858407,0.0
7.689,3.2876964684539387,-0.4429656065687495,5.483177829289292,0.0,8.573019449318656,8.861282122925175,120.16830554157833,124.71477623858407,0.0
7.69,3.4224917090611915,-0.4626956272517382,4.34924824139104,0.0,8.648312579611309,8.912444260512453,120.85261463588941,124.71477623858407,0.0
7.691,3.513075957833477,-0.4336830621449501,4.045715310262448,0.0,8.717803928264852,8.935353855866225,120.212393674762,124.71477623858407,0.0
7.692,3.5452521532032586,-0.433036350392902,4.410849616464375,0.0,8.782856088946758,9.003488190540523,123.1956106576859,124.71477623858407,0.0
7.6930000000000005,3.566323754931231,-0.4761893393170755,2.9344327808114032,0.0,8.852969762927081,8.903260998595352,125.83983684113532,124.71477623858407,0.0
7.694,3.515379539594294,-0.46543532858207093,1.6010690830611813,0.0,8.904434879244768,8.693976634551083,123.92993881627315,124.71477623858407,0.0
7.695,3.373944283367848,-0.436873382584257,2.563866469715377,0.0,8.926790773573847,8.645057004084007,126.87071452822134,124.71477623858407,0.0
7.696,3.2868943623518634,-0.44300634417896134,1.0719192308449084,0.0,8.942979360658704,8.437683894703754,126.05510097846795,124.71477623858407,0.0
7.697,3.1521830454603474,-0.4076068376471742,1.4663227583227663,0.0,8.93285650276261,8.324918561029184,126.20832890079816,124.71477623858407,0.0
7.698,3.03821309496747,-0.40958064820672857,1.374773270535517,0.0,8.913040511515536,8.21959257738639,127.44078044651397,124.71477623858407,0.0
7.699,2.951300234491486,-0.4040246656650244,0.731287455598316,0.0,8.884042624843705,8.061370363365373,126.69463638918836,124.71477623858407,0.0
7.7,2.836799355176443,-0.40689548878609116,1.0845608827550772,0.0,8.842493655805692,7.973091485335786,127.33821314163774,124.71477623858407,0.0
7.7010000000000005,2.7598291637548398,-0.41300770416603627,0.7365381374998519,0.0,8.796915331329101,7.854992074218941,127.40445524014801,124.71477623858407,0.0
7.702,2.6732763439434235,-0.42900089556831045,0.6765202982290761,0.0,8.745783027088942,7.749774145163931,127.32612592760276,124.71477623858407,0.0
7.703,2.5983617674943638,-0.4379363006180801,0.6895714576115144,0.0,8.690065123008747,7.659375659726463,127.70701131265704,124.71477623858407,0.0
7.704,2.5283220947686504,-0.46090643875356485,0.4692064143436423,0.0,8.633316521937232,7.555029784306768,127.36539567684177,124.71477623858407,0.0
7.705,2.4603022764220737,-0.47183607373290704,0.6135080378687019,0.0,8.572780751897268,7.480302248633191,127.86614364323935,124.71477623858407,0.0
7.706,2.400532525335624,-0.4989439760768658,0.3316203806233575,0.0,8.513698378201983,7.3804377054267825,127.30925638704758,124.71477623858407,0.0
7.707,2.33831472106242,-0.5108259697211478,0.584119207234608,0.0,8.451573727833024,7.321491387630366,128.06810161532727,124.71477623858407,0.0
7.708,2.2879604886107967,-0.5407430481469411,0.17116333932733463,0.0,8.392938969411711,7.219193890367729,127.14088204514684,124.71477623858407,0.0
7.7090000000000005,2.2270973450041733,-0.5511054465980574,0.6105120663519201,0.0,8.33077863015163,7.179911989113215,128.14548824220628,124.71477623858407,0.0
7.71,2.1872570410688437,-0.5816295198989051,0.07390184778597542,0.0,8.274160158770686,7.078695434742464,127.12874426981831,124.71477623858407,0.0
7.711,2.128256139376363,-0.5926896099106568,0.5581341536676185,0.0,8.213993248259047,7.046662040650152,127.38392656677922,124.71477623858407,0.0
7.712,2.0939359561739916,-0.6188223639128285,0.4038515019052116,0.0,8.159403691429462,6.993187091298563,127.33963514252858,124.71477623858407,0.0
7.713,2.057167618758015,-0.6419774443064982,0.3997486249910889,0.0,8.107211326650958,6.944393506539979,127.32444515740839,124.71477623858407,0.0
7.714,2.02160981362889,-0.6626975908160014,0.3812469283629394,0.0,8.057406505186558,6.896809561109492,127.4094149876854,124.71477623858407,0.0
7.715,1.9853523443948287,-0.683162843091021,0.31181562573342414,0.0,8.009867747610702,6.845183845317101,127.29044370602654,124.71477623858407,0.0
7.716,1.9472881012569077,-0.6991389259467619,0.34554459188842856,0.0,7.9634730108045755,6.802195816702544,127.31376003590398,124.71477623858407,0.0
7.7170000000000005,1.9119441729210935,-0.71532044264555,0.3078965889765066,0.0,7.919039150825912,6.757895736972525,127.27868828875226,124.71477623858407,0.0
7.718,1.8765331443837687,-0.729741298642103,0.299793342050684,0.0,7.876043147864753,6.716609175940672,127.20469390665998,124.71477623858407,0.0
7.719,1.842590522629234,-0.7423862200731217,0.311891356416065,0.0,7.834464821893968,6.679943062872961,127.17535099791515,124.71477623858407,0.0
7.72,1.8110568740350677,-0.7544668810053081,0.3019570631951727,0.0,7.79458014070172,6.644701251244804,127.11150867414021,124.71477623858407,0.0
7.721,1.78060123457325,-0.765731117721363,0.3099109007270786,0.0,7.756278005895328,6.6130042015758175,127.06526434608826,124.71477623858407,0.0
7.722,1.7531831404975668,-0.7742639811498047,0.3095281836780144,0.0,7.7194623522126395,6.58323644009608,127.18798158444514,124.71477623858407,0.0
7.723,1.7273170934860416,-0.7815796416927515,0.22343751104096166,0.0,7.684070881775688,6.545868826806971,127.06715833845618,124.71477623858407,0.0
7.724,1.6977359881051577,-0.7861190630062327,0.2603253130367196,0.0,7.648907976792574,6.516612653870768,126.7774777241318,124.71477623858407,0.0
7.7250000000000005,1.670906221785838,-0.7908402812860535,0.3845386053434334,0.0,7.614809684811796,6.502715855104965,126.47822925333752,124.71477623858407,0.0
7.726,1.6529658014359039,-0.79776375305742,0.51652831059304,0.0,7.58344591186457,6.501780790247361,126.13112087205285,124.71477623858407,0.0
7.727,1.6438729261295981,-0.8079563907320582,0.675919054900687,0.0,7.556176965152799,6.514836751482328,125.8097757075154,124.71477623858407,0.0
7.728,1.6461479972628126,-0.8176686619789905,0.8256416424800976,0.0,7.533906932696121,6.538394612535564,125.71644136973248,124.71477623858407,0.0
7.729,1.6557405294756544,-0.8297605403882438,0.8622921600600737,0.0,7.51745267350298,6.558871587463734,126.5798095257095,124.71477623858407,0.0
7.73,1.666171354968152,-0.8386363646740096,0.41195774920030526,0.0,7.505546959609316,6.524700683127352,126.99488360124349,124.71477623858407,0.0
7.731,1.6447762684704652,-0.8393152746128013,0.18161963780672097,0.0,7.491400648521789,6.474380217460216,125.5373126104833,124.71477623858407,0.0
7.732,1.609797830615806,-0.8243708167633431,0.9021797694678231,0.0,7.471986242513468,6.512875840146729,124.67129130774659,124.71477623858407,0.0
7.7330000000000005,1.6162127454535251,-0.8237169575773113,1.335625270144554,0.0,7.458440359442665,6.584998438710897,125.45440129509237,124.71477623858407,0.0
7.734,1.653379188527468,-0.8342798385739674,0.93667402590658,0.0,7.4546297800368535,6.596310937648867,126.80343636902354,124.71477623858407,0.0
7.735,1.664908921021359,-0.8404183440327394,0.24126988763659707,0.0,7.452901115255916,6.5327095798415495,125.31431964370039,124.71477623858407,0.0
7.736,1.631845499171236,-0.8235506469225089,0.9798328162470125,0.0,7.443068349435628,6.5672437285951695,123.66456955308344,124.71477623858407,0.0
7.737,1.6377607690162663,-0.8149981507011195,1.8152099284104928,0.0,7.4369001774594805,6.680865725041825,124.74833333221338,124.71477623858407,0.0
7.738,1.6967145236522734,-0.8262635092996802,1.2729924679092302,0.0,7.444035736733665,6.708085252557909,126.34775618125472,124.71477623858407,0.0
7.739,1.724327885356713,-0.830404168733248,0.4569512439618504,0.0,7.45352251178375,6.64650609097948,124.75337266095417,124.71477623858407,0.0
7.74,1.696865942723074,-0.8102467138515255,1.253757039888426,0.0,7.45364396653966,6.6911395201620465,122.7517975186294,124.71477623858407,0.0
7.7410000000000005,1.7109769537300024,-0.7966231925980026,2.2741743982503566,0.0,7.456919605949163,6.833772772725393,124.47947775738434,124.71477623858407,0.0
7.742,1.7871651903142178,-0.8089172111211873,1.4126872636848824,0.0,7.475619583924136,6.849262909673339,126.07823753619151,124.71477623858407,0.0
7.743,1.81378907881329,-0.8083754034770281,0.599672761305226,0.0,7.493816038770318,6.7820905614388245,123.39843685755498,124.71477623858407,0.0
7.744,1.7865613190889562,-0.7770159460337571,1.952736494433779,0.0,7.500031491066112,6.883683541634985,122.15989612200376,124.71477623858407,0.0
7.745,1.8330206732400127,-0.7644375014483159,2.597555663375195,0.0,7.514714661821978,7.02775543373952,124.78840051953017,124.71477623858407,0.0
7.746,1.915896125537871,-0.7828907570583279,1.2825672218025277,0.0,7.544492347275661,6.999139827235523,124.1477341123046,124.71477623858407,0.0
7.747,1.9233450543274178,-0.7708271940237852,1.6085708466781052,0.0,7.566919179043682,7.0253832054354675,121.14840791855814,124.71477623858407,0.0
7.748,1.9433836944554805,-0.7439593209686581,3.1438976267515995,0.0,7.586892835049178,7.214741077425355,124.33566017252336,124.71477623858407,0.0
7.7490000000000006,2.0450997885836584,-0.7566249898755179,1.554062660429593,0.0,7.625466814963413,7.185937029767829,124.08669071794408,124.71477623858407,0.0
7.75,2.056416924045939,-0.7446307932710252,1.6848282429256336,0.0,7.655856973804912,7.1939256246456935,120.79907536845381,124.71477623858407,0.0
7.751,2.071144826239664,-0.7081182536861532,3.3677929263720694,0.0,7.68011053886176,7.386465937387385,124.19203862650062,124.71477623858407,0.0
7.752,2.1730724034375517,-0.7175459503460674,1.6765386734695011,0.0,7.722594950715525,7.348245206237012,122.56928063512568,124.71477623858407,0.0
7.753,2.182175541039005,-0.6994355571680733,2.509372625191555,0.0,7.7549224280527,7.426637197241324,121.42436571502023,124.71477623858407,0.0
7.7540000000000004,2.236247759022417,-0.6700728286843902,3.114734190479918,0.0,7.788807560555166,7.552827256941264,123.6414065324168,124.71477623858407,0.0
7.755,2.312212058228229,-0.6773242843672969,2.016947478843308,0.0,7.833014473187335,7.535161319255737,120.82324951445453,124.71477623858407,0.0
7.756,2.3339444885207405,-0.6462306576107838,3.4649412550657352,0.0,7.867541287287684,7.692308924762694,123.0005100841285,124.71477623858407,0.0
7.757000000000001,2.4249659746693504,-0.6431399175419126,2.393453631773303,0.0,7.914301135388691,7.695055835631177,120.79992132393596,124.71477623858407,0.0
7.758,2.4565986043181214,-0.6232368380027107,3.5328965610160563,0.0,7.9545012584178165,7.83568826427266,122.49714665614783,124.71477623858407,0.0
7.759,2.548114540744295,-0.6116038241186147,2.706460190734483,0.0,8.00366401127632,7.854224605619117,120.50756464913678,124.71477623858407,0.0
7.76,2.5857956308859706,-0.5966431145632912,3.743323310134482,0.0,8.048234775071377,7.9949131344022755,122.28564592575752,124.71477623858407,0.0
7.761,2.6824163533896797,-0.5823783141537032,2.8785739749523778,0.0,8.100997794415743,8.010247360048597,119.67092292508161,124.71477623858407,0.0
7.7620000000000005,2.721528168181415,-0.5645606192628431,4.236374008425356,0.0,8.148200635956403,8.183993869696515,122.34199208521986,124.71477623858407,0.0
7.763,2.8333094598548394,-0.5610415211097126,2.924567269889876,0.0,8.207848920459854,8.175304447023919,118.90648621721077,124.71477623858407,0.0
7.764,2.872491258558936,-0.529904865212897,4.700403104108153,0.0,8.257273593078581,8.378716619277576,122.02952186105944,124.71477623858407,0.0
7.765000000000001,2.9924155117450315,-0.5410077872273574,3.1657378259590656,0.0,8.32362970364136,8.367358652765729,119.43325644021256,124.71477623858407,0.0
7.766,3.041703552777082,-0.4995936813730548,4.516685734366218,0.0,8.37754782563256,8.523500574685958,120.44091771416757,124.71477623858407,0.0
7.767,3.137156676821039,-0.5047277094076563,4.05559368263288,0.0,8.442667211759009,8.595183548604027,121.20711583880431,124.71477623858407,0.0
7.768,3.2233179544737967,-0.4762989471849667,3.7075712243123045,0.0,8.505264452539782,8.624015404543641,117.7131067470218,124.71477623858407,0.0
7.769,3.272957343777892,-0.44877915908867044,5.524592465119186,0.0,8.561742265768075,8.854977639992413,120.54815392672421,124.71477623858407,0.0
7.7700000000000005,3.4132032008078577,-0.46759897654189564,4.148735098386577,0.0,8.638013899019228,8.884046260090221,120.66862598443139,124.71477623858407,0.0
7.771,3.4947765948096965,-0.432258373670212,4.128960572074516,0.0,8.705489566464633,8.92184794250647,119.54601476891114,124.71477623858407,0.0
7.772,3.532175663121437,-0.4320666909218405,4.741953794531371,0.0,8.770330156333518,9.026945859584728,123.91966348797447,124.71477623858407,0.0
7.773000000000001,3.5772551884840778,-0.4778699037521821,2.563080562505797,0.0,8.844236749162157,8.877627299087898,124.52932950517301,124.71477623858407,0.0
7.774,3.5090859815770443,-0.45719371122570324,2.26010202124064,0.0,8.89308841335204,8.747041754718104,123.7445991910914,124.71477623858407,0.0
7.775,3.3994362876117075,-0.44695592319943966,2.6621689487563738,0.0,8.923076961928325,8.693036852910772,127.45718036715532,124.71477623858407,0.0
7.776,3.3230656533831624,-0.4513544273399448,0.7784543194387008,0.0,8.945252378801971,8.443506290467193,125.58551694829839,124.71477623858407,0.0
7.777,3.167691205054912,-0.4081692143522573,1.7055786217700204,0.0,8.935462839273843,8.358294628478777,126.61519579445346,124.71477623858407,0.0
7.7780000000000005,3.060103638614067,-0.41339130251956613,1.171735003133794,0.0,8.919137369327967,8.222912025488299,127.14448833536494,124.71477623858407,0.0
7.779,2.960540649378833,-0.4000925357998503,0.8827916117102435,0.0,8.889391100856786,8.082865852083525,126.71145479492228,124.71477623858407,0.0
7.78,2.8502326148985877,-0.40553396328860003,1.0793415963681938,0.0,8.849346386583203,7.989497855299193,127.37819431314371,124.71477623858407,0.0
7.781000000000001,2.7724842271189813,-0.41036154832883653,0.7193376565118808,0.0,8.804445964138091,7.86734549584612,127.26351849381737,124.71477623858407,0.0
7.782,2.6833033707978013,-0.4253614311764715,0.7511881436227159,0.0,8.753422059255016,7.769054333392127,127.34996995621974,124.71477623858407,0.0
7.783,2.61113109725367,-0.4353596057768738,0.6816104752451766,0.0,8.698621228992419,7.674564989829232,127.68336557266272,124.71477623858407,0.0
7.784,2.539848304956071,-0.45783872885485066,0.48522677368289746,0.0,8.642224269192367,7.570257451525588,127.3513369241705,124.71477623858407,0.0
7.785,2.4712284626960686,-0.4689670555741204,0.6248754910731464,0.0,8.582035576250295,7.494901521726474,127.82866793344174,124.71477623858407,0.0
7.7860000000000005,2.411043670154391,-0.495858442435683,0.35507106948894984,0.0,8.523176928910093,7.395921470821888,127.32528677109627,124.71477623858407,0.0
7.787,2.349138922116669,-0.5079668228013569,0.5806565453365591,0.0,8.461369149185067,7.334673681191551,128.08826261268234,124.71477623858407,0.0
7.788,2.29766058100207,-0.5376541085300237,0.16543376080254157,0.0,8.402761886096004,7.230483101536757,127.14133676753957,124.71477623858407,0.0
7.789000000000001,2.235558347742302,-0.5475205415438229,0.6146310780843725,0.0,8.340384726124599,7.190731248532304,128.06639307816528,124.71477623858407,0.0
7.79,2.195226314833169,-0.5777879756468207,0.11858675437570732,0.0,8.283500850271082,7.09347551733779,127.19213436205872,124.71477623858407,0.0
7.791,2.137995046079531,-0.5901546110121285,0.5309425311942371,0.0,8.22363744443262,7.056468669598312,127.40399027285348,124.71477623858407,0.0
7.792,2.1015645756657872,-0.6161332452130892,0.39812243545416637,0.0,8.168793677812506,7.001877436807316,127.30309222714477,124.71477623858407,0.0
7.793,2.0641668145151972,-0.6380938294881375,0.4226882984229108,0.0,8.116131042503554,6.955040845539801,127.38285564911196,124.71477623858407,0.0
7.7940000000000005,2.028818171332113,-0.6603057443893858,0.3561257933340387,0.0,8.066274716395126,6.90356848881731,127.36096223783242,124.71477623858407,0.0
7.795,1.9913045453967357,-0.6795553414884831,0.3406106389813228,0.0,8.018152123757183,6.854989705649376,127.3290643619124,124.71477623858407,0.0
7.796,1.9541176647122396,-0.6966844893609195,0.3304166957080512,0.0,7.97167562236122,6.809205779933853,127.32724285943057,124.71477623858407,0.0
7.797000000000001,1.9177226333815396,-0.7128262117025069,0.305202780740502,0.0,7.926872676512149,6.764312590076115,127.26896069617639,124.71477623858407,0.0
7.798,1.8818971135109939,-0.7270172933622956,0.30880201779166705,0.0,7.883460308021373,6.723653336717002,127.2293982861155,124.71477623858407,0.0
7.799,1.8480771422819753,-0.7402085971041654,0.30343700234680027,0.0,7.841632383638773,6.685454569411763,127.18741187899049,124.71477623858407,0.0
7.8,1.8158194620148105,-0.7524396621099784,0.2997038495052404,0.0,7.801380879077126,6.649746034857763,127.10435364094734,124.71477623858407,0.0
7.801,1.7851161816424113,-0.7635668676083597,0.3173371945031831,0.0,7.762685353471011,6.618614986819482,127.11955481455739,124.71477623858407,0.0
7.8020000000000005,1.7579483586268652,-0.7724376220559389,0.28568882193842393,0.0,7.725610786555928,6.5857512643203,127.20288156809028,124.71477623858407,0.0
7.803,1.730406573909622,-0.7798157036850399,0.21914439187691803,0.0,7.689680185517159,6.54822097188715,127.07468971495797,124.71477623858407,0.0
7.804,1.7004206161623845,-0.7842663064529105,0.25964118367933264,0.0,7.654005400827128,6.518993777497342,126.80637012596554,124.71477623858407,0.0
7.805000000000001,1.6736193163759152,-0.7890761887734622,0.3728850393017311,0.0,7.6194599561947,6.503821963676992,126.52567793408444,124.71477623858407,0.0
7.806,1.655074821703845,-0.7960480480448814,0.49512211828727803,0.0,7.587570680340132,6.500798308323681,126.21738515677728,124.71477623858407,0.0
7.807,1.6445994311552976,-0.8063786060064173,0.6342424177589254,0.0,7.559634609318743,6.50993580108589,125.84613342164933,124.71477623858407,0.0
7.808,1.6445818463933433,-0.815428888286342,0.8085547134922506,0.0,7.53629812014689,6.53304626742402,125.51664661503065,124.71477623858407,0.0
7.809,1.652700261649822,-0.8286192568254394,0.9652794130371225,0.0,7.518966764242539,6.566115430677922,126.29106484045965,124.71477623858407,0.0
7.8100000000000005,1.6698544951405618,-0.83967150650085,0.5623074143038655,0.0,7.507759304032916,6.546444593628475,127.29053235707062,124.71477623858407,0.0
7.811,1.6582489038126385,-0.8438049841156924,0.03681609481351855,0.0,7.496049666180189,6.475293926487382,125.84432734257153,124.71477623858407,0.0
7.812,1.6146207947612952,-0.8269593063563914,0.7486230910231866,0.0,7.476501566068953,6.498324081135462,124.71290365775322,124.71477623858407,0.0
7.813,1.6099195676916458,-0.8225825270885163,1.3143536592406528,0.0,7.460898302491779,6.572289556736585,125.14310850661643,124.71477623858407,0.0
7.814,1.6451400841312918,-0.8314317932094859,1.0949679121287232,0.0,7.455269099898416,6.6035871514763285,126.61708114839732,124.71477623858407,0.0
7.815,1.6674944155580884,-0.8398726855118644,0.338958542140146,0.0,7.454172582530419,6.548118121962591,125.77311123824752,124.71477623858407,0.0
7.816,1.6404290881206907,-0.8286026905302019,0.7503601472184089,0.0,7.446314705576839,6.554101343254301,124.06119921029143,124.71477623858407,0.0
7.817,1.6333041364860497,-0.816102269263427,1.6128519314793797,0.0,7.438578592058259,6.6499736263448455,124.19241136423857,124.71477623858407,0.0
7.8180000000000005,1.6802331974324405,-0.8202048087318539,1.5524695032492688,0.0,7.441779601754789,6.714984638606102,125.98460050846344,124.71477623858407,0.0
7.819,1.7238559205799202,-0.8299086360923388,0.643676688438036,0.0,7.452188007322759,6.670122056327197,125.45591750015008,124.71477623858407,0.0
7.82,1.7082911300986163,-0.8186464136541763,0.9006067799790585,0.0,7.455733431364239,6.670285165235021,123.20623660095056,124.71477623858407,0.0
7.821,1.7031585329413228,-0.7985702514764791,2.0405326259551524,0.0,7.45684486827719,6.794017985580659,123.71865564114691,124.71477623858407,0.0
7.822,1.7658683144730611,-0.8006085785505246,1.7942843118313496,0.0,7.4706434211333255,6.8600526926295835,125.85651616850555,124.71477623858407,0.0
7.823,1.8146113080124828,-0.8073168864024036,0.7139366488528147,0.0,7.490383120001713,6.799753392998812,124.18804498193069,124.71477623858407,0.0
7.824,1.7944430587256055,-0.7864205574576636,1.5534395547067796,0.0,7.499753239757741,6.853312726848627,121.70845586255373,124.71477623858407,0.0
7.825,1.8182614110806785,-0.7671899505571801,2.82329731815556,0.0,7.511635877453541,7.0309207629579635,124.44222997775765,124.71477623858407,0.0
7.8260000000000005,1.914399209355986,-0.784173336722927,1.4591357231618667,0.0,7.542151533537935,7.01886293185542,125.2724936261783,124.71477623858407,0.0
7.827,1.9326204921006211,-0.7783279147951279,1.038426725075597,0.0,7.56759701062992,6.977383112512862,122.09615489801014,124.71477623858407,0.0
7.828,1.9211247594846057,-0.7397167729099381,2.652782302565417,0.0,7.582161186690357,7.125828769733707,123.2107074328487,124.71477623858407,0.0
7.829,1.9952945877379675,-0.7352224085294079,2.1105467232034947,0.0,7.610005242203824,7.17682317089977,124.86664992807576,124.71477623858407,0.0
7.83,2.039463872250368,-0.7357542196467993,1.2810567386950449,0.0,7.640267775149275,7.135564071984435,121.35088035952135,124.71477623858407,0.0
7.831,2.0372699281409288,-0.7003298247014342,3.0725804817628743,0.0,7.65947614335348,7.307502674534884,122.92986650321102,124.71477623858407,0.0
7.832,2.128164177358467,-0.6998839937478076,2.300936507271774,0.0,7.694262737536862,7.351351872170987,123.73721250874229,124.71477623858407,0.0
7.833,2.1740118767249417,-0.7008761301798659,1.9070391418045556,0.0,7.730069185382585,7.354548234567201,120.44523442182906,124.71477623858407,0.0
7.8340000000000005,2.1995911419385985,-0.6671752762366947,3.5957236034287217,0.0,7.758897609385282,7.548344627761855,123.45847427640899,124.71477623858407,0.0
7.835,2.3064494591900315,-0.67801228275934,2.1016666957605046,0.0,7.8057519095640995,7.532912497332049,121.1531766648663,124.71477623858407,0.0
7.836,2.3323886478663516,-0.660219651557182,3.2899314972690314,0.0,7.844312007184591,7.667573979623845,122.29182491038732,124.71477623858407,0.0
7.837,2.4187581048428792,-0.646095579267256,2.7448368877904863,0.0,7.8911065216323415,7.711541020010128,122.03607569392018,124.71477623858407,0.0
7.838,2.4632734403470358,-0.6405309405647418,2.8994985014706938,0.0,7.9371474191395714,7.7742215390664775,120.72470877797525,124.71477623858407,0.0
7.839,2.5240966507865146,-0.6075165695617071,3.595082634049247,0.0,7.9812763443784025,7.903960334621451,122.3574509672963,124.71477623858407,0.0
7.84,2.604216219924193,-0.6146679446491601,2.8022847921015996,0.0,8.035083051618496,7.92276961870403,119.71199574910722,124.71477623858407,0.0
7.841,2.653681933167553,-0.5789260281444961,4.175040206090911,0.0,8.081386891976452,8.099369686295274,122.48014382195234,124.71477623858407,0.0
7.8420000000000005,2.7564207173721376,-0.5914891596988726,2.8133124938346667,0.0,8.142459718693765,8.088615919545036,119.63689155300413,124.71477623858407,0.0
7.843,2.798583028288846,-0.551050300632508,4.285717475164569,0.0,8.191775980251482,8.257016170851614,121.81130086529893,124.71477623858407,0.0
7.844,2.8963386328590714,-0.5585542590557226,3.227547572750021,0.0,8.254230464801298,8.27205379071085,119.76524185223919,124.71477623858407,0.0
7.845,2.9526968742995803,-0.5188850563533416,4.300072423143343,0.0,8.307504611000564,8.415170679093794,120.62433618334735,124.71477623858407,0.0
7.846,3.041732001987713,-0.5242368206084496,3.9114296581416266,0.0,8.37074841751328,8.486597058972963,121.24502304187719,124.71477623858407,0.0
7.847,3.125350577371313,-0.4951517343114875,3.635783760843777,0.0,8.43155760422743,8.522462868447429,117.98573041576117,124.71477623858407,0.0
7.848,3.174996603696424,-0.4723797993327863,5.332720532130017,0.0,8.487658391232923,8.745617642318399,121.18227879933019,124.71477623858407,0.0
7.849,3.3129336949480486,-0.4864898322367657,3.7697713147380436,0.0,8.562244399894183,8.748496616102415,119.9686147648765,124.71477623858407,0.0
7.8500000000000005,3.3792635113379976,-0.44475332289089375,4.424064946701963,0.0,8.624927588710637,8.840231176173729,117.88323243675565,124.71477623858407,0.0
7.851,3.450719201122735,-0.4336255771294064,5.5350715487806745,0.0,8.689709227712273,9.037531561316152,122.03095456064233,124.71477623858407,0.0
7.852,3.577253624165694,-0.4577266692079254,3.4880487036167525,0.0,8.770505138914242,8.972093263218804,123.01970392085899,124.71477623858407,0.0
7.853,3.574427255133839,-0.4558575244227623,3.0106247466856737,0.0,8.83623101233912,8.890808224064537,122.4822227030209,124.71477623858407,0.0
7.854,3.5097790282678103,-0.46061331526945515,3.3016908909603515,0.0,8.887797622947078,8.868098832872658,126.69537899159859,124.71477623858407,0.0
7.855,3.461102282015071,-0.4732260755709512,1.1753067191413602,0.0,8.933276479099744,8.620712081337066,125.21122450588277,124.71477623858407,0.0
7.856,3.3133712486023486,-0.42691101400290865,1.912419479326283,0.0,8.944247990108085,8.5207217821217,125.75720572406082,124.71477623858407,0.0
7.857,3.195934164078403,-0.42538214725117096,1.629004575382487,0.0,8.944418295367049,8.404721665856552,127.6218924674556,124.71477623858407,0.0
7.8580000000000005,3.0995462653240238,-0.41076070161060785,0.6675900413963869,0.0,8.931378488120654,8.20684544006252,126.12158244156394,124.71477623858407,0.0
7.859,2.959391106670641,-0.3974571252799588,1.403676992312413,0.0,8.89853786007953,8.132489754528205,127.50041403437825,124.71477623858407,0.0
7.86,2.8784356772781914,-0.4004401401761384,0.6864048179473174,0.0,8.862006893690973,7.983528311700523,126.9007094942113,124.71477623858407,0.0
7.861,2.7730820598390045,-0.4081934900081122,0.964397755474522,0.0,8.815055917991058,7.894341205012784,127.37464802848433,124.71477623858407,0.0
7.862,2.69964791809475,-0.4170372338423892,0.7008297704390034,0.0,8.76477660751581,7.784629523112123,127.506173194023,124.71477623858407,0.0
7.863,2.619728142407512,-0.43579275591086675,0.6071532181152759,0.0,8.710528729887216,7.681249171356905,127.32264631534366,124.71477623858407,0.0
7.864,2.548260513912697,-0.44680664866836145,0.6728379566873526,0.0,8.652391577828595,7.598006395158068,127.7240995452469,124.71477623858407,0.0
7.865,2.48341348566377,-0.47199364134332467,0.4420181086691044,0.0,8.594404293622624,7.4976456475279605,127.36915216202264,124.71477623858407,0.0
7.8660000000000005,2.419379894797388,-0.48415569926409513,0.5929480410468468,0.0,8.533265619518776,7.426827961994817,127.91211792821568,124.71477623858407,0.0
7.867,2.362771797358434,-0.5123692231754208,0.2894917410540132,0.0,8.474140911323033,7.3276752400912315,127.27491541976144,124.71477623858407,0.0
7.868,2.301805723488182,-0.5242375118528977,0.5824916034693581,0.0,8.412036778271922,7.273930054575385,128.0128045668295,124.71477623858407,0.0
7.869,2.254359301851498,-0.5545864628591083,0.18056674665288108,0.0,8.35398824169824,7.176816687073381,127.17344783974997,124.71477623858407,0.0
7.87,2.196697895923305,-0.5657570250702724,0.5756583941809816,0.0,8.29295849436489,7.136957422896197,127.98108641847422,124.71477623858407,0.0
7.871,2.1575179107262503,-0.5951467018800841,0.13917600301995425,0.0,8.237166954174128,7.046750315212796,127.24011896822367,124.71477623858407,0.0
7.872,2.103526338565384,-0.6082395362427552,0.48440630084883374,0.0,8.179080172245897,7.007872194037171,127.37020544647729,124.71477623858407,0.0
7.873,2.0668884781039094,-0.6326055232258803,0.3928087696430933,0.0,8.125463586617446,6.957035424304522,127.29287722734692,124.71477623858407,0.0
7.8740000000000006,2.030817087775949,-0.6538429027521517,0.40569186932064727,0.0,8.074217434456633,6.911855263590339,127.36547742128255,124.71477623858407,0.0
7.875,1.9962574651386114,-0.6751928247264812,0.3428847605258485,0.0,8.025713999062397,6.862471735354117,127.32170326357526,124.71477623858407,0.0
7.876,1.9597898726258716,-0.6933036523397318,0.3387025691295815,0.0,7.978901246201673,6.817010085386482,127.30058657292128,124.71477623858407,0.0
7.877,1.9241106687087166,-0.7097787480783118,0.3234028111132008,0.0,7.933854755885369,6.773332210167458,127.28667297140457,124.71477623858407,0.0
7.878,1.8890155993115636,-0.7249622368658708,0.3046406445433485,0.0,7.89045055988804,6.731110298290698,127.22887176040051,124.71477623858407,0.0
7.8790000000000004,1.8546920609642812,-0.738302012799759,0.30840029482721487,0.0,7.848480132767621,6.692795979723036,127.18570411687656,124.71477623858407,0.0
7.88,1.8223066572942874,-0.7505996845942831,0.30527483780626175,0.0,7.808094662640535,6.656953812545183,127.13074953561822,124.71477623858407,0.0
7.881,1.7914315699829766,-0.7620443525085101,0.30859239546509176,0.0,7.7692994595609965,6.624125906552633,127.12412080245029,124.71477623858407,0.0
7.882000000000001,1.7631938702690004,-0.7711068399360668,0.28781331641039376,0.0,7.731983413128039,6.591179792674201,127.19896840637132,124.71477623858407,0.0
7.883,1.7353624747319856,-0.7785479728586178,0.22554759277200698,0.0,7.695832259697744,6.553934323242573,127.10963776176474,124.71477623858407,0.0
7.884,1.7054359962521322,-0.7832770450693913,0.2462642998434883,0.0,7.660017461281274,6.522713379102738,126.85488896524639,124.71477623858407,0.0
7.885,1.6777215245891415,-0.7877874553206896,0.35223757083604323,0.0,7.625110902698002,6.505232269371838,126.57760668857388,124.71477623858407,0.0
7.886,1.6577197295369388,-0.7943593061338788,0.4722504046723994,0.0,7.592624688486906,6.5000733465068885,126.30441810841137,124.71477623858407,0.0
7.8870000000000005,1.6456684334238711,-0.8044505789033229,0.5929482760553821,0.0,7.563915524906929,6.5053839566430005,125.8691734366393,124.71477623858407,0.0
7.888,1.6430429372225108,-0.8132961212668295,0.7990266399608639,0.0,7.539480435630856,6.5289225223442955,125.69808794513183,124.71477623858407,0.0
7.889,1.6512111792284025,-0.8258856579925036,0.8747362686491205,0.0,7.521139105468706,6.553006236481848,126.01174256092119,124.71477623858407,0.0
7.890000000000001,1.663554496684496,-0.8359500509606664,0.7049392975310689,0.0,7.508021467595768,6.5521366005794475,127.16851219807978,124.71477623858407,0.0
7.891,1.6612332593547752,-0.8423735728781243,0.1020171193568169,0.0,7.496734573401123,6.485797463872839,126.11846869507791,124.71477623858407,0.0
7.892,1.6214871294929132,-0.8304597148341069,0.6130019462928151,0.0,7.478567695351265,6.491549966073636,124.90789005819808,124.71477623858407,0.0
7.893,1.6094708052236937,-0.8233055134653062,1.2163601265365904,0.0,7.462124931756346,6.557094416177819,124.86708880356889,124.71477623858407,0.0
7.894,1.6380608254766125,-0.8293216985367137,1.2352376282013355,0.0,7.454614211902879,6.607218022822263,126.36966234344895,124.71477623858407,0.0
7.8950000000000005,1.668707266600079,-0.8398563797454911,0.4674019972126564,0.0,7.453965577781452,6.5638422940704615,126.16954091299303,124.71477623858407,0.0
7.896,1.6493520192511686,-0.8339961496147225,0.552915065696528,0.0,7.448294262070517,6.544259610244423,124.416043617953,124.71477623858407,0.0
7.897,1.6318524954462847,-0.8170486518667873,1.432651039422856,0.0,7.439426187097107,6.623715284800001,123.81814695602633,124.71477623858407,0.0
7.898000000000001,1.6667275948301028,-0.8166231833087889,1.7405656632117676,0.0,7.439513160512696,6.715400577111929,125.63819897235419,124.71477623858407,0.0
7.899,1.7205447695800684,-0.8303202106554846,0.8213054277101344,0.0,7.450270893511634,6.688157127162495,125.98148930048154,124.71477623858407,0.0
7.9,1.7170045367209006,-0.8249162388434033,0.6369931330274832,0.0,7.45649710104294,6.654559642809831,123.69041817422392,124.71477623858407,0.0
7.901,1.698691557803811,-0.7989252230594788,1.7927722767998946,0.0,7.455935967367738,6.755902381759647,123.2254773710792,124.71477623858407,0.0
7.902,1.7456229420859053,-0.7944522904918856,2.0401356670473074,0.0,7.465333108530441,6.857361332876249,125.2811236691233,124.71477623858407,0.0
7.9030000000000005,1.807254327974253,-0.8076147371245117,1.00664904371986,0.0,7.4854290291438,6.827146801924072,124.80057370841973,124.71477623858407,0.0
7.904,1.8060716368037992,-0.7965448255844502,1.2460660493732882,0.0,7.499144589864871,6.839380462871231,121.96699947216915,124.71477623858407,0.0
7.905,1.813124504485171,-0.7741003700560052,2.6903309351627294,0.0,7.510353769615825,7.007449638819432,123.92417861134615,124.71477623858407,0.0
7.906000000000001,1.902179327542129,-0.7817745998033678,1.719647341846608,0.0,7.538317558813994,7.028889469165788,125.68100268248995,124.71477623858407,0.0
7.907,1.9348800887217368,-0.7805856787154026,0.8315730418356511,0.0,7.5654214285098345,6.960293822830096,122.39616127487608,124.71477623858407,0.0
7.908,1.911594816806019,-0.7424168550358705,2.497179895279665,0.0,7.578768665208651,7.09625401249903,122.55050443012978,124.71477623858407,0.0
7.909,1.9782150772472922,-0.731066989426346,2.441651035737359,0.0,7.603510400224227,7.189627582419162,124.87670249428719,124.71477623858407,0.0
7.91,2.041363949878875,-0.739035734524255,1.2769327411016227,0.0,7.636105379347127,7.142294071649273,121.82011452383651,124.71477623858407,0.0
7.9110000000000005,2.0392084187421293,-0.7097181131381629,2.834173343474437,0.0,7.657402883677298,7.286765656227383,122.50774671340785,124.71477623858407,0.0
7.912,2.1185422263816474,-0.7005459798835145,2.5124275439405266,0.0,7.6903020375881095,7.359207114656527,124.13334822829977,124.71477623858407,0.0
7.913,2.17467642290319,-0.705032196593741,1.7054410665974136,0.0,7.727740627121429,7.336761864580462,120.79406102681169,124.71477623858407,0.0
7.914000000000001,2.1883874999240316,-0.6704605731971565,3.4142918194591756,0.0,7.75534309195308,7.51540156954648,123.07887667122733,124.71477623858407,0.0
7.915,2.2859732741216816,-0.6739424136132732,2.288242992924921,0.0,7.798777999477911,7.527386347660147,121.67432062341953,124.71477623858407,0.0
7.916,2.320971157723697,-0.663320390124014,3.0209255729804667,0.0,7.837864653073643,7.631497801332136,121.59560898784599,124.71477623858407,0.0
7.917,2.397055406433777,-0.6419567169871324,3.091473063274618,0.0,7.881210002866835,7.721520884606212,122.81063311478866,124.71477623858407,0.0
7.918,2.4611531319235627,-0.6450223159870859,2.503002431041239,0.0,7.929773978629483,7.73514904276681,119.88935845872606,124.71477623858407,0.0
7.9190000000000005,2.5012103252725133,-0.6083969513572391,4.0118939368711155,0.0,7.970784926532641,7.920368240637746,123.0824473559839,124.71477623858407,0.0
7.92,2.606019382590797,-0.620411763819126,2.431672777068199,0.0,8.027904582449683,7.891124946503766,119.56113920117232,124.71477623858407,0.0
7.921,2.634734034291498,-0.5831916303405583,4.243863224848106,0.0,8.07217358055436,8.083550587114807,122.77144108545252,124.71477623858407,0.0
7.922000000000001,2.743190372045299,-0.5907387573084237,2.6581456342393217,0.0,8.132460628210927,8.05696667339454,119.15614520586749,124.71477623858407,0.0
7.923,2.7756900318028714,-0.5515406820710281,4.521379884359004,0.0,8.179673320184015,8.25739240003541,122.28331877577152,124.71477623858407,0.0
7.924,2.888651436959962,-0.5630100573073386,2.982107674035114,0.0,8.243860927652252,8.24244377960298,119.46435261815746,124.71477623858407,0.0
7.925,2.9329444188599236,-0.521250702886388,4.444094989046409,0.0,8.295426689591753,8.407877494757667,121.08541096661172,124.71477623858407,0.0
7.926,3.0307022692733914,-0.5281831861571646,3.6698594675390046,0.0,8.35955941355677,8.451828200348425,120.49274370751607,124.71477623858407,0.0
7.9270000000000005,3.1037008502957346,-0.4928580314506792,4.008413422397509,0.0,8.417718843833939,8.5357281326178,118.80099453164954,124.71477623858407,0.0
7.928,3.1699884049423392,-0.4856375087809197,4.913425827400121,0.0,8.478011318363722,8.706658194488753,121.34955033341328,124.71477623858407,0.0
7.929,3.292510516174188,-0.48319063898206793,3.6728001855699586,0.0,8.54917060117644,8.708190996285204,119.16321459117546,124.71477623858407,0.0
7.930000000000001,3.3491169797490983,-0.44256089216453187,4.821483673162953,0.0,8.608922432435595,8.850446396355895,118.98640613337993,124.71477623858407,0.0
7.931,3.4433026941279308,-0.4429554976532477,4.967171603112759,0.0,8.677374324647836,8.979195913018058,122.02654184634527,124.71477623858407,0.0
7.932,3.548726218353597,-0.4450060754833467,3.4739860905524784,0.0,8.752077596811494,8.925553651033063,122.26647970586065,124.71477623858407,0.0
7.933,3.5455486014202076,-0.4391508509619533,3.378500126122023,0.0,8.813281735084631,8.89057811460612,122.06575198660205,124.71477623858407,0.0
7.934,3.504118595973371,-0.4555870097460528,3.5053542282711407,0.0,8.866734435599225,8.884654880959706,126.61247146125666,124.71477623858407,0.0
7.9350000000000005,3.4736937215171686,-0.4729697661754624,1.2130175387171103,0.0,8.915997284317111,8.634176099992672,124.80649222539891,124.71477623858407,0.0
7.936,3.3293040697965113,-0.42864547631937144,2.115089996777836,0.0,8.930236470618045,8.551401432221063,125.68686158278057,124.71477623858407,0.0
7.937,3.2207869271493443,-0.4315607398949304,1.6651844646450447,0.0,8.935538193403595,8.430310805915477,127.46027932968734,124.71477623858407,0.0
7.938,3.124777713820471,-0.41502581574361264,0.751020560280625,0.0,8.92635268698763,8.235276282399948,125.98705318954002,124.71477623858407,0.0
7.939,2.984819814846254,-0.4018919920727009,1.4749108608447248,0.0,8.897302907499423,8.162031509453946,127.79501711555544,124.71477623858407,0.0
7.94,2.9043007656699142,-0.4034243773194277,0.5401264890673017,0.0,8.864133529279286,7.990598568372222,126.64485467769424,124.71477623858407,0.0
7.941,2.7868106747188937,-0.40545904432784896,1.0959069236067993,0.0,8.81734628429145,7.915594394606625,127.2999303072005,124.71477623858407,0.0
7.942,2.7161465932969873,-0.41549667183999794,0.7425175681675062,0.0,8.768821138782087,7.805579428321983,127.43922344905737,124.71477623858407,0.0
7.9430000000000005,2.6365691040563144,-0.4347737639406233,0.6456265251343396,0.0,8.716167115051148,7.702636205937873,127.28089426241547,124.71477623858407,0.0
7.944,2.565327234628362,-0.4456210922498831,0.6991299382169718,0.0,8.659484606647899,7.618617020033167,127.70925110087026,124.71477623858407,0.0
7.945,2.49980621366938,-0.4706245325323284,0.45500677036671555,0.0,8.602710335642483,7.516437812895461,127.33987002308268,124.71477623858407,0.0
7.946,2.434452542975992,-0.48214412465477685,0.6134463714155189,0.0,8.542412691754482,7.445202380731535,127.90982196008244,124.71477623858407,0.0
7.947,2.3769782818598726,-0.5101172828617877,0.29651994570065665,0.0,8.483983120520437,7.344283056571925,127.25590442255701,124.71477623858407,0.0
7.948,2.3147786435903015,-0.5214139706315832,0.5980674326236421,0.0,8.422267478066441,7.290219413122032,128.0977526521208,124.71477623858407,0.0
7.949,2.2665777657340573,-0.5517924971856065,0.143313553706385,0.0,8.364545706556102,7.187032268403097,127.11601821512234,124.71477623858407,0.0
7.95,2.2056655736306054,-0.5615224495954573,0.6101683524402279,0.0,8.303043907224442,7.1505115600077325,128.02490545144315,124.71477623858407,0.0
7.9510000000000005,2.167200665137942,-0.5913293079020308,0.12262344215123289,0.0,8.247221671876039,7.0568162724127665,127.21999329313319,124.71477623858407,0.0
7.952,2.111701524842718,-0.6040976995725132,0.500027350760722,0.0,8.188718585803672,7.019018425439945,127.3527588937738,124.71477623858407,0.0
7.953,2.0753075868953808,-0.6286722590456819,0.40726472388851986,0.0,8.134861541266597,6.968620468286381,127.30155874826538,124.71477623858407,0.0
7.954,2.0394746712656007,-0.6506233852711703,0.4069969715459154,0.0,8.083519283757946,6.922352457245304,127.35682133891459,124.71477623858407,0.0
7.955,2.004628063041052,-0.6719813689350776,0.35294522521800675,0.0,8.034814317836831,6.873108804733233,127.33463521880732,124.71477623858407,0.0
7.956,1.968104037645331,-0.6905189076763669,0.33783969546940606,0.0,7.987881032681517,6.826467106782467,127.30764557240903,124.71477623858407,0.0
7.957,1.9318631250137226,-0.7070766948121059,0.32540582533030227,0.0,7.942612887444181,6.782200839828956,127.29358357347124,124.71477623858407,0.0
7.958,1.896339858757362,-0.7223627632830093,0.3066487514503262,0.0,7.89896081969567,6.73944059578354,127.24284908631161,124.71477623858407,0.0
7.9590000000000005,1.8616101834025607,-0.735918813300803,0.30673526655286576,0.0,7.856736239134714,6.700253288394357,127.19761953000372,124.71477623858407,0.0
7.96,1.8286830814126975,-0.7483448854258936,0.3045216117926133,0.0,7.816046693324518,6.6637925709786785,127.14413498028887,124.71477623858407,0.0
7.961,1.797397381578495,-0.7598664611990957,0.30697029923299146,0.0,7.776923142967576,6.630312618851459,127.0644038947315,124.71477623858407,0.0
7.962,1.768055971761562,-0.7702667425833916,0.32333956545020204,0.0,7.739392767628144,6.600959137392276,127.16203547262741,124.71477623858407,0.0
7.963,1.7424795963602182,-0.7777697549446865,0.2500511841618134,0.0,7.703401410222641,6.565082539137153,127.18302692971784,124.71477623858407,0.0
7.964,1.7136104707838562,-0.7836127222041973,0.21487294870525986,0.0,7.667989225007107,6.52897758293904,126.93099118563053,124.71477623858407,0.0
7.965,1.6837103679431689,-0.787459199519073,0.3187286712784494,0.0,7.632872445525356,6.507718135733514,126.63251684127616,124.71477623858407,0.0
7.966,1.6611583440360072,-0.7928725293527149,0.4487884374287159,0.0,7.599698400779777,6.500522693952542,126.39120359434523,124.71477623858407,0.0
7.9670000000000005,1.6472598211608083,-0.8023819458446213,0.5526807873365689,0.0,7.570114118846439,6.502160269980672,125.9177828304517,124.71477623858407,0.0
7.968,1.6418871656562593,-0.8111966621933651,0.7773611033646568,0.0,7.544526547342688,6.524803578353417,125.81390355360745,124.71477623858407,0.0
7.969,1.6494820793629028,-0.822830851358111,0.8183094686365497,0.0,7.524953677471215,6.543992148695359,125.80481578596172,124.71477623858407,0.0
7.97,1.659113465039366,-0.8323489056778481,0.8119529569856352,0.0,7.510187595704613,6.557212371794297,127.10198648358494,124.71477623858407,0.0
7.971,1.6637484486115157,-0.8412702027754505,0.1394955057240186,0.0,7.499106306562102,6.493313675548242,126.38795507766027,124.71477623858407,0.0
7.972,1.6265361383310313,-0.8327963318373358,0.4797794202955925,0.0,7.481721937935068,6.482992229094604,125.06482669895844,124.71477623858407,0.0
7.973,1.6074997845658452,-0.8226346160303124,1.1378431050427609,0.0,7.464010811495983,6.542670532411466,124.74156584352168,124.71477623858407,0.0
7.974,1.6305693915477613,-0.8270516363403683,1.2992056367117635,0.0,7.454626117424668,6.603051114083186,126.1038129521,124.71477623858407,0.0
7.9750000000000005,1.6655048928574803,-0.8384462532500568,0.6041917152874461,0.0,7.453427188584623,6.574777802432994,126.48428545724636,124.71477623858407,0.0
7.976,1.6549084581041587,-0.8371520589368561,0.3962603705276444,0.0,7.4492645139200135,6.53480458319044,124.65335531047832,124.71477623858407,0.0
7.977,1.6296133175947356,-0.8176842122744049,1.3123396531927216,0.0,7.439392263607873,6.603936954054941,123.71416520713457,124.71477623858407,0.0
7.978,1.6562027218352497,-0.8150861839242556,1.7919408151790905,0.0,7.437329370761506,6.705586411922077,125.35050357292175,124.71477623858407,0.0
7.979,1.713223786473776,-0.8293760302947053,0.9674143589421225,0.0,7.447235576370738,6.6953642898441,126.30806738130164,124.71477623858407,0.0
7.98,1.7198248874581619,-0.8275832073875434,0.47269954332500275,0.0,7.4547888402277565,6.640825724917432,123.92014358134539,124.71477623858407,0.0
7.981,1.6932321600321085,-0.7998957568095416,1.6746077698755166,0.0,7.453105229871898,6.732644606972573,122.8051124193945,124.71477623858407,0.0
7.982,1.7325553726194003,-0.793027927215699,2.251219989042853,0.0,7.460293282007596,6.861930020970648,125.14274770307281,124.71477623858407,0.0
7.9830000000000005,1.8069493736959117,-0.8099351370614366,1.0781226325588105,0.0,7.4816195417085005,6.836408759385029,125.43466690444707,124.71477623858407,0.0
7.984,1.8111957067023148,-0.8029379388367409,0.9249641252130525,0.0,7.497322285377582,6.810732631064928,122.70388390130849,124.71477623858407,0.0
7.985,1.8013778987021254,-0.7721626439285679,2.3104645501550998,0.0,7.505571831390091,6.944253443970915,123.28157486047161,124.71477623858407,0.0
7.986,1.8681159600625745,-0.7691447298857086,2.035951084354664,0.0,7.526324286496316,7.013756279870432,125.56091397148667,124.71477623858407,0.0
7.987,1.9197892966311685,-0.7737269188057001,0.887820151518107,0.0,7.552485999603498,6.949818123327662,122.70500991424417,124.71477623858407,0.0
7.988,1.9021692125101142,-0.7450823153110312,2.3358698433827545,0.0,7.566440997472069,7.068111671802365,121.90226795528956,124.71477623858407,0.0
7.989,1.9630988528042614,-0.7311582668070834,2.765365905693006,0.0,7.589584651100769,7.201856973878371,124.38431955323034,124.71477623858407,0.0
7.99,2.0447325994509935,-0.7470460771695637,1.5276446735761526,0.0,7.625675369199107,7.175727399225491,122.46917650410987,124.71477623858407,0.0
7.9910000000000005,2.0567577279545173,-0.7279766407549164,2.507672195481131,0.0,7.653287541913093,7.275493666909529,121.94061455470904,124.71477623858407,0.0
7.992,2.1188774040938316,-0.7087669833743371,2.7996947870202935,0.0,7.686192756176363,7.38365382185653,124.23695381825843,124.71477623858407,0.0
7.993,2.1870478962607094,-0.7161236846724743,1.6563033794488575,0.0,7.727624798224608,7.348717644609945,121.28832224469869,124.71477623858407,0.0
7.994,2.1947420151261987,-0.6839566221691381,3.16488370616758,0.0,7.757808074455023,7.498631391154083,122.90870170736646,124.71477623858407,0.0
7.995,2.2782456111667586,-0.6761701564818717,2.372754720145871,0.0,7.799429557116244,7.525243644561465,122.5829957598486,124.71477623858407,0.0
7.996,2.3136361837499546,-0.6682871873916203,2.5569254986921557,0.0,7.838760854909024,7.578478969370793,120.61191696910856,124.71477623858407,0.0
7.997,2.3653975777872165,-0.6349993487897496,3.5834934867569297,0.0,7.875899722848158,7.736064814761866,123.23845878317606,124.71477623858407,0.0
7.998,2.457269185705031,-0.6470997593149694,2.2849857542772627,0.0,7.926747212076277,7.71891616902374,120.2013996967089,124.71477623858407,0.0
7.9990000000000006,2.486937382563082,-0.6139782197347026,3.8486490629295913,0.0,7.9670307143486925,7.89121039248359,123.00980638644536,124.71477623858407,0.0
8.0,2.5865632291358,-0.6163390836849982,2.461495416582749,0.0,8.02110619917018,7.8714178484855974,119.71109620290467,124.71477623858407,0.0
8.001,2.6149664902026863,-0.5843915022097648,4.1608873087098885,0.0,8.06425703850795,8.057688651715381,122.78706553671672,124.71477623858407,0.0
8.002,2.7231310994529245,-0.588202360348566,2.642179748822535,0.0,8.122458544444935,8.03398163364022,119.10023804964209,124.71477623858407,0.0
8.003,2.7550276616952987,-0.5524696639432886,4.5417388742492735,0.0,8.16850049279474,8.240177071607931,122.38701137687077,124.71477623858407,0.0
8.004,2.872403516806512,-0.5640113522050988,2.921629859252063,0.0,8.232184702779188,8.220557199270083,119.29123971826498,124.71477623858407,0.0
8.005,2.914676980352737,-0.5234244883585495,4.523751053758153,0.0,8.282958532625667,8.398225834271134,121.37647129856161,124.71477623858407,0.0
8.006,3.0183716871066544,-0.5327107493606614,3.51451831301006,0.0,8.347849200336302,8.425184492221907,120.10494060304245,124.71477623858407,0.0
8.007,3.084829335382741,-0.49407924963692534,4.196382017125057,0.0,8.404604339491314,8.53476029176597,119.36020529551031,124.71477623858407,0.0
8.008000000000001,3.160746925296692,-0.4932052388948376,4.622295380321864,0.0,8.466931718500845,8.671399499773852,121.38159043360743,124.71477623858407,0.0
8.009,3.2709572617705613,-0.4816658232980301,3.6449346693230718,0.0,8.535429684801976,8.677474751927072,118.74139362876367,124.71477623858407,0.0
8.01,3.32389230998614,-0.44242590778540813,5.024766897843152,0.0,8.593484383137904,8.846626675803307,119.37561978306583,124.71477623858407,0.0
8.011000000000001,3.4307345778643876,-0.44912773718120286,4.761045385247257,0.0,8.66377840441652,8.950637889470315,121.39383397309314,124.71477623858407,0.0
8.012,3.535729419252159,-0.43385357519600465,3.785147712888513,0.0,8.73569696882165,8.936084845191107,121.10180954596092,124.71477623858407,0.0
8.013,3.548551685015199,-0.43821898144129606,3.967289593380854,0.0,8.799601308665176,8.959613044538019,123.14331063190643,124.71477623858407,0.0
8.014,3.541357679442494,-0.47177602116958334,2.962253706474874,0.0,8.863115654766702,8.875723054840638,126.30502999079042,124.71477623858407,0.0
8.015,3.4889988828647387,-0.46373018008702993,1.3654914895108181,0.0,8.910668954371975,8.646667541293992,124.09272922717781,124.71477623858407,0.0
8.016,3.3396128229223843,-0.4295082994302452,2.477862341431182,0.0,8.926877424200631,8.599510203571295,126.76477504708075,124.71477623858407,0.0
8.017,3.2505156392039325,-0.4374828206545788,1.1213394433947483,0.0,8.937968729415399,8.406655048910132,126.25744198342858,124.71477623858407,0.0
8.018,3.123921036134193,-0.40609004580077523,1.3595793177723876,0.0,8.925132438196412,8.28700058989895,126.2115073921882,124.71477623858407,0.0
8.019,3.0100973952385237,-0.408148256692263,1.3675793018565372,0.0,8.902154661144808,8.1877802016403,127.42435884616451,124.71477623858407,0.0
8.02,2.926425812624273,-0.4053326416991341,0.7340577487925763,0.0,8.87122232321434,8.034482341503082,126.7677586781233,124.71477623858407,0.0
8.021,2.81598462244287,-0.4103989436003047,1.041828008417788,0.0,8.828638882422254,7.944922792769766,127.36719818391543,124.71477623858407,0.0
8.022,2.7399700638344058,-0.41700436222423326,0.7155840360684076,0.0,8.78203376386567,7.8283535048210044,127.42940678405432,124.71477623858407,0.0
8.023,2.654685703236906,-0.4334328498903579,0.6573334305442611,0.0,8.730173307826899,7.72425664100694,127.32157143970112,124.71477623858407,0.0
8.024000000000001,2.5807136828534607,-0.44291683695647865,0.685183150709693,0.0,8.673968164711214,7.636313471880048,127.71915894265699,124.71477623858407,0.0
8.025,2.5122483178483477,-0.46650572113674105,0.4563455721910279,0.0,8.617089156383575,7.532884944462297,127.36590617982748,124.71477623858407,0.0
8.026,2.4452285493668446,-0.47755684451471286,0.6064606541933502,0.0,8.556534930876694,7.459599924641912,127.89190736741041,124.71477623858407,0.0
8.027000000000001,2.3863644122642587,-0.5049352758147196,0.3116887491136193,0.0,8.497608742147692,7.359466781270556,127.29284204403949,124.71477623858407,0.0
8.028,2.3242082030604214,-0.5165564031399328,0.5854407527445264,0.0,8.435566397647221,7.302763314455025,128.06171336014728,124.71477623858407,0.0
8.029,2.2749066453652587,-0.5465922489737114,0.16753572347499857,0.0,8.377245672683712,7.201620495869477,127.13461026457752,124.71477623858407,0.0
8.03,2.2147938975225108,-0.5570399094513268,0.6068889309999452,0.0,8.315491622552194,7.163387176452321,128.08476469132563,124.71477623858407,0.0
8.031,2.175943847869059,-0.5868405380995247,0.09811183309847293,0.0,8.259263238038642,7.06611514910277,127.22184513515282,124.71477623858407,0.0
8.032,2.1185173362220873,-0.5992982888182149,0.5045009222191914,0.0,8.200002835534065,7.028666472603746,127.34111696214981,124.71477623858407,0.0
8.033,2.0820275214582344,-0.6238108034269354,0.41860160148503756,0.0,8.145495404729811,6.978963421839753,127.32337838824765,124.71477623858407,0.0
8.034,2.0464722802769484,-0.6466335993408594,0.40138486693948416,0.0,8.093733794334032,6.931291263861372,127.34642130921829,124.71477623858407,0.0
8.035,2.011351398683976,-0.6679110397510758,0.3635469557478226,0.0,8.044493419665974,6.882727902319034,127.35302533419335,124.71477623858407,0.0
8.036,1.975086343151726,-0.6871105759891619,0.3338624523041993,0.0,7.9972199208925785,6.834847870489859,127.31223752148995,124.71477623858407,0.0
8.037,1.938454708357601,-0.7038151191028281,0.3282817458268401,0.0,7.951531273193726,6.790378288560227,127.2992306042298,124.71477623858407,0.0
8.038,1.9028122296846293,-0.7193492352403331,0.3089406608004537,0.0,7.907506239415785,6.747269444071621,127.25673129083998,124.71477623858407,0.0
8.039,1.867902605533692,-0.733268271093947,0.30477076697280747,0.0,7.8649485773493,6.707287337053186,127.20603643148605,124.71477623858407,0.0
8.040000000000001,1.8345913508402067,-0.7458832881080626,0.30520559472074993,0.0,7.823896932300636,6.670452346295265,127.15588728729942,124.71477623858407,0.0
8.041,1.8030861599117536,-0.7575784942302108,0.3058690563269131,0.0,7.784427275184342,6.636396781062663,127.07963223859034,124.71477623858407,0.0
8.042,1.7733027488116897,-0.768398400692784,0.32034802068139356,0.0,7.746572264906076,6.606346981416346,127.14055351605731,124.71477623858407,0.0
8.043000000000001,1.747235055578722,-0.7761927721685072,0.2656296091731738,0.0,7.710246957488714,6.571922457942014,127.19092470891334,124.71477623858407,0.0
8.044,1.718997459694481,-0.7826457804264181,0.21568252804186416,0.0,7.674743615659265,6.535206319878951,126.97961509944648,124.71477623858407,0.0
8.045,1.6890249389492036,-0.786714935108037,0.29868894416667335,0.0,7.639502071138853,6.51125623934743,126.67651571006849,124.71477623858407,0.0
8.046,1.6650703490625403,-0.7917954697278169,0.43062124414082437,0.0,7.605907840278689,6.502194780933007,126.44500757043689,124.71477623858407,0.0
8.047,1.6499117663612357,-0.80075660409856,0.5290730006380964,0.0,7.575701806097687,6.501618313687249,125.9897581294837,124.71477623858407,0.0
8.048,1.6426596156801625,-0.80985390005297,0.743947902205691,0.0,7.549369819821482,6.52137676210333,125.8206840251145,124.71477623858407,0.0
8.049,1.6485576865420426,-0.820709227060464,0.8174258765249873,0.0,7.528749990025791,6.5417386859080136,126.02558267987277,124.71477623858407,0.0
8.05,1.6577060158921917,-0.8316859502694911,0.7018684847329666,0.0,7.513327221873052,6.543609005992449,127.12826972481174,124.71477623858407,0.0
8.051,1.6575616976476035,-0.8371846051643779,0.12639002740120242,0.0,7.500128847350379,6.481710319164998,126.24437246757086,124.71477623858407,0.0
8.052,1.620087310966979,-0.8284157720660312,0.5530426937317792,0.0,7.481040883407459,6.481488980790127,125.02345357186866,124.71477623858407,0.0
8.053,1.6059417225047412,-0.8216155128390619,1.160415368250032,0.0,7.463179241837363,6.543106718256195,124.77161307679465,124.71477623858407,0.0
8.054,1.6317589269132626,-0.8278170417427604,1.2857672474049293,0.0,7.45401570894256,6.601510149410942,126.18093017244858,124.71477623858407,0.0
8.055,1.6663257110592067,-0.8399143591050469,0.566447160239318,0.0,7.452877562073525,6.5692339815689955,126.43149092109027,124.71477623858407,0.0
8.056000000000001,1.6535139262668601,-0.8380334605708347,0.4239996390934113,0.0,7.448297741094816,6.533350553538572,124.64519359910392,124.71477623858407,0.0
8.057,1.6295012824930373,-0.8193620526350778,1.3178441264813894,0.0,7.438552513523339,6.602858128004648,123.76512025419827,124.71477623858407,0.0
8.058,1.6566015224930637,-0.8172196144197243,1.7673773587780741,0.0,7.436683612031289,6.701729480107984,125.42130595895134,124.71477623858407,0.0
8.059000000000001,1.7121544057920208,-0.8312977377834435,0.932219209197866,0.0,7.446458753850942,6.68832426331211,126.2939464431514,124.71477623858407,0.0
8.06,1.716443841525473,-0.829009885088093,0.48010726505216184,0.0,7.453523414778914,6.63594004091987,123.94357195435745,124.71477623858407,0.0
8.061,1.6902298351380707,-0.8015467334383234,1.663006552291401,0.0,7.451645119220343,6.727067182957372,122.88075610239474,124.71477623858407,0.0
8.062,1.7291741038989703,-0.7948887883081244,2.21275467963465,0.0,7.4586096249735565,6.852991072743062,125.15111813149696,124.71477623858407,0.0
8.063,1.8013049288256866,-0.8118947380686798,1.0732102461544126,0.0,7.47940730305498,6.828626707114915,125.44348576791776,124.71477623858407,0.0
8.064,1.8057615596432415,-0.8046079099133562,0.9197393326506724,0.0,7.494717166170754,6.80352326856645,122.7353317657917,124.71477623858407,0.0
8.065,1.7961103363241249,-0.7742517519593164,2.2936107784416286,0.0,7.5027193900267175,6.936227929229733,123.31467585066105,124.71477623858407,0.0
8.066,1.8624254458955831,-0.7713258438638246,2.0179397398861845,0.0,7.523173569252446,7.005008643227224,125.59470218803851,124.71477623858407,0.0
8.067,1.9135838741161748,-0.7757945055148092,0.8691273117029084,0.0,7.548981213817916,6.940379771024382,122.78749158031818,124.71477623858407,0.0
8.068,1.8952290021883131,-0.7473180551705522,2.292005462145735,0.0,7.562568110552173,7.055329891523183,121.86022618135699,124.71477623858407,0.0
8.069,1.9541654643307156,-0.7328596297991592,2.784183662198597,0.0,7.584985667375476,7.193387950591975,124.39559034975753,124.71477623858407,0.0
8.07,2.0374144949258617,-0.7494291764558313,1.5196934368865955,0.0,7.620934508809277,7.167298223907326,122.59636989715916,124.71477623858407,0.0
8.071,2.049668677564471,-0.7311166437418831,2.4404877266000256,0.0,7.648499419366129,7.260829158371825,121.81607024723566,124.71477623858407,0.0
8.072000000000001,2.1087081647607824,-0.7107276331177914,2.859624611475263,0.0,7.680601266472238,7.378288803119494,124.20558789739874,124.71477623858407,0.0
8.073,2.1806074368075796,-0.7195854871809443,1.6699576698055734,0.0,7.722417147395689,7.344839410617402,121.46188643486458,124.71477623858407,0.0
8.074,2.189445449623478,-0.689387754258998,3.074337299109849,0.0,7.75329617181454,7.485041785408752,122.8549247433968,124.71477623858407,0.0
8.075,2.2690542904312645,-0.6786571032087928,2.396416659795616,0.0,7.794229136984338,7.517028166184546,122.89622741116024,124.71477623858407,0.0
8.076,2.3053445011715237,-0.6716056548172987,2.393950814188131,0.0,7.833599090902175,7.553221334002708,120.36007638608524,124.71477623858407,0.0
8.077,2.3483077777813817,-0.6356816461879028,3.7055733252506196,0.0,7.868770239744724,7.729672256784105,123.52801810874632,124.71477623858407,0.0
8.078,2.4480089031593137,-0.6491918053353947,2.1334700452184547,0.0,7.919914723573679,7.695410125231982,120.11390852280213,124.71477623858407,0.0
8.079,2.470165366198758,-0.6154338581219252,3.886533515348369,0.0,7.9586700700795685,7.876806470052018,123.14463163610685,124.71477623858407,0.0
8.08,2.5734849649666387,-0.6171067535689524,2.3868734047207827,0.0,8.012211114388174,7.8503018769362285,119.6262022683472,124.71477623858407,0.0
8.081,2.598069225755248,-0.5864983819348151,4.196973828302977,0.0,8.054363945120123,8.044238422564131,122.8069731939462,124.71477623858407,0.0
8.082,2.7102338443410403,-0.5902283777357892,2.6256663959498523,0.0,8.112411530596113,8.019959509471224,119.16665482068343,124.71477623858407,0.0
8.083,2.7417769937575946,-0.5566748946125276,4.501306796760245,0.0,8.158498283113643,8.223598664397917,122.45778772871601,124.71477623858407,0.0
8.084,2.8587870756530185,-0.566397753326999,2.8783102278426353,0.0,8.221745325161917,8.201640874980319,119.17635789553596,124.71477623858407,0.0
8.085,2.898733882823894,-0.5262972877984398,4.574409327863144,0.0,8.271963604268317,8.387780387430904,121.59640880702942,124.71477623858407,0.0
8.086,3.006276883995211,-0.536868652804972,3.39556754643196,0.0,8.337337861515138,8.402263927532292,119.8869436065024,124.71477623858407,0.0
8.087,3.067370837017024,-0.4962507393796207,4.298578473016287,0.0,8.393049362920559,8.527311254266127,119.73510487843842,124.71477623858407,0.0
8.088000000000001,3.1492101060032778,-0.4981166729329223,4.424294550649733,0.0,8.456305878683946,8.64183227768269,121.4135680384441,124.71477623858407,0.0
8.089,3.2509276630367983,-0.48109121179953984,3.618075052648294,0.0,8.522797385152439,8.650915006193616,118.41148940756229,124.71477623858407,0.0
8.09,3.301167385445151,-0.44326699900006394,5.182147236399418,0.0,8.579557605028565,8.84133955379835,119.73278025742255,124.71477623858407,0.0
8.091,3.417824957376976,-0.45544059933911685,4.571321771280902,0.0,8.651401595842849,8.923236209941262,120.927704763407,124.71477623858407,0.0
8.092,3.5167621062104617,-0.43348942865875784,4.011730233040449,0.0,8.721714488411761,8.93896427434368,121.17523751578173,124.71477623858407,0.0
8.093,3.5477644405018847,-0.43440099261367227,3.923359244081104,0.0,8.786888681905866,8.953605042875902,122.22212471430707,124.71477623858407,0.0
8.094,3.541136375087398,-0.46677161298501724,3.424842160061204,0.0,8.850561185505086,8.920385095090223,126.34684308853095,124.71477623858407,0.0
8.095,3.5120583393338203,-0.47388004351643054,1.3461623044497975,0.0,8.90500266512056,8.67631708244473,124.21258402861119,124.71477623858407,0.0
8.096,3.3665883137834474,-0.43272121877020964,2.418313756509405,0.0,8.924994640482536,8.61653439976101,125.96394214998995,124.71477623858407,0.0
8.097,3.2688986744957464,-0.4394969014804223,1.530143036705967,0.0,8.938166063385523,8.465600049249028,126.91870638856136,124.71477623858407,0.0
8.098,3.1611926102081647,-0.4144497134367031,1.0307216159204868,0.0,8.93210396143511,8.295892397668933,125.92987861057043,124.71477623858407,0.0
8.099,3.028051590818152,-0.40541031467831223,1.5129844811960904,0.0,8.90893344253874,8.214160881929997,127.5792388213028,124.71477623858407,0.0
8.1,2.945450034381084,-0.4040375422929625,0.6596597500027195,0.0,8.879846212983306,8.04735187780547,126.65801577338743,124.71477623858407,0.0
8.101,2.8281925001838726,-0.4064939875868102,1.1008388786123664,0.0,8.837270742677143,7.963450315794175,127.35391018259772,124.71477623858407,0.0
8.102,2.752847001330276,-0.41320680974588153,0.7265003345670884,0.0,8.791276509185025,7.845207761354234,127.35730124013546,124.71477623858407,0.0
8.103,2.6667644445571277,-0.4296154057147715,0.6983795557827044,0.0,8.739795260933112,7.743555765039758,127.31990082287588,124.71477623858407,0.0
8.104000000000001,2.593897804084556,-0.4394646552990183,0.6910285185695741,0.0,8.684216269369522,7.653547942110192,127.70363192964638,124.71477623858407,0.0
8.105,2.524695868162473,-0.4628394267237581,0.46927440827370237,0.0,8.62766712703021,7.549547107103509,127.35344452718091,124.71477623858407,0.0
8.106,2.4570593941554293,-0.47391660530023255,0.6179814266204664,0.0,8.56735755735333,7.475614747266222,127.86728878726315,124.71477623858407,0.0
8.107,2.397731652943094,-0.5011706578144326,0.3295341710925572,0.0,8.508572882651201,7.375678084946722,127.30086163246409,124.71477623858407,0.0
8.108,2.3355629607766493,-0.5129158193565737,0.5868868945532859,0.0,8.446692436431833,7.3172951722511055,128.08663225947518,124.71477623858407,0.0
8.109,2.285388656791965,-0.5428576885373622,0.16028302083882995,0.0,8.388337897559307,7.213960039376568,127.13498540708233,124.71477623858407,0.0
8.11,2.223986350103561,-0.552849199043102,0.611904355350275,0.0,8.326284946750397,7.175319862131513,128.04663993103168,124.71477623858407,0.0
8.111,2.1845603664700772,-0.5826843330056717,0.12275845645112282,0.0,8.269755222928703,7.079738980438849,127.23028613350368,124.71477623858407,0.0
8.112,2.127950366298569,-0.595694813226639,0.5057802562659242,0.0,8.210453184804589,7.040919911684434,127.36127648837815,124.71477623858407,0.0
8.113,2.090959713134412,-0.6205855676493358,0.41382007633074824,0.0,8.155807321801735,6.98960958004837,127.31378658975231,124.71477623858407,0.0
8.114,2.05472308900678,-0.6429610547245251,0.4115749221319862,0.0,8.103707407969605,6.94225445223552,127.37441959179846,124.71477623858407,0.0
8.115,2.019391100489923,-0.6648141184048872,0.3546619875767696,0.0,8.054262054873487,6.891711027057227,127.34713685061719,124.71477623858407,0.0
8.116,1.9822958155798085,-0.683694915332531,0.341979752047072,0.0,8.00656525159439,6.844178653979383,127.32810789213129,124.71477623858407,0.0
8.117,1.9455740449902075,-0.7007707515317229,0.325360914754552,0.0,7.960574425348056,6.79859703005029,127.3118626815951,124.71477623858407,0.0
8.118,1.9093953856376527,-0.7164790493083606,0.3075126555925334,0.0,7.916181673726879,6.754789800577457,127.26061390038345,124.71477623858407,0.0
8.119,1.8740817885124628,-0.7304651839462668,0.3076786695803668,0.0,7.873228866152942,6.714643472110322,127.22072362509188,124.71477623858407,0.0
8.120000000000001,1.840590878908301,-0.7433973056601626,0.30256433336107325,0.0,7.831839378531837,6.676983122693709,127.17059429977176,124.71477623858407,0.0
8.121,1.808654259131719,-0.755304354307729,0.3030708154092534,0.0,7.792003258865272,6.6422348349235225,127.0874523414602,124.71477623858407,0.0
8.122,1.7784679780332269,-0.7662352987982874,0.3209150335362707,0.0,7.7537592557958295,6.611936687860258,127.06939543730296,124.71477623858407,0.0
8.123,1.7517413379717972,-0.7750721745813244,0.30639729362770574,0.0,7.717172585218237,6.581706629220933,127.19178719677436,124.71477623858407,0.0
8.124,1.72586668383699,-0.7822610634717075,0.22043130431010383,0.0,7.681923984854581,6.544108773516146,127.05308674911329,124.71477623858407,0.0
8.125,1.6960963664255273,-0.7866996434861456,0.26639842303534467,0.0,7.646856813869497,6.515677874672339,126.74637765545438,124.71477623858407,0.0
8.126,1.6697137373916628,-0.7913007329721791,0.3994369556960964,0.0,7.61291500414186,6.503362302039445,126.47769009642884,124.71477623858407,0.0
8.127,1.6528913217822871,-0.7981265634499165,0.5161515966304171,0.0,7.581840648581385,6.501978970299936,126.21290482617611,124.71477623858407,0.0
8.128,1.6434152190284357,-0.8089635387259139,0.6335629458808616,0.0,7.554859204378592,6.510248785333364,125.80804908048702,124.71477623858407,0.0
8.129,1.6433963785409118,-0.8172177373137679,0.8250580903063773,0.0,7.532202478191325,6.534791138263565,125.493706860774,124.71477623858407,0.0
8.13,1.6524566618592824,-0.8295573098588066,0.9744398939409913,0.0,7.5155404709098805,6.568133810667676,126.44294443733304,124.71477623858407,0.0
8.131,1.6696777192130152,-0.8406090447315451,0.4825394236739804,0.0,7.504971226707543,6.539069431861785,127.1967558799027,124.71477623858407,0.0
8.132,1.6529720553991574,-0.8429584418817283,0.08081390597596583,0.0,7.492700385382638,6.4745935978652,125.68042702594313,124.71477623858407,0.0
8.133000000000001,1.611800266364336,-0.8256627038506716,0.829321825082157,0.0,7.473283019635655,6.506053229570136,124.64943050712714,124.71477623858407,0.0
8.134,1.6123965040753911,-0.8226340419873676,1.3454735418047246,0.0,7.458793158209203,6.581239467139738,125.28565660944969,124.71477623858407,0.0
8.135,1.6496382064975006,-0.8324777206486099,1.021651686934792,0.0,7.454383997953729,6.6025855487174905,126.70741128482746,124.71477623858407,0.0
8.136000000000001,1.6669947119145645,-0.8396482584634748,0.2908479987834731,0.0,7.453240684254604,6.542669120392324,125.5127364635214,124.71477623858407,0.0
8.137,1.6368610906654557,-0.8253889204509328,0.8802058071871257,0.0,7.444579826533342,6.564255662727247,123.76785952985992,124.71477623858407,0.0
8.138,1.6368683693271742,-0.8150800928840026,1.762113441105111,0.0,7.437952331165467,6.673631589838214,124.47752375430046,124.71477623858407,0.0
8.139,1.6925901192420851,-0.8233144771188333,1.4096538537276748,0.0,7.443934048586972,6.717688224046572,126.2755519150659,124.71477623858407,0.0
8.14,1.7281674087799557,-0.8295807228284782,0.4950320165801363,0.0,7.4543302008728745,6.657497276013778,125.03379660116649,124.71477623858407,0.0
8.141,1.7028904452500908,-0.8123481559177386,1.112719469904021,0.0,7.455709398309633,6.684593115133618,122.72227545149404,124.71477623858407,0.0
8.142,1.7083574371987806,-0.7963596858557116,2.288405052611143,0.0,7.458073853876982,6.831411690900039,124.13336127092835,124.71477623858407,0.0
8.143,1.7855015144583894,-0.8059471819618267,1.5886762925705478,0.0,7.476098230736531,6.866626656635947,126.20120660584108,124.71477623858407,0.0
8.144,1.822676324225673,-0.8085896900691056,0.5398893214416114,0.0,7.496036467414456,6.788435495958636,123.67651846085857,124.71477623858407,0.0
8.145,1.79147139081653,-0.7788192963248575,1.812615971710119,0.0,7.502860595963918,6.874349367030352,121.84561298288541,124.71477623858407,0.0
8.146,1.8289184767765718,-0.762663294162288,2.7567603432536862,0.0,7.516114242465164,7.039051649427256,124.68100039424746,124.71477623858407,0.0
8.147,1.9206116972734633,-0.7822512274356717,1.3394043960160276,0.0,7.546828985237673,7.013546686927958,124.66104237772713,124.71477623858407,0.0
8.148,1.931500562578351,-0.7729410041732272,1.3499207428847644,0.0,7.5707017535914,7.008713209605207,121.46536227040517,124.71477623858407,0.0
8.149000000000001,1.9368701543947437,-0.7401957039142937,2.9802549362275346,0.0,7.588195016581621,7.18550018820237,123.80932439438125,124.71477623858407,0.0
8.15,2.02931553890745,-0.7457285700031715,1.8173283926815207,0.0,7.622553719404902,7.192017237137113,124.52051924606043,124.71477623858407,0.0
8.151,2.055744467526227,-0.7400860839508462,1.4636735367671663,0.0,7.653452254712684,7.172062954442655,121.22322347305307,124.71477623858407,0.0
8.152000000000001,2.0607281285835604,-0.7018428838463788,3.1472369509261577,0.0,7.675115181069275,7.345638564234934,123.42077452949809,124.71477623858407,0.0
8.153,2.151851415452329,-0.7046479932357952,2.0614014397945066,0.0,7.712660369803315,7.35777164037258,123.08846446470662,124.71477623858407,0.0
8.154,2.1826292298991925,-0.6974201102704641,2.243819589929017,0.0,7.746841229057635,7.400895952675514,120.5697389534651,124.71477623858407,0.0
8.155,2.225745879400948,-0.6654951546049561,3.5446327184009627,0.0,7.778476967323261,7.57995612900343,123.90107004323245,124.71477623858407,0.0
8.156,2.32686147679155,-0.6802049918180354,1.887104235470806,0.0,7.826792481045214,7.538246047900131,120.77189357693284,124.71477623858407,0.0
8.157,2.3418080078324057,-0.6506536049515357,3.4911212952371242,0.0,7.8627076843571935,7.697922725242366,122.86746098740063,124.71477623858407,0.0
8.158,2.433964687875831,-0.6440121932434054,2.4618107425150613,0.0,7.9105639936529695,7.705971154290115,121.00906309767315,124.71477623858407,0.0
8.159,2.4656049123600203,-0.628324904911405,3.428066818787913,0.0,7.952780327324504,7.832022787387076,122.09576954444269,124.71477623858407,0.0
8.16,2.5522762743754193,-0.609886010751545,2.9109036623445563,0.0,8.001508785464317,7.873922934993145,121.03901944420149,124.71477623858407,0.0
8.161,2.5975812008115513,-0.6015486773104836,3.4760362804089837,0.0,8.048821694813839,7.97972530491629,121.61942399699561,124.71477623858407,0.0
8.162,2.681244456509901,-0.5777246143827505,3.216787526427808,0.0,8.099446276633081,8.036760130801039,120.45864407485674,124.71477623858407,0.0
8.163,2.734103877154853,-0.5707548232235493,3.8397388091345173,0.0,8.15018344646064,8.159293157202828,121.81842167320843,124.71477623858407,0.0
8.164,2.8288712024114226,-0.5520473065822288,3.188813555612424,0.0,8.206112073026667,8.186919495660922,119.06309174559689,124.71477623858407,0.0
8.165000000000001,2.874950910678973,-0.5340022880767967,4.622995364348066,0.0,8.257412593912719,8.377524219769086,122.05625748775604,124.71477623858407,0.0
8.166,2.996531063380915,-0.5368704955388761,3.152997680776772,0.0,8.323139488126863,8.365243940560303,118.89638795722202,124.71477623858407,0.0
8.167,3.042218015493201,-0.498877312998794,4.791116328857404,0.0,8.376857732844686,8.551847643613064,120.97363228196687,124.71477623858407,0.0
8.168000000000001,3.152880504048937,-0.5100786431562172,3.78990560605115,0.0,8.445476601538719,8.586932430622825,120.5511288027751,124.71477623858407,0.0
8.169,3.2270338894742725,-0.472424494871047,4.0427938200051265,0.0,8.50648809245138,8.656150189052786,118.12011078516073,124.71477623858407,0.0
8.17,3.288521822595981,-0.45823650215824174,5.3242494833465415,0.0,8.56713607240022,8.8569564227699,120.88138708441022,124.71477623858407,0.0
8.171,3.4218622697407026,-0.46628162253284366,3.9819452252635363,0.0,8.642826720894218,8.869226236232937,120.01984454203881,124.71477623858407,0.0
8.172,3.491581377870936,-0.42513045997697274,4.459665813414693,0.0,8.707568206800229,8.947474743053652,119.69423571062276,124.71477623858407,0.0
8.173,3.54111610310275,-0.44009677326910723,4.672675634402331,0.0,8.7757182008854,9.038274793515823,124.42049033748764,124.71477623858407,0.0
8.174,3.5858751388865717,-0.4820838367745186,2.3124911799808587,0.0,8.85060211446095,8.86063130346016,124.23983071127363,124.71477623858407,0.0
8.175,3.502115624920622,-0.45509788803385787,2.4075704483609677,0.0,8.896844962676848,8.751962254727735,123.94869513043186,124.71477623858407,0.0
8.176,3.3971229569284636,-0.450167964279373,2.560799049863374,0.0,8.927324189072328,8.685400347511077,127.72193537025397,124.71477623858407,0.0
8.177,3.318905350115279,-0.4485215986999138,0.6441073386356173,0.0,8.947967501130403,8.423728189475094,125.38753091703376,124.71477623858407,0.0
8.178,3.1544879022920638,-0.40517388958702694,1.8045820184612285,0.0,8.935627481832444,8.35441045353403,127.04648455004799,124.71477623858407,0.0
8.179,3.053057078798875,-0.4129034537305145,0.9517881188394717,0.0,8.918873420017091,8.194891629606644,126.82250591529709,124.71477623858407,0.0
8.18,2.9436955211268017,-0.39508816353295706,1.042700139447795,0.0,8.885805904427365,8.07919300626259,126.83252779579719,124.71477623858407,0.0
8.181000000000001,2.8425536167466996,-0.4054950223914029,1.0165116836256112,0.0,8.845798185438612,7.9779996372525375,127.37938968972483,124.71477623858407,0.0
8.182,2.764640272165238,-0.4095233141487442,0.7164346021503829,0.0,8.800010944952454,7.857737287700726,127.21943842067317,124.71477623858407,0.0
8.183,2.676376028156744,-0.42505894691737844,0.7713636148553218,0.0,8.748444830246706,7.762895344662891,127.34437938769963,124.71477623858407,0.0
8.184000000000001,2.606387314403212,-0.4360807247895431,0.6825970998509356,0.0,8.693608171945996,7.668883493753535,127.67134649775143,124.71477623858407,0.0
8.185,2.53609572398788,-0.4590526902388574,0.48954784223336345,0.0,8.637270692805131,7.565473596725305,127.33836698412003,124.71477623858407,0.0
8.186,2.468217675124203,-0.4705566545679458,0.6298016915937041,0.0,8.577261688297233,7.490893026962478,127.82359051224154,124.71477623858407,0.0
8.187,2.4086259172524462,-0.49767219195064205,0.356101784796375,0.0,8.518663196732648,7.392136398361092,127.31818653129491,124.71477623858407,0.0
8.188,2.3469791486210045,-0.5097762070662062,0.5827696723425788,0.0,8.457109177753267,7.3312512771321785,128.09985775259707,124.71477623858407,0.0
8.189,2.295665676698226,-0.5394875647679092,0.15808324655136774,0.0,8.398769257744968,7.2263450946409185,127.13490443071352,124.71477623858407,0.0
8.19,2.2331824818869883,-0.5490805046567089,0.6163586255718512,0.0,8.33653082129912,7.187112711058126,128.12201658647518,124.71477623858407,0.0
8.191,2.1928024962202697,-0.5794952661875576,0.08873014421210779,0.0,8.279842684509088,7.086774801924481,127.12974523434308,124.71477623858407,0.0
8.192,2.1341404262968466,-0.5907525561622904,0.560716130320571,0.0,8.219723724766604,7.054045641145632,127.40842297527941,124.71477623858407,0.0
8.193,2.0994941815250487,-0.6171019543546605,0.3944407924854523,0.0,8.165129605821894,6.9987918196731345,127.32532732343752,124.71477623858407,0.0
8.194,2.0618595074335557,-0.6398141391340401,0.4098831075578615,0.0,8.112704362968216,6.9507587281920795,127.32872708850131,124.71477623858407,0.0
8.195,2.026402581008571,-0.6607687263645692,0.3820437165267938,0.0,8.062796217999365,6.902593580575455,127.4185089348457,124.71477623858407,0.0
8.196,1.9898685107512915,-0.681425533327075,0.3101154663919803,0.0,8.015125075659304,6.850284598083139,127.28677728651746,124.71477623858407,0.0
8.197000000000001,1.9514849141731494,-0.6973012640498395,0.35026128007676705,0.0,7.968529911613902,6.807431576533747,127.32191839424908,124.71477623858407,0.0
8.198,1.916084501910163,-0.7137341831720513,0.30661930465430753,0.0,7.923957825614313,6.762512474684583,127.28181857557256,124.71477623858407,0.0
8.199,1.8803875752302082,-0.7282221771694202,0.30099879062268453,0.0,7.8807803881782545,6.721018895443286,127.20893824754339,124.71477623858407,0.0
8.2,1.8462873412760468,-0.7409694279912362,0.3124973345476769,0.0,7.839028654212099,6.684072031822737,127.18483598329212,124.71477623858407,0.0
8.201,1.8145636648374428,-0.7532104873766328,0.29984786922623097,0.0,7.79897645130468,6.648286856611726,127.11822575082262,124.71477623858407,0.0
8.202,1.7838106883498133,-0.7645201688678562,0.3091184903385955,0.0,7.760472605537083,6.6162868322558985,127.05644745900213,124.71477623858407,0.0
8.203,1.756051240648711,-0.7733461145724048,0.31659092404465894,0.0,7.723476899123248,6.587111696737681,127.1879490749086,124.71477623858407,0.0
8.204,1.7304759022473963,-0.7808771703647279,0.22610838772817732,0.0,7.68800340647909,6.549662393545166,127.09149238211143,124.71477623858407,0.0
8.205,1.7009291912098918,-0.7856364322487799,0.2505695726914918,0.0,7.652780541029415,6.519000611946726,126.83368885174494,124.71477623858407,0.0
8.206,1.6732298751908692,-0.7905140173531034,0.3582822117431268,0.0,7.618502725707496,6.502237958060927,126.47702640895245,124.71477623858407,0.0
8.207,1.653963543308188,-0.7962482813959366,0.5189909314356846,0.0,7.586558419722863,6.502166924154086,126.19843071419383,124.71477623858407,0.0
8.208,1.6445103994577033,-0.8071359578886891,0.6434522340588977,0.0,7.5589417427197825,6.511839401635819,125.8455334941883,124.71477623858407,0.0
8.209,1.64521155880943,-0.8161576675643821,0.8085932715056208,0.0,7.53593749246458,6.534532205794786,125.69934466887693,124.71477623858407,0.0
8.21,1.6533583730519472,-0.8290548146358666,0.8718419998583768,0.0,7.518831416731905,6.557072116283511,126.0756739002252,124.71477623858407,0.0
8.211,1.6651010886493558,-0.8377409748829088,0.6700684075678329,0.0,7.506516445777824,6.551609615141317,127.22460674733408,124.71477623858407,0.0
8.212,1.659683862618594,-0.8430795612516664,0.07050367892589238,0.0,7.4953871047030285,6.482240804809583,126.0135029337778,124.71477623858407,0.0
8.213000000000001,1.617951715528146,-0.8288683271203765,0.663068318752094,0.0,7.476817195084408,6.494410062990491,124.81111131154084,124.71477623858407,0.0
8.214,1.608530710584142,-0.8223953765346851,1.2633007791410058,0.0,7.460751290022629,6.564224317708899,124.93450063642057,124.71477623858407,0.0
8.215,1.6402875010206377,-0.8292750908719806,1.1994088727227787,0.0,7.454094899021826,6.608832665141938,126.44101174832548,124.71477623858407,0.0
8.216,1.6689103120652482,-0.8391289494604617,0.42889096167290797,0.0,7.453580109165768,6.561365546269747,126.00626248807637,124.71477623858407,0.0
8.217,1.6472002589558898,-0.8313836978749076,0.6333507293025378,0.0,7.447419570147797,6.551463747801403,124.25957181290308,124.71477623858407,0.0
8.218,1.6339243737278377,-0.8158897272476776,1.5112481111459966,0.0,7.439258020931655,6.637703436448575,123.92911623113238,124.71477623858407,0.0
8.219,1.673902194817569,-0.8168681273646639,1.6843325021058595,0.0,7.440799159220982,6.72023299132441,125.72070158784518,124.71477623858407,0.0
8.22,1.7242487155301343,-0.829522267991616,0.778480570256848,0.0,7.451821310636755,6.688150809061126,125.73066288630534,124.71477623858407,0.0
8.221,1.7173823029026534,-0.8220433895570122,0.7633410545495576,0.0,7.457583810650548,6.669031003352581,123.48156113206674,124.71477623858407,0.0
8.222,1.705403354811463,-0.798396587888113,1.9002240827340282,0.0,7.4583317206928745,6.778856976637389,123.44723281222836,124.71477623858407,0.0
8.223,1.7588283928484354,-0.7960617925215301,1.9300636769167754,0.0,7.469967077585815,6.863692125011232,125.51721666291088,124.71477623858407,0.0
8.224,1.814111092491197,-0.8057995310194119,0.887047347332248,0.0,7.490016912815273,6.820630255460523,124.44315429663179,124.71477623858407,0.0
8.225,1.8045454084016694,-0.7902972509270296,1.4267947498913176,0.0,7.501952949371578,6.855286986211449,121.701052656288,124.71477623858407,0.0
8.226,1.8212993893847331,-0.7698457804452499,2.8279828058861733,0.0,7.514066416395271,7.034466264927721,124.27256744446244,124.71477623858407,0.0
8.227,1.9174398212671289,-0.7836314794494176,1.5466474997401696,0.0,7.544607406183499,7.031572290541497,125.44580458802021,124.71477623858407,0.0
8.228,1.9399443396468483,-0.7790802892557778,0.9527186444669229,0.0,7.571166411642938,6.977988898851175,122.19752727529799,124.71477623858407,0.0
8.229000000000001,1.9229297651641644,-0.7393846319301541,2.6020297904608953,0.0,7.5853901669835215,7.121879909864791,123.00721160434651,124.71477623858407,0.0
8.23,1.9939443780485637,-0.7319130044053086,2.21426327227901,0.0,7.61215572543693,7.185675013689045,124.93135643916499,124.71477623858407,0.0
8.231,2.0436028920042237,-0.734443565115199,1.2500250528639616,0.0,7.642977316380762,7.1388263336161,121.40959397583985,124.71477623858407,0.0
8.232,2.039519688652987,-0.7000860610441973,3.0439581071539696,0.0,7.662227249168007,7.307665436319079,122.79264918795396,124.71477623858407,0.0
8.233,2.1292712588947027,-0.6976177669004594,2.37165177160322,0.0,7.69650816163172,7.359739089816897,123.81606234905834,124.71477623858407,0.0
8.234,2.178694222994029,-0.7002090828930101,1.868932329946284,0.0,7.732878075899464,7.3569183836360414,120.54290059169357,124.71477623858407,0.0
8.235,2.201988526904718,-0.6664875537803856,3.547231965097577,0.0,7.7615936467600335,7.545588749994077,123.31587753880267,124.71477623858407,0.0
8.236,2.3060992939870926,-0.6753024229114872,2.174732478540841,0.0,7.807611548065897,7.539286455589654,121.22171419745882,124.71477623858407,0.0
8.237,2.335554491527421,-0.6594074483786335,3.256744769624015,0.0,7.846560833910807,7.668763563582366,122.19028765660224,124.71477623858407,0.0
8.238,2.420814549980432,-0.6443834813506641,2.797702925872126,0.0,7.893069215342749,7.71878910918233,122.12952781131884,124.71477623858407,0.0
8.239,2.467939956576842,-0.6400771157521946,2.8539353327864783,0.0,7.939605852645943,7.774907727422517,120.56836981391537,124.71477623858407,0.0
8.24,2.526340865134051,-0.6060416468931732,3.6759783957349,0.0,7.983399850124329,7.913977714548856,122.39867404293365,124.71477623858407,0.0
8.241,2.610529037249245,-0.6146540109358946,2.783987303182264,0.0,8.038009161300797,7.928503962053025,119.69246137583998,124.71477623858407,0.0
8.242,2.658633691257286,-0.5792765826224856,4.187316785356538,0.0,8.084632525355135,8.10587503966939,122.52216913740482,124.71477623858407,0.0
8.243,2.761902498444311,-0.5909734437685941,2.7943889755859135,0.0,8.14597108977488,8.09203746978255,119.588019471425,124.71477623858407,0.0
8.244,2.8023262378729745,-0.550103662777437,4.312731376247412,0.0,8.195179396243477,8.263250532231556,121.84822156710324,124.71477623858407,0.0
8.245000000000001,2.901144717963848,-0.5577465016642824,3.2112958751231018,0.0,8.257837588397582,8.27545599453652,119.74185515960798,124.71477623858407,0.0
8.246,2.9563495268269895,-0.5176834750443995,4.314208289660492,0.0,8.310967146249718,8.41995710626272,120.62307903973108,124.71477623858407,0.0
8.247,3.045896142509192,-0.5229853530107698,3.914513321587471,0.0,8.374217696331758,8.491027412331697,121.2201895688782,124.71477623858407,0.0
8.248,3.129515249143378,-0.493909153219936,3.6509039237109713,0.0,8.434998821255837,8.528013023143355,117.97224721287617,124.71477623858407,0.0
8.249,3.1797721536328325,-0.4714227855441081,5.342300391969065,0.0,8.491217656322243,8.751375822425913,121.16592967130985,124.71477623858407,0.0
8.25,3.3180751730367826,-0.485656892049433,3.7809476284249643,0.0,8.565941503202607,8.754650693524884,119.98419270039993,124.71477623858407,0.0
8.251,3.3847842950603733,-0.44398488812316844,4.419121949261768,0.0,8.628794191007888,8.844928191900925,117.84632363437521,124.71477623858407,0.0
8.252,3.455785121027273,-0.4323253306002038,5.556741008316216,0.0,8.69352352858198,9.044076562871389,122.40447259434804,124.71477623858407,0.0
8.253,3.5808665156937916,-0.4605447394104622,3.300769564772164,0.0,8.774915500040068,8.957201035968184,122.99282400976192,124.71477623858407,0.0
8.254,3.567143963085207,-0.4542956756546335,3.0238133793534443,0.0,8.83851113056079,8.882007087674094,122.46046291205148,124.71477623858407,0.0
8.255,3.502015957329505,-0.45929121840601117,3.3125370614739875,0.0,8.888839803540233,8.862248119255975,126.82830679796271,124.71477623858407,0.0
8.256,3.4552245209589536,-0.47236028634075955,1.1074798129245873,0.0,8.933547354425228,8.608550158759178,125.17250410853218,124.71477623858407,0.0
8.257,3.3049078539739813,-0.4253711923583827,1.9308038789403712,0.0,8.943114863154637,8.513375888152428,125.83172750481707,124.71477623858407,0.0
8.258000000000001,3.1891881345989956,-0.42505782251330715,1.5900226681355978,0.0,8.942643614207297,8.394182624092013,127.56116545212309,124.71477623858407,0.0
8.259,3.092202467706121,-0.4098071663978013,0.6968398023471951,0.0,8.928625725274395,8.201530484578692,126.14985512189355,124.71477623858407,0.0
8.26,2.954333693608523,-0.39818116560153294,1.3881441786288704,0.0,8.895618057757014,8.12591278865409,127.25827146885692,124.71477623858407,0.0
8.261000000000001,2.8737046164469957,-0.40128559800236785,0.8085010528444583,0.0,8.858807134970968,7.991372818717899,127.06889332451132,124.71477623858407,0.0
8.262,2.7753690403800366,-0.4130707907079333,0.8796489541579842,0.0,8.81348863434351,7.890239076494804,127.42733604751747,124.71477623858407,0.0
8.263,2.698650533903923,-0.4192657006107568,0.6733019945655756,0.0,8.763152197718744,7.778732893814678,127.52144806754744,124.71477623858407,0.0
8.264,2.6163669963489884,-0.4370062010546877,0.5981792662609577,0.0,8.708588292438245,7.675427659288783,127.33605016176472,124.71477623858407,0.0
8.265,2.5441328712443254,-0.44764894005409417,0.6646654799205121,0.0,8.650143550518704,7.59218418685899,127.7305911127407,124.71477623858407,0.0
8.266,2.4790719342811243,-0.4726734795034551,0.43723685569095583,0.0,8.59186520749757,7.492172938493283,127.37679427679933,124.71477623858407,0.0
8.267,2.4151620933226092,-0.48489431004561867,0.5875150932794866,0.0,8.530507619907125,7.421519346174871,127.91314106780716,124.71477623858407,0.0
8.268,2.3587279563688917,-0.5131286824585006,0.28735804948334076,0.0,8.471204004503877,7.322843953791113,127.28033840250843,124.71477623858407,0.0
8.269,2.298070676882548,-0.5251252923178997,0.5781037604934602,0.0,8.409000494762983,7.26919729712845,128.00378143410353,124.71477623858407,0.0
8.27,2.2508189077576746,-0.5554596356100288,0.1834921927407176,0.0,8.350869481993454,7.1729713474039265,127.18470105405447,124.71477623858407,0.0
8.271,2.1936451041657907,-0.5668472311184864,0.5683331346105429,0.0,8.289878267601436,7.132650111361972,127.94928771795811,124.71477623858407,0.0
8.272,2.154419127088642,-0.5960874721280123,0.1536946878649812,0.0,8.234056601600386,7.044546358366868,127.25061268280533,124.71477623858407,0.0
8.273,2.1014186815481444,-0.6096361736057598,0.477673840999163,0.0,8.176204681652386,7.004892694622068,127.37575620288187,124.71477623858407,0.0
8.274000000000001,2.0646727658344726,-0.6339093446778499,0.3884922813179106,0.0,8.122707149127862,6.953881488433768,127.29220503791896,124.71477623858407,0.0
8.275,2.0284826080605978,-0.6549052889021033,0.40449357580601797,0.0,8.071525071390905,6.908887065800341,127.36991429095079,124.71477623858407,0.0
8.276,1.993908170390523,-0.6762116181149544,0.3390875687664372,0.0,8.02309549593547,6.859360490503293,127.3180985596706,124.71477623858407,0.0
8.277000000000001,1.957375300381109,-0.6941382752029098,0.33896221119566494,0.0,7.976315089483425,6.814256757252351,127.29960656511739,124.71477623858407,0.0
8.278,1.9218335815327403,-0.7105770563906435,0.3223599052069397,0.0,7.931331349711259,6.770704616971476,127.2852731868226,124.71477623858407,0.0
8.279,1.8868315065594174,-0.7257147910165294,0.3038216248719512,0.0,7.8879915328851915,6.728630940023091,127.22485377055933,124.71477623858407,0.0
8.28,1.852615165538519,-0.7389796379835031,0.3089305576838275,0.0,7.846086085867001,6.69059179126216,127.18253244255585,124.71477623858407,0.0
8.281,1.8203961451474002,-0.7512417760406552,0.3054136596458503,0.0,7.805783455391156,6.654929993396019,127.12718887478611,124.71477623858407,0.0
8.282,1.7896419797372896,-0.7626716046875969,0.30896131716869957,0.0,7.76707956794687,6.622290291568005,127.1225579505743,124.71477623858407,0.0
8.283,1.7615792375250623,-0.7716095372737803,0.2871989621547022,0.0,7.729850973362225,6.589394195540839,127.19655713788406,124.71477623858407,0.0
8.284,1.7338008099280646,-0.7789885156155125,0.22538155950682603,0.0,7.693777936925054,6.552257558530345,127.0978477380687,124.71477623858407,0.0
8.285,1.7039297803093323,-0.7836729324172975,0.25090554441966106,0.0,7.65804003649533,6.521661122926162,126.83883217920422,124.71477623858407,0.0
8.286,1.6765521832955665,-0.7882289015162152,0.3591727644456977,0.0,7.623270594981025,6.50491752056849,126.56631970753729,124.71477623858407,0.0
8.287,1.656987441061501,-0.7949736454941834,0.4769135655896297,0.0,7.5910000995289675,6.500118495896337,126.27885434295352,124.71477623858407,0.0
8.288,1.6452762700592154,-0.8050540124085825,0.6050054668378184,0.0,7.5625181440757085,6.506577606659964,125.86447143352822,124.71477623858407,0.0
8.289,1.6434066031669297,-0.8138946037593632,0.8006999696010266,0.0,7.538401956623577,6.529876638741502,125.64463176838437,124.71477623858407,0.0
8.290000000000001,1.6514301444787245,-0.8267326569243134,0.9013212468749494,0.0,7.5203510710594506,6.556644258128955,126.10222872485389,124.71477623858407,0.0
8.291,1.6651964753383282,-0.837068139884243,0.6586482437774934,0.0,7.507790558584425,6.5497957229263495,127.19127087803386,124.71477623858407,0.0
8.292,1.6599182287712315,-0.842721019604296,0.08936222079300826,0.0,7.496319705776247,6.48289952793016,126.02017207339509,124.71477623858407,0.0
8.293000000000001,1.6194469531568232,-0.8294310621953362,0.6618576647642851,0.0,7.477787894637082,6.494612284071371,124.84411991954566,124.71477623858407,0.0
8.294,1.6101103601187892,-0.8234006915276388,1.2485903048793823,0.0,7.461750099026599,6.562738531935533,124.96225808534658,124.71477623858407,0.0
8.295,1.6409111780312888,-0.8302593340284754,1.1870464035112998,0.0,7.454943462145348,6.606329763999835,126.46121915051688,124.71477623858407,0.0
8.296,1.6686188498730041,-0.8400274168444133,0.4201014418068185,0.0,7.4541825148433976,6.558392866672307,126.03331509411595,124.71477623858407,0.0
8.297,1.6463201522448268,-0.8322700390644489,0.6208680814519667,0.0,7.447752980154933,6.547657277782861,124.30487400089196,124.71477623858407,0.0
8.298,1.6323453904623886,-0.8167916093061383,1.4891876504408836,0.0,7.439267786550759,6.632174017325634,123.94597595939241,124.71477623858407,0.0
8.299,1.6711215893969502,-0.8176650889505481,1.676324673982572,0.0,7.440333653319745,6.714887310952778,125.7283585697811,124.71477623858407,0.0
8.3,1.7212238166815683,-0.8303656214323274,0.7749975454762617,0.0,7.450952586551098,6.683295024511034,125.78837134238688,124.71477623858407,0.0
8.301,1.7144642553820875,-0.8232422832592777,0.7342552081353397,0.0,7.456439825291287,6.6617000482299495,123.5540756413387,124.71477623858407,0.0
8.302,1.701206000958281,-0.7993725110043577,1.8630100646318848,0.0,7.456664400963042,6.7687745634126495,123.41978329796316,124.71477623858407,0.0
8.303,1.7527535918411037,-0.7966262626675369,1.943106165725861,0.0,7.467510580991389,6.856884289658275,125.46749387435338,124.71477623858407,0.0
8.304,1.8090861153994506,-0.8071398195125892,0.9117237011730599,0.0,7.487267069377786,6.817333527487837,124.56796574812303,124.71477623858407,0.0
8.305,1.801528546796411,-0.7929425011403275,1.3629558691928456,0.0,7.499425992119103,6.845057511282702,121.7822793078611,124.71477623858407,0.0
8.306000000000001,1.815003233191042,-0.7720773194541595,2.7851240586310384,0.0,7.5109882241640165,7.021593376940779,124.17359757393784,124.71477623858407,0.0
8.307,1.9093481667607075,-0.7841331565648784,1.5948767122391319,0.0,7.540582613469287,7.026239793411328,125.56083785991692,124.71477623858407,0.0
8.308,1.9350708979368447,-0.7808186545407996,0.8927959530362657,0.0,7.567197051897331,6.966168546023275,122.29074271503313,124.71477623858407,0.0
8.309000000000001,1.9150725979474186,-0.7414695835348304,2.552083860713666,0.0,7.580847668953348,7.106765384963975,122.8308029161267,124.71477623858407,0.0
8.31,1.9841227452562027,-0.7323273660343285,2.300893493391457,0.0,7.606580754982838,7.182648283030127,124.94899982321854,124.71477623858407,0.0
8.311,2.039185412966404,-0.7371659477010959,1.2394528039991906,0.0,7.637952488374346,7.133903235757654,121.59853334876094,124.71477623858407,0.0
8.312,2.0348766365073097,-0.7047550867417127,2.945848470126224,0.0,7.657698963177253,7.292512388807074,122.6600985986922,124.71477623858407,0.0
8.313,2.1200376381661483,-0.6992837187729865,2.4356126215595113,0.0,7.691053963937844,7.354634576081174,123.97617395978784,124.71477623858407,0.0
8.314,2.172943921906111,-0.703048374146982,1.7849609637996524,0.0,7.727754509120615,7.342442639641195,120.70806975355815,124.71477623858407,0.0
8.315,2.191686098389336,-0.6691815582209315,3.4590801317647584,0.0,7.755802809835506,7.524266999841499,123.1587199335633,124.71477623858407,0.0
8.316,2.2916825733553696,-0.675071191205687,2.2493156048123883,0.0,7.800215244286521,7.530086273967417,121.47051360151558,124.71477623858407,0.0
8.317,2.325121569355393,-0.6624173405398754,3.1258613972069367,0.0,7.839317542801942,7.645604221748427,121.88693887178614,124.71477623858407,0.0
8.318,2.4055862520392672,-0.6440527814355809,2.945927135739633,0.0,7.884167843249107,7.716405652782304,122.56187741125925,124.71477623858407,0.0
8.319,2.461286112837952,-0.6438657362015415,2.6299868542763294,0.0,7.931776327370239,7.746335544550202,120.01928831426639,124.71477623858407,0.0
8.32,2.5083347630674018,-0.6070762325143743,3.9482362820159342,0.0,7.973571977302802,7.92158178250216,122.91824631116242,124.71477623858407,0.0
8.321,2.608346448706839,-0.6203621036892287,2.516722582842136,0.0,8.030542026903408,7.90230316154762,119.74426659725358,124.71477623858407,0.0
8.322000000000001,2.642176764658026,-0.5828509022995414,4.153417536209858,0.0,8.07562811858389,8.082279771612548,122.61899459796398,124.71477623858407,0.0
8.323,2.7448126854007437,-0.5895789770300147,2.7370113522608635,0.0,8.135318462337057,8.065644051948775,119.3395688216019,124.71477623858407,0.0
8.324,2.781468263149352,-0.5505424324202587,4.430476314611722,0.0,8.183014899094157,8.254080391979864,122.12988409802371,124.71477623858407,0.0
8.325,2.8891265312969034,-0.5606192813906185,3.0611675978064223,0.0,8.246284145011495,8.249408279492718,119.53678089949571,124.71477623858407,0.0
8.326,2.9375112530110616,-0.5197784894143587,4.409499150461305,0.0,8.298165999481288,8.409294124099025,120.92435840980247,124.71477623858407,0.0
8.327,3.0334836504380465,-0.5265816243134596,3.753614573595743,0.0,8.362005005723404,8.462675834210097,120.72050714515547,124.71477623858407,0.0
8.328,3.110473249761937,-0.49369243144481034,3.895482896853529,0.0,8.421112439787864,8.531758503309925,118.48873312797278,124.71477623858407,0.0
8.329,3.171612839628277,-0.4822536586529307,5.073630336550986,0.0,8.480288024277444,8.722065725148301,121.32917143982543,124.71477623858407,0.0
8.33,3.3008223450362593,-0.48522658307498,3.6872672286122463,0.0,8.55301818191625,8.721376717285349,119.388746903289,124.71477623858407,0.0
8.331,3.3595279847767805,-0.4439451629285731,4.71073979023341,0.0,8.613835737544553,8.849309713512906,118.71491432448097,124.71477623858407,0.0
8.332,3.44659043313676,-0.44156565502719447,5.107654698778457,0.0,8.681515905565092,8.994967267082092,121.74906373046524,124.71477623858407,0.0
8.333,3.556889424822706,-0.4486439015166044,3.620237120867512,0.0,8.757796214333348,8.953979734838903,122.74282604404655,124.71477623858407,0.0
8.334,3.5611907370112945,-0.4475215785757607,3.14307546602223,0.0,8.822155501012071,8.887735226019103,122.15250161867142,124.71477623858407,0.0
8.335,3.5072261107470437,-0.4559540351211695,3.4638604249089213,0.0,8.874393201590346,8.880588180786098,126.44432237940399,124.71477623858407,0.0
8.336,3.469676407572433,-0.47414374614325383,1.300654583134441,0.0,8.92260897123447,8.641809939036722,125.1410237957423,124.71477623858407,0.0
8.337,3.3301305544923734,-0.43063644569405846,1.9480413993937016,0.0,8.937157639579608,8.539550253440025,125.57825368983505,124.71477623858407,0.0
8.338000000000001,3.2137121795725307,-0.4289813016778329,1.720791677834816,0.0,8.940278479693271,8.42891062841382,127.67092800950084,124.71477623858407,0.0
8.339,3.1194779745419483,-0.4154426885754675,0.6448930002927535,0.0,8.930550577291847,8.22277227139173,126.01758766833369,124.71477623858407,0.0
8.34,2.9756781316498024,-0.3992609579282169,1.458535056578833,0.0,8.899537025188184,8.151410213466427,128.26690519296596,124.71477623858407,0.0
8.341,2.8938096326525162,-0.4028215847753115,0.29835500471887677,0.0,8.865042108762013,7.955894316316614,126.43224346567443,124.71477623858407,0.0
8.342,2.766103120089493,-0.3966416375609553,1.198511196093739,0.0,8.813729693801424,7.900328530200956,127.0761825509984,124.71477623858407,0.0
8.343,2.7000152245394675,-0.41342465914715154,0.8529275903076137,0.0,8.763899873571955,7.804164926035458,127.35092700907707,124.71477623858407,0.0
8.344,2.6307289358446635,-0.4362042177858062,0.6891938535633475,0.0,8.711774596183272,7.705040438080482,127.42003269111225,124.71477623858407,0.0
8.345,2.5656119776319537,-0.4479678267797376,0.6275884480204725,0.0,8.656015599140908,7.6119466164563105,127.74702195906166,124.71477623858407,0.0
8.346,2.4970461706377365,-0.4718018138517811,0.43377135684099644,0.0,8.599027222128345,7.508773520503242,127.31779578000659,124.71477623858407,0.0
8.347,2.4296668339595024,-0.4834312159047053,0.6223542509543032,0.0,8.538461267576837,7.439627254673149,127.9088182098915,124.71477623858407,0.0
8.348,2.3728378285847778,-0.5113993125014213,0.2949026162987709,0.0,8.479997478502579,7.339010908442111,127.23758469577974,124.71477623858407,0.0
8.349,2.3111395692554093,-0.5224732432337178,0.6052912887826949,0.0,8.418256885127226,7.286245606719017,128.2474819747867,124.71477623858407,0.0
8.35,2.2635648543528712,-0.5533603709217738,0.06501559191719397,0.0,8.36070066565546,7.174664798496641,127.0884963840199,124.71477623858407,0.0
8.351,2.1986586456517108,-0.5611519109665792,0.6207711858462304,0.0,8.298290185436683,7.141686257258275,127.75033253962388,124.71477623858407,0.0
8.352,2.1612697071426195,-0.5901830713985252,0.2594975450338426,0.0,8.241938411363018,7.063930586842207,127.27756908127006,124.71477623858407,0.0
8.353,2.113416846109343,-0.607957810681236,0.47025134578389505,0.0,8.185111157371885,7.020000885879577,127.35231170564202,124.71477623858407,0.0
8.354000000000001,2.0767181862263744,-0.6318635039365571,0.4065046789273332,0.0,8.132025537548861,6.9692200822291674,127.33965941486309,124.71477623858407,0.0
8.355,2.0402023655776897,-0.6535719835428613,0.3865819925540084,0.0,8.081319275167242,6.920304521801523,127.36773171095408,124.71477623858407,0.0
8.356,2.003689600535449,-0.6738933509075307,0.3460162897848169,0.0,8.03281034859507,6.870598136685762,127.34419302911218,124.71477623858407,0.0
8.357,1.9662999115313997,-0.6917767989899035,0.33149146280048525,0.0,7.985945641783955,6.823567161623798,127.3203758562739,124.71477623858407,0.0
8.358,1.9294744773625718,-0.7080162233071996,0.31734405304272606,0.0,7.940671810341828,6.778818747451937,127.29226818219774,124.71477623858407,0.0
8.359,1.893556066702259,-0.722904404342104,0.30562297064466604,0.0,7.896925826297399,6.736452717417789,127.24487252268464,124.71477623858407,0.0
8.36,1.858898199361448,-0.7363717513896976,0.3040198375602101,0.0,7.854650364018886,6.697342739468192,127.19790034228858,124.71477623858407,0.0
8.361,1.8260367383706182,-0.7487618950497401,0.3026746867211989,0.0,7.813919692505392,6.661052459859837,127.1367640274349,124.71477623858407,0.0
8.362,1.7948980851596639,-0.7602219673365447,0.3090229662595325,0.0,7.77476976669736,6.628126540561874,127.12648338330027,124.71477623858407,0.0
8.363,1.7664621855711073,-0.769680318567582,0.2900462168796829,0.0,7.737168059452875,6.595243857808365,127.21194859591466,124.71477623858407,0.0
8.364,1.7387069923559653,-0.7773416692046702,0.22234188699917956,0.0,7.700786419715264,6.557400276070483,127.13359964339112,124.71477623858407,0.0
8.365,1.7085157054514082,-0.7822192090908541,0.2373281292128795,0.0,7.664718501658733,6.525071908102292,126.8828103714924,124.71477623858407,0.0
8.366,1.6801243833659463,-0.7867974641861133,0.34104242383315864,0.0,7.629479371272653,6.506449427671715,126.59109461696055,124.71477623858407,0.0
8.367,1.6595227356898914,-0.7930133484055425,0.4681371173153188,0.0,7.5965398705953096,6.501090823605933,126.36004206360894,124.71477623858407,0.0
8.368,1.6470999068895127,-0.8033496470385452,0.5672107357408713,0.0,7.567433293586555,6.503761775662266,125.89061150178395,124.71477623858407,0.0
8.369,1.642895420147088,-0.8121915193197252,0.7901676640213688,0.0,7.54237371244891,6.5271277659923514,125.78261161019478,124.71477623858407,0.0
8.370000000000001,1.650932358402489,-0.8242468513310559,0.8334892560998486,0.0,7.523394356256474,6.547260896945972,125.90255829814478,124.71477623858407,0.0
8.371,1.6612435171731708,-0.8336630732808304,0.7616380915292389,0.0,7.509241479873004,6.5540920770792175,127.14828132988389,124.71477623858407,0.0
8.372,1.6623567862532456,-0.8416986495997534,0.11444152474668878,0.0,7.4979767603167895,6.488332392849313,126.24735718083528,124.71477623858407,0.0
8.373,1.6235368971478386,-0.8315566674268553,0.5495777898484795,0.0,7.480066570491002,6.486640480408197,124.97308564777025,124.71477623858407,0.0
8.374,1.608356229554688,-0.8228361743903544,1.1841304622891342,0.0,7.4629203739913885,6.55005784609026,124.79754198249543,124.71477623858407,0.0
8.375,1.6346769645350094,-0.8283130515642662,1.2710746374874287,0.0,7.454520195129444,6.605590100577796,126.27583275343397,124.71477623858407,0.0
8.376,1.6676861070278135,-0.8395709955900235,0.5163186868696581,0.0,7.45369686467354,6.56746871708604,126.31134872718427,124.71477623858407,0.0
8.377,1.6515436806910124,-0.8356827066713391,0.48259497510850946,0.0,7.448603437692736,6.539020848432298,124.53005614100881,124.71477623858407,0.0
8.378,1.630501578033549,-0.8175556121093808,1.3750884691719887,0.0,7.439219469032009,6.613573152439395,123.71475472552585,124.71477623858407,0.0
8.379,1.6614645913864783,-0.8161697653836272,1.7927393920440529,0.0,7.438257955443852,6.713132143259604,125.5186476360807,124.71477623858407,0.0
8.38,1.7185828450589014,-0.8305239260952966,0.8827542227916612,0.0,7.448941308442077,6.6923908280220585,126.19528471855897,124.71477623858407,0.0
8.381,1.7192384594641208,-0.8271915857851557,0.5296305967527792,0.0,7.455972095575487,6.645547297388483,123.8420542793138,124.71477623858407,0.0
8.382,1.6951645286910468,-0.7995821341792531,1.7149730359680653,0.0,7.454611734658653,6.740664791634769,122.97707437805406,124.71477623858407,0.0
8.383000000000001,1.7369957775741915,-0.7933869370467421,2.1648400052032377,0.0,7.462493782089615,6.858924265903582,125.16315265166504,124.71477623858407,0.0
8.384,1.8057634613365872,-0.8094551564880261,1.0673171042669334,0.0,7.483243028314226,6.833773675968233,125.1722634750082,124.71477623858407,0.0
8.385,1.8091568373071298,-0.8009646689980812,1.058186820231117,0.0,7.498307655104536,6.823498372895166,122.45339742954096,124.71477623858407,0.0
8.386000000000001,1.8065149016823459,-0.7737924622118639,2.440233631055167,0.0,7.507934251036923,6.968198061517876,123.53010141172992,124.71477623858407,0.0
8.387,1.8811373401469942,-0.7742352122241243,1.9137283882292286,0.0,7.531388580807552,7.019419508465095,125.65656486097103,124.71477623858407,0.0
8.388,1.9253006858354502,-0.7765262513399471,0.8410787773848014,0.0,7.55786720909846,6.951026095288946,122.56155018873706,124.71477623858407,0.0
8.389,1.904208282509547,-0.7434386875621868,2.4101183740002576,0.0,7.57119609083595,7.0782025358183835,122.18465352627011,124.71477623858407,0.0
8.39,1.9679934067418055,-0.7307446787545394,2.6238679323568705,0.0,7.594844263121571,7.194588988222889,124.56135775096791,124.71477623858407,0.0
8.391,2.0418105692090465,-0.7433978283504511,1.4370500048841306,0.0,7.629285049962708,7.1615321083808645,122.19379051607083,124.71477623858407,0.0
8.392,2.0488444978200624,-0.7205850902157995,2.646043479557803,0.0,7.6543401374447555,7.28004689617345,122.25987759568225,124.71477623858407,0.0
8.393,2.1184740819538135,-0.7058069132484884,2.6375489261811107,0.0,7.687343722872802,7.368602463348206,124.3108377997489,124.71477623858407,0.0
8.394,2.1793503903644194,-0.7110260063524187,1.616108208536142,0.0,7.726624388486624,7.33332920085728,120.97393272964379,124.71477623858407,0.0
8.395,2.186268352288831,-0.6760776137226049,3.3219691786780965,0.0,7.754553147169653,7.503218232341319,122.99806897201684,124.71477623858407,0.0
8.396,2.2785316428397735,-0.6746313008914933,2.3270681301572456,0.0,7.796868322647658,7.522333729165185,122.1222539575924,124.71477623858407,0.0
8.397,2.3140009130488544,-0.6661218572259774,2.7909008601793786,0.0,7.835941954585351,7.601760817824612,121.07224094598183,124.71477623858407,0.0
8.398,2.378780203179277,-0.6386487884308276,3.3523327189106875,0.0,7.8761139890644065,7.727500708759836,122.93784075298302,124.71477623858407,0.0
8.399000000000001,2.457996069473967,-0.6466612683362787,2.4373021702661033,0.0,7.925998912666634,7.730350182720113,120.07832936633741,124.71477623858407,0.0
8.4,2.4947752872659867,-0.6141598208412983,3.9134223323113737,0.0,7.967525007281162,7.906173169661834,123.12869040023482,124.71477623858407,0.0
8.401,2.5968082650475983,-0.6200209995295999,2.4041026737461646,0.0,8.02345053525907,7.876924267930157,119.60415870683475,124.71477623858407,0.0
8.402000000000001,2.622345109550466,-0.5846218590458112,4.2174746957636895,0.0,8.066906103025921,8.068968205059516,122.8055771720013,124.71477623858407,0.0
8.403,2.731269856473954,-0.590072124775226,2.6358574538462403,0.0,8.126174028364098,8.042315334704973,119.09318202609457,124.71477623858407,0.0
8.404,2.7625976301559256,-0.5526884433244957,4.5482709689245056,0.0,8.17268316651613,8.24807939536171,122.38105481163358,124.71477623858407,0.0
8.405,2.8789095332188204,-0.5643852753684424,2.9276717904245064,0.0,8.23677828525797,8.228046887382094,119.35739149832489,124.71477623858407,0.0
8.406,2.920982126536421,-0.5229496517235013,4.493077294481442,0.0,8.287785754406283,8.401362873071571,121.29493397466425,124.71477623858407,0.0
8.407,3.0222633559533865,-0.5311988344705227,3.5585044789509603,0.0,8.352345841547333,8.433270733055329,120.22050214484862,124.71477623858407,0.0
8.408,3.090467494068188,-0.4933252263630532,4.140663134796126,0.0,8.409392117253365,8.535337353154627,119.19592047595755,124.71477623858407,0.0
8.409,3.1633956673051524,-0.4907950905627325,4.708142526867928,0.0,8.47104084854176,8.682163027709127,121.3765702071083,124.71477623858407,0.0
8.41,3.2773778647605085,-0.48182626689132135,3.65119972160731,0.0,8.540246004910912,8.686723745449907,118.8660668529703,124.71477623858407,0.0
8.411,3.331379558032786,-0.44212005670393606,4.964938492532445,0.0,8.598708722533333,8.848029235622503,119.26536900482245,124.71477623858407,0.0
8.412,3.4346133869803728,-0.4468799937520054,4.819781488943992,0.0,8.668376372587932,8.95913008618459,121.91170759382119,124.71477623858407,0.0
8.413,3.5397442711536935,-0.4365864548029812,3.5246428808922476,0.0,8.741007454038407,8.914541880876527,121.31880607931751,124.71477623858407,0.0
8.414,3.538884366198407,-0.43328301980292827,3.8550533397367532,0.0,8.801656164352512,8.932118039184548,122.74188941870761,124.71477623858407,0.0
8.415000000000001,3.5235108216425255,-0.4649576870202252,3.163240538240466,0.0,8.861514867209905,8.87628043079173,126.52256185391327,124.71477623858407,0.0
8.416,3.48170574204166,-0.4656980746284132,1.2548264644843443,0.0,8.909568634907014,8.633449856736265,124.19064310173644,124.71477623858407,0.0
8.417,3.3317364319085403,-0.4269404694644148,2.4260271719412367,0.0,8.92426322798474,8.583702508732511,126.40782180170301,124.71477623858407,0.0
8.418000000000001,3.2396881062659615,-0.4359842902557567,1.3005073663267641,0.0,8.933896023293007,8.413505791864097,126.56877529436233,124.71477623858407,0.0
8.419,3.124472957458579,-0.40905391827380044,1.2014906294393226,0.0,8.922493088257676,8.27340856632426,126.1010822497591,124.71477623858407,0.0
8.42,3.004363624941391,-0.40741597583640177,1.4214740916291841,0.0,8.898309854223601,8.183428993133452,127.486204731112,124.71477623858407,0.0
8.421,2.9227189097232538,-0.4065320625336435,0.7011985660274576,0.0,8.86746613523492,8.026378736769049,126.75233324353074,124.71477623858407,0.0
8.422,2.8111944300613656,-0.411194871484313,1.0477587397686179,0.0,8.82452351062627,7.93872475412039,127.36224144840524,124.71477623858407,0.0
8.423,2.7357837864087413,-0.4181246860698671,0.7163299852331559,0.0,8.777825401728524,7.822799068544592,127.43316951121902,124.71477623858407,0.0
8.424,2.6510243165757785,-0.43480400065683433,0.6536820210999172,0.0,8.725969961621686,7.718788587372398,127.31612342770185,124.71477623858407,0.0
8.425,2.5772549667415534,-0.4443448106357142,0.6861915909673231,0.0,8.669781713360118,7.631463176416919,127.7210728054122,124.71477623858407,0.0
8.426,2.5091249492524295,-0.4680664471285392,0.45365393644386565,0.0,8.61299372074358,7.52810385246004,127.36166302403507,124.71477623858407,0.0
8.427,2.442229317547318,-0.4790776494926092,0.6068899592779249,0.0,8.55252261088813,7.455260220006846,127.89822047439489,124.71477623858407,0.0
8.428,2.3835625679641996,-0.50651274218533,0.30677679173990535,0.0,8.493721996945457,7.354893417292994,127.28545602792296,124.71477623858407,0.0
8.429,2.321317700912618,-0.5179988500645958,0.5874522170824805,0.0,8.431753885065465,7.298818929799169,128.068937938142,124.71477623858407,0.0
8.43,2.2722481422561867,-0.5480794597918716,0.16216964497738218,0.0,8.373569141615294,7.19734244546343,127.1311204642831,124.71477623858407,0.0
8.431000000000001,2.212003679956603,-0.5583753431636094,0.6069149396498417,0.0,8.311886965150187,7.159506138617661,128.10528562348026,124.71477623858407,0.0
8.432,2.173233097845622,-0.5882065817887516,0.08592726620230184,0.0,8.255767853062062,7.0611914671932166,127.20103735314048,124.71477623858407,0.0
8.433,2.1153404958075486,-0.6002296566471197,0.5131887902266268,0.0,8.196453410888473,7.025285476482634,127.33626830157137,124.71477623858407,0.0
8.434000000000001,2.0794783011478146,-0.6248490563313387,0.4193583953813098,0.0,8.142067717077863,6.9758105973447115,127.3279413300409,124.71477623858407,0.0
8.435,2.044096651776812,-0.6479175891568109,0.39739023023197406,0.0,8.090464449348485,6.927899802005758,127.32906263165378,124.71477623858407,0.0
8.436,2.00903541231235,-0.6688508345310092,0.37068671549483523,0.0,8.041302400521053,6.880404974305552,127.361798846597,124.71477623858407,0.0
8.437,1.9731608434168566,-0.6883504299061404,0.32784838194309907,0.0,7.99424269684387,6.8318938331331625,127.30163458304371,124.71477623858407,0.0
8.438,1.9363778596529961,-0.7047810423696828,0.3320619302751475,0.0,7.948650220834403,6.788107091887409,127.29484911503687,124.71477623858407,0.0
8.439,1.9009987512083932,-0.7202914871476983,0.3096539355140391,0.0,7.90478016110225,6.745156634349505,127.25812609712273,124.71477623858407,0.0
8.44,1.8661847740951154,-0.7342267380683619,0.30258194588572307,0.0,7.862379834743019,6.705036124078691,127.19876833983076,124.71477623858407,0.0
8.441,1.8328340372272087,-0.746673868208382,0.3074209035192377,0.0,7.821437321798827,6.668611078719344,127.15095264171227,124.71477623858407,0.0
8.442,1.80151490220997,-0.7582934323944297,0.3069669885472046,0.0,7.782100236372183,6.634747563861466,127.08132472303949,124.71477623858407,0.0
8.443,1.7718343232706646,-0.7691115781041056,0.31811546303904015,0.0,7.744384308388616,6.604519235623686,127.15053106841115,124.71477623858407,0.0
8.444,1.7457790600919785,-0.776624942756287,0.25915474205493494,0.0,7.708135429034274,6.5695142565184215,127.19263926884763,124.71477623858407,0.0
8.445,1.717214743493519,-0.7828308848001744,0.2133220115340626,0.0,7.672618459683147,6.532814416434836,126.95783733499131,124.71477623858407,0.0
8.446,1.6871649545738099,-0.7867365363557639,0.30829236749814903,0.0,7.637350765509447,6.51015776350094,126.66676146522963,124.71477623858407,0.0
8.447000000000001,1.663818819887421,-0.7920675679909487,0.43431045011253566,0.0,7.603891532424044,6.501419868897309,126.43019919504765,124.71477623858407,0.0
8.448,1.6489938779518925,-0.8011814536473767,0.5354373556388885,0.0,7.57385365029267,6.501470901493301,125.96570333227027,124.71477623858407,0.0
8.449,1.6422561670611293,-0.8102196973528879,0.7551760160907179,0.0,7.547727727585076,6.522265924989622,125.82139386733272,124.71477623858407,0.0
8.45,1.6487774454671198,-0.8212879515002038,0.8162645722720063,0.0,7.527421025017027,6.542106490707408,126.0277146736787,124.71477623858407,0.0
8.451,1.6579618725752205,-0.831896151705074,0.6999747847480671,0.0,7.512185268758621,6.543584493209336,127.12409074097717,124.71477623858407,0.0
8.452,1.6571424832705666,-0.8378963896097312,0.12769360607490388,0.0,7.499174832543711,6.481785065151012,126.1803561305665,124.71477623858407,0.0
8.453,1.6198354604632523,-0.8285955363538209,0.5849051123604156,0.0,7.480202400907263,6.484976192370925,124.9799973769282,124.71477623858407,0.0
8.454,1.607434588373647,-0.8223290632109868,1.1824322777961234,0.0,7.462850021643301,6.548097862542061,124.80874831685058,124.71477623858407,0.0
8.455,1.634604238866356,-0.8288020571677828,1.267117087052265,0.0,7.454319741389522,6.6033995148584115,126.28096268390188,124.71477623858407,0.0
8.456,1.667729283978988,-0.8405621091153658,0.5153480390734402,0.0,7.453401530167423,6.5654044720900515,126.3363474039167,124.71477623858407,0.0
8.457,1.6516053258925385,-0.8370358466650667,0.47143996741269945,0.0,7.448270146401691,6.535909800914062,124.57395089277219,124.71477623858407,0.0
8.458,1.6298833075631094,-0.8190284577818494,1.3540464764430764,0.0,7.438756883742283,6.608605437624421,123.7601128491961,124.71477623858407,0.0
8.459,1.6595136175939271,-0.8175389218624416,1.7705121321249977,0.0,7.437480735957541,6.706588787145824,125.50735848389559,124.71477623858407,0.0
8.46,1.7154957487812417,-0.8313864415998201,0.8889634923221414,0.0,7.447668660433727,6.687649448671184,126.24878811557765,124.71477623858407,0.0
8.461,1.7166132795052562,-0.8285064355426142,0.5029085577111723,0.0,7.4544885827511616,6.638409173014679,123.90929795030125,124.71477623858407,0.0
8.462,1.6912500607692456,-0.800977280384062,1.6807084232322014,0.0,7.452703078264335,6.730994581077196,122.93635914761138,124.71477623858407,0.0
8.463000000000001,1.7312612263968463,-0.7945429101529259,2.1849619954868618,0.0,7.459922175858598,6.85317793177118,125.1618748558618,124.71477623858407,0.0
8.464,1.801637641156178,-0.8111491839757128,1.0677331551888782,0.0,7.480528732585659,6.828585855032618,125.33834751572176,124.71477623858407,0.0
8.465,1.8056162278662073,-0.8033772985556578,0.9732611124875172,0.0,7.495594455831719,6.80956012495594,122.64484175808234,124.71477623858407,0.0
8.466,1.7988315467315177,-0.7743658604341177,2.3407133361122487,0.0,7.504137494406338,6.946094106029185,123.40062168424528,124.71477623858407,0.0
8.467,1.8680003163288632,-0.772648945498749,1.9759649185741646,0.0,7.5255808809691445,7.0083557332200765,125.63379852343455,124.71477623858407,0.0
8.468,1.9165021727095946,-0.7762986899443339,0.8501862761310248,0.0,7.5515247326331245,6.941703853348887,122.70609012635735,124.71477623858407,0.0
8.469,1.8967755344559016,-0.7460410771627214,2.3341273357918904,0.0,7.564844176293158,7.061457798390055,121.97788365512558,124.71477623858407,0.0
8.47,1.9575546750692523,-0.7322761306952225,2.7255994972423614,0.0,7.587595502107693,7.191907848606047,124.43184614229828,124.71477623858407,0.0
8.471,2.0374976251636965,-0.7476048289300448,1.5014475546188675,0.0,7.622940506632881,7.16483065797455,122.48362176930453,124.71477623858407,0.0
8.472,2.048549194638599,-0.7282561736925431,2.4978712858085377,0.0,7.649761652583929,7.265427573574524,121.94394780613791,124.71477623858407,0.0
8.473,2.1107849618130783,-0.7093812816024527,2.7954165517163094,0.0,7.682077623922334,7.374677235453122,124.2521050241734,124.71477623858407,0.0
8.474,2.1796334242183746,-0.7171658904349476,1.6459646548426712,0.0,7.723132020207229,7.339867393769684,121.33358350026636,124.71477623858407,0.0
8.475,2.1874371507619093,-0.685591214091838,3.1390373441793713,0.0,7.753048932209228,7.4882065653831145,122.88939496488837,124.71477623858407,0.0
8.476,2.270379755864944,-0.6773791971858983,2.379385424605323,0.0,7.794220495076148,7.517165423692994,122.71304721863967,124.71477623858407,0.0
8.477,2.3065816651415143,-0.6702074962932845,2.487576587929114,0.0,7.833464020558234,7.563690315650541,120.49533248379718,124.71477623858407,0.0
8.478,2.355024006941878,-0.6360471411098213,3.638628392898227,0.0,7.869749760626615,7.730054219368633,123.37618482631535,124.71477623858407,0.0
8.479000000000001,2.4506799523597476,-0.6490632962245438,2.2115881357618306,0.0,7.920816697674416,7.704887629809098,120.17205453702171,124.71477623858407,0.0
8.48,2.4768415394498033,-0.6156721834008517,3.8590804974242765,0.0,7.960457098099733,7.880917740138799,123.06796344516307,124.71477623858407,0.0
8.481,2.577887908218381,-0.617574624040607,2.4275941712878035,0.0,8.014279649114098,7.858516975292783,119.69318651918688,124.71477623858407,0.0
8.482,2.604581811840906,-0.5863774645139523,4.165198531469872,0.0,8.057029156588095,8.047264019203407,122.80380021684759,124.71477623858407,0.0
8.483,2.7140962815927563,-0.5898329855324915,2.6290014428568815,0.0,8.115070496613063,8.023273933484642,119.13787382651746,124.71477623858407,0.0
8.484,2.7455165324722253,-0.5551713627888961,4.517733662142611,0.0,8.161061360351672,8.228248422448583,122.43028266394872,124.71477623858407,0.0
8.485,2.862655253503489,-0.5657453791817877,2.894374179173338,0.0,8.224460344643472,8.207296626765872,119.22223044769099,124.71477623858407,0.0
8.486,2.903589519826107,-0.5254491092148055,4.553325745211132,0.0,8.274885921077523,8.390166794089286,121.5137859802975,124.71477623858407,0.0
8.487,3.009629253680674,-0.5355796029072237,3.4395578814907433,0.0,8.340073273606345,8.409433493593369,119.95950462854788,124.71477623858407,0.0
8.488,3.072773426101258,-0.49570946688668605,4.264251273465916,0.0,8.396181540933512,8.529260748526678,119.61271804992023,124.71477623858407,0.0
8.489,3.152633789135652,-0.4967530356702248,4.488665144666377,0.0,8.459175200947685,8.651001498402096,121.4017676707056,124.71477623858407,0.0
8.49,3.2571182312113733,-0.48148899422143276,3.62727041995248,0.0,8.526354089700781,8.659175295862868,118.5331568948279,124.71477623858407,0.0
8.491,3.3082741532663063,-0.4431734648013611,5.123392001328891,0.0,8.583570401502929,8.841854616646133,119.60563587388263,124.71477623858407,0.0
8.492,3.4213162724764903,-0.45337921379755036,4.6382439154485375,0.0,8.654838801886966,8.931737057378113,120.95261582935106,124.71477623858407,0.0
8.493,3.5225247243898954,-0.43363938441196936,4.002375541806654,0.0,8.725695167583421,8.944661545315117,121.53363171523739,124.71477623858407,0.0
8.494,3.551249252436572,-0.43728872172434535,3.7436790440969547,0.0,8.791357170902149,8.939133676450425,121.95311078155494,124.71477623858407,0.0
8.495000000000001,3.53464573174685,-0.46413436343753234,3.5615561655084713,0.0,8.852816714217857,8.925391875692773,126.41940508993954,124.71477623858407,0.0
8.496,3.5104175195862,-0.4771088045516695,1.3113627228026146,0.0,8.907914855231661,8.67596922756147,124.43279128057189,124.71477623858407,0.0
8.497,3.3656596674150023,-0.4336267574763191,2.307489477066563,0.0,8.92764814774152,8.604755617357995,125.7225437547046,124.71477623858407,0.0
8.498,3.2618556176082043,-0.4381331881591325,1.652535564839002,0.0,8.93921727782591,8.470601366495222,127.28984304196501,124.71477623858407,0.0
8.499,3.16071592260358,-0.41630929150107177,0.8431352531749869,0.0,8.933768376876367,8.278622284518834,125.89257429703927,124.71477623858407,0.0
8.5,3.0188290330314755,-0.4028684210195234,1.5299916450533044,0.0,8.90840620103775,8.203540587771275,127.80663947089137,124.71477623858407,0.0
8.501,2.9361461745646844,-0.40306455447804995,0.542040425804184,0.0,8.878228056493493,8.02556389061405,126.53093887426796,124.71477623858407,0.0
8.502,2.8145692160102413,-0.40181377934507645,1.1617290977590495,0.0,8.83313051008873,7.952958951681966,127.10827891394854,124.71477623858407,0.0
8.503,2.74281940397869,-0.41211230056416265,0.8491240511651155,0.0,8.786427569516658,7.849198019895661,127.57088593179856,124.71477623858407,0.0
8.504,2.6657982492714876,-0.4327060856676074,0.5892594453079614,0.0,8.73618116097235,7.733438659949913,127.26773839503774,124.71477623858407,0.0
8.505,2.5891274897331567,-0.4400282946056293,0.7153035921238335,0.0,8.679982962420052,7.648357669354764,127.75707935440755,124.71477623858407,0.0
8.506,2.520864528803518,-0.4641396559487631,0.4402100812806926,0.0,8.623475512321834,7.541386448409874,127.30736783853399,124.71477623858407,0.0
8.507,2.4522262260698486,-0.47441410673616324,0.6391399232179731,0.0,8.562810761112123,7.470962405962591,127.91527034435269,124.71477623858407,0.0
8.508000000000001,2.3941842459400693,-0.502504049729484,0.30318372925093695,0.0,8.504157230000056,7.368268047670256,127.23619411912162,124.71477623858407,0.0
8.509,2.3311925182982307,-0.5135786923657184,0.617507663061097,0.0,8.442036927430006,7.314261636994046,128.2566453961969,124.71477623858407,0.0
8.51,2.282766378026195,-0.5446126579771438,0.07186333294733527,0.0,8.384031003840239,7.200976679631339,127.09471094273046,124.71477623858407,0.0
8.511000000000001,2.2170359987216344,-0.5523448879914172,0.6290312126390862,0.0,8.321037382518632,7.166710616033939,127.80546989457731,124.71477623858407,0.0
8.512,2.178693531971565,-0.5820239219986619,0.24274480015572597,0.0,8.264103888410101,7.0850689800434905,127.26240911833618,124.71477623858407,0.0
8.513,2.1292208142759375,-0.5988489378670411,0.4887988594787718,0.0,8.206253541518832,7.041885543170621,127.3823651686515,124.71477623858407,0.0
8.514,2.092206671074593,-0.6239381886588247,0.4021449450204355,0.0,8.152461453057807,6.988819772687457,127.30893821655314,124.71477623858407,0.0
8.515,2.055120049632948,-0.6452811175033422,0.41291680128992425,0.0,8.100838826059553,6.9414422006673,127.40867303861509,124.71477623858407,0.0
8.516,2.019050954602129,-0.6671043170937838,0.3361104222586404,0.0,8.051827827225608,6.888680437132173,127.33101103960455,124.71477623858407,0.0
8.517,1.9807157158461208,-0.684856778519037,0.34877907375370776,0.0,8.004176290682423,6.8423115508347845,127.34063691765988,124.71477623858407,0.0
8.518,1.943987559290727,-0.7019294285340804,0.3177075279352839,0.0,7.958353486051218,6.795926587791374,127.31436415163799,124.71477623858407,0.0
8.519,1.9073618110090147,-0.7173592525253814,0.30484803181568987,0.0,7.914001019717684,6.752155562219647,127.25392341384453,124.71477623858407,0.0
8.52,1.8719603037933952,-0.7310670946615437,0.30967692895981336,0.0,7.871060261855396,6.7125140745296905,127.2243539393432,124.71477623858407,0.0
8.521,1.8386507582853917,-0.744024504168256,0.29936588920288676,0.0,7.829737667634717,6.67467019141152,127.16827978701889,124.71477623858407,0.0
8.522,1.8066566286135055,-0.7558679481269844,0.30286792988069533,0.0,7.789936149264684,6.640153030864056,127.07708715582643,124.71477623858407,0.0
8.523,1.7766262415963285,-0.7666575940444534,0.3248411363044996,0.0,7.751731493288242,6.610472868109347,127.07299721277589,124.71477623858407,0.0
8.524000000000001,1.7502693955947293,-0.775516335717749,0.30330389808785374,0.0,7.71524585175886,6.5799503769543985,127.19185132738728,124.71477623858407,0.0
8.525,1.724341008651025,-0.782624958521075,0.21910608989412417,0.0,7.680049886358555,6.542373738346654,127.0419667147445,124.71477623858407,0.0
8.526,1.6945879432012492,-0.7869327328746141,0.27077649145390925,0.0,7.645018622588362,6.514574442643208,126.73725426653063,124.71477623858407,0.0
8.527000000000001,1.668548213869594,-0.7915486833989834,0.40290793528138225,0.0,7.61117523243899,6.5026365445104926,126.46867550057242,124.71477623858407,0.0
8.528,1.6519552580862957,-0.798533776227081,0.519658325640604,0.0,7.580244592197126,6.5015941535201955,126.18431457408575,124.71477623858407,0.0
8.529,1.6427823274295963,-0.8093160294045989,0.6471434055289222,0.0,7.553418973801671,6.5112618853032735,125.79288033705214,124.71477623858407,0.0
8.53,1.6435710488927335,-0.8177587714210819,0.8320794830610452,0.0,7.531063569514103,6.536169911130634,125.67609996122131,124.71477623858407,0.0
8.531,1.6531373328357295,-0.82999655794186,0.8808564337500868,0.0,7.514696237335148,6.558823293727874,126.34052341670157,124.71477623858407,0.0
8.532,1.6650677363528865,-0.8386311760167147,0.5323872342287814,0.0,7.503058406756842,6.53753854184581,127.19620051403142,124.71477623858407,0.0
8.533,1.6508464152843951,-0.8416241084812413,0.07973444280938513,0.0,7.490698760438507,6.472595016385902,125.66881714777185,124.71477623858407,0.0
8.534,1.6101882263136817,-0.8248129986056482,0.8338857168472928,0.0,7.471201574795057,6.504723234474611,124.61094524104934,124.71477623858407,0.0
8.535,1.611342233077678,-0.8221262185969662,1.3638599801838955,0.0,7.456739494822623,6.581911045783003,125.24752385918599,124.71477623858407,0.0
8.536,1.649838879372136,-0.8324593840748027,1.0402431949095496,0.0,7.45260591998092,6.604813187925017,126.68475773034224,124.71477623858407,0.0
8.537,1.6684805528578428,-0.8399158498096337,0.30192644441384187,0.0,7.451892796413641,6.545367466046395,125.526074442856,124.71477623858407,0.0
8.538,1.6388200258132644,-0.8260071651042311,0.8731551061142429,0.0,7.443701893040286,6.565462399000667,123.77133450323471,124.71477623858407,0.0
8.539,1.6381656996917568,-0.8153726822922875,1.7599594932783804,0.0,7.4373088670374345,6.674340314896147,124.43360102755778,124.71477623858407,0.0
8.540000000000001,1.6934505749007949,-0.8231598710070207,1.431637983227107,0.0,7.443405870811154,6.720619847090303,126.25708497930906,124.71477623858407,0.0
8.541,1.7300395077525141,-0.8296017790421103,0.5044729199442213,0.0,7.454151865423631,6.660704250720212,125.05673312128934,124.71477623858407,0.0
8.542,1.7050663697560078,-0.81264464453546,1.101229280127026,0.0,7.455901997061769,6.685882598209451,122.72670617701606,124.71477623858407,0.0
8.543000000000001,1.709649901383313,-0.7961990469713381,2.286123452879349,0.0,7.458355505898028,6.832334999655537,124.09320271326283,124.71477623858407,0.0
8.544,1.7864114800893902,-0.8053105335273355,1.6090909200091759,0.0,7.476375623492073,6.869667053156002,126.17930669284415,124.71477623858407,0.0
8.545,1.824550644574588,-0.8082043593886062,0.5513936256759129,0.0,7.496554140655938,6.792063843711556,123.68782746892495,124.71477623858407,0.0
8.546,1.7938337655078733,-0.7788115066558912,1.8074027253321039,0.0,7.503692333099765,6.876737029175648,121.82410391063235,124.71477623858407,0.0
8.547,1.830832565887719,-0.7623850079115242,2.768171227757924,0.0,7.5170710385110615,7.042404122775539,124.66941026145979,124.71477623858407,0.0
8.548,1.9229131773359542,-0.7819339012886697,1.3459717121154453,0.0,7.547993226000148,7.017033866556135,124.66328143160392,124.71477623858407,0.0
8.549,1.9339684608672012,-0.7726278825130709,1.3495510751131807,0.0,7.572067018119299,7.011613304719799,121.46416960717697,124.71477623858407,0.0
8.55,1.9391339383886108,-0.7396383600548964,2.981613053640727,0.0,7.589655587560255,7.188175552595023,123.80254014808102,124.71477623858407,0.0
8.551,2.0313926486439833,-0.7450273729768803,1.8215501440937312,0.0,7.624064211490639,7.194816089438497,124.50091497610616,124.71477623858407,0.0
8.552,2.057846482711133,-0.7393362831924362,1.4745013427059415,0.0,7.6550161167068245,7.175671361288642,121.20081763222014,124.71477623858407,0.0
8.553,2.0633225049417616,-0.7011507124279445,3.159689600712592,0.0,7.676814856700156,7.350039668765304,123.4304900451474,124.71477623858407,0.0
8.554,2.154957098535851,-0.7042325527080932,2.05769625618333,0.0,7.71459141158028,7.361054823942304,123.03627428695808,124.71477623858407,0.0
8.555,2.1853896731306275,-0.6967439623717291,2.271589154794249,0.0,7.748837263150294,7.406863034112627,120.60583682044513,124.71477623858407,0.0
8.556000000000001,2.229859107741725,-0.6651004769557284,3.527897282232109,0.0,7.780833453087942,7.5829826613937,123.8856427889226,124.71477623858407,0.0
8.557,2.3296919328940695,-0.6796296953142399,1.896285632489993,0.0,7.829156635633526,7.542112665773771,120.74823875276674,124.71477623858407,0.0
8.558,2.3449633565719927,-0.649648513205488,3.504653025426095,0.0,7.865117278147011,7.7027169893377385,122.88709424372094,124.71477623858407,0.0
8.559000000000001,2.4374171957538766,-0.6435633628897683,2.4535020998976265,0.0,7.913172734051903,7.7091294609859355,120.93232461163932,124.71477623858407,0.0
8.56,2.4687403959655576,-0.627037090603642,3.4687114322078845,0.0,7.95530685308281,7.83936975323775,122.18963126200822,124.71477623858407,0.0
8.561,2.5570269821757425,-0.6099201792740127,2.8653095567891915,0.0,8.004533991912409,7.874874836067312,120.8724374900493,124.71477623858407,0.0
8.562,2.6000351489278697,-0.5999488982112682,3.5623298302540025,0.0,8.0514632533384,7.990610340851564,121.8295746598061,124.71477623858407,0.0
8.563,2.6876195131676455,-0.5783350001182347,3.1126132611633794,0.0,8.102995323120608,8.033821997566513,120.1381762960113,124.71477623858407,0.0
8.564,2.7354028400650328,-0.5680312701643406,4.004078442486509,0.0,8.152778080282095,8.176043708908331,122.03466527054037,124.71477623858407,0.0
8.565,2.837072807024396,-0.5548701252676072,3.082635064902407,0.0,8.210460044222508,8.188042238388071,118.91538875580059,124.71477623858407,0.0
8.566,2.879933922423949,-0.5310057257355287,4.700267197100132,0.0,8.2610801922173,8.388065056607116,122.07696249363259,124.71477623858407,0.0
8.567,3.002513687642565,-0.5385117032349895,3.1458584656336464,0.0,8.327704908754773,8.372931163000388,119.12885100080025,124.71477623858407,0.0
8.568,3.048995791958267,-0.49805926880052676,4.675773464427654,0.0,8.381628936715042,8.545920633767555,120.68077411083893,124.71477623858407,0.0
8.569,3.1524302899690118,-0.506494073659356,3.9401519306857695,0.0,8.448791861834815,8.599873067816452,120.898562246019,124.71477623858407,0.0
8.57,3.233081447606318,-0.4735111381938577,3.869420003021384,0.0,8.51092126689771,8.646884971906776,117.80438609387254,124.71477623858407,0.0
8.571,3.28780565661829,-0.4521954699647244,5.485611980541729,0.0,8.5695240277128,8.868683911483298,120.71676488555917,124.71477623858407,0.0
8.572000000000001,3.4271978120466895,-0.4670012595913646,4.069402698228661,0.0,8.646288199945255,8.88743239734703,120.43944080230975,124.71477623858407,0.0
8.573,3.503035698555932,-0.4281427511464435,4.2508180942161164,0.0,8.712828309715627,8.939151992267654,119.55149708567697,124.71477623858407,0.0
8.574,3.541792226216142,-0.436393165056812,4.746422744061576,0.0,8.77918249861561,9.041551157018846,124.07995774655868,124.71477623858407,0.0
8.575000000000001,3.585299191169322,-0.48492532050919746,2.4885405985409768,0.0,8.85439721806138,8.882624540810948,124.85232661528462,124.71477623858407,0.0
8.576,3.5119746280980513,-0.4617689845356481,2.1009806604109973,0.0,8.903165285430163,8.735560058016699,123.94144561170499,124.71477623858407,0.0
8.577,3.3922719289710255,-0.4466448574645596,2.564154468469604,0.0,8.93091800716456,8.675337599779759,127.45940085265795,124.71477623858407,0.0
8.578,3.309276169024689,-0.44879919743400964,0.7777306018523862,0.0,8.950261429569178,8.430706802734301,125.71619607905285,124.71477623858407,0.0
8.579,3.1545511946901548,-0.4064441645403758,1.6393187902502486,0.0,8.938526833010792,8.341302156601124,126.67041089574835,124.71477623858407,0.0
8.58,3.045690034229278,-0.4110514375706863,1.1426550353308573,0.0,8.919955581857193,8.206843098407662,127.18134297771182,124.71477623858407,0.0
8.581,2.946316277402942,-0.3986344904689548,0.8625233269578425,0.0,8.88838361308812,8.067967472192638,126.76965919674355,124.71477623858407,0.0
8.582,2.837250256157068,-0.4046099091745118,1.0478163878603852,0.0,8.846862744103078,7.974009290274003,127.38313025976635,124.71477623858407,0.0
8.583,2.759796063984949,-0.40999700603198785,0.7143973161371622,0.0,8.800630970291945,7.8541951120766225,127.32110210477056,124.71477623858407,0.0
8.584,2.6723150631920154,-0.42564352326164645,0.7193481349731905,0.0,8.748708201968869,7.754466323272558,127.33398902873725,124.71477623858407,0.0
8.585,2.6000172404082864,-0.435962276717024,0.6867125450883138,0.0,8.692983429305498,7.662956663939184,127.69336655434624,124.71477623858407,0.0
8.586,2.5304245529123994,-0.45920743340698444,0.4772378791261964,0.0,8.636133947676464,7.55924185331253,127.36137009385226,124.71477623858407,0.0
8.587,2.462865419256763,-0.4705798993055901,0.616770170820506,0.0,8.575616452829616,7.4843924521588,127.84942885414343,124.71477623858407,0.0
8.588000000000001,2.403276682322129,-0.49777118463603176,0.3413942645193284,0.0,8.51654308407944,7.385168738751933,127.31621880178986,124.71477623858407,0.0
8.589,2.341459539787501,-0.5098904366388882,0.581984865064054,0.0,8.454515885730608,7.325382783243134,128.06711698374096,124.71477623858407,0.0
8.59,2.2908147224972724,-0.5397498548441864,0.17301236663693498,0.0,8.39587615514833,7.2229325810944776,127.14136144593473,124.71477623858407,0.0
8.591,2.2297983234976004,-0.5500857533623349,0.6116242834665406,0.0,8.333693732064365,7.183405817655052,128.10616745701705,124.71477623858407,0.0
8.592,2.1898734805309577,-0.580463493041729,0.09530736574105236,0.0,8.277015067324395,7.084214076869403,127.16938913723352,124.71477623858407,0.0
8.593,2.1317704009296436,-0.5922078399341458,0.5391503966463218,0.0,8.217073195741236,7.049251636591636,127.39048452018825,124.71477623858407,0.0
8.594,2.0961689111086583,-0.6180954129749974,0.40184562235291543,0.0,8.162359456854185,6.995584430786298,127.31744654792271,124.71477623858407,0.0
8.595,2.059204952308173,-0.6405962700553782,0.4123379053922982,0.0,8.109966589823738,6.948049791119897,127.3546296161844,124.71477623858407,0.0
8.596,2.0238847005334653,-0.662133686102614,0.3673478374854533,0.0,8.060203652724086,6.89849108652416,127.38099592255261,124.71477623858407,0.0
8.597,1.9870393645390398,-0.6819154568344212,0.3275024874616592,0.0,8.012421759494856,6.848678655296119,127.31083279727963,124.71477623858407,0.0
8.598,1.9495415941834546,-0.698495816020805,0.3366234845111955,0.0,7.966062834268928,6.804227342422818,127.32043785511162,124.71477623858407,0.0
8.599,1.9136644251007056,-0.7146072707729498,0.30576433942992454,0.0,7.921501126709132,6.759671063280367,127.27102729872666,124.71477623858407,0.0
8.6,1.878064821508059,-0.728832728874812,0.30490710702097656,0.0,7.878343647834756,6.71888572188637,127.21663192489798,124.71477623858407,0.0
8.601,1.8442698261747246,-0.7417299398415506,0.30708623707217897,0.0,7.836699821333741,6.6814728968248005,127.18033875335449,124.71477623858407,0.0
8.602,1.8123935036487129,-0.753856415060166,0.30057719769622016,0.0,7.796684035141049,6.646067631511946,127.10349187685568,124.71477623858407,0.0
8.603,1.7818591046626893,-0.7649938888811235,0.3151134795629069,0.0,7.758233158404458,6.6149054161734036,127.05903296485283,124.71477623858407,0.0
8.604000000000001,1.754565097785683,-0.7739341510111083,0.31390036830164547,0.0,7.721383201903765,6.585432526404264,127.18994150137276,124.71477623858407,0.0
8.605,1.7289766268421098,-0.7813711967028218,0.2236944474137963,0.0,7.685999624481013,6.547853201511939,127.0832415196231,124.71477623858407,0.0
8.606,1.6993579412154605,-0.7859821758412168,0.2533597854782341,0.0,7.6508293095596125,6.517660868472034,126.80218162855076,124.71477623858407,0.0
8.607,1.67197347667613,-0.7906666847094482,0.37301567711473993,0.0,7.616625979010481,6.502552336186412,126.48085181675852,124.71477623858407,0.0
8.608,1.6534053501383852,-0.7970660545245049,0.516019827229115,0.0,7.584989213878674,6.501836870944414,126.16304704687562,124.71477623858407,0.0
8.609,1.6440600304677848,-0.807534486867233,0.6604395040876483,0.0,7.5575321125954,6.513327702565117,125.83376702502244,124.71477623858407,0.0
8.61,1.645606296695156,-0.8168742513892744,0.8138896071498545,0.0,7.534892494376518,6.536095512981964,125.69171773165664,124.71477623858407,0.0
8.611,1.6542694007907188,-0.8293633591393201,0.8751448389020293,0.0,7.518074023228494,6.558588676209116,126.33428545348598,124.71477623858407,0.0
8.612,1.6658948514453873,-0.8381784073689383,0.5376658858383414,0.0,7.506031479745746,6.538223270313165,127.22466129845614,124.71477623858407,0.0
8.613,1.6521178276819266,-0.8415371468698425,0.067379112754538,0.0,7.493437960884482,6.471965122270482,125.72368499820132,124.71477623858407,0.0
8.614,1.6108046386828485,-0.8249649520098981,0.8077781752857753,0.0,7.473621450275472,6.501626882307476,124.64991709165153,124.71477623858407,0.0
8.615,1.6104143489689324,-0.822115767047884,1.3453107200299956,0.0,7.458605078333839,6.577695204554963,125.22725216135386,124.71477623858407,0.0
8.616,1.6479352666107052,-0.832209519288604,1.0515184259511332,0.0,7.45383598040722,6.6028313757496875,126.67575752717478,124.71477623858407,0.0
8.617,1.66753466362192,-0.8401000796951389,0.30765593015476567,0.0,7.452824433515047,6.54430934394065,125.59361799513096,124.71477623858407,0.0
8.618,1.6385345127115811,-0.8269320883589146,0.8399372786112094,0.0,7.444534453480136,6.56091394448172,123.87602460474373,124.71477623858407,0.0
8.619,1.6360616270716979,-0.8163220146852076,1.7071214901432237,0.0,7.437698503312078,6.665078552660434,124.3668768043055,124.71477623858407,0.0
8.620000000000001,1.688556902465248,-0.8228971763305594,1.4651743847051235,0.0,7.442791977496421,6.71705787214127,126.22148739470279,124.71477623858407,0.0
8.621,1.72734655993844,-0.8300741248224136,0.5228019779452935,0.0,7.453297748928067,6.659365203835139,125.2092809372971,124.71477623858407,0.0
8.622,1.7038185422166179,-0.8147056361335363,1.0239601596610113,0.0,7.455221373145239,6.676019482083247,122.90629619477563,124.71477623858407,0.0
8.623,1.7045078596330916,-0.7970266618342925,2.1935373313598254,0.0,7.456827060479477,6.814531496904944,123.94714678858502,124.71477623858407,0.0
8.624,1.776331617540371,-0.8036172593575144,1.6807883289551255,0.0,7.473025136033006,6.863360996800752,126.0949840113228,124.71477623858407,0.0
8.625,1.819058672703867,-0.8080473472645411,0.5930676398588495,0.0,7.492907757715306,6.790423829996878,123.91347749852478,124.71477623858407,0.0
8.626,1.791299798464697,-0.7820274290648325,1.6918338836584468,0.0,7.5006019086679485,6.861990882468484,121.73550796323117,124.71477623858407,0.0
8.627,1.8223651446630813,-0.7642818973545691,2.810611334058782,0.0,7.5129915404663565,7.03555372507002,124.56426100915212,124.71477623858407,0.0
8.628,1.9174661875522936,-0.7834747491160622,1.3977399633926275,0.0,7.543787162355945,7.016245160058134,125.00953902766923,124.71477623858407,0.0
8.629,1.9321615496682838,-0.7760534902166654,1.1721533262432184,0.0,7.568564098558834,6.990595717952752,121.86903886397002,124.71477623858407,0.0
8.63,1.9280837471603838,-0.7395204774127737,2.770860781838967,0.0,7.584353978111466,7.148698112062256,123.45475007692096,124.71477623858407,0.0
8.631,2.008697367769133,-0.7390098848248418,1.9906054369801274,0.0,7.6146842740631495,7.1818458159336025,124.82012023353069,124.71477623858407,0.0
8.632,2.0456181685323633,-0.736836131640883,1.3068669187257969,0.0,7.645062303882442,7.144047943575723,121.25722528775917,124.71477623858407,0.0
8.633000000000001,2.0440265351617475,-0.6986984045740547,3.122889901119805,0.0,7.664449331038506,7.320211862359848,123.10622245626803,124.71477623858407,0.0
8.634,2.1358724077348814,-0.7004321134486029,2.2144768546885354,0.0,7.700086132604248,7.352493464733034,123.49543530198902,124.71477623858407,0.0
8.635,2.1766503311550687,-0.6987584588537609,2.032063841193991,0.0,7.735185975156552,7.370562173154903,120.26880598704595,124.71477623858407,0.0
8.636000000000001,2.209136910332131,-0.6656769729428641,3.6898382011809057,0.0,7.764960477391564,7.571347560248041,123.78823903514925,124.71477623858407,0.0
8.637,2.320316061079506,-0.6805791242574466,1.9393870491636067,0.0,7.813806119616103,7.533999647743158,120.90665188881638,124.71477623858407,0.0
8.638,2.3378357843180826,-0.6569021068505685,3.4182618658277146,0.0,7.8512789129397955,7.6846364540156715,122.59526528517621,124.71477623858407,0.0
8.639,2.4283484098755057,-0.6461447242745504,2.5951502771818795,0.0,7.8991215656490805,7.70884464449669,121.52742781764776,124.71477623858407,0.0
8.64,2.4651803420333365,-0.6359677566762437,3.1609424951554668,0.0,7.943588879525482,7.802738154782299,121.39883542014256,124.71477623858407,0.0
8.641,2.5388421538343606,-0.6090790503712117,3.2583981020924826,0.0,7.990142825025233,7.889016760033788,121.95728204962052,124.71477623858407,0.0
8.642,2.600994092501167,-0.6093103334753747,3.0067497292431398,0.0,8.04096356470467,7.9365669270919685,120.32174955078546,124.71477623858407,0.0
8.643,2.661351688493166,-0.5741793198246379,3.868446245538657,0.0,8.087590522789355,8.075729435760824,121.74510077172886,124.71477623858407,0.0
8.644,2.7471080320340446,-0.5825486580287758,3.1864673897355074,0.0,8.144742973271422,8.11317412824038,120.08605617148643,124.71477623858407,0.0
8.645,2.8108785913852237,-0.5475330963069572,4.062276890527697,0.0,8.195989242781792,8.249591232072143,121.11120329588981,124.71477623858407,0.0
8.646,2.8970930769419816,-0.5547867699227913,3.585739057752951,0.0,8.256900655439267,8.307468108040892,120.84942602599138,124.71477623858407,0.0
8.647,2.9724777721259215,-0.5225368545686893,3.7552811948280933,0.0,8.313888587002756,8.381633279469856,119.32526088040919,124.71477623858407,0.0
8.648,3.033290622967124,-0.5145346372836175,4.571258921200936,0.0,8.372036497804977,8.536207288801844,121.64339537696362,124.71477623858407,0.0
8.649000000000001,3.145936595167121,-0.5059731307284019,3.442905481539923,0.0,8.43896527491195,8.537077104220824,118.72405975088171,124.71477623858407,0.0
8.65,3.195364394458434,-0.46817656276799324,4.962480459457906,0.0,8.495216148440033,8.718678999576152,120.21881336374524,124.71477623858407,0.0
8.651,3.3061082762951064,-0.4782124809386634,4.260063281774527,0.0,8.565484040829219,8.783596604415283,121.01390331132056,124.71477623858407,0.0
8.652000000000001,3.394787136183343,-0.44964174302816584,3.899527037259502,0.0,8.631973764111537,8.807767187120259,117.57767479405028,124.71477623858407,0.0
8.653,3.447132541240879,-0.41492998899265743,5.6890123103399795,0.0,8.690698987771318,9.031747220409525,121.66682080428708,124.71477623858407,0.0
8.654,3.5689193483241595,-0.45914021545103956,3.674918859564548,0.0,8.771159934844826,8.986883545691157,124.09776636984525,124.71477623858407,0.0
8.655,3.5784644922111206,-0.46298847568687607,2.4656161754728556,0.0,8.839069626100507,8.84183787465291,122.62143683305588,124.71477623858407,0.0
8.656,3.489222886677733,-0.44902469315566274,3.22471433792282,0.0,8.884109282446001,8.823593592602013,125.68156675014046,124.71477623858407,0.0
8.657,3.4304792832651927,-0.4653515300105291,1.6849814742649656,0.0,8.924756134831203,8.640285488083933,125.93597447772537,124.71477623858407,0.0
8.658,3.314058702888651,-0.43286418330120147,1.5455656280810999,0.0,8.939270615019506,8.491653292619835,125.35701860307972,124.71477623858407,0.0
8.659,3.1842531880012706,-0.42195951720905156,1.828621141758965,0.0,8.936595787839517,8.404980430521224,128.16337254771398,124.71477623858407,0.0
8.66,3.0950497630470126,-0.4173986968594965,0.3909582063505397,0.0,8.925128513590145,8.174248215478864,125.96303523693473,124.71477623858407,0.0
8.661,2.944016950542272,-0.39390078056864275,1.4786442717566564,0.0,8.889195582672972,8.11518616619054,128.68243334206304,124.71477623858407,0.0
8.662,2.8619416624962764,-0.4068766896028748,0.07926864815771362,0.0,8.852612069075358,7.901146803049393,126.28326455588515,124.71477623858407,0.0
8.663,2.73161521304685,-0.3888761562376637,1.2631681580736438,0.0,8.796173152762877,7.862590883748326,128.0531563351838,124.71477623858407,0.0
8.664,2.668511288096863,-0.41612591416981526,0.34483846745833047,0.0,8.744700014857724,7.715029570929274,126.72421072051647,124.71477623858407,0.0
8.665000000000001,2.5819017850098005,-0.41840959053187454,0.9892169299726656,0.0,8.683596766281685,7.666038009474416,127.72204644983759,124.71477623858407,0.0
8.666,2.5289902761186713,-0.4512184304466651,0.460226363199568,0.0,8.627290822044777,7.556156703284416,126.95266617368088,124.71477623858407,0.0
8.667,2.4654756346714652,-0.462868255853949,0.8225376019269548,0.0,8.566580734008205,7.503234570687747,127.98371763313645,124.71477623858407,0.0
8.668000000000001,2.417685936326489,-0.49691266164140213,0.27432245825364676,0.0,8.510277827898173,7.390228584759225,126.99210124973503,124.71477623858407,0.0
8.669,2.3529895136431414,-0.5074514703595933,0.7473573998428478,0.0,8.449123438707419,7.3470476113358165,128.25698964512787,124.71477623858407,0.0
8.67,2.3094205093138678,-0.5406974102298508,0.07949106808098705,0.0,8.393318056391944,7.228019276675361,126.95522492820947,124.71477623858407,0.0
8.671,2.241986238864062,-0.5481748133541136,0.7079689396439324,0.0,8.331680433786941,7.198106546145134,127.69825338630368,124.71477623858407,0.0
8.672,2.2051533712631257,-0.5785629963765485,0.3066199391196356,0.0,8.27648322649064,7.117965430365731,127.20695183639064,124.71477623858407,0.0
8.673,2.156438963547095,-0.5964167854082081,0.5273489580980861,0.0,8.220451663309287,7.0736026437002675,127.35612402290347,124.71477623858407,0.0
8.674,2.1188164655997768,-0.6215018346650418,0.426349386998478,0.0,8.168167795307458,7.018407067069517,127.31153565176568,124.71477623858407,0.0
8.675,2.080022791874908,-0.6426254034103369,0.4226759784355578,0.0,8.117665498512148,6.9679996612009925,127.41230229368443,124.71477623858407,0.0
8.676,2.0416159778106966,-0.663766303095886,0.3453173969251775,0.0,8.06928695408748,6.9129468691690965,127.34818493211236,124.71477623858407,0.0
8.677,2.0011513218919377,-0.6809987725329009,0.35104199077593123,0.0,8.021925147543302,6.86403183704703,127.36786985931992,124.71477623858407,0.0
8.678,1.9622513407340274,-0.6977324292176739,0.31466859096479083,0.0,7.9760763959822905,6.815088158933201,127.3324728012083,124.71477623858407,0.0
8.679,1.9236187456967622,-0.7127310220380532,0.30619015439436215,0.0,7.931400660409389,6.769745665092537,127.28238848399414,124.71477623858407,0.0
8.68,1.886726868725885,-0.7264348789701082,0.30555619054733985,0.0,7.888015687344036,6.728156675937608,127.25127395966169,124.71477623858407,0.0
8.681000000000001,1.8519558498229756,-0.7394618854902906,0.2957484755027897,0.0,7.846106244817625,6.688771472684816,127.19191179646968,124.71477623858407,0.0
8.682,1.8188206225751637,-0.75137067897848,0.3006582015199364,0.0,7.805628923437072,6.653069157325222,127.11341750474662,124.71477623858407,0.0
8.683,1.7879061456638587,-0.76240294604678,0.31591893471984145,0.0,7.766723564101248,6.621588164943119,127.1299846865142,124.71477623858407,0.0
8.684000000000001,1.7603673109583498,-0.7715638389089137,0.2834832593567478,0.0,7.729458017004948,6.588364331292195,127.20512990789172,124.71477623858407,0.0
8.685,1.7326108835709935,-0.7789668074661948,0.22100711197491596,0.0,7.693319358865867,6.550966125503918,127.09509754522412,124.71477623858407,0.0
8.686,1.7026321447255208,-0.7836015175944108,0.2522200802423131,0.0,7.657490534390396,6.520772159462923,126.83129982563877,124.71477623858407,0.0
8.687,1.6754738090001675,-0.788177239953467,0.36295370416444395,0.0,7.622682178116583,6.504570906068571,126.5618507101378,124.71477623858407,0.0
8.688,1.656258505061457,-0.7950715014545675,0.47920751719938726,0.0,7.590447143672247,6.500031625656902,126.26750039510293,124.71477623858407,0.0
8.689,1.6448248192401698,-0.8052005170227489,0.6108554331516367,0.0,7.562026933728672,6.507107054867319,125.86404952255333,124.71477623858407,0.0
8.69,1.6434009491661439,-0.8140886149811921,0.801088136586743,0.0,7.538032688320235,6.5302843272306035,125.6177031150139,124.71477623858407,0.0
8.691,1.6513847841179414,-0.8270780628285493,0.9152320715921616,0.0,7.520095552972602,6.558505493087527,126.13714072114958,124.71477623858407,0.0
8.692,1.665948796115791,-0.8375726226744409,0.6412896236986654,0.0,7.5077987548500005,6.549313517235409,127.20452384060141,124.71477623858407,0.0
8.693,1.6595817541061402,-0.8429425611954477,0.08270058795257551,0.0,7.496298186593294,6.481951704444145,125.98849178895316,124.71477623858407,0.0
8.694,1.6187080103741942,-0.8290721790047898,0.6779794582730125,0.0,7.477632052456952,6.495675023589468,124.82143697931816,124.71477623858407,0.0
8.695,1.6102355070480403,-0.8233546643046367,1.2604402556831669,0.0,7.461714640853668,6.564800534347093,124.99749066471658,124.71477623858407,0.0
8.696,1.6418290854593782,-0.8305176936813112,1.1695862687226342,0.0,7.455146629864908,6.606043187670355,126.49348038730056,124.71477623858407,0.0
8.697000000000001,1.6684981966187618,-0.8399900562896563,0.40380436594347646,0.0,7.4543300149005,6.556559638682897,125.98476544733708,124.71477623858407,0.0
8.698,1.6452096271540384,-0.8315510207942796,0.6454619438376876,0.0,7.4476236890032155,6.54901136944661,124.2615856222102,124.71477623858407,0.0
8.699,1.632526840893266,-0.8166145339145315,1.511583762564865,0.0,7.439274545570205,6.635566339619309,123.99229742405888,124.71477623858407,0.0
8.700000000000001,1.6728173791542498,-0.8180244889977152,1.6534526497857815,0.0,7.440720273425722,6.715016470767152,125.76664595919829,124.71477623858407,0.0
8.701,1.7216787148926835,-0.8302479015000096,0.7557596850099344,0.0,7.451296917434888,6.68152940503959,125.72327671701278,124.71477623858407,0.0
8.702,1.7135852024548437,-0.8224656241276644,0.7673593013184001,0.0,7.456488905834401,6.664080497452938,123.49633588611418,124.71477623858407,0.0
8.703,1.7019885771518612,-0.7993429837137149,1.8930141202923982,0.0,7.456951136963488,6.773796407047907,123.48015781621068,124.71477623858407,0.0
8.704,1.7554500595350042,-0.7973395901647945,1.9134493394678838,0.0,7.468349589052919,6.857581545400677,125.54186422343635,124.71477623858407,0.0
8.705,1.8102143299323958,-0.8070246726585467,0.8743252560065253,0.0,7.488072102778487,6.814130558834725,124.4876596400183,124.71477623858407,0.0
8.706,1.8002146537690829,-0.7915835925792365,1.403698713701211,0.0,7.499681896841238,6.847266850560896,121.74482936859661,124.71477623858407,0.0
8.707,1.8159050623856205,-0.7711413775572894,2.804813318111926,0.0,7.511350107818714,7.0252534227195005,124.24824898495496,124.71477623858407,0.0
8.708,1.911265474172288,-0.7844873981992935,1.5577687824690456,0.0,7.541322639335146,7.025089372584803,125.51058427828299,124.71477623858407,0.0
8.709,1.934924354150955,-0.7804550904851121,0.9186430554080385,0.0,7.567704498631479,6.968456723315149,122.25175852134743,124.71477623858407,0.0
8.71,1.916396351203845,-0.7409266817502146,2.5726861110481876,0.0,7.581477105187517,7.1107361874170865,122.92729982215913,124.71477623858407,0.0
8.711,1.98639840107144,-0.7327328669828315,2.252790224806586,0.0,7.607594361961083,7.180550482206554,124.955950010917,124.71477623858407,0.0
8.712,2.038749262619097,-0.7364493897888166,1.2360533927043238,0.0,7.638572078192572,7.132294406254029,121.52026007258475,124.71477623858407,0.0
8.713000000000001,2.0342234868938722,-0.7031421834973821,2.9858435235304395,0.0,7.6579254572855415,7.2956273361770565,122.71396141911468,124.71477623858407,0.0
8.714,2.1214362084678204,-0.699018592782959,2.4090009984601664,0.0,7.691556268545842,7.353973074820695,123.95258922675154,124.71477623858407,0.0
8.715,2.1731221749951133,-0.7024737251936478,1.7973089647600617,0.0,7.728079873016801,7.343516293167432,120.65569846783973,124.71477623858407,0.0
8.716,2.1927079950412005,-0.6683202917949389,3.4863451219234127,0.0,7.756114009877372,7.528030867211761,123.19491772405802,124.71477623858407,0.0
8.717,2.2940704310130458,-0.6751981566613746,2.2319340789595286,0.0,7.800894289925613,7.531067811483616,121.40175826860145,124.71477623858407,0.0
8.718,2.3267468460679,-0.6619061428512756,3.1616439863876353,0.0,7.83996933622844,7.650510508283521,121.96865792007351,124.71477623858407,0.0
8.719,2.408694129719141,-0.644535659767998,2.9056553438367128,0.0,7.885303314579915,7.7157731532277465,122.46510058801694,124.71477623858407,0.0
8.72,2.4620995182609606,-0.6433709174133059,2.6799307663706706,0.0,7.9326757427624806,7.751717994513855,120.13468245859065,124.71477623858407,0.0
8.721,2.51177578548866,-0.6069465356295798,3.8909407688837505,0.0,7.974910377682738,7.919343605031083,122.7797797399985,124.71477623858407,0.0
8.722,2.6083339031280155,-0.6194808959626421,2.587742093165678,0.0,8.031427133617168,7.90884353336644,119.83720312661669,124.71477623858407,0.0
8.723,2.6458853463285474,-0.58294307835308,4.10780613097626,0.0,8.077097703251308,8.082119097802385,122.54802868424133,124.71477623858407,0.0
8.724,2.746041072259015,-0.5890614636859199,2.774060827707365,0.0,8.136567172928338,8.070079923600117,119.40901830023454,124.71477623858407,0.0
8.725,2.784497958144723,-0.5503039338671237,4.396623599094258,0.0,8.184561266084039,8.253782271482903,122.06439306482018,124.71477623858407,0.0
8.726,2.8901576215840468,-0.5597922315140367,3.0954400485390745,0.0,8.247557472751796,8.253319981498572,119.56063099280703,124.71477623858407,0.0
8.727,2.9402845439873437,-0.519257623557572,4.398862537003417,0.0,8.299654139902668,8.411134485586114,120.86027867862181,124.71477623858407,0.0
8.728,3.0355481157977313,-0.5261516210887273,3.7875836696956524,0.0,8.363486276555196,8.46812458201638,120.82226673919867,124.71477623858407,0.0
8.729000000000001,3.114067062327564,-0.49417339788376646,3.845514734401078,0.0,8.42304766465764,8.53059963985937,118.35120554543906,124.71477623858407,0.0
8.73,3.172887043126171,-0.4806582088749965,5.144681038212333,0.0,8.481733531175225,8.729427305077937,121.31991102864895,124.71477623858407,0.0
8.731,3.3048993410382264,-0.48613700214552835,3.69427694870674,0.0,8.555171396712753,8.727771524580344,119.4952835428484,124.71477623858407,0.0
8.732,3.3645746721691103,-0.4444583243060644,4.65878561856437,0.0,8.616460455151728,8.84898093982038,118.5500014600555,124.71477623858407,0.0
8.733,3.448281745467469,-0.4407733666336167,5.193074407746106,0.0,8.683752990705228,9.004713974740211,121.6776584242144,124.71477623858407,0.0
8.734,3.561927072690619,-0.4507223594716255,3.6596171038103518,0.0,8.761020814984269,8.965915853137096,122.96338530557517,124.71477623858407,0.0
8.735,3.5685150226346734,-0.45054466248206443,3.034267572460054,0.0,8.826563008077862,8.885682229491408,122.3202653182273,124.71477623858407,0.0
8.736,3.5079561264161234,-0.4561376951060917,3.3797726753375583,0.0,8.878144630056065,8.871012602233156,126.32184129666548,124.71477623858407,0.0
8.737,3.464030943791766,-0.472303195199816,1.3629140355376523,0.0,8.924823401794693,8.64188477961828,125.2455213602992,124.71477623858407,0.0
8.738,3.327462056283743,-0.43035167799828866,1.8957665525036456,0.0,8.939145192204863,8.533703305502652,125.55204786354633,124.71477623858407,0.0
8.739,3.209392196527327,-0.42763906321188516,1.734130584630452,0.0,8.941337783707967,8.426285671902018,127.73963849107854,124.71477623858407,0.0
8.74,3.116038346541342,-0.4152174281499448,0.6100866483394065,0.0,8.931230098991746,8.216888812399372,126.02530494397831,124.71477623858407,0.0
8.741,2.971283314039527,-0.39827658679942474,1.454148134835576,0.0,8.89945422059895,8.146497588328193,128.41314511587493,124.71477623858407,0.0
8.742,2.8897280054279544,-0.4018968605016171,0.22324436011436122,0.0,8.864384446159056,7.943651402362813,126.37400195228534,124.71477623858407,0.0
8.743,2.7584440097145633,-0.3943948377785383,1.2262236847721413,0.0,8.811675605330056,7.893845307451906,127.28256441774617,124.71477623858407,0.0
8.744,2.6951123246929205,-0.4107489537018495,0.7462645702501036,0.0,8.761131012071658,7.786577287500435,127.28163481827154,124.71477623858407,0.0
8.745000000000001,2.6210608966454116,-0.4315504424906964,0.7210607841905445,0.0,8.707038698751491,7.69452112513195,127.24119088370735,124.71477623858407,0.0
8.746,2.5570322365678604,-0.44671294956089147,0.716018605021409,0.0,8.650609861416331,7.612261384148343,127.67646761801079,124.71477623858407,0.0
8.747,2.495065859919625,-0.4733540641799729,0.4687633240754201,0.0,8.59437683125372,7.511613089247744,127.33504188123533,124.71477623858407,0.0
8.748,2.4316782961885117,-0.4855075593027987,0.613273536036639,0.0,8.534772747934628,7.440127965190078,127.92164422883725,124.71477623858407,0.0
8.749,2.374507774287886,-0.5135728025938499,0.2879036823331447,0.0,8.476946202352472,7.338250040951033,127.23882858776521,124.71477623858407,0.0
8.75,2.3117383746576707,-0.5244971703413241,0.6040709793773531,0.0,8.415635546923934,7.285142284529888,128.07591742586962,124.71477623858407,0.0
8.751,2.26370848576651,-0.5547293689246448,0.15191514845229404,0.0,8.358361479562825,7.182971017617532,127.11186106230623,124.71477623858407,0.0
8.752,2.203205302467703,-0.5645021427849057,0.6099724819967656,0.0,8.29737037538539,7.1463723869334,128.07502083872868,124.71477623858407,0.0
8.753,2.1646553598977047,-0.594192947791621,0.09479014778409756,0.0,8.241986779369421,7.049719340650811,127.1991041502667,124.71477623858407,0.0
8.754,2.107553581123107,-0.6059759741825201,0.5079052128982562,0.0,8.183475463179718,7.013683416139074,127.33964855879265,124.71477623858407,0.0
8.755,2.0715468802889614,-0.6303116592399642,0.41138428543320016,0.0,8.129770781250224,6.964041219091255,127.31312238677471,124.71477623858407,0.0
8.756,2.035948433315801,-0.6526486581213099,0.3986639099602627,0.0,8.078686060835274,6.9171145036866,127.33143087651672,124.71477623858407,0.0
8.757,2.001028657888214,-0.6734157041491154,0.3633431187099305,0.0,8.030078145995592,6.86949909532541,127.34712235804075,124.71477623858407,0.0
8.758000000000001,1.965069504026244,-0.6923453829095332,0.3291739167533487,0.0,7.983444076007133,6.821985341184196,127.29563750971573,124.71477623858407,0.0
8.759,1.9286075293286797,-0.7085421637009064,0.32910772820454093,0.0,7.938314386702842,6.778545192415561,127.28586843045868,124.71477623858407,0.0
8.76,1.8934064779631061,-0.7237240697008037,0.3082813459143221,0.0,7.894861693304195,6.736153345330165,127.24543059340566,124.71477623858407,0.0
8.761000000000001,1.8588672035841278,-0.7373142666015644,0.3031937208926161,0.0,7.852858187135956,6.69675134835199,127.18777752199341,124.71477623858407,0.0
8.762,1.8258858295505023,-0.7495143869116544,0.30729024376464587,0.0,7.812320943151825,6.660873252620859,127.13448664061518,124.71477623858407,0.0
8.763,1.7948788466708105,-0.760906296510651,0.3097385804334505,0.0,7.773380722845784,6.627838548245704,127.1310336127129,124.71477623858407,0.0
8.764,1.766333465583121,-0.7703416880280064,0.28730252064330286,0.0,7.735955028103751,6.594550764424705,127.20660910062855,124.71477623858407,0.0
8.765,1.7383312404918267,-0.7777782083727802,0.22459644806502954,0.0,7.69966678777657,6.5569706730750585,127.12882298011844,124.71477623858407,0.0
8.766,1.7081570177754648,-0.7826002535259293,0.23934904090474163,0.0,7.663705422110544,6.524808755013698,126.87708957781928,124.71477623858407,0.0
8.767,1.6799190882546529,-0.7870018079036076,0.3435926086619725,0.0,7.628559951734998,6.506390588736896,126.60085356972363,124.71477623858407,0.0
8.768,1.6593163395747785,-0.7934063649712465,0.4628498393984024,0.0,7.59574769750299,6.500359474813232,126.34768025720282,124.71477623858407,0.0
8.769,1.646637243735655,-0.8034291188205955,0.5731074554726152,0.0,7.566652014654567,6.503774685375037,125.88647304739152,124.71477623858407,0.0
8.77,1.6426944531893277,-0.8123388789887668,0.7919940922901936,0.0,7.541687267227173,6.527220676486715,125.77215935042975,124.71477623858407,0.0
8.771,1.650809325422756,-0.8244720915040846,0.8385771096526229,0.0,7.522809149428689,6.547828795435038,125.9296036405357,124.71477623858407,0.0
8.772,1.6614005958622815,-0.833932220443842,0.7477066905801282,0.0,7.508798937363103,6.552942823411067,127.1930788659022,124.71477623858407,0.0
8.773,1.661916616414762,-0.8412264882296021,0.09118605162370108,0.0,7.49740891746872,6.484885011732076,126.20994673152137,124.71477623858407,0.0
8.774000000000001,1.6218166161067908,-0.8302257236591897,0.5678004138847403,0.0,7.479069091615269,6.485902925709223,124.9707443185678,124.71477623858407,0.0
8.775,1.6073409138195056,-0.8223948753668227,1.18484193956169,0.0,7.461913654078424,6.5492848171536915,124.75222780781924,124.71477623858407,0.0
8.776,1.6340145887155075,-0.8280214685712568,1.293725679243617,0.0,7.45350918317512,6.6073409105468315,126.23775422205512,124.71477623858407,0.0
8.777000000000001,1.6684940733578058,-0.8397740220287765,0.5357326922909673,0.0,7.452987283649745,6.57075687498703,126.35086147033799,124.71477623858407,0.0
8.778,1.6535304644675657,-0.8364409027548021,0.4628182158319918,0.0,7.4483750018662125,6.539329182314056,124.55222479099729,124.71477623858407,0.0
8.779,1.6313039889436762,-0.81777302754661,1.363762069978211,0.0,7.439061043913575,6.612711275669426,123.71097653901687,124.71477623858407,0.0
8.78,1.6612093311102107,-0.8159629371714725,1.7944241929640916,0.0,7.438004259902557,6.712675306487422,125.4704677610753,124.71477623858407,0.0
8.781,1.7183544784672629,-0.8299689718526617,0.9071216667099649,0.0,7.448608322093122,6.694640443917095,126.22526153689577,124.71477623858407,0.0
8.782,1.7203953602579036,-0.8271298495516686,0.5146199258166109,0.0,7.455896128007675,6.6455142620637275,123.85592176712821,124.71477623858407,0.0
8.783,1.6955050847411954,-0.7993619570537224,1.7078783554149513,0.0,7.454516458193675,6.739971262776649,122.917170315822,124.71477623858407,0.0
8.784,1.7367543513403039,-0.7929206813317883,2.1952301402956733,0.0,7.462289594027928,6.861734386396702,125.14372460463233,124.71477623858407,0.0
8.785,1.8071957807064067,-0.8095263287653867,1.0776635122300309,0.0,7.483352762615681,6.836956599737871,125.23269059739432,124.71477623858407,0.0
8.786,1.8112366462093772,-0.8013853322189466,1.028001372260929,0.0,7.49877026958433,6.822735658576086,122.51388866730062,124.71477623858407,0.0
8.787,1.8069232686973122,-0.7731755394861923,2.409411213020616,0.0,7.508202264504798,6.96444514629196,123.47279692058112,124.71477623858407,0.0
8.788,1.8794920484760462,-0.7726486025033051,1.942376879560396,0.0,7.531086143564014,7.019713310089288,125.63504885495436,124.71477623858407,0.0
8.789,1.9252191831526668,-0.7753688076006501,0.8520481862100704,0.0,7.5575129430275805,6.952172935462231,122.56663498778445,124.71477623858407,0.0
8.790000000000001,1.90488474778061,-0.7430863107054367,2.407736532303021,0.0,7.570964748372638,7.07875234248566,122.1405042779983,124.71477623858407,0.0
8.791,1.968730729571261,-0.7303814407224544,2.646544606801954,0.0,7.594654603156356,7.1975045917245115,124.52315169889944,124.71477623858407,0.0
8.792,2.043745075693425,-0.7435553229895893,1.4571371417482322,0.0,7.629426873134802,7.165914581361416,122.21347916327218,124.71477623858407,0.0
8.793000000000001,2.0518105172354906,-0.7212987745465432,2.6369863803149793,0.0,7.654982955927686,7.282501234816947,122.24181248160956,124.71477623858407,0.0
8.794,2.120802832679134,-0.7061036888361089,2.6475493587160375,0.0,7.688193201843119,7.371839766161287,124.31100726959376,124.71477623858407,0.0
8.795,2.181822476211625,-0.711258234700237,1.6169896544138396,0.0,7.7277352272036,7.336076034071344,120.97989147307885,124.71477623858407,0.0
8.796,2.1884557264839044,-0.6761960226601398,3.3198964003263454,0.0,7.755838288035988,7.505348755725217,122.99688486265947,124.71477623858407,0.0
8.797,2.280336103096084,-0.6744490970892371,2.328578619295282,0.0,7.798216775258123,7.524389978999782,122.11880767960501,124.71477623858407,0.0
8.798,2.3156315891617414,-0.6658009975018176,2.7935768964123016,0.0,7.837327714386595,7.603864217261185,121.0773231825019,124.71477623858407,0.0
8.799,2.38039403554126,-0.6382613077732895,3.3506936755246794,0.0,7.877532098554101,7.7291640742993994,122.93183203627326,124.71477623858407,0.0
8.8,2.4593889597708105,-0.6461640451682789,2.4412686906621053,0.0,7.927390728019407,7.732304650723075,120.07040651094513,124.71477623858407,0.0
8.801,2.496316237691196,-0.6136028281168091,3.91842515060256,0.0,7.9689167909309395,7.908426441564047,123.1249582002162,124.71477623858407,0.0
8.802,2.5984957531197095,-0.6196417403145978,2.407047486350706,0.0,8.024892319147687,7.879195078027034,119.59912145820041,124.71477623858407,0.0
8.803,2.624197340948067,-0.5841523517121958,4.2211224051624345,0.0,8.068382936320818,8.071341041870369,122.80187464177952,124.71477623858407,0.0
8.804,2.7331597138234103,-0.589733861726112,2.638874829340927,0.0,8.127707948148524,8.044704643380195,119.08755968958987,124.71477623858407,0.0
8.805,2.7646199448114013,-0.5522251822316707,4.552304470925695,0.0,8.174255049099914,8.250593120574425,122.3737359913046,124.71477623858407,0.0
8.806000000000001,2.880965039956332,-0.5640528088822786,2.9326267225411238,0.0,8.238412413402099,8.230765253250159,119.36883434442314,124.71477623858407,0.0
8.807,2.923244224428793,-0.5225609993415175,4.488536964923465,0.0,8.28948887922565,8.40319555389392,121.27015151507845,124.71477623858407,0.0
8.808,3.0241287905149163,-0.5306479135141511,3.5723246268308624,0.0,8.354005207185619,8.436473501016899,120.25299490437048,124.71477623858407,0.0
8.809000000000001,3.09290588573907,-0.4930324188410633,4.125520745526984,0.0,8.411179123506122,8.536332347847283,119.14310586510335,124.71477623858407,0.0
8.81,3.1650051706819466,-0.48996903885262144,4.736181968895356,0.0,8.472660716025617,8.68632032461876,121.37315738335076,124.71477623858407,0.0
8.811,3.2801567441540054,-0.4818406176723853,3.654572398323986,0.0,8.542129454440367,8.69042831773601,118.90620427584233,124.71477623858407,0.0
8.812,3.3345073843478685,-0.44197806076958157,4.946134671705619,0.0,8.600758521277859,8.849133276474095,119.22624050628863,124.71477623858407,0.0
8.813,3.4365348951807713,-0.4461008173553114,4.84100191380542,0.0,8.670247306098874,8.96267090012961,122.10944380019261,124.71477623858407,0.0
8.814,3.5415751129681836,-0.43777530640263107,3.425453591237347,0.0,8.743183941032683,8.906610503149896,121.37173246273332,124.71477623858407,0.0
8.815,3.535368775119124,-0.43165356143744593,3.827739697725499,0.0,8.802630735938498,8.923589863642185,122.66574921700068,124.71477623858407,0.0
8.816,3.5178138594974753,-0.46274332857734946,3.201221590807652,0.0,8.861311879237999,8.873745092089871,126.56532293194523,124.71477623858407,0.0
8.817,3.4780669366310772,-0.4655925680514825,1.232929266401765,0.0,8.909142949723076,8.628702549766357,124.21969324166383,124.71477623858407,0.0
8.818,3.3283208553752357,-0.42621547811626614,2.4106949415116663,0.0,8.923326686639676,8.578259115939332,126.338664034257,124.71477623858407,0.0
8.819,3.235830923883058,-0.43545131577187546,1.3349706672583572,0.0,8.932457419523388,8.412847503919284,126.62687411265047,124.71477623858407,0.0
8.82,3.123045070882562,-0.4096189575103997,1.1717446493209551,0.0,8.921200000131405,8.269174051674167,126.08939705379417,124.71477623858407,0.0
8.821,3.00199953442786,-0.40748668104111596,1.4267369705970023,0.0,8.896724750625097,8.180610768714109,127.47771999278181,124.71477623858407,0.0
8.822000000000001,2.920714761714637,-0.40689208979636593,0.7049460635612039,0.0,8.86579661550119,8.02424023574664,126.76162729752416,124.71477623858407,0.0
8.823,2.8096304879130445,-0.41188189355107807,1.0425239006006315,0.0,8.822879064918387,7.936171836099264,127.36961494342745,124.71477623858407,0.0
8.824,2.73420365112573,-0.41871816842659326,0.7119816906005512,0.0,8.77614852162789,7.8200692091965305,127.42929015484658,124.71477623858407,0.0
8.825000000000001,2.649323571915514,-0.4353386144814201,0.6549989457283591,0.0,8.724240656293443,7.716523651164328,127.31612695673668,124.71477623858407,0.0
8.826,2.57573682496973,-0.4449612015459287,0.6855670376017842,0.0,8.668061301805771,7.629319921328639,127.72237176570097,124.71477623858407,0.0
8.827,2.5077171318378837,-0.468720082019339,0.4523686778484708,0.0,8.611296760764725,7.526007427311195,127.36104780957245,124.71477623858407,0.0
8.828,2.4408694431343103,-0.47972278574911187,0.6065679402028445,0.0,8.550850133031583,7.453316679873982,127.90056019549561,124.71477623858407,0.0
8.829,2.382274240632971,-0.5071704529403472,0.3049539076721488,0.0,8.492088309681767,7.352907803593364,127.28377046103704,124.71477623858407,0.0
8.83,2.3200170860336033,-0.5186139614493133,0.5876588326769083,0.0,8.43014609030295,7.297039649662578,128.07031154354368,124.71477623858407,0.0
8.831,2.2710285023487,-0.5487005772412685,0.16083293837398993,0.0,8.37200637012096,7.195552364222963,127.13032044782183,124.71477623858407,0.0
8.832,2.210787943378837,-0.5589632952611225,0.6066730441425379,0.0,8.310359926237473,7.157847081536518,128.09699396014693,124.71477623858407,0.0
8.833,2.171921819620844,-0.5890454651358025,0.08951411076435845,0.0,8.254314009979701,7.0600746670247645,127.18562238272263,124.71477623858407,0.0
8.834,2.11450324580781,-0.6007781318874353,0.5204914380351251,0.0,8.195085215540466,7.024981379553826,127.3593416369712,124.71477623858407,0.0
8.835,2.078982344705933,-0.6258153711147816,0.40718615692697036,0.0,8.140906741445553,6.974034300574529,127.31743638459805,124.71477623858407,0.0
8.836,2.043077839599255,-0.6483684453310211,0.402112181653401,0.0,8.089281872633716,6.926933284165381,127.33586349491905,124.71477623858407,0.0
8.837,2.00816850902636,-0.6693905612234006,0.36668775392955144,0.0,8.040196291068149,6.879014916531023,127.36346359482398,124.71477623858407,0.0
8.838000000000001,1.9721117458048334,-0.6887915559658588,0.32640083041468726,0.0,7.993151319158446,6.830519660842786,127.29819013694323,124.71477623858407,0.0
8.839,1.9353047846920368,-0.705089207691822,0.33320342037147044,0.0,7.947560050613319,6.78700878575299,127.2973319460234,124.71477623858407,0.0
8.84,1.9000224606907745,-0.7206451139188563,0.30780695875699116,0.0,7.9037249945814425,6.743941220669514,127.25618172578169,124.71477623858407,0.0
8.841,1.865188768118377,-0.7345174656267717,0.30296801400587414,0.0,7.861337087270009,6.703997470127669,127.19649141789789,124.71477623858407,0.0
8.842,1.8319302267763953,-0.746932474131695,0.3079960161546349,0.0,7.820420523053991,6.667720876214634,127.15118562678384,124.71477623858407,0.0
8.843,1.8007006459674164,-0.7585703331108331,0.3062848178296602,0.0,7.781123970270932,6.633844441909636,127.08029196758038,124.71477623858407,0.0
8.844,1.7710504967416707,-0.7693408821086762,0.3180764901414288,0.0,7.74343781113565,6.603689412301115,127.15274403975697,124.71477623858407,0.0
8.845,1.7450576763501406,-0.7767923944896069,0.25747077604140545,0.0,7.707216725824964,6.568559433216611,127.19228230347562,124.71477623858407,0.0
8.846,1.7164413420756175,-0.7829365898224757,0.21292658353316285,0.0,7.671706097499705,6.531914408040864,126.95038026331648,124.71477623858407,0.0
8.847,1.686407168142305,-0.7868041830218079,0.31152156336541204,0.0,7.636446022787997,6.509691308046714,126.66160071799173,124.71477623858407,0.0
8.848,1.6632825706160144,-0.7922082232931245,0.43644309123370717,0.0,7.603045414045894,6.501163292836558,126.42321099945751,124.71477623858407,0.0
8.849,1.648620863249336,-0.8013917233958316,0.5385536028920836,0.0,7.5730882092655705,6.501512501112015,125.95564978453103,124.71477623858407,0.0
8.85,1.6421310458092393,-0.8103973471083549,0.7599254748958524,0.0,7.547060429398175,6.5227281317304735,125.82216320388623,124.71477623858407,0.0
8.851,1.6489033205016534,-0.8215667173478555,0.8155948955652303,0.0,7.526895565068588,6.542319490463369,126.02749078808189,124.71477623858407,0.0
8.852,1.6580920550172769,-0.8319963826977401,0.6998039579724233,0.0,7.5117418925313375,6.54369849149832,127.12010320235606,124.71477623858407,0.0
8.853,1.6570395054134837,-0.8381733279230795,0.12944448119761764,0.0,7.4988166546725985,6.482050259908327,126.18830108831608,124.71477623858407,0.0
8.854000000000001,1.6196742192443634,-0.8290061385754709,0.5806102897202887,0.0,7.479948957160242,6.484705817379265,124.95156042621232,124.71477623858407,0.0
8.855,1.6072815429778848,-0.8220924525087742,1.196612778895884,0.0,7.462564751572354,6.549447206603583,124.83363743214252,124.71477623858407,0.0
8.856,1.6351974315655065,-0.8288213312662617,1.2543856639951998,0.0,7.454202418989678,6.602976354308545,126.32134227669054,124.71477623858407,0.0
8.857,1.6675247190980096,-0.840493283188481,0.49446758134012514,0.0,7.453245860359634,6.562870793298996,126.27231252048014,124.71477623858407,0.0
8.858,1.6501731284387329,-0.8362998288826191,0.5034070966263651,0.0,7.447796401998772,6.537494607883275,124.52750328734628,124.71477623858407,0.0
8.859,1.630184000931119,-0.8189676925751429,1.3776844427056751,0.0,7.438489670481664,6.612217496208152,123.77274318115136,124.71477623858407,0.0
8.86,1.661507383052569,-0.8179746821752353,1.7644848263774635,0.0,7.437649991167836,6.708697227983497,125.56667206208137,124.71477623858407,0.0
8.861,1.717085108951588,-0.8318597688978845,0.8590014276774851,0.0,7.448079542606417,6.686173524928529,126.19254730800535,124.71477623858407,0.0
8.862,1.7161617940853313,-0.828236331129308,0.5312860940212829,0.0,7.454676339573872,6.640608636502014,123.87235405274444,124.71477623858407,0.0
8.863,1.6921654716768373,-0.8009360246332309,1.699806943510131,0.0,7.453090168665049,6.734704725711502,123.01232545248783,124.71477623858407,0.0
8.864,1.7333950548298096,-0.7948614366714354,2.1468457514993995,0.0,7.4606770221572205,6.851946431922179,125.18293431904227,124.71477623858407,0.0
8.865,1.8014728689086412,-0.8107594072830591,1.0568597374175945,0.0,7.481038883568139,6.826777539514971,125.22430737723901,124.71477623858407,0.0
8.866,1.8045606363201494,-0.8023850660528448,1.031077896932675,0.0,7.4957675123558065,6.814566703902577,122.53241661229718,124.71477623858407,0.0
8.867,1.8007816980304776,-0.7749963178176238,2.3988468756664596,0.0,7.504873175809891,6.956208781681732,123.49802245750767,124.71477623858407,0.0
8.868,1.8734967738555006,-0.7748224468105445,1.9282114908719783,0.0,7.527487242368059,7.011113188190001,125.66990014408303,124.71477623858407,0.0
8.869,1.9190726665916076,-0.7776186522500748,0.8327214085293102,0.0,7.553639664229657,6.942704808050789,122.6506324775477,124.71477623858407,0.0
8.870000000000001,1.8979902385808884,-0.7455736753222967,2.362996679407338,0.0,7.566783096374722,7.065812514740208,122.09264594164854,124.71477623858407,0.0
8.871,1.9598098154396348,-0.7322295710732896,2.668211250326274,0.0,7.589775554276109,7.189183666332925,124.49881842149746,124.71477623858407,0.0
8.872,2.0365042438867405,-0.7462116531507713,1.46728458857268,0.0,7.624477351617644,7.159544678693829,122.38377299744752,124.71477623858407,0.0
8.873,2.0455235152045317,-0.7255401514083155,2.5481173330090146,0.0,7.650331384448668,7.267015462497845,122.04548763937345,124.71477623858407,0.0
8.874,2.1105826799911513,-0.7080941441548676,2.7439528980381582,0.0,7.68263474659654,7.369991840500052,124.2979661411061,124.71477623858407,0.0
8.875,2.177252982044403,-0.7152297098362085,1.621881748146611,0.0,7.722964782627324,7.3338315932004745,121.22217098014727,124.71477623858407,0.0
8.876,2.1842215446090516,-0.6825794236156983,3.1947053812103956,0.0,7.751982903184006,7.489451846508286,122.91410150188803,124.71477623858407,0.0
8.877,2.2702696703974747,-0.6765223596772362,2.366746867706977,0.0,7.79332146284477,7.516212605513887,122.56967904705552,124.71477623858407,0.0
8.878,2.3066414218539326,-0.6693937812846614,2.560409067038518,0.0,7.832478669456223,7.570873160244184,120.61069884082609,124.71477623858407,0.0
8.879,2.3593723033494483,-0.6368249826831186,3.580939944130811,0.0,7.8696749288173145,7.728868475199492,123.2565781732526,124.71477623858407,0.0
8.88,2.451707428890299,-0.6492440694247977,2.272582258570867,0.0,7.920642881265428,7.71102967541832,120.21360575871819,124.71477623858407,0.0
8.881,2.480945152400834,-0.616277832240666,3.839080170636735,0.0,7.960979681532944,7.883177099712178,123.00728240739767,124.71477623858407,0.0
8.882,2.58039720319703,-0.6183695469816148,2.459316784608859,0.0,8.015057295196439,7.864057161667196,119.75142949425282,124.71477623858407,0.0
8.883000000000001,2.6087171054900615,-0.5868886922986225,4.136876708624596,0.0,8.058331342526543,8.0484655355508,122.80266264028297,124.71477623858407,0.0
8.884,2.716108547887859,-0.5899040621633345,2.6303812715925288,0.0,8.116365321743952,8.024740519824544,119.12430825592475,124.71477623858407,0.0
8.885,2.7472875419154077,-0.5545136782353496,4.525463143598237,0.0,8.162300305536267,8.23035958896455,122.41629859880473,124.71477623858407,0.0
8.886000000000001,2.8643935007458197,-0.5654752204230327,2.902452748556038,0.0,8.225763371343273,8.209958421864016,119.24804558273722,124.71477623858407,0.0
8.887,2.90580293597136,-0.5250916529720102,4.5412465631482615,0.0,8.276288206018037,8.391057123323296,121.47248035336332,124.71477623858407,0.0
8.888,3.011030000067331,-0.5349494546239708,3.461452136687417,0.0,8.341358621227482,8.412772230349212,119.99877853602045,124.71477623858407,0.0
8.889,3.0751943916862854,-0.49547467249666655,4.245463022384488,0.0,8.397652701568045,8.529856197447643,119.54976787130398,124.71477623858407,0.0
8.89,3.154012717612483,-0.4960615090214302,4.521618438415524,0.0,8.460485070423395,8.655369790841034,121.39709647012295,124.71477623858407,0.0
8.891,3.2599378701162918,-0.4817194719365825,3.6311309366906537,0.0,8.528002069287968,8.66303649891442,118.58860439698908,124.71477623858407,0.0
8.892,3.3115389338322605,-0.4431734108311285,5.096638691673535,0.0,8.585437392722671,8.842182098648568,119.54790440228386,124.71477623858407,0.0
8.893,3.4229458426426285,-0.4524629589714082,4.668657407389148,0.0,8.656451054693807,8.935684902599684,120.96249619855065,124.71477623858407,0.0
8.894,3.5251533751266226,-0.4337674766424515,3.9988843096560864,0.0,8.727564232325348,8.947414804959873,121.58632278524064,124.71477623858407,0.0
8.895,3.552988058422887,-0.43847769012518656,3.7182555508445274,0.0,8.793444160736147,8.938871862517503,121.99932413051869,124.71477623858407,0.0
8.896,3.5346304894551412,-0.46475089440502937,3.5389093992861573,0.0,8.854724752397587,8.923147097496567,126.460620382234,124.71477623858407,0.0
8.897,3.5088106432954653,-0.47707745930580936,1.2908028319920026,0.0,8.909397998487073,8.672281214644977,124.44993369746103,124.71477623858407,0.0
8.898,3.362794341765599,-0.4331812279438625,2.298794599789715,0.0,8.928565480583629,8.601132999524872,125.7550316306061,124.71477623858407,0.0
8.899000000000001,3.258719422761631,-0.4376018826620509,1.6358430792969627,0.0,8.93962662729114,8.46599984726939,127.27385049092612,124.71477623858407,0.0
8.9,3.1570860496659554,-0.4156368439692981,0.8508429066135297,0.0,8.933607983298966,8.275904542970444,125.91316860058747,124.71477623858407,0.0
8.901,3.016038106735585,-0.40276332540074544,1.519199928162823,0.0,8.907985236620501,8.200085118790817,127.68197019212208,124.71477623858407,0.0
8.902000000000001,2.9333740207267556,-0.40298014230942036,0.6051271928601372,0.0,8.877495407237564,8.029736361294187,126.60496663055363,124.71477623858407,0.0
8.903,2.815540347354509,-0.40380255960702427,1.1247270697246643,0.0,8.833107982776903,7.951805273627906,127.21254626999911,124.71477623858407,0.0
8.904,2.7425629905134405,-0.4130175381628456,0.795959549687776,0.0,8.78637161546385,7.842717298828286,127.50187444251554,124.71477623858407,0.0
8.905,2.6624044138856693,-0.4319759686298823,0.6234244813902445,0.0,8.73539336496795,7.7322609723256,127.29292695814458,124.71477623858407,0.0
8.906,2.587146559245835,-0.4405151721509504,0.7021167163801225,0.0,8.67921703495402,7.645610728199559,127.72103702818303,124.71477623858407,0.0
8.907,2.5187890786423965,-0.4643475579603962,0.4579990734649042,0.0,8.622529483932706,7.54113475673414,127.34266082212464,124.71477623858407,0.0
8.908,2.4513335327758226,-0.4752260669507622,0.620908330658694,0.0,8.562021402997829,7.468535357272886,127.89099911064591,124.71477623858407,0.0
8.909,2.392654506180831,-0.502852366070552,0.31497695767744305,0.0,8.503234298023589,7.36764368353118,127.275703097529,124.71477623858407,0.0
8.91,2.3302452481553164,-0.5143739383386413,0.5970156956464456,0.0,8.441227846130893,7.311324269689477,128.11626022842987,124.71477623858407,0.0
8.911,2.280989833632267,-0.5447091709320361,0.14272229029755668,0.0,8.38301175790589,7.206437493091889,127.12532147737082,124.71477623858407,0.0
8.912,2.219102670520491,-0.5543437747132053,0.6140862134392129,0.0,8.32088505493362,7.168925784727697,128.0233834144696,124.71477623858407,0.0
8.913,2.1799338148066596,-0.5844690467960435,0.13196917313096335,0.0,8.26443728531346,7.074895765734773,127.20928675873654,124.71477623858407,0.0
8.914,2.1244123749651562,-0.5973869060358538,0.5140723957959721,0.0,8.205351002551577,7.03719216640079,127.3820992877302,124.71477623858407,0.0
8.915000000000001,2.088063590562538,-0.6228143115826696,0.4009929008076809,0.0,8.151070824150231,6.984533673934525,127.29583370854256,124.71477623858407,0.0
8.916,2.0514592535556817,-0.6446012291448904,0.4183151157019156,0.0,8.099095101218772,6.938412240689731,127.37723017047985,124.71477623858407,0.0
8.917,2.0164822596871157,-0.6665678957222645,0.35099234541431357,0.0,8.049903271403867,6.887608077551162,127.34200235537855,124.71477623858407,0.0
8.918000000000001,1.9793262466431512,-0.6852777420353305,0.3423339917970154,0.0,8.002388624685262,6.840423348046086,127.32104488613436,124.71477623858407,0.0
8.919,1.9427373786257895,-0.7021957644646621,0.32675003994360985,0.0,7.9565808536921026,6.795231191003424,127.31153531366289,124.71477623858407,0.0
8.92,1.906717466355019,-0.7178840581453226,0.30553723542855815,0.0,7.912391176174573,6.751396205257206,127.25445632223867,124.71477623858407,0.0
8.921,1.871420499736048,-0.7316959986071465,0.3086799303041219,0.0,7.869599398348168,6.711606042020695,127.21557326273681,124.71477623858407,0.0
8.922,1.8380904013205082,-0.7445112169405266,0.3031134898135228,0.0,7.828379336592807,6.674185323081993,127.16773926733002,124.71477623858407,0.0
8.923,1.8062741758252059,-0.7563586196688767,0.3025008572294585,0.0,7.7887142712358965,6.639539428502612,127.08069727996254,124.71477623858407,0.0
8.924,1.776162055886546,-0.7671589631727809,0.3223626404994162,0.0,7.750620686714884,6.609576710269313,127.07507469294313,124.71477623858407,0.0
8.925,1.7496907655574747,-0.775767661143556,0.30157094946552676,0.0,7.71417914216439,6.5789259222976275,127.18983398632507,124.71477623858407,0.0
8.926,1.7236077423330374,-0.7827958187733256,0.2194407252971482,0.0,7.679003683631346,6.541474070571276,127.02839373125914,124.71477623858407,0.0
8.927,1.693831810579028,-0.7871286513729259,0.2770246779033607,0.0,7.644006915788625,6.51441991745332,126.72614224232241,124.71477623858407,0.0
8.928,1.6682221869991036,-0.7917774329091779,0.4080367623343435,0.0,7.6102724470613765,6.502926291900483,126.46606704377211,124.71477623858407,0.0
8.929,1.6519135385739903,-0.7989632708968025,0.5205614535576115,0.0,7.579506017014843,6.501814032311418,126.17009440762816,124.71477623858407,0.0
8.93,1.6428482464785685,-0.8096235966801318,0.6539945899391495,0.0,7.552805781470346,6.512122849412588,125.78890566283856,124.71477623858407,0.0
8.931000000000001,1.643943322466815,-0.8181717563666939,0.8338476680914029,0.0,7.530640145498107,6.536969157202463,125.6823684504813,124.71477623858407,0.0
8.932,1.6536488505639535,-0.8302056239767756,0.877440352151057,0.0,7.514413947742322,6.559054277750362,126.42533054758269,124.71477623858407,0.0
8.933,1.6651902296320928,-0.8388096504645476,0.4888537605103791,0.0,7.5028449860544555,6.5329553181302975,127.11504447830937,124.71477623858407,0.0
8.934000000000001,1.648276434482795,-0.8409147440395166,0.11999411274978478,0.0,7.489968544601743,6.473596594223299,125.6020992786279,124.71477623858407,0.0
8.935,1.6098608374387733,-0.8246229157519213,0.8675934821900801,0.0,7.470630722856212,6.508867203401115,124.61740486778287,124.71477623858407,0.0
8.936,1.6134299552742732,-0.8226874379456737,1.360914401320611,0.0,7.4567037599272075,6.584689517964211,125.29384875821597,124.71477623858407,0.0
8.937,1.6518776475715484,-0.8330769144877372,1.0169017309077388,0.0,7.452913921945103,6.604568746867028,126.7489669938835,124.71477623858407,0.0
8.938,1.6685923147142896,-0.8403432392486546,0.2690007055209811,0.0,7.45218639160977,6.541797946530208,125.44241080204243,124.71477623858407,0.0
8.939,1.6369815285102416,-0.8249425817820895,0.9150024558069314,0.0,7.443487798705356,6.567415009132735,123.6916769136093,124.71477623858407,0.0
8.94,1.6385854160553484,-0.8149547224192868,1.800600393273245,0.0,7.437276113396395,6.680063726310998,124.53904842046357,124.71477623858407,0.0
8.941,1.6962845474548687,-0.8242064410412625,1.3786719180273135,0.0,7.4440680359782,6.7192274260103275,126.3026341775401,124.71477623858407,0.0
8.942,1.729814508215264,-0.8298400844079883,0.48100046009948993,0.0,7.4546243198558795,6.657518068008656,124.94430889932435,124.71477623858407,0.0
8.943,1.7033901468277546,-0.8113867391973029,1.157867772599959,0.0,7.45586783513878,6.689709372509477,122.67848287495679,124.71477623858407,0.0
8.944,1.7112554446762345,-0.7957444338453314,2.311143718420017,0.0,7.458670009206863,6.8377681526265,124.23343224443859,124.71477623858407,0.0
8.945,1.7893585344991558,-0.8063997111923321,1.5384824736205698,0.0,7.477326347441532,6.866263088850456,126.23101299861469,124.71477623858407,0.0
8.946,1.823319481553083,-0.8079777937287423,0.5245297289322144,0.0,7.49703358178066,6.787011302530052,123.52297970740113,124.71477623858407,0.0
8.947000000000001,1.791225907688539,-0.7764482960628796,1.89046433985082,0.0,7.503360888485228,6.881917655519175,121.93654326545447,124.71477623858407,0.0
8.948,1.8330557761575983,-0.7616212895252298,2.7114648905554457,0.0,7.517230424075769,7.03969459707792,124.78942181912893,124.71477623858407,0.0
8.949,1.9227812729417075,-0.7800570046316915,1.2842791579127684,0.0,7.54766689899022,7.008428855980541,124.44512379357329,124.71477623858407,0.0
8.950000000000001,1.9298021434773098,-0.7697883064403324,1.4591246951406986,0.0,7.570619238351371,7.016963162114772,121.235038364096,124.71477623858407,0.0
8.951,1.9409826278793447,-0.7393631889695521,3.0989647886242238,0.0,7.58888569844996,7.2044135819037365,123.99431901043256,124.71477623858407,0.0
8.952,2.040180814542067,-0.7488033987472092,1.7265290377374571,0.0,7.625413228767834,7.196779276502402,124.29506463357536,124.71477623858407,0.0
8.953,2.06141009665909,-0.7412436567066449,1.5803533422161429,0.0,7.656598601791549,7.189862946508267,120.98523152837603,124.71477623858407,0.0
8.954,2.071512113265551,-0.7041731336971376,3.272565341917889,0.0,7.679971644402839,7.37346293473278,123.74368140542302,124.71477623858407,0.0
8.955,2.168533092239718,-0.7101715520497428,1.9030513517260068,0.0,7.720397912824332,7.3629002819567555,122.78264233531513,124.71477623858407,0.0
8.956,2.189750131475117,-0.6981095144567856,2.4028922258126397,0.0,7.754338480807325,7.424750492825779,121.00888220108256,124.71477623858407,0.0
8.957,2.239599619372385,-0.6672329682092251,3.3268312333039423,0.0,7.787794213367616,7.5751733482130295,123.6990589917084,124.71477623858407,0.0
8.958,2.3269077808312586,-0.6783271323980055,1.9919000104597782,0.0,7.834475781733844,7.548712263848309,120.79544272595075,124.71477623858407,0.0
8.959,2.346941875182806,-0.6477568664871864,3.4829014784649353,0.0,7.870369413934902,7.705594249701611,122.94767388594411,124.71477623858407,0.0
8.96,2.437780946971952,-0.6431924320792448,2.4244569219946537,0.0,7.918165496375419,7.709246527344617,120.79796565495718,124.71477623858407,0.0
8.961,2.4690166043674275,-0.6237584052243978,3.538479143324388,0.0,7.959455099726229,7.8479125437827335,122.43939056286304,124.71477623858407,0.0
8.962,2.559880374175639,-0.6106052932704998,2.7405205461286695,0.0,8.009229842339392,7.86824259290235,120.51225049892794,124.71477623858407,0.0
8.963000000000001,2.597755642231099,-0.5960508321538254,3.7461158354927804,0.0,8.054590655999903,8.006854537385308,122.23221470917882,124.71477623858407,0.0
8.964,2.693608690655475,-0.5808758891279356,2.910959345661393,0.0,8.107752883620973,8.024053119364801,119.65320211126291,124.71477623858407,0.0
8.965,2.7332912414660733,-0.5632260563061445,4.251081385892557,0.0,8.155529014497754,8.19720650512727,122.31733391127624,124.71477623858407,0.0
8.966,2.845002260486752,-0.5594822277847628,2.942989909158974,0.0,8.21560754805397,8.188639495974002,118.87648068274383,124.71477623858407,0.0
8.967,2.8844004818461584,-0.5279421370032367,4.721799478983579,0.0,8.26538955563848,8.39247031438039,121.98410483986979,124.71477623858407,0.0
8.968,3.0044209986604353,-0.5393341857212426,3.1952941144077442,0.0,8.332144970571978,8.38238429126703,119.47123670294836,124.71477623858407,0.0
8.969,3.054699726128996,-0.49775353918720067,4.504163578224814,0.0,8.386528450094861,8.53489265177059,120.3338885337133,124.71477623858407,0.0
8.97,3.1485859118229444,-0.5021811983083985,4.116646539891049,0.0,8.451627266684486,8.61204826216955,121.29336029153629,124.71477623858407,0.0
8.971,3.2367564262856647,-0.47522676308437595,3.6711248204500357,0.0,8.51492249818919,8.634106079698444,117.69653478254044,124.71477623858407,0.0
8.972,3.2848460961028176,-0.4446917337435306,5.539719989508397,0.0,8.57100467942106,8.86588016588049,120.360714223026,124.71477623858407,0.0
8.973,3.4240559329087614,-0.4645823511995614,4.2511708894212,0.0,8.64714936936152,8.90482652351686,120.7804854310782,124.71477623858407,0.0
8.974,3.510156261909917,-0.43226912482207386,4.080628193470153,0.0,8.715820864995488,8.933539571007827,119.86905861942161,124.71477623858407,0.0
8.975,3.5431790828018817,-0.4329368435123245,4.584798775490076,0.0,8.780893097134852,9.020641147286687,123.49409668319964,124.71477623858407,0.0
8.976,3.574279504912764,-0.48049620195651965,2.7844865391549023,0.0,8.853393115930132,8.89937291911126,125.52475608573762,124.71477623858407,0.0
8.977,3.516703274435029,-0.46472959065702024,1.7610570394143776,0.0,8.904306389200949,8.709551782598457,123.96140793968698,124.71477623858407,0.0
8.978,3.381642844670509,-0.44073253242455246,2.5502647954286704,0.0,8.928664211200832,8.655132120192308,127.06168792221034,124.71477623858407,0.0
8.979000000000001,3.2948530958542714,-0.44489297310651477,0.976655687330727,0.0,8.945841903817454,8.435797394847992,125.92240469218612,124.71477623858407,0.0
8.98,3.1532354322585197,-0.40719869465667646,1.534221017806816,0.0,8.93518037960167,8.331892234240485,126.35798395187106,124.71477623858407,0.0
8.981,3.0413526847529,-0.4104347094034865,1.299999310831475,0.0,8.91592739615337,8.216862321789764,127.44879838137042,124.71477623858407,0.0
8.982,2.9504204736441753,-0.40267044464617463,0.7272518746539309,0.0,8.886210290534056,8.05963381707641,126.66847936681624,124.71477623858407,0.0
8.983,2.8353360776188365,-0.4047497443361587,1.0978743506486994,0.0,8.844048410618807,7.973402360445364,127.28707375184156,124.71477623858407,0.0
8.984,2.7590602494406262,-0.4116804344396912,0.7628541830034652,0.0,8.798221155946466,7.85825891542432,127.44415309762182,124.71477623858407,0.0
8.985,2.674441589144027,-0.42851272113712263,0.657020741522957,0.0,8.747244526874939,7.75030090690259,127.31579542486473,124.71477623858407,0.0
8.986,2.5988298127214704,-0.4371209477709378,0.6951893860386957,0.0,8.691348341921135,7.660769030440928,127.70566598295696,124.71477623858407,0.0
8.987,2.5290182123156186,-0.4602346816255688,0.4703452095488534,0.0,8.634545016274219,7.556409335551434,127.3633429549798,124.71477623858407,0.0
8.988,2.4611281177430486,-0.47119104719757554,0.6150210563734753,0.0,8.573960116577418,7.481737856900728,127.86799666238066,124.71477623858407,0.0
8.989,2.40143500236871,-0.4983863319207656,0.331161998435078,0.0,8.514848476649055,7.381691123049393,127.30510683240014,124.71477623858407,0.0
8.99,2.339171460734022,-0.5102805086791657,0.5867036074871774,0.0,8.452679733924588,7.322938124591541,128.07129801908818,124.71477623858407,0.0
8.991,2.288911938423925,-0.5402824677232037,0.1700427963381197,0.0,8.394033839354046,7.220361358427875,127.13972753482251,124.71477623858407,0.0
8.992,2.2279639444475725,-0.550613609746033,0.6115785255085666,0.0,8.331831263656262,7.181114901858059,128.13835134060537,124.71477623858407,0.0
8.993,2.1881247545872284,-0.5811659565303446,0.07803087159692579,0.0,8.275181746597315,7.080240065098337,127.13132646264484,124.71477623858407,0.0
8.994,2.1293122056979676,-0.5923354006991386,0.5573778083365841,0.0,8.21503281295902,7.047922388368387,127.38714989555352,124.71477623858407,0.0
8.995000000000001,2.0948857974996224,-0.6185177932728891,0.40274235531254754,0.0,8.160435373752982,6.994216996160484,127.33444235952425,124.71477623858407,0.0
8.996,2.058027916256183,-0.6415527651074472,0.4028994621177826,0.0,8.108199162222823,6.945696138386382,127.32874919953936,124.71477623858407,0.0
8.997,2.022533682217801,-0.6624168837808183,0.3796063125006728,0.0,8.058399189403993,6.897775714642523,127.40695190587158,124.71477623858407,0.0
8.998,1.9861635955645545,-0.6828198074003133,0.3135832026616874,0.0,8.010822851904075,6.8462834925965295,127.29253480004608,124.71477623858407,0.0
8.999,1.948123417026879,-0.6988526402841946,0.3450141699598148,0.0,7.964414508330577,6.8031212152789315,127.31591381562305,124.71477623858407,0.0
9.0,1.9126957429825515,-0.7150538382001842,0.30731328640094313,0.0,7.919952574824592,6.7586895668307925,127.27806200714325,124.71477623858407,0.0
9.001,1.8772104403263534,-0.7294490928897677,0.3006063329552515,0.0,7.876915135861083,6.717443240385167,127.20677345473524,124.71477623858407,0.0
9.002,1.8432629102381926,-0.7421341935565472,0.3113306369977429,0.0,7.835308216675812,6.680643920950021,127.17735419985303,124.71477623858407,0.0
9.003,1.8116573055390148,-0.7542398021628245,0.30141448482615996,0.0,7.795386823405581,6.645302962976591,127.111221398186,124.71477623858407,0.0
9.004,1.7811477618144043,-0.7654896105009555,0.3105164340636526,0.0,7.757039896496157,6.613644331174035,127.06342612478184,124.71477623858407,0.0
9.005,1.7537080777475205,-0.7741050538966056,0.31092757190375586,0.0,7.7201969997875635,6.583984345340941,127.18855676623026,124.71477623858407,0.0
9.006,1.7279094041852918,-0.7814675713189311,0.22362444590308295,0.0,7.684796116649016,6.546562070432997,127.07249533932703,124.71477623858407,0.0
9.007,1.6983211676879784,-0.7860346815083171,0.25807796834726804,0.0,7.6496218512801395,6.517001572709945,126.78590596708631,124.71477623858407,0.0
9.008000000000001,1.6713122788753103,-0.7907540713006774,0.38066135718260874,0.0,7.6154824244511135,6.502694431174174,126.47944913795406,124.71477623858407,0.0
9.009,1.6531644558954872,-0.7975052196489681,0.5162430427550313,0.0,7.5840216585718,6.501818384273345,126.14315941001944,124.71477623858407,0.0
9.01,1.6439738885918667,-0.8078046805865386,0.670104075007991,0.0,7.55668479380998,6.5142822463403665,125.82590716957877,124.71477623858407,0.0
9.011000000000001,1.6459965349333086,-0.8173331442232542,0.8176188859183771,0.0,7.534273138121712,6.537139657831526,125.69524837674385,124.71477623858407,0.0
9.012,1.6549867557958509,-0.8295711229970536,0.8731435609542402,0.0,7.517639282180136,6.5591340309181145,126.47115299996054,124.71477623858407,0.0
9.013,1.6662233049438613,-0.8385030355605272,0.46762748173213087,0.0,7.505728379735622,6.530957447439444,127.1090735303503,124.71477623858407,0.0
9.014,1.6481575970532183,-0.8404841756405294,0.12472424361958656,0.0,7.4923195154708555,6.4728428300234775,125.61470193443539,124.71477623858407,0.0
9.015,1.6100576511818452,-0.8245479193204679,0.86291078461853,0.0,7.472667276294965,6.5078386767805885,124.65316867951341,124.71477623858407,0.0
9.016,1.6135327751483706,-0.8229798831667277,1.3442934876702237,0.0,7.458466724298663,6.582176683775063,125.31798502780366,124.71477623858407,0.0
9.017,1.6511873525451108,-0.8333454387656483,1.0058532256329054,0.0,7.454275919678858,6.601511326741862,126.77347115015921,124.71477623858407,0.0
9.018,1.6673427340394924,-0.8406877488952168,0.25752321533937783,0.0,7.453141658375976,6.538160980247674,125.47530061124637,124.71477623858407,0.0
9.019,1.6352430588933577,-0.8253704931100655,0.8990032410691757,0.0,7.4440274673163,6.5627708632868424,123.74530220226376,124.71477623858407,0.0
9.02,1.6361583721129442,-0.8153940352320371,1.7736971859236839,0.0,7.437341445857777,6.673388191387212,124.54386662261014,124.71477623858407,0.0
9.021,1.6926035322539474,-0.8244093954607483,1.3761240719102328,0.0,7.443477213559079,6.713595388058351,126.29910222875496,124.71477623858407,0.0
9.022,1.7263194480628656,-0.8303135654887644,0.4826630089361128,0.0,7.453579429258165,6.65294615690792,124.99986095478147,124.71477623858407,0.0
9.023,1.7003969693861096,-0.8125372999514007,1.1294327987608854,0.0,7.454592069362906,6.682639989765438,122.73755393012372,124.71477623858407,0.0
9.024000000000001,1.7070014597520458,-0.7969618721747782,2.280358534174361,0.0,7.456937294342873,6.8286141176178905,124.1911732148316,124.71477623858407,0.0
9.025,1.7838322493211862,-0.8069819548339437,1.558784922057951,0.0,7.474903372980359,6.860957658547208,126.2293436320023,124.71477623858407,0.0
9.026,1.8194526542290372,-0.8091397126840847,0.5245540395384165,0.0,7.494444350383954,6.7821638556471875,123.65198284866358,124.71477623858407,0.0
9.027000000000001,1.787591106425959,-0.7788824879053665,1.8238623651069807,0.0,7.500801977453026,6.870330729722682,121.87523623566818,124.71477623858407,0.0
9.028,1.8259220051293612,-0.7632583471606885,2.7406310716338376,0.0,7.513924445988616,7.033633139224402,124.69423117654851,124.71477623858407,0.0
9.029,1.9171051107124342,-0.7829688256149021,1.3313390518140282,0.0,7.544389302658227,7.008080912756952,124.65782514141065,124.71477623858407,0.0
9.03,1.9278211208854537,-0.7737059032456924,1.3501115803546915,0.0,7.568036424768977,7.004021362877679,121.46856448020193,124.71477623858407,0.0
9.031,1.9334337059815485,-0.7413285605709061,2.9772040285428734,0.0,7.585444001210189,7.181014699953862,123.8150017037004,124.71477623858407,0.0
9.032,2.0260590354340744,-0.7470227890819855,1.812983162142475,0.0,7.619760292277866,7.187581580791806,124.5554800485975,124.71477623858407,0.0
9.033,2.0525184100083744,-0.7414740657698545,1.4443369515937912,0.0,7.650634340473125,7.166030250247724,121.26147553603181,124.71477623858407,0.0
9.034,2.0565567313655753,-0.7030895648598762,3.12587221490216,0.0,7.6720990429274725,7.338197177043433,123.40032435705201,124.71477623858407,0.0
9.035,2.1467402877204247,-0.7053771097724361,2.0695923232073783,0.0,7.7092694427654385,7.352407932700036,123.17882226700786,124.71477623858407,0.0
9.036,2.1781683279842787,-0.6986026569536338,2.1957029079452175,0.0,7.743375812926072,7.390794367147409,120.50599257795069,124.71477623858407,0.0
9.037,2.218893090196599,-0.6661902486774651,3.574205589080135,0.0,7.774412569133188,7.574961540802854,123.92084717761264,124.71477623858407,0.0
9.038,2.3222176657057387,-0.6812081898026618,1.874717579858874,0.0,7.822738464691674,7.532128509203899,120.81396899869107,124.71477623858407,0.0
9.039,2.336761101686984,-0.6524634420948318,3.4671647417185922,0.0,7.858636365875302,7.690008906014622,122.82897635543847,124.71477623858407,0.0
9.040000000000001,2.428346527439768,-0.6448399922161464,2.478519062176346,0.0,7.90618138461206,7.701086594421396,121.14842498999155,124.71477623858407,0.0
9.041,2.460671452443956,-0.630527767066408,3.35445825738573,0.0,7.948581560048139,7.819410896636692,121.92694825659949,124.71477623858407,0.0
9.042,2.544241185922008,-0.6098408261343604,2.9930749039016087,0.0,7.99644170691111,7.872761803906176,121.3252916330497,124.71477623858407,0.0
9.043000000000001,2.5937739373850457,-0.604150944925206,3.327798061731845,0.0,8.044431912291046,7.961384110705021,121.25610804563036,124.71477623858407,0.0
9.044,2.6706082515588547,-0.5766666133335602,3.396976537371055,0.0,8.093518950149882,8.042249161059498,120.99459048973688,124.71477623858407,0.0
9.045,2.732495529928004,-0.5749835399533529,3.5649371728062658,0.0,8.145873494502377,8.131681037827024,121.2595667568061,124.71477623858407,0.0
9.046,2.8150801699370573,-0.5480914810040671,3.467001134089437,0.0,8.198994476345755,8.196487173122536,119.76526824113424,124.71477623858407,0.0
9.047,2.872794357597292,-0.5409108732816922,4.263645471899864,0.0,8.252763027274378,8.343212316376619,121.82916417882038,124.71477623858407,0.0
9.048,2.980443424802873,-0.5302405771964105,3.260553623654431,0.0,8.31472531094339,8.351070998197038,118.49121864482325,124.71477623858407,0.0
9.049,3.0273404386348575,-0.5001332748287866,4.9917619665906034,0.0,8.368072134127956,8.56072169555829,121.40136166850792,124.71477623858407,0.0
9.05,3.152884924522611,-0.514552390595953,3.5698246004490306,0.0,8.438936520488257,8.567675888487607,119.87469817161688,124.71477623858407,0.0
9.051,3.2166420375738687,-0.4732525209626748,4.381557129564219,0.0,8.498722710688126,8.678773215047345,118.83463932405846,124.71477623858407,0.0
9.052,3.2938259270583634,-0.4700766367353,4.960387922488689,0.0,8.563703665955304,8.832440833188853,121.07971721113725,124.71477623858407,0.0
9.053,3.412279474640502,-0.46379507884193183,3.87419956922376,0.0,8.636894074983914,8.839712706915355,119.24670561269448,124.71477623858407,0.0
9.054,3.471375170100166,-0.42212320445499896,4.845386074704039,0.0,8.698971539878693,8.965952842282803,120.47973056901849,124.71477623858407,0.0
9.055,3.543277400979146,-0.4455351378129804,4.271224053237694,0.0,8.770457303233982,9.005588734744794,124.5186165364385,124.71477623858407,0.0
9.056000000000001,3.5753676235481007,-0.4689152763077964,2.2537426665491425,0.0,8.84109577540079,8.829417379801242,123.17429871279069,124.71477623858407,0.0
9.057,3.484229094639611,-0.44404150471904025,2.9413063536309827,0.0,8.884083348596853,8.784079967420238,124.57436783982435,124.71477623858407,0.0
9.058,3.407870578450573,-0.4571641243476505,2.24267587410175,0.0,8.919930649110242,8.671338115469617,127.18737626528096,124.71477623858407,0.0
9.059000000000001,3.322292044499701,-0.43916972913276775,0.9114456611064745,0.0,8.938808424707306,8.44265621370391,125.08769890832377,124.71477623858407,0.0
9.06,3.164798095214318,-0.4105536123665656,1.957555112887671,0.0,8.929962403675965,8.383583170582252,128.06518748592737,124.71477623858407,0.0
9.061,3.0749263216254232,-0.4172601299369365,0.4353067116124407,0.0,8.917117558535988,8.159935366613462,126.06040623811798,124.71477623858407,0.0
9.062,2.9341463235165266,-0.3881649312980794,1.424241035521797,0.0,8.879924880487156,8.095960200226425,127.35624073952538,124.71477623858407,0.0
9.063,2.849442895454184,-0.40551009564643514,0.7499091398086848,0.0,8.84225287366921,7.958507008011441,126.81326506666342,124.71477623858407,0.0
9.064,2.759208049533573,-0.40270726689054726,1.0004120879588694,0.0,8.794120985504932,7.874409376360454,127.48328434798307,124.71477623858407,0.0
9.065,2.6846736430152687,-0.42551295392654265,0.6377173662050524,0.0,8.744929176853496,7.758803306441526,127.07242388120217,124.71477623858407,0.0
9.066,2.609325028833005,-0.43304192517460105,0.8195711231693226,0.0,8.689696072042237,7.681012526627819,127.74276456441818,124.71477623858407,0.0
9.067,2.5448405608325615,-0.4595404579065242,0.45412089830297586,0.0,8.63504674861877,7.56979925734764,127.15146054016382,124.71477623858407,0.0
9.068,2.4753823880422554,-0.46926447504533186,0.7254060674143563,0.0,8.575545687167578,7.5047338078309815,128.0089469869298,124.71477623858407,0.0
9.069,2.4193164374944676,-0.4989610195187334,0.2637211365479115,0.0,8.518657566630525,7.392199275866798,127.1230740956559,124.71477623858407,0.0
9.07,2.352059048961523,-0.5078832841424313,0.6825746036141458,0.0,8.456889288614633,7.342757768964425,128.27443357671692,124.71477623858407,0.0
9.071,2.3045516661398313,-0.5391513258124089,0.07129828970230645,0.0,8.399703949647554,7.2252078939747895,127.05499252856721,124.71477623858407,0.0
9.072000000000001,2.2365970493787466,-0.5467457186691588,0.6576166508773271,0.0,8.33700485987576,7.191302189471288,127.69253720906516,124.71477623858407,0.0
9.073,2.1979488550281996,-0.5761976615662433,0.3090667009235395,0.0,8.28034887842091,7.113885223545237,127.25803574554035,124.71477623858407,0.0
9.074,2.150225095698643,-0.5947001539555752,0.5008848376163817,0.0,8.22335755325279,7.067992982184801,127.39637711838948,124.71477623858407,0.0
9.075000000000001,2.1124457574388624,-0.619789809748226,0.4048981423937643,0.0,8.170050973678741,7.012192604217461,127.33228407675075,270.62131282749107,0.0
9.076,2.0735778912657565,-0.6408654037754582,10.0,0.0,8.118562433050432,8.016960349274807,134.98374826632147,270.62131282749107,0.0
9.077,2.5565491761082493,-0.9209377793687279,10.0,0.0,8.203296726365673,8.76663592719312,142.08389376664633,270.62131282749107,0.0
9.078,3.0583603492808082,-1.2266775429126544,10.0,0.0,8.385355798375123,9.399447860450568,148.8379890806595,270.62131282749107,0.0
9.079,3.484933201146718,-1.490448837797032,10.0,0.0,8.638447601311215,9.945279605609697,155.8946392791064,270.62131282749107,0.0
9.08,3.8188840439000997,-1.7065027183277022,10.0,0.0,8.941941612379141,10.429368492362302,163.06346853695408,270.62131282749107,0.0
9.081,4.0720263850055,-1.8815120954034317,10.0,0.0,9.280585603688555,10.87089174245238,170.71174829582998,270.62131282749107,0.0
9.082,4.262978417629043,-2.0234209596550343,10.0,0.0,9.643377402172959,11.28365376648686,178.63470643164962,270.62131282749107,0.0
9.083,4.407464175452571,-2.141465694623082,10.0,0.0,10.022732055416338,11.677434854931974,186.57341017793888,270.62131282749107,0.0
9.084,4.51827087693116,-2.2420614592381707,10.0,0.0,10.413414438937867,12.059029420272509,194.52325567657087,270.62131282749107,0.0
9.085,4.605086067124061,-2.3293697221792966,10.0,0.0,10.811785991918676,12.433091163524711,202.39273464285893,270.62131282749107,0.0
9.086,4.6751072574083485,-2.405788960263207,10.0,0.0,11.215259597486439,12.802749708720427,210.043949471013,270.62131282749107,0.0
9.087,4.73342403859638,-2.4729519291783846,10.0,0.0,11.621975431216827,13.17007512592551,217.47830054080902,270.62131282749107,0.0
9.088000000000001,4.785096983744525,-2.529490731063108,10.0,0.0,12.030299861812852,13.536238728628708,224.74148215113865,270.62131282749107,0.0
9.089,4.833322053487536,-2.5752283379391523,10.0,0.0,12.438873958357114,13.901830385900938,231.73984427039133,270.62131282749107,0.0
9.09,4.880960511360445,-2.6093368104563255,10.0,0.0,12.846444366882302,14.266962307431784,238.38810885596925,270.62131282749107,0.0
9.091,4.930733671506223,-2.6305081796882543,10.0,0.0,13.251758692598395,14.631339414624755,244.6276327787801,270.62131282749107,0.0
9.092,4.985171124322464,-2.6373896104698953,10.0,0.0,13.653524540155836,14.99431985546171,250.42505445197256,270.62131282749107,0.0
9.093,5.046715573057032,-2.6286292617810476,10.0,0.0,14.050379394377638,15.35495332213807,255.89044657442062,270.62131282749107,0.0
9.094,5.118574210809495,-2.6015604583005154,10.0,0.0,14.440722144948928,15.711919921903556,260.95169673699246,270.62131282749107,0.0
9.095,5.198820257142293,-2.5620872997743063,9.077000364295671,0.0,14.823655921036561,15.962585698103062,265.14013689287987,270.62131282749107,0.0
9.096,5.24746011939846,-2.4742570082177693,7.037592045698081,0.0,15.184096296649416,16.00682543121783,266.5489223383343,270.62131282749107,0.0
9.097,5.187642555424543,-2.337181604467415,6.373923227862428,0.0,15.498716616515498,16.03714207246616,258.0566156802225,270.62131282749107,0.0
9.098,5.1236293070859205,-2.1489770881084436,10.0,0.0,15.76557482575782,16.50783749636726,265.29209563131826,270.62131282749107,0.0
9.099,5.300611704859173,-2.036137700837367,7.166361254237044,0.0,16.04228646902979,16.59007997280874,266.6532977616467,270.62131282749107,0.0
9.1,5.351057013137034,-1.91019584996546,6.5254403397312775,0.0,16.286825985895508,16.64582529286243,257.38573875923817,270.62131282749107,0.0
9.101,5.398042948240304,-1.7178790211551747,10.0,0.0,16.492590650419615,17.10439680459336,264.23467574591825,270.62131282749107,0.0
9.102,5.641327569533591,-1.6273909759995566,7.905141947461388,0.0,16.71560548298539,17.246216200230453,257.65523360689434,270.62131282749107,0.0
9.103,5.802350485127031,-1.5063991574042654,10.0,0.0,16.918096552264362,17.632258431362686,261.8254872767697,270.62131282749107,0.0
9.104000000000001,6.086414817163731,-1.4019199697083178,9.300864753565257,0.0,17.128659945268076,17.8724552413083,253.7291607150061,270.62131282749107,0.0
9.105,6.32902306512221,-1.305149676296276,10.0,0.0,17.332586739567603,18.169738675176816,257.91742581605723,270.62131282749107,0.0
9.106,6.611376249978038,-1.2002099778955055,10.0,0.0,17.53527353393406,18.422062324769534,251.08105492325893,270.62131282749107,0.0
9.107,6.89855445660183,-1.0768509854901613,10.0,0.0,17.73040392164258,18.640656217959567,248.76124636937996,270.62131282749107,0.0
9.108,7.156795791963971,-0.9831657492309356,10.0,0.0,17.918808873834777,18.831368995777844,258.22991606753186,270.62131282749107,0.0
9.109,7.362452858258676,-0.9609203267962352,10.0,0.0,18.105934464484363,19.001811127094726,262.09847728560527,270.62131282749107,0.0
9.11,7.462624576366466,-1.0794386201402295,9.723294756039246,0.0,18.30465117569286,19.134521709180284,270.8855780176809,270.62131282749107,0.0
9.111,7.481548454055556,-1.2681680646394833,5.327101738099519,0.0,18.51634232995054,18.791938815279646,276.47244667761635,270.62131282749107,0.0
9.112,7.267604783681225,-1.3001657958374926,2.4751560696305575,0.0,18.674238535379178,18.258754275360722,278.8345657387393,270.62131282749107,0.0
9.113,6.836731058943154,-1.3151472435377305,1.2119640099566054,0.0,18.76435464820811,17.72950281311455,282.54732836076084,270.62131282749107,0.0
9.114,6.371985352787021,-1.2776990016639727,-0.7636774563868709,0.0,18.788264882446413,17.10431275810465,284.9427256524706,270.62131282749107,0.0
9.115,5.834304033840412,-1.2469626995351457,-2.104590230491538,0.0,18.74425857694446,16.470786229554047,285.4948264926355,270.62131282749107,0.0
9.116,5.294547698323791,-1.1937595248472785,-2.529375787225452,0.0,18.635755262943267,15.916890823525987,286.76690221518345,270.62131282749107,0.0
9.117,4.7980535636674855,-1.1673794342049544,-3.326869542376338,0.0,18.480342961515618,15.373274960658394,286.65167352433326,270.62131282749107,0.0
9.118,4.335504925349621,-1.145306972359547,-3.429558803919666,0.0,18.283946134047394,14.91107398158493,286.2465929809967,270.62131282749107,0.0
9.119,3.935160505651181,-1.1392225296031098,-3.383271333786439,0.0,18.0605203273339,14.520984331785735,285.30793079800713,270.62131282749107,0.0
9.120000000000001,3.599786838031138,-1.1491640330268649,-3.06080642199682,0.0,17.821582546116005,14.215456991131855,284.12977719633204,270.62131282749107,0.0
9.121,3.3353446789186307,-1.1744564414658347,-2.6068142648476833,0.0,17.578668558848562,13.98903799541625,282.8054249204004,270.62131282749107,0.0
9.122,3.138495513786915,-1.212783356598496,-2.066479247810962,0.0,17.341367107316508,13.834875417421383,281.315230520331,270.62131282749107,0.0
9.123,3.002671902169626,-1.260649193212862,-1.4283212247046548,0.0,17.117261516014427,13.7501650900707,279.98815947437026,270.62131282749107,0.0
9.124,2.9244534502726283,-1.3121819532328753,-0.8584541681930791,0.0,16.912285396343542,13.715064825902585,278.73619701926714,270.62131282749107,0.0
9.125,2.889274373275117,-1.3644916738268877,-0.31362178255927686,0.0,16.729535603888074,13.720297381989559,277.00229430219343,270.62131282749107,0.0
9.126,2.8880928335219096,-1.4125831524691213,0.48951976123055196,0.0,16.570351011731553,13.7894071277857,275.34086732643436,270.62131282749107,0.0
9.127,2.9288802083431724,-1.4611292126714521,1.2730377041206542,0.0,16.43885500520614,13.909344571438723,273.3034335291426,270.62131282749107,0.0
9.128,3.0095778844730137,-1.5050466977781727,2.26493339575003,0.0,16.336847806458287,14.096943146098168,271.7645916753409,270.62131282749107,0.0
9.129,3.138413298152686,-1.5450049392214207,3.0229215341723674,0.0,16.267757416758847,14.315675962983573,272.03634981562215,270.62131282749107,0.0
9.13,3.2981800593570925,-1.5758285489254513,2.8728920941504392,0.0,16.230440362370896,14.465257349828164,273.56389536495925,270.62131282749107,0.0
9.131,3.426042940158459,-1.5877214039673786,2.0796934941072043,0.0,16.212813130063783,14.497930091668868,268.573109334431,270.62131282749107,0.0
9.132,3.491921632729365,-1.549459293800912,4.595568544301918,0.0,16.19588813450272,14.804283050241853,264.1300343721455,270.62131282749107,0.0
9.133000000000001,3.6886931907949725,-1.5291547484610588,6.882018809998149,0.0,16.20944005546934,15.283672907664563,268.9772903811293,270.62131282749107,0.0
9.134,4.001836913233328,-1.5688382172173885,4.47483102996985,0.0,16.274143997098168,15.396345719094032,267.475042409754,270.62131282749107,0.0
9.135,4.16666084284431,-1.5448499660128403,5.257417719834876,0.0,16.34060928338699,15.59937886219604,259.3803242324104,270.62131282749107,0.0
9.136000000000001,4.356791233701957,-1.4700473199961523,9.417186694457495,0.0,16.41274294680734,16.219237836228338,266.40729378726195,270.62131282749107,0.0
9.137,4.75028420186104,-1.4917928883901905,5.945842107433998,0.0,16.5427891802724,16.31949576229171,260.86442354233316,270.62131282749107,0.0
9.138,4.943860657042182,-1.4422083375961892,8.814846122749973,0.0,16.664184826726007,16.755677926261907,260.7573976106452,270.62131282749107,0.0
9.139,5.278702792101414,-1.3785354260296687,8.966998240762397,0.0,16.8105509501669,17.113531261003946,260.7728823858286,270.62131282749107,0.0
9.14,5.58263140111896,-1.3611372924940395,9.057740157587329,0.0,16.97678872916465,17.42861223864515,256.50792233807925,270.62131282749107,0.0
9.141,5.906799280169697,-1.26806906050632,10.0,0.0,17.14784730384346,17.798930879313758,256.4592533666708,270.62131282749107,0.0
9.142,6.225036996882296,-1.2363753761992842,10.0,0.0,17.336276262167342,18.108136444911363,255.9075987230499,270.62131282749107,0.0
9.143,6.563506313651776,-1.1322787144953006,10.0,0.0,17.525649185274236,18.37121510210409,248.00868218069195,270.62131282749107,0.0
9.144,6.8531285735417224,-1.0601541309975422,10.0,0.0,17.715499944222,18.598449430468037,251.30728467818753,270.62131282749107,0.0
9.145,7.1408367862697935,-0.9518393916184041,10.0,0.0,17.897895684614653,18.793193721089168,255.74240499064643,270.62131282749107,0.0
9.146,7.348342042984186,-0.9460742060115986,10.0,0.0,18.0819752570072,18.96675466057616,260.7182803858124,270.62131282749107,0.0
9.147,7.430523042289263,-1.1070904912338824,9.834735852791816,0.0,18.2827724093397,19.116223549804374,274.6193352765138,270.62131282749107,0.0
9.148,7.480587710457951,-1.2626879572025826,2.8442281829508884,0.0,18.493942293766114,18.498836759627107,272.3396782988059,270.62131282749107,0.0
9.149000000000001,7.117673159161397,-1.2600921321034309,3.9668730170917046,0.0,18.620414995311567,18.198122892688417,283.01724382137627,270.62131282749107,0.0
9.15,6.766839651766935,-1.301121187276582,-1.495869054132335,0.0,18.70870819432864,17.362962146722506,279.0838157574669,270.62131282749107,0.0
9.151,6.177013736576932,-1.207505679544984,0.38621994852260144,0.0,18.69394800244521,16.943176521856135,283.59864887825637,270.62131282749107,0.0
9.152000000000001,5.7078922149365106,-1.2050440795328692,-2.0009699723797967,0.0,18.639350646339466,16.328186767190793,283.85167180963134,270.62131282749107,0.0
9.153,5.20525486622399,-1.1671882106817892,-2.259785027888684,0.0,18.524574520804272,15.815237388626429,285.2280912973096,270.62131282749107,0.0
9.154,4.744123251681096,-1.1565441617808545,-3.0940625564260085,0.0,18.369188783275565,15.29862106189356,285.1925927537233,270.62131282749107,0.0
9.155,4.308178003325292,-1.14543130559106,-3.222026083895181,0.0,18.176564013134573,14.855737242518583,284.87951034162154,270.62131282749107,0.0
9.156,3.926373394203931,-1.146393366697382,-3.208066852985597,0.0,17.959130293353773,14.478333533261539,284.05378079561297,270.62131282749107,0.0
9.157,3.6028445071727715,-1.1599461006134364,-2.929526759662529,0.0,17.727180754745056,14.179196772390775,282.94779300677516,270.62131282749107,0.0
9.158,3.344268846698239,-1.1863517816326332,-2.499797667036466,0.0,17.49128159148308,13.956471566783737,281.6665271445317,270.62131282749107,0.0
9.159,3.149787923471427,-1.2243191658862056,-1.9696168790851432,0.0,17.260612179444305,13.805258706109798,280.24843297812674,270.62131282749107,0.0
9.16,3.014970073451728,-1.2709505336912081,-1.356840997389022,0.0,17.04263819915802,13.721088883676329,279.0496171737618,270.62131282749107,0.0
9.161,2.9362709933960884,-1.3204039032610968,-0.8417161386692662,0.0,16.843018191631664,13.681383341405713,277.77882196848816,270.62131282749107,0.0
9.162,2.897401165444157,-1.3699268089878962,-0.27789362744240886,0.0,16.664342616565122,13.686044270531442,276.103049789423,270.62131282749107,0.0
9.163,2.8934293814655456,-1.416641181070093,0.5051750924708607,0.0,16.508644043789584,13.75291908127426,274.4232739241384,270.62131282749107,0.0
9.164,2.931461398812644,-1.4634611172168155,1.3070434141466718,0.0,16.379885858621204,13.873688142102484,272.39558726034056,270.62131282749107,0.0
9.165000000000001,3.0109915840947012,-1.506572156120761,2.3031440017171025,0.0,16.280354412970446,14.062688859539477,270.9211122149874,270.62131282749107,0.0
9.166,3.1395980014919047,-1.5461906323224706,3.037383530518733,0.0,16.213603105621615,14.280290298899306,270.91782870482075,270.62131282749107,0.0
9.167,3.298797474323586,-1.5753606012430124,3.036060126828749,0.0,16.178099584762894,14.445742616056837,273.18232602018674,270.62131282749107,0.0
9.168000000000001,3.433422620074869,-1.5906220561655777,1.878201337218799,0.0,16.16407870805807,14.45053134528822,268.0956311131975,270.62131282749107,0.0
9.169,3.485232208036712,-1.5500170251194005,4.446805607856353,0.0,16.14731962398256,14.743211368373931,263.0725563962268,270.62131282749107,0.0
9.17,3.670358419342751,-1.5256666180249732,7.033830530654352,0.0,16.159231956153246,15.243988392180867,268.0428744290812,270.62131282749107,0.0
9.171,3.9920246860072073,-1.5659903456120627,4.574455898211232,0.0,16.224709871593085,15.365945460807433,267.5268587057267,270.62131282749107,0.0
9.172,4.16257911650162,-1.546804570627416,4.863408301106147,0.0,16.29332202982741,15.523088800070454,259.11858587605263,270.62131282749107,0.0
9.173,4.329815505166301,-1.4662718459512527,9.182571985457555,0.0,16.362120564200083,16.126907044032148,265.0849683931507,270.62131282749107,0.0
9.174,4.711408272730644,-1.4773404898867397,6.254744171251931,0.0,16.486443947611324,16.27166778008337,260.78402158018565,270.62131282749107,0.0
9.175,4.920682854373325,-1.4397112895454396,8.503590490207504,0.0,16.608561167809658,16.67183187779271,259.182095605983,270.62131282749107,0.0
9.176,5.243695575695233,-1.3714477838983106,9.418945649523899,0.0,16.751350382141318,17.088953238557213,260.55441765838634,270.62131282749107,0.0
9.177,5.573648732015267,-1.3649327655076238,8.833453575013287,0.0,16.92153879414976,17.372018984907122,254.6336279425873,270.62131282749107,0.0
9.178,5.887490091985537,-1.27215936683614,10.0,0.0,17.092875015922395,17.746749007282997,256.34696654360016,270.62131282749107,0.0
9.179,6.205135681030373,-1.238864222296006,10.0,0.0,17.281815885842658,18.057671584153454,254.65739293062018,270.62131282749107,0.0
9.18,6.541850061827284,-1.1370555430378677,10.0,0.0,17.47208892318494,18.32253386433167,248.12981630989455,270.62131282749107,0.0
9.181000000000001,6.828555293669034,-1.0698658508371706,10.0,0.0,17.663448105461327,18.55176678853168,251.1177083781516,270.62131282749107,0.0
9.182,7.1194650453567965,-0.9561543577309877,10.0,0.0,17.846758294610392,18.74807931817208,255.79809665927004,270.62131282749107,0.0
9.183,7.33153832777022,-0.942928576800178,10.0,0.0,18.031050996837276,18.92267265021476,258.9255888468769,270.62131282749107,0.0
9.184000000000001,7.42102936385878,-1.0925333690631183,10.0,0.0,18.23096254700397,19.09051263813025,273.3031981289284,270.62131282749107,0.0
9.185,7.473012081469023,-1.2657513193625556,3.228282868037317,0.0,18.445224867555844,18.511847709178724,271.9332658908682,270.62131282749107,0.0
9.186,7.13979101526032,-1.2601534588190453,3.900129456433639,0.0,18.5778465189946,18.19126994567982,280.22154990010563,270.62131282749107,0.0
9.187,6.782150995106237,-1.3055177564625478,-0.34001491891122093,0.0,18.670194280285816,17.478885968057643,279.3792028313734,270.62131282749107,0.0
9.188,6.255084490087019,-1.2321405258356306,-0.006420284583925628,0.0,18.673543729340288,16.980472933206833,283.5680301583826,270.62131282749107,0.0
9.189,5.762822907824662,-1.2205206309166292,-2.230301121397451,0.0,18.626172513869417,16.333151417352447,283.44658693182146,270.62131282749107,0.0
9.19,5.2341314040565,-1.1709202845691355,-2.2978322491601775,0.0,18.513466429211157,15.81386876544253,284.73550170287103,270.62131282749107,0.0
9.191,4.76101937227615,-1.1528592507073419,-3.0834315234387657,0.0,18.35861197756641,15.296258569822921,284.78320104208024,270.62131282749107,0.0
9.192,4.320030008435905,-1.139643328774027,-3.2489000751892587,0.0,18.166208810450136,14.848356110355653,284.4517422052378,270.62131282749107,0.0
9.193,3.93409700940301,-1.139101668127156,-3.221474950545504,0.0,17.948328290646934,14.468717765607014,283.62453797670014,270.62131282749107,0.0
9.194,3.6082558673933165,-1.1522291934180044,-2.9379050877687685,0.0,17.715721432737652,14.168156832642662,282.53393695500716,270.62131282749107,0.0
9.195,3.348405639425027,-1.1789220937947742,-2.5117308181974414,0.0,17.479124111111396,13.943759891865312,281.27355513670176,270.62131282749107,0.0
9.196,3.152845269401623,-1.2174438114154262,-1.9880623321368462,0.0,17.247717287504535,13.790397842196919,279.8636174602629,270.62131282749107,0.0
9.197000000000001,3.016649163657324,-1.2647938170763304,-1.375516540245135,0.0,17.028938224738017,13.704400635313792,278.61503486507047,270.62131282749107,0.0
9.198,2.9363101660388677,-1.3155956039600316,-0.8311624630247136,0.0,16.82855204406043,13.666354062098247,277.4301914287531,270.62131282749107,0.0
9.199,2.898213985519711,-1.3659873636994182,-0.30682953087865883,0.0,16.649434899831554,13.667693799781283,275.8112030759233,270.62131282749107,0.0
9.200000000000001,2.8924087263249834,-1.4136721559246253,0.45076574305193473,0.0,16.49310485334124,13.729337616790257,274.14481397338966,270.62131282749107,0.0
9.201,2.927187018318307,-1.4602890494877574,1.2487252828597626,0.0,16.36322320357055,13.845499979377642,272.1587685444595,270.62131282749107,0.0
9.202,3.0030136331172947,-1.5035168318811658,2.2263734401551485,0.0,16.262234842163306,14.02862649792568,270.6156861437355,270.62131282749107,0.0
9.203,3.127086485715819,-1.5432784218882851,2.9979709073547127,0.0,16.193599465828445,14.245551020659338,270.83428934347086,270.62131282749107,0.0
9.204,3.2836208399611664,-1.5745729045396477,2.8865395423272373,0.0,16.15656485659201,14.397968078220133,272.49379940239436,270.62131282749107,0.0
9.205,3.411649814109333,-1.5871582525314922,2.0380596471164534,0.0,16.139546857487893,14.42670365066444,267.74317673505436,270.62131282749107,0.0
9.206,3.473585807924552,-1.551037746668422,4.442152341710819,0.0,16.123005106413753,14.718266191733207,263.0774840267446,270.62131282749107,0.0
9.207,3.6602771543824653,-1.5299029508349549,6.85043698387315,0.0,16.13531016207086,15.199971999107365,267.84134946239806,270.62131282749107,0.0
9.208,3.971767220237864,-1.568556280073783,4.4963038996973665,0.0,16.19901850707428,15.319303251849357,267.14120355600113,270.62131282749107,0.0
9.209,4.1377327758611955,-1.5478298833529176,4.8811779456107285,0.0,16.265622705919867,15.483808379249703,258.76962603019535,270.62131282749107,0.0
9.21,4.306334026675317,-1.469588058232038,9.185483576486574,0.0,16.333617660824842,16.091261810698462,265.0152891802513,270.62131282749107,0.0
9.211,4.689624215236657,-1.4827029875302193,6.118712237931012,0.0,16.457783523858215,16.22390558270937,260.6293774651802,270.62131282749107,0.0
9.212,4.892557410550957,-1.4437318054013863,8.411587449089659,0.0,16.57837919846218,16.620095800836566,258.94430291768373,270.62131282749107,0.0
9.213000000000001,5.210730919629537,-1.3747498229389246,9.370894821935966,0.0,16.719336021168886,17.038351869467448,260.4632271180431,270.62131282749107,0.0
9.214,5.539207290899959,-1.3684532929889328,8.713013578850756,0.0,16.888019969998133,17.31396733728911,254.15633409965383,270.62131282749107,0.0
9.215,5.847614493830724,-1.275662655690299,10.0,0.0,17.057253065923277,17.69639694335913,256.5074331316789,270.62131282749107,0.0
9.216000000000001,6.167148685892365,-1.243725408374258,10.0,0.0,17.245220622031123,18.012572345105685,254.21974370835747,270.62131282749107,0.0
9.217,6.506296606039917,-1.1439620838172333,10.0,0.0,17.435354369474737,18.281816032992772,248.55478099263615,270.62131282749107,0.0
9.218,6.79378481076437,-1.0807282729382108,10.0,0.0,17.627441025011567,18.51491650351728,251.28306335016052,270.62131282749107,0.0
9.219,7.087803176414456,-0.9657056476515962,10.0,0.0,17.81160891137443,18.714448454368757,253.9982711093954,270.62131282749107,0.0
9.22,7.315274751413757,-0.9298027874691881,10.0,0.0,17.994514115818966,18.89036230917796,257.9260405897587,270.62131282749107,0.0
9.221,7.405459969174911,-1.082929383649697,10.0,0.0,18.193923139481633,19.059329640746956,272.4333457584125,270.62131282749107,0.0
9.222,7.467458690695668,-1.2430908220241048,3.527190917124914,0.0,18.40637448619432,18.51341413521939,270.84474636161366,270.62131282749107,0.0
9.223,7.149426243322571,-1.2502839690038958,4.319256280183101,0.0,18.54217877946701,18.230794152107247,280.5416589039735,270.62131282749107,0.0
9.224,6.818812333196334,-1.3038777790529235,-0.6284034517616357,0.0,18.641964032736816,17.47104057812924,278.3058466277012,270.62131282749107,0.0
9.225,6.275888537375629,-1.2234191164235324,0.41265734837239787,0.0,18.64640901229212,17.017649650649222,282.9500463863128,270.62131282749107,0.0
9.226,5.801157928730333,-1.2187519632120014,-2.032729866521615,0.0,18.60536160091692,16.377430241225827,282.86450431848147,270.62131282749107,0.0
9.227,5.28174300273339,-1.1721268492557013,-2.1123907475158497,0.0,18.499314898733818,15.865207542620048,284.3270624049997,270.62131282749107,0.0
9.228,4.813615753664459,-1.1575567119699075,-2.980727286550057,0.0,18.351514132946573,15.345181881310321,284.4704394479727,270.62131282749107,0.0
9.229000000000001,4.3719671364870205,-1.1444313760243048,-3.190907074241366,0.0,18.165192792025923,14.891842373695964,284.2253522629434,270.62131282749107,0.0
9.23,3.98146332373856,-1.1431238197563218,-3.204403876081229,0.0,17.952157056605873,14.504360765656067,283.468458342964,270.62131282749107,0.0
9.231,3.648916982349837,-1.154405256863519,-2.954428371246285,0.0,17.722930767568318,14.194631077853671,282.4216787312814,270.62131282749107,0.0
9.232,3.3810660899691487,-1.1790699699227294,-2.549042224442884,0.0,17.488254442719718,13.96118258577578,281.1896562320811,270.62131282749107,0.0
9.233,3.1774453465236636,-1.2156735332328783,-2.0387144088886355,0.0,17.25748064598171,13.799413281518937,279.7929680733491,270.62131282749107,0.0
9.234,3.033675944098026,-1.261621838312399,-1.432086881981192,0.0,17.038295576417465,13.706147704650622,278.53602334879037,270.62131282749107,0.0
9.235,2.9466889385582253,-1.3116538366421189,-0.8827616249148313,0.0,16.836746492888302,13.662780558106066,277.40721320707024,270.62131282749107,0.0
9.236,2.903709040563183,-1.3614566634422771,-0.3862155578505613,0.0,16.655993594022302,13.656579951393509,275.8041216013468,270.62131282749107,0.0
9.237,2.8918988067689515,-1.409396408515928,0.36350215727259183,0.0,16.497471268061748,13.711296930195923,274.1150286752987,270.62131282749107,0.0
9.238,2.9215736720947585,-1.4552040382094027,1.1731114618185892,0.0,16.364832314393034,13.82286748734709,272.21452467597004,270.62131282749107,0.0
9.239,2.992935128743428,-1.499377247507158,2.1074313429981166,0.0,16.26101528853214,13.997143175722467,270.5791081497198,270.62131282749107,0.0
9.24,3.110777686914483,-1.5395280432507983,2.925561652900956,0.0,16.18898238953369,14.212011661119398,270.4314671032047,270.62131282749107,0.0
9.241,3.2644911179198304,-1.5715441004050568,3.001280633401372,0.0,16.148759887304305,14.38260774100393,272.44443702228403,270.62131282749107,0.0
9.242,3.402844372966532,-1.585804251408068,1.9765644319137659,0.0,16.1308676993251,14.404964266963347,268.5147884939596,270.62131282749107,0.0
9.243,3.4606957987603146,-1.556341827776882,3.9624539394112985,0.0,16.113616914630303,14.647010805081656,262.9664979370088,270.62131282749107,0.0
9.244,3.6194444633008858,-1.5299484077281744,6.813147366791522,0.0,16.11968721024777,15.139961154013985,267.0549192758552,270.62131282749107,0.0
9.245000000000001,3.932764023633888,-1.5615474470214352,4.8046006328846875,0.0,16.178185339719462,15.301898757620046,268.4049576251541,270.62131282749107,0.0
9.246,4.1194880071312685,-1.550826425240474,4.151745010258594,0.0,16.245532113815763,15.384357320081486,259.99045214988524,270.62131282749107,0.0
9.247,4.250525479581583,-1.4644017912242486,8.465306354669085,0.0,16.3049905672246,15.933778125683261,263.15442980558447,270.62131282749107,0.0
9.248,4.596156193949092,-1.4587140884701437,6.957986357038539,0.0,16.413683854889936,16.188552879026357,262.83624425731836,270.62131282749107,0.0
9.249,4.8476527223336285,-1.4440381942670455,7.194929816873323,0.0,16.53542781778825,16.44564815538119,255.4472515737983,270.62131282749107,0.0
9.25,5.110931889418443,-1.3581714726249978,10.0,0.0,16.661408331593616,16.96895084284047,261.2291330310826,270.62131282749107,0.0
9.251,5.480701141462263,-1.360521396618637,8.22332450506881,0.0,16.82823822162011,17.190994480606694,253.58080709678174,270.62131282749107,0.0
9.252,5.762437069975467,-1.2834365655068443,10.0,0.0,16.99208665575833,17.593424543374667,257.50309678065196,270.62131282749107,0.0
9.253,6.0978328536375,-1.2372724806902275,10.0,0.0,17.175486051740826,17.920153511412657,250.58663945459256,270.62131282749107,0.0
9.254,6.436874855454462,-1.1528687442299763,10.0,0.0,17.36439563476641,18.198608859881865,251.02087404507176,270.62131282749107,0.0
9.255,6.732077133933054,-1.0905045316898103,10.0,0.0,17.556243768321533,18.43902780119222,251.44397786108198,270.62131282749107,0.0
9.256,7.035825356990089,-0.968980329249929,10.0,0.0,17.740204962509193,18.64412937997558,248.05551025997372,270.62131282749107,0.0
9.257,7.2737839724132565,-0.9229733036352799,10.0,0.0,17.922434664363216,18.823978954833382,259.9609260967327,270.62131282749107,0.0
9.258000000000001,7.378678399063297,-1.060659168462746,9.681638642285979,0.0,18.120031868904782,18.959887992264985,268.65530597975965,270.62131282749107,0.0
9.259,7.440128394666343,-1.19112208001602,5.354108769249817,0.0,18.324434318357937,18.623410618700923,269.79428525379245,270.62131282749107,0.0
9.26,7.2096900967310935,-1.2691205795121543,4.792889407970399,0.0,18.48202399133841,18.34852510915712,279.71970120189485,270.62131282749107,0.0
9.261000000000001,6.93356580262381,-1.3064865939519106,-0.2608024498248369,0.0,18.599696422659864,17.594662496493502,277.85905397790964,270.62131282749107,0.0
9.262,6.386892207251015,-1.2582974162079794,0.5971437506635828,0.0,18.62454087988659,17.130237241410004,281.4183353651199,270.62131282749107,0.0
9.263,5.9168622457808775,-1.2326693831195237,-1.2904671683178366,0.0,18.598121174020005,16.54475885427268,283.5065860119846,270.62131282749107,0.0
9.264,5.412690121010337,-1.2076253956411134,-2.4634452235951265,0.0,18.513297041734596,15.955793492481805,284.01203904141386,270.62131282749107,0.0
9.265,4.911988128427844,-1.1725274104492511,-2.850079000448978,0.0,18.374448448002322,15.436477816676682,284.53584818887583,270.62131282749107,0.0
9.266,4.4556340356957795,-1.1539408305225098,-3.2511289277938134,0.0,18.19585960212274,14.960151625114156,284.18561632960404,270.62131282749107,0.0
9.267,4.046164169264154,-1.1463296657378033,-3.2116560331790494,0.0,17.986845659347814,14.562429830181161,283.5730976923992,270.62131282749107,0.0
9.268,3.7011717344638804,-1.1529903793602785,-3.0349145632257017,0.0,17.759769721503403,14.236480122376404,282.5854114432202,270.62131282749107,0.0
9.269,3.4197647099226174,-1.17414069835429,-2.6607124247935046,0.0,17.525066334616074,13.98731746044723,281.3479614772485,270.62131282749107,0.0
9.27,3.203257498316157,-1.2074961680871246,-2.1492539283052117,0.0,17.292374618705225,13.813120862282922,279.9328337969943,270.62131282749107,0.0
9.271,3.0486946282833314,-1.2516438090296824,-1.5348052978731648,0.0,17.07005510037539,13.710386360314148,278.6339041511471,270.62131282749107,0.0
9.272,2.9533873223685436,-1.3012133256558407,-0.9654663881861056,0.0,16.86470525410111,13.661114325420826,277.5500259626702,270.62131282749107,0.0
9.273,2.9050222126008336,-1.3515725346570304,-0.4928144252994531,0.0,16.680007006788795,13.646899925225373,275.98652971497035,270.62131282749107,0.0
9.274000000000001,2.8875304955730785,-1.4003717659877197,0.23528152967567673,0.0,16.517221467544537,13.692441613512004,274.28329539802735,270.62131282749107,0.0
9.275,2.911314538865013,-1.4460620343849016,1.0502788624418122,0.0,16.379806588263744,13.796728164167678,272.4706172177299,270.62131282749107,0.0
9.276,2.9768209615504104,-1.4916990385243003,1.9381249086881436,0.0,16.271125019747963,13.95938979752667,270.6954444097197,270.62131282749107,0.0
9.277000000000001,3.0868758456303667,-1.5325025932902996,2.8249699968709625,0.0,16.19360979240252,14.172140636913888,270.16929139789755,270.62131282749107,0.0
9.278,3.237082473714503,-1.5666591762638802,3.0925667170779705,0.0,16.14847036030978,14.361009877720328,272.09536839383463,270.62131282749107,0.0
9.279,3.3863204646926794,-1.5827718826227415,2.114787663445995,0.0,16.1281626273767,14.401332475408498,269.7908053676839,270.62131282749107,0.0
9.28,3.452228322880538,-1.5661646095743231,3.275374251119432,0.0,16.111930000406822,14.567276870724069,263.5633601082994,270.62131282749107,0.0
9.281,3.5730900920367845,-1.5316065642498258,6.459676408003611,0.0,16.110279763410286,15.041035219166305,265.7564831595072,270.62131282749107,0.0
9.282,3.870799490908455,-1.5471378736626018,5.411763179079546,0.0,16.158224409446277,15.28859981612985,268.9732070124259,270.62131282749107,0.0
9.283,4.095695477820073,-1.5512640659424646,3.819882310770832,0.0,16.22642961863168,15.329813190204371,260.8087089316955,270.62131282749107,0.0
9.284,4.2103665607298915,-1.475285576992614,8.000257390094,0.0,16.283536748598706,15.839120955947644,262.0572399648848,270.62131282749107,0.0
9.285,4.537170437461418,-1.4534124186207855,7.461632602125416,0.0,16.384217679611965,16.16735446503215,263.8928614637188,270.62131282749107,0.0
9.286,4.817399546237636,-1.4524434653031126,6.611106366346124,0.0,16.507766015151113,16.357103915055426,255.64389167575015,270.62131282749107,0.0
9.287,5.048055144578816,-1.3700086208465858,10.0,0.0,16.628876318781646,16.89894699096024,261.4415264240832,270.62131282749107,0.0
9.288,5.42636232730131,-1.360184325167188,8.060638652278472,0.0,16.79180357555942,17.112190870935652,253.65834760583243,270.62131282749107,0.0
9.289,5.69570053533574,-1.2947831745635234,10.0,0.0,16.95266661104736,17.527282319261328,258.09439336119016,270.62131282749107,0.0
9.290000000000001,6.041056131395402,-1.241770324453888,9.986666876332169,0.0,17.133775085813053,17.860794935736337,250.79528558076734,270.62131282749107,0.0
9.291,6.375377821730128,-1.1743796512709923,10.0,0.0,17.323241129200653,18.147345282904322,252.4813731318906,270.62131282749107,0.0
9.292,6.680382150703177,-1.1048810483692377,10.0,0.0,17.515444663378926,18.39384660917391,250.55890918351727,270.62131282749107,0.0
9.293000000000001,6.989135830002777,-0.9814251822708044,10.0,0.0,17.70019281752452,18.60400529480114,248.27968953564246,270.62131282749107,0.0
9.294,7.240878472062687,-0.9169660111053264,10.0,0.0,17.881626074651056,18.787018773446604,259.3282768263239,270.62131282749107,0.0
9.295,7.363706145291353,-1.0322573103078185,9.954317587514046,0.0,18.07654398855342,18.95385554693218,265.93396123255883,270.62131282749107,0.0
9.296,7.445578249093455,-1.1667076134230658,6.69834890034589,0.0,18.28229040876475,18.758023048309838,269.65756755656287,270.62131282749107,0.0
9.297,7.2890023113758335,-1.2850694052756833,4.846183191053152,0.0,18.459554231165356,18.449211974607312,278.20070694333793,270.62131282749107,0.0
9.298,7.0269468016768375,-1.312715838674273,0.4988195565071498,0.0,18.590068053710972,17.756580394497682,278.12189756638725,270.62131282749107,0.0
9.299,6.507101710904878,-1.2843164001121905,0.4632183975935318,0.0,18.63486693341524,17.240383268406454,281.38964797219336,270.62131282749107,0.0
9.3,6.021200340685432,-1.2442179661958186,-1.2783401567565464,0.0,18.619439379194777,16.637321013321827,283.4109971603462,270.62131282749107,0.0
9.301,5.498038839404279,-1.2132602749143433,-2.416911594161518,0.0,18.542243993186105,16.03788370719131,283.86587063107373,270.62131282749107,0.0
9.302,4.985187783552528,-1.1714514580057114,-2.776793907561112,0.0,18.408535022218103,15.513651254103939,284.5738971645215,270.62131282749107,0.0
9.303,4.520468694383945,-1.1510932914752798,-3.270333017655299,0.0,18.233952392888916,15.02377125950218,284.25672654278605,270.62131282749107,0.0
9.304,4.100502559502563,-1.1407477514896438,-3.2481018439405274,0.0,18.026905599299347,14.614350905582508,283.68790105920476,270.62131282749107,0.0
9.305,3.745383987031316,-1.145388908199379,-3.094354984467018,0.0,17.800235432314704,14.2767211321238,282.72404475084033,270.62131282749107,0.0
9.306000000000001,3.4542662389836596,-1.1650455455014037,-2.7334541495182973,0.0,17.564585123218773,14.016820709122664,281.51508949921924,270.62131282749107,0.0
9.307,3.228923497574598,-1.1974585803586744,-2.2379142904250333,0.0,17.329878670193594,13.832122197737338,280.10596624138753,270.62131282749107,0.0
9.308,3.0659760829176492,-1.2413097307491834,-1.6281991956481434,0.0,17.104672507526796,13.720206942220722,278.7790949552275,270.62131282749107,0.0
9.309000000000001,2.9632709486129256,-1.2911270442057334,-1.046341373845487,0.0,16.895836828551317,13.664537896066554,277.74753781324284,270.62131282749107,0.0
9.31,2.9095992282968357,-1.342063195042965,-0.6018250527106801,0.0,16.70742261631551,13.641507241628794,276.273581380566,270.62131282749107,0.0
9.311,2.8864753996455907,-1.390696592663413,0.0786304780969993,0.0,16.54038707208938,13.674350080537197,274.5859346084402,270.62131282749107,0.0
9.312,2.9018024116172696,-1.4365432215680636,0.8828076463504018,0.0,16.397896161380018,13.766942804728544,272.77673748229626,270.62131282749107,0.0
9.313,2.958770633686026,-1.482273071764673,1.7658519628743212,0.0,16.28348543139331,13.919007034257072,270.78695577874,270.62131282749107,0.0
9.314,3.0606178628011107,-1.523941216913258,2.7590863851399696,0.0,16.1998483948225,14.13421559813609,270.14049272063704,270.62131282749107,0.0
9.315,3.209861431075497,-1.561017536861372,3.087126115259979,0.0,16.149757632039474,14.330293307841634,271.7283934588202,270.62131282749107,0.0
9.316,3.3635146387554116,-1.5801431855293853,2.2821049398550977,0.0,16.12601677465931,14.39451202654054,270.74892441934975,270.62131282749107,0.0
9.317,3.4412004017738105,-1.5735977060403454,2.770563343671747,0.0,16.110160615656575,14.50470652195019,264.71210485192466,270.62131282749107,0.0
9.318,3.5379574249839614,-1.5305143307332023,5.848065207139953,0.0,16.10223580560619,14.926070157939009,264.8806701169244,270.62131282749107,0.0
9.319,3.8022095675829095,-1.5322883551407065,5.821189001745742,0.0,16.137865816597614,15.24267338264208,268.66230528516763,270.62131282749107,0.0
9.32,4.05268235602729,-1.5465367090287983,3.949961493047369,0.0,16.20314272764383,15.300703536768205,261.7159687714852,270.62131282749107,0.0
9.321,4.178558399715288,-1.4884061121956917,7.512183190448633,0.0,16.261158113807497,15.75867339146624,261.1842963176085,270.62131282749107,0.0
9.322000000000001,4.486119936654342,-1.4564185764857496,7.8723895824858054,0.0,16.356231623864847,16.14807527683449,264.20200785865336,270.62131282749107,0.0
9.323,4.79022415595426,-1.4650319906487306,6.427726861651767,0.0,16.482005322368316,16.31515351270594,256.5022444379423,270.62131282749107,0.0
9.324,5.010542127220146,-1.3903338845213797,10.0,0.0,16.60360654879294,16.864304032620986,261.5701704542721,270.62131282749107,0.0
9.325000000000001,5.392549537312058,-1.3760625467975645,7.966971686352018,0.0,16.76713983847826,17.071526141904773,254.27046623869205,270.62131282749107,0.0
9.326,5.653577369502022,-1.3157082373626363,10.0,0.0,16.92854574946283,17.493449779426506,258.53508094369784,270.62131282749107,0.0
9.327,6.003282791265532,-1.2566804859641345,9.733280581164472,0.0,17.110113923541626,17.803794907014037,251.02849620741242,270.62131282749107,0.0
9.328,6.320055520362275,-1.1917854534352115,10.0,0.0,17.2980116169071,18.101920723527957,254.00597078052255,270.62131282749107,0.0
9.329,6.628747024964165,-1.1171206767099928,10.0,0.0,17.48936794747293,18.355568195323436,249.35254543699563,270.62131282749107,0.0
9.33,6.9397072912648685,-0.9956812913539443,10.0,0.0,17.674341707539813,18.57186783874889,244.09372446377333,270.62131282749107,0.0
9.331,7.20649045953971,-0.9116565910844376,10.0,0.0,17.854419732766473,18.758798347991267,258.3128234206409,270.62131282749107,0.0
9.332,7.345302126263853,-1.0094138983967542,10.0,0.0,18.04677655720175,18.932442157175156,265.11478479079557,270.62131282749107,0.0
9.333,7.438828580341749,-1.137612517940616,7.086249478278476,0.0,18.250386355188596,18.778544917213498,268.34660133784956,270.62131282749107,0.0
9.334,7.309219674052107,-1.2629670995574105,5.493088319647893,0.0,18.43075246716299,18.529480403047174,278.2420360126928,270.62131282749107,0.0
9.335,7.084057012768579,-1.3117296999615733,0.4691637503742676,0.0,18.57228585675161,17.81013066413942,276.93680017701286,270.62131282749107,0.0
9.336,6.5673459205384175,-1.2756055478349206,1.0586267947190109,0.0,18.62326965075262,17.34653601218445,280.6401324227072,270.62131282749107,0.0
9.337,6.104609979065499,-1.2505375248050536,-0.893227524080328,0.0,18.620399359146006,16.75953444195342,283.25495339354535,270.62131282749107,0.0
9.338000000000001,5.59733393722757,-1.2246183208521453,-2.32697441515994,0.0,18.556515507472426,16.143925389941504,283.74312361602244,270.62131282749107,0.0
9.339,5.078686294630391,-1.1813919470499388,-2.702277634283801,0.0,18.43296342668631,15.60852145303791,284.5426644196395,270.62131282749107,0.0
9.34,4.604326962068212,-1.157489355052519,-3.2412615520138095,0.0,18.266029138906745,15.105760553142874,284.3531322668664,270.62131282749107,0.0
9.341000000000001,4.172654044507828,-1.1434680704553883,-3.2838136700210145,0.0,18.06420887452993,14.680031848261905,283.8351392075897,270.62131282749107,0.0
9.342,3.803745449003979,-1.1442545770825112,-3.1569554041836483,0.0,17.840224494677646,14.327337134183358,282.8946407322252,270.62131282749107,0.0
9.343,3.499355351833449,-1.1604818708458329,-2.809439445548736,0.0,17.60514621865043,14.054265451052618,281.7151897982341,270.62131282749107,0.0
9.344,3.2622567874922925,-1.1904549451682256,-2.3306527482606345,0.0,17.369403367150696,13.857221426853402,280.31664786037857,270.62131282749107,0.0
9.345,3.088718614752443,-1.2328312279639366,-1.7283351296617324,0.0,17.141892058745317,13.734492804355101,278.9683703163342,270.62131282749107,0.0
9.346,2.97685784780638,-1.2819945951342206,-1.1376669325279742,0.0,16.92984322649142,13.67080554140148,277.9454690450438,270.62131282749107,0.0
9.347,2.9161339765031307,-1.333189749757293,-0.6994578590583114,0.0,16.737770384504383,13.64013945580206,276.527840798406,270.62131282749107,0.0
9.348,2.887064819518969,-1.382260618584068,-0.049709015448544225,0.0,16.566724062180825,13.663013345181483,274.8393999334556,270.62131282749107,0.0
9.349,2.895651468523945,-1.4281351474241135,0.7523305459670078,0.0,16.419625250511707,13.74698685374983,273.1081545788513,270.62131282749107,0.0
9.35,2.9459258090452765,-1.474773489963043,1.5930848057555322,0.0,16.300305143257205,13.886871392289713,270.98292757561563,270.62131282749107,0.0
9.351,3.039062746780969,-1.5173671039937473,2.6520821598921334,0.0,16.211124414700144,14.099175312861586,270.12277661091053,270.62131282749107,0.0
9.352,3.1845625657326364,-1.5557236662733742,3.087143004410488,0.0,16.15588543676642,14.303523877168896,271.46310281627973,270.62131282749107,0.0
9.353,3.341167622377696,-1.579256159458544,2.4085620018380043,0.0,16.128810221684375,14.3871476104825,271.5022963306902,270.62131282749107,0.0
9.354000000000001,3.429387170628666,-1.579765070448536,2.3801554096007633,0.0,16.11262555671894,14.455224434095019,265.4444231881293,270.62131282749107,0.0
9.355,3.507476465286875,-1.5317782077685025,5.460860877274849,0.0,16.099583396606594,14.846329149286365,264.3641263087811,270.62131282749107,0.0
9.356,3.7504553297391974,-1.5263368205954766,6.063581182136032,0.0,16.126837240062393,15.206564573662156,268.06596868581545,270.62131282749107,0.0
9.357,4.0158937210741374,-1.5492140480679488,4.238213435035626,0.0,16.189960150503886,15.299915750313975,262.7880223170377,270.62131282749107,0.0
9.358,4.161507900433838,-1.5065128584520453,6.955519524529034,0.0,16.251179984433943,15.694038271843826,260.4459369042506,270.62131282749107,0.0
9.359,4.444041496667314,-1.4636447700217703,8.228315990155004,0.0,16.341401609292802,16.138082521145527,264.21752285023797,270.62131282749107,0.0
9.36,4.766299722378824,-1.48040288867082,6.406560916933835,0.0,16.469277570531652,16.301000416426433,257.28148717267413,270.62131282749107,0.0
9.361,4.985079938799242,-1.4141909358417006,10.0,0.0,16.593206829177003,16.85306672662349,261.9154241644907,270.62131282749107,0.0
9.362,5.370389442081088,-1.39598889126047,7.777907862740379,0.0,16.758609687601886,17.041758562539354,255.17339711556068,270.62131282749107,0.0
9.363,5.6165265133704585,-1.3379517101737974,10.0,0.0,16.920139374302146,17.471550574368266,258.63230517097765,270.62131282749107,0.0
9.364,5.969589854289453,-1.2711009114307723,9.667768582294837,0.0,17.10172207746441,17.779374379575945,251.76192067471027,270.62131282749107,0.0
9.365,6.277067542467497,-1.2156249552704588,10.0,0.0,17.290495043641002,18.084149932413307,255.48155113527275,270.62131282749107,0.0
9.366,6.594472595403855,-1.1285974288902254,10.0,0.0,17.48185000014345,18.342163133466336,248.53650460727997,270.62131282749107,0.0
9.367,6.899245012142102,-1.020386055257463,10.0,0.0,17.66883780526516,18.56315959475246,246.2340737436793,270.62131282749107,0.0
9.368,7.169082919022764,-0.9343658136566655,10.0,0.0,17.850846363163548,18.754120744832644,257.9393422757694,270.62131282749107,0.0
9.369,7.3461183712956934,-0.9730171942750119,10.0,0.0,18.038862034564147,18.927411115013435,260.4589066141531,270.62131282749107,0.0
9.370000000000001,7.4291214108840675,-1.1243546744680217,9.446072316111103,0.0,18.2416657848578,19.033881990256436,273.3112655150549,270.62131282749107,0.0
9.371,7.438011290036002,-1.2974124628188326,2.9929933387845473,0.0,18.452359229563054,18.44553888602664,273.233106312276,270.62131282749107,0.0
9.372,7.088160684228406,-1.2817861880422161,3.0059550053261583,0.0,18.57969955126587,18.041628475213546,279.7447147875272,270.62131282749107,0.0
9.373,6.681831566335852,-1.3062276157136483,-0.34108325189979993,0.0,18.656759619508716,17.363737009601888,280.03622256912524,270.62131282749107,0.0
9.374,6.155500622517194,-1.2363023152381123,-0.5809862401151697,0.0,18.65038833703709,16.822254863885355,283.4978701216025,270.62131282749107,0.0
9.375,5.6444458466566685,-1.2143308069747352,-2.4405755892949066,0.0,18.588788355336753,16.18308072187218,283.46583681636844,270.62131282749107,0.0
9.376,5.114884789356864,-1.1645556666401917,-2.5530041765666542,0.0,18.464175407250973,15.661033913326571,284.4686425571451,270.62131282749107,0.0
9.377,4.643271460278269,-1.144199223741024,-3.1928803442515132,0.0,18.298077615803642,15.15605025387997,284.3341192035432,270.62131282749107,0.0
9.378,4.211568907772433,-1.1325807995548425,-3.2627467312110956,0.0,18.097016775324903,14.726439787829442,283.87888591416015,270.62131282749107,0.0
9.379,3.840603459654065,-1.1350955274296797,-3.167705817386264,0.0,17.873493776597066,14.36732662249439,282.9833983671584,270.62131282749107,0.0
9.38,3.532058985465788,-1.1523148878070568,-2.843582899282048,0.0,17.63828074357128,14.086705823352805,281.84587761147606,270.62131282749107,0.0
9.381,3.289543746468838,-1.1827445893318385,-2.3870681692807394,0.0,17.401702007497867,13.881192423489672,280.55097040261603,270.62131282749107,0.0
9.382,3.1101986524409813,-1.2244179281024987,-1.8389111406019767,0.0,17.172509575295003,13.745607423813262,279.16013993892784,270.62131282749107,0.0
9.383000000000001,2.9890638550834874,-1.2737614712041498,-1.2288841798722498,0.0,16.957688942698255,13.673814453046733,278.03432248700256,270.62131282749107,0.0
9.384,2.9214243159305613,-1.324842482158727,-0.7401055505047216,0.0,16.762296552058526,13.641613097053563,276.7084194297806,270.62131282749107,0.0
9.385,2.88970971218546,-1.3749763765477154,-0.13802508791662715,0.0,16.588227183156693,13.65724591320718,275.0745531971678,270.62131282749107,0.0
9.386000000000001,2.893505491813732,-1.4221359321987137,0.6343756246929924,0.0,16.437814244938117,13.732117102819874,273.38276643171423,270.62131282749107,0.0
9.387,2.937625092624708,-1.4691425630111397,1.4526544713775467,0.0,16.314628853335535,13.861931347365717,271.30890689730717,270.62131282749107,0.0
9.388,3.02354015630596,-1.5118766465904834,2.482708297882917,0.0,16.220974108233396,14.062559299748637,270.1086400342633,270.62131282749107,0.0
9.389,3.1601911072630915,-1.5509171085662463,3.08796845733712,0.0,16.1606147428613,14.275864607689481,270.7587822476097,270.62131282749107,0.0
9.39,3.319171850437449,-1.5773830323460876,2.7615226564627413,0.0,16.130142691816527,14.403720436368712,272.6548512446856,270.62131282749107,0.0
9.391,3.431712355745111,-1.5870824806687438,1.7931527737528605,0.0,16.116305708821848,14.40169759983409,266.279320333077,270.62131282749107,0.0
9.392,3.47860463315373,-1.5334711656081381,5.024338154501283,0.0,16.09765590133328,14.75957469390102,263.0329484981167,270.62131282749107,0.0
9.393,3.695509323418537,-1.5185394352068855,6.723407715275184,0.0,16.11555240680673,15.210994302535003,267.84583846471975,270.62131282749107,0.0
9.394,4.000233582065872,-1.5559970617209118,4.344717475601371,0.0,16.18107087881678,15.309064357332513,264.99422161549467,270.62131282749107,0.0
9.395,4.154339456155052,-1.5297443366263623,5.826796812333876,0.0,16.24658213308005,15.576790479725256,258.36387771500904,270.62131282749107,0.0
9.396,4.3763247578433955,-1.4636114711422554,9.26454311370151,0.0,16.325302786203956,16.164749090643337,265.39535472352105,270.62131282749107,0.0
9.397,4.758041936417634,-1.4910118601900004,5.801064190485203,0.0,16.458622606557366,16.24665472458825,258.36917768908046,270.62131282749107,0.0
9.398,4.943224652003947,-1.4305279239884976,9.436674059089606,0.0,16.579873771397292,16.751700725023905,260.7299896028459,270.62131282749107,0.0
9.399000000000001,5.304533143774833,-1.3856816899858198,8.355181334453349,0.0,16.735176173418502,17.025154836565026,257.71585030017275,270.62131282749107,0.0
9.4,5.575135601314349,-1.354281257428988,9.991305611063098,0.0,16.89928816115049,17.45142918941595,257.7795263807429,270.62131282749107,0.0
9.401,5.941619964346431,-1.2826395888688409,10.0,0.0,17.082049806178322,17.798475190413814,254.15316463468804,270.62131282749107,0.0
9.402000000000001,6.260260066953382,-1.2525260599607155,10.0,0.0,17.278643815308854,18.097620244268853,255.5095741479885,270.62131282749107,0.0
9.403,6.590022500503164,-1.148430749977115,10.0,0.0,17.47434358010273,18.353422726987038,247.55793210281442,270.62131282749107,0.0
9.404,6.8799401734898336,-1.0588915841318651,10.0,0.0,17.6672452615459,18.574621618219762,249.77549249626784,270.62131282749107,0.0
9.405,7.153738441671054,-0.9591747370629999,10.0,0.0,17.8529032024489,18.76577215570346,255.62950293661845,270.62131282749107,0.0
9.406,7.352381559725451,-0.9567508391953381,10.0,0.0,18.039840942715205,18.937260673224916,260.05887591003017,270.62131282749107,0.0
9.407,7.4283625086116825,-1.1187692093682884,9.643319846913805,0.0,18.243080020404733,19.064687822984432,274.21318871504366,270.62131282749107,0.0
9.408,7.463705397062083,-1.2699482268478595,2.5302446855315326,0.0,18.45374741352229,18.417696791075073,271.75744989849386,270.62131282749107,0.0
9.409,7.082023862028151,-1.2560555170934569,3.746752723096403,0.0,18.575608975889377,18.103756635152614,281.7783015476406,270.62131282749107,0.0
9.41,6.718467577822102,-1.2906068713470114,-1.375242988678452,0.0,18.657829942492935,17.29398641830055,278.4677547941112,270.62131282749107,0.0
9.411,6.137931767810142,-1.2009877682847212,0.20156596842002905,0.0,18.640648175871547,16.858307638451876,282.6243378955539,270.62131282749107,0.0
9.412,5.665507005612745,-1.1950405220055864,-1.9967558329819308,0.0,18.58185870186734,16.253056437942327,282.9897491798089,270.62131282749107,0.0
9.413,5.167115642909044,-1.1590789608136949,-2.303145838632611,0.0,18.464526755944295,15.740830529751198,284.27212636686085,270.62131282749107,0.0
9.414,4.709181333287613,-1.1482172983051275,-3.0808425675522906,0.0,18.306870246530412,15.231000138093533,284.21702796230096,270.62131282749107,0.0
9.415000000000001,4.278561305852037,-1.1383358543294653,-3.189250516620447,0.0,18.113018006679916,14.795028087473646,283.89035250762373,270.62131282749107,0.0
9.416,3.9028184306864926,-1.1407825152721438,-3.158603186083159,0.0,17.89532173289593,14.424748819774333,283.07213972746905,270.62131282749107,0.0
9.417,3.5854180890644334,-1.1560292287050489,-2.8740050650055986,0.0,17.664019831588604,14.131883780306485,281.9831697672616,270.62131282749107,0.0
9.418000000000001,3.332330091109597,-1.183975063169366,-2.4431386542995717,0.0,17.429483191121967,13.914390054980391,280.72272484094725,270.62131282749107,0.0
9.419,3.142355203075632,-1.223229454268,-1.9139303112769657,0.0,17.200689366845594,13.767462649469854,279.33863722855364,270.62131282749107,0.0
9.42,3.011114072318458,-1.2707531378136332,-1.309059749090784,0.0,16.98491724572484,13.686129055995936,278.17857115258573,270.62131282749107,0.0
9.421,2.9347391457390573,-1.3207943927624721,-0.8045992943577787,0.0,16.787618278577682,13.647882384772267,276.9525762411294,270.62131282749107,0.0
9.422,2.8964912621904655,-1.3714102354905278,-0.2549144727659991,0.0,16.61129187117347,13.652594727708564,275.21539697862437,270.62131282749107,0.0
9.423,2.892982680238185,-1.417081149660901,0.5677343169751863,0.0,16.45758698093478,13.724201179445693,273.622825106639,270.62131282749107,0.0
9.424,2.932807685449534,-1.464880137730943,1.3340051301763776,0.0,16.331214404439667,13.844923962147185,271.63076791676787,270.62131282749107,0.0
9.425,3.012477377610497,-1.5079920997135392,2.3199391742191904,0.0,16.233815689801595,14.033361829556123,270.2431498971214,270.62131282749107,0.0
9.426,3.140350679838495,-1.5472718932400489,3.017529813346128,0.0,16.168890291036316,14.246822302300421,269.9695461094564,270.62131282749107,0.0
9.427,3.296823757439442,-1.5751823449477702,3.1608493743589583,0.0,16.13448083117458,14.425300127700078,272.70137297837925,270.62131282749107,0.0
9.428,3.436971552206638,-1.5921560589935608,1.7741353383886578,0.0,16.12294810386695,14.414665958358357,267.68162589398924,270.62131282749107,0.0
9.429,3.4813503333165055,-1.5503144547962135,4.313405749918685,0.0,16.106732918753735,14.693648630873634,262.2972557963053,270.62131282749107,0.0
9.43,3.6559780086178,-1.5240122464575063,7.088831369072507,0.0,16.117562692528086,15.20425037514564,267.25401285971066,270.62131282749107,0.0
9.431000000000001,3.9806689305012095,-1.563186472810195,4.644125837047637,0.0,16.182941850334394,15.334233332999444,267.3137183071673,270.62131282749107,0.0
9.432,4.1551837456597625,-1.5469749142732683,4.647349058522564,0.0,16.25260637444285,15.466607800082384,259.0252490712539,270.62131282749107,0.0
9.433,4.3101452801363145,-1.4637782535468558,8.907544314041633,0.0,16.31955237575423,16.04599989811938,263.8432793019551,270.62131282749107,0.0
9.434000000000001,4.676011631355628,-1.4682838978605848,6.566309533946395,0.0,16.43907057421994,16.235313924828805,261.0082564034925,270.62131282749107,0.0
9.435,4.901955728783071,-1.4397926587532013,8.079951547417664,0.0,16.562389262765073,16.58636615079181,257.53571795750526,270.62131282749107,0.0
9.436,5.206420236312824,-1.363677065251344,9.94707671911115,0.0,16.700393502157862,17.073660716910606,260.3300815530867,270.62131282749107,0.0
9.437,5.565497826678374,-1.3696817586432848,8.652807234064472,0.0,16.874748446431383,17.32853146541982,252.783085330124,270.62131282749107,0.0
9.438,5.870637832694129,-1.2808579539881213,10.0,0.0,17.047324305682494,17.70650990785076,256.8719192046641,270.62131282749107,0.0
9.439,6.189173703234584,-1.2441386752194097,10.0,0.0,17.23728954063357,18.018488618605073,253.0699446955545,270.62131282749107,0.0
9.44,6.525527902555323,-1.1414713773141654,10.0,0.0,17.428529913183084,18.284452378559184,248.8446504923908,270.62131282749107,0.0
9.441,6.809022197618838,-1.0786301720067906,10.0,0.0,17.6213567648683,18.515122969309058,251.07422139946902,270.62131282749107,0.0
9.442,7.102226876758804,-0.9602084514091289,10.0,0.0,17.80557001324731,18.712591614397695,254.25475563950346,270.62131282749107,0.0
9.443,7.319582995686986,-0.9375530837129529,10.0,0.0,17.98980092805668,18.88775759352468,258.40008133687127,270.62131282749107,0.0
9.444,7.407389508826277,-1.0909766467243318,10.0,0.0,18.190228494906023,19.05634491096385,272.7689337538203,270.62131282749107,0.0
9.445,7.466980224580892,-1.2521560599330117,3.2457508606486023,0.0,18.403667536637197,18.47947193441378,270.87610318011826,270.62131282749107,0.0
9.446,7.131959286112277,-1.252686197278817,4.189618243973351,0.0,18.536521897516195,18.190446273640163,280.6112460167,270.62131282749107,0.0
9.447000000000001,6.79291087806015,-1.3018003593922152,-0.7778525062096175,0.0,18.63258551268894,17.421693274179482,278.16982735118114,270.62131282749107,0.0
9.448,6.242635270730746,-1.2188127585763375,0.36737168131292197,0.0,18.632547688687474,16.97221113703717,282.7343914451081,270.62131282749107,0.0
9.449,5.76852187834033,-1.2137878357019596,-2.036041151826721,0.0,18.5878425678639,16.338495494778,282.7053059207666,270.62131282749107,0.0
9.450000000000001,5.253177419434329,-1.1689853299729638,-2.142338320588728,0.0,18.479358368495316,15.827969100985726,284.12775488719024,270.62131282749107,0.0
9.451,4.788006827916096,-1.1552221307099548,-2.9886272243975416,0.0,18.329604022822718,15.311633439382412,284.2375176602647,270.62131282749107,0.0
9.452,4.3497325859983835,-1.1430386925366947,-3.1796706592625106,0.0,18.141988999350623,14.862962481270882,283.9771037303073,270.62131282749107,0.0
9.453,3.963193289655426,-1.1427002055709088,-3.183021603311976,0.0,17.92835298323008,14.480075527305049,283.2128225653576,270.62131282749107,0.0
9.454,3.6345845981268576,-1.1549521423029094,-2.926796118215795,0.0,17.69914297123519,14.174613543029537,282.16276689730387,270.62131282749107,0.0
9.455,3.3703942815587618,-1.1803937446859911,-2.5171828248870503,0.0,17.46498381890705,13.945046811304481,280.9293448106376,270.62131282749107,0.0
9.456,3.1700170844083932,-1.217595428846446,-2.003552101385375,0.0,17.235121677873043,13.786823672691888,279.54160284373296,270.62131282749107,0.0
9.457,3.0291428578729787,-1.263874402699936,-1.3988840180954805,0.0,17.01714210736346,13.696306208711405,278.302586035216,270.62131282749107,0.0
9.458,2.9444371463294465,-1.3139958252004638,-0.856188345914247,0.0,16.816959314243306,13.654601263189491,277.16633087884793,270.62131282749107,0.0
9.459,2.902856704069105,-1.3637272506138607,-0.35351094824378304,0.0,16.637593548453438,13.65064288146289,275.56259981033674,270.62131282749107,0.0
9.46,2.8926603313056924,-1.4112859270905973,0.3989417161833573,0.0,16.480502661228215,13.70759257702162,273.8923820095661,270.62131282749107,0.0
9.461,2.9236573488134834,-1.4572412106047188,1.2013399247479146,0.0,16.34939532670317,13.820365854946287,271.96580271434885,270.62131282749107,0.0
9.462,2.9960874818981655,-1.500898750341413,2.151184673487969,0.0,16.24701882995899,13.997552667437507,270.37237362434905,270.62131282749107,0.0
9.463000000000001,3.1156977208235572,-1.540844019513343,2.9503886105192905,0.0,16.176556068349893,14.212764309640294,270.4237455434164,270.62131282749107,0.0
9.464,3.269792576354036,-1.5727792088878811,2.9266783238263767,0.0,16.13777416526147,14.373054008836249,272.2510911771407,270.62131282749107,0.0
9.465,3.4022970797421417,-1.5856160435408213,1.996707723467706,0.0,16.119992122319555,14.398342337813862,268.00933412159924,270.62131282749107,0.0
9.466000000000001,3.4610277843656267,-1.5539722462298364,4.143706038297366,0.0,16.102907930518864,14.659657817759669,262.69231329251744,270.62131282749107,0.0
9.467,3.630522270519566,-1.5295982932099386,6.881506448188001,0.0,16.111299009033733,15.154764306039798,267.2049618865346,270.62131282749107,0.0
9.468,3.946289385805635,-1.5653538486621548,4.659345660588991,0.0,16.172538479155076,15.296344124788671,267.8623893903438,270.62131282749107,0.0
9.469,4.123399347057997,-1.55120086489128,4.3582211430558475,0.0,16.239897600369854,15.402663395037246,259.6170236053984,270.62131282749107,0.0
9.47,4.2645360497755656,-1.4660225586378641,8.590946927749485,0.0,16.301924652637847,15.959943794187655,263.3842698347088,270.62131282749107,0.0
9.471,4.615737431187686,-1.4643632153495674,6.779694243022114,0.0,16.414146294894906,16.18891302055473,262.18288161628885,270.62131282749107,0.0
9.472,4.85612362651276,-1.444454461539038,7.464772664344103,0.0,16.53586932607668,16.476748174031844,256.07154325066074,270.62131282749107,0.0
9.473,5.132591518454334,-1.3602693050410357,10.0,0.0,16.665142289811318,16.99198873182804,260.9170289125758,270.62131282749107,0.0
9.474,5.4993200239320466,-1.3660831432260905,8.326920760259556,0.0,16.83449338671746,17.221666083806937,253.32034297735285,270.62131282749107,0.0
9.475,5.7866852126405695,-1.2859946247433014,10.0,0.0,17.0010092337159,17.618137433344256,257.3492069864572,270.62131282749107,0.0
9.476,6.11784702052732,-1.2416361468290127,10.0,0.0,17.1864420835825,17.94132829324982,250.89015874560633,270.62131282749107,0.0
9.477,6.457434975697933,-1.1500208776890608,10.0,0.0,17.376016639626737,18.216700295161584,250.53788162980385,270.62131282749107,0.0
9.478,6.747911435979236,-1.0899912545906028,10.0,0.0,17.568483834408298,18.454936021407367,251.51266885382137,270.62131282749107,0.0
9.479000000000001,7.048630892283001,-0.9695897584743737,10.0,0.0,17.752884013994482,18.65842051891612,247.98384837086653,270.62131282749107,0.0
9.48,7.287143563179483,-0.9195428599470101,10.0,0.0,17.934891481496066,18.836767385397046,259.58445997065866,270.62131282749107,0.0
9.481,7.383836677387047,-1.0679831927896686,9.827056807685947,0.0,18.13336179449356,18.988205444971616,270.0052386951852,270.62131282749107,0.0
9.482,7.450868521839288,-1.2039373417324146,4.622828186745735,0.0,18.340599435204034,18.56720444176053,269.71856921524846,270.62131282749107,0.0
9.483,7.183202010147853,-1.2580070065153348,4.775190362836527,0.0,18.489601333159044,18.307943063251578,280.48210117015833,270.62131282749107,0.0
9.484,6.8983812545352,-1.29997700952919,-0.7051834980450771,0.0,18.601852907151358,17.5137968839316,277.4181071744917,270.62131282749107,0.0
9.485,6.3340314388437635,-1.237745541953989,0.7588455563182341,0.0,18.616199544349026,17.085367686701566,281.18592808405083,270.62131282749107,0.0
9.486,5.874827343139157,-1.22230200428405,-1.2307110510269306,0.0,18.58519212363599,16.512593507933303,283.263245661472,270.62131282749107,0.0
9.487,5.384477743606657,-1.200141863897925,-2.395789168077332,0.0,18.497724847051657,15.935079393159995,283.95523684727965,270.62131282749107,0.0
9.488,4.893599489368061,-1.1714744380840518,-2.875124001179037,0.0,18.358321071212753,15.414587023705824,284.36706833213935,270.62131282749107,0.0
9.489,4.440885055450172,-1.1537977644057535,-3.2184972986553717,0.0,18.179150676165854,14.944115604410376,284.0436828176494,270.62131282749107,0.0
9.49,4.035741440781976,-1.1476479233842078,-3.191028241311991,0.0,17.97035046291851,14.549268270096643,283.43129196745804,270.62131282749107,0.0
9.491,3.693689967580512,-1.1551203709337794,-3.0129326076159657,0.0,17.743829005205203,14.225915702928155,282.4434416011193,270.62131282749107,0.0
9.492,3.414564036296195,-1.176648835876954,-2.637228712182867,0.0,17.509917843214616,13.979076056575128,281.2066359675631,270.62131282749107,0.0
9.493,3.199895206713773,-1.2101792798770394,-2.1246791268055008,0.0,17.278186896978376,13.806974986036748,279.79788686279335,270.62131282749107,0.0
9.494,3.0469130167230705,-1.2542922612807992,-1.5120703147736463,0.0,17.056936061826327,13.705853754001463,278.5114916460899,270.62131282749107,0.0
9.495000000000001,2.952816245077771,-1.303686256275044,-0.9477744946079074,0.0,16.852690396621288,13.657486836733494,277.41706779427807,270.62131282749107,0.0
9.496,2.9050864471208913,-1.353843309414959,-0.4685201183698653,0.0,16.669055942105405,13.644916377915148,275.8449169452417,270.62131282749107,0.0
9.497,2.888602280984406,-1.4022986771307075,0.2653192649708025,0.0,16.507356407076603,13.692505268227583,274.15791649714777,270.62131282749107,0.0
9.498,2.913526495699556,-1.4480511797484255,1.0734534523212123,0.0,16.37113393619272,13.797815177501002,272.33213316652336,270.62131282749107,0.0
9.499,2.9799107188271807,-1.4933081357043092,1.9692369142430914,0.0,16.263585443453543,13.962373665299706,270.5449139724586,270.62131282749107,0.0
9.5,3.0908841060703223,-1.5343240562685039,2.8636104998258105,0.0,16.187306830470654,14.177601484474039,270.1609575931284,270.62131282749107,0.0
9.501,3.2428765837607205,-1.5680585865903143,3.0601922418345304,0.0,16.14347949983324,14.360749477524262,272.17391524229583,270.62131282749107,0.0
9.502,3.388968602826387,-1.583701378619798,2.0381873931027594,0.0,16.123733063384613,14.392263390104823,269.36036181624183,270.62131282749107,0.0
9.503,3.450410856649553,-1.5631815610563435,3.457573616242252,0.0,16.106699053986638,14.579706073085234,263.09208542437597,270.62131282749107,0.0
9.504,3.5806052651080136,-1.532004565446944,6.667004086206337,0.0,16.1068884424851,15.071837613900263,266.0937721417697,270.62131282749107,0.0
9.505,3.8894919908408303,-1.5539135347640556,5.211436134366681,0.0,16.158993802796193,15.289892564335613,268.86119515067116,270.62131282749107,0.0
9.506,4.102213096074461,-1.554387070063783,3.84532580668415,0.0,16.227527121309507,15.335325644913475,260.53100309180513,270.62131282749107,0.0
9.507,4.217357339531653,-1.4734461626020077,8.111324933474025,0.0,16.28484218085549,15.855451100780641,262.33221428024825,270.62131282749107,0.0
9.508000000000001,4.54799064040984,-1.4548920841280133,7.293610324724893,0.0,16.387206740476064,16.161468698123358,263.5890744477321,270.62131282749107,0.0
9.509,4.8184591683159415,-1.449995033603512,6.735502624780551,0.0,16.5095834690959,16.367461085726582,255.2268666897369,270.62131282749107,0.0
9.51,5.056088102217395,-1.366599807457158,10.0,0.0,16.631197259243226,16.906333198254956,261.39829265662775,270.62131282749107,0.0
9.511000000000001,5.433037370169169,-1.3597546753369196,8.055657164115797,0.0,16.79461786935689,17.117868662710087,253.5233997209897,270.62131282749107,0.0
9.512,5.703303217562501,-1.2914934802709301,10.0,0.0,16.955409684768643,17.531954031503425,257.97363331247277,270.62131282749107,0.0
9.513,6.046938875628889,-1.2401508844232008,10.0,0.0,17.136565781925963,17.8661693526864,250.84636517119247,270.62131282749107,0.0
9.514,6.3829865753196335,-1.1706029977262644,10.0,0.0,17.325890959907664,18.151549861081477,252.1492026213165,270.62131282749107,0.0
9.515,6.686866960418421,-1.1024171375038105,10.0,0.0,17.5180167051732,18.39725847107127,250.79179408408677,270.62131282749107,0.0
9.516,6.994937112194813,-0.9795577335212129,10.0,0.0,17.7026680610753,18.60675988174422,248.4414425228444,270.62131282749107,0.0
9.517,7.242757961338325,-0.9213293683037032,10.0,0.0,17.88462789632039,18.78959669505206,260.47654916156864,270.62131282749107,0.0
9.518,7.3664625831155215,-1.0340450165556252,9.345359826813564,0.0,18.07965643433164,18.889206091599064,264.86859256932024,270.62131282749107,0.0
9.519,7.411071584725368,-1.1593851925977745,7.206865325519471,0.0,18.27780332107858,18.765999464922686,270.7107849958139,270.62131282749107,0.0
9.52,7.280022829552805,-1.2900506497733402,4.284874390589401,0.0,18.456934655012077,18.389755584844366,276.7556426858912,270.62131282749107,0.0
9.521,6.9956143684055485,-1.3022185454274389,1.2011022469667676,0.0,18.580560281494595,17.789028642892504,278.7045279821912,270.62131282749107,0.0
9.522,6.511949270930748,-1.2951197309650562,0.14582744726974894,0.0,18.630848102586267,17.22585352736439,281.4189111211382,270.62131282749107,0.0
9.523,6.016811527990517,-1.246737285729914,-1.319340105140208,0.0,18.614538549184722,16.623037523478814,283.4474902229345,270.62131282749107,0.0
9.524000000000001,5.489164998792603,-1.2150137365490399,-2.461891429992798,0.0,18.536572584777225,16.020932935214308,283.8091403092828,270.62131282749107,0.0
9.525,4.974079667532044,-1.1711456857619007,-2.774594747984853,0.0,18.401684507889257,15.499653278751595,284.5348318760673,270.62131282749107,0.0
9.526,4.510089625852063,-1.1509442130105134,-3.2765757218628755,0.0,18.226373791549026,15.010809957571885,284.19476536025144,270.62131282749107,0.0
9.527000000000001,4.091100437423675,-1.1406999580487727,-3.242276989282548,0.0,18.018784961406567,14.603561477509066,283.61944480249707,270.62131282749107,0.0
9.528,3.737588881805232,-1.1456460573318903,-3.084598030155424,0.0,17.791876679742842,14.26797703985021,282.6534960507666,270.62131282749107,0.0
9.529,3.448159647386778,-1.165652466992583,-2.7219454865229396,0.0,17.556252026549444,14.009877308229006,281.44094698386215,270.62131282749107,0.0
9.53,3.22436529162576,-1.1983348514859122,-2.2238672946344287,0.0,17.32177486371093,13.826910246911531,280.0315410303465,270.62131282749107,0.0
9.531,3.0628586917679628,-1.2423575791212862,-1.6132665999051534,0.0,17.096964387219472,13.716505252370023,278.7093722528986,270.62131282749107,0.0
9.532,2.9614079388344066,-1.2922558267359108,-1.0330628054352933,0.0,16.88864303888426,13.661920636902034,277.67537080261087,270.62131282749107,0.0
9.533,2.9086729538001603,-1.3431708980298747,-0.586602660042618,0.0,16.70079703920197,13.640057267020248,276.23575618959103,270.62131282749107,0.0
9.534,2.8859047692930693,-1.3926455991092874,0.07706021284630271,0.0,16.53448236890552,13.672111099167704,274.4291989798475,270.62131282749107,0.0
9.535,2.901654951484187,-1.437012098903071,0.9422599561944969,0.0,16.392390116819985,13.770903222224085,272.6757739776026,270.62131282749107,0.0
9.536,2.961566723572284,-1.4838032602270792,1.7984278458158363,0.0,16.279089664996338,13.924700585083365,270.7329931287926,270.62131282749107,0.0
9.537,3.0651375535934893,-1.5259265390253196,2.7687014672078223,0.0,16.196664643695552,14.139162912349802,270.12744063319536,270.62131282749107,0.0
9.538,3.214559698254869,-1.5624388360483694,3.0764164369493976,0.0,16.147523477136044,14.332681687604634,271.7844752934242,270.62131282749107,0.0
9.539,3.3667334163284135,-1.5807562220444589,2.2362674821756583,0.0,16.124298094247315,14.391196046414022,270.55130376085015,270.62131282749107,0.0
9.540000000000001,3.4412345424399686,-1.5722137827512106,2.8535533391290837,0.0,16.10812384334617,14.511165978174681,264.50770447155423,270.62131282749107,0.0
9.541,3.5418715495943096,-1.5305513387012075,5.936489067336408,0.0,16.10106656625864,14.940146503676567,264.9922416016101,270.62131282749107,0.0
9.542,3.811133164619151,-1.5343827719535676,5.75051121456729,0.0,16.138451151528315,15.245623920251651,268.75536470640003,270.62131282749107,0.0
9.543000000000001,4.0574400752729085,-1.5468740548086806,3.88760914338323,0.0,16.203980746710073,15.296831460371973,261.50298289207626,270.62131282749107,0.0
9.544,4.179307058255588,-1.4852724504223696,7.604983349899262,0.0,16.26117704707463,15.76606909040548,261.30038114882984,270.62131282749107,0.0
9.545,4.490834093002673,-1.455400650479194,7.799493538309084,0.0,16.356907598456207,16.14527566213966,264.2011590061791,270.62131282749107,0.0
9.546,4.791232617021681,-1.4626594333420693,6.413306147847562,0.0,16.482082935987385,16.3117803497091,256.3372528897705,270.62131282749107,0.0
9.547,5.01114846234171,-1.3859892835860648,10.0,0.0,16.602884904220602,16.86136354217108,261.5520144831712,270.62131282749107,0.0
9.548,5.392950767405498,-1.3722929189299335,7.961649996063344,0.0,16.76582509626208,17.068184078151813,254.07281572593428,270.62131282749107,0.0
9.549,5.654393489614229,-1.3116030586224312,10.0,0.0,16.926614401710225,17.490277903818697,258.4136908667526,270.62131282749107,0.0
9.55,6.003960830172267,-1.2537627340160045,9.781038307981666,0.0,17.10777862207661,17.80593401106303,250.93581470878323,270.62131282749107,0.0
9.551,6.32426394013,-1.18940655243494,10.0,0.0,17.29589125440293,18.10267866397199,253.77644686273794,270.62131282749107,0.0
9.552,6.632905927231848,-1.1158072977782965,10.0,0.0,17.4874147325911,18.35562291042088,249.40668552788023,270.62131282749107,0.0
9.553,6.944068940574411,-0.9937842387214584,10.0,0.0,17.672393743655654,18.571283568447036,244.42143339324306,270.62131282749107,0.0
9.554,7.210519299705966,-0.9097296909636676,10.0,0.0,17.852415149753583,18.75767815240598,258.16481145450393,270.62131282749107,0.0
9.555,7.345483512324257,-1.0129633979130657,10.0,0.0,18.045270126879622,18.931253858782135,265.55777026412983,270.62131282749107,0.0
9.556000000000001,7.438652549697675,-1.1409394065353116,6.848617307095858,0.0,18.24924220080963,18.751206444028924,268.1511769211992,270.62131282749107,0.0
9.557,7.296603224112271,-1.2586382334645512,5.5766153376241006,0.0,18.426479436747304,18.517711704619316,278.44780647870357,270.62131282749107,0.0
9.558,7.072786059057227,-1.3130216268064032,0.3500356223597807,0.0,18.567448660148557,17.786285808660278,276.69942625561714,270.62131282749107,0.0
9.559000000000001,6.553358555103909,-1.271481740674635,1.1634445996217346,0.0,18.61606515020588,17.338739063073046,280.49475946558243,270.62131282749107,0.0
9.56,6.095499802041872,-1.2529341975246289,-0.8329564717418254,0.0,18.613440485813562,16.75824062122494,283.1433296041418,270.62131282749107,0.0
9.561,5.595560336729703,-1.226409587863857,-2.2824617087880146,0.0,18.550296212044476,16.146462745414688,283.82841963454996,270.62131282749107,0.0
9.562,5.079641308334059,-1.1862712745953903,-2.7570777920626846,0.0,18.428138609708352,15.603587211489204,284.51693211695715,270.62131282749107,0.0
9.563,4.602776605876806,-1.160295405327272,-3.240290226160941,0.0,18.261453251726483,15.101672190790934,284.35319690418595,270.62131282749107,0.0
9.564,4.170413015937854,-1.1456223912081942,-3.2957414605422897,0.0,18.059890654612555,14.674803972792052,283.8198037582657,270.62131282749107,0.0
9.565,3.8006052536802155,-1.1456666476646995,-3.1610297968899213,0.0,17.835949093761542,14.322194330176192,282.8691570843716,270.62131282749107,0.0
9.566,3.4959563350797067,-1.1613812494198348,-2.8081849025116563,0.0,17.60086888836254,14.049730620905377,281.68408637581126,270.62131282749107,0.0
9.567,3.2590953032861685,-1.1911031547045166,-2.326277283714699,0.0,17.365162596140117,13.853494875456912,280.2817506908367,270.62131282749107,0.0
9.568,3.086085033758221,-1.2333616288948215,-1.721713819860876,0.0,17.137754571703187,13.731657499497143,278.9328973409985,270.62131282749107,0.0
9.569,2.9748897993807804,-1.2824789061695763,-1.1304029900768602,0.0,16.925883927872285,13.668762988413594,277.90869173537857,270.62131282749107,0.0
9.57,2.9148189178649373,-1.33363633548832,-0.6911739763457581,0.0,16.73404704176844,13.638868791890864,276.4870947401326,270.62131282749107,0.0
9.571,2.886297292978901,-1.3828147813884053,-0.039033297849184745,0.0,16.563302479378525,13.66266018082964,274.7874921989237,270.62131282749107,0.0
9.572000000000001,2.895622399105977,-1.4285950403114207,0.7691061790409335,0.0,16.416555556144004,13.748060932385652,273.0584808519295,270.62131282749107,0.0
9.573,2.9468402731545256,-1.4753602225001126,1.6092401722936414,0.0,16.297709767840065,13.88903954586744,270.94817348640123,270.62131282749107,0.0
9.574,3.0409104695596256,-1.5178899743865255,2.6611252484686823,0.0,16.20905704060032,14.10150619475331,270.1143096615143,270.62131282749107,0.0
9.575000000000001,3.186708176689099,-1.5561791117581858,3.083127192571909,0.0,16.15430275856515,14.30466522329603,271.4631055189186,270.62131282749107,0.0
9.576,3.3428658409526677,-1.5791396964452356,2.4003113369554847,0.0,16.127482580529637,14.38698379122442,271.4273623033169,270.62131282749107,0.0
9.577,3.430249204233628,-1.579144322500126,2.4101224499980827,0.0,16.111347180109675,14.458245272229004,265.3747964730141,270.62131282749107,0.0
9.578,3.5097779817486012,-1.5314779551372029,5.4888705286942505,0.0,16.0987081211617,14.85145691072345,264.38493146407967,270.62131282749107,0.0
9.579,3.75429176368889,-1.526528515815605,6.046166846795579,0.0,16.126586357306213,15.208497365439552,268.08849320444716,270.62131282749107,0.0
9.58,4.018656549868861,-1.548731602615323,4.219714172842274,0.0,16.18987264924909,15.299503852322232,262.6843029391868,270.62131282749107,0.0
9.581,4.16292639823772,-1.5050043333496927,7.001179404355493,0.0,16.25089893019871,15.698737986458132,260.4978598672929,270.62131282749107,0.0
9.582,4.447586512382556,-1.4629995593775365,8.195635469904428,0.0,16.34156274402268,16.13785693609842,264.17075716546725,270.62131282749107,0.0
9.583,4.76814192770856,-1.4789981411903923,6.423692377437491,0.0,16.469251963167423,16.30285757678581,257.20428797525346,270.62131282749107,0.0
9.584,4.987764280627871,-1.4125530174377297,10.0,0.0,16.59320337503551,16.854287440057618,261.88200230700585,270.62131282749107,0.0
9.585,5.372844418229519,-1.394666795460557,7.788811215974085,0.0,16.758599598864002,17.04381302411359,255.0711027891363,270.62131282749107,0.0
9.586,5.619842260718947,-1.3362581530900495,10.0,0.0,16.92016267027426,17.472949364932095,258.6190669096597,270.62131282749107,0.0
9.587,5.972495656040354,-1.2699505660817074,9.668808212703176,0.0,17.10177332047813,17.780463499306414,251.66965270685336,270.62131282749107,0.0
9.588000000000001,6.280509430683157,-1.2134048219614433,10.0,0.0,17.290417363115903,18.08477531848181,255.39783354024613,270.62131282749107,0.0
9.589,6.596903826935337,-1.1277560540216767,10.0,0.0,17.481772276375263,18.342485196289164,248.62162860038896,270.62131282749107,0.0
9.59,6.902204198653474,-1.0184506274853098,10.0,0.0,17.668595576849818,18.56314048071524,245.9959831770059,270.62131282749107,0.0
9.591000000000001,7.171516438535378,-0.9331196215604749,10.0,0.0,17.850508719333163,18.753841224076343,258.15147048947284,270.62131282749107,0.0
9.592,7.345849493406155,-0.9759779912044693,10.0,0.0,18.038868352624363,18.927179693712702,260.7510523120586,270.62131282749107,0.0
9.593,7.430273131196269,-1.124449031742167,9.292013914501958,0.0,18.241629100312785,19.01659854070155,272.8663277989806,270.62131282749107,0.0
9.594,7.42883872573744,-1.2965236298536418,3.211926021326075,0.0,18.45049915331814,18.456623791344366,273.60593089274397,270.62131282749107,0.0
9.595,7.090839092239988,-1.2852925237495239,2.8122782937918576,0.0,18.579528558434678,18.02753876675657,279.34386006998625,270.62131282749107,0.0
9.596,6.675795604860486,-1.3052684603360376,-0.1439117672542336,0.0,18.65505618466634,17.375355542976237,280.23225577703465,270.62131282749107,0.0
9.597,6.1588181700877325,-1.240702634280115,-0.684219050273871,0.0,18.650510725664777,16.818788586626617,283.5136231881766,270.62131282749107,0.0
9.598,5.643275727378672,-1.2166191991630544,-2.453825859451705,0.0,18.588759597326096,16.17970999818271,283.5172172691096,270.62131282749107,0.0
9.599,5.112081487530476,-1.1660290288538102,-2.58458194433439,0.0,18.463951638594047,15.654952996460223,284.4957482693455,270.62131282749107,0.0
9.6,4.638562090385834,-1.1445961329469885,-3.2125917988708714,0.0,18.297297058716296,15.149192567174014,284.34258012058945,270.62131282749107,0.0
9.601,4.2059130794885204,-1.1323240216738049,-3.2732203974238363,0.0,18.09559629061672,14.719809872760448,283.87521659345003,270.62131282749107,0.0
9.602,3.834893109791315,-1.1345749501364366,-3.17207767151372,0.0,17.87149765312936,14.361413063371645,282.97056056106754,270.62131282749107,0.0
9.603,3.5268458207857543,-1.15180089156849,-2.8432421326582396,0.0,17.635841542724766,14.08178155528163,281.82676149932513,270.62131282749107,0.0
9.604000000000001,3.2851489609809716,-1.1823682267713473,-2.3833970885053732,0.0,17.398978040009613,13.877348368116888,280.527638906457,270.62131282749107,0.0
9.605,3.106747495974274,-1.2242359733605208,-1.832899052860975,0.0,17.169657347622277,13.742835675429145,279.1352432622413,270.62131282749107,0.0
9.606,2.986571950260587,-1.273760930193693,-1.221840535100629,0.0,16.95484652299067,13.671988934747077,278.01232761512756,270.62131282749107,0.0
9.607,2.919805611273164,-1.3249732859487318,-0.7342928594201155,0.0,16.759570216318735,13.64040798664879,276.6434349226828,270.62131282749107,0.0
9.608,2.8884457462165685,-1.3756678377033622,-0.11006773414964544,0.0,16.585727722639625,13.659028711482431,275.01585984329176,270.62131282749107,0.0
9.609,2.894210810904573,-1.4229344225559923,0.6597743353878585,0.0,16.43582392962803,13.73589573509497,273.36127524292544,270.62131282749107,0.0
9.61,2.93978227430078,-1.4705176065916183,1.4596670114166743,0.0,16.313358702674243,13.865420240386193,271.2834819784737,270.62131282749107,0.0
9.611,3.0260481977199367,-1.5130079617949794,2.4919419521327337,0.0,16.22029055617697,14.066263552229252,270.1156289241176,270.62131282749107,0.0
9.612,3.1629211901626375,-1.5516743031468048,3.0809253183445193,0.0,16.160441949510393,14.277987769179902,270.8074875797247,270.62131282749107,0.0
9.613,3.321171221758532,-1.5774235553592364,2.7331342430186227,0.0,16.1301963795354,14.402369078269741,272.57505959468835,270.62131282749107,0.0
9.614,3.4314780246637575,-1.5864615968481375,1.829810767864819,0.0,16.11615018950853,14.40484877993582,266.2062937125102,270.62131282749107,0.0
9.615,3.480371925480478,-1.5328554714682252,5.058343900103696,0.0,16.097769534444286,14.765572510669639,263.11879305974713,270.62131282749107,0.0
9.616,3.6993612695647315,-1.5185451942772532,6.677119424162677,0.0,16.116261248722633,15.210565890306643,267.883278436964,270.62131282749107,0.0
9.617,4.001423414303965,-1.5549978752917857,4.322257079459504,0.0,16.181556027220356,15.30664954776937,264.80380154249644,270.62131282749107,0.0
9.618,4.153992324038384,-1.5275749274907042,5.9201706395432385,0.0,16.246548642546315,15.585211473768446,258.4119103211837,270.62131282749107,0.0
9.619,4.381238512111423,-1.4630507151519292,9.238210275262679,0.0,16.326074755060333,16.16795030143782,265.37411750404624,270.62131282749107,0.0
9.620000000000001,4.761222576954106,-1.4913095259543907,5.809578637065862,0.0,16.459675850401545,16.250512195780853,258.24159780780474,270.62131282749107,0.0
9.621,4.947497819048201,-1.4290099618384926,9.499635635383477,0.0,16.58103748548217,16.761680160438686,260.89308408793426,270.62131282749107,0.0
9.622,5.310892412211967,-1.3870566434721308,8.271174782714287,0.0,16.73738788414137,17.02372557553494,257.439086431252,270.62131282749107,0.0
9.623,5.5772486299088495,-1.352801745185417,10.0,0.0,16.9009592788164,17.451991633400578,257.85453627072934,270.62131282749107,0.0
9.624,5.943071678998669,-1.2812208581257112,10.0,0.0,17.083468791216788,17.798922999551397,254.0319597609769,270.62131282749107,0.0
9.625,6.261985861015645,-1.2505143196575084,10.0,0.0,17.27975857863132,18.0979898507962,255.46249382454246,270.62131282749107,0.0
9.626,6.591762435606025,-1.1466279873295346,10.0,0.0,17.475205641257485,18.353692714273205,247.54799296525692,270.62131282749107,0.0
9.627,6.882243924247274,-1.056463374175686,10.0,0.0,17.66779903984509,18.57471479966049,249.63314510258778,270.62131282749107,0.0
9.628,7.155778042511548,-0.9574661824453803,10.0,0.0,17.853247262153868,18.765710078245156,255.68757707512057,270.62131282749107,0.0
9.629,7.353063988756906,-0.9573868889360639,10.0,0.0,18.040231439721506,18.937184538297885,260.053182157209,270.62131282749107,0.0
9.63,7.4281064436263815,-1.1208475457216118,9.644157819878263,0.0,18.24364611071917,19.064785519715524,274.25623837240806,270.62131282749107,0.0
9.631,7.463326720869836,-1.2721363873358167,2.5062804568295576,0.0,18.45448657876852,18.415235976008937,271.8203343370474,270.62131282749107,0.0
9.632,7.080163411301482,-1.2576980594294642,3.712242259414311,0.0,18.576186941156443,18.098260172217707,281.745998856057,270.62131282749107,0.0
9.633000000000001,6.7143174959127805,-1.2916972894634675,-1.361836860376127,0.0,18.657903985509257,17.291355081438677,278.5320597656031,270.62131282749107,0.0
9.634,6.13475654769012,-1.2019589829076245,0.1660252154696984,0.0,18.640547610327406,16.852211068864378,282.6724231187962,270.62131282749107,0.0
9.635,5.660741603265514,-1.1954626735572111,-2.0246675640399,0.0,18.581195260443323,16.245337027929285,283.00446666833363,270.62131282749107,0.0
9.636000000000001,5.161106562505016,-1.158834759985615,-2.3145208772170482,0.0,18.463126634054753,15.73345792448432,284.2752623049988,270.62131282749107,0.0
9.637,4.703072044777041,-1.1477628264056452,-3.0864581903247177,0.0,18.30482532640248,15.224332743977389,284.21202678367564,270.62131282749107,0.0
9.638,4.272892088908286,-1.1379775449926408,-3.190747569224974,0.0,18.11047596984511,14.789276942176256,283.87829888492007,270.62131282749107,0.0
9.639,3.8979038080272073,-1.1405861039636724,-3.1564534804214794,0.0,17.892440763064304,14.420053939795125,283.0558241857056,270.62131282749107,0.0
9.64,3.581393013946771,-1.156056420058305,-2.869561244396391,0.0,17.66096242590416,14.128231226588774,281.9639188797291,270.62131282749107,0.0
9.641,3.329211743138838,-1.1842066703045466,-2.4370346519305093,0.0,17.426391475505543,13.91172678564612,280.7013088526033,270.62131282749107,0.0
9.642,3.140090721944452,-1.2236328584494462,-1.9065295986187372,0.0,17.197682554245997,13.765727483320804,279.31773791161675,270.62131282749107,0.0
9.643,3.009643365375817,-1.2712635203971234,-1.3017083789667216,0.0,16.982089705812655,13.685140501741277,278.1594021593974,270.62131282749107,0.0
9.644,2.933925880530773,-1.321347283243854,-0.7979213961761205,0.0,16.78503035135838,13.64744573915408,276.92933335262956,270.62131282749107,0.0
9.645,2.8961365047945495,-1.3720101710314392,-0.24596719804357514,0.0,16.60897953611897,13.652891265829386,275.19056368403074,270.62131282749107,0.0
9.646,2.8931898915298127,-1.4176176863179086,0.5777251276904387,0.0,16.455588552874662,13.725220005864392,273.5989930418237,270.62131282749107,0.0
9.647,2.9335212870547314,-1.4654498911288094,1.3437336466506347,0.0,16.32957500933463,13.846534867759363,271.6006901047609,270.62131282749107,0.0
9.648,3.013675420568103,-1.5084827147675224,2.3330913424093453,0.0,16.23254959489024,14.035872509723466,270.22936224845074,270.62131282749107,0.0
9.649000000000001,3.1421906132258712,-1.5476901776799683,3.0226747763548145,0.0,16.168042978770686,14.249199316965917,270.4617436273353,270.62131282749107,0.0
9.65,3.2985259761515997,-1.5758373659012972,2.908079778914095,0.0,16.13402382106255,14.399329759818977,272.4515430591837,270.62131282749107,0.0
9.651,3.4231878868827654,-1.5889962438869083,1.8948777606729776,0.0,16.11958562810674,14.408589514032633,267.072524921293,270.62131282749107,0.0
9.652000000000001,3.475899230387821,-1.5452687236262215,4.6198747086803,0.0,16.102575613859344,14.720809529314314,262.69377785657207,270.62131282749107,0.0
9.653,3.670564610990008,-1.5249667748725457,6.888523590749953,0.0,16.116692663404557,15.201521870759485,267.56899509687474,270.62131282749107,0.0
9.654,3.982831191006791,-1.566028949793962,4.481438147904779,0.0,16.182189100868662,15.31570612548517,266.2241147343905,270.62131282749107,0.0
9.655,4.147275543837135,-1.5436481331209713,5.197850310077893,0.0,16.249681808475685,15.512931577741025,258.09497453407994,270.62131282749107,0.0
9.656,4.3329560942769145,-1.4696469592282746,9.387683793167298,0.0,16.32223146958611,16.13212090003002,265.0801008898654,270.62131282749107,0.0
9.657,4.724227112445535,-1.4913203032137243,5.950532734650835,0.0,16.452569176391727,16.235478298439308,259.8665521086298,270.62131282749107,0.0
9.658,4.916917768767694,-1.4441014792213074,8.664854732457249,0.0,16.574798048278694,16.657197396018347,259.3554264777253,270.62131282749107,0.0
9.659,5.243336811011432,-1.3783623868282016,9.033076411407144,0.0,16.72021683081155,17.028349447651017,259.93801254116977,270.62131282749107,0.0
9.66,5.550156752484243,-1.363539644461475,8.848616382548123,0.0,16.88723582951797,17.32246934927014,254.85245538773142,270.62131282749107,0.0
9.661,5.8629479232288695,-1.2684758013469704,10.0,0.0,17.05665612319675,17.7010371294391,255.68071936805754,270.62131282749107,0.0
9.662,6.181135928065766,-1.237312232680345,10.0,0.0,17.244513811402353,18.01530355595992,254.54483238629473,270.62131282749107,0.0
9.663,6.5193658858387975,-1.1376238888675037,10.0,0.0,17.43435829130673,18.282905693342556,247.51464123484183,270.62131282749107,0.0
9.664,6.808247922129981,-1.0708454327661325,10.0,0.0,17.62562979022592,18.514337340563067,250.70406256212155,270.62131282749107,0.0
9.665000000000001,7.099272407229603,-0.9599496905973841,10.0,0.0,17.80938655689768,18.712629099955397,255.1905989462128,270.62131282749107,0.0
9.666,7.3181608951780905,-0.9375662975824053,10.0,0.0,17.993243607031534,18.888299871252332,257.7297514303224,270.62131282749107,0.0
9.667,7.408621523994144,-1.087856902103597,10.0,0.0,18.193037829709194,19.05702748614268,272.57912552331453,270.62131282749107,0.0
9.668000000000001,7.463138405458575,-1.2587344945500654,3.34250867497901,0.0,18.407019020732008,18.491445465386512,271.2448955292249,270.62131282749107,0.0
9.669,7.137433614857899,-1.2553844986652893,4.0033878450064915,0.0,18.54096661510514,18.179464083542207,279.59190202821077,270.62131282749107,0.0
9.67,6.786781004625477,-1.3030718698917427,-0.2598212964936435,0.0,18.63560042265029,17.47182854127391,278.76068254605394,270.62131282749107,0.0
9.671,6.264606578418521,-1.2306757300582523,0.07439474739914065,0.0,18.641566846120135,16.977748451010605,283.0086520751037,270.62131282749107,0.0
9.672,5.77578933130091,-1.2201623003051023,-2.1734634096018777,0.0,18.597096102342164,16.331614607332448,282.87335644402276,270.62131282749107,0.0
9.673,5.24872239885717,-1.170421148675163,-2.2283360302267123,0.0,18.487092656192406,15.815178857043216,284.2131928174952,270.62131282749107,0.0
9.674,4.777078461672727,-1.152864013588046,-3.0341730168629795,0.0,18.335012106285422,15.297903158610042,284.3046386851211,270.62131282749107,0.0
9.675,4.3363823617806725,-1.1395650261387276,-3.2167292092522337,0.0,18.14512472425726,14.848884295349324,284.0069769055117,270.62131282749107,0.0
9.676,3.9494623309870307,-1.1387782687959684,-3.201754960227726,0.0,17.92937064067264,14.467405551916826,283.2119862086724,270.62131282749107,0.0
9.677,3.6219561397530224,-1.1513999772578922,-2.930166345619886,0.0,17.698440346607462,14.164380760313534,282.14685592726966,270.62131282749107,0.0
9.678,3.3598890666029946,-1.1775852631213062,-2.512856635916307,0.0,17.46305476714884,13.937305916519533,280.9074111707657,270.62131282749107,0.0
9.679,3.161892875021206,-1.2156422278653156,-1.9959952410970891,0.0,17.23242467451988,13.781240565834644,279.51407871253394,270.62131282749107,0.0
9.68,3.0232088210472874,-1.2626843304737991,-1.3882566708316268,0.0,17.014045117724823,13.692676653757669,278.27366207448256,270.62131282749107,0.0
9.681000000000001,2.9404587706366994,-1.313389633917295,-0.844571844275849,0.0,16.81375428775427,13.65257478743279,277.13065033811455,270.62131282749107,0.0
9.682,2.9004493046352815,-1.3636148935855381,-0.3381593511980787,0.0,16.63450007967736,13.6502960914724,275.5269580034853,270.62131282749107,0.0
9.683,2.891775085046238,-1.4114423706427492,0.41463036435661493,0.0,16.47770219269171,13.708616657575371,273.86170603846364,270.62131282749107,0.0
9.684000000000001,2.9239402867891675,-1.4577320075709814,1.2148524147577087,0.0,16.34702973630646,13.822296992370442,271.9222581764303,270.62131282749107,0.0
9.685,2.9973036801824438,-1.501367729436706,2.1715668922849756,0.0,16.245129592075187,14.001030098815638,270.34547761841503,270.62131282749107,0.0
9.686,3.1180490687759264,-1.5413390607127597,2.962715523383379,0.0,16.175253262133268,14.216610726027387,270.4431713304802,270.62131282749107,0.0
9.687,3.2726820842066795,-1.5731590571545817,2.9156500823209055,0.0,16.137023114202552,14.374754794884463,272.24175109147325,270.62131282749107,0.0
9.688,3.4036727826618085,-1.5863314577003609,2.0001558191845588,0.0,16.119561152046238,14.40016508085263,267.8186112197413,270.62131282749107,0.0
9.689,3.4628136572123474,-1.5532942030098926,4.239752771128037,0.0,16.102620592680957,14.671603160137494,262.62659047914485,270.62131282749107,0.0
9.69,3.6378759572886517,-1.5299245812264362,6.915710364909716,0.0,16.11227761133142,15.167497297091,267.374284161396,270.62131282749107,0.0
9.691,3.9546808023195164,-1.5678059407036777,4.574333810445083,0.0,16.174958987572523,15.297358815332643,267.6029904019295,270.62131282749107,0.0
9.692,4.126314787655091,-1.5513287676471224,4.490163914433957,0.0,16.242167075382675,15.418945706421049,259.3649726166707,270.62131282749107,0.0
9.693,4.273910132667326,-1.4673763853004922,8.72173620917157,0.0,16.305743053193098,15.986890220464893,263.6979824902064,270.62131282749107,0.0
9.694,4.6317781535566045,-1.4691792353545088,6.6244645757765515,0.0,16.420793721956272,16.193492749416862,261.7298945508089,270.62131282749107,0.0
9.695,4.863046022075033,-1.445011486158665,7.697422728242119,0.0,16.54232309582623,16.508077420126984,256.77470917818454,270.62131282749107,0.0
9.696,5.1504747958122215,-1.3636069417760086,10.0,0.0,16.674445176990087,17.01660599309589,260.7879472216533,270.62131282749107,0.0
9.697000000000001,5.51558299205376,-1.371198020299691,8.398926456350413,0.0,16.84585697141587,17.251062440516062,252.83715708966042,270.62131282749107,0.0
9.698,5.80715225574018,-1.2878427088665978,10.0,0.0,17.01432823609822,17.642921710831658,257.48071039305347,270.62131282749107,0.0
9.699,6.134317072660203,-1.2457023136759278,10.0,0.0,17.201336410987246,17.963359007923096,251.60133934779537,270.62131282749107,0.0
9.700000000000001,6.473307198435286,-1.1501217863801396,10.0,0.0,17.391595044045893,18.236436127128226,250.2905797900982,270.62131282749107,0.0
9.701,6.761349182855854,-1.0898761129504952,10.0,0.0,17.584464306914874,18.472936680690207,251.5791195764659,270.62131282749107,0.0
9.702,7.060031714876586,-0.9698023699181465,10.0,0.0,17.769091043853898,18.675099446504806,249.56289232951826,270.62131282749107,0.0
9.703,7.297126579621759,-0.9198349072118658,10.0,0.0,17.95117570021311,18.85241499963009,259.24779549866514,270.62131282749107,0.0
9.704,7.390943084300861,-1.0708024602230506,10.0,0.0,18.14988955170723,19.022258596211515,271.18931786545755,270.62131282749107,0.0
9.705,7.46340624012312,-1.2162424133963654,4.029164835554317,0.0,18.36020509702903,18.531164568101527,269.76651982023225,270.62131282749107,0.0
9.706,7.166249435269958,-1.2501603835530464,4.749111788239558,0.0,18.50265626219315,18.282525893866623,281.3832724850966,270.62131282749107,0.0
9.707,6.870900791562264,-1.299729548764717,-1.1668841407686719,0.0,18.611111871889083,17.44455396461317,277.0608051479015,270.62131282749107,0.0
9.708,6.2895380776832575,-1.2174719206702327,0.9299546046247844,0.0,18.615380696947568,17.052033422627638,281.8936970991015,270.62131282749107,0.0
9.709,5.83718483995061,-1.217161864220687,-1.599215213691318,0.0,18.580759055373147,16.443959978889605,282.4094464276079,270.62131282749107,0.0
9.71,5.3399486046732285,-1.180229943055841,-1.9749712139457092,0.0,18.484732822818735,15.927362707026294,284.07367945531723,270.62131282749107,0.0
9.711,4.874811509999052,-1.1685321511586466,-2.9416113940786284,0.0,18.345732048436382,15.396442397343186,284.2057927945242,270.62131282749107,0.0
9.712,4.427258782077979,-1.1525944612561378,-3.143512863352443,0.0,18.16590315255365,14.936750710495932,283.95865393989067,270.62131282749107,0.0
9.713000000000001,4.02948358900816,-1.149423574118703,-3.1533168471596724,0.0,17.95789855688837,14.545265623177544,283.3697297007364,270.62131282749107,0.0
9.714,3.6914368838065785,-1.158589961624652,-2.986338896314993,0.0,17.73258592355481,14.22380158509693,282.3853187710245,270.62131282749107,0.0
9.715,3.4144279918209515,-1.1806428860185916,-2.6117734908943846,0.0,17.499992307554834,13.97857561364525,281.15463838081496,270.62131282749107,0.0
9.716000000000001,3.200999075852197,-1.2142519840800658,-2.101766551322845,0.0,17.269611927552482,13.807675078874112,279.7567544399691,270.62131282749107,0.0
9.717,3.048787557138467,-1.2580993607142406,-1.4941789970246893,0.0,17.049666652522415,13.707170099055752,278.4839902983788,270.62131282749107,0.0
9.718,2.9549955081640467,-1.307040274328592,-0.9364237009384158,0.0,16.84661043374475,13.658793306942774,277.3775363897543,270.62131282749107,0.0
9.719,2.90707478917537,-1.3566763614334634,-0.4507589822488116,0.0,16.66399271807895,13.647127496857337,275.7994734885169,270.62131282749107,0.0
9.72,2.8908680039981265,-1.4046043809177085,0.28649086175962424,0.0,16.503245914243397,13.695910871047502,274.1214759778148,270.62131282749107,0.0
9.721,2.916274525513548,-1.4501515651579573,1.0904879856074579,0.0,16.367983038282013,13.801851627399811,272.2838230752959,270.62131282749107,0.0
9.722,2.983104003799639,-1.4949414504254652,1.992689334388844,0.0,16.26131194108901,13.967777020251901,270.54664567888767,270.62131282749107,0.0
9.723,3.0950436579994336,-1.5353463622321366,2.862024704078999,0.0,16.185897134346583,14.181402574098474,270.12531195698455,270.62131282749107,0.0
9.724,3.246281139857581,-1.5685518181892923,3.077651573735626,0.0,16.142634914700267,14.365632967389075,272.1834994494955,270.62131282749107,0.0
9.725,3.392515521473722,-1.5841988241240166,2.032935961260098,0.0,16.1235110724409,14.39546570615792,269.27515788273433,270.62131282749107,0.0
9.726,3.453387108864087,-1.562734910897817,3.5005682940882554,0.0,16.10676538777012,14.587055968763009,262.99177212516094,270.62131282749107,0.0
9.727,3.5856020168007614,-1.5318054444964464,6.718556579898256,0.0,16.10766569565504,15.0831801007522,266.16687152294645,270.62131282749107,0.0
9.728,3.8969022356915923,-1.5548906637748696,5.175551294050944,0.0,16.160937054735026,15.294950511031034,268.7882614503719,270.62131282749107,0.0
9.729000000000001,4.10711038429037,-1.5544107473988396,3.8831868441094017,0.0,16.229774675940753,15.344131085397937,260.4645496031145,270.62131282749107,0.0
9.73,4.223990578131451,-1.472678333116145,8.146610399981874,0.0,16.28766082605526,15.866422860257575,262.41679428614793,270.62131282749107,0.0
9.731,4.555796105078365,-1.4550442513759663,7.252533243878592,0.0,16.390865113795684,16.165961543886866,263.4463259188152,270.62131282749107,0.0
9.732,4.823556775714551,-1.4487716179746077,6.809517296631714,0.0,16.513189192268246,16.379940186790627,255.06830668488854,270.62131282749107,0.0
9.733,5.065116687754566,-1.3653269846049,10.0,0.0,16.63556254384728,16.91624264647622,261.39122435805194,270.62131282749107,0.0
9.734,5.441100243098528,-1.359587999695388,8.06181788363334,0.0,16.799531964230614,17.127104743549697,253.46326086565776,270.62131282749107,0.0
9.735,5.711826712380676,-1.2897371511112667,10.0,0.0,16.96056444878781,17.53983935085057,257.9281061267748,270.62131282749107,0.0
9.736,6.054288797084174,-1.238804270344374,10.0,0.0,17.141863037220855,17.87305836008884,250.85542347543768,270.62131282749107,0.0
9.737,6.390475882184529,-1.1677320935646915,10.0,0.0,17.33104505709633,18.157529368732586,251.9849914320307,270.62131282749107,0.0
9.738,6.693534693821887,-1.0999216162533858,10.0,0.0,17.52300754511218,18.402496880070395,250.890729224476,270.62131282749107,0.0
9.739,7.001150517601092,-0.9771817292362046,10.0,0.0,17.707447252661446,18.611356736576674,247.94699797472546,270.62131282749107,0.0
9.74,7.246505835203378,-0.9226982510112616,10.0,0.0,17.889563191371845,18.793861651488793,260.48367417586917,270.62131282749107,0.0
9.741,7.3674603419608955,-1.0392035679571583,9.343924191841673,0.0,18.085078447348728,18.893307887316013,265.3755769647155,270.62131282749107,0.0
9.742,7.412735181621134,-1.1623891857930642,6.950430156046266,0.0,18.283372166103113,18.741866752007244,270.2146954821113,270.62131282749107,0.0
9.743,7.267059161498506,-1.2869156969759374,4.5349370708021475,0.0,18.459158459502948,18.400106913695982,277.57503434174635,270.62131282749107,0.0
9.744,6.994559769412779,-1.3061790590230347,0.7852304258420837,0.0,18.584063844445023,17.750307061390863,278.4999980519138,270.62131282749107,0.0
9.745000000000001,6.491216504384953,-1.2887902963636766,0.24396171851413317,0.0,18.629393308149382,17.208578006686196,281.44942730309185,270.62131282749107,0.0
9.746,5.999597249264087,-1.24418230436403,-1.3390340518309047,0.0,18.611283928519477,16.605882641570773,283.40115194711973,270.62131282749107,0.0
9.747,5.4743878417580625,-1.212760460519061,-2.4426947650411295,0.0,18.53170562743806,16.008929996528682,283.82396822893463,270.62131282749107,0.0
9.748,4.962736756169026,-1.1708512380298663,-2.7861294599630164,0.0,18.396094095925214,15.488003101913087,284.51783452550825,270.62131282749107,0.0
9.749,4.500413114178535,-1.151152208390422,-3.272027825229997,0.0,18.220203227066648,15.001332360140683,284.17359777611966,270.62131282749107,0.0
9.75,4.08322081159676,-1.1414408337141717,-3.2354323000219902,0.0,18.01236310999871,14.5958920139493,283.59335635388004,270.62131282749107,0.0
9.751,3.731324460024338,-1.146758238856986,-3.075032024166068,0.0,17.785444998330888,14.262026441409484,282.6249253503641,270.62131282749107,0.0
9.752,3.443357106090317,-1.1670138139807293,-2.7108526476368255,0.0,17.55000707978806,14.005468789033545,281.40894252851825,270.62131282749107,0.0
9.753,3.220842715716518,-1.1998400423665294,-2.210737533724177,0.0,17.31586551723312,13.823990888207788,279.9990700798706,270.62131282749107,0.0
9.754,3.0605220823903885,-1.243900937251979,-1.5995788819241414,0.0,17.091508757004647,13.714883047530128,278.68119708225504,270.62131282749107,0.0
9.755,2.9601041372121486,-1.2937573088872851,-1.0212412256640047,0.0,16.88372048066227,13.661198638204347,277.6424425049502,270.62131282749107,0.0
9.756,2.9081207644583196,-1.3445484706145134,-0.5720752337861894,0.0,16.696431055095207,13.640442716272007,276.19608404842006,270.62131282749107,0.0
9.757,2.886164573537875,-1.393833997493334,0.09535628226960258,0.0,16.53070847623101,13.673854598097261,274.3966813130102,270.62131282749107,0.0
9.758000000000001,2.9027569079784548,-1.4382535598493869,0.9573039651193325,0.0,16.389292640026127,13.773448245108813,272.6270581151014,270.62131282749107,0.0
9.759,2.9633962585761795,-1.4847868139685398,1.822058111197629,0.0,16.276652214472445,13.928940017817492,270.71002563397997,270.62131282749107,0.0
9.76,3.0681822701781134,-1.5266216518384583,2.779687223693466,0.0,16.194961508369495,14.143390163843465,270.1226623078557,270.62131282749107,0.0
9.761000000000001,3.217823952861065,-1.5629942977693179,3.0783553919519506,0.0,16.146467530153124,14.336090707060912,271.8188810620746,270.62131282749107,0.0
9.762,3.369600815884,-1.5809091599154044,2.2182703324966777,0.0,16.12369991245691,14.391876721806618,270.42444663861176,270.62131282749107,0.0
9.763,3.4427590572230424,-1.5712479448047216,2.917456206116884,0.0,16.10754577572125,14.518789032083845,264.3632011724372,270.62131282749107,0.0
9.764,3.5464640767210764,-1.530643790850858,6.010660055754707,0.0,16.10132843890306,14.953979292652344,265.08193202072295,270.62131282749107,0.0
9.765,3.819794674756633,-1.5360475129452005,5.706688439679509,0.0,16.140252312793447,15.251630561628598,268.80769726657365,270.62131282749107,0.0
9.766,4.063293986712132,-1.5473560885638107,3.8619419723633284,0.0,16.20623883228953,15.299475077517483,261.3637425627816,270.62131282749107,0.0
9.767,4.1832124909147375,-1.4833579335026363,7.676495026906438,0.0,16.263258268611978,15.77642605209726,261.4098570253222,270.62131282749107,0.0
9.768,4.497635535781348,-1.4549522411994418,7.745552353657841,0.0,16.359786214157413,16.147447298355228,264.1955376063654,270.62131282749107,0.0
9.769,4.794925704355302,-1.4609923555435753,6.416969815347493,0.0,16.484711959274996,16.314626873965825,256.2205010148458,270.62131282749107,0.0
9.77,5.015100985338546,-1.382762143110577,10.0,0.0,16.60519736293081,16.86375383299958,261.5501792147109,270.62131282749107,0.0
9.771,5.396451720527786,-1.369419926869758,7.96339854084432,0.0,16.76786158046226,17.07041334608091,253.93929307239378,270.62131282749107,0.0
9.772,5.65841645068242,-1.3080867927723978,10.0,0.0,16.928312104960384,17.49206289174081,258.3332839252548,270.62131282749107,0.0
9.773,6.007492901093534,-1.251214917255385,9.822833435954625,0.0,17.109239956608793,17.811959436404305,250.86822149825664,270.62131282749107,0.0
9.774000000000001,6.330780754273995,-1.186869419918982,10.0,0.0,17.297555391606885,18.10714820010601,253.54920132135263,270.62131282749107,0.0
9.775,6.63909986237545,-1.1141718891624324,10.0,0.0,17.489204886065476,18.359195741937537,249.53813795305282,270.62131282749107,0.0
9.776,6.950323355300311,-0.9914922495466101,10.0,0.0,17.67412640021118,18.574052085891047,245.01792345767169,270.62131282749107,0.0
9.777000000000001,7.216276678517566,-0.9075355877353077,10.0,0.0,17.854032960934582,18.759772316239136,258.0051577814247,270.62131282749107,0.0
9.778,7.346807365300874,-1.01703681276219,10.0,0.0,18.047405589991527,18.93321233731076,266.11903733706833,270.62131282749107,0.0
9.779,7.439086618465578,-1.1455684269087771,6.563864817161121,0.0,18.251828423555796,18.721825338088358,267.99935776130866,270.62131282749107,0.0
9.78,7.282358002176144,-1.2537354211450187,5.649924155702783,0.0,18.425283327065912,18.50401014153607,278.6885687241274,270.62131282749107,0.0
9.781,7.0589250942756125,-1.313770425779286,0.22464611532705892,0.0,18.565133401137203,17.760691110869452,276.57123122547733,270.62131282749107,0.0
9.782,6.53671431486962,-1.2668323910131964,1.2238156806722191,0.0,18.610903030864083,17.325059279923998,280.54356272632384,270.62131282749107,0.0
9.783,6.081184955560532,-1.2549664600682524,-0.8615725687393629,0.0,18.607696642467452,16.74306931368699,282.8655255349301,270.62131282749107,0.0
9.784,5.585324508227545,-1.223625632776744,-2.1449961001168822,0.0,18.543283064594164,16.148624354890142,283.98857326471557,270.62131282749107,0.0
9.785,5.076832557485407,-1.190742276186297,-2.8401925693818617,0.0,18.422562587676488,15.594520667988595,284.4626309315904,270.62131282749107,0.0
9.786,4.597866487880827,-1.1623423461783122,-3.2156345838602762,0.0,18.25570863102545,15.09700999333454,284.36228318435485,270.62131282749107,0.0
9.787,4.166707246509322,-1.1479327038212663,-3.302870413811134,0.0,18.054487941214916,14.669361325185792,283.81240934757415,270.62131282749107,0.0
9.788,3.796817209854443,-1.147636391239788,-3.1598444606216125,0.0,17.830735955610162,14.317336979639542,282.8518059841641,270.62131282749107,0.0
9.789,3.492424222247238,-1.1630071228995016,-2.801847710483328,0.0,17.595850477619653,14.045873581341004,281.66313338931644,270.62131282749107,0.0
9.790000000000001,3.256125309955948,-1.1925526850667283,-2.3179296186777454,0.0,17.36040351212013,13.850667948146462,280.25841880805115,270.62131282749107,0.0
9.791,3.0838184967354145,-1.234674104127738,-1.711943387850698,0.0,17.133318580326144,13.729848246525695,278.9107188663579,270.62131282749107,0.0
9.792,2.973364072498618,-1.283674805379151,-1.1209874773927488,0.0,16.92182903449653,13.667774228263552,277.88461049998347,270.62131282749107,0.0
9.793000000000001,2.9139453583002215,-1.334684523696062,-0.6805662709304503,0.0,16.730402103426005,13.638726945170388,276.4595821629062,270.62131282749107,0.0
9.794,2.8859284290950313,-1.383948946169762,-0.02643479574596963,0.0,16.560122126442156,13.663479622555744,274.7388705710224,270.62131282749107,0.0
9.795,2.896040996909961,-1.4294441170923384,0.7927454227606163,0.0,16.41385723947198,13.75090499203637,273.01509509323375,270.62131282749107,0.0
9.796,2.9484859066333784,-1.4763559130685588,1.6306953389975143,0.0,16.29566672399503,13.893276210081481,270.92683384720624,270.62131282749107,0.0
9.797,3.04374622311272,-1.5187665498685234,2.67177075181412,0.0,16.20772843395853,14.105775865306347,270.12411526534675,270.62131282749107,0.0
9.798,3.1898264404569363,-1.5569010121498694,3.0781020183653105,0.0,16.15360462293111,14.30740119045447,271.4844540928915,270.62131282749107,0.0
9.799,3.3453852711440875,-1.5790643643398992,2.38930119193893,0.0,16.127112349639336,14.387969529210487,271.35078520000314,270.62131282749107,0.0
9.8,3.4316557415788416,-1.5783691154457606,2.4488409146579855,0.0,16.111028026652082,14.463335021084129,265.30227328764016,270.62131282749107,0.0
9.801,3.5130382224412022,-1.531087871207745,5.526287266237986,0.0,16.098894700773688,14.859389864727778,264.42886222294885,270.62131282749107,0.0
9.802,3.7596106558989635,-1.5267735585375428,6.024917304629064,0.0,16.127578429896143,15.212391589254707,268.13827535874555,270.62131282749107,0.0
9.803,4.0226708825428945,-1.5481144452047086,4.195041111418171,0.0,16.191084599219142,15.300217932007834,262.5722671470569,270.62131282749107,0.0
9.804,4.165143250455154,-1.5030651239637542,7.058535674066841,0.0,16.25185395168198,15.7058540630375,260.5649479736658,270.62131282749107,0.0
9.805,4.452482066381011,-1.4620677793550816,8.162758909300626,0.0,16.343050767306956,16.13965058038699,264.13474770004945,270.62131282749107,0.0
9.806000000000001,4.771370136593727,-1.4772372384471768,6.442724697383232,0.0,16.47058616705059,16.306736832336632,257.1236342331804,270.62131282749107,0.0
9.807,4.991943371661355,-1.4104345328460592,10.0,0.0,16.594576659807785,16.857294449317383,261.8489959400618,270.62131282749107,0.0
9.808,5.376703949249448,-1.3928596061198093,7.806635367859237,0.0,16.75995865010347,17.04823456013012,254.960091533424,270.62131282749107,0.0
9.809000000000001,5.624976685942648,-1.3340314668409885,10.0,0.0,16.921601106397443,17.476360219487663,258.6138024229119,270.62131282749107,0.0
9.81,5.977112533662024,-1.268366408860821,9.672765447738286,0.0,17.103257008012744,17.783655895586453,251.57191168737606,270.62131282749107,0.0
9.811,6.285900566845487,-1.210505788968332,10.0,0.0,17.291768869468026,18.087210415335306,255.2571122723464,270.62131282749107,0.0
9.812,6.600990339232017,-1.1265644723131678,10.0,0.0,17.483130058119517,18.344416329101527,248.74445687156995,270.62131282749107,0.0
9.813,6.90699931619078,-1.015691741500838,10.0,0.0,17.66971913205968,18.564527680614653,245.64623330878268,270.62131282749107,0.0
9.814,7.175543525541179,-0.9313032297835167,10.0,0.0,17.851486424776358,18.754807031111536,258.43184376854975,270.62131282749107,0.0
9.815,7.345710881156846,-0.9806242830906444,10.0,0.0,18.040374124252008,18.928202208806177,261.5055654954737,270.62131282749107,0.0
9.816,7.431986319081991,-1.125293446958656,8.9083764752272,0.0,18.24313296904197,18.975279426338297,272.27400432435337,270.62131282749107,0.0
9.817,7.406530042898795,-1.292527315365218,3.5076301458187515,0.0,18.44727268499219,18.458421890368413,274.11076770328873,270.62131282749107,0.0
9.818,7.085018719569184,-1.2853407271412394,2.5543539075930948,0.0,18.576849812361697,17.997922839484215,278.73111842979927,270.62131282749107,0.0
9.819,6.6595625155215314,-1.300393190381004,0.16308048831474498,0.0,18.64914695874445,17.386509161898985,280.419772798783,270.62131282749107,0.0
9.82,6.159178275843366,-1.2447832889053256,-0.7792312958900487,0.0,18.646805408935677,16.81451270896492,283.5227898725807,270.62131282749107,0.0
9.821,5.6413136812731945,-1.220057409924301,-2.4597546032397815,0.0,18.585334621141225,16.176008563382908,283.55021129894874,270.62131282749107,0.0
9.822000000000001,5.109543392189501,-1.1688950905660198,-2.6027543011383836,0.0,18.46077990122841,15.6495991057378,284.5198671935993,270.62131282749107,0.0
9.823,4.634829215714239,-1.14669207851969,-3.226567792124737,0.0,18.294108999410852,15.143086491357852,284.35111064570015,270.62131282749107,0.0
9.824,4.201364403358815,-1.133706783589529,-3.2794874963572602,0.0,18.092247574015204,14.713909003272779,283.8748491545367,270.62131282749107,0.0
9.825000000000001,3.830183416539986,-1.1355361723937474,-3.1738921140460032,0.0,17.867985628068382,14.35610307097972,282.96276829730266,270.62131282749107,0.0
9.826,3.522423959505141,-1.15254092080527,-2.8412662401270894,0.0,17.632221511924158,14.077326160034902,281.81231140499386,270.62131282749107,0.0
9.827,3.281310783626551,-1.1830187722778183,-2.3779477797477195,0.0,17.395338632477745,13.873934155248978,280.5077610702446,270.62131282749107,0.0
9.828,3.1036825107424635,-1.2248842337212817,-1.824537094800629,0.0,17.166105262741418,13.740563031995858,279.11473129013655,270.62131282749107,0.0
9.829,2.984401365872525,-1.2744206054860583,-1.2129563893730513,0.0,16.951488463933117,13.670690098048832,277.9963869278371,270.62131282749107,0.0
9.83,2.918462086010971,-1.3256217795088712,-0.7275349492267775,0.0,16.756482817035803,13.639683838313562,276.637685651446,270.62131282749107,0.0
9.831,2.8878681855608224,-1.3759062138056883,-0.10834803927079761,0.0,16.582896384887118,13.658239921806686,275.00965716651797,270.62131282749107,0.0
9.832,2.8936427229932544,-1.4232321344117849,0.6617827598029598,0.0,16.433227211226313,13.735163134412115,273.3187106882669,270.62131282749107,0.0
9.833,2.939419352224739,-1.4704282779756999,1.4802820203207405,0.0,16.3109355927781,13.866783035215995,271.23299224942866,270.62131282749107,0.0
9.834,3.0268286599311622,-1.5131170005666053,2.5170244455204784,0.0,16.21825892430446,14.06971120070607,270.09605544664913,270.62131282749107,0.0
9.835,3.165241824715709,-1.5519714988899502,3.0907454207186627,0.0,16.158989846816855,14.281469410770345,270.8678120082308,270.62131282749107,0.0
9.836,3.3239684553985374,-1.5776743635137187,2.702402148120417,0.0,16.12926226820981,14.401594124614373,272.46259258405513,270.62131282749107,0.0
9.837,3.432020508273398,-1.5861003582590683,1.8865990626426252,0.0,16.115189749623624,14.410580243027308,266.1126608181796,270.62131282749107,0.0
9.838000000000001,3.48397146003611,-1.5327495779296794,5.106651465673495,0.0,16.09747024895367,14.774990208763358,263.2471265013184,270.62131282749107,0.0
9.839,3.7057311806225144,-1.51929693484097,6.613160487365828,0.0,16.11701741198785,15.210828636467786,267.94233430041413,270.62131282749107,0.0
9.84,4.0039094778203435,-1.5541888216101793,4.292346373088735,0.0,16.182166335464554,15.304101279431876,264.5483894733844,270.62131282749107,0.0
9.841000000000001,4.154219894626339,-1.5249976900708453,6.050048020144658,0.0,16.24656768755298,15.597564509889482,258.58452325506425,270.62131282749107,0.0
9.842,4.388601164342142,-1.4626057932367138,9.152349025029007,0.0,16.32730403014196,16.167518811076203,265.2211640420893,270.62131282749107,0.0
9.843,4.7631445974644455,-1.4911693753875448,5.888030119370503,0.0,16.460728081595647,16.259597261785572,258.1311312681853,270.62131282749107,0.0
9.844,4.954608846934749,-1.4273676602949148,9.55794832191556,0.0,16.582713748493205,16.77482883079541,261.07310358656173,270.62131282749107,0.0
9.845,5.319594978279799,-1.3892683199878249,8.182444255136641,0.0,16.740471095319133,17.024497348269637,257.11068626392364,270.62131282749107,0.0
9.846,5.5815075282708735,-1.3514091792790381,10.0,0.0,16.903636047135,17.45350040209622,257.932792485334,270.62131282749107,0.0
9.847,5.945848381594713,-1.2795211499290682,10.0,0.0,17.08585571733053,17.80028571990739,253.8701862175019,270.62131282749107,0.0
9.848,6.264844701568968,-1.2479686033169384,10.0,0.0,17.281780052453783,18.099168286293065,255.41107749214575,270.62131282749107,0.0
9.849,6.594487100163792,-1.1443242363010317,10.0,0.0,17.47691485579766,18.354684328906806,247.54415580327617,270.62131282749107,0.0
9.85,6.885679035620981,-1.0532249935005895,10.0,0.0,17.669103310030632,18.575427558679216,249.4167744440945,270.62131282749107,0.0
9.851,7.158829512213236,-0.9551365365023123,10.0,0.0,17.854268503975742,18.766180677827116,255.6862245088912,270.62131282749107,0.0
9.852,7.35345327063588,-0.9595793888675321,10.0,0.0,18.04146208877128,18.937697895794166,260.3864816072384,270.62131282749107,0.0
9.853,7.4279925834359535,-1.1236642059600768,9.475158653056145,0.0,18.2450929382405,19.046797115456457,274.29177792001553,270.62131282749107,0.0
9.854000000000001,7.4546364945652535,-1.2692959027890647,2.4858058457423367,0.0,18.453649263209293,18.399583665668136,271.77363965679064,270.62131282749107,0.0
9.855,7.068512414060217,-1.2561873941722743,3.7333517090617905,0.0,18.573730357786236,18.087810854360654,282.29339856787124,270.62131282749107,0.0
9.856,6.705500630242326,-1.2903423991124827,-1.643248603882312,0.0,18.65451419740433,17.251391995999487,278.2441681313805,270.62131282749107,0.0
9.857,6.111829452252113,-1.195111545695379,0.30513806132416743,0.0,18.632760823299208,16.836455655479142,282.56988294840386,270.62131282749107,0.0
9.858,5.646069858713652,-1.1922642766567764,-1.9772050483966446,0.0,18.572328261492494,16.235592846388297,282.9305162033839,270.62131282749107,0.0
9.859,5.152719153868012,-1.1582928720638885,-2.2806137096455874,0.0,18.454144293142534,15.72783252198332,284.2251052200106,270.62131282749107,0.0
9.86,4.698869793102846,-1.1492590629639576,-3.0639461418841485,0.0,18.296348684232015,15.22088727488581,284.16477730168845,270.62131282749107,0.0
9.861,4.271181326023872,-1.140397804330106,-3.1692168274650356,0.0,18.102753711144057,14.78761777828652,283.84165172623347,270.62131282749107,0.0
9.862,3.89775146606439,-1.143491768868215,-3.1398574287249694,0.0,17.885620234390508,14.419398374680332,283.0297824430234,270.62131282749107,0.0
9.863,3.582074304661533,-1.159024051934992,-2.8580074832752635,0.0,17.65505577644366,14.127987652926196,281.9414103864375,270.62131282749107,0.0
9.864,3.3301563631173847,-1.1869795874470506,-2.4270224305717725,0.0,17.42132647819174,13.911805615851502,280.67829156588334,270.62131282749107,0.0
9.865,3.141083034164942,-1.2261018462013453,-1.8960328076786181,0.0,17.193375799165388,13.766246747419627,279.2997969232868,270.62131282749107,0.0
9.866,3.010732827625959,-1.2733700365557636,-1.2935703273383075,0.0,16.978472579549933,13.685857463966569,278.1463993342454,270.62131282749107,0.0
9.867,2.9350035753889987,-1.3230932559098714,-0.7921223978851564,0.0,16.78201762577613,13.648178150014392,276.8847076584459,270.62131282749107,0.0
9.868,2.8971096413625084,-1.373371705811681,-0.22391050829494885,0.0,16.60647363328014,13.655521140860984,275.184314374935,270.62131282749107,0.0
9.869,2.8949885161099456,-1.419036097488125,0.5806561179860572,0.0,16.4537386377038,13.727250027805843,273.59274414889956,270.62131282749107,0.0
9.870000000000001,2.935171618011322,-1.4665840891164286,1.3467269177897014,0.0,16.328223665541934,13.848313295752506,271.57935378044994,270.62131282749107,0.0
9.871,3.0151570464790467,-1.5091344780430056,2.343841692484923,0.0,16.231571580256553,14.03834409079431,270.21422822368265,270.62131282749107,0.0
9.872,3.1439833731049722,-1.548060465656198,3.0304753169066476,0.0,16.16744413775209,14.251894107098657,270.48771072612743,270.62131282749107,0.0
9.873,3.3005189770253027,-1.5760032960319903,2.895070086697895,0.0,16.133768892593697,14.39998481278997,272.4454104250223,270.62131282749107,0.0
9.874,3.424066534147099,-1.5888055701205257,1.8979792612751396,0.0,16.11939906436626,14.409548109657702,266.9985572475136,270.62131282749107,0.0
9.875,3.4769343188342057,-1.544399615366676,4.657633405829279,0.0,16.102409870884536,14.725670977426732,262.7323014335433,270.62131282749107,0.0
9.876,3.673750263563053,-1.5245115008125805,6.869651426753908,0.0,16.116988250474467,15.203087003853554,267.5746726197262,270.62131282749107,0.0
9.877,3.984802085242031,-1.5654554010302726,4.478932235740107,0.0,16.18255310491758,15.316872433438526,266.0596356378211,270.62131282749107,0.0
9.878,4.148922184510716,-1.5425496735433617,5.282067498589355,0.0,16.25001094784914,15.523145183630106,258.0800667986517,270.62131282749107,0.0
9.879,4.339397151722143,-1.469732987401576,9.39726437846243,0.0,16.323569503305976,16.140865701852654,265.16820017742674,270.62131282749107,0.0
9.88,4.730648891731228,-1.492729748062932,5.907728815575566,0.0,16.45480206557355,16.238036201353463,259.7055103780316,270.62131282749107,0.0
9.881,4.920859981672184,-1.4433522335901703,8.748231739767736,0.0,16.576966927365834,16.668952881927535,259.541668211023,270.62131282749107,0.0
9.882,5.250734213515388,-1.3792973121513892,8.9409492694367,0.0,16.723454704822757,17.027404225041753,259.7538465106142,270.62131282749107,0.0
9.883000000000001,5.5522329116777405,-1.3623974977772046,8.943534782809875,0.0,16.88992040847863,17.333150328285168,255.20810622424753,270.62131282749107,0.0
9.884,5.8695045058590045,-1.2685307994078392,10.0,0.0,17.060157813416374,17.709268821948708,255.5635381018906,270.62131282749107,0.0
9.885,6.187446568860969,-1.238068733494572,10.0,0.0,17.24857116695993,18.022433643579355,254.76774306841367,270.62131282749107,0.0
9.886000000000001,6.525647587550351,-1.1372913080708114,10.0,0.0,17.438678771174715,18.289100626975486,247.29661334194248,270.62131282749107,0.0
9.887,6.814631564511131,-1.0689594594520808,10.0,0.0,17.62993358421381,18.519705445174687,250.61056234173017,270.62131282749107,0.0
9.888,7.104068467245907,-0.9595884496786473,10.0,0.0,17.813775905180037,18.717427043326666,255.65799632686588,270.62131282749107,0.0
9.889,7.320919210379086,-0.9397350547114676,10.0,0.0,17.997915990516166,18.892801501042758,257.64181335214056,270.62131282749107,0.0
9.89,7.41165430580835,-1.0884869675748283,10.0,0.0,18.19774075745494,19.061240168454972,272.55569651619527,270.62131282749107,0.0
9.891,7.463581571823498,-1.2629621000893225,3.357016906981129,0.0,18.412131659889027,18.49728465728039,271.49384934597686,270.62131282749107,0.0
9.892,7.13944184991915,-1.2579912025552162,3.8792151269054784,0.0,18.546396370908337,18.171210064658176,279.38164909051784,270.62131282749107,0.0
9.893,6.78137245957853,-1.3031512614987766,-0.15228810799528159,0.0,18.639644467022634,17.478628300080207,278.9976592645376,270.62131282749107,0.0
9.894,6.2643568095838384,-1.2332219243082485,-0.04405665937563619,0.0,18.646165749387308,16.970141040864643,283.0615027097441,270.62131282749107,0.0
9.895,5.769974182384984,-1.2202461599443635,-2.2003802808014097,0.0,18.600458136885848,16.324088655456002,282.9584619940991,270.62131282749107,0.0
9.896,5.2410654167528765,-1.1698935014388252,-2.2722314146449785,0.0,18.48930701230168,15.804966496777084,284.26060459197066,270.62131282749107,0.0
9.897,4.767763502749599,-1.1513727730157794,-3.0596956312255643,0.0,18.33582503076657,15.287513011906256,284.3275155456455,270.62131282749107,0.0
9.898,4.32668029319076,-1.1378034621458246,-3.230213135244526,0.0,18.14463848198642,14.839360528004157,284.0132970617778,270.62131282749107,0.0
9.899000000000001,3.9404177473431705,-1.1370938104177457,-3.2070237356535407,0.0,17.927812971112694,14.459238694557097,283.20391744231216,270.62131282749107,0.0
9.9,3.6140965493832296,-1.150085256288182,-2.928159972068936,0.0,17.69609398354466,14.157922319682891,282.1308983652451,270.62131282749107,0.0
9.901,3.353552249513793,-1.1767276095808512,-2.506746288912954,0.0,17.46021600164949,13.932529212056647,280.887590616468,270.62131282749107,0.0
9.902000000000001,3.157109039896403,-1.215243292171429,-1.9877551924141672,0.0,17.22935680873326,13.777965810846041,279.4922346043887,270.62131282749107,0.0
9.903,3.0198459946203,-1.2626542032622632,-1.3787864041435056,0.0,17.010957238381668,13.690703989093842,278.2531715468372,270.62131282749107,0.0
9.904,2.938330293561189,-1.3136083335876068,-0.8355734625612143,0.0,16.810802288114903,13.651586224836805,277.10318470329287,270.62131282749107,0.0
9.905,2.8992485055658626,-1.36403129135345,-0.3253987595470553,0.0,16.631788040500094,13.65053566956341,275.4993715298312,270.62131282749107,0.0
9.906,2.891588230982603,-1.4119159931576157,0.42772724016038044,0.0,16.475333249740228,13.709882670317764,273.83762770268123,270.62131282749107,0.0
9.907,2.9245555858681183,-1.4583645512646357,1.2264360049834604,0.0,16.345089132505514,13.824273184270922,271.8870666588913,270.62131282749107,0.0
9.908,2.9986002610917653,-1.50190235737215,2.1890589885644314,0.0,16.243633151480346,14.004286434925222,270.3250583141508,270.62131282749107,0.0
9.909,3.120248587657235,-1.5418396379426216,2.9730257060680794,0.0,16.174281816424802,14.220122002331196,270.46361848684427,270.62131282749107,0.0
9.91,3.275281815557755,-1.5735207931181217,2.90532256312781,0.0,16.136534725879006,14.376314694789155,272.2223034375662,270.62131282749107,0.0
9.911,3.405117521061291,-1.586564922631109,2.0099701816660875,0.0,16.119299656328263,14.402570083088968,267.71111721635856,270.62131282749107,0.0
9.912,3.464747518121293,-1.5528330449457188,4.294665248381238,0.0,16.10257268472205,14.679485464135443,262.5682781690857,270.62131282749107,0.0
9.913,3.6429263777051597,-1.5299840044112927,6.946615118601714,0.0,16.113033872699177,15.176900770390127,267.4635958011309,270.62131282749107,0.0
9.914,3.960903161258498,-1.569171521023615,4.530533472842719,0.0,16.176729589736752,15.300136527486334,267.443104070539,270.62131282749107,0.0
9.915000000000001,4.129650241395438,-1.5513544835659991,4.572561425708197,0.0,16.244027561493738,15.430819760869932,259.17711987057015,270.62131282749107,0.0
9.916,4.281180423069044,-1.4681721017507408,8.819995455261825,0.0,16.308692167788273,16.00698108263039,263.9219048346515,270.62131282749107,0.0
9.917,4.644011242459033,-1.4723444281801066,6.514597053149542,0.0,16.4257972253548,16.197528480000205,261.4055745847412,270.62131282749107,0.0
9.918000000000001,4.868865221036146,-1.4449867576653561,7.864919560532195,0.0,16.547195449880725,16.53121547377333,257.2686129218178,270.62131282749107,0.0
9.919,5.1637904659802425,-1.366151996623263,10.0,0.0,16.681424304321887,17.034835976731284,260.6844456894977,270.62131282749107,0.0
9.92,5.527989551375876,-1.3745202563333077,8.457041130769603,0.0,16.85430117979326,17.273328387883456,252.54030697769213,270.62131282749107,0.0
9.921,5.823209698865752,-1.288386219537942,10.0,0.0,17.024181182188126,17.66158208440527,257.47937621963473,270.62131282749107,0.0
9.922,6.147004484420158,-1.2486215808405272,10.0,0.0,17.212385784106917,17.979903597885997,252.20615483368567,270.62131282749107,0.0
9.923,6.485507336109603,-1.150166458785395,10.0,0.0,17.40316966014281,18.25121605438023,250.00723321767,270.62131282749107,0.0
9.924,6.771715504800758,-1.0897623882284315,10.0,0.0,17.596346497683825,18.486377782789503,251.55388482842102,270.62131282749107,0.0
9.925,7.068911208088808,-0.9698472808493053,10.0,0.0,17.781135203205537,18.68751157643717,250.70740026516143,270.62131282749107,0.0
9.926,7.304669961826751,-0.9203720562221468,10.0,0.0,17.963315293904643,18.864049355393956,258.98061739343825,270.62131282749107,0.0
9.927,7.395658127807233,-1.074315179856452,10.0,0.0,18.16235964927556,19.033500254804494,271.66620390093,270.62131282749107,0.0
9.928,7.465343861983689,-1.2232480274121476,3.7916490717542253,0.0,18.373287841045226,18.516236348604437,269.89535811116787,270.62131282749107,0.0
9.929,7.157172864202281,-1.246798870658636,4.684331513798518,0.0,18.512498087299477,18.266665897206398,281.4201351703516,270.62131282749107,0.0
9.93,6.853845068332011,-1.3001709145795892,-1.1860452392219623,0.0,18.618465680187334,17.431589595888802,277.1797210505996,270.62131282749107,0.0
9.931000000000001,6.2757491047903375,-1.2130363612163277,0.8685777384229612,0.0,18.62021036234548,17.035887257093787,282.1944050119327,270.62131282749107,0.0
9.932,5.820820760193734,-1.215209820287247,-1.7544951640880075,0.0,18.583320768439744,16.41510652961163,282.37748024178893,270.62131282749107,0.0
9.933,5.318401959128982,-1.1738132179194838,-1.963594453159101,0.0,18.483466700325202,15.906661507385575,284.0687075861116,270.62131282749107,0.0
9.934000000000001,4.855813324941106,-1.1637304745216297,-2.943682072906641,0.0,18.342058401049428,15.379217497039168,284.1671727010684,270.62131282749107,0.0
9.935,4.411606777728258,-1.1492274839058085,-3.128373229120819,0.0,18.16055202913282,14.924098740665272,283.918024919433,270.62131282749107,0.0
9.936,4.017728150960192,-1.1477272953886009,-3.1367664592225233,0.0,17.951664427939754,14.536149462460418,283.32886408252386,270.62131282749107,0.0
9.937,3.6830936957568814,-1.158232042325496,-2.969261553318294,0.0,17.72604118309374,14.217486827711916,282.3457942705944,270.62131282749107,0.0
9.938,3.4088127486170023,-1.1812443847105223,-2.5949714617846,0.0,17.493540309450463,13.974449552596667,281.1150578888119,270.62131282749107,0.0
9.939,3.197469231324621,-1.2154596841210143,-2.0845407215065626,0.0,17.26351935517129,13.805375375574638,279.72060037348564,270.62131282749107,0.0
9.94,3.0468966000682216,-1.2596153768346146,-1.4783048393033682,0.0,17.044108051822217,13.706237714731738,278.45533792124104,270.62131282749107,0.0
9.941,2.954312019703777,-1.3086398556061338,-0.9240138641185682,0.0,16.8416752484615,13.658660915614046,277.3547059634946,270.62131282749107,0.0
9.942,2.907274520189231,-1.3579243059156791,-0.4410318166053888,0.0,16.65965909027142,13.647431910689606,275.77744865201333,270.62131282749107,0.0
9.943,2.8913305732639722,-1.4058633895187693,0.2960354808900263,0.0,16.499502102101147,13.6966552318546,274.0751264807835,270.62131282749107,0.0
9.944,2.9170905588360707,-1.4510680237276907,1.1126584299720066,0.0,16.36477626379135,13.804405335627946,272.2293956053572,270.62131282749107,0.0
9.945,2.984946115256581,-1.4958110732023786,2.0194430399065157,0.0,16.25876770879,13.972281411444419,270.517900280697,270.62131282749107,0.0
9.946,3.0982394579281474,-1.5362297841976271,2.8762248277045455,0.0,16.184146244585154,14.186163462607883,269.85741828916076,270.62131282749107,0.0
9.947000000000001,3.249870180105722,-1.5694530270268714,3.2141047688559703,0.0,16.141625501518412,14.384247691870373,272.06051458390954,270.62131282749107,0.0
9.948,3.4032873417181255,-1.5874270067710066,2.098164603917398,0.0,16.124810161028147,14.416779625789596,269.6096105408151,270.62131282749107,0.0
9.949,3.46694161746865,-1.5679302001384543,3.3337336483313846,0.0,16.11060515945181,14.585981030086359,263.3016255100301,270.62131282749107,0.0
9.950000000000001,3.58877315115567,-1.5319643627030484,6.5609230368984965,0.0,16.11097952441122,15.066712010145988,265.7958520401407,270.62131282749107,0.0
9.951,3.890086330767053,-1.5481179817391388,5.362064379716696,0.0,16.16152610734897,15.30333484809954,268.8642311619084,270.62131282749107,0.0
9.952,4.1103236628659525,-1.550103886793747,3.845445635488677,0.0,16.23073722915395,15.345297610523486,260.51929043357677,270.62131282749107,0.0
9.953,4.225347517850845,-1.4709317919402112,8.118936223593623,0.0,16.288494725536385,15.864785110292011,262.15001962312493,270.62131282749107,0.0
9.954,4.556796940603803,-1.4512940017492812,7.3882845608632035,0.0,16.39105678628497,16.179683822987553,263.59737844609725,270.62131282749107,0.0
9.955,4.832113461841049,-1.4480624976001648,6.734844493190982,0.0,16.514693424673755,16.381806656563196,255.26440330469165,270.62131282749107,0.0
9.956,5.06926479250795,-1.3647980514501392,10.0,0.0,16.63705190854621,16.918448895884875,261.30162355575413,270.62131282749107,0.0
9.957,5.445649947714418,-1.3565305298915773,8.10838990312547,0.0,16.800761985053647,17.133903240171307,253.44097709113257,270.62131282749107,0.0
9.958,5.717791796045659,-1.2887948382041208,10.0,0.0,16.962278237468947,17.5450046175404,257.8638151305906,270.62131282749107,0.0
9.959,6.060776959011445,-1.2369823838904908,10.0,0.0,17.143730989322016,17.877224432002457,250.7638296121395,270.62131282749107,0.0
9.96,6.396332975868963,-1.166098223259631,10.0,0.0,17.332981314309713,18.160886229978935,251.92774824558634,270.62131282749107,0.0
9.961,6.699186360143873,-1.0977465631953032,10.0,0.0,17.52486294559552,18.40514856855488,250.79383295549246,270.62131282749107,0.0
9.962,7.0065124613263565,-0.9747515143638128,10.0,0.0,17.709136708839523,18.613395499114485,247.4810293332272,270.62131282749107,0.0
9.963000000000001,7.248908513906327,-0.9247441463772867,10.0,0.0,17.891536928824884,18.795654808170557,260.5855298654064,270.62131282749107,0.0
9.964,7.368421273411004,-1.0427970253799188,9.29339085409127,0.0,18.08740894808747,18.88947875924988,265.5567511134671,270.62131282749107,0.0
9.965,7.410569084015643,-1.1645114033338326,6.8584258472011514,0.0,18.285284213316636,18.72928632627724,270.1572551055641,270.62131282749107,0.0
9.966000000000001,7.259170495582493,-1.2869152447467909,4.56281442837192,0.0,18.4595999875015,18.39380837995617,277.80987582589347,270.62131282749107,0.0
9.967,6.987775700482727,-1.3073145115449476,0.6646184382232114,0.0,18.583956270569445,17.73180380253425,278.46988376881825,270.62131282749107,0.0
9.968,6.479070995039309,-1.2870761659658336,0.25612875734755036,0.0,18.627246256906716,17.195726975814274,281.4610454455584,270.62131282749107,0.0
9.969,5.988402321276533,-1.2434818771351788,-1.3478494072031966,0.0,18.60800657362268,16.594120636167663,283.4030085021148,270.62131282749107,0.0
9.97,5.464462626785915,-1.2124043193445804,-2.4466478922276353,0.0,18.52754763623373,15.99864959010647,283.829580232996,270.62131282749107,0.0
9.971,4.954064607727564,-1.1710986159757126,-2.7920164317232956,0.0,18.39135463618489,15.478581585569742,284.5066227008914,270.62131282749107,0.0
9.972,4.492771654832688,-1.1516272974632604,-3.269390764404987,0.0,18.215045347684576,14.99348183490962,284.1578037772628,270.62131282749107,0.0
9.973,4.07680858831031,-1.1422173182338002,-3.230346212088412,0.0,18.00701662843817,14.589472782335632,283.57279406804975,270.62131282749107,0.0
9.974,3.726119340077182,-1.1477606206411848,-3.0673561698874647,0.0,17.780093738916108,14.257016408853765,282.6020330105507,270.62131282749107,0.0
9.975,3.4393074534138837,-1.168181401062221,-2.701782842968545,0.0,17.544808353820308,14.001738964357578,281.3828673107729,270.62131282749107,0.0
9.976,3.2178360433525293,-1.2011059404835098,-2.1998155379124538,0.0,17.310941254316596,13.821515132328525,279.97244957521804,270.62131282749107,0.0
9.977,3.0585047681796165,-1.2451885718955327,-1.5881180376122943,0.0,17.086958325621467,13.713505751702868,278.6581399752774,270.62131282749107,0.0
9.978,2.958959786451821,-1.2950053923834495,-1.0113315091198287,0.0,16.879611775672824,13.66058519463977,277.61454231292976,270.62131282749107,0.0
9.979000000000001,2.907612345922311,-1.3456980595558126,-0.5594649728004044,0.0,16.69278585019682,13.640812260639295,276.1821251745212,270.62131282749107,0.0
9.98,2.886115530806079,-1.3952768300939842,0.10113547293356362,0.0,16.527611961955852,13.674332586416293,274.3287074092739,270.62131282749107,0.0
9.981,2.9032095495390524,-1.4389897373893261,0.9907704097394068,0.0,16.386620127213778,13.777142019171011,272.57688377054484,270.62131282749107,0.0
9.982000000000001,2.9655152025860043,-1.4858929159581873,1.8471265196733873,0.0,16.274730639791017,13.934191466252898,270.7070444676265,270.62131282749107,0.0
9.983,3.0717193426080622,-1.5276926531174029,2.7811888547312154,0.0,16.193863985120533,14.147470916769388,270.1161679577916,270.62131282749107,0.0
9.984,3.2210467793960005,-1.5637468666458056,3.081678558345638,0.0,16.14595990708528,14.339685024167727,271.8376827608505,270.62131282749107,0.0
9.985,3.3724386910668263,-1.5812094915174355,2.208757457482603,0.0,16.123627994193985,14.39370125897572,270.345226492969,270.62131282749107,0.0
9.986,3.4446876359038017,-1.5706761594954637,2.957746454768571,0.0,16.10759760330149,14.524767214908515,264.26532945482705,270.62131282749107,0.0
9.987,3.5502137415941495,-1.530563840697175,6.061254807566186,0.0,16.10196982534392,14.964134182816089,265.137262793162,270.62131282749107,0.0
9.988,3.8262207400429427,-1.536919788710887,5.680128638742007,0.0,16.141941799442364,15.256737205266049,268.8235492997849,270.62131282749107,0.0
9.989,4.067926236825771,-1.547460361352345,3.85496302070763,0.0,16.20827278188638,15.303292631923693,261.27025992047083,270.62131282749107,0.0
9.99,4.187113250144722,-1.481988919779941,7.725118239434851,0.0,16.265318944452385,15.785100827903058,261.48511491560856,270.62131282749107,0.0
9.991,4.503501395966744,-1.454554705838427,7.709052720984812,0.0,16.362478261241883,16.150353235417086,264.1613699066667,270.62131282749107,0.0
9.992,4.798582532239236,-1.4597000825797166,6.435524654663976,0.0,16.487287220684788,16.319573858216092,256.1379241753517,270.62131282749107,0.0
9.993,5.0197280989855155,-1.380668922125848,10.0,0.0,16.607792465045964,16.86780568235031,261.51580771764435,270.62131282749107,0.0
9.994,5.400611009913118,-1.3677108082862555,7.982353058658165,0.0,16.77043528646663,17.075993266971693,253.8863003754116,270.62131282749107,0.0
9.995000000000001,5.663911065057042,-1.3059283158820558,10.0,0.0,16.930966091181297,17.496589831277454,258.2899178959914,270.62131282749107,0.0
9.996,6.012403650795992,-1.2497978278388033,9.846672906234534,0.0,17.111946943094363,17.818436186016648,250.8180383351347,270.62131282749107,0.0
9.997,6.337362551162704,-1.1849074574182117,10.0,0.0,17.30043770942421,18.112334688542138,253.35779031501562,270.62131282749107,0.0
9.998,6.645110392751363,-1.1127904559001442,10.0,0.0,17.49218528291083,18.363556472939322,249.6961882299421,270.62131282749107,0.0
9.999,6.9561662547300545,-0.9896361274976955,10.0,0.0,17.677054471379428,18.57769216984368,245.55310168404162,270.62131282749107,0.0
