t,iq,iq_ref,id,vq,vd,ia,ib,va,vb,theta_e,omega,r,"T_ass:0.02,S_pct:1.65,kp:0.0519,ki:0.8041"
0,-0.0490881353286716,0,0.0686672824718342,-0.031190198880105,0.743294070456453,0,0,0,0,0,0,0,0
0.01,-0.0302361323654705,0.000229114390094765,0.197203446533838,-0.146131827506605,0.228555439351511,0.000210086940373217,-0.000974388776249489,-0.0039544931838944,0.039316841450502,-2.53455558766455,-0.0311943757125339,0,0
0.02,0.0220704371154817,2.91200376523193e-05,-0.0992231259095025,0.247608782692511,0.117170441151399,0.00011092295129735,-0.000929312488080794,-0.00469879808399207,0.0452776499485759,-2.53464376374741,-0.000977532389402742,0,0
0.03,0.0165035349891584,2.12522827496286e-05,0.00999924834594132,-0.244849801681534,0.052727177639291,7.49453375212481e-05,-0.00091557951024869,-0.00312336235243024,0.044914421188619,-2.53463202692811,-0.000568772663932552,0,0
0.04,-0.0598068919540978,1.98826674022712e-05,0.07606538442311,-0.337957421079645,-0.794521312986423,6.63826073946491e-05,-0.000885452409346417,-0.00273446879104291,0.043463842287456,-2.53461563341982,-0.00147821676164693,0,0
0.05,0.0795268950925424,3.75304080080241e-05,0.135814166933786,0.369146829166301,-0.426654283659093,8.32809806032605e-05,-0.000929586394594052,-0.00307540510916074,0.0449455956370891,-2.53462697526613,-0.00339097177799518,0,0
0.06,-0.00182517072350637,2.89243962470209e-05,-0.00613046917269769,-0.0855724925570869,0.204221707270684,7.97159263244884e-05,-0.000926412726355262,-0.00314234826409654,0.0451400895539347,-2.53463197569366,-0.00174415960760191,0,0
0.07,-0.00222690343559217,4.62143798358738e-05,-0.0245195345104699,-0.0066284467097513,0.0524605810628562,8.3377338340128e-05,-0.000949677757048101,-0.00283170815127269,0.0455930947873882,-2.53462923443465,-0.00451453399233385,0,0
0.08,-0.0423350077570692,2.67722207354382e-05,0.0327173314507585,-0.202824847835377,0.334509661103339,7.86478703502743e-05,-0.000926848206779676,-0.00314985390372589,0.0452496302933282,-2.5346340123597,-0.00123740994890277,0,0
0.09,-0.0125758727092019,2.70975760940928e-05,0.081106498255787,0.251674453688066,-0.743718819339916,7.61669675130866e-05,-0.000921688298184777,-0.00301633385606801,0.0449779562156149,-2.53463039663118,-0.00152630164863843,0,0
0.1,0.0559083757783563,2.90072457573842e-05,0.0773232965411854,0.0439607360314591,0.341813736415234,7.7548466385373e-05,-0.000923521033929199,-0.00303072821653006,0.0449908357274506,-2.53463006201801,-0.00183501455845048,0,0
0.11,0.00145140173164772,2.89345098281046e-05,0.106660129898716,-0.322279147141402,0.180282420392741,7.78222379948037e-05,-0.000923900192226311,-0.00304626833651003,0.0450124649204018,-2.53463042624905,-0.00179572045567364,0,0
0.12,-0.0960815597148803,2.87791408482008e-05,0.148105722049477,-0.0517940014705359,0.0497634130063233,7.76859269290346e-05,-0.000923702375375428,-0.00304366395196928,0.0450086389443538,-2.53463044567418,-0.00176707562528423,0,0
0.13,-0.0682474455576747,5.08555822307244e-05,0.0644123570146234,0.451243106776933,0.212681286745768,8.98801166522558e-05,-0.000977343113762358,-0.00302276474454926,0.0467840126552479,-2.5346409545476,-0.00438997497842949,0,0
0.14,-0.0019999433502806,1.63098975463072e-05,0.018905758588077,-0.160377023517513,-0.505513415135336,8.19080962363486e-05,-0.000992458751813649,-0.0036085817792023,0.0489585789491627,-2.53463914033305,-0.00560673508720896,0,0
0.15,0.0760736141376629,1.99608730326872e-05,0.0963019891051103,-0.248520091098726,0.63786452639969,7.39577101962969e-05,-0.000924533125382358,-0.00310796176668637,0.0454114526958562,-2.53463756902994,6.17112485045466e-05,0,0
0.16,4.16108871449437e-05,2.63909350906033e-05,-0.178784233233271,0.0376653650384292,0.154257061771554,7.41511375590014e-05,-0.000919222553815488,-0.00293414235596725,0.0448814506906825,-2.53462930327253,-0.00146689396298936,0,0
0.17,-0.091815135943952,2.98877548630117e-05,0.010854048561695,-0.289459205475268,-0.161883140880189,7.78480006797077e-05,-0.000923995431732356,-0.00301903324528813,0.0449761427008942,-2.53462975509322,-0.00196368208547126,0,0
0.18,-0.000297583678444067,2.91631095024059e-05,-0.0170793357603688,-0.0829194170181654,-0.151858431675644,7.79849816584825e-05,-0.000924138962229055,-0.00304632263282773,0.0450127663027862,-2.53463054375798,-0.00179685507869138,0,0
0.19,-0.06524378171961,2.8876729629701e-05,-0.0255415878705399,0.0992325067606478,-0.234763554136932,7.76485936035744e-05,-0.000923649058088782,-0.00303745102867104,0.0449997155582185,-2.53463047125093,-0.00175450381874343,0,0
0.2,0.0430291313170494,2.89856434392277e-05,-0.124311691477123,-0.175711544967541,-0.368831181476702,7.76502907471093e-05,-0.000923650897706853,-0.00303420858980199,0.0449950157687111,-2.53463039706835,-0.00177228182015743,0,0
0.21,0.0345253445189667,2.90375755866989e-05,-0.0376854403766371,0.398361674221736,-0.790041957244182,7.76832419802442e-05,-0.000923698309032018,-0.00303415375722602,0.0449949345360479,-2.53463040681485,-0.00177576373120586,0,0
0.22,0.0440039349412912,2.9053077014396e-05,-0.184937375093988,0.0381523126839976,-0.172794699235917,7.7681911499586e-05,-0.000923696394438373,-0.00303342342048091,0.0449938834224149,-2.53463041369075,-0.00177390648784779,0,0
0.23,-0.00729072630729172,2.90754469460808e-05,-0.0420881058700479,-0.51817273210175,-0.232066673536946,7.76787918765889e-05,-0.000923691900060173,-0.00303240776718729,0.0449924209115898,-2.53463041249667,-0.00177363452322386,0,0
0.24,-0.0595885804629641,2.91011147055542e-05,0.0394082358249042,-0.08758001969216,0.10097512359833,7.76789915424593e-05,-0.000923692186953779,-0.00303146391050174,0.0449910617797789,-2.53463041187385,-0.00177382522905312,0,0
0.25,-0.0201385164923021,2.91259875666583e-05,-0.0601670486045486,0.194937389259154,0.876213159930505,7.76793234352526e-05,-0.000923692665057941,-0.00303054919014006,0.0449897446563527,-2.53463041201627,-0.00177384482182585,0,0
0.26,0.0109693915912793,3.75536073988769e-05,0.0785263552692888,-0.042114662301404,0.114551665358876,8.19971592862368e-05,-0.000937508571574594,-0.00300570602115622,0.04533415890607,-2.53463104374674,-0.00300718198678285,0,0
0.27,0.0350397675235353,1.47114569699625e-05,-0.0611170602135893,0.103349394375813,0.0741551232656765,7.55662788590314e-05,-0.000907537860957139,-0.00333583740465775,0.0447732303938577,-2.53463482743549,0.00071928709137889,0,0
0.28,0.0223236570746515,6.04591550654732e-05,0.0545149912632997,-0.298910250765668,-0.160519597802066,7.7701812088819e-05,-0.000910106022412285,-0.00213772583881286,0.0430224706313522,-2.53463150105185,-0.000400301071221626,0,0
0.29,0.0669522301635083,2.98971899610478e-05,0.0222462437424926,0.0428867956315966,0.29752849960237,7.72519490581654e-05,-0.00092172949760108,-0.00298632561025622,0.0448586186930884,-2.53462870967977,-0.00199046186082119,0,0
0.3,-0.0131317572765918,3.57093595084734e-05,0.0836394089836626,0.147354334774122,0.769499465812677,7.67365924009087e-05,-0.000913654463381627,-0.00279472721157591,0.0442157773607991,-2.5346193070899,-0.00352003687472842,0,0
0.31,0.00504487813825944,3.41144732374232e-05,-0.00521898607250449,0.0103524289003386,0.202598585511097,8.25415576233737e-05,-0.000929838307538976,-0.00313007391099399,0.0450902187282205,-2.53463058802598,-0.00251523293363173,0,0
0.32,0.0784680832015377,2.83578392554773e-05,0.0210353983829541,0.0285037046824217,0.817171057416457,7.80450899924876e-05,-0.000924135787658553,-0.00306921027390782,0.0450412226662522,-2.53463148699997,-0.00157696450580077,0,0
0.33,0.00782203007766363,2.87492293864489e-05,0.145563172877178,-0.457586841111419,-0.394935333979797,7.7236954195399e-05,-0.000923047167130836,-0.00301741368395513,0.0449704042873884,-2.53463035586964,-0.00170873739675867,0,0
0.34,-0.00772395903588426,2.93236953439191e-05,-0.00628703146171658,-0.220108839792458,-0.204361540908498,7.76639820453801e-05,-0.00092366964423479,-0.00302215700797194,0.0449776129812492,-2.53463030921084,-0.00179535107528774,0,0
0.35,-0.0916680105237288,2.92927943519317e-05,-7.42621079059337e-05,-0.206529390080449,-1.18053269513497,7.77233109516037e-05,-0.000923755940390434,-0.00302578099649605,0.044982876853421,-2.53463042106065,-0.00177938697484071,0,0
0.36,0.0538801500401584,2.92659515253035e-05,0.118858692500451,-0.287713687336156,0.0382870417283021,7.76791875505871e-05,-0.000923692470572824,-0.00302411781958627,0.0449804851715469,-2.53463042156524,-0.0017715288260745,0,0
0.37,0.0338717747130046,2.9297907531145e-05,-0.14965093285322,-0.146137025752016,0.0136372458639378,7.76749424923519e-05,-0.000923686353759934,-0.00302277147953716,0.0449785458052049,-2.53463041065774,-0.00177336760621059,0,0
0.38,0.0459219303291337,2.93273515126202e-05,0.107402849958505,0.00744883738301471,-0.000164235694201369,7.76793905963955e-05,-0.000923692760720638,-0.00302193110092918,0.0449773356886368,-2.53463041100651,-0.00177406643532808,0,0
0.39,-0.0564934046900686,2.9351154807955e-05,0.0162043498757026,-0.398722813295087,-0.414162647121557,7.76796553991085e-05,-0.000923693143168488,-0.00302104224012666,0.0449760558677918,-2.53463041205983,-0.00177386209749619,0,0
0.4,0.044212258848709,2.93754092126619e-05,0.141699074063532,0.299282179875537,0.351685145644669,7.76791906555578e-05,-0.000923692473813853,-0.00302010389948085,0.0449747047276049,-2.53463041199141,-0.00177380142558662,0,0
0.41,-0.0139101516093074,2.94001984002534e-05,0.0947447214485546,-0.021518417429634,-0.150997463905956,7.76791907250322e-05,-0.000923692473819999,-0.00301917340958344,0.0449733648838626,-2.53463041189493,-0.00177382351899538,0,0
0.42,0.0673023008852337,2.94249184662476e-05,-0.106520373762767,1.11627561138778,-0.349054046812101,7.76792571141593e-05,-0.000923692569441782,-0.0030182480659067,0.0449720324575048,-2.53463041190871,-0.00177382862914115,0,0
0.43,0.0219713722631117,2.94495912385173e-05,0.0558204466398902,-0.614348829041098,0.166447613448927,7.76792571051079e-05,-0.00092369256944098,-0.00301732060992781,0.0449706969902342,-2.53463041192128,-0.00177382629275947,0,0
0.44,-0.0140837300010912,2.94742712867446e-05,0.0148821535332081,-0.225302562386677,0.612154474702384,7.76792571039054e-05,-0.000923692569440777,-0.00301639280615614,0.0449693610213875,-2.53463041192312,-0.00177382587956578,0,0
0.45,0.0175004685102891,2.94989549729507e-05,0.154038408436278,-0.248628479795,-0.379904628846961,7.76792571022799e-05,-0.000923692569440582,-0.00301546475780598,0.0449680247003631,-2.53463041192547,-0.00177382612205172,0,0
0.46,0.0272639627279177,2.95236386591569e-05,-0.0370359596054371,0.0451001126650879,0.08337717207818,7.76792570996679e-05,-0.000923692569440498,-0.00301453656862536,0.0449666881766006,-2.53463041192884,-0.00177382615354559,0,0
0.47,0.0381698919505912,2.9548322345363e-05,0.100417100702538,-0.579759524515945,0.314831926073554,7.76792570972231e-05,-0.000923692569440335,-0.00301360823865808,0.04496535145009,-2.53463041193214,-0.00177382612875744,0,0
0.48,0.0181408165072662,2.95730060315691e-05,0.09120186410248,-0.449196310123123,0.37563899640833,7.7679257094838e-05,-0.000923692569440184,-0.00301267976790549,0.0449640145208312,-2.53463041193535,-0.00177382612660995,0,0
0.49,0.0442217149592922,2.95976897177752e-05,0.0309139394683725,0.25634292291207,0.326966686907666,7.76792570923746e-05,-0.000923692569440086,-0.00301175115636336,0.0449626773888244,-2.53463041193855,-0.00177382612907021,0,0
0.5,0.0231530467652752,2.96223734039813e-05,0.0372553608673591,-0.227998888129886,-0.241040181119142,7.76792570898388e-05,-0.00092369256944004,-0.00301082240403169,0.0449613400540696,-2.53463041194176,-0.0017738261292463,0,0
0.51,2.97704959189569,3.20965218544006,-0.0309521039440891,13.0100448436998,-4.04923356219653,-0.463277603579125,-2.91809481181631,1.45717955555946,-13.1043697050351,3.00659487552953,887.702271852411,1390.13781935281,0
0.52,0.951513812622044,1.29492783546448,-0.0306732186067076,12.8216026965868,-2.45047914756198,0.985919841702227,0.329317952381199,11.0233557323335,7.07296448862884,-1.19745442909398,1321.58636515734,1466.35508868195,0
0.53,0.403706659929172,0.75317907333374,-0.00670550905078977,15.9202537125475,-1.87923876428777,-0.115907414383581,-0.42504508691282,-1.51258137082938,-15.6961659531346,2.94773681463327,1501.88621117995,1544.10762889539,0
0.54,0.268554780495292,0.553431808948517,0.0215625610561106,11.2906619840225,-2.70188547763296,-0.332281545994939,-0.0355454889493873,-10.4136307007923,-4.1920058822164,1.7882150392797,1602.8902444399,1606.70721699215,0
0.55,0.0963461395327105,0.409725725650787,0.250020108234771,14.7940297499786,-3.10205015183209,-0.0867830465409338,0.0963945802130797,-14.7947129027827,2.52783394776813,1.20583546915719,1660.87343350087,1639.84207585151,0
0.56,0.0427420084456033,0.240763515233994,-0.0520838145646393,14.1551472219541,-1.88048871111833,0.0515001905167666,-0.00595105930149779,-12.1432230173563,7.62282447067407,0.916835709292249,1682.0363133151,1634.34407700713,0
0.57,-0.0793233387071712,0.060400128364563,0.0217235667349287,14.930407631458,2.38095140407852,0.0976828140367044,-0.233125767691977,-6.6967413306096,14.0904139558724,0.624070589955953,1659.18379684545,1588.02284652932,0
0.58,-0.377000263942689,-0.107014268636703,0.039149506556406,11.1015790326633,0.869288212422071,-0.0117933468439761,-0.320585768618712,0.647840000832873,10.6956047965512,0.0120876814896433,1596.33299003604,1506.20856240671,0
0.59,-0.592087205996487,-0.233318656682968,-0.00229444605135213,13.8546376086367,0.637375001204447,-0.479027134972355,-0.175590533812556,13.0848090184598,4.5873433359377,-1.19812871364323,1497.65711888148,1400.8915085348,0
0.6,-0.53735364821998,-0.296836018562317,-0.131976188496172,12.9537693518913,3.09751954223348,0.107444442731495,0.545181016231808,-4.31899565588357,-12.4755430018579,3.07438581761,1379.98888562314,1288.61497708333,0
0.61,-0.540012734201202,-0.283543288707733,-0.049782082271356,9.24991893713838,0.404182867356424,0.0750365287457824,-0.459452395512578,-1.11977222484986,9.06508076027718,0.189436124171839,1262.72884698821,1187.51686574918,0
0.62,-0.423229676530405,-0.189726114273071,0.0696621917462191,10.6017480566067,-2.0253073212828,0.113129757982235,0.378546634259603,-2.24399321648092,-10.1023452128731,2.77391280368572,1162.12109923202,1114.07803269221,0
0.63,-0.231494874610965,-0.0424905121326447,-0.0685992901374038,8.66293342338679,-0.367832887580522,-0.220761844073826,-0.0048624779928105,8.93953176750651,0.22699453989651,-1.54799268284458,1093.62801003002,1080.19064800271,0
0.64,-0.0713876489863682,0.154226943850517,0.144184192605876,8.26890506758549,2.78220690466881,-0.0455877782458729,-0.0225576747397817,1.7638538774458,8.84983298972993,0.0658326923802172,1069.17266049236,1091.096811182,0
0.65,0.247763806340657,0.346026390790939,-0.0683284361272014,8.1849757495251,1.51030557608285,0.17967135514255,-0.0737520202957402,6.24105203397664,-4.59281165973822,-2.06739551349148,1093.04856413439,1144.57893909894,0
0.66,0.229096738332248,0.511339545249939,0.0473265144907141,10.3026260565659,-0.0217859184803858,0.0380130155132903,0.288630923978612,1.02331219475387,10.9989575791444,-0.114726241404879,1160.22701676616,1231.54175660067,0
0.67,0.427087224664798,0.631325125694275,-0.208211890840872,12.472548171697,0.915106537798301,-0.239686697360778,-0.313635818284269,-8.30584439814888,-8.54253983374015,2.44573451041722,1257.00488644483,1337.858150738,0
0.68,0.439354671097056,0.679569125175476,-0.00838633069532444,12.9325667965986,-1.99998196828473,0.222044354541163,0.350463828326542,5.00116544636311,12.4366677287127,-0.492102789812438,1370.48506363221,1447.10964001191,0
0.69,0.466577356901882,0.655971765518188,-0.0360860718790672,12.4193858022337,-2.84058083092518,0.168482022638777,-0.379716733055611,8.80934253537278,-8.96392328642197,-2.58765349582913,1483.77600955543,1543.68354800394,0
0.7,0.177309625381339,0.571253180503845,-0.00126613258512138,12.3567276224493,-1.40925166829048,-0.234670218746583,-0.205212406415501,-8.107858714805,-10.3401233093042,2.37464757013819,1579.9990868196,1615.62565736938,0
0.71,0.0801192518329914,0.449859023094177,0.212335121991776,15.6325699445559,-1.9802294502372,-0.15213937677707,0.0341098834530841,-14.8461754473327,-3.61905067651242,1.65653785241082,1647.6276776587,1656.7010563612,0
0.72,-0.0102320049040761,0.320252001285553,0.0560663344035443,17.092007134383,0.564462923456317,0.0196322628385069,-0.000997831077992474,-16.5017089256216,4.16594794758499,1.30949667734905,1681.6494656936,1667.2760864878,0
0.73,-0.0224397329411396,0.201901748776436,0.132258995171168,14.9250550978623,-2.75967388284936,0.106762332338821,0.0116102028298519,-14.3864767387651,3.99943286776008,1.10412777717213,1685.9462523352,1653.86905730901,0
0.74,-0.200155151771804,0.133849158883095,-0.135144099360405,14.0989669742486,-0.647333995507185,0.130283013483628,-0.0837831138480565,-11.4978490728391,8.7286375921409,0.829566467687482,1665.77522758397,1627.48052567234,0
0.75,-0.151094040064229,0.111888840794563,0.138366538729518,14.4309254454355,-0.586679673579769,0.0634643197416183,-0.154529750920382,-5.24517197347709,12.9782695411824,0.368031170867525,1636.02387329831,1601.05381344937,0
0.76,-0.022257737525523,0.148213326931,-0.0161293436552433,12.325503047249,0.0622686489465193,-0.0084185477932825,-0.0879656779648339,2.67859504691297,11.5127521870764,-0.307183193119553,1610.29340973056,1586.58609204181,0
0.77,-0.0219887938862413,0.214449778199196,0.00104520888717827,13.9216118530849,1.61678594426717,-0.0751186653931808,0.000456088671918643,13.4409226601037,4.7069338315801,-1.11961908260995,1599.8094043059,1592.47666871504,0
0.78,0.0185752762009949,0.318572282791138,0.0623664833372265,12.2970682106183,0.203421790134601,-0.0437511217914065,0.0621438193286589,-6.79400388217284,10.1178346473105,0.597094063255862,1610.41077621195,1621.64925677497,0
0.79,0.13554688307347,0.412910342216492,0.0770003566757222,15.5292008523098,2.07599014396877,-0.0334532126802386,0.114969001746962,2.73158736949086,14.9302138992458,-0.0521705096166092,1645.16976109316,1670.82899116507,0
0.8,0.300196341270692,0.483705282211304,0.0448539193369991,13.2427583004079,-1.86589129589433,0.0965710928863546,0.198255420401634,4.13506298264108,12.6175550616947,-0.377202499455146,1697.78512993643,1731.12358984117,0
0.81,0.15470930564771,0.49845564365387,-0.0900175329271191,14.539810646752,-0.247979858611366,0.0640315772895415,0.194134911253273,3.49324483109165,14.3675698030943,-0.271036372635216,1759.79989065683,1789.79697273061,0
0.82,0.00689574617277047,0.459793567657471,-0.16283330562208,14.890084211464,0.419599774609681,-0.0600801670380555,0.153989053560845,-3.18352754786057,14.5121413642413,0.271202893116383,1815.33388478423,1832.8842935919,0
0.83,0.102825437633523,0.350980699062347,-0.0605956402065086,16.4419731196579,0.501216736595431,-0.0236262192565114,0.00906890237118476,-15.0142526263337,6.48488178785981,1.16458551178069,1852.75942654805,1848.1269353133,0
0.84,0.0183026293878294,0.202178612351418,0.105500049558886,14.9269947175525,-1.16501466122556,0.0675571886594224,0.0796817504703182,-11.4833109031707,-10.1459125734537,2.21738307851748,1857.55950392748,1827.63828814114,0
0.85,-0.210840062115559,0.0418224036693573,-0.0947230260204231,14.8311683787263,-1.96112602783174,-0.0276506497593257,0.259613567390304,1.47691678990373,-15.1455052628546,-3.11993741805788,1822.47026601739,1769.75967818513,0
0.86,-0.407799808161405,-0.11860990524292,0.0636386421825301,15.4189526445543,0.26773516516739,-0.230590386291336,0.367696422076188,8.37844877720323,-13.4521804449388,-2.56171938069634,1751.05542100309,1679.72144345406,0
0.87,-0.377819194904654,-0.23156014084816,0.00870297714804091,12.5113434549217,0.363728137237659,-0.214319236695623,0.43321835677462,5.26916577116646,-11.5348134716342,-2.64748250797928,1650.11262606123,1568.95664314344,0
0.88,-0.49560365810604,-0.285755693912506,-0.0463408858771192,11.825302097635,2.37978674367565,0.238027573275803,0.459367653657513,-6.14876338658651,-9.97951505930545,2.72838271203136,1529.37684618068,1453.17887354962,0
0.89,-0.49261177464907,-0.266105324029922,0.0339868396611449,12.3632145310205,-0.295719738118781,-0.182667996087204,0.486639864142711,4.93805264123935,-11.7941238108319,-2.81620320747233,1411.11538134787,1349.57951197163,0
0.9,-0.390180663073515,-0.174102574586868,-0.0700835438749196,9.34997858518964,2.05671023515384,0.241742002370241,-0.263612510919145,-5.61371520199395,7.48989046712486,0.852375794878719,1309.35272262248,1273.67559237622,0
0.91,-0.177663139068027,-0.0276224240660667,0.0345910135657968,9.72415848201495,3.15901630867413,-0.108867538372933,0.200867440444695,4.58674626107355,-9.07400611184847,-2.3935565229249,1239.66732384878,1236.41277713182,0
0.92,-0.138097323377106,0.156200438737869,-0.0457280709244111,10.2608350556893,0.456614927238862,-0.00126324304344467,-0.0505309330722074,-2.15326686798159,10.1089558362993,0.286828960173448,1213.54710974925,1242.08383316814,0
0.93,0.0828965230838987,0.342333912849426,-0.00869814143721361,12.4376697510146,0.333985567824791,-0.0152093457776444,-0.0988949812500543,-2.73511379707345,-11.9047197942811,2.93741445072631,1230.97378417584,1287.46981481649,0
0.94,0.227055034871201,0.487613081932068,-0.032383565253331,11.8677902837889,-0.76122499128783,0.129498006790145,0.225563658097796,3.21088193310699,11.1977014882649,-0.407205801752391,1290.46762174425,1362.37826440248,0
0.95,0.276323141996321,0.580570816993713,-0.145436305185621,12.7163314572486,2.23157483346024,0.0174335209669887,-0.331030518028665,-3.05162578212697,-12.4907007355757,3.06652330706116,1375.91963642584,1451.48520831723,0
0.96,0.280813619859171,0.598802328109741,0.0199024957181595,14.6094003911085,-2.00808029980211,-0.221238451076407,0.212488421476236,-13.0611351634615,7.27348569572102,0.932218970353002,1470.6549213647,1537.13740685014,0
0.97,0.32164540610214,0.540597438812256,0.0964690191281987,13.3884738128702,-1.37492720349969,0.157539758814593,0.227219194863458,5.86371557414448,12.0314860805119,-0.530460237844552,1556.95431742,1602.58678068727,0
0.98,0.126543521449169,0.417348384857178,-0.072332334110094,15.5137822154377,-0.543791709156407,0.113210186973181,0.0187874277694808,15.1354828322735,1.75184539964003,-1.44044479918668,1618.35226243118,1635.04600697334,0
0.99,-0.0840953244079787,0.255654960870743,-0.00168670397154823,13.4309754109774,1.35953198747671,0.00751186237071866,0.0305873337976002,11.1572227623974,-7.28004360596932,-2.03347210533146,1641.52038924513,1627.98904535812,0
1,-0.2015840129561,0.0778492391109467,-0.0361512867666264,16.8197542893684,2.03621358858754,-0.0901468226627513,0.235356131836887,6.59046278785737,-15.1817779017785,-2.60538981303236,1624.0989110753,1582.26604709333,0
1.01,-0.290087105853414,-0.0750958025455475,-0.0137745696955752,14.2579350781843,1.81884952953113,0.147461184226685,0.326952388818029,-6.23473394731362,-12.8837828963602,2.83067601577527,1567.83508528466,1505.8304023584,0
1.02,-0.433119350703809,-0.177701786160469,-0.0508967073839866,12.3906254821407,0.432294250160537,0.425548705768067,-0.0677820988641523,-12.5650924965926,2.34927340600504,1.45240426542991,1481.62830940781,1412.14225375094,0
1.03,-0.416832893793391,-0.212985321879387,0.0861388892414277,12.4735131103655,-0.741993189290383,0.415969035222062,0.171553461580725,-10.8722467485364,-5.04433387615928,1.91331078690521,1381.47619175145,1317.56592669662,0
1.04,-0.324692285661463,-0.180155903100967,0.0537895663132877,11.1953246614751,-0.855945694581966,-0.314945654965531,-0.254768220527656,8.8620140890087,7.11005860435488,-0.885272966163733,1286.37031783456,1238.2693743404,0
1.05,-0.240963739491757,-0.0784751325845718,-0.104676221694226,10.4837313895017,1.49835256896337,0.278172329921557,0.0986725331304032,-10.3829854061872,-3.49673815008473,1.96180289143703,1209.77008108489,1187.22511860636,0
1.06,-0.22880672607142,0.0640739798545837,-0.131801963406081,12.7754630480664,2.11049005159367,-0.173766025528779,0.112495454293837,11.8192369380487,-6.73577241109853,-1.92108712939564,1164.99676095926,1171.88689476526,0
1.07,0.141989797462064,0.228913486003876,-0.112540016405872,6.67417832662038,1.60993005722907,-0.0624482569651548,0.0778296784263876,-0.189530817683943,7.18999373911222,0.291595576728621,1159.83843340857,1192.9796328159,0
1.08,-0.0132311484311126,0.369952380657196,0.00509940214920023,10.1720524677076,2.21552956982198,-0.050663177454929,-0.160578479674452,-6.91078007068804,-8.01783388728029,2.60898761550944,1192.10468706959,1244.61957009927,0
1.09,0.284328432729428,0.479912161827087,0.0313399454301789,11.7703617081438,-0.276165181447468,0.198837702623679,0.110013792857933,10.5060398544746,7.29096752718302,-1.01044600143862,1252.89296126873,1315.71958896983,0
1.1,0.272661692504108,0.530586361885071,0.0440609831409426,11.4810139177183,-3.10724862656541,-0.288495528136902,-0.127410885433166,-7.57164663095852,-8.68426357462411,2.17185632467126,1331.20934043109,1392.3835843659,0
1.11,0.301172193622044,0.518188774585724,-0.000440186619489581,9.96924521672569,0.314269606137489,0.102498466937494,0.295227422586054,3.50441859579592,9.80419344955992,-0.336853934512568,1411.79256490883,1460.80190515226,0
1.12,0.111886855365904,0.456054329872131,-0.0909008918732741,13.7826671638411,-2.40165994441774,0.0972162326132738,-0.159580843739054,12.2782390433044,-7.25756328022442,-2.2963059262941,1479.5148850193,1510.06504305667,0
1.13,0.156954839673516,0.357527852058411,-0.13227071303112,13.0816645376736,-1.35233638819204,-0.0794997332585891,-0.0720492464773791,-7.54259766595593,-10.2412035421027,2.44920443039699,1525.75223021322,1534.33308195028,0
1.14,-0.0962921728337421,0.246889740228653,0.0247721096877159,13.2290240651985,-0.54468777366133,0.00919564446237723,-0.0117349994156251,-11.8836034860326,5.6079976444908,1.15482350009821,1545.11275808499,1533.92967894018,0
1.15,-0.125855715677293,0.158792614936829,-0.0537460921958873,14.5315736882352,0.0422857930784274,-0.00409908208538691,-0.122780247320603,0.952887551201494,14.1802345553586,-0.0921482073928709,1540.03653329995,1515.14549202791,0
1.16,-0.183528300684643,0.108734831213951,-0.0916157773125849,14.6976504178674,1.31280905899364,-0.176616769734007,-0.000184275679927407,14.3646385004777,0.687518473199364,-1.44698114539483,1517.46785688516,1488.79433055465,0
1.17,-0.194513657192505,0.115451440215111,-0.024388183998064,13.7244755759199,1.82453330122976,-0.0941857846181954,-0.128671234443922,7.29992151069924,11.7492199162136,-0.459551226402498,1489.45173295803,1467.81495401257,0
1.18,-0.00809329380826548,0.172249287366867,0.0193162554918325,11.9633297471418,-0.245262179317183,-0.0570879023052996,0.0376176848521797,10.0485457898367,-6.87070854137363,-2.17876272713809,1472.86714985661,1464.40317063887,0
1.19,-0.0212088370235616,0.274070411920547,-0.00979749877450005,14.4275740242001,1.12596812815525,0.0210477223576666,-0.00676557512854432,-11.1018052060376,-9.1899509733802,2.33039793166408,1475.98961387408,1487.25484279166,0
1.2,0.121650254903619,0.402774184942245,0.117636427604839,13.6052217908681,-2.25643579568143,-0.0439316911984361,0.139174104948701,-10.4835754710213,8.87561866477965,0.676833574341348,1507.76533164108,1539.48153160679,0
1.21,0.214769533067161,0.525172472000122,0.0239175454615109,16.3620228909009,-1.2879399984315,0.140222068444772,0.149092161930536,8.46043502050277,13.9464762722766,-0.626579157769125,1569.650576103,1617.63028257602,0
1.22,0.312281072470024,0.625236451625824,0.102928053876792,14.7429970668864,-1.88551782119602,0.325613085634333,0.0265218968557053,14.619583348576,4.32896027199332,-1.38850453734644,1654.55138844672,1712.02281122747,0
1.23,0.35998584096845,0.660843908786774,-0.0163587639268341,16.0279909017103,1.90616186368131,0.346562990966513,0.0722627256386628,15.6736475143677,-0.025544683965059,-1.4621691986331,1754.77855005455,1808.36936634001,0
1.24,0.316500980227906,0.628035724163055,0.210513108052336,17.0091013513221,0.0190547718798124,0.214634564638425,0.192114758681524,12.043840860072,12.2392610197092,-0.806411493549947,1851.59460112729,1890.35976758283,0
1.25,0.191561316345873,0.517683327198029,0.00467525760895613,17.5828202070608,1.25356686099378,-0.0972956586603297,0.14406163127543,-7.68088266855984,15.6192583704508,0.502529689715223,1929.67130651666,1942.73818204452,0
1.26,-0.050488247707993,0.36337873339653,0.0303488191356647,15.3880898797446,-1.31642067239256,-0.0650233447356957,-0.00800909414483928,-10.9603737572977,-11.177467059329,2.2553764748179,1970.58037429624,1954.26775560837,0
1.27,-0.126605126545864,0.164276480674744,0.133886498838919,17.6893415433678,-1.12415519743801,-0.172853349837321,0.0798188495909509,15.7377067514993,-8.44694965422939,-2.12979228522827,1968.48887358856,1920.00630161215,0
1.28,-0.48533597216943,-0.0389447510242462,-0.0955833637216956,17.1719781244614,0.703492679151486,0.334217587056219,0.181742092206848,-15.1476576280049,-8.23236434658851,2.11090936641657,1917.87077828992,1842.44238864361,0
1.29,-0.529798434940202,-0.208343178033829,-0.0560727410613088,16.6913022112867,-0.0199840966190624,-0.0628793970171184,0.528084275734635,1.79772948853173,-16.2450650144216,-3.0021930984031,1823.40683145753,1731.25779691849,0
1.3,-0.652975734575036,-0.318136960268021,-0.0163409758190923,15.9593041138141,2.05206369766934,-0.268803156225115,0.5828503413687,5.98500303562139,-15.2856015758353,-2.64431985955051,1698.75059528334,1601.74554488964,0
1.31,-0.602916874710668,-0.351027220487595,-0.0871401885385123,10.6108601007826,-0.570368380199485,0.0692848856293106,0.558287085998262,-1.29946359241028,-10.672352054937,3.01881535333864,1560.44813559699,1472.17147144421,0
1.32,-0.605628880206869,-0.312455892562866,0.0897896251052737,11.5030695152604,0.247399825375198,0.524694153343101,-0.103660035436685,-11.0410366312088,2.39830698302642,1.39032691697303,1428.11030732745,1360.57141697152,0
1.33,-0.383581942941644,-0.199630916118622,0.0136426310292488,8.74410671821905,-0.595210521328408,-0.339955464843221,-0.15997199374459,8.11133718265033,3.85829664962181,-1.1344223120574,1318.4747569821,1281.58567796747,0
1.34,-0.313987234710655,-0.0286187045276165,-0.0213304207342441,9.72460749281896,0.886191183169691,0.225412716070776,0.0756669492393461,-10.1038080068643,-3.33163997225364,1.94998770458285,1245.28908399596,1243.9262336929,0
1.35,-0.118348889946786,0.150088399648666,-0.0199536402922991,10.6152290525336,0.729715636727339,-0.0624877717030084,0.0183828245416079,10.8048742873574,-1.21099419523988,-1.61213609521139,1218.18071217797,1248.9513726164,0
1.36,0.23945210273713,0.322928756475449,-0.0721694701030323,9.2909583887428,-1.56503616490993,-0.113106890654447,0.0861390433469379,-8.68561714503237,3.50322432111123,1.07380410468855,1236.16874780049,1290.61017754619,0
1.37,0.290880808096005,0.454721033573151,0.0631989387554203,9.07106654187711,0.341921021445488,0.218646841431763,-0.161769102865992,6.7608369508047,-6.48329820342169,-2.25881112431024,1288.27065008037,1356.75698785069,0
1.38,0.277426715072277,0.522489607334137,-0.0306901075537914,13.4957177839202,-3.182386794795,-0.210455991659828,0.163356108708328,-13.635038382631,2.25825419276226,1.16357078904189,1362.82765124045,1431.57429168551,0
1.39,0.172632404533511,0.522566974163055,-0.147253900233259,14.2816026803946,2.11140634993,0.197596925521971,0.141419732491374,13.8599098934432,4.28866737509257,-1.12396056210385,1441.29242860348,1498.63217555289,0
1.4,0.213962829984968,0.454598724842072,0.0412141275517041,12.8404342695516,-2.87556449069439,-0.0090533475549088,-0.212701566596237,6.59383598003886,-11.4483323503601,-2.86916419470896,1507.84201776846,1543.99409288019,0
1.41,-0.0475018954844283,0.328060060739517,-0.00372548120863885,16.5490686247441,-3.37171718904508,-0.0388931651749965,0.0600126978794819,-12.5892366651212,-11.0139799991977,2.07419365327109,1550.38201553783,1558.77498313023,0
1.42,-0.0120846105391834,0.182748362421989,0.00852588899979067,14.4101289609749,-0.457735581928432,-0.0520833173547404,0.0958996030534405,5.53509140448301,-13.6560577773796,-2.82467962423314,1557.89717675699,1540.66901320505,0
1.43,-0.258880747553199,0.0520012676715851,0.038699435016275,13.204702042391,-2.53454295628676,0.131184949577988,0.168186253678499,-8.76373705755563,-10.1323865368407,2.23570862961371,1531.65630094265,1494.16838184913,0
1.44,-0.359772329645915,-0.0521759390830994,-0.0209461863463543,15.0459321440628,-2.53694874743176,0.27614718851907,-0.226727459283155,-12.2564319304923,9.49306500921605,0.712350646934749,1477.63141706552,1429.45163566483,0
1.45,-0.394434589622652,-0.0971364825963974,0.0191858753616912,14.4058621884475,-0.154906651382132,-0.365109773805841,-0.115593668690576,13.7877860761639,4.47241249308852,-1.2748703779699,1407.12573860814,1360.17950066116,0
1.46,-0.213379723168038,-0.080726832151413,-0.092800468509771,9.22841099264918,-0.242041515183539,0.155610787999831,0.209691519446112,-5.45170378826417,-7.44072209786697,2.49955245728739,1337.49995768912,1300.64767255954,0
1.47,-0.169010901299119,-0.00575235486030579,-0.131494421777121,10.0625052839089,0.614615242308247,-0.109821705340828,-0.173488504446472,5.46192634649586,8.59742512793804,-0.482223730954209,1281.55268595931,1262.86819030633,0
1.48,-0.128925982255834,0.113532796502113,-0.202800812412891,11.4529316255,1.77207817515876,0.0943640512560544,0.0710263796991541,-8.29242673716521,-8.22580482525099,2.49028694463035,1249.2794154369,1254.16034385034,0
1.49,0.0623058895065085,0.241679579019547,-0.181673970974888,11.8490840082334,0.398438785881432,0.00379027520753911,0.0115377694821184,9.75362213635836,6.65263145656852,-0.943015035995026,1248.92234961269,1275.72707695842,0
1.5,0.0941608718116337,0.363701283931732,-0.00453369021523885,9.40788435362871,-0.396843345513433,-0.160940112750189,-0.0718775600679219,-8.51283692611581,-4.41888068168086,2.02062135508564,1279.44430971132,1322.49446915364,0
1.51,0.189590695161863,0.444575786590576,0.0218370544532114,13.5854387485068,-0.534676713144445,0.159105958621024,0.0978923330545898,10.6732121434926,7.62052361996162,-0.977782929686496,1334.42308420075,1384.23932081369,0
1.52,0.213148099226012,0.483910918235779,0.130397347399644,16.7745525221946,-0.0604168543098222,-0.0598622617469276,-0.149238661221803,-6.2435649556782,-15.1340687739566,2.75492889591206,1399.03408627088,1447.77290593664,0
1.53,0.141969665139968,0.452715516090393,-0.0689998967042554,13.0170041307796,-1.06671294835886,-0.116917080785749,0.166373257987104,-8.71444862738022,9.29576598807046,0.690706946663063,1464.62097721498,1499.73820450604,0
1.54,0.145056209489103,0.374088674783707,0.0507202668750354,12.471356655594,-1.21334327820774,0.111920941422347,0.043293606945523,9.74203240685714,8.91963650517771,-0.946027057507447,1514.08768622803,1529.45489357946,0
1.55,-0.0287764060244334,0.26079449057579,0.0683464429346147,14.4291400980066,-0.729033650987271,0.00330108882226196,-0.0167724840917371,-3.09786051848827,13.7717211739031,0.223296427455817,1538.07995326118,1531.23534753453,0
1.56,-0.114458761646932,0.138216912746429,-0.0442668424153899,13.903117229319,0.504779062120755,-0.142911476609543,-0.0487219371017711,13.4255924045408,5.82228266353332,-1.07394210600866,1532.24393004733,1505.69816665109,0
1.57,-0.0759401390797288,0.0343625694513321,-0.115777706452467,12.0325242470717,1.21885123427236,-0.101434252905101,0.179501848370119,6.24250474247421,-10.527744662697,-2.51683050570368,1499.26827140121,1459.80316309106,0
1.58,-0.354205295527446,-0.0172514617443085,-0.00937361895664969,12.1585053884975,0.036925636635149,0.243354877413416,0.102048622860999,-11.5801239117075,-4.86134722676467,2.00820705100179,1447.27437822211,1405.58461420868,0
1.59,-0.278381638267542,-0.016619399189949,0.0668504336211065,11.9155220135686,0.738283156060637,-0.06876199653032,-0.243841089215497,3.3285576037127,11.6009596271091,-0.150102185621432,1392.55561330172,1357.818322439,0
1.6,-0.217620322261934,0.0484481081366539,-0.0492746968711834,10.6159507681986,1.0473785637646,-0.0545681035851185,0.16290318160079,3.92045480112009,-10.5169936323733,-2.68259050580772,1348.05333257632,1331.07173339906,0
1.61,0.00376459874738042,0.178746923804283,0.0922835090851226,13.5017239186935,0.275362841382939,0.0649514903731217,-0.0484753467765085,-9.99436555847914,8.63630177226931,0.824134543172087,1327.7841543933,1336.71291096708,0
1.62,0.196534099564217,0.332859873771667,-0.0528360695681748,9.30067410886531,-1.02455929169078,0.13150233703379,-0.0798352767307542,9.01228150637127,-2.48363966399211,-1.96549512402569,1346.1320559068,1380.46838159415,0
1.63,0.228085197374478,0.509033560752869,0.0347025962545982,13.7990432042388,0.567887142953532,-0.223273238396705,-0.0598953541996991,-13.8647629077606,-2.79619739869953,1.79771456435492,1401.60403558641,1461.0185012025,0
1.64,0.445922245155737,0.657661080360413,-0.0893055331776503,15.3283205012343,2.03608554758345,0.0340163104502002,0.375549868349385,4.1233622843725,13.8296262585379,-0.176541669820392,1494.34338804278,1569.92142478588,0
1.65,0.477950565525987,0.745518028736115,0.0228655233334743,12.985676706426,-1.27034056380064,0.469042546031976,0.0742582879719278,13.2471036113255,4.08371774345852,-1.36008487994552,1614.32058767787,1692.90117784724,0
1.66,0.453209261945333,0.765986859798431,-0.0323621631350206,16.6974723416497,0.64680185900974,0.43034912909972,0.000853623792577876,16.9729037808747,-2.0776658846045,-1.62329838765844,1743.26304789205,1812.27136122193,0
1.67,0.365889528059491,0.704547762870789,-0.11079761865445,17.0375769111701,-0.0213599195465984,0.298978913364914,0.219880595955539,14.1753035999481,9.26014902765952,-0.963161659250545,1863.1535229214,1910.04503250472,0
1.68,0.17883988544761,0.571693301200867,-0.0662002255835993,18.2459393433259,1.27552544954018,-0.00274521446202933,-0.216488288000162,-3.36863840760005,-17.7962471234768,3.0197645299567,1955.19216598995,1971.14639028351,0
1.69,0.121195685054157,0.38907864689827,0.0865033212392372,14.5038401860342,0.563872171712583,0.096186977479837,0.0562208326787212,14.1327382281928,2.62473138850588,-1.28965243154713,2004.77786264675,1986.11744850588,0
1.7,-0.267272988745903,0.171551167964935,-0.121348414331538,18.1029169439955,0.51206105112695,0.134833376456297,-0.129211933532759,-13.5570902997794,12.0795137988108,0.875034267094502,2005.9715554052,1952.8074873883,0
1.71,-0.294234711262882,-0.0313154757022858,-0.122927913308064,15.5742111670377,0.111648640383108,0.11370978036406,0.323491166726407,-5.27303600675345,-14.9322810181797,2.86118745116019,1955.97559267197,1876.72651356436,0
1.72,-0.364088054067044,-0.187632590532303,0.0962115966246687,14.9121241364808,0.712946170935167,-0.446777777528615,0.19811177756923,13.931381635567,-6.3682200842937,-1.9642905384966,1864.06089832186,1769.99884637341,0
1.73,-0.595945794168555,-0.285688936710358,-0.0243517234334819,12.4445301712258,0.332250746330941,-0.518824329594547,-0.135133919635239,12.4509657787828,2.93245462673472,-1.29066358167973,1744.7591603128,1649.1199208586,0
1.74,-0.586798963572611,-0.305329263210297,0.0080055370015604,14.7718707203143,-0.605456816690304,-0.58916722740077,-0.0263181315984337,14.4612618739377,0.944638994880995,-1.54100900255599,1615.12092969654,1531.94678038382,0
1.75,-0.45383721449533,-0.245701611042023,0.0494715495469058,12.1783926894495,-1.54313312844634,-0.209883559324606,0.440778226395125,5.61822421904471,-11.0543966774724,-2.72022425807909,1494.80717204958,1434.49656991253,0
1.76,-0.351655270929618,-0.132067665457726,-0.0623594776870767,10.8853605256818,2.24243870546446,0.352296460412754,-0.0160571043322738,-11.2810899219011,0.892274407316875,1.58759125370279,1399.51087673141,1368.15996109728,0
1.77,-0.238056654712681,0.0148892793804407,-0.0438630886826867,12.5910178902883,-0.0265171301450695,-0.185818277800883,-0.136986300441158,10.1181708880271,7.43829774965719,-0.965620199804595,1338.88408121364,1337.85182195824,0
1.78,0.000960019467045638,0.167519360780716,-0.0532336388228496,10.9404003876391,-0.755389089367971,0.022975881718495,0.0545083223465192,-6.59244942879651,-9.44620637307763,2.45897714797513,1316.30949100314,1341.43637003621,0
1.79,0.127382474387548,0.289573222398758,0.0815716324805376,9.48934675771626,-0.620498773112071,0.0535793369291501,0.0898260743073379,3.46874148841785,8.92019430237615,-0.430930921245935,1328.77253017111,1370.5148079001,0
1.8,0.0855028220291659,0.373119652271271,-0.000998348690573619,12.7346619970394,0.703397512247649,0.0601478926145632,0.108301393228075,7.77192969584728,10.1494057564688,-0.60669448310519,1363.6986182439,1412.39873108195,0
1.81,0.0867973567396965,0.388822495937347,-0.0635303694155545,12.2200808338436,1.84270054151872,0.0515678779399436,-0.148606916467207,0.00127628417424375,-12.1200231519387,-3.01121992102868,1409.46299005448,1452.86401328394,0
1.82,0.170038042869171,0.348058879375458,-0.0559540858106971,11.8372085849048,0.0737176032654882,-0.119869016401814,0.0282637697178361,-10.4477230412246,5.09839318920949,1.19291197419158,1450.18506475275,1479.13183056376,0
1.83,0.0529379659924979,0.262802481651306,0.0983621106289425,10.2688957280656,-1.4038549442492,0.0571695917537528,0.0353117268716802,5.23795743889639,8.94064224978781,-0.647769805208545,1473.34689700562,1482.48457089127,0
1.84,-0.178378128092999,0.148205608129501,0.0400817732601248,11.7564900231775,0.0812744125463145,-0.0494604046152395,0.0714009909958466,7.6420151856238,-9.27065033058383,-2.40401408812375,1472.04388181691,1460.00178209195,0
1.85,-0.230862754473139,0.0395069718360901,-0.0986474200735075,12.2190445660587,-1.29295921762528,0.175718751933784,0.109943525079329,-10.8365690921171,-6.45252250304437,2.01050808914565,1443.8835636355,1415.07946741389,0
1.86,-0.231811182493903,-0.0400853157043457,-0.119847303679526,12.0805858695963,-1.49106923504318,0.000812255033249401,-0.277447241537316,-0.296019636666309,12.17606594378,-0.151556001251625,1394.09094365623,1356.6396804586,0
1.87,-0.306058440370276,-0.0688483566045761,0.100457485016258,11.233644284751,-0.227174459663012,-0.117787197609632,0.272001250910209,4.60212725173436,-10.7232074325055,-2.72215800497712,1333.18054244191,1297.19846822968,0
1.88,-0.171395486234794,-0.035100057721138,0.0286870153968511,9.71369129762247,0.609530342800691,0.107421521791252,-0.185965812017101,-4.61717501463422,8.04512189754956,0.541037542171194,1274.25168501037,1250.18737716507,0
1.89,-0.242257495913766,0.0491251274943352,-0.0953457341270688,11.9107215594298,0.280287575501874,-0.0555958624472957,0.169232268335916,3.58050445941315,-11.0931387143213,-2.85417085479701,1231.57964162384,1227.07229886064,0
1.9,-0.0629792482754654,0.174186229705811,-0.123647792095434,13.7537071468063,2.28594596672762,-0.0687965260195141,-0.098186946710825,5.05775304971697,13.7682503918832,-0.183676142910563,1216.40103526162,1234.85417673672,0
1.91,0.133088243680985,0.31203305721283,0.0331643296853327,8.7198740292798,-1.36058926962719,-0.0965497394575824,-0.107220318756151,-4.72185063740384,-7.35130938158685,2.49865144930629,1235.64679015967,1274.46098989228,0
1.92,0.178785509008554,0.444699317216873,-0.00217743168073714,12.4255708533162,0.957000458140718,0.132819888868263,0.157989865502322,10.281976476726,6.98080348435626,-0.849381172688067,1284.65269864813,1340.36419852908,0
1.93,0.225258992281437,0.537144541740417,0.148091478886148,11.9374270489388,1.20827532020024,-0.133494193426848,-0.270125460558066,-8.54938480202605,-8.98441986039675,2.54648144494255,1358.79752677907,1421.51007426723,0
1.94,0.353412748688103,0.563987672328949,0.149546234641219,12.7747140081573,-2.57717168876078,-0.150482412690497,-0.292435222552881,-2.1528124076041,-12.188292826056,2.79518576221699,1446.6505814048,1503.39474977396,0
1.95,0.20737425536228,0.5282142162323,-0.0734015884361989,14.685899278942,-0.781929463294312,-0.213131206886224,0.107456676803439,-13.6404614668213,5.73682365539576,1.14265147602013,1529.55129747239,1570.88287153859,0
1.96,0.160504835641225,0.436719834804535,-0.0218888567811492,14.007608714761,-3.11908754971084,0.0525589187163765,0.161665010667033,-3.35101833101493,14.0489510372767,0.0341795269449986,1593.08608924808,1611.21857748985,0
1.97,0.0722437733696879,0.289874792098999,-0.127621973200074,13.542041945118,0.30317920705047,0.0147678188267873,0.0187401125747665,8.91512933664852,10.2864803141843,-0.710903399935107,1626.60140493876,1616.63413008985,0
1.98,-0.1996437555125,0.134532064199448,-0.032365984504058,15.4071886016365,-1.08853963162335,-0.165601097821823,-0.0637079530549196,15.1513103407694,4.71332777561811,-1.35157734526261,1621.08514976312,1586.03483981629,0
1.99,-0.301815330198642,-0.00952398777008057,0.100634740440353,14.6316767796669,-1.5278361359548,-0.266431272065555,0.133631233150134,13.206141405243,-6.56400840823551,-2.16712822415663,1580.08083189061,1525.41500251,0
2,-0.474345306213582,-0.115106016397476,-0.125301513735654,14.5652542116326,-0.890185094893209,0.080118475048407,0.394583077819031,-2.64667975420585,-14.4632172345668,2.89000824007686,1510.8403490608,1446.90438712216,0
2.01,-0.399362331768417,-0.159901723265648,-0.0808245897845674,13.4364879936847,1.75014516040595,0.354152114558478,-0.218953039882539,-10.9024875070389,7.3955638282876,1.09236893222265,1426.96745057694,1366.61076699542,0
2.02,-0.446061528598767,-0.125423073768616,0.0728667636787608,13.9967528239721,-2.68474111113341,-0.364736422186402,-0.155089681627783,12.4659065369538,6.30314010044931,-1.32041028929625,1345.40296991832,1301.659261828,0
2.03,-0.185068209549376,-0.00792615115642548,-0.0711945720144046,10.7843752913348,0.408436248669868,0.213919773419116,0.0721858685205843,-10.6329705345328,-3.56978267531866,2.0140138548677,1283.93891586796,1266.98789140739,0
2.04,-0.0748162758860001,0.151476427912712,0.0264155775368136,11.0961275544694,2.9605036531881,-0.0755425502011618,0.0135231119862862,11.2940591248805,1.74758929723574,-1.25852841354907,1258.85726882009,1272.50962403383,0
2.05,0.212316781560055,0.34137836098671,-0.0124902219459157,8.39769278445272,-1.746051868103,-0.186159606455083,0.0157470414720457,-7.88790791684976,-3.41140958234993,1.72169219620084,1276.66079270865,1321.18415214854,0
2.06,0.309623240529275,0.529913723468781,-0.000963350964022967,12.266834326745,-1.2314778035135,0.285520428238027,0.0615333471019045,11.4772383864223,4.425255882274,-1.2877301324448,1338.58276040508,1408.37040324266,0
2.07,0.540326310882988,0.669904828071594,-0.100828438009344,12.8761752737962,-0.237668488628501,-0.221704334976933,-0.35304533147738,-6.52189782983917,-11.2290918464856,2.59405493900545,1440.17339309734,1522.58662542815,0
2.08,0.467867148092192,0.750001788139343,-0.086878795486045,15.147561398256,-0.73350860139848,0.161037269410157,-0.413363874058043,7.37203554567559,-13.8771107161312,-2.72120586913196,1563.88665329559,1647.53601539725,0
2.09,0.452320148540521,0.758578240871429,0.0364941117912026,15.3818596573843,-0.921292858193345,-0.108965715554484,-0.449230263261456,-2.43933081826874,-14.9800551175774,2.93556449933772,1694.37063710667,1765.01434091187,0
2.1,0.35858741774781,0.682560682296753,0.0082537794129611,17.0946555062858,-0.110303166070267,0.0273708422450011,-0.338220388211942,1.81104919306963,-17.4069137200131,-3.04769269618884,1811.15114619582,1858.14859298543,0
2.11,0.208176652131494,0.545597314834595,0.115976389744764,17.4669094726649,2.01122797242923,0.201377459996402,-0.0501060266726035,15.1040553519523,-8.85907800585835,-1.99315676505866,1899.19616999006,1914.35471285107,0
2.12,0.132045156048839,0.368192166090012,0.172078522250104,19.5505148651631,-2.59559660749354,0.0462658982273355,-0.0287590353714514,5.73018345153866,18.3768374458819,-0.441916447372915,1945.75693638336,1927.45950312646,0
2.13,-0.1207186659418,0.179402127861977,-0.000895370485881798,16.6950392608532,0.22525656149233,0.133744185671517,-0.0292900934344036,-15.6367449076389,4.04758792593525,1.28432190419487,1945.67903590467,1898.59562829916,0
2.14,-0.314967365927705,0.0115656852722168,0.0166040726686535,15.7817136193479,0.0811588786829793,0.0831837994110717,0.282225479336032,-4.37775533595194,-15.011773432625,2.85238621590207,1903.81126713502,1835.71708849466,0
2.15,-0.510989719232839,-0.102572083473206,0.0437060076726808,17.6739708757536,1.18149024598451,-0.324156876663481,0.303694970644248,12.6757201236169,-11.9652579645212,-2.29927371382488,1828.56834540159,1751.84920319227,0
2.16,-0.303752057016095,-0.159309327602386,-0.0687554024567845,14.830498659691,-0.565906504477519,-0.436525962037064,0.0978150673087929,14.4118537258786,-3.16021645147407,-1.79180246449706,1736.33497170563,1662.43007738865,0
2.17,-0.465144626233814,-0.146398708224297,-0.00903479396671196,16.5743045718068,-1.86108035376728,-0.44446988965973,0.155933223055819,15.8240986675313,-5.04557000014713,-1.9752230957235,1642.31158884594,1582.27259106571,0
2.18,-0.305867460019441,-0.0728739947080612,0.0646933982250941,11.2319006725448,-1.2186787297055,-0.120873196630656,0.26219661637871,5.01777414978221,-9.98658112473951,-2.81382804887464,1560.76035655734,1522.74393089854,0
2.19,-0.205935096939157,0.0264779925346375,0.142110074297009,11.110234830827,-1.24615837165753,-0.193356425826877,-0.0255443600371647,11.3473809484353,1.17900176087706,-1.62640611912934,1505.17956316441,1489.71073675904,0
2.2,-0.134711619925622,0.139004737138748,-0.0373572859660465,12.7260022783,0.861202405792074,0.0157607127561861,0.112423169891369,-1.83249731615534,-12.8569807019452,2.99983655477192,1476.30930464575,1482.64209323384,0
2.21,-0.0176970486228802,0.237914025783539,-0.114001000275734,13.9217227253695,-0.259327059948202,0.032537632045674,-0.0106130430691879,-13.1919027594952,4.59494264266653,1.23022685245829,1473.05590938274,1495.03075577501,0
2.22,0.0669901920219687,0.288736641407013,0.0154238681564219,13.0341919546701,1.8217593029802,-0.00610814015279783,0.0486160679203692,7.20754316038784,10.6629201135878,-0.485984837984874,1489.62280602129,1516.03086005087,0
2.23,0.0242170868214563,0.293332040309906,-0.143407064245685,11.3278835602181,-0.833399631266298,0.0639919699087635,-0.0470342195898271,10.0908408256942,-4.67446001357737,-2.05614417369937,1510.65107080683,1532.96946280625,0
2.24,-0.119065298732552,0.245378687977791,0.15048805580139,14.658239165339,-1.12572296999589,-0.00933311701028362,0.0537089138680715,-3.86795501067657,-14.556713139602,2.79308631488368,1524.29849533524,1534.21689526159,0
2.25,-0.0812553912841745,0.147157207131386,-0.153779218929358,13.2209234955623,1.45715456024673,0.0954919766153208,-0.0511349662870643,-12.3967978829691,3.83703122069887,1.39995146083032,1520.2905182139,1511.83086379971,0
2.26,-0.235885656767523,0.0359985083341599,0.209931061781817,12.8084795861819,-1.98037973301758,0.00279523098628169,-0.215596810090281,0.0853785536561456,12.9412570180365,-0.113098404434892,1490.91870919371,1463.43518266954,0
2.27,-0.289726037932019,-0.0760661065578461,0.0506049228968033,12.1430240949292,-1.9675384463119,-0.289698163014474,0.0763451683562988,11.2930344300212,-2.5663138583844,-1.94198205126956,1435.57633006436,1392.94686158722,0
2.28,-0.345682697572375,-0.149517893791199,0.00409453340282687,9.65512787378808,-2.23798844955378,0.287015787116614,0.197986996339205,-7.94699199486403,-6.83573160600652,2.01831264103945,1358.0766742856,1309.99489501124,0
2.29,-0.449300696096618,-0.168377503752708,-0.0420347448431873,12.234533794284,0.179344970081262,-0.31992229302803,-0.238780565217432,9.62494896367582,7.03485955070825,-0.912122828889586,1271.44655969265,1228.13531118157,0
2.3,-0.332671793700151,-0.131789773702621,-0.0238311642280175,8.62367385562438,1.64393268009177,0.287999138050829,0.0402689599885693,-8.37613655503695,-0.508259457255906,1.82161206849207,1189.98567311509,1162.20839784344,0
2.31,-0.223115765194308,-0.02540940977633,0.00221845813105108,10.8745049446614,-1.1682818229951,-0.208860830632269,0.121475899282908,9.75369998941894,-5.51358361700425,-2.2528578586891,1131.24414521902,1125.35792524319,0
2.32,-0.166709012942426,0.122938320040703,-0.0110953841912729,12.381665687262,0.543540963607537,0.0984773299048742,0.0815755913619945,-10.3054305508956,-7.7787826787537,2.16853441690461,1104.20029117505,1126.30420228384,0
2.33,0.0935192449272863,0.298965007066727,-0.043635046991296,9.54804850684787,0.493712167532968,0.0914989986625683,-0.0577824695718797,7.09434213412468,-7.0582111527129,-2.27623850056319,1118.29604392491,1167.41842524497,0
2.34,0.247096976968761,0.472421288490295,-0.128859237455682,11.5821492212386,0.727515828858635,0.0100904508724379,0.249003584310997,3.93260865812751,11.144462093744,-0.185810353032446,1173.16711244249,1243.99330189988,0
2.35,0.407175524473229,0.600052177906036,-0.108782431214655,9.60661681092928,-0.426345064481373,-0.272811462377151,-0.316644387314943,-5.94669283103599,-7.40541673006175,2.44236384815967,1263.00151675371,1344.87385222384,0
2.36,0.504857540330526,0.669931292533875,-0.107448004733527,10.781040167023,-2.05707634878439,0.232668304715491,0.39658735791874,3.65470007954623,10.4135792610369,-0.467290359529547,1373.48981647762,1454.34755851855,0
2.37,0.3775796209536,0.663931846618652,-0.194486401477582,13.7196595854385,-0.282046864890732,0.221537195086898,-0.326869947671342,7.85917268775083,-11.3997593805618,-2.54161491346904,1488.13946573259,1554.94631568374,0
2.38,0.311106047095264,0.586797416210175,0.0282295094266208,12.7712242889051,0.00109736071849911,-0.212278334764494,-0.271104964966924,-8.01860758230159,-9.61808863426934,2.46603355590978,1589.42889474315,1630.63217875575,0
2.39,0.149746560717776,0.445750445127487,-0.0819973557324514,15.0074080447237,-1.57103932160795,-0.157121237731106,-0.00684739065244708,-14.0897636797198,-5.40114139367592,1.82697631021728,1659.11594902662,1669.7601585361,0
2.4,0.00161206721049961,0.273172229528427,0.00847129524834516,16.1781095661023,-0.520147301028711,0.0282390171063917,0.00547590751215641,-15.4690808492129,-0.0824611178044576,1.55452820343472,1687.76109403985,1667.2499557901,0
2.41,-0.189629802336139,0.0916874706745148,0.0102484426688345,14.2348466303424,-2.74730200215418,0.200557243357202,-0.00335743639809553,-14.8748338838396,1.33883971460475,1.33516551872724,1674.6030184453,1625.54738356355,0
2.42,-0.254248474158539,-0.0545346736907959,0.189352338500121,11.6054976010586,1.5542681298966,0.188630335866306,-0.200759821753695,-7.68882713034112,8.5022964807616,0.865131156576782,1620.14114660447,1554.1866650253,0
2.43,-0.296813155429943,-0.149956837296486,-0.115956563279352,10.3142086946305,2.22518353310483,-0.0741600672079168,-0.354728246964413,2.92835736618413,10.6879743240939,-0.110005065890719,1539.74352785927,1468.03225773741,0
2.44,-0.530888680652608,-0.175824761390686,0.0978767725143836,12.5370876789902,1.49968186442507,-0.416850411111779,0.088701554523687,12.5693347378659,-3.08327214881213,-1.72763564978632,1447.66129483531,1384.53154678066,0
2.45,-0.414196298539054,-0.120606809854507,-0.0608764733584569,13.0969295797022,-1.43074949237154,0.268353259682486,0.265287924181808,-9.13316014848458,-9.62712452050283,2.28392445028329,1363.39633256036,1320.49871076099,0
2.46,-0.274328412672531,0.00157406181097031,0.100410606247058,11.7568042283405,-1.7993685881395,0.193354007856945,0.121725974500541,-10.1141333352377,-6.2905632769671,2.01029766941816,1304.4694240823,1289.03871094852,0
2.47,-0.0996819726488132,0.167976051568985,0.0429430458692037,11.479279775361,-1.55498294920775,-0.0412580143759249,-0.047992354181201,9.93881045632148,6.35393335459666,-1.10406284151472,1281.38702560834,1297.19159358224,0
2.48,0.110525658452204,0.341260313987732,0.0326905355617517,13.2236475355074,-2.64569443852113,-0.1091200515193,0.0084980585223154,-10.021164990828,-8.54700492279899,2.05429357653294,1301.40514114361,1344.73685355021,0
2.49,0.162336424861314,0.503587245941162,0.0487356265295375,13.9167810691829,-2.52997063969367,0.189497145273467,0.142951216581528,8.53708447706933,11.0399633364396,-0.780460638071454,1359.91738360996,1424.37289869348,0
2.5,0.479298558813051,0.616137266159058,0.113730894977694,10.8227876167146,-0.654610480166038,0.0241766238790975,-0.397425001382362,1.20890036850693,-11.2617613576706,-3.06348773220256,1450.08665659578,1523.22142842793,0
2.51,0.38858012150089,0.656533241271973,-0.0895233012104713,14.0476710458702,-3.96013748792294,-0.381306706310264,0.0337142245689022,-14.0212080608823,-4.96503059173307,1.67085389803842,1556.8983172853,1625.35234969842,0
2.52,0.314921388602068,0.640461206436157,0.052804642177206,16.0543586638537,0.621027246139097,-0.250334716778669,0.198716674804743,-12.9965013906476,10.1117258989275,0.904550323735811,1661.18744523234,1714.83099942378,0
2.53,0.223237944037968,0.552065968513489,0.0315308602090015,15.4342447115435,-1.63017399065438,-0.161862353525507,0.185541751907979,-12.9311457680855,9.26100451109945,0.849789720751702,1748.6014682961,1778.69337403247,0
2.54,0.107770679096579,0.413471668958664,-0.101479300841167,15.7805343223342,-0.238637683964674,-0.112120146135547,0.0262579498094453,-14.9373143529625,3.51337647212778,1.34172600640549,1807.9057640847,1809.27509490001,0
2.55,-0.120903502588986,0.266956686973572,0.0580921384305758,16.2914224092278,0.420344697912518,0.0431462731247625,0.00773538543544861,-13.8459808944066,-7.68363693853052,2.13032462606569,1829.47041330132,1805.45159522191,0
2.56,-0.118897133587747,0.134442538022995,-0.113821382516446,14.5593605583356,-1.81396182400984,-0.0131874115799113,0.158317860125027,-0.770476102464925,-14.927647359512,2.94096939063215,1815.81003644297,1772.56433862316,0
2.57,-0.270691424690791,0.0329907238483429,0.0926952871447552,16.0204675637645,-1.45866793936353,-0.14232998715628,0.243514549600185,7.95417581281772,-14.0860755577026,-2.73683705753306,1774.61332685418,1721.0679617861,0
2.58,-0.329087659038857,-0.0176746547222137,-0.0381328007593702,15.2700892253132,1.26940783852641,-0.0132239268416596,-0.298444397575043,0.635079377351805,14.4759355443649,0.034964000804813,1717.01584789943,1664.18500080882,0
2.59,-0.291200258361677,-0.00572919845581055,-0.106299879273677,12.7011211219021,-0.361899592878263,-0.0379673430992368,-0.240145901259057,1.8845215807721,12.1663035953217,-0.168285880968537,1657.33294382599,1615.04897746604,0
2.6,-0.163541159755449,0.0559617131948471,0.0951474882062793,14.1613692741299,-1.88530756768671,-0.122335171171507,-0.17892486243841,8.37321302370423,11.2730353514043,-0.774208095528718,1608.47592988255,1583.91513497558,0
2.61,-0.202679456183707,0.145235702395439,-0.117409776991664,12.5297768369397,0.47784533440885,-0.104817634942054,0.018556469693548,12.9152765231714,-1.63682109206369,-1.66586857658485,1581.34170781249,1576.00187169888,0
2.62,0.0694433235655555,0.251773774623871,0.0806780225908835,10.6501096812658,-1.6872597898112,-0.0157164683378419,-0.0585728735713643,6.68329108349575,-8.69724876088045,-2.67286427408101,1576.9514983086,1590.39830871407,0
2.63,0.107212920475291,0.334990501403809,0.196322351533224,15.6888151403116,-2.09872145480012,-0.0500268576768274,-0.0160055410277772,-5.54910875947307,-14.3985716844342,2.65603803781219,1595.34660908741,1620.25968527498,0
2.64,-0.0180274862207052,0.369472324848175,-0.0140594709343059,14.2261356028441,-1.95199369797142,-0.100490917740304,-0.0141111937543844,-12.8976296115284,-5.3750579852031,1.89722576866455,1627.89363929089,1654.25455155067,0
2.65,7.70774740639218e-05,0.346404671669006,0.111090745843216,16.2662133224157,-2.8357593112443,-0.0227275475244533,0.0596647436317193,-16.3428893871155,0.242730376428108,1.38974483065907,1661.67301672877,1678.97681050936,0
2.66,-0.0230402026529424,0.270864546298981,-0.23479533642344,13.7368542296937,0.251068022006861,-0.0105061716454261,-0.00514806321634275,-11.8611604269355,6.78177065684973,1.08631097801139,1681.41195481435,1681.84102922653,0
2.67,-0.109150445941136,0.145341396331787,0.0301233717196888,15.5886232772358,1.97428462395682,0.0809620457857382,-0.132621890238633,-9.83015185255113,11.7553932003201,0.840212860750424,1674.79551981732,1653.8795628663,0
2.68,-0.279262195048633,-0.000535666942596436,0.0301629619176562,16.4802217799841,0.648300754327401,0.129823229868845,-0.280604078566558,-6.66997416897695,14.4259466232947,0.427627742261891,1635.56812168353,1591.87482291456,0
2.69,-0.446753103936756,-0.149921864271164,0.14630760584971,13.6606593638833,-2.47863688265551,-0.12100757199623,-0.39690228978193,3.24687182813588,13.3949108364042,-0.401795314942747,1561.18847439218,1499.3869089282,0
2.7,-0.381762287940158,-0.262867987155914,-0.0836367105123899,10.325259607028,-1.04811420032521,0.2996987391263,-0.351046087867153,-7.32331049497627,7.45097717742119,0.651248743236735,1458.88111244779,1386.45124453856,0
2.71,-0.542973828652798,-0.319396615028381,-0.0660573177408624,11.4739805365154,1.81825480900595,-0.532891672428264,0.0878419357654118,11.2048264347212,-2.99566537763863,-1.65932177730631,1338.89195577038,1267.98103064429,0
2.72,-0.501090966699396,-0.302225887775421,0.000975671530732532,11.1074287382227,0.929426816856211,0.503452814110802,-0.100173971874053,-10.7077765139262,2.73456877751162,1.41776860702425,1216.7393740295,1161.16440512196,0
2.73,-0.310467320978083,-0.219844400882721,0.0973052721544532,10.228896292288,-2.58869492671867,-0.232051117127097,0.332896250295825,6.38495689234095,-7.50776292841752,-2.6223192995449,1114.05094252463,1082.34620280578,0
2.74,-0.159175982013861,-0.0555906146764755,-0.0382159195009047,7.24778613813754,-0.107907140639532,-0.155137243174752,-0.106522863488895,5.76283238608921,4.16442010501349,-1.03027195202506,1041.68269820915,1043.98980923695,0
2.75,-0.0395796940390222,0.132788196206093,0.125130868586454,7.46765961319904,-2.74656729009988,0.0368915700377774,-0.000154896012119074,-3.32579588177454,6.96462017846425,0.208401389603698,1017.65561606552,1052.30481007942,0
2.76,0.151542221827433,0.337035149335861,-0.11710609487205,7.25662199612002,0.626685834308743,-0.200374965907351,0.027229460748072,-7.1630522706528,0.874183529596297,1.44243345239066,1041.57513210531,1106.00244050732,0
2.77,0.289307969497134,0.525228321552277,-0.0557106437956874,11.4712163742485,-2.66871282293343,-0.0802984497111825,-0.29782333009243,0.69525294863928,-11.639901048644,3.01785664867286,1110.08051526742,1196.42693424532,0
2.78,0.538429520369384,0.653511643409729,0.00834435156777815,9.5193551411763,-1.2640020637916,0.432421976514289,0.216340133643994,7.09176256658123,5.75865716095056,-1.04658938723794,1213.64799227744,1309.04807804286,0
2.79,0.529813908750305,0.709589600563049,0.078110425806942,12.5945972954287,-3.5461084009215,-0.452524195466628,-0.133657981781427,-9.86780169172804,-8.71966682088937,2.01347231857294,1337.09297224552,1426.03949453943,0
2.8,0.444981527037862,0.687342643737793,-0.0766159114829833,9.66287231595661,-2.79517186271476,0.194244871318125,0.456383606087198,0.596314334327698,10.4706821914245,-0.300100694529948,1458.79480571661,1529.45897723428,0
2.81,0.381059734752392,0.584924221038818,-0.00352876540003656,12.2127900303851,0.148886072259071,0.345547639124026,-0.0667186102119599,11.8193870368921,-2.77045483769863,-1.7766640728396,1562.33650011693,1604.43197897683,0
2.82,0.00877845304242679,0.435162961483002,-0.0653468010928657,16.8774021645874,-2.2364576417197,0.0195427589772718,-0.110507801164493,10.3115479292657,-13.6421606422406,-2.61052475940334,1632.43688598033,1641.73945440394,0
2.83,0.0213813797327756,0.264232516288757,-0.0573351093573417,15.4157874887962,0.352908207464674,0.0127699206697811,0.0349448793675369,0.159416090656342,-15.4244651492226,-3.08272090771537,1660.87418620761,1639.3266196783,0
2.84,-0.250905022882403,0.0983769595623016,0.193757426918298,14.5524340001478,0.51420509588419,0.0799092992526069,0.167081540151715,-5.84578302347627,-13.4379435592456,2.78425072522128,1647.86672182935,1602.45737431773,0
2.85,-0.331076314735213,-0.0218584537506104,-0.0191935453100545,14.3162276046082,-0.949608282036928,-0.316606703901555,0.00653012281209697,15.2309934931997,-0.305392928498181,-1.60178505751061,1602.5081048805,1542.49967376686,0
2.86,-0.32698221472342,-0.0937818288803101,0.0529982390888563,11.8435133346371,-0.786763626169516,-0.153425167643267,0.283583853888272,5.78621639171156,-10.4324942630414,-2.66243110293133,1535.36437173546,1474.58946734632,0
2.87,-0.290253181606972,-0.077276349067688,-0.0115637094275858,10.7095758381898,2.72161704364023,0.27189367986541,0.0837794675231794,-10.5798120539268,-2.69068272120046,2.04111346012118,1463.34407587391,1414.63407609233,0
2.88,-0.353174201265603,-0.00541560351848602,-0.130319483099941,12.3148913766902,2.99228564672238,-0.0516580467903664,-0.242378252269498,2.57244417242084,12.3477613850732,-0.0267511072497235,1404.48123055865,1376.23886528662,0
2.89,-0.0873266341774661,0.1110450476408,0.0600181835010535,11.487391343039,-2.07613184421804,-0.0975072065146905,0.0629619762003152,8.81336955223903,-7.74546892403122,-2.43512621397886,1371.40154085332,1368.15020540351,0
2.9,0.131084766925396,0.256176978349686,0.165051066992212,11.5632304697555,0.615909105401651,-0.0373629878081735,-0.000860501250816409,-10.9973241594513,3.4615590503166,1.31084009757659,1370.67861289954,1392.70167051643,0
2.91,0.18248733647741,0.391956806182861,0.0148247539733206,11.6850269513843,-0.46062662722217,0.151507604668323,0.0649812266523465,10.4110215129173,5.72952018648869,-1.10759593009666,1403.69229696479,1445.55030117123,0
2.92,0.256157332385655,0.492579936981201,0.00584253694075799,14.8165197328984,-2.23213376368262,-0.0455445264258233,-0.203896543145335,1.36758363944812,-14.924799297742,3.10606258030813,1464.16502672868,1516.73496204521,0
2.93,0.171660893775541,0.544368088245392,0.098403289960161,12.4957216037369,-1.5135698921015,-0.309425737521062,0.045494137724218,-12.2487379125817,-1.62430548769985,1.54892218059146,1540.69686637173,1592.82933259326,0
2.94,0.262961617571055,0.524719059467316,-0.0890684925478712,13.0207846818378,1.6337008059117,-0.179970540891788,0.218179239692836,-5.45391232177215,11.5976489899046,0.570612139198854,1619.45579937514,1659.74865899442,0
2.95,0.122823538081169,0.456140339374542,-0.0775573097946844,14.724919977089,-1.32507851702329,0.0147801441031536,0.166052512619722,-3.55419895439038,14.8475343002633,0.122618289670372,1684.08167715293,1705.64371901434,0
2.96,0.0848295479591369,0.34384486079216,-0.0455567130290137,14.8543155251237,-1.28257348291263,0.0230047152579408,0.061348971335379,-2.33338209033503,14.6011784488972,0.0671904404519695,1724.92750964804,1723.30189913624,0
2.97,-0.091480823392566,0.217610895633698,-0.0408432270169952,16.7103002244198,1.756066867603,0.0626147630729191,0.0748679787834323,-7.62860229905629,-14.2173583108681,2.73312903096761,1734.07168501239,1711.576234542,0
2.98,-0.224027677666459,0.0953731685876846,0.0101356177888437,15.6130347898717,1.47745769661073,0.0852193435877884,0.192066302356579,-5.85327885169059,-14.6474077357994,2.82640985208715,1714.76375175567,1675.5586395918,0
2.99,-0.242333434709325,0.017923891544342,0.0625344412428223,15.157932824917,0.300921941920124,0.134129267793095,0.241058260179906,-7.33378424033793,-13.3257064139317,2.68377279410905,1672.29625460191,1625.46477374054,0
3,-0.235983103606814,-0.0105850100517273,-0.175837162572169,14.1345761269337,0.770444024969767,0.240756204392569,0.151203783236417,-12.0081282500347,-7.5955529558487,2.17663215467645,1617.43216532189,1574.45552045754,0
3.01,-0.207926755611398,-0.0747477561235428,0.0909077921143941,10.8498877394668,-1.98160837622749,0.172671648817124,-0.228764620246902,-6.94525593017392,8.70747470049602,0.559768357014411,1408.10251742201,1396.28800052887,0
3.02,0.420708213764079,0.687798976898193,-0.0523381175817707,12.4734748252845,-1.62005975744335,0.445798504042663,-0.0635953332178636,12.5991980111211,1.73664807821272,-1.61112778178857,1456.58997107702,1564.12115580591,0
3.03,0.589569481090191,0.911802768707275,0.0628249572562258,14.5535837849633,-3.42647706956662,0.031634962396401,-0.639466172634054,6.39327922659766,-13.4533284579612,-2.96633838069659,1609.84581875466,1732.25203222471,0
3.04,0.539658126109532,0.812458157539368,0.0140863849972142,13.3120844555416,-0.734263329721862,-0.00235524931734515,-0.549787602473425,0.505607284667459,-13.6652416523375,-3.13091990059143,1768.13609447028,1851.71717925003,0
3.05,0.231901520976178,0.511239767074585,-0.0452883552899535,17.5829276862291,1.37492669610751,0.147381546069864,-0.0854086923890024,11.8708531083027,-13.3626884294033,-2.31193054117312,1871.07548794476,1887.85741106226,0
3.06,-0.180370193798693,0.124449342489243,0.195241868035303,14.5651987732481,-1.68028129120264,-0.122056380870291,-0.11672410755805,11.9965728358974,9.14878879020032,-1.05903178000386,1884.13810651288,1831.06195432837,0
3.07,-0.486551425573917,-0.229436308145523,0.0558326009729297,14.5761362490049,-1.16570827043295,-0.0110740178466122,-0.511468007427771,-0.0980223097529287,14.6618385545178,-0.0571114880553526,1804.78626518495,1700.00420802758,0
3.08,-0.672945095974598,-0.449956715106964,-0.128955277465428,14.8153328987827,2.80218458874172,0.016718692882769,-0.728162887774867,1.28042154608499,14.5555082309207,0.0995418402912949,1659.07483160449,1536.20130388119,0
3.09,-0.676215639697662,-0.457454860210419,0.0105012635692471,12.5426792090067,-0.824977748565673,0.693049882425683,0.0684065386868394,-12.3498059194065,-2.36383566778595,1.61928127294829,1493.96439944882,1391.40866443294,0
3.1,-0.465303758487509,-0.24737673997879,-0.0274980014940488,13.0825232225286,-1.50030551309531,-0.225506084242912,-0.455027391796169,5.28515123411292,12.5594584740409,-0.530347937140138,1359.56241640024,1311.62916566037,0
3.11,-0.0321660833311349,0.112425029277802,-0.145834633870091,13.3279207987203,1.28475141284171,0.058732731078269,0.122112353911448,-4.5687803464785,-12.0558861596842,2.87576649380307,1300.32426852442,1322.65260653752,0
3.12,0.362627192699387,0.505180597305298,0.0623815733109639,10.9774069546908,1.1506367942024,0.00114609919639808,0.287487095143909,2.22695839142641,11.3340626239589,-0.0875856091374825,1335.1953089461,1421.66380893219,0
3.13,0.615061886262149,0.81013685464859,0.0831093953333917,11.3677322118281,-0.0412163656971029,0.360259495045455,-0.469038561615623,7.40572781174605,-8.79363067091366,-2.47284835876764,1454.18845659906,1577.65349661406,0
3.14,0.655801190157128,0.926712155342102,-0.181417361735066,17.8453122433219,0.962073921831451,-0.333339859705338,-0.477439240884201,-11.4666954121894,-13.6409018790837,2.49941077500923,1620.07243778382,1740.67163700402,0
3.15,0.508872638472862,0.806613326072693,0.0936514863755942,14.5843436194503,-0.652976703678624,-0.370924050235093,-0.381557987564179,-8.78849961130113,-11.3299229115046,2.41075059795939,1778.16351331398,1857.20425271017,0
3.16,0.169551878982359,0.496457248926163,0.0210171242216069,16.2963015791574,-1.95653112577265,0.00408513947616085,-0.177437288488199,3.46041003392483,-16.2447970776215,-2.99565146173164,1876.24602801426,1886.99314613116,0
3.17,-0.194331059245235,0.0730375349521637,-0.0829069274632888,16.4891069192903,-0.311225555458453,-0.235068575742608,0.0253022048599262,15.9158476116736,-1.92274629063468,-1.72703811481227,1880.85991601964,1816.08038624061,0
3.18,-0.716939379790346,-0.326343417167664,0.0076556023423495,15.3623361458792,0.782978507085778,-0.459809524909277,-0.415444402311322,11.6049557739147,9.88570250158861,-0.805973617900192,1784.15207135482,1661.93782839132,0
3.19,-0.724886712150105,-0.574404120445251,-0.00519805901534386,14.0572194081478,1.64180347153706,-0.678294212593635,-0.503152545270596,11.871161100388,7.64460286394233,-0.896766552337187,1610.85439830287,1468.92672674873,0
3.2,-0.863741664747963,-0.586033344268799,-0.0887961051629028,12.1191100530843,-0.786469076268415,-0.562631252519609,0.573119523923166,8.23370553756512,-7.92767311915561,-2.37530878169961,1415.33553790725,1295.30178362636,0
3.21,-0.61603720809264,-0.355922132730484,-0.0533104203817686,8.93552188074018,1.17143975351971,-0.229142058105562,0.460104800584084,3.57118413296814,-7.69055723608844,-2.66455709330373,1254.1813736653,1195.61346325183,0
3.22,-0.13001725270439,0.0526826530694962,0.0412675056522309,9.97085752410293,1.10808252305009,-0.0429832670126483,-0.129181562326092,2.41177278938384,9.65449949269511,-0.0913308719808698,1180.10410939987,1203.84813891581,0
3.23,0.348414918894998,0.543243587017059,0.0303114737720219,11.0970257121157,0.653711355594945,-0.241052554795491,-0.246316981361415,-7.77978618654811,-7.07356702363732,2.34618553826632,1218.12003418214,1322.50194264252,0
3.24,0.712693829862626,0.949950814247131,0.0502230812166319,10.7321478741127,-0.0292388366187642,0.541204784620282,0.521222780032768,7.8308292507912,7.00890858268216,-0.811184112631427,1364.93089696575,1521.03557947745,0
3.25,0.922565971165793,1.1558403968811,0.239126453012854,15.6495584300513,-0.720213352037898,0.4234350380817,-0.759834469417634,8.50560246370129,-12.2702515143538,-2.60683736082708,1579.87428553855,1744.32614823411,0
3.26,0.695009685769228,1.10076820850372,-0.0425519032099995,16.9869870617897,0.129208902298047,0.287736014072898,-0.706995513477708,6.57148563477683,-16.168705942655,-2.7543935223528,1803.51459522599,1928.68067506799,0
3.27,0.455262144245872,0.779138445854187,0.0101120067262319,17.6267937163811,0.78196934800999,0.442295320431002,0.069469564772083,17.0349024136387,2.06447823147501,-1.4293018492273,1972.88619908112,2020.64259408439,0
3.28,-0.00527657783347662,0.299793779850006,-0.127185041987942,17.7528129947558,-0.232419299386138,0.036887793067305,-0.0193701794904539,-12.673067373656,12.1629493377739,0.770573205280389,2036.3578017354,1992.93014070016,0
3.29,-0.550988855645652,-0.218257337808609,0.156430829205737,16.4423846624744,1.76623513259922,0.120744981636109,0.528650842340118,-4.38557349462018,-16.2399715803957,2.98883765190486,1976.45279120966,1852.67797397525,0
3.3,-0.932355843099834,-0.608854115009308,-0.0769086721193586,13.8694624579966,4.20645494152481,-0.784644177581423,0.371865383909752,11.3039737057822,-8.04784039910406,-1.9289192168816,1809.1317349249,1639.46383277524,0
3.31,-1.05342828816695,-0.768224120140076,-0.00148039544511562,15.3445206088148,0.258797761560036,-0.938090071460409,0.503376497562634,13.4652318104977,-7.50222829222314,-2.05396822878412,1580.03950869467,1413.68822279106,0
3.32,-0.711754517178611,-0.651863932609558,0.0341947790817958,9.78352336747296,1.55176318060165,0.567054732331367,0.600644395470245,-6.82834056023968,-6.35407193334721,2.40616328287003,1355.93975083366,1238.79409957784,0
3.33,-0.514424337601356,-0.299447685480118,-0.0474023952144531,13.3805166904621,-0.83074410650822,0.546400921972371,0.0834096374744621,-13.033928648762,-2.55892945948214,1.68550189153228,1199.01125397496,1162.67226436259,0
3.34,-0.0358825948129806,0.191280454397202,0.00482845658639729,11.3190548109077,-3.06462599043574,-0.0598482121042191,-0.0380481828004383,10.2615044479276,-5.19787916223834,-2.34501443441806,1150.29891063369,1203.82903100721,0
3.35,0.557344484296112,0.666934013366699,0.126985356630045,12.1019889387744,-1.53194892638024,0.0256175324021552,0.437822170745407,-1.09363804839098,12.0541591928374,-0.00559725593229945,1221.53251995221,1346.42811099236,0
3.36,0.690385774832171,0.996299862861633,0.0156648038050278,13.7903962649841,-3.7917456577837,-0.0227524773403779,-0.734325560433359,5.12901753650575,-13.5415159684889,-3.0610815062148,1385.62661488108,1545.61133411331,0
3.37,0.880713260437414,1.08788740634918,-0.199793503625686,14.7538545426385,-0.721668653178981,-0.805951417335245,0.00939467287678366,-14.6999933151988,-0.440983199143789,1.57070704968727,1595.1582615287,1741.38512504038,0
3.38,0.479131329513297,0.914503872394562,-0.0851020529335524,17.73511119624,0.901108764060537,-0.571688614415963,0.0723660069415046,-17.2101376529186,3.41042094731055,1.42006749957126,1784.30285213403,1876.78601003593,0
3.39,0.248962142338245,0.550536215305328,0.122517149267298,16.0324585766628,-2.06888924122662,-0.182980772890144,-0.161707162971879,-9.43616573651065,-13.0372441042359,2.42168627445643,1901.59282863836,1914.79103450603,0
3.4,-0.217873834406776,0.100624978542328,-0.163119191170321,16.5968585010224,0.977736995773798,-0.146524871575978,0.162952829798399,11.238787973308,-12.212404851126,-2.37400134027117,1914.77928748685,1848.88806732786,0
3.41,-0.60423650238554,-0.288762718439102,-0.0562661475493782,15.3374027818466,0.485874908557594,-0.547155155054743,-0.204034898863774,14.5402089373239,5.02003259469346,-1.18111850311852,1824.48563051991,1704.21361147966,0
3.42,-0.650660626778735,-0.502132892608643,0.0418336051336383,11.8091515312442,0.702586029863319,-0.605060343697872,-0.429981709464861,10.6043435428019,6.87857293833332,-0.929844812363379,1665.89419404147,1529.07684456608,0
3.43,-0.78636246375622,-0.493775457143784,0.0247759797238992,12.5409996957231,2.2496476133319,-0.668997800916362,0.296112583247015,11.0568451008403,-5.97411690283453,-1.94329823429828,1488.06988449788,1379.61735660231,0
3.44,-0.429588577127903,-0.249785423278809,-0.0169021610270118,8.96158336284939,0.607006602179657,0.356544697275829,0.219985917526666,-7.81171787689065,-4.62808682773911,2.14130214926415,1350.67696945232,1302.39379018836,0
3.45,-0.0626692607029053,0.125881597399712,0.0549776205016704,11.8867088870864,1.08962140677643,-0.0854245010245104,-0.0616353750136338,9.11519221666886,8.01671286851644,-0.780842903705026,1295.0592781583,1320.25488881926,0
3.46,0.400131433211793,0.532518923282623,-0.0423864878475223,11.9141221096678,-2.85610416139028,0.300151455435015,0.0592892703199235,10.6588945421263,6.18558844563374,-1.22780747876302,1336.62732627895,1425.75382694828,0
3.47,0.597059550899935,0.821610808372498,-0.0142145910738308,14.305525264269,-4.34860684653807,-0.309271303673337,-0.455342382187692,-2.24328890780517,-14.9925614103767,2.70351582901077,1461.68505669212,1583.98902420358,0
3.48,0.712359556358212,0.911902487277985,0.12927378486574,14.6048883626639,0.954138188774187,-0.631131513776752,0.0553589611549622,-14.322762409742,2.84932242746382,1.44956280343477,1628.18447668412,1743.83843915457,0
3.49,0.462694613087167,0.783014297485352,-0.0944633181393424,18.75989272028,-1.29417101274198,-0.396302442534031,0.0891567023045042,-19.3632694612466,2.43371707451503,1.39654369506146,1780.76440850767,1854.00268784508,0
3.5,0.176281913283498,0.467186599969864,-0.0605319382068937,18.2679366252313,1.36067266417377,-0.0750254795569,-0.0903937097349316,-14.6044106366761,-10.9281620769857,2.26927981784418,1872.93060298913,1878.86227254557,0
3.51,-0.237882448290737,0.0657671391963959,-0.0180739319509867,18.179573293942,-1.6451622453341,-0.12447384116835,0.255292685521543,7.63574780655937,-16.4246947898843,-2.79009638365337,1873.2191806301,1809.29901754203,0
3.52,-0.725793261184219,-0.301150113344193,-0.0616178346662397,16.5945921621103,-0.833713113900637,-0.590861171499686,0.206270276887041,15.9868260277455,-5.39379998316468,-1.91276380400541,1780.31697272276,1665.25938514009,0
3.53,-0.820895338318865,-0.513543844223022,-0.0546690866785056,14.5769140033797,2.09717833854167,-0.70067467311368,0.358188146524948,12.1175123581682,-7.82080739354473,-1.98418754172107,1622.15527682747,1489.42063905321,0
3.54,-0.795651014887876,-0.52272641658783,-0.184235166941401,11.9958079657562,1.26930694396025,0.168958839288101,0.739437788017278,-3.74142090878312,-11.9141087248068,2.95904567119693,1442.86056568674,1334.0485633392,0
3.55,-0.446752361114179,-0.30243644118309,0.0168449223569723,9.49823800229548,0.605919533448918,0.16746729131286,-0.443066543155637,-2.79401325954392,8.79179815490079,0.399346788043869,1297.14447718886,1245.16784727037,0
3.56,-0.057531445931102,0.0642698779702187,0.0750832456034453,9.48548106232279,-0.646543188320338,-0.0364385018741737,0.0956858633249339,2.50228898710965,-8.58129463995499,-2.96157297331565,1229.80343855056,1248.89484385876,0
3.57,0.131823727076795,0.47417077422142,0.0563044620835171,11.7928802270958,-3.94841591071432,0.114238517212855,0.225933222753059,-1.10180742764489,12.6173088039036,-0.190268925972917,1257.36065717591,1344.01321880571,0
3.58,0.533044504790055,0.806851387023926,0.0653891293576636,13.6763723096095,-2.0400518648673,-0.0501045802848466,-0.55147672746437,1.84655658110106,-13.4111153877122,3.12579201637408,1374.59708669043,1502.87752850487,0
3.59,0.713669426561923,0.966034471988678,0.1081965434101,14.4924620689782,-0.213173842083345,0.401776802068087,-0.552471179088744,8.95263341354227,-11.7826026043214,-2.5056563865152,1546.60267968491,1680.15056702808,0
3.6,0.475757874096507,0.91351842880249,-0.0214089955201792,18.5492345297772,-0.00416398545634494,0.0351026998458909,-0.544876951653364,1.69440844023,-18.9555302768622,-3.06668866978618,1725.78269234781,1826.52357072599,0
3.61,0.195181590894607,0.672739744186401,0.289794088237218,18.9547763559803,-2.30633759843466,0.154454114654096,-0.267213662411253,14.1201418438786,-13.0741020305465,-2.44953195465274,1861.20062481119,1903.15036360816,0
3.62,0.120360218786922,0.3172906935215,0.184157600095748,17.4934622557992,-1.58475708094856,-0.00385555412359104,-0.0294537649294203,14.9585218879412,8.88454866945685,-1.10810115263434,1918.04175735134,1892.45425469815,0
3.63,-0.372753323741388,-0.050293505191803,0.0351086957254519,16.3661872534173,0.0457371499741486,0.113100966101595,-0.350199719545697,-5.13474899603853,15.7277929876832,0.322055916168214,1886.10887627301,1802.21990171879,0
3.64,-0.549424242393917,-0.315929025411606,-0.150399868308153,13.1756022159393,1.78823148838557,0.528676767507844,-0.23873734072214,-12.2453113745108,6.66900931399782,1.22072880079841,1776.73408874255,1662.03262283201,0
3.65,-0.81159507555347,-0.428083300590515,0.0600828674290689,14.1439840166059,-1.61852374260734,0.648274027386487,-0.249834379404237,-13.5148714572909,3.94817765553251,1.14758706381053,1628.18091036887,1513.48241434975,0
3.66,-0.5824709466423,-0.357334673404694,-0.0807443327973617,12.5337918921379,2.26140053239353,-0.0658243734453064,-0.590205196532634,2.41043271471032,12.331929043875,-0.0473211413177642,1478.63524708654,1397.37670110329,0
3.67,-0.327055098755414,-0.133928969502449,0.1097503405538,12.2810350708287,-0.389060901321732,-0.302317390942172,0.211404756984101,10.2641877567999,-6.99161527527416,-2.19876777604819,1371.22773043207,1341.96136680476,0
3.68,-0.140409109601239,0.149452209472656,0.00245661427971192,13.2995209206341,-2.5173470183626,0.0959135462046913,0.0165218199892808,-12.8045674790269,0.64231420099198,1.38533249460998,1332.24308575972,1355.64319188141,0
3.69,0.309112913141959,0.420699864625931,-0.149278807516093,11.1223846359408,0.491903561995775,0.208230029343138,0.0487132846093306,10.757691281857,2.36445680413888,-1.34856974950786,1360.7703430531,1426.1479388572,0
3.7,0.36340952937483,0.5967618227005,0.0105056436174272,12.9577928228816,-1.23350925063968,-0.200670316072403,-0.28720134272263,-5.2149923729536,-12.0679972887127,2.61796372580776,1442.79347232179,1525.96691528707,0
3.71,0.432979753283254,0.636653482913971,-0.00727527517709855,12.4023527267494,1.43502690687065,0.179881242768937,-0.369790393874447,3.52702580346184,-11.5106624558434,-2.74575747538586,1546.52508002913,1622.01327059225,0
3.72,0.250980166137604,0.542707920074463,0.0701227798495165,16.1927929382329,-0.139480303534755,-0.118151640751092,-0.205837050993301,-6.89683041851447,-14.3986184344376,2.66469510723846,1639.81004354522,1686.22523416064,0
3.73,0.00898673120680367,0.367653846740723,-0.155955705530905,14.9808420316721,-0.474969907162566,-0.0538718732031298,-0.0536056862071846,-10.8989319274017,-10.6849478149456,2.34772177709042,1695.28830156945,1703.75395823601,0
3.74,0.0442193848725718,0.167986214160919,0.108301953851991,13.6259842668733,1.45465634165109,0.0908239469628321,0.0289564800318953,-11.4968605041727,-7.28694143790143,2.26466959874552,1702.52915072535,1676.33806955996,0
3.75,-0.311137035507215,0.0195887088775635,0.0401869100622362,14.6755782957734,-1.5461164738399,0.219484825051153,0.153809014407893,-12.4372326923218,-8.48311332801679,2.06940358609298,1667.34345078157,1620.13791841246,0
3.76,-0.234213629382238,-0.0479606688022614,-0.0534111656426732,12.0871015026464,-0.0579284461674259,0.279457108030004,-0.0139247694930802,-12.266125470946,0.563936455968819,1.51551668174809,1608.54371860796,1559.1127277553,0
3.77,-0.27339998933693,-0.00303830206394196,0.115195315416329,14.6640480905625,-0.548319826184448,0.148474440716174,-0.243481049536444,-7.6867707473973,12.6419430942452,0.515541922069216,1549.60924349779,1516.38677129904,0
3.78,-0.135430643505782,0.116521455347538,-0.0651374957101502,14.9350644546405,2.31883873795716,-0.157295213612792,-0.0701560598843557,12.7222480568024,7.8524218320452,-0.847492011828125,1512.31529278516,1506.54974120441,0
3.79,0.0638024504150216,0.268249005079269,-0.00502865981311815,12.1668272122795,2.29163582907279,0.0537014728471925,0.00840974611345333,7.34003725168993,-10.3429586533939,-2.35185266906799,1510.92625366468,1531.35280722145,0
3.8,0.149708280157146,0.384181946516037,0.0834398577739745,13.1000253650841,-0.585230809582122,-0.0913577814096416,-0.110951088290059,-6.67044806672787,-10.8800668363753,2.54288601740067,1543.64875839471,1580.00121912896,0
3.81,0.117908751818458,0.442888706922531,-0.0548075282196865,14.9370933887865,0.142102428510684,-0.154614386285786,0.0149487304611616,-14.995081301485,1.54822780128988,1.46909674031716,1594.24000548822,1633.65700395833,0
3.82,0.136633465720673,0.412583649158478,0.00716140475451704,11.8048508468021,-1.57989464391989,-0.107110510056489,0.156598447231483,-9.66405756483144,7.31317778036499,0.78229579062063,1645.69441009243,1672.38936664605,0
3.83,0.0537284121003696,0.303682655096054,-0.141939462690222,14.6743318815137,0.318281863789248,-0.0190153303208011,-0.0304251055436005,-2.03089847045992,-14.0820386148201,2.95083192995024,1678.13731461735,1682.09119410443,0
3.84,-0.135623407866283,0.16778276860714,0.0564328034709495,16.8140882598659,-2.59256630562616,0.0124855613386784,0.159546917731077,-4.41843062776293,-16.2407520724317,2.71240980996937,1680.03844980082,1659.02666427911,0
3.85,-0.221512294918314,0.0428756326436996,0.034926127740378,13.1977769776547,1.71641070061851,0.174202641001118,0.129045726733172,-10.691767623649,-8.50021901703665,2.36537172371535,1649.15958775645,1610.59940331341,0
3.86,-0.30681161729775,-0.0263388603925705,0.196431189631152,13.7613773753728,-0.201861486916852,0.278800944792622,0.0352107161582286,-13.3316491147435,-1.71854433614766,1.695545352218,1595.49253690395,1552.28779627326,0
3.87,-0.310267644216661,-0.0189298838376999,-0.0193426803460066,13.3524878466603,0.95169454057607,0.152783168070082,-0.231490613703104,-7.53279806444522,11.3606770920568,0.606251363654034,1536.19871466004,1502.00615722262,0
3.88,-0.200945968653959,0.0506744831800461,-0.0426236830749221,12.9092452043507,-1.44595066056584,-0.116859646283235,-0.14296810831452,8.34322962915641,9.21826390101242,-0.879472386500152,1491.07983054903,1473.97235022907,0
3.89,-0.0909126286418772,0.162220984697342,0.133223939364271,13.2385245749579,-1.66629141103936,-0.0736015858517817,0.0666556479504623,8.08104521658069,-10.9823097552607,-2.61790527996105,1468.68007585029,1474.23131231425,0
3.9,0.0963920551485725,0.278650283813477,0.0278487905328717,14.3282993135083,0.662899283520357,-0.0137279198693199,-0.0142985618110886,-13.3016746236378,-3.63450657678022,1.87019324931206,1474.96244161859,1499.30344385926,0
3.91,0.174578808725302,0.358139097690582,-0.11401566034078,13.3246894595029,-1.07727524124542,0.00191274280961884,0.105250588759712,-4.06834017423902,12.9340055385926,0.213928250898877,1504.40224348983,1538.25879307408,0
3.92,0.186404012090697,0.381855666637421,0.0443754206876919,11.5924176435289,-1.04138420815322,0.165263865539223,0.035858301059354,10.0254332577493,5.82826650658709,-1.17511017905712,1545.83956109875,1577.28602869813,0
3.93,0.0777645777484145,0.349483489990234,0.0105926804497393,15.5884633836338,-1.73685398362288,0.0248672739361723,-0.0493386693986728,12.7432784242326,-9.17301004484085,-2.26516342482823,1583.79826873735,1604.96508184002,0
3.94,0.0724455853909914,0.287838906049728,0.0318374794082515,11.4413011154665,2.01042193421085,0.032206241764449,-0.066359404152917,-1.24101037726563,-11.7939763808548,-3.11733764288941,1609.17478758049,1616.26037017699,0
3.95,-0.0140031360855923,0.221384987235069,0.0161162356108223,15.3792921943404,1.11770890159012,-0.0663636333188626,-0.00712263702577971,14.7030410499308,3.44272794633657,-1.30532080535955,1618.92270120402,1613.7834397345,0
3.96,-0.0719139060631453,0.18898743391037,0.157287071195363,13.0652844733918,1.42137682192418,-0.0362328919599973,0.0570395511705577,11.0144828849532,-7.19958039175437,-2.01314599676821,1615.31545154241,1605.92810704835,0
3.97,-0.162595528482062,0.194608986377716,-0.143978060679009,15.4275719540657,0.764917214596723,-0.0351851537295363,0.0918657969395693,5.61604030478784,-14.3177248626163,-2.7636879445527,1608.49806412251,1602.67173764297,0
3.98,0.00697737880341432,0.239836677908897,-0.0468710976078061,14.2298651661122,0.368475010221016,0.0183652297089735,0.0144852463118657,-5.9205711898583,-12.424682384872,2.73672010458716,1608.00564655369,1610.72952295884,0
3.99,-0.0281265215832082,0.282983422279358,-0.0472692664391815,17.1445928607148,-0.696629425763096,0.0392446797331852,0.0266453968520269,-15.5434722481099,-7.42285208958674,1.99357005982198,1619.87709750729,1630.01663956474,0
4,0.113084969044769,0.31129863858223,-0.029840213070147,15.7433436576461,0.665269745306884,-0.00943493096819862,0.00805428224552652,-15.5075142223571,2.82680634351579,1.37101138731097,1640.47988638696,1652.91062432426,0
4.01,0.0249898868663434,0.290247440338135,-0.0732000737856763,15.2306979568437,0.403696527302811,-0.00037255680960769,-0.00474735780063741,-12.0281614806943,9.59150211055657,0.908216243845987,1660.59877063909,1666.76979333279,0
4.02,-0.0332207877082572,0.213324382901192,0.113326485070337,15.2514174205727,1.00346896823173,0.0205254548601745,-0.0655880508880079,-7.00481841535016,12.9954219959331,0.552557327987894,1668.44926636199,1658.91959669426,0
4.03,-0.163512192474293,0.0924704074859619,-0.0883384334598586,13.1309250202384,2.58392178797293,-0.00804557919836361,-0.164548404585303,-0.544605770057447,13.5109261027553,0.170091686893475,1651.12720286527,1622.31741166575,0
4.04,-0.349980187207916,-0.0280130952596664,0.0514996954227404,14.8586882324651,-1.23826413112111,-0.121396702802351,-0.289220203573638,5.78741144548497,13.870547331454,-0.445457568732794,1605.64974385614,1559.72297662544,0
4.05,-0.374818634136303,-0.110035717487335,0.0181839973137162,13.5028489148418,-0.75618796778289,-0.353607870681164,-0.0326754582653046,12.9373417539326,1.31213246809468,-1.49142723801902,1535.61497160854,1484.60258334634,0
4.06,-0.372653878500783,-0.101430878043175,-0.0524603479743889,12.6805174478332,2.41381782354212,0.0219810968855958,0.341049856125205,-1.3176094391835,-12.7365411263201,-3.08449476553451,1458.59821806248,1418.07214365785,0
4.07,-0.185990508386435,0.00125865638256073,0.0754316057542914,13.1392787497848,0.595519378134404,-0.0934716099362248,0.223081809954464,5.05995347099858,-11.8718074933486,-2.66295301098901,1397.81036635971,1382.58417840833,0
4.08,-0.0986781708600054,0.179289102554321,0.0921661193414684,13.2945334070937,-0.035180880871883,0.0583846845225135,-0.0275729017072217,-11.9498512404524,4.96957423185799,1.192113595337,1375.2371993439,1394.30387309257,0
4.09,0.284866002676469,0.40189728140831,-0.141032676563197,12.4810351047557,0.665288327541109,0.156552631020377,0.0700872361645044,11.8010566336557,3.52881241458805,-1.22608747109204,1402.54626464313,1456.75116192019,0
4.1,0.456032245752972,0.592295110225677,-0.213114493820928,11.304098932872,-1.64072490777748,-0.0700993900963892,-0.384007991857147,0.0897436273832979,-10.979509762556,3.03016899228285,1480.13273830938,1558.05262561767,0
4.11,0.418765279888335,0.696770370006561,0.0394325367117538,16.3202305772475,1.30147160046076,-0.377823496485225,-0.0663758177775046,-16.3847976695099,-1.4611967241791,1.70582842676741,1591.36869409062,1673.08051270902,0
4.12,0.378200343626761,0.673499464988708,0.038667928241206,13.4221059471552,-0.539970210498369,-0.387527641880153,0.158653136976669,-13.0429567951844,3.68202752367653,1.22784648678749,1706.22417548312,1770.17759367883,0
4.13,0.196293410805592,0.52002477645874,0.0306070299763513,15.7271381180299,-0.451165837854384,-0.220152159625599,0.02241203577099,-15.7189207829868,0.328256965863763,1.51656251315669,1794.50952625997,1820.58860218761,0
4.14,0.120234036821204,0.267826408147812,-0.149778807708879,14.332941793474,3.59679383460725,0.0334388577273886,-0.0571665225565928,-12.456567230295,-6.31494630367159,2.27402680867987,1829.94552454923,1807.67932131895,0
4.15,-0.342232688237918,-0.0109298229217529,-0.101863798437522,17.9680221395948,0.364096880148026,0.0424342437550781,0.352871711093728,-2.08239911657704,-17.8710075790025,3.04953131119458,1798.69476956151,1732.9039789114,0
4.16,-0.492414195630793,-0.22921222448349,0.0310994202676217,16.4352182542936,3.37665001373528,-0.0526608023839368,0.538472060095089,0.325197574375225,-16.4864932520749,-2.91688840186345,1708.08595133156,1616.36963796336,0
4.17,-0.613520543702699,-0.31986066699028,-0.0918476847873912,13.6059183131947,-0.599567056518224,0.132504249797552,0.551472281319035,-2.6290409508677,-12.8883528108981,2.87782547944792,1584.21695472769,1491.49763290694,0
4.18,-0.460469418348828,-0.263998210430145,0.0277384051823345,13.7643801668978,2.26507044676562,0.515859406153906,-0.0918069768923471,-13.4497675432683,3.17441345307891,1.45791870039798,1460.5490844681,1395.18567435491,0
4.19,-0.248279320900836,-0.0607295334339142,-0.0155531088767717,11.609712272507,0.150360595914599,0.268555375840229,0.0573264261399671,-11.2135730648638,-2.41765058513702,1.78796852578793,1375.30508419457,1356.41227997628,0
4.2,0.0182834973578264,0.228337913751602,-0.0999735108090098,12.8310438967322,-2.45938526996041,0.029834730153926,-0.0459816073388945,7.44912481885479,10.5944072505392,-0.822336099561501,1353.06430362052,1386.87410151799,0
4.21,0.142586999957881,0.50638222694397,-0.0574157356693483,15.0963509038649,-2.23011419795772,-0.0806416306555006,-0.206541396530957,-0.946121424831046,-15.2942549502918,2.95087737123464,1401.29815368202,1476.75392337549,0
4.22,0.412064104523901,0.689150094985962,0.0276467386493269,14.9721662286293,1.81372778397357,-0.360557472256044,0.192203930906184,-11.7730995765875,9.19988329372716,1.00764352556168,1504.50689808965,1597.19468013672,0
4.23,0.465733052630148,0.716845393180847,-0.137187217727029,12.2250083050179,-0.26946885235107,0.042239141072891,0.475798422330103,1.00956526380616,12.704630047929,-0.0845723875997186,1627.39477754405,1708.95640905654,0
4.24,0.291266147725645,0.573490023612976,-0.0319402966317221,15.0960948376518,-1.33376453873846,0.114829369340422,0.27043602744925,3.24634468471725,14.5360578679425,-0.310558427750457,1732.96392292974,1774.71781717978,0
4.25,-0.147761364052856,0.304088681936264,0.0955083165533347,17.6183874854054,-2.84981358249809,0.0508970735359273,-0.0323880022642692,-3.3472218885813,17.5937237805498,0.0512828899031298,1782.97476604423,1771.20903731196,0
4.26,-0.338004912745112,-0.000676989555358887,-0.186503871024389,15.9421482204234,0.109318421936642,0.150914787368862,-0.272647616098167,-7.91836845877206,14.2929904909216,0.513642567681768,1760.04147790598,1697.26790696863,0
4.27,-0.478660322271376,-0.251794248819351,-0.0913772965127241,13.9498915693634,2.89795511880152,0.227189426448563,-0.471240408545795,-5.213289288526,13.4945673576035,0.551301568860993,1669.81568913772,1575.07280425188,0
4.28,-0.579150033635762,-0.359650611877441,0.127420859241234,12.9196536633351,2.47465793563419,-0.187711264143446,-0.574426117165455,5.14893935800661,12.0655767542261,-0.245478903344622,1539.16241008681,1443.89196979651,0
4.29,-0.509532212386886,-0.276543080806732,0.0524955003688058,12.5504126294684,0.571339466674023,-0.464075222218188,0.214910347280973,11.4512475190319,-5.12148148379693,-2.0123682710101,1411.23573463079,1348.06395533968,0
4.3,-0.199521008184391,-0.0233659110963345,-0.161044440458636,11.4559321001225,2.29333548484849,0.241226727759616,-0.0182234704301032,-11.6912693068667,0.924507104187231,1.71715640405949,1330.61156356186,1322.83436697895,0
4.31,0.0050257244698817,0.330626726150513,-0.0905034406532019,11.4503575129214,0.0112604369448708,0.0970438855752143,0.0608523684970412,11.0013348586113,3.96532222110616,-1.15579312071207,1328.60408960299,1382.49315212501,0
4.32,0.460642885156943,0.676309764385223,-0.0299347850215343,12.4091822087576,-0.420734017101601,0.411631692787953,0.153162978033228,11.6725753091578,4.91856153258515,-1.19843260098366,1410.70538459579,1514.68679608582,0
4.33,0.578324791748525,0.897861242294312,-0.0363427538957218,13.4749912984757,0.0305140540274158,0.137636642631112,-0.626298731977533,3.73199813439004,-13.1344714916298,-2.90691679614626,1559.61542699562,1682.95801468193,0
4.34,0.565247459099952,0.916276037693024,-0.019812062149298,13.634989656312,-1.58776420916586,-0.202495956868363,-0.622150554953441,-2.33993781692554,-13.8173843016163,2.87250785428296,1731.73096238975,1837.03197416169,0
4.35,0.451073672224462,0.719215512275696,0.129210037119451,17.2670228768006,-1.29660131588662,0.123492348295773,-0.371465646394423,8.72731901391405,-15.0432560517242,-2.72296810755135,1875.53552422107,1927.90474336162,0
4.36,0.0678195935453707,0.350686192512512,0.160254862626056,18.2622360380811,-0.87092330001553,0.0207317998055592,-0.0242265311855966,16.2734865236467,7.29323613898268,-1.23136204800704,1944.76999855068,1923.17809524535,0
4.37,-0.399566449885517,-0.0890776216983795,-0.00852430681878161,17.2352225303748,-2.09745471767155,0.202134786758267,-0.382570136696018,-8.7699203556514,15.7437221974601,0.39815036221428,1911.21981738563,1817.85782464688,0
4.38,-0.692389180077111,-0.467329114675522,0.116471681925055,16.0678601987562,1.89088297646641,0.760754692035213,-0.157779460917378,-15.7999384717857,4.15686644427656,1.40894725615155,1778.67038469074,1637.09977687823,0
4.39,-0.901500534615084,-0.663346946239471,-0.0252701298943384,14.8117138793858,1.51740023594066,0.861788381049519,-0.376869081284316,-13.1297200137302,6.64620275571936,1.18567777285198,1582.28965485121,1429.78999115017,0
4.4,-0.847995520776954,-0.634631454944611,0.0827053974169676,13.5715553714395,0.652810145987282,-0.472926577923342,-0.755890069141985,7.12144298329781,11.672718831414,-0.56286802995262,1374.0282408493,1254.65845129343,0
4.41,-0.457992103951278,-0.342644214630127,-0.0513971086006203,10.2071581294091,1.22204884855293,0.296545447525512,0.432992730829712,-6.11761533987201,-7.86127180672354,2.57918776253732,1212.1596713642,1162.98033025438,0
4.42,-0.083789443550188,0.0970060527324677,0.0789103179014474,10.8635143539488,-0.88638414051993,-0.0913623743938805,-0.0404128618962064,10.1672484102895,2.94760427409447,-1.41182415485206,1146.19518319784,1183.06985574086,0
4.43,0.442431413427863,0.587090611457825,0.0780138914199621,10.9366023622975,-0.789492954469528,-0.266290611019118,0.27729516787785,-8.82408167589696,6.64822634131745,0.82463217313461,1196.57669282346,1311.33670880227,0
4.44,0.707646751684089,0.96582418680191,0.175834648879846,11.1123169676279,-3.4698583568141,-0.00089406975569048,0.760532248066119,-4.05740026410535,10.9214002541228,0.0844350854686656,1352.13645861714,1512.75771298032,0
4.45,0.820232181510365,1.14119935035706,0.0211912589826974,15.0526180593558,-2.00339153585208,0.821797857042131,-0.232519043019175,15.308688663408,-1.43177638269781,-1.79706371117194,1568.31656404427,1730.78545801698,0
4.46,0.711266898953095,1.05614483356476,0.0143334600402116,14.2600438009857,-1.2317248576856,0.68741156721889,-0.379357243034479,13.2227312263123,-5.77342066533512,-2.04953495407753,1785.90944902547,1903.83185193471,0
4.47,0.468019768323936,0.721788287162781,0.164005256000765,18.0024056752739,1.30051915334546,0.286183896839175,0.252834931799568,14.5253178367518,10.4234364145829,-0.895778414586006,1943.12132942773,1983.41892947205,0
4.48,-0.0689900095276537,0.254298090934753,0.131739565005672,16.9567439454856,0.449000473980706,0.0564776025675129,-0.0338777864045397,-14.5387840393324,8.50838677264599,1.04476538605638,1995.71806207348,1948.52418109298,0
4.49,-0.424430912334065,-0.218595087528229,-0.0722306660442264,14.8117769278435,-0.988974088571896,0.0882551211442876,0.489164838108009,-2.38610086622901,-14.5743867158761,2.94109295322451,1932.31874636417,1811.75490266178,0
4.5,-0.96324370638616,-0.557087421417236,-0.033983496437967,16.5527600720355,1.63304602643482,-0.635394898949646,0.60168703561957,11.455101728162,-12.2810673717763,-2.28799945444366,1772.17926479399,1615.44172865507,0
4.51,-0.886771486172254,-0.651840686798096,-0.128620301976986,12.5336924223114,3.90970768299764,-0.387892462209334,0.798331213885174,3.46630621744099,-12.4540587942354,-2.61430751490628,1565.78734653206,1418.80152575513,0
4.52,-0.676742087041587,-0.501484870910645,-0.071584371390509,13.1453145322881,0.974584912088441,0.733595196864015,0.186232736023023,-13.3532114171523,-2.76512630097416,1.84559243479082,1374.51371057599,1280.04700892373,0
4.53,-0.350233287344585,-0.140181511640549,0.22782851329598,10.3199287057467,1.14181805357208,-0.312797770177088,-0.117876057303545,10.021443273522,3.36598400889613,-1.14589123585804,1254.62471035932,1238.87357445967,0
4.54,0.127923360427426,0.3176608979702,0.0342886018885046,9.16469612089353,1.59813275613304,-0.156009482798487,-0.0408933884357067,-8.88948734626552,0.846340384223313,1.64178261872562,1239.12646274592,1304.64898646578,0
4.55,0.476941961360193,0.724218308925629,-0.0276296459778079,13.0278933014743,0.519407753805772,0.472278286764421,0.00177158246755638,13.4482992375592,0.072681507172087,-1.56647689354004,1330.78154266191,1453.89401917755,0
4.56,0.692128532603711,0.963137865066528,0.0739113313243016,14.1687187537999,-1.89459291793096,-0.460492925129058,-0.524668840038928,-7.20978923197695,-12.3400206937075,2.47704115143279,1496.11789302538,1637.80115406535,0
4.57,0.620102999805742,0.946817815303802,0.0554049741532534,17.2955079127284,-1.21621768530615,0.490983236497925,-0.384774449449183,14.8949119959027,-8.45761517130301,-2.18197189273272,1682.2745739404,1797.4652747257,0
4.58,0.269487680880363,0.709455490112305,0.0661696823506229,18.1847389389122,-1.4626334549081,0.339824223050593,-0.115437172405849,18.0190161533334,-3.93501074316479,-1.84104609905876,1829.04292523633,1882.13993305691,0
4.59,-0.0489135669365462,0.304510682821274,-0.0358471399400348,17.4070406965932,-0.513866689559431,-0.0110086106585598,-0.0267734761075812,11.0595607686731,13.5174619985274,-0.713039335351088,1891.07950762994,1864.91169841601,0
4.6,-0.415539629876643,-0.130174100399017,-0.0724769788446353,16.226756440556,2.09780845169553,0.163094179488204,-0.410905949341509,-5.55679044000283,15.5326630322806,0.485187776995053,1847.50382131513,1750.98658298972,0
4.61,-0.700067931315961,-0.468396574258804,-0.0920737197924883,12.4041060165669,-0.233987404125471,0.577302112747124,-0.371260438189522,-9.76356715716146,6.56923515488772,1.0133608130603,1712.72103384527,1576.05877663982,0
4.62,-0.87494974185386,-0.587142169475555,0.0257652458111604,15.0703076995638,0.433301036177116,0.290866157313751,-0.809186163116237,-5.10575764633662,13.577821694642,0.33897220142376,1527.83995688155,1395.28085144833,0
4.63,-0.681973500079729,-0.45456475019455,0.053858490788229,13.5042363334436,-0.817108556263729,-0.703968753413215,0.0881147119439626,13.5329133866943,-1.5010604851069,-1.70133205292613,1351.16369288636,1266.23720224202,0
4.64,-0.195585814647895,-0.107612736523151,-0.0307389689088512,9.53898204528613,-2.46120424577212,0.28455402130286,0.00671965788746174,-9.7426757645939,-0.809971483614625,1.46580495918823,1242.27466249841,1231.15320504023,0
4.65,0.10142995900781,0.347622454166412,-0.200357024562719,8.98746439908619,1.71326512484143,0.183043546096904,-0.0581646510780097,6.6527716803186,-6.22372715359807,-2.09446190341595,1234.36575338979,1303.79245086151,0
4.66,0.531750582328228,0.77368825674057,0.143102056671289,10.8635234638129,-0.287501563704926,-0.463102431128218,0.333096455446045,-9.66962279126744,5.42266221472354,0.978878617341015,1335.40816980435,1465.04242393287,0
4.67,0.79859437624375,1.03494298458099,-0.0462041174187908,12.3342613424677,-0.795153280321733,0.737677640991178,0.305969636524937,11.6536324389927,5.03174574578068,-1.1735577588586,1516.5512054283,1668.5187068494,0
4.68,0.847248823961297,1.05999517440796,0.0577427271950998,15.4998973985481,-1.72014889624588,0.736897271467416,-0.242477010638806,14.7588699047332,-3.36518622688294,-1.86083239260034,1724.09630873974,1854.45487242263,0
4.69,0.447170838182645,0.832305908203125,0.0916996351539632,18.4622229237598,-0.718234709851872,-0.465353672233451,0.106184424183698,-18.7935449186918,0.754603593949491,1.42911619534084,1900.01913840476,1967.63072779315,0
4.7,0.0668993009410427,0.423402309417725,0.0856725470453854,19.0615367179155,-1.5113343119647,-0.0294458953933937,-0.0639140317582641,2.34319397174705,-18.8405281651937,-3.10287701255638,1988.9771371358,1973.89128262013,0
4.71,-0.3364575079759,-0.0616690516471863,-0.0443682514754131,18.0345999671836,1.22988434231797,-0.359012579223543,-0.163383675058307,15.9591280257255,7.23766805274293,-1.10371384208484,1965.49374403173,1870.27876810348,0
4.72,-0.786975378820127,-0.464837253093719,-0.163831105630122,16.3946908283418,3.5797540577119,0.169878498421294,-0.754693486645484,-1.64825824541272,16.4549151391062,0.314500987435282,1834.39641274442,1685.78057249187,0
4.73,-0.897525968058783,-0.687616229057312,-0.0487321991089229,11.3316476585387,2.18629446402063,0.383718306879693,-0.809101358680318,-3.73112508938339,10.74361254206,0.482572640360337,1631.97081404721,1472.5658901218,0
4.74,-0.781507743367512,-0.646291673183441,0.0295188323907843,12.0332910382604,-0.32412989351334,-0.688320022455901,-0.532339223744415,9.4466992868563,7.54071925560938,-0.916531000778782,1417.19887163365,1290.45657964086,0
4.75,-0.604020075203135,-0.381799876689911,-0.069778682664188,9.05774172881671,2.03800362673736,0.348388316148849,0.429818052533095,-6.82339547740483,-6.69815418291075,2.52240634644835,1247.42516275006,1189.37697461841,0
4.76,-0.0484128324105306,0.0406657718122005,-0.0363325910908815,10.1136570817451,-0.164410184880532,-0.137894431520232,-0.0562124362029704,9.66609357016263,3.75782698129584,-1.24810730889018,1170.39394186865,1195.05667885245,0
4.77,0.256230053474026,0.502380192279816,-0.0598902253828163,11.4190093222669,1.23946369435801,-0.274109735131408,0.113850366099444,-9.44918609857734,6.16912726537792,1.09802611374984,1202.05323883706,1302.18238028265,0
4.78,0.579936052002693,0.85819810628891,0.0344010037406276,11.6715042411664,-0.203377816422384,0.489592645879733,-0.398365883469695,10.3325239946849,-6.67723364162236,-2.22287200096976,1334.03104430063,1476.86650677957,0
4.79,0.672660107188687,1.02058458328247,-0.011192096962329,14.778072327996,-1.3798108859292,-0.709031007334004,-0.253960638082202,-13.0445358381909,-5.87260794442946,1.93713067795383,1521.72893358282,1667.45568623068,0
4.8,0.539182379580272,0.95379114151001,-0.0327221769213038,16.9280896611117,-1.36787965864355,-0.603196187601328,0.21607643467102,-15.6960627536772,5.2740584174143,1.23509591344721,1711.06982985536,1820.21825518103,0
4.81,0.433076889684109,0.676259517669678,-0.00760081000469387,14.0619975947558,-0.625133477854748,0.381126402169321,-0.16308873246173,12.8616457321698,-5.50657708473553,-1.97353186312202,1852.73131588931,1895.07669734221,0
4.82,-0.0909239934250265,0.29355862736702,0.129333873633485,16.5007631190704,0.555174458827116,-0.0301279078845512,-0.0114021780814223,11.5719720945288,12.469957046696,-0.700416768284203,1907.47208895294,1876.68041254108,0
4.83,-0.365726675828568,-0.0884936153888702,-0.191510845231901,16.8690417978221,-0.816620922515492,0.260486120026412,-0.325541018029378,-10.9948725078048,13.4078327620761,0.623147165423226,1867.92538135212,1777.66903087135,0
4.84,-0.687523035806695,-0.346772283315659,0.026179186435309,14.1892629871373,-1.69169865786631,0.60842747069033,-0.101452755458537,-14.3704028974087,1.58265017446475,1.35824652668604,1752.19049054048,1633.44322010809,0
4.85,-0.518724473335089,-0.41958475112915,0.099957854398946,12.1693636554506,0.213580343468833,0.565710923072502,-0.300031846332085,-10.5780924258662,5.56584376804356,1.08356771837899,1600.75064099649,1490.35796104493,0
4.86,-0.415525325945639,-0.30357226729393,0.0086142887474989,10.4129904255902,1.94635206312352,-0.178462741103185,-0.457879286305213,4.95254036985957,9.19583629202517,-0.281436080269988,1462.26409421559,1391.18233101276,0
4.87,-0.364637109890195,-0.0447570383548737,0.0791610179349859,13.2067942790632,1.11496670608588,-0.157212910709587,0.244760739251206,7.05874139018653,-11.1902516369716,-2.48958976094378,1376.21660244654,1362.3580306929,0
4.88,-0.057680738718455,0.27681177854538,-0.0593659458771328,14.1744261243386,-3.74297175701282,-0.00116545185034048,0.0616349152840556,-13.8011131382534,1.99763912809038,1.22070248884308,1363.25532775027,1406.86372627332,0
4.89,0.259143291329474,0.54879492521286,0.0980759563782858,13.8570407791698,1.15710268644561,0.256237960084367,0.131489402723727,13.3491347058171,4.37995592630751,-1.17285443804306,1423.12874348273,1504.62329138876,0
4.9,0.5057279158799,0.684543013572693,0.177362120907393,12.3469877763355,-0.194941843946224,0.0843859361480446,-0.447088616397925,3.0577246966776,-12.0353926354878,-2.93315994831218,1530.47766081572,1619.9986385863,0
4.91,0.243955738309573,0.650885939598083,0.0294119349260057,16.1361196286773,1.34744980386621,-0.219894769099791,-0.268139436345226,-10.8781022387174,-11.9279439479897,2.4301059885058,1645.48551872574,1713.74190416262,0
4.92,0.194673281740096,0.476657509803772,-0.0333901414968204,15.0897941431504,2.96618787618491,-0.121331002188821,-0.157367685433934,-13.0294041288899,-7.89458855473255,2.26008010343349,1729.46802208243,1755.51061615473,0
4.93,-0.00660543082469903,0.218723088502884,0.0450374655814517,16.6638528221086,1.45293634504339,-0.0968933448585596,-0.00365293040245738,16.0756561455052,4.01535973569909,-1.24249384122363,1755.91712547949,1733.035882885,0
4.94,-0.27644904354247,-0.040099024772644,0.0793862215452383,13.8280996010605,-0.740359125784689,-0.241540116180124,-0.159939431200683,11.1521190307569,7.45511672694021,-1.03883372464711,1718.82822388907,1655.23580668269,0
4.95,-0.542977375965048,-0.21323062479496,-0.100959291105451,14.9386869240912,0.414801259395963,-0.474781680702006,-0.109100872166803,14.3216572747271,3.0225927248232,-1.31258048784054,1629.48144048565,1548.56401028127,0
4.96,-0.54737738724853,-0.245388969779015,0.0236361392730508,15.6987151902283,0.458162276084634,-0.378756262884276,0.384176287702253,10.7606522601259,-11.3631680743935,-2.33410259893731,1520.22731534035,1448.02192232439,0
4.97,-0.417425050091031,-0.136835321784019,-0.0176311430346061,11.5881733612091,-0.933388674357698,0.28988466845323,0.215176131673709,-9.55814564003473,-7.52185799677242,2.15716091184724,1425.53093275035,1385.86824404582,0
4.98,-0.189871152567566,0.0838252678513527,-0.0292837065468097,13.6526080117529,-1.61371909490199,0.00253648033256813,-0.17976589658062,0.727089541914509,14.0490802887104,-0.174748531813242,1376.29378425041,1381.64748339321,0
4.99,0.0801644118968798,0.347691893577576,0.134691428601101,13.8161534815317,-1.93044481794691,0.00327811043281721,-0.112488695495333,8.4899375306297,-10.5311580663221,-2.65058855964477,1387.68850691098,1436.58754297692,0
5,0.364030971724679,0.563778162002563,0.046994544324954,12.4875476996704,0.472877817223516,-0.338035430899948,0.0306222612969599,-12.0541301916599,1.68157688066122,1.45993924733808,1457.1599878005,1533.91187461455,0
5.01,0.429530916862861,0.672565221786499,0.0893050153756215,12.3380259250246,-2.9463487647816,0.0771559063493813,0.45062667710318,-1.96845396472457,11.991988408016,-0.0544305937305653,1562.41121662686,1644.68862051797,0
5.02,0.366702829336577,0.651504814624786,0.00624529849373069,14.8569932365678,-0.0445226494014807,0.253607360602644,0.261956088341849,10.4201891604877,11.1969935516859,-0.758672296672919,1672.70924340985,1737.12364638083,0
5.03,0.230020961808236,0.500145971775055,0.119044374632291,15.0982668551275,-2.97643811246038,0.188864275347192,0.128479156151408,7.73114003223059,13.0410281439255,-0.722165479198579,1758.80921499766,1786.2310650599,0
5.04,-0.094867733725654,0.282267659902573,-0.0148074031701792,17.6924778196657,0.0744609425304187,0.000563099602055594,-0.0458226304846205,3.33751157380979,16.9773217071244,-0.226332102958675,1796.01674377674,1780.85938448186,0
5.05,-0.319886122762212,0.051494300365448,-0.0759211693749228,14.1408469457146,-0.154351778653361,0.0562660555114124,0.210359310584517,-3.71670004517325,-13.9312214683614,2.87057813052476,1777.63701845583,1726.05202976833,0
5.06,-0.438123309310734,-0.123094201087952,-0.0019486399506542,15.3270657743801,-0.0169475348284238,0.0131663949328302,0.407168753989982,-0.467030898707539,-15.1647512535523,3.11825511803528,1711.96069535917,1640.31159496913,0
5.07,-0.399701290351056,-0.180675059556961,-0.0322578015580665,13.8226887465267,0.252083498390455,0.171544830680789,0.397245308574252,-5.61639208402671,-12.3511260404532,2.76765371269551,1619.96141064669,1548.9776049623,0
5.08,-0.378282181973987,-0.147128134965897,0.189073501706039,12.8485592363727,-0.84059264659635,0.387084152399355,0.067535494179017,-13.0310748204233,-2.4235362763353,1.73009099583119,1527.32916795629,1476.08564813919,0
5.09,-0.222548685275519,-0.0250928699970245,-0.0326366126808288,10.9881693012071,0.580490235503631,-0.00674454475385072,-0.219856981737616,0.334909022868094,10.7006567364124,0.0959970875571867,1459.69118347978,1437.40029848138,0
5.1,-0.0667380374446378,0.137674227356911,-0.163835532979576,12.4833182763075,-0.160646768547677,-0.0821793968417915,0.0332276007280856,11.5144577439646,-4.26439354894977,-1.91005002059974,1427.98063525247,1436.74275427268,0
5.11,-0.0405037145429595,0.284566789865494,0.095854344449226,10.7606764819522,-1.95914684475653,-0.0950966240305278,-0.0374942517568393,-6.80297132046672,-7.99147401927316,2.27807403862625,1434.3956682838,1466.50177819649,0
5.12,0.166862213408269,0.372655689716339,0.188054904204406,14.7875789129347,-0.0425485974013062,-0.0476559823464114,0.0912838227351427,-4.25119868292863,13.881691495594,0.346492843969455,1470.27489296236,1511.7667801714,0
5.13,0.10185950104067,0.40026330947876,0.116315305697729,15.3919436884201,1.2259403924678,0.0943530249534661,0.0579280331750097,15.337152296291,3.28200219640608,-1.27198408360491,1517.48760233537,1556.35094703702,0
5.14,0.143493920214894,0.362244188785553,0.0925048900217768,11.7169322095467,-0.307443205807944,0.0721569094189883,-0.127414502624148,7.18541671581419,-9.37030790149718,-2.54126323229741,1562.33876605265,1588.46117401724,0
5.15,0.0318855006437201,0.300597786903381,-0.147088900301152,16.2398062193225,-0.00665097629972847,0.00118424578917458,-0.00232597750314373,-6.16269980508889,-14.6799699060251,2.75155801157799,1592.91887589973,1604.06183697073,0
5.16,-0.030906399786406,0.239144802093506,-0.00689930196111044,14.715697503244,-1.64767448272529,0.0144079642813705,0.031122845149084,-12.8552640245812,-6.03532570012212,1.9216522945397,1607.36086357625,1606.93363744098,0
5.17,0.0293617477575157,0.209607854485512,-0.184346999017847,11.0528341138823,-0.76797522997851,-0.00816217958689422,0.0145417615285897,-10.0436357161158,3.97404625454827,1.1496139041939,1610.5579939374,1605.68592378687,0
5.18,0.0115009979715551,0.223648622632027,-0.00317420843891639,13.4951113854159,0.773305047575043,0.0257301404476439,0.0164320134742334,-3.94167935309305,-12.6928878728825,2.91871859749548,1609.59412755032,1609.0870474703,0
5.19,-0.00712164565422869,0.256653279066086,-0.183776224731977,14.2405613113764,-0.167293453478147,-0.00270053146648835,0.00810405364136044,-11.2668145470296,-8.20934032108883,2.17212458722071,1617.06234845623,1621.64456295204,0
5.2,-0.0755762816656869,0.288973689079285,-0.0894107226010007,12.8195215975754,2.12801255144177,-0.046426485737929,-0.038099725629748,-13.0852764445493,2.84215775503894,1.50822228141949,1631.60695875538,1641.20688364772,0
5.21,0.0369055593431587,0.295675098896027,-0.179105973296846,13.0586611340754,0.920378043799067,-0.0523713506461612,0.0200633435609715,-10.4124236059519,7.8826612202645,0.973970951991792,1651.38239748905,1659.54336150292,0
5.22,0.0382922570484438,0.248401015996933,-0.0154646450427691,14.7476341033622,2.24488034388119,-0.0158529730483713,-0.0432662001153831,-6.56537362033292,13.3751148028572,0.579322393830326,1667.14270484491,1665.69590173308,0
5.23,-0.164556077501184,0.17151290178299,-0.0159498970001884,14.5364267198067,-0.24036111817456,0.0339127492473139,-0.0986123744240527,-3.99677881257294,14.2181793070911,0.240050489893889,1666.02015977203,1650.80986805445,0
5.24,-0.172637322848447,0.0765775442123413,-0.0144174220844603,15.2064875376684,-1.64043250958391,-0.00393686303749929,-0.210172951303435,1.09220202445767,15.2485715571002,-0.189130475936268,1642.50165838978,1612.54356783148,0
5.25,-0.302316422676041,-0.0139439254999161,0.0488611158446854,13.2881518202753,1.32564778516117,-0.226780685165471,-0.136417208120274,11.533798117074,7.05491325790939,-0.870840815848025,1596.67218938374,1557.25195198571,0
5.26,-0.227198268676487,-0.0455235838890076,-0.0782526093259701,14.184394933773,-0.394165445193831,-0.280430920655009,0.111914993007501,12.8420514872846,-5.10510304943944,-1.94514710130018,1537.84406449951,1498.91716951965,0
5.27,-0.277967253114397,-0.0155283063650131,0.0562048771716189,11.943139906466,-2.04465522148392,0.0530400782755808,0.218476760125231,-2.72371379643086,-11.1365567446172,2.82860446407973,1481.7106470237,1454.98645116435,0
5.28,-0.188631104035404,0.0910336747765541,-0.0708188261364053,12.2766728279022,0.218950454390244,0.110247780887647,-0.0937019962039968,-10.0670960309017,7.86425176743366,0.963088867786314,1443.6497471172,1440.45359985643,0
5.29,-0.0161138475584007,0.238718807697296,-0.194165173043166,14.1650974922227,1.00737622187628,-0.0243893816111149,0.00290647579285126,12.519743043207,6.16065196184271,-1.06438459573991,1438.93944394466,1462.25568723121,0
5.3,0.176450474762538,0.389827221632004,0.166844414132743,13.1979080274737,1.85570580051409,0.0356912177927805,0.152428121241085,7.15965259728489,10.8222705230642,-0.452474559369217,1471.01913195866,1516.06900311929,0
5.31,0.277926504732114,0.488034784793854,-0.0147046355214892,11.3374567542195,-0.982803186516281,0.24471526589572,-0.13179400720994,10.5898577215253,-4.5761907945298,-2.02538459545444,1532.87961957459,1586.84482187171,0
5.32,0.307713917407097,0.510210275650024,-0.0603903580301965,14.4835603771437,-2.18697345900252,-0.03090433530021,-0.2338660051321,2.76466580390267,-14.7999300500908,-3.09418406957355,1605.15854270264,1653.16070857663,0
5.33,0.280377433374234,0.429912626743317,-0.0517596898987903,12.2731260195859,-0.280156042491341,-0.102259638141225,-0.168811491599328,-5.85022116166292,-11.2175554928795,2.63282228339896,1668.38222793455,1694.10446899058,0
5.34,0.0360520593530774,0.277498155832291,-0.0307081612529336,15.5668979234842,1.2658347392416,0.0382431097061524,-0.014086503568708,-11.5042976805664,-10.6844070836899,2.43907545314411,1701.34169241511,1696.43232714006,0
5.35,-0.177676738905508,0.10723452270031,-0.0864708389639285,14.0698347469825,-0.341091483785036,0.088071793586138,0.121609456089395,-9.00659589772837,-10.4967437391749,2.33679113577823,1693.10913841653,1659.51186626607,0
5.36,-0.364703219857008,-0.0289521217346191,-0.108002726921814,15.4030362951447,2.85861472572667,0.308214736818996,0.0926734310283853,-15.0095339312534,-4.47881658705174,2.03119821784956,1646.12689948701,1596.18985945412,0
5.37,-0.298833632129606,-0.0849793255329132,-0.0371402681569642,13.8480336313522,1.89542373449449,0.325670130883179,-0.127138180881416,-13.1773818085101,5.47984724321101,1.2960608432641,1580.17584475592,1529.037171941,0
5.38,-0.279090320638261,-0.0304625034332275,-0.0578891166637627,13.4468390627707,-1.25672182772652,0.0395273814087328,-0.273012907774828,-1.9941856984689,13.1486974170823,0.0642635621268343,1515.43393715354,1482.99540840773,0
5.39,-0.221598392053129,0.113530687987804,0.102175037303701,10.682595979892,-1.91957725315432,-0.0787153948348241,-0.0166455451728668,10.6362162854241,0.968165045686493,-1.55249233129389,1478.32216402254,1476.75276705334,0
5.4,0.123453927457659,0.304448038339615,-0.118017309068486,12.1614897305755,0.282866683851171,0.00251965802404496,-0.0913144207464583,-2.54159982368931,-11.5033375697179,2.99358044605669,1484.05022932718,1515.74873019418,0
5.41,0.280496618710826,0.476299285888672,0.0435150540870103,12.3422783198105,-0.354890900986972,-0.251613943603062,0.0261128403452271,-12.1218777303885,1.34290471189805,1.46528302917309,1534.21642848165,1589.31705347366,0
5.42,0.202915132991107,0.557785391807556,-0.0307189947030622,14.7412493783098,-1.9103218395077,-0.0794547147665476,-0.266996439601069,-1.2317563765217,-15.0985223317611,2.96056251453378,1613.79279347753,1673.20942765416,0
5.43,0.181685461513778,0.521111905574799,0.149343122566819,15.2477143237105,-3.35981629086125,-0.183219842915267,-0.151724881385348,-6.46816861912822,-14.5393959396624,2.52776635552942,1694.95490397074,1736.98460923776,0
5.44,-0.0201930371150882,0.360772967338562,-0.137715859533464,15.3609947689088,0.693404618255395,-0.0366019380599355,-0.0663580182063647,-7.92226536304176,-13.0748026584606,2.60607953917584,1747.8024355228,1754.06907675213,0
5.45,-0.212313524630261,0.113830104470253,0.126037833147514,15.5423616740238,0.529236382692148,0.0431873472885354,0.162297020956324,-3.78244574086258,-14.6455676616488,2.89507412154649,1749.2639119236,1711.26374140984,0
5.46,-0.449239476646786,-0.135849446058273,-0.0649893889891851,16.3462865814477,3.6850783168437,0.1557993581207,0.427620898615564,-6.70339125968373,-15.7318100661848,2.96284401790007,1688.18101924053,1614.4640632477,0
5.47,-0.580903624616118,-0.303520500659943,0.14024654302,14.1555256425419,-1.71729046784156,0.355880743403764,0.431225164298577,-8.17260129041167,-11.2076956954268,2.39436107325028,1579.61037319499,1488.43051476249,0
5.48,-0.660866307827719,-0.339638203382492,0.0555532493748181,14.1173762177676,0.134848518552358,0.494663523661273,-0.356348191621141,-12.0104359213914,8.21768032982969,0.929042868090594,1449.58689925978,1370.28993653765,0
5.49,-0.372307867744887,-0.208290204405785,-0.040591609344323,8.72019532177616,1.3856418602826,-0.364601765972337,-0.00797779952060833,8.94484289814977,-0.851332668201374,-1.43145320690125,1340.53381261848,1298.49408230204,0
5.5,-0.026695845020852,0.0790215134620667,0.117213650681731,10.7977429872312,-4.17475149582358,0.0936437060743532,0.112497282363807,-9.46450175419697,-7.07847541532915,1.86697715740773,1285.66639112162,1300.54657744504,0
5.51,-2.73471746488637,-2.78479266166687,0.0710380471897461,-0.494238285224839,0.767626786797006,2.63529191063255,0.826010854626604,0.0219517158790653,0.28464633755944,1.87681520963203,407.70027252796,0,0
5.52,-0.670000861256182,-0.711933970451355,-0.0399760320890942,-2.1879693550049,0.0792911323391035,-0.0510550002333747,0.649405306417119,0.433702971275397,2.01376799842324,-3.07998905420681,39.9237238812953,0,0
5.53,-0.23320289588441,-0.180055230855942,0.00267970596165356,2.76437034482389,0.135670807692242,0.00480272057136294,0.216508839029541,0.0122658694634715,-2.8740867526915,3.11040707322558,-45.2646014782935,0,0
5.54,-0.0699931041386071,-0.0335565507411957,-0.165700875325067,0.240672960605327,1.18614153889872,0.0226891957000685,0.00241395931892682,-0.864715891764629,0.449394853534477,2.70523573958737,-60.3857879001299,0,0
5.55,0.00193284034693903,0.00206911563873291,0.0101362296870303,-0.421568371384009,-0.0673985451449453,-0.0221666565110074,-0.0221405308978028,0.234009673090652,0.35940100054355,2.27268579438398,-56.5402523422481,0,0
5.56,-0.00494783718891519,0.00917968153953552,0.155326773034856,1.52103636670495,-0.27988409403118,-0.00944497646879337,0.0109618995589021,-0.957392257416167,-1.02055728271587,1.88540637785645,-49.3333865326217,0,0
5.57,0.0285483986978366,0.0115626603364944,-0.0993298673398523,0.0128901047990192,3.85562189607331,-0.039057152133182,-0.0647219203662923,0.328507227152752,3.26555876507061,1.55084183113534,-42.1877023093374,0,0
5.58,0.0726113992800071,0.000631764531135559,-0.0322111252092836,-1.97651373649531,1.19127820450492,-0.0671172896216465,-0.0109217545917904,2.32464219644371,0.859497049453628,1.27178301136095,-34.5083666342908,0,0
5.59,0.0802449766474187,-0.00131583213806152,0.0439889938428781,0.79395215353915,-2.67592914017973,0.023855866371464,0.0367090017773749,-2.04115329260369,-1.34446920522521,1.03857394392349,-29.0857945545978,0,0
5.6,-0.0445992797632835,-0.00771032273769379,-0.0518647894660213,-0.452541479081588,-0.353691175315038,-0.010121440770868,0.0127373975861861,0.00948769235700843,-0.201811769850214,0.843197072136378,-24.0862424592206,0,0
5.61,-0.0868332494217139,-0.00998585671186447,-0.0843812778483443,2.56122494078026,-1.68750091267058,0.0624072375487316,0.0052330094592609,-3.47064219318118,0.157437446965313,0.682303500685347,-20.1056627846376,0,0
5.62,0.069939670360269,-0.0142134130001068,-0.200422053221692,0.122953104767979,-1.74884428141503,0.0132125979826363,0.0211625531676775,-0.840403537419976,-0.775965014403019,0.548510087449747,-16.8898150317232,0,0
5.63,0.04139598977414,-0.0129779949784279,-0.140698463258586,-0.189966092890794,-1.05249272328554,0.00392031715720366,0.0188612386862028,-0.368457641615589,-0.586491294881233,0.435896919228033,-14.4722627407294,0,0
5.64,-0.0246351621488392,-0.0162644311785698,-0.0518699355508737,1.84672713588345,-1.45703523829051,0.0281897612796104,-0.0251643051523674,-1.49285960593917,1.47417969681107,0.342433174611328,-11.2478129318636,0,0
5.65,0.1228339205975,-0.020024511963129,-0.0549312243994503,-2.19041690135279,0.167596107618327,-0.0190562638307318,0.0423561432743271,0.936770942909428,-2.07745654051183,0.265570974549257,-9.22387361362496,0,0
5.66,-0.0504553647689353,-0.0244041755795479,0.00538865432423391,2.95433617062819,-2.19004486697673,0.0489842866751813,-0.0553173061151639,-2.41992067477155,2.59205617881771,0.205203359065556,-7.72111360252435,0,0
5.67,-0.0245593336083245,-0.0244899913668633,0.163392169694264,-1.18862583875606,-0.088833644522329,-0.0150090222534395,0.0180500378057895,0.773992437135131,-1.08175234266308,0.1548048268039,-5.95941075891288,0,0
5.68,0.0665489885328824,-0.0300432834774256,-0.0616209002389529,-0.307843930033755,0.318992845757872,-0.0157763823613213,0.00291679730396392,0.839325769147874,-0.601830868665561,0.11937160344816,-4.53584771119447,0,0
5.69,0.0477306597683788,-0.0371697917580605,0.0613116408951134,-0.263838764136822,-1.77081549843734,0.0444439764913445,-0.0143592985911521,-2.15293620563512,-0.0946240857911155,0.0935057885745604,-2.31698855994474,0,0
5.7,0.0236506651808651,-0.0391009896993637,-0.046069891295858,-0.782560904893414,3.83531407959466,-0.0612003230689127,-0.0191839830862393,3.13310477863924,0.0496385722674227,0.0824962719918449,-2.19301147832776,0,0
5.71,-0.0705898494306292,-0.032998189330101,0.0372655783506003,1.18802550944456,-0.187685219600401,0.00755829032123746,-0.0336266189139282,-0.341486034752607,1.0747075540257,0.0685616472597925,-3.34440915357368,0,0
5.72,0.0119129422767682,-0.0284937862306833,0.124905621160896,0.898053752238189,-2.42926885119664,0.0567244982556615,-0.0285625309749822,-2.82832817260968,1.04539321015149,0.0405321186625614,-3.12699315244841,0,0
5.73,-0.062892839395369,-0.0453929789364338,0.153003633214822,1.32636262395606,-2.60794059356181,0.0532411734899724,-0.0437078328340622,-2.62808501612355,0.957621133261602,0.033785816440979,0.180439489594908,0,0
5.74,-0.0246152302872913,-0.0474917851388454,-0.00314042833766374,-1.74283929077125,0.217512241656198,-0.00963122258252539,0.00741645840282389,0.526437508564304,-1.70371288364012,0.0371646064237312,0.424915429189355,0,0
5.75,0.00297775165465413,-0.0445096902549267,0.126419731551316,-1.74886730536574,1.15039691238774,-0.0104539396517347,0.0106362687123439,0.562973457356395,-1.71610206548986,0.0379132314922877,-0.107073621288119,0,0
5.76,-0.106412119072488,-0.0446551889181137,0.218954580206564,-2.16568635472039,0.135502856286929,-0.0102305820283607,0.011496061678092,0.551231420636127,-1.76683467041931,0.0371962644937502,-0.0109287505754415,0,0
5.77,-0.106604069142916,-0.044068343937397,-0.0124286439890755,-1.9848926911616,0.912735782840085,-0.00943748110387731,0.01013664818551,0.510375301976052,-1.66999685640648,0.0371162993185146,0.152044324762047,0,0
5.78,-0.0792846721000162,-0.0440497063100338,-0.0344843596870423,1.46348636719571,-3.02061203445925,0.0556834390186293,-0.0504542248825336,-2.74833696154799,1.35993689262146,0.0373404121134105,-0.0188956250811923,0,0
5.79,-0.00400759243636173,-0.0443892069160938,0.0530267805745529,-1.82032526544066,0.749793099298645,-0.0113618756082559,0.0121225513009663,0.607398289909649,-1.78620170039353,0.0371959941138688,-0.0759549640989819,0,0
5.8,-0.0236276164594235,-0.0449593849480152,0.0636162229346234,-2.08978791395106,0.282066753693588,-0.01048969538446,0.0112216381749165,0.564761735170864,-1.77010008784803,0.0371399053014335,0.0326343762211057,0,0
5.81,-0.0210249300474312,-0.0455454885959625,0.0694077064729071,1.19949857044644,-2.50536694008846,0.0552276047266718,-0.0499698718148201,-2.72284307618259,1.25963918483958,0.0372125655297855,-0.0368438551050937,0,0
5.82,0.0850066450687367,-0.0445777624845505,0.052093334228654,-1.15177944317474,0.913277839062722,-0.0113798113595782,0.0120561553211462,0.608628382888467,-1.79364764034823,0.0371390960602491,-0.0542165480988357,0,0
5.83,-0.0154204195406154,-0.0450205020606518,0.067714586877151,-1.81333566108749,0.895251667041358,-0.0105349271942307,0.0111523587313215,0.567235569126274,-1.77103017811647,0.0371785085238253,0.029831900136434,0,0
5.84,-0.0751745781273608,-0.0440925396978855,0.00527183095421062,-1.83931785879481,0.21951577565818,-0.0095201027610174,0.0102057310719321,0.514716461743534,-1.67778609957795,0.0371551446585631,0.134603211377941,0,0
5.85,0.0336326040511259,-0.0446172542870045,-0.0586876068923163,-1.37372782373188,0.186283595199072,-0.0113868079352757,0.0120760463486382,0.609097973325934,-1.79795763156602,0.0371359999249652,-0.0555507589785354,0,0
5.86,0.0116211475250312,-0.0450692288577557,-0.0856618556857963,-1.78285328632734,0.634087956929995,-0.0105032361531972,0.0111836426503057,0.565769323804716,-1.77637230079455,0.0371614497866414,0.0309105877787195,0,0
5.87,-0.0326897158785587,-0.044122327119112,0.133442471659686,-1.84433247224429,1.18899499588256,-0.00953400162005552,0.0102036887007335,0.515526313480251,-1.68051426434968,0.0371628838208668,0.132756191729707,0,0
5.88,0.0128878401771889,-0.0446241982281208,-0.0789919190890271,-1.20645970584688,0.683092881557465,-0.011415148118934,0.0120814268763671,0.610594439477336,-1.79991486853706,0.0371488434083129,-0.0594981811522418,0,0
5.89,-0.0596953561102919,-0.0450689420104027,-0.0178728089568185,-1.72130479763274,1.26719296489355,-0.0105489241511092,0.0111774266350954,0.568124297432253,-1.77738780122935,0.0371773978339892,0.0273853376378498,0,0
5.9,-0.0166308095891525,-0.0441312976181507,0.0187921163597049,-1.7399778628829,-0.0195434820902193,-0.00953840624154219,0.0102165536119378,0.515810391912151,-1.68294729941329,0.0371605502092656,0.131959382476469,0,0
5.91,-0.0557816202641328,-0.0446415953338146,0.122805185014245,-2.19732048107497,1.41853788387331,-0.0114155845285814,0.0120806777507241,0.610696593259211,-1.80208841680666,0.0371472768044544,-0.0590679188838081,0,0
5.92,-0.0720011207647597,-0.0450845211744308,0.10574739973952,-1.46997299375604,-0.309996928796183,-0.0105489762393108,0.0111762583939292,0.568205975901755,-1.77944963770499,0.0371775316142125,0.0274164680053317,0,0
5.93,0.0379209465864043,-0.0441462472081184,-0.0495998562853038,-1.92690385791523,-0.0699508700690014,-0.00953840833113802,0.0102167521474045,0.515888251161931,-1.68504616974466,0.0371604249714141,0.131914037768435,0,0
5.94,0.156332636544443,-0.0446567870676517,-0.154783432464643,-1.58368547286477,0.362692153885858,-0.0114155822156471,0.012080772457552,0.610774188293419,-1.80419436519959,0.0371470137261628,-0.0590660397198453,0,0
5.95,0.0773918563842473,-0.0450997464358807,0.114667613328048,-1.7826008201476,0.690625133496733,-0.0105489747140811,0.0111762296106431,0.568283786963632,-1.78155123521491,0.0371773087546438,0.0274206872422201,0,0
5.96,-0.015916245935253,-0.0441614463925362,-0.0682993828967275,-1.92933475759966,0.911233587529159,-0.00953840688043454,0.0102167482755991,0.515966042776769,-1.68714786094859,0.0371602111853185,0.131913391014274,0,0
5.97,0.131754190753762,-0.0446719825267792,-0.0988696658289032,-2.13644886791771,1.29150192478396,-0.0114155803722877,0.0120807778661,0.6108519061031,-1.80629648810401,0.0371467950455936,-0.0590663786464508,0,0
5.98,0.0265753404768791,-0.0451149456202984,-0.063231037759251,-0.948833736593514,0.501536339306849,-0.0105489728623724,0.011176227062742,0.568361855122067,-1.78365328575977,0.037177089711869,0.0274207854980396,0,0
5.99,-0.0491390644917488,-0.0441766455769539,-0.0489428793430195,-1.22054580051886,0.30669516267727,-0.00953840537737815,0.0102167503326517,0.51604383577709,-1.68925030471204,0.0371599926826615,0.131913406794601,0,0
6,0.00338064083418232,-0.0446871817111969,-0.0764457175219127,-2.006969493557,0.413937668198988,-0.0114155785716144,0.0120807803294156,0.610929650481236,-1.80839910554421,0.037146576528174,-0.0590663873258858,0,0
6.01,0.00687012933293269,-0.0453050285577774,0.0392614931713603,-2.22414748024313,0.308125875453795,-0.010329739211031,0.0109765971739254,0.557749448968816,-1.7845148803476,0.0371410650484241,0.0575503279195304,0,0
6.02,-0.0993852165300766,-0.0442520342767239,0.0891333101600319,1.83965324583385,-2.74909501347882,0.0555064559547294,-0.0501771256928922,-2.73888254764438,1.32523234973293,0.0371890057114087,-0.00965223389132203,0,0
6.03,-0.0329355408811843,-0.0447905212640762,-0.0952696226586901,-1.66823594295122,0.871237350660929,-0.0112691719670717,0.0118996551860281,0.603865001187016,-1.80584876516388,0.0371631390857377,-0.0445287842361482,0,0
6.04,-0.044253733017394,-0.0452784858644009,-0.0923698147119427,-1.69357374440603,0.152068408316353,-0.010315304576067,0.0109765131320166,0.557053709503194,-1.78452582870544,0.0371621097928317,0.0520037815415378,0,0
6.05,-0.00660832587944415,-0.0442445911467075,0.0496786236842632,1.66931650129045,-1.92507926205487,0.0555078598633671,-0.0501597757129461,-2.73892092889474,1.32339441145874,0.0371847928454021,-0.0104688469203536,0,0
6.06,0.0420886815195873,-0.0447936877608299,-0.0794007638123391,-2.01443938701186,0.598230597711053,-0.0112690254679726,0.0118977494184773,0.603911380170339,-1.80725403914908,0.0371612263490645,-0.0438992763870846,0,0
6.07,-0.0717494442320032,-0.0452786348760128,0.0945233057073262,-2.04215590503693,0.181882826308262,-0.0103153019142661,0.0109750068277012,0.557104185852977,-1.7858002131095,0.037162411041126,0.0520152104834085,0,0
6.08,-0.102744954724785,-0.0442440323531628,0.200583187061194,2.26129975937377,-2.16919134372397,0.0555078568536804,-0.0501594078743207,-2.73887305525972,1.32206163769199,0.0371846298338025,-0.0105314733753076,0,0
6.09,0.0414934635864003,-0.0447934865951538,0.0191915111926833,-1.81944604542732,0.123888516003938,-0.0112690220349291,0.0118978624911079,0.603960274540138,-1.80859191751423,0.0371608977139152,-0.0438935994453261,0,0
6.1,-0.035955141171163,-0.0452784672379494,-0.0887292839349396,-1.8063177900096,0.615570344308357,-0.0103153002317946,0.0109749644914769,0.557153343683062,-1.78713199069472,0.0371621456526905,0.0520207002402097,0,0
6.11,-0.130569285564363,-0.0442438200116158,0.127243742716739,0.661679184737538,-2.42222307607118,0.0555078481645154,-0.0501594291362673,-2.73882328460837,1.32073104956047,0.0371843737430559,-0.0105326213569204,0,0
6.12,-0.112969149382563,-0.0447932817041874,-0.0983565568837776,-1.36511769001055,1.11580143759422,-0.011269019863648,0.0118978702851043,0.604009324224548,-1.80992433650037,0.0371606344390916,-0.0438940074963117,0,0
6.13,0.018940782310985,-0.045278262346983,-0.115948151672252,-2.02581336501068,0.802420874013433,-0.0103152982644583,0.0109749671744671,0.557202398483941,-1.78846415228004,0.0371618822250193,0.0520208537069055,0,0
6.14,-0.0320787506517431,-0.0442436151206493,-0.0237709880587592,0.911952123958193,-2.33269328122647,0.0555078392015964,-0.0501594435633091,-2.73877338249005,1.31939975747523,0.0371841110076992,-0.0105325976836968,0,0
6.15,0.0332908077106966,-0.044793076813221,-0.0397829541090861,-2.11224419763502,0.192850735486658,-0.0112690177333035,0.0118978732096091,0.604058371987057,-1.81125650603443,0.0371603716343828,-0.0438940220594473,0,0
6.16,0.131808421670153,-0.0452780574560165,-0.0595499016199273,-1.56932626096003,0.929144621985678,-0.0103152961280362,0.0109749652504271,0.557251692748737,-1.78979606815012,0.0371616193471011,0.0520208503063858,0,0
6.17,0.0353249457933428,-0.0442434102296829,0.0122293714397489,1.74052836134138,-2.92367170429559,0.0555078302553255,-0.0501594579968265,-2.73872348112342,1.31806847187057,0.0371838481400513,-0.0105325953627238,0,0
6.18,0.0697876174031466,-0.0447928719222546,0.0112558744364368,-1.87993669778401,0.575131583699883,-0.0112690156049631,0.0118978761345882,0.604107418729907,-1.81258866948077,0.0371601087789418,-0.04389401900632,0,0
6.19,-0.0571070529733107,-0.0452778525650501,-0.177505548234744,-1.61288622924844,0.370989670451077,-0.0103152941646795,0.0109749679275487,0.557300746725403,-1.7911282171808,0.0371613564967873,0.0520208470770675,0,0
6.2,-0.179271076872263,-0.0442432053387165,-0.0516101103813549,1.63944727708378,-2.53733668765805,0.0555078213098789,-0.0501594724297261,-2.73867358070518,1.31673719235397,0.0371835852833245,-0.0105325947686729,0,0
6.21,0.00144525173050335,-0.0447926670312881,0.10978882001439,-1.41931698201685,0.671612953064696,-0.0112690132844633,0.0118978738995448,0.604156748165726,-1.81392055790742,0.0371598459061667,-0.0438940157690807,0,0
6.22,0.000778779226304208,-0.0452776476740837,0.0462063060010638,-1.93737964635187,0.0934649881141692,-0.0103152922010855,0.0109749706050222,0.557349799711111,-1.79246036011035,0.0371610936118053,0.0520208440023084,0,0
6.23,0.0155027832775537,-0.0442430004477501,0.0721013599852508,0.891609434629172,-2.75335880009425,0.0555078123631542,-0.0501594868646362,-2.73862368116198,1.31540591905966,0.0371833223899771,-0.0105325942144288,0,0
6.24,0.0498658503466677,-0.0447924621403217,0.0230872064272054,-2.20541983936624,0.743801517305139,-0.0112690111557743,0.0118978768248355,0.604205793001622,-1.81525270913318,0.0371595830230896,-0.0438940125566573,0,0
6.25,-0.0363399150943297,-0.0452774427831173,0.0307168932311305,-1.41983110705595,0.247648334032897,-0.0103152902375765,0.0109749732825178,0.557398851763213,-1.79379249692938,0.0371608307242518,0.0520208409229304,0,0
6.26,0.00237330635132747,-0.0442427955567837,0.249675073926376,1.1430288526298,-3.12222173153917,0.0555078024648671,-0.0501594757334419,-2.73857497839139,1.3140733273086,0.0371830594850895,-0.0105325936687318,0,0
6.27,0.0226854519691722,-0.0447922572493553,-0.116033121701207,-1.78184766388402,0.34062741652514,-0.0112690090267078,0.0118978797506889,0.604254836806727,-1.816584854288,0.037159320089296,-0.0438940093482205,0,0
6.28,-0.0785932462863871,-0.0452772378921509,-0.0753300924294557,-1.70941716720041,0.587235806156617,-0.0103152882735333,0.0109749759606883,0.557447902762913,-1.79512462767804,0.0371605677705527,0.0520208378388142,0,0
6.29,-0.105737925337417,-0.0442425906658173,0.144364382028039,1.54273434822884,-2.61150215795841,0.0555077935156755,-0.0501594901724013,-2.73852508061472,1.31274206643667,0.0371827965179137,-0.0105325931156849,0,0
6.3,0.0206373849984959,-0.0447920523583889,-0.115490075070424,-1.70187189269956,-0.142598988018097,-0.0112690068972717,0.011897882676987,0.604303879615889,-1.81791699334485,0.0371590571156755,-0.0438940061313365,0,0
6.31,0.0398976991087775,-0.0452770330011845,-0.0911905406965354,-2.25603373635291,0.487050944618807,-0.0103152863092902,0.0109749786390695,0.557496952801395,-1.79645675231489,0.0371603047962972,0.0520208347630361,0,0
6.32,-0.00910259829717836,-0.0442423857748508,0.292763561915123,1.61093811156234,-1.93037977800171,0.0555077845665281,-0.0501595046111184,-2.73847518376844,1.31141081167385,0.0371825335551983,-0.0105325925550966,0,0
6.33,0.103117670319209,-0.0447918474674225,-0.0447817182135475,-1.88587294886412,0.349388583722317,-0.0112690047681002,0.0118978856028922,0.604352921564798,-1.81924912626022,0.0371587941774056,-0.0438940029114859,0,0
6.34,0.0142895487274208,-0.045276828110218,-0.0473866563431866,-2.06751948613599,0.611973326589957,-0.010315284169817,0.0109749765949743,0.557546263656178,-1.79778862465302,0.0371600418695674,0.0520208316949941,0,0
6.35,-0.0531167305221235,-0.0442421808838844,-0.0415320243201168,1.63416012684839,-3.20317474134335,0.0555077756185973,-0.0501595190480996,-2.73842528789033,1.31007956294305,0.0371822706239764,-0.01053259200009,0,0
6.36,0.053022621898478,-0.0447916425764561,0.0630308189921047,-1.86792324066382,0.705885389714177,-0.0112690026388038,0.0118978885289272,0.604401962562685,-1.82058125306366,0.0371585312275479,-0.0438939996936186,0,0
6.37,0.0620760290051011,-0.0452766232192516,0.109548111913913,-1.79187040519237,0.88747645617828,-0.010315282205618,0.010974979273277,0.557595311850404,-1.7991207370488,0.0371597789030106,0.0520208286193905,0,0
6.38,0.0472001424884244,-0.044241975992918,-0.0401489017851346,1.98644684436306,-2.06104030983391,0.0555077666688922,-0.0501595334877645,-2.73837539288343,1.3087483204629,0.0371820076439269,-0.0105325914374017,0,0
6.39,-0.0608862456401726,-0.0447914376854897,-0.0815862377900166,-1.9801812181254,0.4388751817334,-0.0112690003174372,0.0118978862951489,0.604451286219217,-1.82191310485875,0.0371582682404506,-0.0438939964713146,0,0
6.4,0.00605192126949128,-0.0452764183282852,-0.0507673751075985,-1.84562342409504,0.279030690592597,-0.0103152802412587,0.0109749819518591,0.557644359068722,-1.80045284333834,0.0371595159088337,0.0520208255427299,0,0
6.41,-0.046492626422255,-0.0442417711019516,0.0391501139366606,0.903610354524947,-2.83121657905911,0.0555077577183562,-0.0501595479286979,-2.73832549876853,1.30741708416771,0.0371817446407813,-0.0105325908895205,0,0
6.42,0.0225706500875262,-0.0447912327945232,-0.0483372951789754,-2.02444080133019,0.557113982920992,-0.0112689981877343,0.0118978892217965,0.604500325259652,-1.8232452194598,0.0371580052353525,-0.0438939932621609,0,0
6.43,-0.0434931868301506,-0.0452762134373188,-0.0758253902744205,-2.24293960180685,0.201168306349166,-0.0103152782768514,0.010974984630487,0.557693405346309,-1.80178494352215,0.0371592529101803,0.0520208224564664,0,0
6.44,-0.00534066315660348,-0.0442415662109852,-0.0264217609788855,1.16175108814429,-2.11352877129579,0.0555077478175617,-0.0501595368018496,-2.73827680146903,1.30608452933309,0.0371814816562397,-0.0105325903288832,0,0
6.45,-0.00724927073373974,-0.0447910279035568,-0.0725727637036831,-1.97277376226331,-0.177652089963998,-0.0112689960583574,0.0118978921479376,0.60454936344482,-1.82457732793103,0.0371577422758754,-0.0438939900363891,0,0
6.46,0.0594729478885508,-0.0452760085463524,0.146531491224414,-2.03600927798388,0.322828744091153,-0.0103152763128327,0.0109749873085339,0.557742450795789,-1.80311703756327,0.0371589899686722,0.0520208193899469,0,0
6.47,-0.0488431610068872,-0.0442413613200188,0.113631883314892,1.65701438138807,-2.87779492990652,0.0555077388694992,-0.0501595512389331,-2.73822690930923,1.30475330506732,0.037181218723097,-0.0105325897717024,0,0
6.48,0.0758640234431628,-0.0447908230125904,0.0172033291156108,-1.90091517302658,0.672716829777916,-0.0112689939292478,0.0118978950737208,0.604598400765477,-1.82590943026018,0.0371574793485107,-0.0438939868271656,0,0
6.49,-0.110876605504804,-0.045275803655386,0.0249180733848165,-2.16249743421029,1.1556121227885,-0.0103152741733586,0.0109749852644155,0.557791757007074,-1.80444887931944,0.037158727043879,0.0520208163124979,0,0
6.5,0.0418987256229981,-0.0442411564290524,0.00238453507144894,0.99717827277692,-2.66114348440646,0.0555077299217534,-0.0501595656755905,-2.73817701808406,1.30342208690064,0.037180955797653,-0.0105325892185945,0,0
