t,iq,iq_ref,id,vq,vd,ia,ib,va,vb,theta_e,omega,r,"T_ass:0.81,S_pct:-0.70,kp:0.7253,ki:0.0001"
0,0.0428745013349489,0,-0.0572815346922958,-0.0483483066593836,0.0123627960548912,0,0,0,0,0,0,0,0
0.01,0.165923642546218,0.00013138038048055,0.0318368149805206,-0.0811199734962537,-0.430654317906329,-0.000502506027596609,0.000311097358891195,0.018568037966967,-0.0150996318341955,1.50061672348387,-0.00174730004597706,0,0
0.02,0.0518177943744205,0.000139020194183104,0.0423687921865953,-0.130552236027775,0.292203114190895,-0.000657648014919492,0.000397322100472233,0.025942296880789,-0.0193854182356745,1.50060305490367,-0.00190136015501436,0,0
0.03,0.0480859747223723,0.000124227721244097,-0.0824265071320965,-0.295130387701093,0.361982372034772,-0.000712122012817352,0.000432031836542766,0.0294028235595361,-0.0211732691531739,1.50059003207822,-0.00167304872994782,0,0
0.04,-0.0238924143770634,9.1311099822633e-05,-0.129059894240331,-0.158792631989536,-0.253864004930574,-0.000694720526470145,0.000428177745974596,0.0301742333809568,-0.0210958854699945,1.50057972980547,-0.00124916580592848,0,0
0.05,0.0611559485217376,7.15620917617343e-05,0.125555623569583,-0.206182629218095,0.0194035993677176,-0.000697049935785387,0.000437990252257137,0.0312753588931441,-0.0216559406948567,1.5005717858248,-0.000986904274856045,0,0
0.06,-0.0274709545104414,5.29472272319254e-05,0.00591049755846943,0.0201605841044665,-0.033027688011422,-0.000688769794546415,0.000439804850726105,0.0317896048565781,-0.0218119959362086,1.50056572140492,-0.000746117931743673,0,0
0.07,-0.0527954728126229,4.12816152675077e-05,-0.0331644231564106,-0.112741935224305,0.161546895874306,-0.000687229995341727,0.000445285931241455,0.0322942745486889,-0.0221270864127026,1.50056140911523,-0.000592914873328369,0,0
0.08,-0.00721365067077067,2.77631588687655e-05,0.0977048490198157,-0.29507840966194,0.206993335569973,-0.000674003780831687,0.00044075058679993,0.0323071795681656,-0.021947661521291,1.50055799175314,-0.000422497978836461,0,0
0.09,-0.106803972656941,1.87822461157339e-05,0.0729489957355941,-0.18025838185421,0.351202460224065,-0.000666061630456244,0.000439297113858702,0.0323579687093404,-0.0219064812160568,1.50055559793079,-0.000308725810032633,0,0
0.1,-0.0226390072612947,1.25858832689119e-05,0.200240251156089,-0.0448536492674881,0.485539420891309,-0.000660909157449386,0.000438712718226815,0.0324093652497324,-0.0218989999143593,1.50055390017274,-0.000230021003595116,0,0
0.11,0.00497252990610081,8.22481160867028e-06,-0.0768189184944776,-0.11308633092199,-0.454508767115819,-0.00065740338678529,0.000438411156046369,0.032451567418529,-0.0218992155726615,1.50055268867064,-0.000174552837771096,0,0
0.12,0.026714189435167,5.12453425471904e-06,-0.0451609934301319,-0.00546585391601273,0.663379735909393,-0.000654954337698992,0.000438225345892788,0.0324837274263761,-0.021900805752218,1.50055182156238,-0.000135094259901797,0,0
0.13,-0.0227905348322116,1.09560769487871e-05,0.0577753064971808,-0.0281911075443121,0.241948653168288,-0.000677983660888237,0.000453716240556494,0.0333441073136861,-0.0226551581356355,1.50055093060689,-0.00019794997661027,0,0
0.14,-0.00173213095669332,1.61715809099405e-06,0.105612913389876,0.388113229191757,-0.337161356806519,-0.000690348930828767,0.000462573129842353,0.0344280287884507,-0.0231309349591176,1.50055006902601,-0.000218630748376269,0,0
0.15,0.065549720513003,1.19192043257499e-06,0.0196146454192603,0.134347608827192,-0.549535956071555,-0.000662133864599473,0.000444154936044141,0.033038684431206,-0.0222111912066912,1.50054933439243,-7.8790626115513e-05,0,0
0.16,-0.0345278348478884,-2.48242099587515e-06,0.0293674733995736,-0.257472252742042,-0.701937284950308,-0.000652608632981961,0.000439404294794317,0.0327457558277308,-0.0219864764702208,1.50054920501548,-3.60736814965013e-05,0,0
0.17,-0.00652147459322566,-3.43514443557069e-06,0.0644388960339034,-0.318601299370351,-0.0408374371502962,-0.000649533747706454,0.000438174720102609,0.0326395553667856,-0.0219283213146914,1.50054924975208,-2.53503354618182e-05,0,0
0.18,-0.0674408003482244,-3.53644418282784e-06,0.102981699485861,-0.0412562248825074,-0.568029948044263,-0.000648640706146814,0.000437860277037102,0.0325999655565315,-0.0219129490883657,1.50054932944273,-2.45478405669424e-05,0,0
0.19,-0.0426608570081359,-3.4077161217283e-06,-0.0431563291757095,0.270499199324103,-0.568751042943554,-0.000648457385926699,0.000437784889512731,0.0325843832514168,-0.0219087249478012,1.50054940309393,-2.63558694960164e-05,0,0
0.2,0.0169388215741029,-3.24566553899786e-06,-0.158404594847733,0.161311159795524,-0.0703219827026609,-0.000648484798147399,0.00043777129243469,0.0325776733080633,-0.0219074748738402,1.50054946164628,-2.84779715022749e-05,0,0
0.21,0.0149610219761821,-3.10526752400619e-06,-0.0562171245145092,0.33429198436271,-0.46457105843126,-0.000648559697912043,0.00043777270052664,0.0325744167157284,-0.0219070516018677,1.50054950563934,-3.02861765171145e-05,0,0
0.22,-0.00272180160660401,-2.99616772281297e-06,-0.0635815253921073,-0.129181510009822,0.467075947314428,-0.000648632590330346,0.000437776865510576,0.0325726202398178,-0.021906877330544,1.50054953789541,-3.1682584794835e-05,0,0
0.23,-0.0141243013019134,-2.91498213300656e-06,-0.0650592326621773,0.128377727974811,-0.237141051350379,-0.000648691551517079,0.000437780771274196,0.0325715192514714,-0.02190678733679,1.50054956128223,-3.27189366726173e-05,0,0
0.24,-0.0677658012355688,-2.85571536551288e-06,0.13000114727529,-0.441028879280194,-0.241514614486198,-0.000648736155729074,0.000437783846878185,0.032570793483497,-0.021906732752306,1.50054957814928,-3.34745590169823e-05,0,0
0.25,0.10103594930193,-2.81283291769796e-06,-0.0978630281129296,-0.161007019008949,-0.779621151795854,-0.000648768967902312,0.000437786138186698,0.032570295240146,-0.0219066958248249,1.50054959028358,-3.40209778041586e-05,0,0
0.26,0.0991431045162874,-1.16967544272484e-06,-0.0176446114319349,0.0121515763342709,0.566951187852689,-0.000652775620370613,0.00044048760267452,0.0326886430252785,-0.0220360491511326,1.50054967563026,-5.32477759767229e-05,0,0
0.27,0.0446558249270963,-4.49242543254513e-06,0.0671454613637721,-0.313654220285858,-0.0538756801370828,-0.000644846250294883,0.000434635250651569,0.03245795975316,-0.0217549906145624,1.50054948423318,-1.42830696668316e-05,0,0
0.28,-0.0209288791522881,6.39543713987223e-06,-0.0747673876134539,0.179935789615286,0.0683488273698716,-0.000643990978561797,0.000434263738181701,0.031872152252195,-0.0216981988582681,1.50054949153475,-1.11150671391225e-05,0,0
0.29,-0.0714576552831783,-3.34525657308404e-06,0.0906184634604485,0.0680420095923782,1.03995005489539,-0.000647207300543862,0.000436885087158301,0.0325187787391408,-0.0218634963453261,1.50054959694816,-2.79456658695262e-05,0,0
0.3,-0.0107254254630964,-5.70842303204699e-06,-0.176999366973061,-0.211513731492589,-1.41896454476547,-0.000636341025856663,0.000430815464836799,0.0320934431222215,-0.0215682111433765,1.50055015460543,-3.36007969826951e-06,0,0
0.31,-0.0267902637488782,-2.29238139581867e-06,0.0834059951505658,0.262198388258136,0.00722322972434453,-0.000645611164226934,0.000436050096247662,0.0323864973442951,-0.0218180428792004,1.50055021379017,-4.27987660146559e-05,0,0
0.32,0.0603099375489692,-1.52037216594181e-06,-0.0415931040949424,-0.0333101435381663,-0.286288313367395,-0.000648530291291695,0.00043739335214526,0.0324939212835057,-0.0218825202543167,1.50055011905575,-5.1224539650626e-05,0,0
0.33,-0.0776490976143287,-1.54716099132202e-06,-0.17493175401578,0.0102483129269717,0.611994287683002,-0.000649319424858833,0.000437731438368591,0.032534702645853,-0.0218995269303623,1.50055000361167,-5.03971176560118e-05,0,0
0.34,-0.0357689845526694,-1.7672639387456e-06,0.0307154497799714,0.528844543313064,-0.724807478888812,-0.000649430674014497,0.000437809444937847,0.0325512387177423,-0.0219041867610891,1.50054990434439,-4.74258496799912e-05,0,0
0.35,0.0277933129477991,-1.99470468942309e-06,-0.00620184824870264,-0.0135537532390075,-0.883580207728191,-0.000649352024415097,0.000437821349204656,0.0325586471132383,-0.0219055816903626,1.50054982742203,-4.44711313468834e-05,0,0
0.36,-0.0695250892406644,-2.18196942114446e-06,-0.19629983823094,0.189392067395361,0.0141096642372302,-0.000649240563819029,0.00043781784550378,0.03256241220218,-0.0219060647729939,1.50054977024947,-4.20661140389065e-05,0,0
0.37,0.0248317040064328,-2.32468369176786e-06,0.0490247555382232,0.0224089014866272,-0.201019654797453,-0.000649141530477321,0.000437811961055944,0.0325645771569442,-0.0219062728085649,1.50054972853577,-4.02416220482919e-05,0,0
0.38,-0.0698061901157126,-2.42998817157059e-06,-0.0731019789550683,-0.118253812326385,0.317663647534151,-0.000649063867845002,0.000437806770218712,0.0325659451528326,-0.0219063834841821,1.50054969836143,-3.88981110013177e-05,0,0
0.39,0.0560697810872135,-2.50656307798636e-06,0.102328728125931,-0.239377778848055,0.22380968553202,-0.000649005790272365,0.00043780275498807,0.0325668597058373,-0.0219064517104608,1.50054967662287,-3.7922060223672e-05,0,0
0.4,0.0213876750387124,-2.56186740443809e-06,-0.0376847347080823,-0.552090677541766,0.175004911218841,-0.000648963337909021,0.000437799787987294,0.0325674947983977,-0.0219064971107812,1.50054966099213,-3.72174419160517e-05,0,0
0.41,0.0139210234407512,-2.6016805350082e-06,-0.0862038004036953,-0.094420097854458,-0.326048096395353,-0.00064893255908516,0.000437797628985873,0.0325679409837136,-0.0219065290414904,1.50054964976355,-3.67103016713357e-05,0,0
0.42,0.0130579515173617,-2.63029710367846e-06,0.0645508664218262,-0.0174030252819513,-1.18971165967012,-0.00064891043331431,0.000437796075033944,0.0325682614404068,-0.0219065519972243,1.50054964170094,-3.63458194666966e-05,0,0
0.43,-0.0653957081445438,-2.65085077444382e-06,-0.224434926931333,0.206619013393517,0.0486108167301864,-0.000648894463316137,0.000437794952930692,0.032568487587265,-0.0219065682249554,1.50054963591289,-3.60840470133627e-05,0,0
0.44,-0.122327175966474,-2.66560778072744e-06,0.0985337966752683,-0.0903257979725216,-0.339698844547717,-0.000648883022995031,0.000437794148980887,0.0325686511383751,-0.0219065799818806,1.50054963175815,-3.58961036807579e-05,0,0
0.45,-0.123511667033166,-2.67620112026634e-06,0.0561932516479251,0.201342928892362,-0.0782887628307327,-0.000648874776679401,0.000437793569451846,0.0325687667474574,-0.0219065883179459,1.50054962877593,-3.57611886709637e-05,0,0
0.46,-0.0126496237011884,-2.68380517809419e-06,-0.12320346535368,-0.146655390397325,-0.16307346620509,-0.00064886885327075,0.000437793153163046,0.0325688494270586,-0.0219065943028113,1.50054962663543,-3.56643474905792e-05,0,0
0.47,0.050063004716223,-2.68926305579953e-06,-0.114612668444944,0.143876147718197,-0.207825241662393,-0.000648864672030931,0.00043779285931517,0.0325689121850048,-0.0219065988612186,1.50054962509906,-3.55948380611256e-05,0,0
0.48,0.0810172748524895,-2.69318047685374e-06,-0.0624892595523427,0.340338992694205,-0.700152816801074,-0.000648861594185303,0.000437792643004619,0.0325689532898766,-0.0219066018786619,1.5005496239963,-3.5544947361583e-05,0,0
0.49,0.060591961929364,-2.69599217972427e-06,0.00980584396402324,0.460292787072898,0.0594768996494852,-0.000648859445491839,0.000437792491999555,0.0325689857105228,-0.021906604272248,1.50054962320481,-3.55091384018215e-05,0,0
0.5,-0.0220489336336089,-2.69800989372015e-06,-0.066241548374248,-0.0337666973301506,-0.950323088506695,-0.000648857819466093,0.000437792377718993,0.0325690046685468,-0.0219066057097146,1.50054962263669,-3.54834366917267e-05,0,0
0.51,4.64549225731551,4.59999990463257,0.0585805322687107,2.74129792216779,-0.812580607537767,-0.296943346043867,4.53807054366417,-1.3626730221373,2.52507177323549,0.0705732767236256,21.7879514426986,251.400427385123,0
0.52,4.46922130214513,4.59999990463257,0.0328329353858881,4.38377367124826,-0.696650674847103,-1.41678914673729,4.28066487205272,-1.69434594938031,4.23132152867771,0.320930763997903,46.5918996640261,190.695489739694,0
0.53,4.54369706312141,4.59999990463257,0.00494468542275635,3.95484592948894,-1.82189409288274,-3.06553107666298,3.3050953995734,-4.71040834262584,1.90109923971537,0.757351257900426,72.9444757333258,128.40630501775,0
0.54,-0.27817111052267,-0.269978851079941,-0.185272507246887,0.400182029287804,2.18557281400184,0.267945069698214,-0.0995125392041227,-0.229875945620529,2.01315549971539,1.34990372977441,83.6051345564262,75.6377845342548,0
0.55,-2.34624940493822,-2.45405912399292,0.165429953780156,-2.52058865016378,0.504555320656505,2.26303818366713,0.859581853164191,1.46751447573067,0.813669644707936,1.93586270979435,74.4316625964627,40.9838148206076,0
0.56,-2.46259927073606,-2.4092276096344,-0.099377642433853,1.09599699126346,-0.215685552908618,1.59733441533786,1.83057143936042,-0.892798783207901,-0.570004361773327,2.4266803365055,59.3296158986061,28.947382332903,0
0.57,-0.799840316014448,-0.929214775562286,-0.109184402601734,-0.809262590132302,-0.126758072345012,0.298097822999591,0.858869060197748,-0.0960018182478596,1.091113819454,2.81732930447276,48.9104196190063,39.1556989461619,0
0.58,1.02204675760719,1.084752202034,0.0887692604084383,0.813184607910228,-1.86568481115828,0.000950446687992174,-1.06416190796107,1.5578304240192,-1.00890504500607,-3.11194775701481,49.521161011535,66.5167293844998,0
0.59,2.94795745029528,2.98160362243652,0.0982428186233649,3.10851596672121,1.16528244256846,1.22681991011107,-2.64674897017029,0.57827304320001,-3.27979184622578,-2.71316101849933,60.9627323567389,102.285058596234,0
0.6,4.06941566672391,4.07674360275269,0.0607142916974399,4.82379633326522,2.49898542024221,3.25720551836671,-2.29287255340087,2.46177621453606,-4.60458020614061,-2.19550268096028,81.6488966601252,135.832645796129,0
0.61,3.90554490790883,3.96267127990723,0.112400448916534,3.70546921008139,-1.0600751795493,3.88372803191784,0.220930771977355,3.55029330507447,1.57818983313221,-1.50687503579311,105.495132283951,156.786264688706,0
0.62,2.72923168567879,2.73146986961365,0.109392169620795,6.00184282091452,-0.964765172643114,1.62041378110814,2.04030515570313,3.06764071679333,5.61040031851668,-0.662966418830652,123.753204805628,157.123615502228,0
0.63,0.157416622713781,0.32835853099823,-0.0572296722811737,4.66497419759031,1.08362946228853,-0.0810997981039364,0.216784695435525,-0.553720472123581,4.92623028778665,0.284369045122501,132.208784835179,132.827443877577,0
0.64,-2.69461526824868,-2.69907665252686,0.0645208491086108,2.31345273761655,-0.106480147589801,2.58638970682128,-0.908870841619261,-1.87280399744222,1.0836025309875,1.23603660737982,124.369753231297,84.780181697757,0
0.65,-4.57089350662773,-4.59999990463257,-0.0683139814129245,0.381961636796641,0.662724759531162,4.06266468520405,2.18131883144654,-0.656436176202497,0.0193055941629268,2.06515358184195,100.741950749798,18.7249831045045,0
0.66,-4.62214132904671,-4.59999990463257,-0.190033880133304,0.967699081497977,-0.553871285580924,1.94657214527113,4.20048824997919,-1.28330156198703,-1.04648614704957,2.71090195394638,75.0807846199562,-55.7044624435895,0
0.67,-4.61626476469708,-4.59999990463257,-0.119523571057646,0.188565655173263,1.58414508151581,-0.0568013219883895,4.60710362277175,-0.898254584720496,-0.393116893551931,-3.12523998200045,46.8363785733971,-126.706609294412,0
0.68,-4.59165652526128,-4.59999990463257,0.00199986642856139,-1.11976721071513,-1.62603699172136,-1.20320349721861,4.4129837945636,0.737946202795371,1.53466761565226,-2.88021794116049,20.3233310086905,-182.465617934615,0
0.69,-4.52909054360328,-4.59999990463257,0.0411224101421471,-3.69145290153374,-0.545205869971034,-1.41446995507116,4.29503428734359,-0.849275463884586,3.82141888762615,-2.82515211410901,-5.23261437234089,-213.331809602629,0
0.7,-4.5939426081523,-4.59999990463257,0.106988418044161,-2.89528276471187,-1.28538934073465,-0.857236429073139,4.45526078508461,0.655484499692724,3.32501942756152,-2.957096586195,-30.8613181741198,-213.618770863826,0
0.71,-4.54186706528192,-4.59999990463257,-0.0606687643490708,-4.43637213832606,2.35372483834212,0.669695560026087,4.46196475362417,-1.53266654692195,4.66613764067712,3.00209958587789,-57.9261397624474,-182.678027138031,0
0.72,-3.58769171121728,-3.75677132606506,0.128572897189502,-2.60120495891584,-0.305547397894619,2.26546886477928,2.92593146467356,2.62291255445439,1.51978614790785,2.47652633853417,-84.4258333208582,-125.04745197335,0
0.73,2.30940739148877,2.26036882400513,0.0628504351353214,-2.20919354036946,-0.278511610585393,-2.22753309231273,-0.598275763651034,2.17576097288587,0.770364027708539,1.83146810786339,-86.183188733843,-49.6434779783706,0
0.74,4.5541106593467,4.59999990463257,-0.0556846489116493,2.15004715322784,-0.990795325082048,-4.35452176600223,1.31031620051482,-2.72432482133279,0.0870986279050981,1.2814415176721,-61.4809967796778,31.8530323991975,0
0.75,4.60974667011407,4.59999990463257,-0.0658585276795419,1.19223900978186,-2.23077032214325,-3.65814810349269,2.76229973979382,-1.97318125495493,-1.28886973509142,0.933597858446436,-33.8925017570533,107.11562153499,0
0.76,4.51807580788096,4.59999990463257,0.119850392546053,2.05207934567714,-0.993040627657704,-3.19531235497321,3.25616501919756,-2.04625433474742,0.652213224159773,0.780309847760952,-8.09949814791153,165.399045081136,0
0.77,4.54186348847335,4.59999990463257,-0.235011160020058,4.34363878635792,1.51259549391769,-3.3155822296596,3.07829004268221,-1.44579643962281,4.00477765224875,0.814048983206516,17.3002173062254,199.456910431353,0
0.78,4.54505382078342,4.59999990463257,-0.0137062148066584,3.8798432013178,-1.41995001116315,-3.87715571220211,2.30939420433085,-3.96048582811894,1.87988735359921,1.03546541632333,43.3109618474423,206.791211379767,0
0.79,4.49977257206062,4.59999990463257,0.143258445440393,6.2570203262898,-0.953330544828917,-4.44470579573466,0.541568855263259,-6.20026310349031,-0.233859818280368,1.45391821155106,71.0199638081351,190.00076653914,0
0.8,4.48289221758754,4.59999990463257,-0.0516357203306656,5.68348199664182,-2.58051901163106,-3.96286443723514,-2.10317696415897,-3.83214379539994,-4.88599050106724,2.06983102661226,96.5269022358375,156.165558973473,0
0.81,0.695237432333027,0.728894889354706,0.189661956851873,3.27581957342126,-1.82812942910991,-0.222744415495059,-0.612799234488264,0.337648476833482,-4.17742020908979,2.84116529943482,110.276881471499,115.38598858624,0
0.82,-1.91170912295925,-1.85392868518829,-0.0447110970439844,2.33494940864207,3.40920309180989,-0.853174482533795,1.69709047620495,-1.59794311849361,-3.41603595755894,-2.64358587211724,105.308659004143,78.7557511606606,0
0.83,-2.71134851092778,-2.70002174377441,-0.228764758557902,0.855604478518989,2.30338863913435,-2.53098868523415,0.968711722403387,-0.338824495274724,-2.3695727061532,-1.91892759531076,91.528541046481,56.1542747959935,0
0.84,-1.95673084364039,-1.87284815311432,-0.0699375652167126,0.580931274937523,-0.11672648748128,-1.82103188841594,-0.50280990544514,0.705742885034101,0.550316333728817,-1.30485153319918,76.9720859521201,54.2790619588149,0
0.85,0.0194537095199214,0.0367587804794312,0.201448404153934,2.086461244267,-1.63318236176601,0.0184089688637036,-0.0220457785179323,0.360957120968828,2.43422747976864,-0.766614054908779,71.7101115636071,75.2932959697553,0
0.86,2.44804557917188,2.56277990341187,-0.0760759268356079,5.22837670195388,1.94885018073135,0.500340129031941,2.39555661188591,3.26442729058082,5.21260108709156,-0.222338073022158,79.2170311017667,116.348040726149,0
0.87,4.55655798248868,4.59999990463257,-0.032732191816945,5.65469423689027,0.443069574252256,-1.89224551808102,4.06224924107144,-2.19584239340396,5.53512034351416,0.434569044364513,101.902342450516,170.073077521399,0
0.88,4.54043503721069,4.59999990463257,-0.0558507136043522,5.79178930316427,-0.380391890811178,-4.281466068653,1.32269781187815,-5.7688075500257,1.50829768174748,1.27255035627318,126.623960671379,225.947000978914,0
0.89,4.34698266018388,4.59999990463257,0.089996607410878,6.87510567406746,-1.61936315630692,-3.35772789155294,-2.93701648565081,-3.93293830449538,-6.07039479251111,2.29829871321226,153.08712130587,272.29023437061,0
0.9,4.39116569484686,4.59999990463257,0.120371268897626,9.72992414690503,-1.74721920016518,1.55062336597853,-4.12375970310781,5.54103853587469,-8.30317469737928,-2.7718359795429,178.55414894426,298.505680008442,0
0.91,4.43595022189293,4.59999990463257,-0.0148526376154215,9.93241572391293,-3.61439759368673,4.31976014090642,0.798666103514966,9.43987531187482,5.78823554474029,-1.37029103338192,203.691526277564,297.143353344064,0
0.92,3.22398169047701,3.33580708503723,0.10477310968825,8.62385309245296,-2.28785380117578,-0.640965013037548,3.10263494175479,-3.79337874801489,7.78196790431287,0.217021460935222,227.848702229779,265.396852547166,0
0.93,-1.6617019190494,-1.48454034328461,-0.0618095840294962,4.82256670532094,0.398611745646517,1.49544424191305,0.53071160679525,-4.97710622497784,-1.33092165448301,1.91761149813308,231.422250567005,205.745136182594,0
0.94,-4.67463595907884,-4.59999990463257,0.0454900687166004,2.34393722283991,0.93390457447137,-1.79897986701951,4.28803651306213,-0.401821243141008,-2.91395313601169,-2.73751540220933,210.164416456997,125.613077902942,0
0.95,-4.68480828199359,-4.59999990463257,0.0956903654188445,1.2348204613348,1.55746161377769,-4.45128981979348,-1.2270348193305,1.07386328138244,-0.551514753273482,-1.29795989861538,183.346471308177,36.1086009133768,0
0.96,-4.56188336496532,-4.59999990463257,-0.14935422785824,0.722064798682922,3.49990632220004,-0.316051881839937,-4.59959077033094,3.18226696912481,0.348021084098028,-0.0546042350765235,156.160554477211,-49.9318256703935,0
0.97,-4.77666771768028,-4.59999990463257,0.0525103778611009,3.15585377194846,-0.987555285483476,3.90935383445152,-2.53551412724961,-2.54668390257017,1.59068654359382,0.995480229389731,129.548727718374,-120.226738310085,0
0.98,-4.70046317350658,-4.59999990463257,-0.0144622594025359,0.716903135344083,-0.813668134361302,4.41632744254432,1.27942066264329,0.459431484550752,-1.30706322231388,1.8469550231617,103.419661216424,-165.23680401518,0
0.99,-4.64381595646598,-4.59999990463257,0.0689481112503186,-0.143710580552207,-0.244510947002427,2.70994476653444,3.71552320065064,0.245368496287611,-0.132199860304349,2.51035616896222,77.0139202029877,-179.847091880156,0
1,-4.53657437327757,-4.59999990463257,0.061703164147474,-3.00127514571602,1.38526350465975,0.791297689238744,4.47055189009441,-0.516565753661476,3.11089961797212,2.97107748127426,49.174715193775,-164.230016167629,0
1.01,-4.56900191269075,-4.59999990463257,0.095691438237408,-1.43504784925042,0.879142487827231,-0.425156573782352,4.55476259398631,-0.621268665275748,1.19678797968214,-3.0462647511847,23.5946834300149,-123.727809091929,0
1.02,-4.61960397585279,-4.59999990463257,-0.0216416948097711,-0.993434391005125,1.32806160990034,-0.780297038010383,4.50722559030106,-1.46637865772989,1.02638412559296,-2.9646511594084,-1.26742326697009,-67.7773471578102,0
1.03,-0.243543803548036,0.00908142141997814,0.158090067839267,0.6123198355728,1.33036943060822,0.0317781461364072,8.41970462604627e-06,-1.54030298214675,-0.473534720531643,-3.0381766595518,-14.0077139299831,-8.0801705552324,0
1.04,3.2396450359247,3.33654379844666,0.0204491532682942,1.39304199151753,0.812025357978324,0.104297075282718,-3.3041519625328,-0.132481385240833,-1.56409861476916,-3.11113618621795,-2.98432041371278,43.6373138711029,0
1.05,4.53048081972046,4.43492650985718,0.0629931010123034,3.23430292388484,-0.169685248941486,0.393068812804913,-4.34902605884438,-0.254327789389814,-3.46738247997159,-3.05397708269629,19.4318794517224,77.8510260555283,0
1.06,3.80252457377283,3.73155665397644,-0.0620018417155305,2.21526201840505,-0.0765593127071361,1.14064949741685,-3.50159398946858,0.781998375273975,-2.33892945948882,-2.82650802011944,41.8825954069648,89.0333996597725,0
1.07,1.7403646542016,1.76658582687378,-0.0295915425690396,4.27880308419078,-2.01351824172402,1.04005494644631,-1.33747545491182,3.71085880151684,-1.69882041764503,-2.45917945172686,56.5932835707674,76.6754164472855,0
1.08,-0.71738011629136,-0.762591600418091,0.0329453337113458,-0.387456471312318,0.811738455997128,-0.677520582722456,0.346245843640818,-0.318001133670271,-0.494540537889338,-2.02781363604649,58.6716730632552,45.3427048188196,0
1.09,-2.96010122268801,-3.04379844665527,0.0489028798469961,0.0889672617951876,1.10628325227448,-3.03498259795218,0.214180442390667,-0.0993041303155494,-0.875572032593779,-1.63535692381543,46.3920020550752,3.75414383238593,0
1.1,-4.5968097924363,-4.56932258605957,0.0567317028515018,-1.84070818256245,-1.37120493473448,-4.44281411305386,-0.915385711988644,-1.78468486315742,0.562483837323714,-1.37153633451603,24.4224785384098,-36.943751949295,0
1.11,-4.51355009539047,-4.59999990463257,-0.0508843931891233,-3.50066603080116,3.01357670807279,-4.3545711867347,-1.23726840395344,-2.8500604795341,-3.21095758642222,-1.28391982885746,-0.448914774776569,-65.3807749528245,0
1.12,-3.78169886774077,-3.84625267982483,0.086051375565975,-3.13281669332792,-1.2583641335903,-3.71174389028229,-0.746761438586242,-3.09150833017857,0.243662172211963,-1.37671159672078,-24.1618723936065,-72.2278489715766,0
1.13,-1.25929856430278,-1.34893310070038,-0.122035342319016,-2.88092961681071,0.237287321718428,-1.29030090281334,0.0542102665858386,-2.8463508807334,0.210901225403911,-1.61422573456706,-38.3761518002121,-52.0922175175682,0
1.14,2.01057824836649,1.99831390380859,0.028310072852695,0.172760423817316,1.13605718013154,1.90006411457591,-0.622375800393401,-0.357841368354101,-0.971895639957404,-1.89773871518583,-35.6337852343272,-4.6805710711486,0
1.15,4.5790847860309,4.59999990463257,-0.13486637720984,1.69502335999343,0.340063183309317,3.96885049509441,-2.23077976055108,1.95840548629139,-1.3761541133334,-2.08393345052936,-12.3807009882713,64.9956456816417,0
1.16,4.68462444211678,4.59999990463257,-0.0648430241720158,0.554942572926754,-0.194545668939291,4.020544757427,-2.21797731483856,0.746054453394454,0.453608862449356,-2.07159319861366,15.7534512800976,147.418802318662,0
1.17,4.55146258286861,4.59999990463257,0.0435612525370496,2.4607273759898,-1.21500030760748,4.36598233122977,-1.29384435877992,2.66886800510568,0.785285879112825,-1.85226982696367,44.0157187425608,230.224549778474,0
1.18,4.48864880210208,4.59999990463257,-0.146720583954853,3.55543394866766,-0.272010857425928,4.48117572553882,0.618605682222744,3.74593473863726,0.949748262044837,-1.43164765000788,70.2696008452853,300.416403206287,0
1.19,4.53851238994268,4.59999990463257,0.111717575629563,7.65300272919575,-0.469743440102188,3.28153704638839,3.0041165500402,5.12808341566265,5.6193245984912,-0.826359238807756,94.8738133632144,346.723798971468,0
1.2,4.42516111756833,4.59999990463257,0.00796890360896935,6.37065068047312,0.115360104061204,0.137010538393424,4.46862531853137,1.00412258852204,6.46133355617729,-0.033978126066161,121.708626713474,361.663164337512,0
1.21,4.50338197325491,4.59999990463257,-0.0984729849691888,5.94519254697817,-3.35425605905264,-3.60020146611398,2.66241752076637,-7.03813157008538,0.766619727194435,0.949832101720478,146.533840419599,342.915413131148,0
1.22,4.40097417879156,4.59999990463257,0.0302179189661508,7.35009301629533,0.627868139551564,-3.7877053860795,-2.32888671812517,-6.67868119623967,-3.85727249442012,2.12142927549002,172.704200278727,293.759969311102,0
1.23,2.48849948776844,2.68163180351257,-0.107124831845347,7.06328311690456,-1.42978804413991,0.808008315154721,-2.41481021774789,3.87491975852334,-5.85270584989379,-2.80491439651132,196.481778186164,222.481321890259,0
1.24,-3.37281081937346,-3.33852982521057,-0.0822954078709823,4.98869045161146,3.7057463235791,-3.36657139771209,-0.625656240653259,4.99147161380173,-2.99490643266578,-1.36350180494464,190.983606511789,140.856310898158,0
1.25,-4.69418811605956,-4.59999990463257,-0.14947537840998,2.20525674492914,1.6055799277411,-0.29543972120965,-4.64729967411614,2.17092628933863,2.74225514217273,-0.054562500935506,165.546498985801,62.0027638661722,0
1.26,-4.54628317468131,-4.59999990463257,0.0161747728848451,-0.697248604596379,0.568328991909113,3.99506741106402,-2.26390715803425,0.57556522375138,0.263714018838945,1.05772267340753,138.75348350815,-2.00970525664528,0
1.27,-4.55376501435094,-4.59999990463257,-0.073359167652401,-0.424851257611514,1.99584111367486,4.22362148042082,1.78795882201191,0.000930052688549843,1.63675684853691,1.9780388547486,111.590186162076,-42.3406791217048,0
1.28,-4.4923342051377,-4.59999990463257,0.0314531454525705,-0.191176179800042,1.9324985196939,1.98691510151463,4.1427385025956,-0.934851997321666,0.710286723228129,2.69954422847315,85.7826709979267,-54.9440470781157,0
1.29,-4.53246437325601,-4.59999990463257,-0.251822446446082,-1.21552520495084,3.03249527075947,-0.356855486667703,4.56055889676789,-3.62337427683676,0.935832364279775,-3.04802442513002,59.9989451738571,-41.2246324387696,0
1.3,-3.52094687657547,-3.54071927070618,0.0485771567924471,-0.233591381773608,-1.24480455887806,-1.50630580946385,3.20343889941956,1.33253501483136,0.628980778577817,-2.71029691629391,32.7343669392197,-7.66399457597602,0
1.31,0.444018026909988,0.469939976930618,0.0262514166348031,-1.24275964243214,-0.266938578089023,0.277700251610479,-0.396497916578135,-0.0424454451680116,0.798263582855144,-2.51270984609135,25.1660298758103,35.5133009095114,0
1.32,2.96306071268008,2.91428995132446,-0.200390387372099,1.54466658785068,1.70030278075338,2.17707154224842,-1.88360374614197,0.168840030252054,-2.54834269942093,-2.29646322466905,35.9740137898998,76.3809762748655,0
1.33,3.58476145770607,3.72346925735474,-0.022907285997927,3.87651790016761,-0.880981271939925,3.36395864846726,-1.40974205061915,3.66544864787453,-1.17899804392509,-1.9657772787394,54.787423658159,103.674208511181,0
1.34,2.87549497092102,2.89571213722229,-0.166880083873865,4.00024034140423,-1.72408097240631,2.80520621801415,0.1941920183216,4.14007607825175,1.3048896113546,-1.49451877823978,73.1202337166342,109.027462249651,0
1.35,0.726367580129577,0.668233036994934,0.0886811120448908,2.157732957537,0.000214526181109342,0.503950053234757,0.380681560027371,1.26654807383205,1.41860578746676,-0.912909585574167,83.4428182569953,88.6622335385593,0
1.36,-2.22549556609378,-2.28148865699768,0.0520835517475232,-0.218289017023943,-0.635226413273777,-0.674792069960535,-2.17888107638367,-1.07633157053349,0.348958129778821,-0.310085513104949,78.3767020600048,44.202382443694,0
1.37,-4.56225068161364,-4.59999990463257,0.0114906912493665,-1.95968923319429,1.17665562998543,0.861061368827264,-4.47408330880973,1.56567923074571,-1.89121604110837,0.195352480101081,57.1350066514035,-17.5418751507012,0
1.38,-4.60160339323617,-4.59999990463257,-0.128955348365984,-3.8605947144311,-0.97466443250265,2.24795655248427,-3.94579954806284,0.814552510437024,-2.87789410911623,0.514784676088096,29.6105412674361,-85.7864207483849,0
1.39,-4.57793101376347,-4.59999990463257,-0.0223924925780706,-3.57760207223561,-2.47935624196945,2.68287717341629,-3.63753012994988,0.823098783148758,-4.31788086449961,0.627235626130445,1.10100547285592,-147.759305688913,0
1.4,-4.43150517335215,-4.59999990463257,-0.105869421577872,-4.85875379953334,-0.0120394796458489,2.29248613455621,-3.88268561005876,1.84163315568137,-4.15945465623759,0.531021442828961,-27.2970554887741,-191.090907016511,0
1.41,-4.37436285948406,-4.59999990463257,0.0172231225129339,-4.98853913572754,-1.63856616218357,1.03627657150912,-4.37687395792664,0.404691421985947,-5.11679269229971,0.228991874232595,-54.6868585958128,-206.160826296844,0
1.42,-4.43612619708867,-4.59999990463257,-0.0247233851939323,-4.54634928233776,-0.521283580631058,-1.15925029653542,-4.35499925958787,-2.1728969124667,-4.21680020916117,-0.264704268499971,-79.7144341141598,-187.960120083181,0
1.43,-3.08902556975044,-3.17173528671265,0.0990677434183995,-5.22143184897824,-2.31803548091419,-2.45339562122793,-1.84797627995598,-5.27051192232015,-1.25666372001668,-0.939110932495357,-103.649999508207,-137.116266974121,0
1.44,2.80051709312978,2.73740816116333,0.0551306984471428,-0.809348235812458,0.566459650752069,2.72560417912814,-0.393858284033863,-0.842753407058857,-0.270473869245713,-1.71736743871228,-103.045351139394,-59.8835741752692,0
1.45,4.57781087636861,4.59999990463257,0.114799846630162,0.576536951279544,-1.2383605448973,3.12461850010173,-3.36676529617117,0.941899763608461,0.377642935990445,-2.38949357677472,-79.1285689009095,32.9054210604933,0
1.46,4.66402750306682,4.59999990463257,0.0447274165101836,-0.738350506431957,0.631422299732715,1.24812535350361,-4.43618273316526,-0.446389689904301,0.280186103163771,-2.86898289500027,-51.2365719284586,127.737647862575,0
1.47,4.56774257974958,4.59999990463257,0.0137119519656113,2.35348067190768,-1.18081796838487,-0.0212177664278753,-4.55840460443157,0.70710584932609,-2.11039930655766,3.13999739644979,-23.9717126220112,210.816975291294,0
1.48,4.58899943026021,4.59999990463257,-0.0821489283250854,1.34553098138938,-1.02626953410396,-0.388166908235223,-4.55697129152508,0.587120729618904,-1.41152156732187,3.0596778084537,1.96142020186511,270.517653614086,0
1.49,4.4746548527003,4.59999990463257,0.00160371166944667,5.46943426233735,0.385702837411268,0.13024298954963,-4.49225926337009,-0.236999449399947,-5.3333656929306,-3.11425677140055,27.9071723785228,299.43824416342,0
1.5,4.47846175361463,4.59999990463257,0.0294116907023623,4.95651583629789,-1.49101463443985,1.43288998714803,-4.27003312241687,2.99838839260815,-4.08391236448609,-2.81102840481088,55.1837302236533,295.674122085792,0
1.51,4.43173502968837,4.59999990463257,-0.0393161235304719,6.7009978992498,0.558442052168169,3.32377326231927,-2.99147032404149,4.49526431592512,-4.64215490796654,-2.30542896877844,82.1593012431538,263.071874932161,0
1.52,4.41307152166384,4.59999990463257,0.0306088407859392,5.84830112952343,-0.188657614060162,4.47416827127369,-0.19088664578457,6.12318041522719,-0.11946770420436,-1.61261352733766,106.814199149852,210.418804779782,0
1.53,1.94054101004713,2.06327104568481,-0.1390039505902,5.32435961286583,-0.736932817908156,1.32677805550152,1.43624528641973,3.00761683096379,4.61503510694435,-0.736740535661779,129.790300100464,149.71980557072,0
1.54,-2.29776372771699,-2.21697759628296,0.0499559534389221,3.29415843152678,-0.407527449098741,0.507726030397744,-2.21778593533672,-1.45862310232613,2.69052105242239,0.217827990730218,126.80582567029,93.8848535882416,0
1.55,-3.76198375720646,-3.92739105224609,-0.0614178907765127,0.0777306852636969,2.78539283388499,3.43525565177191,-1.89973178300677,1.23023214792892,2.14132969675541,1.07844554657055,106.728783876715,54.2611133286829,0
1.56,-3.68942217651826,-3.66963601112366,0.0456036588454312,0.781482029173396,1.73950474682344,3.60725105275703,0.733815496777375,-0.932599486639625,1.48258201701857,1.78055393110228,85.1114960254449,38.4733224498014,0
1.57,-1.60839386070158,-1.7490770816803,-0.0746416839777667,-0.794311929750648,0.120955166052324,1.25193210133444,1.20009539201024,0.322090465928693,0.683368724631388,2.33834415159098,68.7005845611476,48.9789249564887,0
1.58,0.948629239126608,0.941400527954102,-0.0235464545265092,2.39928481194785,-2.56551848329844,-0.326892293395256,-0.830430827554146,1.64166045146098,-3.23209992869996,2.82416375903426,66.5050211826365,82.6108814877928,0
1.59,3.54174815885405,3.67875123023987,-0.0372864659777241,5.14824467893771,-0.331437529376845,0.745380953281933,-3.50095013453181,0.840575097488835,-4.93748947443221,-2.93278623768557,79.5068272950418,131.196042897527,0
1.6,4.45480254214219,4.59999990463257,0.0604431084323392,5.93670684226798,-2.460394716678,3.42954014297419,-2.87492436253639,6.04614375084677,-2.55293631146131,-2.25992426817107,105.296174855205,183.13498445452,0
1.61,4.44347460517255,4.59999990463257,-0.0988454516871332,7.19380699023048,0.00346429708573861,4.37978246921012,0.788579083552736,7.41750836286072,1.29563156096831,-1.39259327589368,130.728246812348,225.648080610891,0
1.62,4.28263595750548,4.59999990463257,0.0134916259088845,8.83776424434399,-2.59179456488978,1.53681992564476,4.14887559950348,-0.0400631597315693,9.39877779598588,-0.340179582647336,156.948714200628,247.266356102965,0
1.63,4.28603023049251,4.59999990463257,-0.0622723297968897,9.90405222969924,-4.39133027906295,-3.39707761317562,2.78964900844084,-10.4700764788744,3.35667403461824,0.901225855431537,181.988491571666,240.098084783114,0
1.64,0.579302002759719,0.789873719215393,0.144394584848355,8.39170511086073,-1.25275993043144,-0.473553377509646,-0.391599167751937,-5.70037201692774,-6.88054683051754,2.30448750675645,196.677088149723,201.442350451683,0
1.65,-3.6004335290072,-3.58112645149231,0.0203310527999325,1.53576227040557,2.50831565193233,-1.96465794733117,3.03342219729213,-0.513541832135004,-2.35815498449115,-2.55696481629846,187.386951249092,134.441537336829,0
1.66,-4.66480630655052,-4.59999990463257,0.0154134275280429,2.35831371908006,-1.25584551013701,-4.44777173302797,-1.35432091030772,2.04780335525831,1.91903887717744,-1.28027795432397,160.61017919014,47.6435880061297,0
1.67,-4.60911802903597,-4.59999990463257,0.0818333858639076,3.19692252996613,-0.883238847588927,-0.902936301078028,-4.57437922830166,0.00421919543508498,3.23879973074869,-0.197320866827655,134.12372843954,-46.4514799762207,0
1.68,-4.58829126634116,-4.59999990463257,0.0609175968488559,-0.554198690414935,4.7780659088481,2.8457487218378,-3.60359313890052,3.5019722992373,2.34672202358539,0.686893550038422,107.860948109682,-133.595928075527,0
1.69,-4.50563538065286,-4.59999990463257,-0.186168460537487,-1.38819790061226,2.99565111055947,4.48251777870236,-0.905528424521133,1.77459727460317,2.28724203691639,1.38286963273981,81.4022984298347,-200.343214071021,0
1.7,-4.57440044349358,-4.59999990463257,0.0906762743000621,-1.63293124761746,1.55397725879236,4.3757175990946,1.34235236841797,0.523020315590592,2.03978225093048,1.87638364971299,53.7984696984642,-236.469266972937,0
1.71,-4.57220994076424,-4.59999990463257,-0.0644497113142396,-3.05246148488823,-2.39211741285153,3.69637443217087,2.62873737775129,4.15014044802256,-0.402509005228565,2.17715895514431,28.4771465090019,-236.816079889667,0
1.72,-4.59748509094533,-4.59999990463257,-0.12086318867706,-1.65849650165772,0.102629713572905,3.42138357705745,3.03506612513567,1.15737310140777,0.619417420334372,2.29512202488861,3.74398517130499,-202.213889894768,0
1.73,-4.51624932964364,-4.59999990463257,0.026453852822773,-4.58946246399819,-1.2162616192625,3.53616566596591,2.79474429353448,4.65049010086141,1.51576021805806,2.23221961184273,-20.9011611571937,-139.308994207014,0
1.74,-1.95123914395161,-1.99295783042908,0.189212180153874,0.580919241539508,1.16455060170654,1.8298579848254,0.791430996630428,-0.574494265979148,1.10819598159619,1.9914271811596,-42.5912326723426,-59.3277284766024,0
1.75,4.03856471716335,3.96035432815552,0.0557370988973518,1.21228095048583,-0.875877143361781,-3.90931448434806,-0.462552153970018,-1.17626800060637,-0.545051843960981,1.69054355450612,-33.9010617735138,23.9946552593309,0
1.76,4.5468261149958,4.59999990463257,0.126539546387365,2.92662004354065,-1.44859563762223,-4.54806571445282,0.160454318500222,-2.55009612609245,-1.55030119790188,1.54263552520379,-6.1336466433366,96.9355848015815,0
1.77,4.61439940936754,4.59999990463257,-0.00969880868768277,1.83556617830278,-0.358064887141257,-4.56472080196041,-0.144627445688966,-1.7021034862601,0.219202589741783,1.60130819011853,22.0230200726296,148.288268950819,0
1.78,4.66008709438753,4.59999990463257,-0.00978781994052707,2.82047090154228,-1.78408121331107,-4.36395607120022,-1.28337756620673,-2.16180953045885,-1.88193113050684,1.86207941010913,48.7914412051813,171.380441189887,0
1.79,4.35900033017275,4.59999990463257,0.06610274686187,5.16116897372069,1.20145573892768,-3.30137006890587,-3.03485987833283,-4.6518710646398,-3.55175999658346,2.31196313773765,73.7175856602929,165.233025387671,0
1.8,3.19500095725278,3.26521444320679,-0.00299008014773643,6.95299316707341,0.556102608487681,-0.605822560780881,-3.07548270040932,-2.09586514172322,-6.29044480021824,2.94215184672801,97.4841414001866,134.643491163231,0
1.81,-0.851912787230359,-0.735788583755493,0.0803978663545085,2.28554239331466,0.719537924250931,-0.402298855475252,0.67617216108368,0.892375865534162,-2.4967594320209,-2.5906301152542,103.31857892422,89.1796270589256,0
1.82,-3.58903628161544,-3.51929497718811,0.018604441089983,-0.704328303184198,-0.076081480950654,-3.34415371122462,1.02819983458385,-0.767122761478785,0.850602331525058,-1.87227742570021,90.1416789464111,41.2733945248342,0
1.83,-4.64259129720623,-4.58576774597168,-0.00832433954101473,0.980115507540714,0.0841343178100995,-4.43149959321976,-1.2175810869523,0.593142405899595,-0.0985381155064408,-1.30141113859973,64.2910694240696,3.7733097022386,0
1.84,-3.94990638961198,-4.0460376739502,0.0450140220578093,-1.81845943333645,0.50114288349164,-3.20837907267718,-2.40505734958659,-1.33591823798101,-1.16424126186465,-0.926806812198319,38.9025537727869,-12.5841920496961,0
1.85,-2.10589702089972,-2.04793834686279,0.109588344374117,-1.19545943477293,-2.93044922731183,-1.26958096246285,-1.56962949863171,-3.26449757890169,0.888625501558044,-0.710292974936003,22.0868414935776,-1.30792226063098,0
1.86,1.0331870089927,1.07488894462585,0.149580490427759,1.34102059781023,0.175269756457113,0.579573868636778,0.88692552793445,-0.0720182310324733,1.01933962511346,-0.567325024177438,19.7558793227202,38.5137430714472,0
1.87,4.56568987032764,4.59999990463257,0.028081476616745,3.37381086914144,-1.17388960036847,1.68945500246463,4.19962080305026,-0.210708595569496,4.08053122955429,-0.374949614082058,35.9425333138633,101.932022103307,0
1.88,4.52336627235776,4.59999990463257,0.027946275495122,5.08674985754082,-0.863535936068565,0.100513007386631,4.49829152237348,-0.766611813091645,5.09557330792259,-0.0183979825072557,61.6327967415835,178.9682548303,0
1.89,4.45473262127766,4.59999990463257,0.0866667205149161,6.75218424373288,0.756811906961418,-2.28242303542779,3.82251477388988,-3.06573437816243,6.84019565368998,0.534606309485562,89.1141874137751,256.405656081515,0
1.9,4.35576636693775,4.59999990463257,0.00962916205993483,6.36701533293769,-0.167591800830488,-4.28553678554728,1.27274643293353,-6.09617013569238,2.38929690153406,1.27990400120876,113.956110853057,320.21167439533,0
1.91,4.44790069866438,4.59999990463257,-0.0934306338596177,7.35135191259054,-0.911650871688561,-3.5746057254184,-2.64541355711989,-5.84032043116119,-5.05394417959421,2.21065398459174,140.450600310839,358.141207588554,0
1.92,4.53838160703241,4.59999990463257,-0.0509495050607536,7.50620763831076,-0.549750848256821,0.813824869210426,-4.37848989073007,2.62465496981475,-7.01514570062129,-2.95185134268485,165.339325914386,362.035527277608,0
1.93,4.48643070370828,4.59999990463257,-0.0292235498616448,6.59635538602345,-1.23311162400492,4.44523137885541,-0.355258061076968,7.19280781406302,1.13840502553183,-1.64277459718972,191.078237464611,329.386880748239,0
1.94,4.09970160594257,4.35262155532837,0.0772260157148851,10.3558014023053,-3.5903808894629,0.671022688281761,4.09987353814313,-1.57907182770447,10.3341549011904,-0.147046377465884,216.663123579158,263.874257583361,0
1.95,-2.75596641124353,-2.68543124198914,-0.156822316899526,3.53845077541596,3.35580949340891,2.73649047209106,-0.339697473837017,-3.29526873253131,3.45064213993897,1.47021527707991,218.246896962943,174.766584394026,0
1.96,-4.68599033017865,-4.59999990463257,-0.0513797093183117,4.22989835809609,1.81785272712146,4.65584685931958,-0.45617958604388,-3.82322429201023,1.68674432408869,1.47920262221748,192.449398595638,75.300136572714,0
1.97,-4.71823718262302,-4.59999990463257,0.182752783258965,2.14125727651284,0.121685469897482,1.58136097854806,4.35469583927874,-0.650981785187139,-1.57849281730332,2.79394480193054,165.527695265702,-19.6720219472134,0
1.98,-4.67790920925909,-4.59999990463257,-0.0504543146172366,2.24854360010288,0.968112280290999,-3.20932058886563,3.35713852829356,0.258021087833246,-2.91438112411725,-2.37053086701081,139.728780610577,-96.3249154732497,0
1.99,-4.66829746175663,-4.59999990463257,0.12433702784275,1.0311221504273,1.88736017028184,-4.59542149102854,-0.514594577756099,1.53699119943825,-2.23009620836345,-1.44867139073775,112.370301170747,-144.311955629029,0
2,-4.60666207363954,-4.59999990463257,0.0607943885767833,-1.22544361546998,-0.178211313232049,-3.00577012528262,-3.44340869468862,-0.887504027009172,-1.08763220923757,-0.717297078011318,86.9262082314495,-158.567554787013,0
2.01,-4.6657981850574,-4.59999990463257,-0.0397057028099202,0.394338890859179,-2.2339773262212,-0.79395026070665,-4.53865634772635,-2.0783654694381,0.819233293476645,-0.182555565114091,58.8356627341599,-140.129201971986,0
2.02,-4.71581615403784,-4.59999990463257,-0.0949592088839574,0.115553833304515,-1.63548893017729,0.732854474161771,-4.53702042156991,-1.95571157349054,-0.458258105027233,0.151510143337776,32.6781262397043,-95.8285461724739,0
2.03,-4.05622198536879,-4.04496145248413,-0.00700431949963547,-0.544734228347925,-0.117827959865223,1.18025387298346,-3.86122402760749,0.570418131542497,-0.149271280076146,0.299156190983699,7.96418270919973,-36.9116152522412,0
2.04,1.09971061977414,1.17919814586639,-0.0642245650012717,0.437069431556881,-1.80657281035079,-0.342441559165773,1.12531013443786,-1.50238913360451,-0.26203676811843,0.321006651159277,2.58208844802416,23.1521872480766,0
2.05,3.80375946578703,3.90807271003723,-0.0155577080619178,1.67437527488379,-1.02582158200448,-1.44009603041253,3.59151657109128,-1.91062003346085,1.37293175169291,0.387818929067673,17.955614051472,71.2614554125642,0
2.06,4.23932605960073,4.33475637435913,-0.0792149441219121,2.51376801173839,0.64064793619386,-2.4392353622937,3.5224620463055,-0.973482123601604,2.45013936242358,0.602988990565379,41.0624373730127,97.1890288739934,0
2.07,2.67999136044646,2.8439564704895,0.0113709973123225,3.29687539841147,0.564035332037506,-2.31898533395844,1.53719059773471,-2.36362220344497,2.13179690255193,0.982237841349698,61.1630365082089,95.5335455217781,0
2.08,0.0702170253363788,0.0977161899209023,-0.0470394422840342,1.10310681691029,-0.711610176851304,-0.0770102598444773,0.0337575759309933,-1.07267363512543,-1.20245551130516,1.47099245266732,69.4873364210911,66.750338338316,0
2.09,-3.07187849985926,-3.00000143051147,0.0205762973664744,1.63553571986554,1.38935565355589,2.82209856096155,1.11359183935589,-2.24214681312112,0.878435484914947,1.95770735401881,60.5601146593911,17.0677548819788,0
2.1,-4.6056750906803,-4.59999990463257,0.0606018471545996,-1.45281017752248,-0.195695878583755,3.34458604461985,3.11689597233052,0.765330738481773,1.15791851974353,2.3224581839877,37.6618715903257,-42.696597913514,0
2.11,-4.48237462216851,-4.59999990463257,-0.0908512497212198,-3.56237516236453,0.0884906794480159,2.69253713953051,3.63968798968437,1.90035154149982,3.03598431549011,2.50590648017402,12.2748544717458,-99.1992404293844,0
2.12,-4.64227420334874,-4.59999990463257,-0.0875067221952485,-1.76892576417531,-1.64684747829338,2.70810250397887,3.67399585022159,1.91864058797381,0.730788543403836,2.50155917475537,-13.4329763352227,-139.128383213465,0
2.13,-4.52102764101298,-4.59999990463257,0.0549147286896653,-4.03971928085809,0.769077754033289,3.34447972022738,3.05052631796702,2.65049905076327,2.44283615201191,2.31028771887622,-38.6061187245201,-151.776972592106,0
2.14,-4.40749927642727,-4.59999990463257,0.00481847194366834,-5.19729387301366,-0.218974198858627,4.20119820411708,1.6114365518643,4.62209954620001,1.79799110699962,1.93704707391826,-63.1888989559186,-131.148544620698,0
2.15,-0.340627213195852,-0.433505922555923,-0.0582913612244596,-3.17102445496036,0.115806401057001,0.355913787923353,-0.0617497936691019,3.51433856003687,-0.54472747045238,1.40172209577433,-78.5114483747391,-77.1993344383102,0
2.16,4.56090218218185,4.59999990463257,-0.00621943364033314,0.152764608424716,1.20588515480306,-3.50058616296787,2.99052236533742,0.501196596361443,0.362810522156072,0.861058080510315,-64.3131573708225,4.0196527495577,0
2.17,4.60609143755327,4.59999990463257,-0.119592716366837,2.25496935702221,0.675651154068473,-2.13987972132368,4.02817900120389,0.160498121142995,2.3395364642349,0.482849891255154,-39.0825010660534,101.352317030694,0
2.18,4.58844949713101,4.59999990463257,0.0415239270502703,0.977096914081721,-1.35780662934599,-1.26827793382769,4.39364986751629,-1.78653188831046,0.943649198802274,0.287307929089041,-14.2599723173979,200.479788023678,0
2.19,4.72528557340719,4.59999990463257,0.0656675607620059,3.41317647981317,-1.13365583187875,-1.21435091314517,4.36523183650857,-1.56787675290442,3.20560310807212,0.2741642625958,10.6554589036033,286.458576068363,0
2.2,4.49843143706691,4.59999990463257,-0.080379617569603,3.68259691230897,-2.22754823856592,-1.90008049800523,4.10693989190858,-3.59415085328724,2.51325182675566,0.442964378441566,35.3387748230658,346.386248876201,0
2.21,4.55730771586259,4.59999990463257,0.0501736005196094,4.85286472010541,-1.73344275200215,-3.18220025593766,3.1820212522155,-4.67732092534219,2.45869297412289,0.792351045850536,60.0930315279803,371.701934287119,0
2.22,4.32066909029985,4.59999990463257,0.0519568131608991,6.83698367024401,0.465241125301759,-4.33575342170847,1.07263686611871,-6.57167373713299,1.4945886957239,1.32895261220649,86.837351805979,359.696248662086,0
2.23,4.40572983548651,4.59999990463257,-0.0525981944081182,7.81827051334753,-1.96580315330471,-3.92884045495546,-2.07540435273967,-6.34176374929106,-4.89243104189238,2.06289384455778,112.721147542248,313.95176846321,0
2.24,4.46361993734241,4.59999990463257,-0.039081967056075,7.65887349699152,-0.827000756008865,-0.727754451386599,-4.38826253894952,-0.56666111383837,-7.66350801267827,2.98048771539053,138.309807617828,243.633646664648,0
2.25,0.917928394222415,0.959801495075226,-0.101662553265467,3.33352137645735,0.975496255366377,0.720494376818369,-0.521296255522417,2.78839496535397,-2.26933138633894,-2.20103980742713,157.927288561314,161.763471792511,0
2.26,-4.44025996593285,-4.33311367034912,0.045307599762749,0.200618796705682,3.3981859866353,-3.8464462816942,-2.00780117358581,1.88232117877724,-2.78013914466513,-1.07401369963687,144.797466244373,82.7982071637835,0
2.27,-4.53241124871133,-4.59999990463257,0.0538073451912441,-1.56650668256504,-0.533957323906268,-0.492175886704204,-4.54158103166991,0.280219490850434,-1.56501684158604,-0.105813630052787,118.927745759454,19.9648628837598,0
2.28,-4.5672036180421,-4.59999990463257,-0.0592664546580556,1.89909550139514,1.48186204776015,2.82330626006639,-3.67566831624862,0.423348153369446,2.61329068830647,0.66356231966618,91.7034847833786,-17.1535655112055,0
2.29,-4.64828808731391,-4.59999990463257,0.0191246027089721,0.236950056027612,1.83796664070668,4.37091125447078,-1.50009881929802,-0.790071906566392,1.16350276325427,1.24397880973423,66.5800687331549,-24.33277913703,0
2.3,-3.75588810031046,-3.73815584182739,-0.0180332486167899,-2.43686285471336,0.0149521231554255,3.68523111835894,0.238105616965681,2.19758161355555,0.0610262328524217,1.63495749629693,40.3031332307338,-3.4052538586925,0
2.31,0.237221936172913,0.216486543416977,-0.236324803553347,0.266441423438719,1.17978667253782,-0.203496329328453,-0.079982492229918,-0.196619690513068,0.679582737234649,1.88021875874621,30.650631519508,38.1855530583805,0
2.32,3.18380659842381,3.31235003471375,0.150212032821735,3.10665548409146,-0.649854541454053,-2.7507040504167,-1.72311839977853,-2.35813050346411,-2.61835155673915,2.13630011775876,42.0298112844281,88.8885212450714,0
2.33,4.53156983622585,4.59999990463257,-0.0382973348980937,4.11072606932948,-1.1736644379174,-2.62247821640321,-3.68686586529173,-1.6705012999692,-3.53016668056111,2.52640023608898,65.265420934263,135.321919902921,0
2.34,4.4647878640268,4.59999990463257,0.239796124164219,5.74806827232151,-3.25144324570898,-0.26030416206945,-4.48939013633278,2.31456368635482,-5.34942975351116,3.09523346703405,90.1955522376505,164.895944951469,0
2.35,3.92294550022093,4.1587872505188,0.0968943046852819,5.30740474480032,-2.31486804230079,2.61853295979996,-3.08414128641799,5.32998288934336,-2.96043556575031,-2.42718322624002,116.867722404854,168.287954247585,0
2.36,1.00516913501831,1.15764999389648,-0.035579966120612,4.1120429926043,0.345243416141946,1.07238741433914,0.0814506846966005,4.22527055070466,-0.541718613942395,-1.50950712584423,130.75125486178,141.305038346002,0
2.37,-2.68656453843173,-2.62110757827759,-0.0276130712001527,1.68353050373179,-0.0564434367322345,-1.39959537334859,-2.25976880294085,0.652376053369303,1.85404254510398,-0.557458699937399,125.4996864833,85.7828400886202,0
2.38,-4.66983965515508,-4.59999990463257,0.0309834036326083,-0.782609950272868,1.80035316236037,1.25702482843191,-4.40651804005377,1.4263147404686,-0.436827839312172,0.283492531145465,101.989057911774,9.34936172187452,0
2.39,-4.63650736989772,-4.59999990463257,-0.0684649399152598,1.30224093743062,1.02753361242069,3.67821693532026,-2.80173266386763,0.100971834955287,2.21905524180695,0.927949266360454,74.3155158144056,-75.9056511328482,0
2.4,-4.53300586864996,-4.59999990463257,0.253896992297813,0.744303222681624,-0.0107951873987067,4.5226143413409,-0.883124229207791,-0.38712796394975,0.478959295343927,1.37977489250064,49.1517506034502,-155.610778924973,0
2.41,-4.56353557992838,-4.59999990463257,-0.12274828244715,-0.933824213757789,0.781639071379179,4.56710459741169,0.325709237862222,0.880446514882862,1.57614774893781,1.64860380414012,24.0826464688862,-215.738673537717,0
2.42,-4.62146229954302,-4.59999990463257,0.109328064937466,-3.29110663981248,-0.128336018564183,4.47993301878816,0.741337953491914,2.98486625631401,-0.3571037808656,1.73114892101124,-1.60149417205605,-245.190072685155,0
2.43,-4.53944039469978,-4.59999990463257,0.0931848186044911,-3.16924707112224,1.0682802964575,4.52846570870997,0.230526378276221,3.16264857873145,1.07603593699483,1.62559841750736,-27.089631455037,-237.855816106192,0
2.44,-4.55058939462037,-4.59999990463257,0.126135755272704,-4.18999341228706,-1.50990319623572,4.40773037726947,-1.02451182626036,3.22875247227343,-2.30088577210545,1.33577030863921,-51.8552187646947,-193.773176270091,0
2.45,-3.93233995549322,-4.06904697418213,0.0308940479115627,-5.56587762466661,-0.895631734731212,2.99792219155806,-2.56293710310348,4.97233998044042,-3.69189194043673,0.865404357925707,-76.4220283911883,-119.160839501073,0
2.46,3.16287486435244,3.20692491531372,0.169786021323002,1.55391717236124,0.603462685872616,-0.88999640546948,3.04572144165369,-0.304784291451749,1.74284545707352,0.282887707730262,-75.4753250801559,-25.3250332764748,0
2.47,4.62102707558545,4.59999990463257,0.018521108059954,0.0503218408605245,0.467385769802246,0.804546427218809,4.53561500221384,0.462158608034937,-0.340428294701544,-0.177902208404348,-50.1077299229113,73.3611847417615,0
2.48,4.58041334443792,4.59999990463257,0.153013422332646,3.04103718705036,0.263796866869332,1.9973764611999,4.08287478605837,1.00375895075801,2.63078462699747,-0.453926549780575,-25.2687808546344,162.031597113517,0
2.49,4.50704703841784,4.59999990463257,0.0999690446442265,2.17657523356087,1.36203540101819,2.35088759259721,3.90994565382058,2.30931264299214,0.885685924928402,-0.547970819040688,-0.377005387308409,227.977354793075,0
2.5,4.51705518342988,4.59999990463257,0.171063528534905,2.2609296485211,-1.26709396116526,2.04824082463366,4.06751829254656,-0.344494825897069,2.81250103530313,-0.459628601952249,24.4344074156105,262.884671955759,0
2.51,4.5061893243619,4.59999990463257,0.0486910473783701,5.27403452182803,0.141597606026879,0.849857184491254,4.42134604642843,1.04532802126473,4.84462586850015,-0.190305641988516,49.0358131637105,1382.95128625223,0
2.52,4.56874902790142,4.59999990463257,0.0661978851714853,3.67040897574781,0.301017253621457,-1.1577587280601,4.37159571304189,-1.53219673347391,3.684463922512,0.261373937710668,74.567823482497,1304.25978245397,0
2.53,4.48354068564807,4.59999990463257,0.0624869685614678,6.31630916540272,0.538312903704328,-3.53858992906208,2.73845453428133,-4.55591161661471,4.48333090066622,0.90903661378266,101.813041009752,1211.24430175276,0
2.54,4.47210267486789,4.59999990463257,0.053373983282194,6.83630977775359,-0.437437426307706,-4.3880194703166,-0.768146250727343,-7.15352679394352,-1.67016033284891,1.74612578708045,126.532551890802,1126.96561544471,0
2.55,4.37292715275735,4.59999990463257,-0.0911002696472147,5.49838814574278,0.809065070133362,-1.60561583276443,-4.18711205340087,-2.95706820233408,-5.13263237863054,2.77164169438845,153.024265387522,1073.36278941391,0
2.56,4.41333217860357,4.59999990463257,0.151091285498795,9.34876997040422,-0.696569377627022,3.29471902828803,-2.94986180772429,6.98616370758166,-5.62751635545672,-2.29875155708615,178.569040821846,1065.1665698471,0
2.57,4.49351586018269,4.59999990463257,-0.121441648166627,8.83184185780649,-2.69592030023658,3.49461490768089,2.72438255588637,5.1733367924274,7.20204579241971,-0.897364279653358,203.735532067326,1105.77125266086,0
2.58,4.31080541674153,4.59999990463257,-0.0387950287519341,11.517901511054,-0.583377733717086,-2.77227654935568,3.37688240327514,-7.98069499177387,8.48591614136997,0.69124124410564,229.177103979689,1186.21821623025,0
2.59,4.36576587735941,4.59999990463257,-0.076773620648799,12.5624227816216,-3.07358274909909,-2.78211467929047,-3.35872713933646,-4.85725992370498,-11.539009822998,2.46603945970037,254.653164650559,1287.57787103263,0
2.6,4.37123517506992,4.59999990463257,0.0238657734035668,13.9526378349687,-0.308030429153708,4.15244789813675,-1.23919834232946,13.1217927978754,-2.92185911732981,-1.85629620892188,280.286799898612,1386.07017337253,0
2.61,4.33475525737248,4.59999990463257,0.0609210208276472,14.796150325811,-1.14101385575507,-1.21163726755569,4.13719961409378,-5.16047613280396,13.6316497460308,0.290214825192217,305.540160619129,1459.5012367296,0
2.62,4.33193628951104,4.59999990463257,0.166616298959162,13.416176665731,-2.81394700061413,-2.20460064579352,-3.72731438298583,-4.29660792334032,-13.1919966979432,2.62119934290216,330.409409707745,1493.22777080615,0
2.63,4.3613853451509,4.59999990463257,0.126352349781551,13.6076224279413,-4.66806849019322,3.97559506695617,1.70147200497026,10.9557289673676,9.53990569281928,-1.14654474087564,355.892040082103,1483.99413768133,0
2.64,4.22034494928427,4.59999990463257,-0.0512137451223474,15.5324130876537,-1.53936152004786,-4.29429233148209,0.12745746935632,-15.3368343423135,-2.11730821146139,1.55302361703329,380.678830883309,1440.58153744814,0
2.65,4.40026936848631,4.59999990463257,0.0432373882001137,14.4212678195842,-5.03327848910964,4.13225416256218,-1.28381469411139,14.7389548101964,1.3706511553306,-1.84665062343189,405.807951965754,1381.09915850662,0
2.66,4.33377763077927,4.59999990463257,-0.105521520424034,16.8059727823437,-5.69832300253195,-3.96726988415298,1.57736303441846,-17.6657236370558,0.349847158431682,1.21994060881089,430.897815737799,1327.6844833771,0
2.67,4.29941436807594,4.59999990463257,0.0108915168614489,18.4962506576059,-2.28114172792959,4.09683898703124,-1.06279960645937,18.4569298770488,-2.38447063232962,-1.8138829682467,455.834612775397,1300.102652502,0
2.68,4.28058640885233,4.59999990463257,0.130355741113448,19.5083184951226,-5.45964100491002,-4.21610081019224,-0.104341127146841,-19.0489064030093,-5.45167704347883,1.61784795363523,480.64008093095,1310.04112116417,0
2.69,4.20019164615644,4.59999990463257,0.188469352301325,18.0756741819527,-5.86160161654054,3.73658080591889,2.0018018221329,13.0593437931134,13.8951237050212,-1.05175197612055,505.344895942291,1357.70032288972,0
2.7,4.29502066879104,4.59999990463257,0.107630260290865,20.4787344698048,-4.80643949804514,-1.71567554098673,-3.82092776069366,-3.67004370274467,-20.9616426043333,2.74327691974402,529.964207742708,1431.6383207712,0
2.71,4.19167325970646,4.59999990463257,-0.101247277315024,23.0354567481129,-5.92000635306607,-1.64445407827152,3.79867180540802,-14.8406844716186,18.7036589641339,0.436116056222929,554.829679038582,1511.91699239934,0
2.72,4.16385604727847,4.59999990463257,0.0787606747907032,21.767880068744,-8.1480557520559,4.12250890116715,-0.659239234393073,22.3205536636346,5.30815712021531,-1.69031334034607,579.28746739248,1575.67340701788,0
2.73,4.12410102268235,4.59999990463257,0.114005019281431,24.8003491923172,-5.8395389793047,-3.68841417698943,1.80724080321616,-25.1635984309234,4.65491421429601,1.14588099465882,603.998960862329,1603.56073040101,0
2.74,4.14755645038447,4.59999990463257,0.214611421473188,26.0323024383578,-6.75618516784114,2.49717385122012,3.23629069334632,9.17531102904985,25.242380671367,-0.620619090510575,628.320987035444,1585.2579777633,0
2.75,4.17445816335378,4.59999990463257,0.0700092468482556,22.7436715142469,-5.77952962153471,3.27630942896365,-2.55226852904179,21.0480501173241,-9.43577057960379,-2.20763145936185,652.788473301659,1522.50572542136,0
2.76,4.27795548347681,4.59999990463257,0.236848583372419,24.4760504075464,-7.4002069336515,-2.00594907469534,-3.59646795715456,-4.98583421561714,-24.8081916858357,2.66747245133427,677.211314364364,1428.81361270077,0
2.77,4.08072319812167,4.59999990463257,0.0239296356898769,23.8729079837392,-7.63021587595953,-4.05780474524772,0.693782485332357,-25.1830235610839,-3.98208237251181,1.43806633969751,701.576349776403,1325.91293005152,0
2.78,4.13020434905435,4.59999990463257,0.160791929433928,26.4627730294437,-6.43841917398343,-1.41093949306386,3.82051000389038,-16.0480503271075,22.1959181323525,0.38699177040809,725.840004310365,1237.93494858668,0
2.79,4.03963421654021,4.59999990463257,0.203858002936054,30.4603968305173,-7.18607017788982,1.99725348364842,3.46180248960337,7.93129659731102,30.2428712165543,-0.486156642038456,750.097756475122,1184.92964893251,0
2.8,3.9849198572511,4.59999990463257,0.21421987476307,28.8994233046149,-7.99693140874335,3.77143657690396,1.37859859952318,24.4380803126803,18.2043403897964,-1.18159569449343,774.438303350415,1177.52319735302,0
2.81,3.99988234282192,4.59999990463257,0.231232100974305,28.8143684794548,-8.1000836944392,3.97986747900504,-0.692132110328251,29.2038690730141,4.71519868956352,-1.69975138852221,798.477308021763,1214.19463306817,0
2.82,3.94249875389867,4.59999990463257,0.305696373632277,31.2564261595801,-6.59274168809785,3.47895422072764,-1.91887650384701,31.136239655853,-8.50647963352375,-2.04092476574446,822.733512477086,1281.9215153651,0
2.83,3.95359315404909,4.59999990463257,0.299216572225432,30.5362073531856,-11.3244458988944,3.07764757893866,-2.5596089016343,31.2642094433784,-8.73826005164565,-2.20540327290086,846.665791765096,1360.00470540367,0
2.84,4.08734416342343,4.59999990463257,0.235805906197992,30.3108394349374,-5.78319568376033,3.16933236912465,-2.44917287187562,28.2969337838376,-12.0499837457849,-2.19363743941782,870.72738277523,1425.99628628405,0
2.85,4.02046090311697,4.59999990463257,0.10514035396149,31.5839790868365,-4.40235743689024,3.56576428924542,-1.76468942312928,30.2980887027833,-9.06371361172968,-2.00606814581678,894.728708535869,1462.06919093882,0
2.86,3.90179284186729,4.59999990463257,0.193047276390432,33.3382313340923,-8.00607573228514,-0.151147392267932,-3.9382356084471,6.78502900750939,-33.2547607964812,3.13938932312742,918.624652526621,1460.04577388185,0
2.87,3.96464194361219,4.59999990463257,0.0340873018382738,33.3561485426031,-8.10380290106648,1.86939518095217,-3.46762907438134,23.7354843978285,-24.7152103329693,-2.60609479982475,942.420973233012,1423.67911812326,0
2.88,3.88488452549335,4.59999990463257,0.129370776134573,34.7215426294645,-7.11824375616288,3.65648576037393,-1.40077605215277,35.3221068383995,-3.40295389080153,-1.89410242073077,966.130550118797,1367.55009706964,0
2.89,3.81918998004392,4.59999990463257,0.377379875337011,34.9574544624062,-13.6383757051986,3.45435480805866,1.85900361546746,22.1812717319151,29.5167342957344,-1.00812800255743,989.805973723722,1312.89027047454,0
2.9,3.75535669556351,4.59999990463257,0.395118469397998,36.095962889647,-10.5775581618718,0.0194141099148699,3.887397710209,-12.5417434954458,35.5258323450906,0.0513922807089063,1013.543641438,1281.50109577223,0
2.91,3.88166981577034,4.59999990463257,0.254290687042867,37.1472780974614,-10.0216475138001,-3.64987457168874,1.29966514178358,-38.1861127755811,0.504641774676763,1.28394018540755,1037.01798752896,1289.47338966188,0
2.92,3.81277463456735,4.59999990463257,0.262341307928482,41.0470932892119,-8.88664645971214,-1.81263787369708,-3.3198967720438,-10.2450557134726,-40.9213476459314,2.68911377975985,1060.64427006024,1342.46847003244,0
2.93,3.8003863210387,4.59999990463257,0.47850717652492,41.5416940353597,-18.2748919859223,3.25228656705142,-1.96635241062552,44.9242157214072,-1.28459614556361,-2.01652383705952,1084.05551515025,1433.88782047023,0
2.94,3.7903444509847,4.59999990463257,0.191563808590167,41.1292167444873,-11.9292515919162,1.24769026736857,3.58075058354511,-1.21369491264686,42.8932826112819,-0.267247162189907,1107.4133741832,1546.45271342616,0
2.95,3.6929283319641,4.59999990463257,0.247794696477051,41.1631518303528,-8.01841301488662,-0.41100345955644,3.76395023523818,-14.042981333356,39.4003074458982,0.152451349903155,1130.73057428509,1656.7638069514,0
2.96,3.75715737874458,4.59999990463257,0.12902459436042,39.6618619494437,-13.7770357683609,-3.16218979757142,-2.15206689480172,-22.2019507309645,-35.5314234783295,2.24337496866822,1153.98317320213,1741.57887906278,0
2.97,3.62618856540259,4.59999990463257,0.22234893077301,40.7539946110652,-6.91293136833415,3.67316010969875,-0.927923892954143,41.5143566705949,-1.5572566146952,-1.7788695833862,1177.10333052516,1784.06680813812,0
2.98,3.6974914059078,4.59999990463257,0.40843831674212,45.5328177177238,-15.1357791196632,-1.99607686655807,3.13250352109711,-39.4066889827646,26.7457235456846,0.651220616904247,1200.13094630289,1778.30168158834,0
2.99,3.7836435871938,4.59999990463257,0.464196000177189,43.1561407665323,-20.2777264100305,-0.00671510489221627,-3.78056943076043,24.9731297343682,-39.8812121833097,-3.03318938191504,1223.15098649038,1730.75094309515,0
3,3.66730865847305,4.59999990463257,-0.037211303200434,44.7280747481529,-3.23937313457516,1.04759576830135,3.56007917567934,8.63633795535617,44.0006272901697,-0.266613989162923,1245.97404914974,1658.34902421347,0
3.01,3.54648042356219,4.59999990463257,0.184836731845352,47.8766884857995,-7.68501572138848,-1.76402760044578,-3.07070516152154,-14.9124233632342,-46.3031866066047,2.66695802630559,1268.67272428602,1583.69920423546,0
3.02,3.6912044207776,4.59999990463257,0.397730640923194,47.2902390435875,-16.4898719467674,2.08414579355414,3.02038371125799,9.86075948577711,48.9858883607214,-0.51662041604428,1291.27506332221,1528.7460114346,0
3.03,3.67740407253473,4.59999990463257,0.391139097874562,46.7035234593966,-22.6438792119674,-3.33067415942034,1.60140038528486,-51.7118480433887,-6.69021466532128,1.24771104419513,1313.83996899727,1508.68519483613,0
3.04,3.55117181746298,4.59999990463257,0.575061006556015,47.6486934938814,-20.7622348745503,3.59931593276391,-0.548419172080582,48.6951387831725,19.1281732915003,-1.60560256371828,1336.23393494396,1527.80968703453,0
3.05,3.52145723116408,4.59999990463257,0.232282846733955,48.4927773292609,-16.9280479169186,-3.41731484447287,-1.12684535904706,-36.861332615615,-35.2804577727063,1.98826503504768,1358.56182431763,1578.44729625626,0
3.06,3.59890375939841,4.59999990463257,0.294292346059012,48.1716787771729,-15.4055369292388,2.08524915950071,2.88500281115154,11.5365250113458,49.0074009071259,-0.537731758116003,1380.75543505476,1643.28070477233,0
3.07,3.55240842730751,4.59999990463257,0.365640394280882,47.5493823675326,-17.5387787522458,0.478769424484028,-3.52918980107931,29.2110591289566,-42.2587055691192,-2.90110299863558,1402.92865027185,1700.39432502126,0
3.08,3.73411133260686,4.59999990463257,0.410282549966495,48.2441061898202,-19.5591745709817,-3.15944812826604,1.74282241754231,-52.0821823061287,-0.441308364153247,1.18062307787985,1424.9883627924,1729.62985260655,0
3.09,3.73177950593191,4.59999990463257,0.471233617751401,48.1782105602896,-24.5300383948378,3.06504738705669,1.97716311565385,20.1854290479315,50.1105560057084,-0.859652452476408,1446.94716200779,1718.46594508138,0
3.1,3.44603061347895,4.59999990463257,0.222906674479346,47.4866108554069,-14.62018893173,-3.29271767727356,-1.33670132299187,-35.9528400377917,-35.1295963371912,2.04319115384528,1468.75929530781,1665.76968312189,0
3.11,3.58926169090636,4.59999990463257,0.0978828632546128,48.0776986630372,-0.495363296238939,-1.10072419204672,3.30906798945402,-15.385776311433,45.4675124610815,0.323594647367092,1490.63909346176,1582.36144883746,0
3.12,-1.26729795790506,-0.3710036277771,-0.0906403616426534,45.4965164657272,11.7021233530074,-1.29052358817563,-0.174691017505266,47.1241871207639,3.21259303222604,-1.25446148852557,1501.71827173529,1488.22477036533,0
3.13,-5.4458939687975,-4.59999990463257,-0.456716004073821,42.7019444174563,24.6021001031649,-0.91294329999602,5.39408312224634,-12.746873852768,-47.5475010461923,-2.88069617652513,1479.22410281193,1407.13008167468,0
3.14,-5.39098625500578,-4.59999990463257,-0.218476688985216,43.5656350742643,7.66553429279718,5.46374059034596,-0.181876688913736,-43.492053924424,8.02942138478972,1.56942290671652,1449.2332772176,1360.16450472621,0
3.15,-5.51387481033771,-4.59999990463257,-0.00039985665646583,47.9796236343,8.7656506297603,-2.7539747192079,-4.81595578694572,30.3073350233065,37.7569547567234,-0.483550415302787,1419.31595897707,1359.9667425028,0
3.16,-1.09787831042889,-0.104027442634106,0.116961870600386,48.1063872425914,-2.61518173451618,-0.5129583900734,1.03810945762732,21.8580629331694,-42.8256618493057,-2.72782681400767,1401.5361118494,1407.27120875468,0
3.17,3.54412071062245,4.59999990463257,0.14790810509952,47.9245458158573,-4.81878438510628,0.828009524706629,3.3666472634904,5.70977900513374,47.8761682575421,-0.21327027472031,1413.02725577618,1490.72296098473,0
3.18,3.51410244736275,4.59999990463257,0.0447193863623692,48.5758550801854,-4.50276720130108,2.49026219596639,-2.54432936482873,37.418658047779,-30.3649387599382,-2.34111528666385,1435.04118475308,1590.01414049077,0
3.19,3.53982322323541,4.59999990463257,0.079211615970766,47.7055750607771,-4.10528384901505,-3.33202719695406,-1.33746251488936,-42.6886637152574,-22.2484684754721,1.9753656596455,1456.94630416618,1681.46764683594,0
3.2,3.73715085780485,4.59999990463257,0.633574748360605,48.222895929354,-21.1368950561463,-0.187807697022996,3.58633617791389,-28.3614685558655,43.85232056184,0.169102948272606,1478.77746617417,1744.51281196209,0
3.21,3.61368712395287,4.59999990463257,0.500935386651881,47.6031250381839,-20.8433325469384,3.61164016235981,-0.104631280596495,45.7701701890584,26.0331980361682,-1.47733364078616,1500.56145668267,1767.25090026404,0
3.22,3.59592769002399,4.59999990463257,0.00377195728459729,47.9761374728501,-1.61981983109119,0.555281763916162,-3.3686065148365,10.4444177519728,-46.8937180477374,-2.96463779654036,1522.22742737075,1749.56419447666,0
3.23,3.53606940840961,4.59999990463257,0.116380720019266,48.5589777109531,-9.15706327266643,-1.49094060308412,3.2172946062721,-30.7530708333044,38.0057269768274,0.489256083029662,1543.80695658706,1702.90970573406,0
3.24,3.57688113227814,4.59999990463257,0.536743711284017,48.0754742762353,-21.9502699224112,2.58195222608866,2.47432429614675,13.2059720539544,51.0876367382991,-0.681287392948089,1565.3439910394,1646.86523721669,0
3.25,0.95653310334944,1.97985172271729,-0.11298861209641,48.0193339698225,3.64082706380726,0.923596801694679,-0.0461138545438324,47.0657817558196,-10.1836989074411,-1.7036500331819,1581.2072715672,1603.40288155446,0
3.26,-0.367882883689647,0.615633428096771,0.24495772782789,48.2952265280834,-14.1830600478348,-0.408926943943026,0.236647545548536,33.3808445389157,-36.8980456253208,-2.67272846336755,1581.81039102712,1590.49970741751,0
3.27,1.10388286258021,2.20405435562134,-0.220248530021361,48.0773988588219,6.14786797118511,-0.41526579525138,-1.01506015995561,-28.3028399000564,-39.2383684837268,2.64225669002125,1584.20419365992,1616.88019784263,0
3.28,3.76251876482238,4.59999990463257,0.585844727644732,45.4457576842117,-27.7409450546358,-3.7307151049844,-0.0620736894321249,-40.5931569002012,-35.3910288743828,1.74012692585687,1600.75184227857,1679.36835899326,0
3.29,3.31822497022618,4.59999990463257,0.132529769074381,47.8396328007375,-1.78192912273739,-2.83538357077106,1.93309979307399,-41.1195339806841,24.8425266596664,0.985856368806483,1622.05627524285,1763.59775021176,0
3.3,3.70824364849239,4.59999990463257,0.637218188039029,47.934791968287,-29.1425116421253,3.50023991540762,1.06898560257744,30.2340348609085,47.2476463200601,-1.11310170998834,1643.32152554685,1847.88874375146,0
3.31,3.55936512034747,4.59999990463257,-0.00920508514407745,47.6645349145803,2.8262781113715,3.53120996666216,0.0994245086499158,48.0362969406112,-2.04214813234498,-1.55570160246029,1664.48144538459,1909.21629446193,0
3.32,3.42392864504515,4.59999990463257,0.24078871635169,47.6112839372477,-12.8431907460534,3.22430672122584,-1.18155934472587,49.7079709132771,-0.47949587569037,-1.84351694809407,1685.56084309865,1929.60581652352,0
3.33,3.71903790486498,4.59999990463257,0.759654495641347,46.9895275869187,-36.5228720872686,3.08601560483943,-2.13507648211169,57.2307003270837,15.4639970713849,-1.97668344256079,1706.62184393359,1901.17301973806,0
3.34,3.47161205641867,4.59999990463257,0.153378601149817,47.6915953114627,-1.1453692693074,3.25885484245134,-1.37172907109496,45.1719861756774,-16.3346383090579,-1.95576819270118,1727.61498136331,1828.39983439443,0
3.35,-1.25761064125461,-0.179000690579414,-0.15480853900572,47.6315619931145,9.77789087710694,0.420715352345456,1.24922575653882,-18.0591521870617,-45.7759310164232,2.98799157206341,1739.54375769303,1727.00790384896,0
3.36,-5.80127746206835,-4.59999990463257,-0.129774725565576,47.8805895218629,7.00948459769259,0.396594490584407,5.69663064280309,-8.55936347539082,-47.6707074076297,3.09775680060072,1715.07486884646,1619.73886421652,0
3.37,-5.64788392638376,-4.59999990463257,-0.644792593209726,47.711191922415,27.7828896430116,1.40174900244808,5.42063792202707,-34.1880591523309,-43.3260791452252,2.98970782845748,1684.04931850952,1530.21227059072,0
3.38,-5.55059300852683,-4.59999990463257,-0.680628664343693,47.6855904333233,22.976651295003,3.03096017795114,4.71657817062505,-42.7149291163731,-31.7233576576865,2.65567508197013,1653.32624626912,1476.56710565493,0
3.39,-5.59509157503596,-4.59999990463257,-0.0752918325928381,48.7424446046037,2.826107290772,4.8770233181079,2.73210290679471,-43.1405051173404,-21.2882906919284,2.09594612003896,1622.59493957408,1466.65200979462,0
3.4,-5.39961414529562,-4.59999990463257,-0.695099523153143,46.1798696415382,22.7933356491008,5.20727624347463,-1.86448283074565,-38.6765307842347,33.5459970830357,1.31133556056725,1592.03330712882,1496.09622586134,0
3.41,-2.74638068618658,-1.78281807899475,0.0231260145297137,48.0926590650006,-6.5653066411635,-2.54810918988625,-1.13294504056559,42.3842208138817,23.3111138026405,-1.19202126293933,1565.82172896364,1549.78871156287,0
3.42,1.75887352585754,2.7565701007843,-0.0141406061805453,48.188978250436,3.01710675950308,1.3062058914193,-1.08618072048204,34.1569545877989,-33.8322730134031,-2.29511206193985,1565.97946825443,1606.34155562192,0
3.43,3.65587583010963,4.57113122940063,0.796126899494185,47.4817732271771,-31.9918525214287,-1.28511888622121,-3.44858783853528,22.5965618370765,-52.7410105819839,2.96006706176867,1583.80838965869,1644.28131340723,0
3.44,2.38282957671026,3.6364917755127,0.150984918794289,48.135035416426,0.844953803814908,-2.14829690719233,-1.20055081423247,-42.1195683776593,-23.0234524620758,2.07876415653912,1603.32574038863,1648.23054247353,0
3.45,-0.506873590336762,0.595333933830261,0.0576997898993245,47.7839844996315,-3.28486970649769,0.497949235932692,-0.0750823900731747,-47.1434370676436,9.59300239882527,1.30255234100379,1610.49419005245,1613.34599799197,0
3.46,-4.42032155055571,-3.40853977203369,-0.301346188908056,48.0394918177635,13.8280015583352,1.91043867528658,-4.06555915026435,-10.9386726938893,48.8106590347124,0.505715142642981,1596.89530642402,1546.7684140226,0
3.47,-5.43361124547617,-4.59999990463257,-0.693298829416653,43.59367296055,33.1344033090919,-4.78777857381218,2.71230759562591,27.5630840006082,-47.1715669904895,-1.96220281371395,1567.11611881829,1465.6751081137,0
3.48,-5.65338333173919,-4.59999990463257,-0.405677617935786,47.8065216577383,9.09240756826274,0.259000471450921,5.60556368266867,-9.74405803865631,-47.8997070702147,3.13102525995823,1536.84833414917,1392.47724389583,0
3.49,-5.51425976951306,-4.59999990463257,-0.354256672300917,44.2017643765142,19.8245340488446,5.46874132252242,0.400679196527757,-46.2941504216742,13.039574620381,1.71897402798682,1506.54225955794,1348.50299682994,0
3.5,-5.49129842387991,-4.59999990463257,-0.532360190807858,45.4155893572057,26.4402487186462,-0.0598872648918898,-5.52940506263637,21.9279698679016,47.7196356633268,0.085778591276618,1476.44923346009,1347.93282321276,0
3.51,-5.47572248759448,-4.59999990463257,-0.338221075552104,44.8195585903326,20.109321478871,-5.2963179978046,1.47658694221212,39.8983446304886,-28.0547347009019,-1.76792769597026,1446.37567598161,1393.68480069044,0
3.52,1.3673394944139,2.32420563697815,0.0711411789278221,48.1210902748242,-12.8591990588378,-1.01605868260194,-0.920725404848616,-18.9363785985161,-45.8654495039807,2.49374774131753,1437.18666736679,1476.40554655728,0
3.53,3.61083251915153,4.59999990463257,0.299513675194854,47.9994522657017,-12.1274773638117,-1.54462755989829,3.14038398824827,-34.9493902853031,35.1463054865047,0.53060109626595,1457.20025426509,1576.85688438925,0
3.54,3.49510851369229,4.59999990463257,-0.0408005272277671,47.9060335957664,-2.19990950807967,1.23976275629039,-3.33767558158254,18.8419722972194,-44.1808292399266,-2.77433571310169,1479.08684662106,1671.04172552442,0
3.55,3.45541390228249,4.59999990463257,0.327309183931149,48.0502492478805,-13.0185944991615,-3.43465001039606,-0.752796895881638,-42.1240315272523,-26.5259578117959,1.86454155913566,1500.82900003708,1736.64879599647,0
3.56,3.58001379302868,4.59999990463257,0.575476601812795,48.0352768773519,-20.9751685969335,-0.922570819784841,3.46543014424883,-37.2984156264388,36.7965895693699,0.379693411540224,1522.57107353062,1759.02807466315,0
3.57,3.40259325104314,4.59999990463257,0.0679974100824929,47.7971960340831,-1.74076851320536,2.79101533979519,1.94259333872399,37.5060368346119,30.056113095316,-0.946516569902206,1544.18795028388,1735.03976555292,0
3.58,3.54856987159309,4.59999990463257,0.152107689474607,48.190859636198,-15.3825097152053,2.80838015867778,-2.07250623150853,49.0828673926345,-11.5961898008954,-2.11474976542559,1565.63318683601,1673.71274984085,0
3.59,0.463287742233329,1.4965785741806,0.125373355262661,47.878262407584,-6.69322884655146,-0.1343291395269,-0.390835483129333,7.36188712279231,-47.9250091303966,-3.13104389877154,1582.47401539951,1593.5381906969,0
3.6,-4.59390723957928,-3.61501169204712,-0.341933960667132,48.1641733073574,19.3229866448161,2.46819792087848,-3.86277142786998,-14.3462446963087,49.4587171248957,0.652983205593191,1569.09448215115,1517.16195358303,0
3.61,-5.48266038632949,-4.59999990463257,-0.312056986324819,45.9428292259969,16.2640948722327,-3.02409440210735,-4.6124931353492,36.7083438719418,31.7454593426879,-0.518541529910864,1539.32676512833,1464.96395558981,0
3.62,-5.66795544673489,-4.59999990463257,-0.455391096200982,47.8517369741821,14.2528705841361,-5.2465430605128,2.19995497284416,40.230729518146,-30.1528408189377,-1.91191147308394,1509.09253146522,1449.32129854946,0
3.63,-2.62433818040084,-1.57766938209534,-0.315007011411915,47.7372555241176,11.9142679294262,1.14052764484082,2.25659039987656,-28.5689723260117,-39.8239667748605,2.77467983136979,1486.90733560372,1471.15896575538,0
3.64,1.20424095355974,2.25825524330139,0.189160431831923,48.0726030143306,-9.80100479489543,-0.98299463640302,0.735313969736907,-47.0711293871325,13.5747161559664,1.08870581620649,1485.27059344155,1519.75096497428,0
3.65,3.63269254374966,4.59999990463257,0.263878394600075,48.2880486849878,-19.5956098068104,2.17092932366602,2.89198819681499,7.71742186387761,51.1988379874312,-0.533940910075133,1502.86339790797,1575.82509744306,0
3.66,3.45721823504581,4.59999990463257,0.0103250355964422,47.518857595444,0.521441950627282,-1.23013380639766,-3.25598921930567,-17.6415126913167,-44.6450341007683,2.77848270190021,1524.60546095152,1617.10008252373,0
3.67,3.50816190919427,4.59999990463257,0.35571194721776,47.9353460024298,-14.0356247739778,-3.42364051220006,0.655562263075271,-49.2301586846517,-9.3398236837627,1.46717362720613,1546.17084377048,1624.70274216611,0
3.68,1.32691478967785,2.36061668395996,0.30378693123597,48.0746300474621,-11.462769546628,-0.167283770651025,1.31767877327787,-25.9740213976,42.0910004435441,0.309305574139452,1564.08576465361,1588.66555482672,0
3.69,-3.97410810210039,-2.9388062953949,-0.232191638197242,48.1590412898083,17.4090780217451,-3.06878605386673,-2.47626139180058,46.585597600638,20.9298525894583,-0.799975295914505,1556.83341095628,1510.96026298416,0
3.7,-5.44164298220663,-4.59999990463257,-0.485357288893044,43.3882815788382,27.5767916235548,-4.55257503162707,3.06108758442172,25.3567859752227,-44.7520320230404,-2.058371227352,1527.52356922444,1405.21012693768,0
3.71,-5.54096652107317,-4.59999990463257,-0.203807708483413,48.0759363366217,9.68451913681447,2.32389853731386,5.05796742451693,-26.6627735650958,-40.8753054919503,2.74521600350609,1497.41554353782,1293.15013651519,0
3.72,-5.50533964533174,-4.59999990463257,-0.316981203953484,47.4438400981349,16.7570839175801,4.60104551147626,-3.09794823816874,-32.1139491003081,38.8837864231429,1.044526457919,1467.19585792141,1198.81233102237,0
3.73,-5.40061985956373,-4.59999990463257,-0.543632545999236,40.616793375207,18.9992741355269,-3.45752583695464,4.18198219726659,14.5900144489466,-43.0217833784374,-2.37698816578383,1437.27659488841,1142.04889638019,0
3.74,-5.33110268122083,-4.59999990463257,-0.467323508462238,41.2122804725565,17.0863281776609,5.3818750080468,0.69395586033115,-43.8984114198222,9.13002826720808,1.7658996886292,1407.44724784894,1133.19147057736,0
3.75,-5.45102479899643,-4.59999990463257,-0.32454966473023,41.9856899002736,17.113799614145,-3.3253366303466,-4.29049342339017,37.5722044073926,24.6057326628481,-0.592779398722933,1377.72313121418,1170.32919716238,0
3.76,-5.46279000450799,-4.59999990463257,-0.276577243976963,40.7769112777639,18.1364672427176,0.512491117875065,5.38764506785562,-18.7069659970691,-40.0759515647687,3.11416698496421,1348.10043898643,1239.95865331419,0
3.77,-1.70836151073268,-0.937991976737976,-0.0389354851968904,42.9119927599212,8.78522564035154,0.400316535431008,-1.73963456571779,-5.29714066920292,43.0780495934198,0.328472374280727,1324.29081526719,1320.81940342335,0
3.78,3.04648534904793,4.07863664627075,0.192580577249732,48.3677767386049,-4.39228967335267,1.76348747456194,-2.57963074354379,30.8636498824942,-36.9266549484855,-2.51786437241012,1332.33386059351,1389.84175337433,0
3.79,3.54218216593823,4.59999990463257,-0.0481265797211386,48.3115323840968,-4.49790950367144,-3.02687832741737,1.85698735296344,-43.6669126359572,20.3762521577086,1.04606291814148,1354.51618729795,1428.54588576625,0
3.8,3.18816362148289,4.21215724945068,0.0785059692596068,48.1006630175377,-4.63290728679973,0.317561914701144,-3.13001373957023,10.7163798820337,-47.0023540787042,-3.01047234530761,1376.50077901062,1428.10782846305,0
3.81,-0.192536538068636,0.782029211521149,-0.302596622168119,48.1897116776311,5.42345763737535,0.0808997940570804,-0.239823916435744,-31.8427887811883,36.4330622596257,0.844877190030143,1386.3581185125,1391.68209182547,0
3.82,-3.72744650634734,-2.87737226486206,-0.435441321942677,47.0184483636372,12.0198914291057,-3.78715690794765,0.295997091752746,46.1347727575827,-11.9570597557541,-1.58637609924787,1375.40741159575,1333.33869333535,0
3.83,-5.38073075531488,-4.59999990463257,-0.261191749543189,45.5104914339814,16.0628961587538,4.8670478932099,2.56618551126808,-47.0671419774692,-9.62363557936154,2.11818084288611,1348.06530328804,1273.91921564736,0
3.84,-5.48670291420413,-4.59999990463257,-0.320637864357095,47.9483238480937,11.9137334309065,-3.66059710578874,-4.16295088068349,39.2736441928737,29.4133292200669,-0.674287181738692,1318.5922430529,1234.97808642558,0
3.85,-5.34718320134909,-4.59999990463257,-0.267124853138407,40.699762641166,9.34076537957603,2.96658496852052,4.52338106249881,-29.5982121558257,-29.9233342549889,2.60021295398457,1289.17949265894,1232.51084797413,0
3.86,-1.28102825333484,-0.439871102571487,0.0486261259971986,42.0479164312326,0.415224369535829,-0.719472660561442,-1.05307141290959,23.7728425328839,35.1243863971962,-0.595273691978866,1271.57704705572,1272.23123994212,0
3.87,3.5680131607868,4.5818920135498,0.142962971925552,48.554850699162,-13.9112708199949,-2.80320448672598,2.29529286795814,-46.7183285533477,16.993610572608,0.958648917407616,1280.81767749471,1347.72665853568,0
3.88,3.69379886547568,4.59999990463257,0.097169572272787,47.6705603146258,-2.90594301746966,3.04827473182848,-2.00819386357652,42.0818383212,-23.2673143804862,-2.13563257625804,1303.48882733032,1442.01764947652,0
3.89,3.54222644303383,4.59999990463257,0.208282325702887,48.119476683963,-8.39453613630945,-3.30098497042101,1.3776024705639,-47.6320669961895,9.53803776323427,1.21879714462351,1326.04366081316,1532.09598081661,0
3.9,3.62294463216301,4.59999990463257,0.028672332564848,47.7886601263739,-9.51320881594689,3.53046081543804,-0.112081044053793,47.7336216163633,10.9954884605812,-1.54513847616296,1348.44423513931,1595.18308175827,0
3.91,3.58479512291429,4.59999990463257,0.196488417332148,48.4384199381676,-11.3715580503491,-3.11954071336825,-1.7052429891269,-34.3305111257737,-35.4454197753929,2.13812709317779,1370.73931760747,1614.96875888305,0
3.92,3.52350551581514,4.59999990463257,0.348426466753015,47.8926530068247,-11.1357562541206,1.23598021234014,3.2543273635253,3.84032275960527,49.0390344385051,-0.298486309635765,1392.96357486627,1586.09370488424,0
3.93,3.48697734012266,4.59999990463257,0.0359006853695025,47.7055426854013,-3.83241767663225,1.80316931333328,-2.97737407913333,29.192204551025,-38.3075550214456,-2.57266550719941,1415.11445503114,1515.62747213038,0
3.94,-0.823092404518093,0.138023748993874,0.00673586809952997,48.0325892929421,4.53984364971544,-0.0212218744180033,-0.869930463385096,0.407982555048571,48.2102052112601,0.0853358630821005,1428.86565445109,1421.13010588948,0
3.95,-5.39088580512483,-4.59999990463257,-0.421822348233202,41.4473449236043,19.3705427497423,-4.55964443331308,2.94071083136743,26.9512221854437,-36.6976041166464,-2.06947877812472,1407.34665127775,1325.83708397992,0
3.96,-5.37264674346846,-4.59999990463257,-0.421420479571339,42.5829037620209,14.9425182914116,5.29424801311319,1.21991115762225,-44.3656014980187,2.50945310050706,1.85450822249458,1377.59485485991,1252.30807176069,0
3.97,-5.40597898007107,-4.59999990463257,-0.293962101181808,38.6489578814218,15.3703939564908,-3.79378842034167,-3.81449398552769,37.5285626178983,19.1717861719402,-0.722462054042787,1347.92235591385,1216.30679195255,0
3.98,-5.37729301654114,-4.59999990463257,-0.254462676726001,40.8316964578556,18.6690057459236,2.34499803727994,4.88370273231144,-32.5824487791612,-31.0829183890868,2.76671621089221,1318.31143139036,1222.612968811,0
3.99,-3.60448829180372,-2.62485980987549,-0.165417872079383,47.6504380879897,4.83113779389979,-0.951821662190708,-3.43717182295828,15.9782507196187,45.200657098697,-0.241145941421619,1291.37073926182,1263.92643340428,0
4,1.40127751661045,2.23952174186707,0.28978032910117,42.9280680189923,-11.0341470606755,-0.532891747593677,-1.31300524104632,1.14437758909196,-44.107448107536,2.9145683267853,1288.4320334553,1323.15913042346,0
4.01,3.70649325614908,4.59999990463257,0.587290951591413,44.4621994488993,-19.4119083933487,3.6810146861952,-0.675607731204321,45.9577610867427,15.8062141657424,-1.64746906027053,1307.12100953155,1378.46429387027,0
4.02,3.62419684775814,4.59999990463257,0.361293387750334,46.2866020934669,-21.2066024475041,-3.70417541735357,-0.158709876643593,-42.5148451941847,-29.0940510334783,1.73358291119663,1329.63449209862,1409.58771470282,0
4.03,3.21503519499013,4.27637672424316,0.362952892009382,48.046595441716,-13.8092535751665,2.89252960525899,1.51441625058702,33.3109383536761,37.0552925503901,-1.00386029737754,1351.86474053441,1403.75719896433,0
4.04,-0.49945934635468,0.342527687549591,-0.177659422305884,44.1246301764612,7.31854706928471,0.375482259602341,0.384828680578172,-26.8675852202037,-35.1515513867848,2.66913313920175,1360.75687191602,1359.45596358532,0
4.05,-4.81517409891856,-4.02696704864502,-0.279334458396203,39.7943656186144,15.3830389979159,-0.158700481349008,-4.81523364705237,14.6503124844715,40.2537438192735,0.0363509166147687,1345.49276457431,1287.01761400741,0
4.06,-5.38771879589478,-4.59999990463257,-0.21221677845515,39.7143722810316,14.9461026928911,-1.63741674679243,5.13581586585501,0.367596815974665,-42.4995256155672,-2.7751024689675,1315.98108729455,1205.86920389655,0
4.07,-5.53265156826115,-4.59999990463257,-0.347220483788867,43.6213942275275,17.4109797843937,2.20482223531383,-5.01170191971091,-4.99758005203573,46.9059117270362,0.480298398389808,1286.45718128929,1139.18648502001,0
4.08,-5.34092644550626,-4.59999990463257,-0.387949151882027,37.6997200043454,8.10532811400477,4.88578778087176,2.15795054891253,-37.4627061709792,-8.99488173998524,2.01943995554162,1257.22463921226,1107.44998390708,0
4.09,-5.27095474593499,-4.59999990463257,-0.581884127930015,37.8475875885997,21.6555195627379,-5.34939194150333,-0.255517712727307,40.1183208025218,-16.6926484256875,-1.43875938400528,1227.84200964596,1122.69963548244,0
4.1,-2.7076023892626,-2.01049757003784,-0.218632005587225,37.7730232716569,9.12235173461623,2.4705110468936,-1.23663582002434,-31.6078410116302,23.0273008482059,1.17506357855364,1201.89055526328,1185.09297741005,0
4.11,3.78198088219529,4.59999990463257,0.325386563865292,43.3159285413993,-11.4968835495716,1.78380172580274,-3.29643480019199,33.5764243023765,-30.568660237098,-2.57885277533147,1208.81197028092,1282.73106822031,0
4.12,3.63343801023444,4.59999990463257,0.252886642249481,46.3085184002173,-17.4969477364017,0.0528484172015412,3.70794725256682,-21.483184558312,44.5946125986951,0.083512212557887,1231.80769155217,1394.8061451863,0
4.13,3.63261825726042,4.59999990463257,0.258620949600002,45.7886729609631,-6.24441068330607,-0.964944874319212,-3.57390509822348,-4.1526227085615,-46.0439786901273,2.91397034828832,1254.71937916352,1497.19958042469,0
4.14,3.58094176513082,4.59999990463257,0.178503431255992,47.4783672059232,-12.4614902159747,1.54139600260932,3.25700479424147,6.01279267605941,49.1716105304538,-0.371503163843024,1277.429314677,1568.97620592125,0
4.15,3.71433734758845,4.59999990463257,0.265285929321839,44.6919099950562,-16.7038828808861,-1.59269342546614,-3.37523814620625,0.370933396944208,-47.975766812084,2.79267263735055,1300.10797247567,1597.97202361449,0
4.16,3.59723935489926,4.59999990463257,0.489940620452433,46.2100738406104,-20.6331712162044,3.63439715612074,-0.755263513590326,48.0901617310895,16.6100101278668,-1.6612879991121,1322.70506100046,1583.92617335944,0
4.17,3.63553646408157,4.59999990463257,0.440477805395285,47.8551533188606,-21.6999369319308,-3.6188220285205,-0.532811306691798,-40.9094348734291,-32.7123796462839,1.83345013245179,1345.12748960343,1538.29389810055,0
4.18,3.66150318287793,4.59999990463257,0.231074948876802,48.2270232214939,-18.9697299180778,2.83493405532166,2.26409896478992,20.9291703759444,47.0974842852823,-0.790877432201551,1367.39516430812,1480.80363592055,0
4.19,2.86065242003429,3.80607843399048,0.0913772834537843,48.0000864513487,-15.9518934580586,-0.631782688849674,-2.76875422316171,10.3751384682718,-49.4500643468993,3.03081675006747,1389.037557558,1433.72966993844,0
4.2,0.362402627706272,1.40521514415741,0.00240003397556166,47.8561808198838,-2.70592229205972,-0.189392293739217,0.324647417181285,-32.7616808546005,35.2141842861281,0.685661068705873,1397.57575988152,1415.488436191,0
4.21,1.24659432133027,2.25276827812195,0.155093976637644,48.1828281808088,-10.4036756963074,1.2990588136386,-0.265371922429746,48.3528237399565,7.68689896340964,-1.61998533851101,1402.83638934033,1435.35393374255,0
4.22,3.71199230121457,4.59999990463257,0.463288190202159,47.1615261071087,-25.4969754767632,-2.78299278800724,-2.45112274891574,-11.5943592409361,-52.2273195698816,2.43134274513871,1419.29495728665,1490.77346218953,0
4.23,3.59822849955501,4.59999990463257,0.0375283292772524,47.6858661381156,-17.3994890291293,3.41970894121414,1.13052500388861,36.630845761157,35.6961094611764,-1.15094818354272,1441.32333170225,1568.03692673513,0
4.24,3.46049350185703,4.59999990463257,0.376673712074496,48.0539685832148,-13.5968560588667,-0.0333379262683995,-3.51998643191284,16.8728188397277,-46.9305113434378,-3.07127596100981,1463.26503813366,1646.11451915783,0
4.25,3.64474671644623,4.59999990463257,-4.35830161318717e-05,47.6030717835492,-0.544075976460952,-3.53123782857485,0.430474005323186,-47.6821106266124,5.51737047754321,1.45229973160199,1485.20182629632,1702.59078080964,0
4.26,3.46086529097197,4.59999990463257,0.416738655165572,47.7688859973138,-15.3543054450969,0.812999764068905,3.4002821985098,-7.57870649167534,49.6481288090574,-0.147176603618714,1506.96112453944,1720.03554732693,0
4.27,3.54362177789067,4.59999990463257,0.507979774664074,47.8253971981721,-22.1893079002689,3.5490703501694,-0.512692493686985,48.3566479258269,21.5788127175866,-1.58702947641628,1528.72406062705,1691.02817454213,0
4.28,3.40608556450492,4.59999990463257,-0.0283052593440268,47.8683268255229,-0.822385471589881,0.923425388201091,-3.37241512310706,13.718893857382,-46.0043836990164,-2.86806848478343,1550.3557259604,1620.42548729379,0
4.29,-2.71804093177154,-1.68539464473724,-0.252544971735294,47.9142458943993,16.5552305339198,1.54802908322863,-2.15819108154074,-20.2908919817637,46.838353872189,0.755931714143669,1555.23268563649,1524.23173802867,0
4.3,-5.63795148283932,-4.59999990463257,-0.238971695789511,47.8869445601968,9.69646676122663,-2.86978121539177,-4.77430679305409,31.9423452181158,37.2197439928864,-0.502232563115297,1527.99276049847,1425.37622024024,0
4.31,-5.60686738588549,-4.59999990463257,-0.468481298160978,47.8093406087876,18.9642776853885,-4.96453532034981,2.57023911354742,36.690845677943,-36.0944028871324,-1.97877193945751,1497.73728607952,1347.56663262639,0
4.32,-5.47484822024731,-4.59999990463257,-0.348449746508843,43.317969856026,19.5386230444354,3.12221697731028,4.47557830203036,-38.742415632817,-26.9738157889863,2.60691477502496,1467.747099428,1308.92309878362,0
4.33,-5.48037703778852,-4.59999990463257,-0.685710021088389,42.4784467497987,28.8716377596067,2.9959238530347,-4.57554008306416,-4.7068749179726,51.4223331159794,0.689419722101517,1437.70968592063,1317.15906971409,0
4.34,-4.72836652089971,-3.79311966896057,-0.405802302898386,41.6351415860321,17.686701430712,-4.62703718294423,-0.200367706479063,43.918290056731,-12.5873759417737,-1.44693677834652,1408.33914098749,1367.64404925702,0
4.35,1.67066641975524,2.62176632881165,0.347002974864103,47.103199513866,-14.4728113184089,-1.18411510393461,-1.25571080205296,-14.199234417754,-46.8715396313676,2.55249613549238,1403.07615642491,1444.87956447383,0
4.36,3.68747016149447,4.59999990463257,0.223671131370934,48.4164792645886,-15.397005970674,3.41741159463427,1.14913521894214,37.8727685276003,33.2191099609357,-1.15918857863766,1423.52203848704,1526.96832946899,0
4.37,3.54981040788128,4.59999990463257,0.41070218996292,47.7752238139483,-16.7660883038746,-0.598815639957377,-3.51347517699581,14.0911759336895,-49.075178643016,3.07334557947695,1445.52109910544,1591.82268516232,0
4.38,3.40989938216864,4.59999990463257,-0.0271757743741711,47.8208089401339,-1.32507411781065,-3.20514302227205,1.34576868579122,-45.0403986190582,16.6670173523985,1.18393164148394,1467.53626072348,1623.37485510655,0
4.39,3.70508434186124,4.59999990463257,0.00716701444659526,48.2192951592405,0.559755737883737,1.86856371355823,3.09126005233265,25.4400832689886,40.7091808325411,-0.544800122669973,1489.38501484832,1616.0532433105,0
4.4,3.6825843333228,4.59999990463257,0.388340227605615,47.3433152048737,-23.6938483069874,2.88804440735421,-2.30818390917349,53.1507589421868,-4.10789724825953,-2.11351329745031,1511.17904485222,1576.27535001198,0
4.41,-0.709630097023707,0.364228546619415,0.00442524308100652,48.1619435521991,-5.7882011239539,0.149846765651838,0.6339292693082,-13.730918365536,-46.3513001816623,2.7345145838618,1521.24107549402,1520.54302384932,0
4.42,-3.74112125965914,-2.70119261741638,-0.406574215647834,47.5642696916645,14.7308981398222,3.43740888023384,-1.3206110246162,-42.1005298837553,26.840727465267,1.28209010565328,1508.31686067834,1470.67646030087,0
4.43,-4.01462916151345,-3.06988286972046,-0.321107524170465,46.034982166049,18.3750364933221,-3.77819589525344,1.31247767300063,40.6957351072915,-29.3508944867751,-1.80756309175619,1486.49567448129,1447.52409972872,0
4.44,-1.72479449861621,-0.79313188791275,0.0466757474065243,47.8279435764453,-3.75569687936582,0.620824480047615,1.6069165240555,-15.5546981839869,-44.8284009568343,2.73975218082129,1470.68072353871,1464.91274643276,0
4.45,2.37253296642175,3.42591047286987,0.0967509226818886,47.6609336957843,-12.0222291938842,-1.79540718327924,1.59318881566731,-46.316913243333,17.713516976155,0.951717191448417,1474.0582034179,1525.53649842394,0
4.46,3.49298853893792,4.59999990463257,0.0207007240183113,47.7495571472637,-0.260248526510021,2.35122495519594,2.59038642610555,31.8855346956213,35.8806493838927,-0.733368578974772,1495.30111557871,1619.94273970876,0
4.47,3.58461051625566,4.59999990463257,0.311682855936828,47.6922878141514,-9.26217552947256,2.59498586546936,-2.393939620145,43.115713675063,-23.1425090553945,-2.25911041334548,1516.98831333296,1728.90930961853,0
4.48,3.62057364182892,4.59999990463257,0.430748003080692,48.1829975245034,-24.0459175847573,-2.08808904193986,-2.95533702881657,-1.7391219722898,-53.3131293033911,2.65764097749643,1538.73711773104,1828.56024824689,0
4.49,3.41350505284597,4.59999990463257,0.0747826045091034,48.1907953961681,2.21180801841851,0.138227304532425,3.48778068039567,4.6764084789083,47.8245557185317,-0.05065775273158,1560.36667109328,1896.80251791971,0
4.5,3.58065278161554,4.59999990463257,0.507774723000227,48.3989109203691,-22.2155327067892,3.47284000465178,1.25251551461265,32.3482380976362,41.7795459866689,-1.10025282788535,1581.8439401727,1919.2964026656,0
4.51,-5.68137552562599,-4.59999990463257,-0.0710220254972625,47.9787727450096,7.31744213301446,-4.69688937991162,3.21830694891693,36.2277815522991,-32.4151214364581,-2.14177557321859,1557.38999515056,0,0
4.52,-5.48025945049225,-4.59999990463257,-0.404133878969858,44.8054692865612,20.5444959349578,1.83534956126424,5.17178800358953,-31.7336376455868,-37.5427383134858,2.87975622890046,1527.07462376714,0,0
4.53,-5.55014833000826,-4.59999990463257,-0.43952440871455,45.8435513145273,24.2857083108851,5.32542664165722,-1.44139898772843,-40.8547981253041,31.4364221974996,1.39638157413924,1496.79793716834,0,0
4.54,-5.43204612141773,-4.59999990463257,-0.00150373529025491,44.6088587119173,9.48607579297886,-1.85404579283848,-5.15455907013456,22.6460051478063,39.6607853511375,-0.307680187594971,1466.86430536848,0,0
4.55,-5.67723282056001,-4.59999990463257,-0.169017397878545,48.1859966740658,14.0137746140006,3.36364543866,4.47862279213463,-38.523391980226,-31.9644454105475,2.5511334302588,1436.92095421239,0,0
4.56,-5.58424973105218,-4.59999990463257,-0.22196127470393,47.0964830450661,15.5889821523914,1.89199137841661,-5.20199591770002,-4.40004637619099,49.574460351778,0.40850923537067,1407.04108679601,0,0
4.57,-5.3556536638099,-4.59999990463257,-0.429683216879912,43.0693966181464,19.32681458101,-4.89923800616234,2.39711032547256,32.7083455714286,-33.8148913036029,-1.9524073840399,1377.32098005476,0,0
4.58,-5.55806332211304,-4.59999990463257,-0.413363930171459,44.8236467944677,17.7665112762588,5.44488004571527,0.619404274421561,-46.8477148679864,9.63562579713093,1.75254463179688,1347.7293091922,0,0
4.59,-5.6114182728387,-4.59999990463257,-0.314135064126493,47.1833916762945,13.3002604955693,-4.90345426602799,-2.54167480805882,46.9987798646258,12.2918408888445,-1.04231316300036,1318.26103081012,0,0
4.6,-5.31169667516216,-4.59999990463257,-0.0370415963487288,39.6604818313774,7.45786098587612,4.34987245609924,3.15433052332514,-36.0921890263981,-17.9267903108477,2.23002058974823,1288.91763641657,0,0
4.61,-5.26084851192335,-4.59999990463257,-0.376855967539563,37.320467265948,20.2059189313986,-4.68730261953408,-2.55495803133589,41.7446789427985,3.88110260288984,-0.996172702783868,1259.44942352512,0,0
4.62,-5.30483444736099,-4.59999990463257,-0.187364243687651,37.080333354517,15.7914917721526,1.49553856712789,-5.12210802514944,2.22330625944366,40.4337126094548,0.345428536243932,1230.31529619211,0,0
4.63,-5.52546145511405,-4.59999990463257,-0.120662314054741,44.1684209876066,9.6877043866739,1.10850458607228,5.34702205675069,-16.4658531025797,-41.6888575300483,2.97347166982864,1201.07127093032,0,0
4.64,-5.22490883787469,-4.59999990463257,-0.603525859691136,33.4217876799549,19.4454817657875,-4.34190524013957,-2.96698005364373,37.9532374774669,5.70481655792441,-0.895398566220622,1171.89942025006,0,0
4.65,-5.48064194197213,-4.59999990463257,-0.105420980534893,36.8562116829509,15.8642544220423,5.04243081193822,-1.70653763837853,-31.2957231249726,24.7204826698712,1.3058160054854,1142.8614677215,0,0
4.66,-5.26810793490462,-4.59999990463257,-0.280786170876003,36.1097310431447,16.9509513565577,-0.474589438971977,5.27996557821988,-10.5092046520265,-37.5851890753328,-2.98868520698001,1113.90023426103,0,0
4.67,-5.32302131653123,-4.59999990463257,-0.174281999989373,36.7212276816609,10.8988992440233,-5.04713184540969,-1.65418278969759,37.7738869485854,2.78838065132273,-1.21214673985448,1085.10106245093,0,0
4.68,-5.25411357137208,-4.59999990463257,-0.215771934566097,31.0278703056131,10.0724156622748,1.60761316283548,-4.94082165045337,-1.73998884198802,31.9902700401756,0.352769372608217,1056.27652045691,0,0
4.69,-5.25661322106663,-4.59999990463257,-0.430298771424274,30.8551931405653,14.8124740747744,5.18885338314782,0.398463552637995,-32.4982771745838,10.5019209960867,1.70662028661875,1027.37816077509,0,0
4.7,-5.31693030012046,-4.59999990463257,-0.0246303757868182,28.95966660057,9.48359549786492,1.67995886733223,4.89625768089789,-17.6506745903605,-25.6654588967612,2.84971619172487,998.75847578343,0,0
4.71,-5.27760346259992,-4.59999990463257,-0.266023517032207,30.5531965765442,8.59475070949916,4.06107620694061,3.2529982763845,-29.3026688964877,-13.5315172525279,2.28188323954027,970.141813260501,0,0
4.72,-5.14908653823146,-4.59999990463257,-0.248821463849624,31.3114394400218,11.7176769431771,0.947318246402825,5.12874818973133,-15.6335748380428,-29.6838094683312,3.00476943833998,941.458166247703,0,0
4.73,-5.14025364676094,-4.59999990463257,-0.254004641815578,31.4573639588139,11.4895556109886,-1.69514253423385,4.93423730736069,1.03474748101694,-33.608463434292,-2.76498129285723,912.889673957923,0,0
4.74,-5.16056440596637,-4.59999990463257,-0.197448187280802,28.8140626550756,8.98016091261218,-3.09785762617633,4.1382314153952,11.0353804300033,-28.7940491426367,-2.46037586657761,884.500966985586,0,0
4.75,-5.02774057482648,-4.59999990463257,-0.24621970518137,25.2936131112558,7.95586200339083,-3.44226832455075,3.75857395838486,11.7695522226517,-24.4995334808883,-2.36412944697545,856.163222261999,0,0
4.76,-5.01294620421699,-4.59999990463257,-0.0275521539522026,21.2607057838895,8.1325358519312,-2.95856944794575,4.0367958176428,6.87610495388715,-21.5012251561432,-2.47604210856051,827.689470057324,0,0
4.77,-5.18484116066052,-4.59999990463257,-0.281366550362532,28.3651899946905,6.65886302622594,-1.60620303682552,4.89150633123793,3.0185286743615,-29.0705610450824,-2.79552391099312,799.414981250725,0,0
4.78,-4.98728626459128,-4.59999990463257,-0.256434860242625,23.2115056549929,8.13162625408896,1.06381904155662,4.9237814230385,-11.6663621769827,-21.0433092604432,2.96090391406412,771.161382719278,0,0
4.79,-4.95035522504653,-4.59999990463257,-0.155352734258663,19.7808057801049,5.83672347798575,4.00878351393526,2.94406512102077,-18.9258056304157,-7.68128747069415,2.22750603801405,743.098011806812,0,0
4.8,-4.96316139479079,-4.59999990463257,-0.113428180684873,22.2361266810258,4.49118685902181,4.8021268580764,-1.50212563603435,-20.3673985847874,10.8649954983036,1.2876591338669,714.949338264311,0,0
4.81,-5.02742181510511,-4.59999990463257,-0.0918599508544579,22.6050316446766,6.49800054351714,0.5948460385227,-5.00304687766908,2.34628514430411,23.4781391303631,0.141875003571253,686.856012846281,0,0
4.82,-4.93589696585313,-4.59999990463257,-0.135044021363859,19.9312577853479,5.68329962495813,-4.69828582250673,-1.6325140199105,20.6696790708068,0.948130021677311,-1.2094892244735,658.87887118969,0,0
4.83,-4.8616696693405,-4.59999990463257,-0.127884471476668,17.2495620010449,5.49580889735148,4.48943716778257,2.03111154719148,-17.8065777639478,-3.07755713225614,2.01663370604823,630.964990254306,0,0
4.84,-4.88037129313712,-4.59999990463257,-0.102161301254374,15.1743814643231,5.15315081139295,1.13840405102231,-4.75265366478539,0.689762285890161,16.0735240099375,0.255692211238815,602.945363366916,0,0
4.85,-4.98549053962596,-4.59999990463257,-0.0094757190305417,17.2536953157226,7.34065376504575,-4.86229822754161,0.824036100849126,16.4065110534585,-9.42783379462655,-1.70903434569691,575.269956788988,0,0
4.86,-4.98666147401244,-4.59999990463257,-0.191869168563823,14.4608063197537,4.94663576555194,3.34818636869571,3.54816612103633,-13.5543697647391,-7.89741568690344,2.40574116738145,547.424683155507,0,0
4.87,-4.74242421272609,-4.59999990463257,-0.113159707529966,11.7321804590892,5.46236403074651,0.0478061292684421,-4.81164388936608,5.2762725921936,11.7907310684283,0.0344040205972309,519.954095902059,0,0
4.88,-4.81389242870194,-4.59999990463257,0.030964999577143,14.9926076220684,2.22230261208872,-2.70960789383256,4.05124254487741,5.96520438562609,-13.8050581922688,-2.53937250463877,492.315906846949,0,0
4.89,-4.85580556778876,-4.59999990463257,-0.0511782733583064,12.4777023749244,4.46434397318737,3.92911742084769,-2.82074885376889,-8.03208725794647,11.0410899034907,0.967875058518365,464.67828469271,0,0
4.9,-4.73473428407134,-4.59999990463257,-0.160608783050328,12.0937127199745,3.24176414768107,-4.3260639095541,2.12110780278354,9.1557916271125,-8.62990782201429,-2.00957901168305,437.266015150414,0,0
4.91,-4.87935434371155,-4.59999990463257,-0.00954911860235647,11.7204765565319,2.51336052624858,4.24906300465788,-2.25171607621271,-9.03079638686059,7.60784221670667,1.09507742922839,410.022259439973,0,0
4.92,-4.56627205281757,-4.59999990463257,0.067074382256649,7.3955245053167,2.73642464747226,-3.52467280884453,3.15511330091904,3.22946051292392,-7.8559720052197,-2.28404788565171,382.626558482154,0,0
4.93,-4.76371450219553,-4.59999990463257,-0.118698548810952,9.15998949476904,2.87418260831095,1.87985953629144,-4.37743010480645,-0.685768235921045,9.84156599673418,0.420642648924708,355.142932609806,0,0
4.94,-4.82807931119956,-4.59999990463257,-0.054990104887581,8.14604464754295,3.32218005212835,1.07179838889313,4.61490210210137,-4.41441233512275,-7.1808364645371,2.92565949672415,328.362115328881,0,0
4.95,-4.66243600283394,-4.59999990463257,-0.110463097990119,7.69132431761156,4.36937973602697,-4.15304485805208,-2.27446715947679,8.93720091876502,0.0965050842655444,-1.0507108061005,301.063325032404,0,0
4.96,-4.68458296378133,-4.59999990463257,-0.010644319493407,4.13632767170926,3.84923537006221,4.01948388847748,-2.36070829761055,-1.63221836094359,5.51386437987423,1.05749955449212,273.935050432076,0,0
4.97,-4.743794593842,-4.59999990463257,0.0307202207850141,4.24309133221368,3.85148233449734,0.887894658685581,4.57323956121862,-4.83622084573527,-3.19999216395372,2.96839584918673,247.172291909232,0,0
4.98,-4.67147241650613,-4.59999990463257,-0.0675810164860833,2.97701442206518,1.21851342652761,-4.64384660078707,0.165247542541002,3.39167926363252,-1.33669967080386,-1.60061883969229,220.377945262499,0,0
4.99,-4.56821652172537,-4.59999990463257,0.100758219885036,2.69275195465819,-0.442754637470648,-0.385273940131103,-4.61890762196803,0.302417596903445,2.82705797316548,-0.0825224179993913,193.499847769804,0,0
5,-4.68073310491441,-4.59999990463257,-0.0787448683932878,4.03200966269315,1.53469534752345,4.40082738331268,-1.52350554425856,-3.52123797775186,1.90277836155615,1.24071974773875,166.774691461359,0,0
5.01,-4.63446866746245,-4.59999990463257,-0.101120024993938,2.2504673813299,0.790195036607009,3.24593781305755,3.29955392100205,-2.39921209573046,-1.17886742168838,2.36847718041009,141.060146157228,0,0
5.02,-4.55431766519657,-4.59999990463257,-0.0338880316066619,1.70298381062963,-0.481022202418333,-0.734815684578402,4.5543827284273,0.506856623769084,-1.70049031089383,-2.98239029779588,113.788193383895,0,0
5.03,-4.40790166411654,-4.59999990463257,-0.00876803637128902,-2.6694910869763,-0.196784629581232,-3.56127651095192,2.7968190549471,-1.41807375668387,2.22825117011657,-2.24021559216897,88.4897878886108,0,0
5.04,-4.66493743320121,-4.59999990463257,0.0624244413916064,0.242645025372238,0.699956335646771,-4.54079599176729,0.565969753194944,-0.142073530033515,-0.264076082664779,-1.69343611977548,60.545583179005,0,0
5.05,-3.11237294928878,-3.08797383308411,0.0829791976706841,0.521546181742019,0.411625177526286,-2.98749548686309,-0.715392913052892,0.288018615018464,0.0590045357086046,-1.33559704289691,38.9493282287763,0,0
5.06,-2.04414726593077,-2.02635192871094,-0.111135457378075,-2.02266881207951,-0.04609146278228,-1.75506542063017,-0.891050768097508,-1.69148654534654,-0.661390263029164,-1.10268639704586,25.585782253522,0,0
5.07,-1.32752503608255,-1.33597600460052,0.0228055334563297,-0.89951785219411,1.29909137285495,-1.06911017424217,-0.72535996414545,0.0353341907114216,-1.9858800786933,-0.949297563365167,16.8721073756594,0,0
5.08,-0.825099464937585,-0.88183468580246,-0.145565441077469,1.33480748267823,-2.99992138681072,-0.622637898347426,-0.6274797217044,-1.12019013804879,2.93816092646861,-0.848086145476391,11.1391748992161,0,0
5.09,-0.612063135442065,-0.583138108253479,0.0236554155371578,1.92400563516443,0.125447710691241,-0.413583403733434,-0.424553303683255,0.917278158513827,1.3028127678918,-0.781190215781326,7.36901938029651,0,0
5.1,-0.380159602202488,-0.386375278234482,-0.048381585787871,-3.82147303939271,0.578060739432617,-0.206679427243721,-0.214387515653542,-1.91499518930484,-2.77565542547927,-0.736912539689422,4.88147989439674,0,0
5.11,-0.168962386625904,-0.261423081159592,0.0658335377288937,-3.35601578371967,-0.143353755323431,-0.119056284188607,-0.131046631642838,-1.83183592462715,-2.5507691562538,-0.707291680373093,3.31104831424743,0,0
5.12,-0.13121711725402,-0.178463205695152,0.147223843417615,-2.80466573520429,0.195236371034193,-0.0644209857326595,-0.0768813284401931,-1.74769303901864,-2.20747130688484,-0.687143562804655,2.25627134019426,0,0
5.13,-0.172054787603217,-0.119756013154984,0.193359186831094,-3.10180179547423,-0.252967555646026,-0.0278835869556423,-0.0330961062090332,-1.66076504432782,-2.16965418046657,-0.673489802834343,1.51621343459829,0,0
5.14,-0.0965642257337182,-0.079586535692215,0.223923683821605,0.780240926354701,-0.91814600405385,-0.0331292443931911,-0.0709792557553161,-0.12563347361869,1.27840024772928,-0.66437047434762,1.00665787991691,0,0
5.15,-0.0404339907408731,-0.0537246689200401,-0.177193417432603,0.819328617276332,-0.926785323236623,-0.01691388146378,-0.0530825398176812,-0.131559162583654,1.39562467532064,-0.658272861677252,0.680041220287103,0,0
5.16,0.0754394403057062,-0.0365581102669239,-0.060810436862591,1.07908821233214,-1.08798947153524,-0.00587406248611186,-0.0431667274182984,-0.15615602748265,1.5769457779223,-0.654131718654657,0.465257055710546,0,0
5.17,-0.00608079159671423,-0.0251620709896088,-0.129414171389331,1.07781853961986,-1.47937985962959,0.000894027819769366,-0.0361952468373941,-0.147540089941368,1.68024988507222,-0.651291645638367,0.319102225660303,0,0
5.18,0.0722579616067235,-0.0183767676353455,-0.107711674907426,-1.7701597145794,-0.487128935714332,0.0288211798033662,0.0352072843414673,-1.33810153328214,-1.62026563119145,-0.649316865865197,0.247605284580342,0,0
5.19,0.0874312146933547,-0.0184186585247517,0.0777708015647393,-1.2766778503185,-0.0570889970594419,0.0128329256192356,0.0281407023616004,-0.540182882634572,-1.2686615406187,-0.647483667371557,0.239021531703675,0,0
5.2,-0.0630553630075454,-0.0195304155349731,-0.00271759076681815,-0.166972294268736,0.0661545213238421,-0.00323916184579633,0.012397589391208,0.22964426596496,-0.525941401741706,-0.645734949756473,0.262841761696374,0,0
5.21,0.0206817268921562,-0.0197590813040733,-0.0354631056356297,0.60891902538764,-0.0191117171952133,-0.00738392969442366,-0.00492114555888724,0.429600170359388,0.330922949006925,-0.64378098897795,0.256596882904996,0,0
5.22,0.0641324029112178,-0.0159915406256914,0.0051187213628497,0.904877521216511,0.4340219612888,-0.00702683283484513,-0.00906547244649136,0.524308543917427,0.689073287678857,-0.642078895492281,0.205200686617862,0,0
5.23,0.0608047989661823,-0.0132936341688037,-0.0834710057520894,1.22175987674621,0.0864078383166251,-0.0141590728651254,-0.00988808999691269,0.961265982497506,0.838449754372821,-0.640717138746615,0.172686311645084,0,0
5.24,-0.00984242837453848,-0.00983058288693428,0.0694833646562166,1.65599133115975,0.516703777880338,-0.0124734934784903,-0.00825245144572009,0.9799460179164,0.895851211574351,-0.639638414976892,0.122337674893615,0,0
5.25,0.0269849208150167,-0.00705849984660745,-0.00159778749846118,1.10866708869525,-1.05202806290826,-0.0119889370958846,-0.00674811578264365,1.03798474197247,0.932159128108223,-0.638863322503942,0.0866976545691611,0,0
5.26,0.0152179277988338,-0.00480621820315719,0.0168047033702032,1.31840176464107,0.407988290285881,-0.0114896510610937,-0.00548562740713922,1.07979526636034,0.959701113243406,-0.638320628924584,0.0606596245118358,0,0
5.27,0.0178997821913654,-0.00313708768226206,0.121082074838985,1.31465257275437,0.0598696153167307,-0.0111518458112787,-0.00454326187373383,1.11234891361592,0.979806535978459,-0.637945512986618,0.0424375670948225,0,0
5.28,-0.00489896718415986,-0.00216197711415589,-0.010559448375296,1.56386032658921,0.228625663088036,-0.0109686498653657,-0.00388066963627933,1.13202106331521,0.985987534475779,-0.637687702475506,0.0299728975180114,0,0
5.29,0.0453541877816623,-0.00145233527291566,-0.0904591438064141,1.81221027599057,0.197973162124805,-0.0107108938846167,-0.00340274850689508,1.14010877994297,0.990706347268555,-0.637508274164438,0.0209423149720326,0,0
5.3,-0.0804917814814955,-0.0010104140965268,0.0365123845444534,1.75646031623093,0.767029142645387,-0.0108013778630999,-0.00309552140677641,1.1576866158485,0.993169493467295,-0.637389175655943,0.0155791422419693,0,0
5.31,0.0158645993102385,-0.000689049426000565,-0.0879926349516224,1.63910415941621,0.216191505759328,-0.0107292362927891,-0.00287941464251931,1.1635699672547,0.995328615696335,-0.637304822293859,0.011474155846735,0,0
5.32,-0.0776709922231072,-0.000502040493302047,-0.106809668856484,1.58955436105912,-0.182985323989766,-0.0108044837583816,-0.00274499073664157,1.17284903994504,0.996155313165839,-0.637248527009752,0.00904954395004008,0,0
5.33,-0.0981168690261031,-0.000362287304596975,-0.0749768756873771,1.56428658068819,-0.312584622559389,-0.00884968529709282,-0.00232725641617641,1.07921605223232,0.980933719959123,-0.637209513473014,0.00168586318875603,0,0
5.34,0.0251361846249489,-0.000304720510030165,0.0140394756447202,1.21382199040268,0.523955647541762,-0.00900330159104379,-0.00227814040384633,1.08858900673552,0.980805005171658,-0.637183965117791,0.000898718363666799,0,0
5.35,-0.0821668494881472,-0.000257509382208809,0.0852292584781871,1.41413397169018,-0.654988836240009,-0.00908057943176237,-0.00224805906021574,1.09384195006675,0.981208852551063,-0.637165333017181,0.000264699684168299,0,0
5.36,-0.0240861001579115,-0.000234539504162967,-0.00273986574080388,1.42318501262406,0.0145978580143131,-0.00917025055629546,-0.00223569390499219,1.09899858426999,0.981520700827435,-0.637152438404799,-6.27941230780412e-05,0,0
5.37,-0.00391470127826976,-3.06241636280902e-05,-0.0171532495234213,1.05553813331411,0.840280450296817,-0.00934598684632858,-0.00223436176040138,1.1138463804259,0.989652045592261,-0.637144896221835,4.72304052712147e-05,0,0
5.38,0.0391202334987047,-4.31083171861246e-05,-0.199258302741006,1.2960192760437,0.661005108946094,-0.00947739573511566,-0.00224493403673835,1.12004156666795,0.98968090512017,-0.637139066493059,0.000161448402114694,0,0
5.39,0.0274829221858665,-4.72856554551981e-05,-0.146550001894624,1.59842991837029,-0.410191488357962,-0.00955698745733844,-0.00225292814192527,1.12389349792129,0.989914985175254,-0.63713419861815,0.000185174816594114,0,0
5.4,-0.0803331629115995,0.000159007671754807,-0.0651743118912451,2.12813647572648,0.00649858828653854,-0.0097403381656851,-0.0022722349801149,1.13919725128373,0.999170401706531,-0.637132180580789,0.000592589202674987,0,0
5.41,0.00815543584639086,0.000118278985610232,0.0558901109636732,1.39308577903178,-0.166368554385828,-0.00992721402693336,-0.00229554073867653,1.14733047408379,0.998697403787781,-0.63713101169841,0.00105390409670773,0,0
5.42,-0.0371270482754172,0.000112993227958214,-0.161119052125881,2.26044923820094,0.441955391005173,-0.00997709639125903,-0.0023064990224588,1.1496655107752,0.999034245824755,-0.637128276804356,0.0011009380380916,0,0
5.43,-0.0536994218622249,8.14247687230818e-05,-0.0118755568362195,1.87597007836347,0.425582376106001,-0.0102136336960824,-0.00233545975139034,1.16055621800401,0.999210178394505,-0.637128906723309,0.00176324169511857,0,0
5.44,-0.0168825691902265,4.76480199722573e-05,0.0458140613011261,1.37850946112782,0.751238305580764,-0.0103586506009536,-0.00235836647061576,1.16680334877326,0.998996821794612,-0.63712825877112,0.00214741315014928,0,0
5.45,0.00692995156101585,9.47045464272378e-06,0.0997440905252729,1.76523050258034,0.338153609671026,-0.0105167704346426,-0.00238345366898586,1.17357511958644,0.998715095339584,-0.637128008816447,0.00258403578343434,0,0
5.46,-0.081924648327352,-9.70733162830584e-06,-0.0946161144047504,1.75970243144632,-0.370531849744965,-0.00863796806364796,-0.00207575885215976,1.07904780392658,0.982584432509078,-0.637127593854813,-0.00276477859082098,0,0
5.47,-0.0492564714914701,-2.9589980840683e-05,-0.107237695457679,1.58321983974204,1.2657620112135,-0.00872564153858441,-0.00209574169366334,1.08283990514327,0.9827844182196,-0.63712638719032,-0.00254273310483259,0,0
5.48,0.0251653808631952,-8.82225212990306e-05,-0.0246599915378298,1.16409730635032,1.18506008454436,-0.00895864886572462,-0.00212432885838849,1.09274985251736,0.981853680215491,-0.637127700887708,-0.00186374298992336,0,0
5.49,0.0404916627005304,-0.000115042246761732,-0.219585885812622,1.71997447941614,0.47934696393037,-0.0090688360859525,-0.00214822599801081,1.09746176543494,0.981969787719614,-0.637126944357568,-0.00155990025556286,0,0
5.5,0.071062111577717,6.36796467006207e-05,-0.0953844488850282,1.35150003364863,0.211067291202989,-0.00922500165483564,-0.00217104009462331,1.11058769494714,0.990291700972554,-0.637127018466504,-0.00112312065341625,0,0
